[0.70036453 0.86420751 1.26920402 1.58538604 1.74986911 1.80843306
 1.5368154  1.17557311 0.93918443 0.70727473]
[-0.48875114 -0.7016629  -0.98730928 -1.24833894 -1.44575346 -1.48454106
 -1.24642527 -0.89021343 -0.71441263 -0.52890545]
[0.04666989 0.13811137 0.20981073 0.24298054 0.21132028 0.23962498
 0.22502343 0.32780606 0.25058261 0.22180118]
[ 0.89808327  0.67000121  0.45084807  0.19613838 -0.08429515 -0.19753547
 -0.43548888 -0.66317689 -0.78504837 -0.78849679 -0.82887602 -0.8920536
 -0.92151815 -0.91431999 -0.89414173 -0.87649679 -0.9341225  -0.91717845
 -0.87087214 -0.79892504 -0.64599073 -0.40754265 -0.23340648 -0.01596138
  0.10850194  0.09809189  0.11699253  0.29560319  0.31936643  0.15218747]
[-0.36374414 -0.20495717 -0.06571389  0.03796885  0.17867197  0.28768051
  0.39899912  0.49529603  0.56549829  0.64548856  0.69106954  0.75966007
  0.82318288  0.8344909   0.78802925  0.78973049  0.75136507  0.67435241
  0.64441699  0.54531759  0.41045269  0.263035    0.12689629  0.02377518
  0.0049937   0.05413564  0.16219036  0.26910371  0.4625186   0.67779887]
[0.52737916 0.63096517 0.7108022  0.68973953 0.67760372 0.66553283
 0.66616255 0.60932922 0.67661273 0.65495795 0.49861282 0.38600037
 0.30868179 0.1895238  0.11090811 0.05635382 0.04408626 0.02180506
 0.09589069 0.12877536 0.25351378 0.44811544 0.84005541 1.22739887
 1.72316635 2.27143335 2.75893593 2.87717724 2.80820799 2.37258887
 1.80118418 1.2558217  0.92306888 0.60100752]
[ 1.53312302  1.19541812  0.8411836   0.49559534  0.30155411  0.06107826
 -0.19814916 -0.36020532 -0.53569829 -0.73075426 -0.7825588  -0.74973059
 -0.85644066 -0.95328361 -0.94458145 -0.89889765 -0.9409495  -0.85191667
 -0.79476607 -0.7652396  -0.72291726 -0.61882126 -0.51845974 -0.43894511
 -0.28339258 -0.1902068  -0.02922617  0.05258457  0.2465784   0.31213635
  0.29480416  0.23722796  0.20908463  0.14731908]
[-3.26256919 -3.33967233 -3.39990425 -3.43290281 -3.40916514 -3.30981445
 -3.17079616 -2.98879123 -2.69112301 -2.35446835 -2.09896398 -1.8580662
 -1.54320526 -1.2531389  -1.0027777  -0.72265512 -0.44761255 -0.22056228
 -0.07805777  0.04414655  0.17500311  0.29856217  0.41245478  0.5434469
  0.62535238  0.70227748  0.73897469  0.75529271  0.69428021  0.67753899
  0.72222894  0.69210446  0.6577872   0.58222264  0.53788489  0.51018113
  0.44513738  0.47627175  0.50591451  0.49226627  0.53477228  0.63289452
  0.74369562  0.94944704  1.22672725  1.54307103  1.83275151  1.93208611
  1.84931231  1.61427486  1.33442605  1.05283964  0.90684772  0.79721844
  0.75747651  0.73219818  0.76763177  0.83407807  0.93642479  1.00280619
  1.03879833  1.09963155  1.21297526  1.28400981  1.3242147   1.33806014
  1.3756597 ]
[ 1.35707355e+00  1.54862976e+00  1.72457600e+00  1.93085992e+00
  2.07467484e+00  2.15789247e+00  2.18598342e+00  2.08313012e+00
  1.88092828e+00  1.64449799e+00  1.43594670e+00  1.36748016e+00
  1.44146907e+00  1.69635701e+00  2.00113058e+00  2.21154714e+00
  2.32417703e+00  2.32959628e+00  2.37195706e+00  2.26797915e+00
  2.13692260e+00  1.96307230e+00  1.69944513e+00  1.40234208e+00
  1.19736862e+00  8.92619967e-01  6.11825466e-01  3.72734427e-01
  1.80668980e-01  5.66126953e-04 -1.62509397e-01 -3.52748603e-01
 -5.11065125e-01 -6.94086134e-01 -8.11433256e-01 -8.68415952e-01
 -9.71749783e-01 -1.02312315e+00 -1.00653052e+00 -9.70432758e-01
 -9.31579232e-01 -8.94132316e-01 -8.46329689e-01 -7.67102003e-01
 -6.61025524e-01 -4.80884999e-01 -2.70369381e-01 -1.31661057e-01
  4.48471382e-02  2.46314064e-01  3.81278366e-01  5.07392645e-01
  7.34315515e-01  8.66491497e-01  8.42189312e-01  8.07383299e-01
  7.30238020e-01  6.40238404e-01  4.89018887e-01  2.60106564e-01
  6.17552325e-02 -1.67232618e-01 -4.05567586e-01 -6.05981529e-01
 -7.77160406e-01 -8.95517707e-01 -1.07648921e+00]
[ 0.69881326  0.76685995  0.8103776   0.7906338   0.79545295  0.75953633
  0.71381116  0.69098145  0.65111029  0.59008151  0.51101691  0.44815537
  0.33619675  0.24693261  0.08537297 -0.09043805 -0.22502758 -0.3737489
 -0.5898298  -0.81007695 -1.02545369 -1.29222751 -1.5465374  -1.72263503
 -1.92472124 -2.08631158 -2.22952461 -2.38755751 -2.55613518 -2.63295245
 -2.63158011 -2.56944442 -2.49191594 -2.32290101 -2.11806059 -1.91301572
 -1.67686951 -1.36818278 -1.12351084 -0.91693532 -0.69009411 -0.47065878
 -0.28637967 -0.10183971  0.07037592  0.19389358  0.27607867  0.3666186
  0.50654131  0.63546938  0.721672    0.81377918  0.85897249  0.8810882
  0.82887048  0.85145026  0.86099339  0.83059382  0.8238616   0.79236174
  0.71757472  0.65591568  0.60981244  0.60163146  0.59435213  0.56235623
  0.53465247]
[ 1.48253238  1.26544535  1.06030059  0.84922075  0.6660623   0.44970351
  0.23065102  0.07705758 -0.08635849 -0.23812003 -0.35597241 -0.49362096
 -0.62027872 -0.69690537 -0.80227351 -0.89683831 -0.96393132 -0.98594421
 -1.04614103 -1.03693092 -1.01837397 -0.97293454 -0.93832093 -0.87989879
 -0.82516849 -0.71772367 -0.60149348 -0.48726749 -0.36434674 -0.19421726
 -0.00765113  0.1623175   0.32905266  0.46754771  0.55806243  0.6704374
  0.7360965   0.75140643  0.74239922  0.72316307  0.65523636  0.55113387
  0.42530426  0.28146935  0.09589619 -0.05803448 -0.21888644 -0.39531535
 -0.58534414 -0.72937524 -0.80389792 -0.90634644 -0.97607219 -0.99276197
 -1.03871036 -1.07515121 -1.07150531 -1.02137625 -0.98584843 -0.93537891
 -0.82744521 -0.72164786 -0.63591391 -0.57531416 -0.49172634 -0.35734409
 -0.2049339  -0.053656    0.13493483  0.30205444  0.50721884  0.741418
  0.99226075  1.23222458  1.43693745  1.6271987   1.82938862  1.92287409
  1.96993971  2.00648499  1.94562006  1.86651039  1.84487963  1.92877328
  1.98126817  2.00768113  1.94320536  1.82376969]
[ 1.43938911  1.24576604  1.04123092  0.81176531  0.61051649  0.40853965
  0.19755705  0.02311856 -0.1214086  -0.2806851  -0.38951972 -0.5168134
 -0.6364271  -0.69817144 -0.82891047 -0.90878493 -0.9414115  -0.98159617
 -1.01938283 -1.00919914 -0.99446762 -0.95389926 -0.94341379 -0.8701933
 -0.80065125 -0.70462614 -0.58373439 -0.46238345 -0.33679178 -0.17753212
  0.00514167  0.187526    0.35114589  0.45531395  0.56459624  0.66555214
  0.71430987  0.72763008  0.71912807  0.6988641   0.63474619  0.55029941
  0.41450194  0.26107833  0.1000265  -0.04458444 -0.22978714 -0.40626496
 -0.56924623 -0.69614911 -0.79530853 -0.88974804 -0.93727821 -0.98564166
 -1.03005362 -1.04267454 -1.02468669 -0.98904884 -0.94074106 -0.88265562
 -0.81039762 -0.72037065 -0.61850393 -0.54432601 -0.46296644 -0.34601563
 -0.17667845 -0.00949967  0.13557711  0.3386648   0.52484012  0.73534101
  0.97927719  1.24067521  1.45009792  1.62864363  1.77693129  1.91351688
  1.95528638  1.98189688  1.94751012  1.86868846  1.84985781  1.92377722
  1.98982859  1.99698019  1.92599905  1.81628251  1.66182506]
[-0.42668918 -0.56864434 -0.61392081 -0.70739621 -0.79182553 -0.8268795
 -0.85573381 -0.88691694 -0.90961385 -0.92902088 -0.91439319 -0.90359205
 -0.85878485 -0.78308368 -0.6806944  -0.56160849 -0.45428526 -0.31362513
 -0.15386215  0.00472489  0.13409013  0.30317211  0.43567041  0.54705316
  0.64038646  0.67186648  0.69096416  0.67829835  0.67176968  0.62373471
  0.5445438   0.44441733  0.32402226  0.12337281 -0.03212261 -0.16246462
 -0.3103539  -0.49907795 -0.65078801 -0.7405861  -0.85343361 -0.92108077
 -0.9633739  -0.98733419 -1.01416302 -1.0112226  -0.99998844 -0.97103041
 -0.9309063  -0.88243634 -0.82048267 -0.74407101 -0.64318943 -0.54363489
 -0.44420221 -0.31684285 -0.15991881  0.02430806  0.19331959  0.36382172
  0.61300224  0.87675792  1.0989449   1.29054356  1.5124886   1.70625114
  1.8758117   1.98582828  2.05747557  1.99467885  1.89587009  1.87065661
  1.930462    2.01436114  2.05520892  2.0381763   1.89899766  1.74312174
  1.55026233  1.38274562  1.23562872  1.02565312  0.77833366  0.58187449
  0.41769156  0.24266542  0.06624737 -0.13979222 -0.32012686 -0.46858931
 -0.60784638 -0.7563864  -0.87970638 -1.0348345 ]
[-2.23173881 -2.25992465 -2.26910162 -2.27206564 -2.27895713 -2.27014256
 -2.24633455 -2.21694088 -2.1615057  -2.081846   -1.9945358  -1.89378834
 -1.76580918 -1.6382488  -1.51902783 -1.38321972 -1.24546885 -1.10595071
 -0.98151541 -0.84958303 -0.71688443 -0.59002829 -0.46592548 -0.33140975
 -0.20558096 -0.074641    0.05978471  0.18901075  0.31201437  0.43248829
  0.56035787  0.6686787   0.77375776  0.87896889  0.99869877  1.09538925
  1.20160043  1.32325721  1.44943428  1.55177784  1.62762868  1.70113409
  1.73793161  1.76447487  1.75308418  1.6948365   1.60503864  1.51626241
  1.41894627  1.29636753  1.16946828  1.02950454  0.90004277  0.78133082
  0.66501856  0.5547592   0.47707415  0.42329028  0.38312489  0.35142845
  0.31937733  0.29234752  0.27680004  0.25893745  0.22986403  0.18747407
  0.15776387  0.12205186  0.07881284  0.01932626 -0.03770029 -0.09898002
 -0.15643421 -0.19836858 -0.24603638 -0.28820419 -0.31674305 -0.34393227
 -0.3758072  -0.39408177 -0.42018241 -0.44742247 -0.47002992 -0.46951979
 -0.46143481 -0.43994215 -0.40361232 -0.37441468 -0.35884032 -0.3399311
 -0.30597189 -0.27951819 -0.26469728 -0.26946273 -0.28484261]
[ 1.31703711e+00  1.44977522e+00  1.54197085e+00  1.61213970e+00
  1.68721688e+00  1.71910250e+00  1.71938205e+00  1.69730675e+00
  1.63988292e+00  1.57768381e+00  1.51080561e+00  1.44659185e+00
  1.39942896e+00  1.35828745e+00  1.29494452e+00  1.23279238e+00
  1.16755700e+00  1.08007324e+00  1.00145555e+00  9.24345434e-01
  8.39691460e-01  7.57091820e-01  6.61009431e-01  5.63920319e-01
  4.77081776e-01  3.90403479e-01  2.87862033e-01  1.96809411e-01
  1.15819216e-01  3.19410525e-02 -2.99010891e-02 -1.00330412e-01
 -1.71495974e-01 -2.36337900e-01 -2.87153572e-01 -3.37757111e-01
 -3.76894861e-01 -4.04562563e-01 -4.33777511e-01 -4.44100231e-01
 -4.56024200e-01 -4.69032109e-01 -4.64279354e-01 -4.53189373e-01
 -4.40571427e-01 -4.20079768e-01 -3.80604029e-01 -3.34846497e-01
 -3.05435538e-01 -2.64642864e-01 -2.29892135e-01 -2.12150499e-01
 -1.76056862e-01 -1.52995199e-01 -1.49029687e-01 -1.67173639e-01
 -1.97694317e-01 -2.33859897e-01 -2.72621095e-01 -2.99575597e-01
 -3.36504877e-01 -3.82730156e-01 -4.02606666e-01 -4.25104916e-01
 -4.49300081e-01 -4.47458297e-01 -4.47726220e-01 -4.45475966e-01
 -4.54015493e-01 -4.36583668e-01 -4.08481359e-01 -3.78227472e-01
 -3.48364234e-01 -3.13614726e-01 -2.82158315e-01 -2.53256381e-01
 -2.26579919e-01 -1.80195883e-01 -1.44957140e-01 -1.00711919e-01
 -4.67302874e-02 -1.02378498e-03  6.51410148e-02  1.34002954e-01
  1.94850132e-01  2.76643902e-01  3.46094072e-01  4.24532056e-01
  5.02056062e-01  5.98969102e-01  6.94840312e-01  8.09083939e-01
  9.43656385e-01  1.05926347e+00  1.15810466e+00]
[-2.23057568e-01 -3.43211442e-01 -4.99852538e-01 -5.57050228e-01
 -6.39890671e-01 -7.32505858e-01 -7.64449060e-01 -7.92413890e-01
 -8.21118176e-01 -8.43727291e-01 -8.73454988e-01 -8.60714316e-01
 -8.58859181e-01 -8.22538257e-01 -7.56859899e-01 -6.68809235e-01
 -5.34926534e-01 -4.31649625e-01 -3.02656084e-01 -1.48416787e-01
 -1.54196547e-04  1.23136081e-01  2.76182443e-01  4.16002691e-01
  5.30285060e-01  6.17624223e-01  6.65155530e-01  6.67458713e-01
  6.67301714e-01  6.61006212e-01  6.36681080e-01  5.70240259e-01
  4.67652828e-01  3.56898844e-01  1.59858748e-01  4.28470504e-03
 -1.24888562e-01 -2.70515323e-01 -4.62653875e-01 -6.12014651e-01
 -7.17275381e-01 -8.35882485e-01 -9.19930220e-01 -9.53014672e-01
 -9.87629294e-01 -1.02080905e+00 -1.02111292e+00 -1.01785302e+00
 -9.96118188e-01 -9.65814769e-01 -9.18251097e-01 -8.60424638e-01
 -7.95154870e-01 -7.05237448e-01 -6.11042678e-01 -5.16977727e-01
 -4.09166664e-01 -2.46276632e-01 -6.93137124e-02  9.91090611e-02
  2.62353122e-01  4.94293571e-01  7.60573566e-01  9.66143966e-01
  1.15478706e+00  1.38387501e+00  1.59728658e+00  1.77300489e+00
  1.91445756e+00  2.01119924e+00  1.98366702e+00  1.88707948e+00
  1.84834254e+00  1.88233745e+00  1.97373664e+00  2.04955220e+00
  2.04771209e+00  1.94934714e+00  1.79390109e+00  1.62133646e+00
  1.45997465e+00  1.32181346e+00  1.13064015e+00  8.81261170e-01
  6.62769198e-01  5.10088325e-01  3.23605388e-01  1.52081758e-01
 -5.00154123e-02 -2.43317232e-01 -3.85024250e-01 -5.16530752e-01
 -6.74544692e-01 -8.03964078e-01 -9.58153129e-01 -1.09644020e+00
 -1.21467137e+00]
[-4.74849403e-01 -2.91524917e-01 -1.62302047e-01 -4.79944423e-02
  4.30610143e-02  1.27511859e-01  1.88666910e-01  2.57444263e-01
  3.43095273e-01  4.46550280e-01  5.57245851e-01  6.45998299e-01
  7.23572910e-01  6.94091439e-01  6.61917150e-01  6.15703404e-01
  6.25243247e-01  6.50084734e-01  6.46542132e-01  6.58129394e-01
  7.32928097e-01  7.55808055e-01  8.86266887e-01  9.82627511e-01
  1.10355628e+00  1.20812321e+00  1.38404322e+00  1.60088933e+00
  1.81627679e+00  1.96350873e+00  2.01750946e+00  1.95452964e+00
  1.76241648e+00  1.52340782e+00  1.30899978e+00  1.16375601e+00
  9.95241284e-01  9.08475220e-01  8.15772474e-01  6.98567629e-01
  6.54562891e-01  6.56454861e-01  7.25156367e-01  7.26437092e-01
  7.25236833e-01  6.96524203e-01  7.07827091e-01  7.10121751e-01
  7.27044523e-01  7.16431260e-01  7.31639683e-01  6.77665949e-01
  6.59166038e-01  5.76225936e-01  5.39072752e-01  4.53642815e-01
  3.62769276e-01  2.67678976e-01  1.07117087e-01 -5.43898251e-03
 -6.50981292e-02 -1.98674396e-01 -3.08328986e-01 -4.78246629e-01
 -7.02254534e-01 -9.18675900e-01 -1.04508841e+00 -1.20529974e+00
 -1.31291795e+00 -1.36949670e+00 -1.45414734e+00 -1.59043348e+00
 -1.68643188e+00 -1.72751033e+00 -1.75853932e+00 -1.77597141e+00
 -1.75411606e+00 -1.71709573e+00 -1.67715955e+00 -1.57865512e+00
 -1.38866138e+00 -1.23294616e+00 -1.11337852e+00 -9.92850006e-01
 -8.54727030e-01 -7.17119396e-01 -5.91250896e-01 -4.71240669e-01
 -3.65087152e-01 -3.03644806e-01 -2.20998615e-01 -1.14182062e-01
 -1.42334972e-03  9.80733857e-02  2.04582378e-01  2.75491953e-01
  3.26976061e-01  3.15929502e-01  3.30097944e-01  3.43938321e-01
  3.29422653e-01]
[ 0.94788086  0.88390839  0.75833094  0.66462582  0.55579817  0.40584472
  0.31127092  0.18890385  0.04786373 -0.09501263 -0.27714494 -0.5243969
 -0.79627389 -1.07127702 -1.36386228 -1.66396499 -1.91736507 -2.13792992
 -2.4378562  -2.73531246 -2.96387553 -3.13080978 -3.29757404 -3.3808012
 -3.41903543 -3.43929553 -3.42881179 -3.33107758 -3.21146917 -3.03323483
 -2.7505548  -2.45904326 -2.18974829 -1.86783898 -1.53331399 -1.21781766
 -0.89148962 -0.56957942 -0.33413535 -0.13671634  0.01612328  0.20643908
  0.34063792  0.48885974  0.63402903  0.79440629  0.88285387  0.93879586
  0.99275273  1.03501236  1.03490019  1.05263841  1.09433758  1.07162988
  1.02768016  1.00301206  0.94775563  0.87828463  0.87178701  0.93048018
  0.97327203  0.96808773  1.01244521  1.09246802  1.13562858  1.33001542
  1.55328     1.76686764  1.96481574  1.99122214  1.83656108  1.49658632
  1.14178991  0.86487019  0.67688894  0.55407208  0.45568621  0.41431987
  0.41374719  0.44380581  0.49940383  0.57943988  0.65187514  0.71382678
  0.81957006  0.90695292  0.92779458  0.88511294  0.93144643  0.94029087
  0.91687334  0.87683409  0.86119878  0.79399776  0.69678938  0.61212164
  0.48333725  0.36970684  0.19839513  0.06468301 -0.11752177]
[-2.36829996 -2.37259126 -2.35648394 -2.34371781 -2.31511235 -2.2689817
 -2.21170926 -2.13698983 -2.05734324 -1.96156561 -1.86830175 -1.76743364
 -1.64783573 -1.52575731 -1.40312278 -1.27570987 -1.14707577 -1.00491452
 -0.86552483 -0.72849733 -0.58537197 -0.43518525 -0.28136632 -0.12728779
  0.0262602   0.19974926  0.37415227  0.53720891  0.68945158  0.86162603
  1.04512787  1.22012126  1.36788261  1.50821352  1.6305263   1.72132576
  1.81699204  1.88118982  1.91429555  1.91195536  1.87704539  1.80452704
  1.71429849  1.6090132   1.52315557  1.44649088  1.37549615  1.3407532
  1.28489506  1.23788655  1.17689943  1.1064353   1.01341629  0.92805308
  0.8398549   0.76365948  0.68040878  0.59956992  0.52401745  0.44091725
  0.35267103  0.27571037  0.19431813  0.11171406  0.00272419 -0.10434722
 -0.18468162 -0.23399155 -0.27089778 -0.31006712 -0.34141794 -0.36467621
 -0.38623634 -0.39742208 -0.39882281 -0.39669883 -0.39262113 -0.38521472
 -0.37284312 -0.35122728 -0.31426057 -0.27019042 -0.21771152 -0.17345409
 -0.1282416  -0.0912078  -0.05201825 -0.03774713 -0.02859598 -0.04729681
 -0.08927418 -0.14106309 -0.18006013 -0.23049779 -0.27250746 -0.30896127
 -0.34594643 -0.36716187 -0.38333958 -0.38847741 -0.39034075]
[ 0.73532927  0.75788069  0.77652591  0.8094523   0.8089726   0.85014719
  0.88997453  0.92318815  0.94617546  1.05787456  1.18580723  1.29403889
  1.41260517  1.53111959  1.67566669  1.83555651  1.9843272   2.06919098
  2.04974914  1.9311353   1.69988179  1.45195484  1.2063123   1.07367897
  0.93409008  0.78512919  0.67162246  0.57907462  0.48500526  0.46258613
  0.49754205  0.49409333  0.4378939   0.45461908  0.44389221  0.4389576
  0.44716451  0.40722272  0.3736859   0.39111501  0.34630638  0.27235702
  0.2078068   0.14670047  0.05873878 -0.02854411 -0.13414744 -0.23368573
 -0.30641365 -0.38136306 -0.51246458 -0.6220935  -0.76323736 -0.93925428
 -1.04489422 -1.10686028 -1.19704187 -1.231269   -1.24086607 -1.28907967
 -1.36817253 -1.39568591 -1.42351985 -1.40080655 -1.36391437 -1.32745743
 -1.27788198 -1.19121218 -1.05275738 -0.95641035 -0.87640178 -0.74568707
 -0.66879737 -0.56952339 -0.46000654 -0.3272402  -0.22739182 -0.16523767
 -0.10640867 -0.02034427  0.04187412  0.12624727  0.25792837  0.3290408
  0.3503547   0.37955135  0.40335736  0.39865336  0.41499436  0.42474437
  0.40755889  0.42537242  0.43904781  0.40979657  0.45399374  0.50246048
  0.57076979  0.62608653  0.69312352  0.75364119  0.83431077]
[ 1.14535975  1.17963052  1.21012831  1.28730965  1.30013621  1.29994428
  1.36869085  1.34728193  1.33061481  1.33099914  1.22447705  1.15182912
  1.11901057  0.99916798  0.95876878  0.83135402  0.69213599  0.53773773
  0.40257946  0.27441221  0.12869397 -0.04706851 -0.22067608 -0.43621179
 -0.6597296  -0.89880234 -1.1964581  -1.49867105 -1.74765921 -1.98648131
 -2.26964617 -2.59453869 -2.84687185 -3.04278517 -3.20757961 -3.35797191
 -3.43076253 -3.46499419 -3.44555473 -3.40489316 -3.34466505 -3.23207402
 -3.02284813 -2.76635885 -2.48422623 -2.17991638 -1.86829138 -1.5803715
 -1.25088644 -0.97108388 -0.69303995 -0.45571342 -0.25533205 -0.10048485
  0.06281298  0.20994703  0.35420224  0.44182271  0.58056444  0.71548116
  0.83672589  0.90969157  0.95030302  0.98962277  1.04210961  1.08940947
  1.0219636   0.98572469  1.0274936   0.9933272   0.97713614  0.96101427
  0.96554899  0.96441931  0.96040154  1.03343356  1.1109494   1.15072989
  1.3472966   1.56035519  1.77215779  1.92110324  1.92408204  1.80869484
  1.47440553  1.17107725  0.91322929  0.7756542   0.70258194  0.63689655
  0.58790135  0.516119    0.54741538  0.58681792  0.65333998  0.70041925
  0.73720455  0.80834198  0.90704077  0.95948201  0.99664551]
[-1.01600718 -1.26201546 -1.54099953 -1.82083511 -2.06285381 -2.31615043
 -2.61934042 -2.87202859 -3.06596494 -3.25344777 -3.37868738 -3.45256948
 -3.46846676 -3.45801091 -3.44121647 -3.36146688 -3.2091496  -3.00240684
 -2.73500109 -2.44024134 -2.13254786 -1.82100987 -1.53175974 -1.21327436
 -0.92540538 -0.68310893 -0.46824324 -0.28832999 -0.12607574  0.02313904
  0.16070804  0.27287617  0.42627275  0.54264385  0.63475358  0.75115436
  0.84265846  0.86033726  0.8682698   0.89945048  0.90233171  0.87119073
  0.85956466  0.87331194  0.84645236  0.79823774  0.88153487  0.94691443
  0.97693926  1.01933634  1.10571003  1.16822231  1.30661452  1.49368179
  1.69875872  1.88300514  1.97418272  1.93778372  1.732862    1.37982512
  1.09161973  0.91826379  0.7564038   0.63645524  0.5559926   0.51513457
  0.529791    0.5933463   0.67393607  0.68381548  0.72939366  0.80544329
  0.89190722  0.9387778   0.93805897  0.96897864  0.97959208  0.95106673
  0.92399842  0.89610255  0.83935803  0.71717191  0.62154108  0.5335896
  0.40578595  0.29962772  0.22318897  0.03792798 -0.11077938 -0.30018634
 -0.51747978 -0.75845474 -0.9482128  -1.15846193 -1.319736   -1.48337293
 -1.64796913 -1.80426764 -1.95483923 -2.06033492 -2.0891571 ]
[-0.02003483 -0.13894196 -0.2405269  -0.37682605 -0.45090926 -0.49860963
 -0.59888262 -0.63123012 -0.63897365 -0.68154699 -0.70007569 -0.72277868
 -0.71245193 -0.71508282 -0.67486286 -0.63124466 -0.54914826 -0.43854773
 -0.33124909 -0.22483926 -0.08579507  0.0579402   0.16467057  0.28939727
  0.41803887  0.51325333  0.58544576  0.63400459  0.63071305  0.63089895
  0.6141001   0.59921634  0.53884512  0.44226092  0.34820327  0.17467493
  0.00644158 -0.11075924 -0.22502877 -0.40382689 -0.55260038 -0.64587796
 -0.7642048  -0.8570559  -0.89088774 -0.91906917 -0.96311587 -0.97643769
 -0.97175074 -0.95116633 -0.93426907 -0.89436722 -0.84489954 -0.77704978
 -0.71278566 -0.63993585 -0.55294293 -0.46525106 -0.32591373 -0.18284005
 -0.01557161  0.13607658  0.32766485  0.57296628  0.78163069  0.96192932
  1.16797721  1.37736571  1.56994033  1.72686291  1.85378432  1.89327502
  1.8448993   1.81061292  1.83098531  1.93424821  2.00103188  2.0111227
  1.96493256  1.80173051  1.62129521  1.47197855  1.33642387  1.17223108
  0.93476802  0.73220038  0.56700528  0.39171651  0.24773516  0.05070556
 -0.13560908 -0.27764672 -0.39530236 -0.54808575 -0.6881972  -0.81051433
 -0.95346886 -1.07252192 -1.16670895 -1.23795831 -1.2819922  -1.35504997
 -1.38039148]
[-0.97410101 -0.8367613  -0.69480777 -0.55281681 -0.3852697  -0.20268092
 -0.12257688 -0.06712682 -0.02837398 -0.01451149 -0.02837426 -0.09693247
 -0.17615946 -0.30673802 -0.50169504 -0.68272001 -0.80762446 -1.00290644
 -1.18935323 -1.37710762 -1.48914254 -1.60196865 -1.61661136 -1.64957321
 -1.63378739 -1.62595034 -1.58451724 -1.53084457 -1.43687892 -1.3681488
 -1.27197015 -1.1567986  -1.00736856 -0.86398625 -0.68318439 -0.51024532
 -0.3252337  -0.04470283  0.23418784  0.45387942  0.69347948  0.99762249
  1.26807642  1.49403811  1.63256645  1.84775758  1.99061668  2.04700541
  2.18090892  2.12206173  1.89284933  1.65267015  1.419173    1.31076181
  1.36617172  1.54860497  1.69735157  1.77999699  1.73343909  1.63379872
  1.57659519  1.45413876  1.27386165  1.07023311  0.87780231  0.65896887
  0.46297404  0.28659692  0.02357198 -0.1942675  -0.3628366  -0.52814972
 -0.7078563  -0.87695926 -1.04817259 -1.13715458 -1.26791358 -1.30133653
 -1.28848469 -1.32854307 -1.32544792 -1.28796053 -1.24742532 -1.19656992
 -1.10787737 -1.00980055 -0.88289911 -0.71601838 -0.50284368 -0.32053646
 -0.15736654  0.03649738  0.2106124   0.34138188  0.46558714  0.65375072
  0.71683466  0.72876447  0.69059634  0.60194886  0.48940268  0.35854244
  0.14265096 -0.03709595 -0.23584966 -0.42934144 -0.58348185 -0.67417616
 -0.79322165]
[-1.22411072 -1.15530324 -1.08247578 -0.98593837 -0.850236   -0.7765258
 -0.72105384 -0.68193048 -0.65637136 -0.65860271 -0.69477242 -0.73079664
 -0.81172681 -0.9254722  -1.04105139 -1.12545848 -1.23004162 -1.34684443
 -1.47548425 -1.53725433 -1.61229312 -1.61701763 -1.60522127 -1.56922221
 -1.53012037 -1.47887993 -1.41047072 -1.30292249 -1.21612668 -1.11564112
 -1.00002027 -0.84318584 -0.69643855 -0.5401237  -0.37252188 -0.20646633
  0.03033891  0.28172034  0.50537378  0.72768605  0.96254867  1.20481515
  1.43130016  1.57271123  1.73181713  1.87265491  1.95176184  2.03301787
  2.03845692  1.90474725  1.68636429  1.44466865  1.24112594  1.18021262
  1.25543797  1.389902    1.49577653  1.48452544  1.41538143  1.36269593
  1.28015041  1.15217197  1.01076865  0.85989702  0.68365484  0.51489586
  0.37539405  0.18310407 -0.00244674 -0.16371673 -0.30655739 -0.45549124
 -0.61023003 -0.74753606 -0.8499493  -0.94177097 -0.987755   -1.00134468
 -1.01340115 -1.03421474 -0.99851519 -0.95035625 -0.9107427  -0.85515088
 -0.76398814 -0.6855492  -0.55870759 -0.38475436 -0.22780934 -0.10991094
  0.06922927  0.21558191  0.34097907  0.45864493  0.62396485  0.71734542
  0.74895275  0.73411185  0.67513269  0.5930649   0.49728578  0.3491841
  0.1902622   0.01816889 -0.15297368 -0.30650744 -0.38383752 -0.49635807
 -0.61667579 -0.73508304 -0.85332459 -0.90356028 -0.92723739 -0.94265735]
[-2.10976887 -2.10717273 -2.09186268 -2.07547808 -2.0439992  -1.99351501
 -1.93205154 -1.86769044 -1.78124881 -1.68995118 -1.59709632 -1.49667978
 -1.37799001 -1.26542509 -1.15312243 -1.03113878 -0.90618283 -0.78268665
 -0.65049797 -0.52392823 -0.39150694 -0.25420713 -0.11306086  0.02927626
  0.16877984  0.32033804  0.47768381  0.61962575  0.75939423  0.90468383
  1.0593977   1.19889247  1.31604576  1.43111181  1.52371633  1.59729266
  1.65381801  1.69053233  1.69288695  1.66475785  1.5869298   1.50668347
  1.41687608  1.34600151  1.29623127  1.24394476  1.19842565  1.137658
  1.08873451  1.0349611   0.97301978  0.91304731  0.8459627   0.77581429
  0.70918798  0.65458643  0.57442951  0.51833045  0.45131636  0.38297224
  0.31074998  0.2428939   0.17372112  0.10324592  0.01554657 -0.07262423
 -0.15181349 -0.21148862 -0.25794587 -0.29417363 -0.32558954 -0.35186443
 -0.37650174 -0.39475334 -0.40604952 -0.4131183  -0.4080376  -0.41371581
 -0.41277027 -0.39268562 -0.36096725 -0.33079913 -0.28822958 -0.25054097
 -0.21927607 -0.18940182 -0.16513295 -0.1556122  -0.16482054 -0.19165221
 -0.23276132 -0.27353278 -0.30819809 -0.34351498 -0.36887795 -0.38924536
 -0.40880537 -0.41067877 -0.41444725 -0.40593645 -0.38990721 -0.37279916
 -0.35677952 -0.343018   -0.32419381 -0.29182705 -0.25054497 -0.20434883
 -0.16138661 -0.10116054 -0.04375548  0.01926009  0.08448119  0.14564148
  0.20551045  0.26777071  0.34304386  0.40541881]
[ 1.14110172  1.0870769   1.03829849  0.95404989  0.86216944  0.78398854
  0.70211279  0.58188438  0.47256044  0.31611922  0.19401796  0.07210288
 -0.05164608 -0.19875562 -0.35464329 -0.5359869  -0.74976939 -0.99488634
 -1.21596074 -1.47901928 -1.72954941 -1.93202245 -2.13421988 -2.385005
 -2.6082828  -2.77436566 -2.90464449 -3.02110887 -3.07123494 -3.08793139
 -3.07493186 -3.04803991 -2.97951126 -2.87289572 -2.70196176 -2.45620704
 -2.22121167 -1.99480963 -1.69745684 -1.39443994 -1.15570772 -0.87866014
 -0.62223464 -0.4274734  -0.2645663  -0.10608321  0.0501581   0.18120401
  0.30424562  0.44230923  0.56566519  0.67452633  0.76492554  0.87413281
  0.91218597  0.93594992  0.98771256  1.02264142  1.00027537  0.96093565
  0.98976374  0.997365    0.92680907  0.94600707  1.03332186  1.07732213
  1.07165015  1.10976827  1.1895088   1.23573244  1.3636235   1.53711164
  1.67045879  1.73451293  1.69661653  1.56075919  1.26830864  0.94600379
  0.75320035  0.63098752  0.52256519  0.40551275  0.36606979  0.35835347
  0.39771432  0.44362336  0.49579018  0.5181939   0.59499866  0.68207842
  0.74281573  0.74923265  0.74129891  0.76634389  0.75044167  0.71409875
  0.67142957  0.62361014  0.55316257  0.43712866  0.36797112  0.26801172
  0.13863415  0.03468003 -0.06762238 -0.23408501 -0.37669879 -0.53816736
 -0.7545979  -0.9509005  -1.10979545 -1.24687791 -1.37080193 -1.48058808
 -1.56925333 -1.71605563 -1.81138206 -1.82815742]
[-0.26942986 -0.38779959 -0.50203311 -0.62135839 -0.73101676 -0.84366876
 -0.9563579  -1.06303346 -1.16992497 -1.27794576 -1.37561929 -1.47495055
 -1.56166196 -1.64806247 -1.71740711 -1.77256489 -1.82527649 -1.87254381
 -1.89826739 -1.91216409 -1.91807127 -1.9212991  -1.90776157 -1.89229965
 -1.87015963 -1.82469738 -1.77257335 -1.70875204 -1.63110077 -1.55295897
 -1.45995724 -1.37281477 -1.27401626 -1.17003775 -1.06857467 -0.96428394
 -0.86153752 -0.75164747 -0.64692849 -0.53595227 -0.42295229 -0.30899647
 -0.19807836 -0.08810914  0.03057343  0.14763221  0.26442614  0.37872106
  0.48390979  0.58606875  0.70071679  0.80781639  0.90826225  0.99814457
  1.08517945  1.16123855  1.224509    1.26900935  1.30211854  1.31147838
  1.3152101   1.28763211  1.25073612  1.21592975  1.18591845  1.15358877
  1.10919154  1.05712593  0.98946667  0.93503302  0.89393026  0.84059411
  0.78372687  0.73233533  0.68581879  0.64022148  0.60686201  0.56326556
  0.52246368  0.48326057  0.44371355  0.39378381  0.34088734  0.28917363
  0.22039767  0.14033855  0.07485703  0.0238666  -0.01547134 -0.05330443
 -0.08595113 -0.11946943 -0.15142751 -0.17762566 -0.19712453 -0.21406649
 -0.22507596 -0.24287157 -0.26457641 -0.27951741 -0.28148448 -0.28351343
 -0.2776252  -0.26623681 -0.25858253 -0.25516042 -0.24632753 -0.24616314
 -0.24788703 -0.2657418  -0.28898501 -0.32576108 -0.35081196 -0.3634859
 -0.38420033 -0.39230382 -0.40296161 -0.40914086 -0.41103098 -0.40228418
 -0.39141187 -0.37794477 -0.36537021 -0.35295328 -0.33859876 -0.32447913
 -0.290268   -0.25343993 -0.21501771 -0.17833751]
[ 0.93502033  0.83392173  0.71890813  0.62300712  0.50518113  0.36968434
  0.22926733  0.06285963 -0.06267676 -0.20007084 -0.3481741  -0.51183558
 -0.67996985 -0.88036329 -1.08065546 -1.27859366 -1.51679516 -1.74350131
 -1.94885874 -2.14254856 -2.35990286 -2.56865859 -2.73785686 -2.87993336
 -3.01068568 -3.07699132 -3.11879635 -3.12354469 -3.09531593 -3.0383997
 -2.97287893 -2.87100935 -2.68656111 -2.48684812 -2.2967124  -2.06660247
 -1.80497205 -1.56715477 -1.34852552 -1.11330664 -0.90478486 -0.74431068
 -0.57542264 -0.42448172 -0.27940154 -0.14325987 -0.00358138  0.11656856
  0.24880381  0.37344104  0.48916507  0.60337788  0.68083799  0.75423825
  0.83236414  0.88230085  0.89554209  0.93955112  1.01789153  1.0611999
  1.07001615  1.12389457  1.21584523  1.27192473  1.29483676  1.36366475
  1.44153094  1.50008655  1.61891508  1.73489881  1.82534611  1.82858348
  1.75348496  1.57069147  1.32097805  1.08802462  0.9537828   0.88171065
  0.78223538  0.69158357  0.63935685  0.60679162  0.60918081  0.62996858
  0.628528    0.62614304  0.67165458  0.69732094  0.70325601  0.68641156
  0.68171734  0.64544952  0.5799495   0.5275985   0.48361218  0.46324256
  0.39222556  0.30116862  0.24709098  0.14764747  0.05168743 -0.01142793
 -0.09610301 -0.23666966 -0.33411226 -0.47073597 -0.62622058 -0.78827965
 -0.87362677 -0.98584819 -1.06861591 -1.13144052 -1.21890032 -1.30668843
 -1.35863841 -1.36483371 -1.37389266 -1.35185516 -1.30488515 -1.24610877
 -1.13936293 -1.00964487 -0.87743819 -0.74612391 -0.62754792 -0.53134614
 -0.41589999 -0.31894949 -0.21158548 -0.08778956  0.00996831]
[ 1.58435321  2.00437355  2.37711406  2.69210386  2.95627761  3.15319395
  3.28941131  3.37651491  3.36483312  3.2984395   3.18687963  3.06539035
  2.9398613   2.81333733  2.6777308   2.54596353  2.41017127  2.27859378
  2.14418244  1.99475396  1.84873843  1.68967807  1.52815104  1.3645947
  1.1862545   1.02416658  0.85112989  0.67942888  0.50321811  0.33296371
  0.14963908 -0.04490927 -0.23683654 -0.43938291 -0.62484688 -0.83014536
 -1.02222586 -1.20940411 -1.39164817 -1.56667948 -1.74551296 -1.90786219
 -2.0540874  -2.20322204 -2.3302052  -2.45483351 -2.57967591 -2.69042492
 -2.76255751 -2.80542254 -2.84057784 -2.83888721 -2.81075001 -2.75717521
 -2.70740271 -2.64909625 -2.57871413 -2.48790336 -2.39784002 -2.30844927
 -2.21242213 -2.11421132 -2.01417804 -1.91648352 -1.82139885 -1.7134093
 -1.60114086 -1.48530066 -1.37172604 -1.26711392 -1.15974748 -1.04866326
 -0.96545279 -0.87633485 -0.78248054 -0.69616461 -0.62954342 -0.57309043
 -0.49387246 -0.40864465 -0.34746921 -0.28433222 -0.19403207 -0.08875512
  0.07279771  0.2975243   0.62122637  1.00515437  1.39423656  1.78414965
  2.12565279  2.42164445  2.66004133  2.87715197  3.01402402  3.07331872
  3.04859781  2.98417115  2.89753103  2.82385635  2.73416209  2.63361454
  2.54880929  2.46038842  2.37072921  2.27750063  2.16767144  2.06832075
  1.97810936  1.89615679  1.82410276  1.75155139  1.66990733  1.5825994
  1.50006282  1.41971266  1.33205724  1.24901223  1.16393888  1.06502962
  0.96904671  0.86893421  0.74813485  0.63716978  0.5228352   0.4147504
  0.29219922  0.14670746 -0.01292383 -0.18539034 -0.37764704]
[-2.74328542 -2.86796546 -2.94263244 -2.9845674  -2.99765348 -2.97117233
 -2.91960263 -2.81919789 -2.70970893 -2.57164145 -2.39771366 -2.16087818
 -1.95713103 -1.73740029 -1.50214851 -1.27768683 -1.09205914 -0.90539914
 -0.71620232 -0.5409357  -0.40486255 -0.27035335 -0.14602946 -0.02662381
  0.06809081  0.1759472   0.27378824  0.38812718  0.51942652  0.61957228
  0.67575568  0.71355146  0.75494158  0.77647078  0.79324812  0.82257599
  0.86146611  0.87112463  0.91991806  1.01206923  1.1134671   1.17721379
  1.24623239  1.33348942  1.44000649  1.60279286  1.74953032  1.87838078
  1.93144679  1.85878849  1.67008889  1.42612755  1.20733106  1.05544901
  0.92517847  0.82107121  0.74911273  0.65647388  0.60284376  0.62106431
  0.65414864  0.65233004  0.65595317  0.64999676  0.66411513  0.69316155
  0.6817773   0.65982354  0.667162    0.64992887  0.6008268   0.52336884
  0.46542972  0.3993586   0.33281985  0.25762168  0.14402908  0.05578685
 -0.01131942 -0.11676902 -0.24529445 -0.35755122 -0.54545021 -0.72174412
 -0.84470826 -0.95883429 -1.10421169 -1.16183484 -1.22758412 -1.35998023
 -1.46311009 -1.51412117 -1.53279376 -1.52645051 -1.49808574 -1.45167506
 -1.37924623 -1.25547338 -1.09612989 -0.9540804  -0.81957918 -0.71533793
 -0.60089183 -0.47804728 -0.352375   -0.2407888  -0.16450603 -0.08803017
 -0.02288875  0.05480779  0.12278407  0.23116672  0.30758199  0.33968759
  0.37502629  0.38868529  0.39292195  0.40871975  0.41048315  0.39736843
  0.36532688  0.35475776  0.34098047  0.35136592  0.38056597  0.40221959
  0.41355777  0.42002213  0.42662963  0.45914897  0.53719306]
[-0.5142312  -0.71490455 -0.92087638 -1.13163936 -1.35992515 -1.58430958
 -1.80681646 -2.03389716 -2.20659447 -2.4343009  -2.65222263 -2.81870556
 -2.95489597 -3.04125333 -3.1010139  -3.13748646 -3.11910319 -3.07590437
 -3.01856565 -2.94911456 -2.8174386  -2.60682631 -2.3982017  -2.19690228
 -1.95990479 -1.72942698 -1.49923205 -1.29768419 -1.09136426 -0.8902784
 -0.71377289 -0.58121943 -0.44042394 -0.30873013 -0.17756386 -0.0706659
  0.06025435  0.17559347  0.31226125  0.45107132  0.53767061  0.59554845
  0.65318429  0.71726966  0.73690164  0.77882504  0.83801675  0.92858815
  0.94381273  0.9793219   1.05714703  1.14999771  1.16920435  1.23748589
  1.29845071  1.36796498  1.48594904  1.60564899  1.73877156  1.81977642
  1.78075469  1.66536975  1.46291924  1.23008454  1.09640098  1.00204635
  0.91997474  0.84650153  0.78046018  0.73736656  0.76444262  0.82329977
  0.79055482  0.77401942  0.78056109  0.82132483  0.81918985  0.81541926
  0.80191147  0.80978316  0.73490328  0.6818518   0.62344742  0.60242879
  0.53061485  0.44449848  0.36954454  0.28187141  0.19283421  0.13860005
  0.05466338 -0.06386779 -0.19778791 -0.3366724  -0.5043875  -0.6369248
 -0.77297544 -0.87200457 -0.9579457  -1.0610677  -1.16838074 -1.24664032
 -1.32045627 -1.34856498 -1.36385    -1.36883605 -1.35158861 -1.31551647
 -1.21192622 -1.06127942 -0.97139758 -0.84190625 -0.72022045 -0.61387414
 -0.52179307 -0.43528682 -0.33302462 -0.22840545 -0.14663398 -0.07248926
 -0.00821674  0.0461865   0.13592026  0.19865571  0.23357411  0.25196549
  0.2777788   0.28432718  0.28977716  0.30336136  0.28015175]
[-5.33912361e-01 -6.76476955e-01 -8.53511691e-01 -1.03325605e+00
 -1.20897031e+00 -1.39569998e+00 -1.58787799e+00 -1.77063298e+00
 -1.96412563e+00 -2.08575702e+00 -2.26162171e+00 -2.43120575e+00
 -2.56055808e+00 -2.65500665e+00 -2.71204281e+00 -2.74598074e+00
 -2.76198602e+00 -2.75120139e+00 -2.70061207e+00 -2.64248133e+00
 -2.57932782e+00 -2.48455334e+00 -2.29935479e+00 -2.13999200e+00
 -1.99341583e+00 -1.80199778e+00 -1.56779861e+00 -1.40049994e+00
 -1.23832047e+00 -1.05489814e+00 -8.86583805e-01 -7.23296642e-01
 -6.09354198e-01 -4.65675026e-01 -3.44999403e-01 -2.19196305e-01
 -1.15438364e-01 -1.40592759e-03  1.15463987e-01  2.48945743e-01
  3.78881961e-01  4.80114788e-01  5.54255903e-01  6.35169387e-01
  7.21339107e-01  7.61743128e-01  8.02487612e-01  8.83386970e-01
  9.90509033e-01  1.01494396e+00  1.06472814e+00  1.15790689e+00
  1.28032029e+00  1.29474974e+00  1.35236216e+00  1.43495846e+00
  1.47796738e+00  1.55446613e+00  1.63029563e+00  1.70152736e+00
  1.71498919e+00  1.65074944e+00  1.51578188e+00  1.36543334e+00
  1.16384971e+00  1.05292058e+00  9.65814590e-01  9.03817594e-01
  8.09559405e-01  7.31504619e-01  6.84518099e-01  6.81086063e-01
  6.85512424e-01  6.67406023e-01  6.22489452e-01  6.18298173e-01
  6.43137217e-01  6.28143072e-01  6.07500255e-01  5.72598815e-01
  5.65225422e-01  5.12448192e-01  4.60473150e-01  3.62090290e-01
  3.16485286e-01  2.68044233e-01  1.82029709e-01  1.21661350e-01
  4.06633355e-02 -3.54362540e-02 -1.05227262e-01 -1.60386086e-01
 -2.53481567e-01 -3.52587551e-01 -4.50988472e-01 -5.72988689e-01
 -6.79832935e-01 -7.49506831e-01 -8.29793692e-01 -8.57586145e-01
 -9.08707201e-01 -9.80769455e-01 -1.04103518e+00 -1.08066285e+00
 -1.09204698e+00 -1.09000409e+00 -1.08854675e+00 -1.07185912e+00
 -1.04478467e+00 -9.79195654e-01 -8.60847175e-01 -8.03384125e-01
 -7.17609346e-01 -6.21410012e-01 -5.51139414e-01 -4.70227897e-01
 -4.01941717e-01 -3.21548164e-01 -2.26841494e-01 -1.54083788e-01
 -1.04902044e-01 -5.31527847e-02  1.01250811e-02  8.30353275e-02
  1.39258549e-01  1.87341675e-01  2.10211650e-01  2.45373264e-01
  2.61344403e-01  2.84778267e-01  3.15858454e-01  3.17993104e-01
  3.04139465e-01  3.22869956e-01  3.37542951e-01  3.65096390e-01
  4.02727723e-01  4.29262251e-01  4.53122050e-01  4.71608490e-01]
[ 1.48816812  1.45331335  1.39306235  1.32626665  1.25272417  1.16049123
  1.09677231  0.99074626  0.87505013  0.73605275  0.65014875  0.50557554
  0.40211439  0.29266384  0.13332395 -0.04913773 -0.16164191 -0.33399564
 -0.47184137 -0.61462057 -0.75853872 -0.93099308 -1.11519551 -1.29110599
 -1.46523392 -1.66494739 -1.84550369 -2.01602316 -2.19862342 -2.32766962
 -2.49544907 -2.63462639 -2.72122431 -2.78498363 -2.81190109 -2.82428145
 -2.81359887 -2.78388691 -2.71783447 -2.6505034  -2.54843092 -2.42297959
 -2.24447894 -2.05869269 -1.86412477 -1.67397416 -1.45958996 -1.26544571
 -1.10754883 -0.9287045  -0.74775076 -0.58617687 -0.47716418 -0.33425656
 -0.1971336  -0.07647724  0.02481862  0.14707993  0.28286156  0.42736539
  0.54262561  0.65198326  0.74556005  0.82515079  0.91470212  0.94539857
  1.02643967  1.1162647   1.18681717  1.23288512  1.28295362  1.33057034
  1.4194355   1.42855251  1.48165607  1.52036762  1.55144715  1.59423733
  1.6465205   1.66840136  1.62617683  1.52305996  1.34915733  1.1862967
  1.04585087  0.94311005  0.86679149  0.83257407  0.75853646  0.6731512
  0.63148618  0.6194604   0.61435711  0.59579885  0.57274938  0.54653412
  0.55617046  0.54635811  0.52760619  0.48321429  0.43622747  0.37022457
  0.32152462  0.25565773  0.2413415   0.16447984  0.08835049  0.01637934
 -0.05709096 -0.12598769 -0.17306079 -0.2582033  -0.31842479 -0.42565516
 -0.52569169 -0.63643265 -0.72596699 -0.81730831 -0.85758716 -0.87418234
 -0.90738916 -0.95603526 -0.97289366 -1.01469994 -1.01929164 -1.01534033
 -0.99931812 -0.98049974 -0.95837283 -0.87911582 -0.77305752 -0.7011115
 -0.60619044 -0.51208776 -0.43264529 -0.37215191 -0.30423591 -0.21530744
 -0.11846955 -0.07338552]
[ 0.88585055  0.78831983  0.69229275  0.56185293  0.47829357  0.3631103
  0.23106609  0.09468323 -0.03628816 -0.16302156 -0.27587616 -0.4117212
 -0.53702235 -0.66841537 -0.82120115 -0.97987157 -1.13474488 -1.28684902
 -1.45481813 -1.60406923 -1.73733819 -1.86021245 -1.99851382 -2.11958432
 -2.2090261  -2.28201032 -2.31984949 -2.34302187 -2.35539651 -2.34539175
 -2.3035531  -2.26004243 -2.21745944 -2.12611556 -1.97883928 -1.8663578
 -1.74237883 -1.57076967 -1.3925947  -1.26226854 -1.10452724 -0.95296293
 -0.81178981 -0.68513203 -0.56190187 -0.44483662 -0.33442116 -0.21534538
 -0.10518158  0.00473825  0.11329871  0.23461732  0.36279157  0.44834572
  0.53385973  0.62475747  0.69124311  0.74389434  0.79829001  0.87304217
  0.9480502   0.97753561  1.0286144   1.10038793  1.16396916  1.17287099
  1.20819187  1.23369217  1.26684618  1.30827916  1.3501265   1.39201033
  1.39294577  1.33711278  1.23660696  1.11829567  0.97183824  0.90195554
  0.85120738  0.79519844  0.73790109  0.68872929  0.66537273  0.66322792
  0.67243212  0.64359599  0.60785139  0.61021143  0.61414927  0.57900953
  0.54137254  0.51320457  0.48865992  0.40989873  0.34602234  0.28113499
  0.23497234  0.17924835  0.10989136  0.04161482 -0.02522776 -0.10040608
 -0.14958367 -0.21154483 -0.28297743 -0.37095228 -0.45817709 -0.55355847
 -0.61891997 -0.68661797 -0.73467743 -0.75979555 -0.79563111 -0.84461278
 -0.89410049 -0.90859979 -0.91560996 -0.92510802 -0.92553061 -0.91693372
 -0.89791214 -0.84322125 -0.77298832 -0.71292877 -0.65613258 -0.58883387
 -0.52575654 -0.45841488 -0.3949697  -0.33337986 -0.25368249 -0.18859182
 -0.14131294 -0.09956023 -0.02552988  0.04586983  0.09269688  0.13324913
  0.18003348  0.21655768  0.24157885  0.27523035  0.3102406   0.32808658
  0.32906798]
[ 2.3029418   2.63942122  2.91194439  3.10780811  3.23447251  3.29604959
  3.30678105  3.29469991  3.20666218  3.08604479  2.93438983  2.7845552
  2.63156819  2.47551537  2.32087016  2.16101956  2.00670195  1.85684812
  1.70550656  1.53706992  1.37200665  1.20031536  1.02561831  0.84606117
  0.65452009  0.48514441  0.30376732  0.13000202 -0.05066989 -0.23276608
 -0.41087994 -0.60195744 -0.79560751 -0.98594475 -1.16691697 -1.36256003
 -1.53681052 -1.70408189 -1.8659004  -2.0034647  -2.14212799 -2.26308417
 -2.36259818 -2.46831608 -2.55153036 -2.63867855 -2.71876669 -2.77719569
 -2.81371975 -2.8193748  -2.81034064 -2.7873559  -2.73384142 -2.66590524
 -2.59341764 -2.52463865 -2.44236255 -2.33882427 -2.24498129 -2.14943099
 -2.04650688 -1.94061697 -1.83674943 -1.73226774 -1.62403119 -1.5084815
 -1.39035952 -1.25932729 -1.14256299 -1.03329325 -0.92352724 -0.81212467
 -0.73355865 -0.65896946 -0.57555789 -0.50113446 -0.44070861 -0.37615702
 -0.28218874 -0.1682574  -0.07618979  0.03749605  0.18825591  0.34670144
  0.54515457  0.78941029  1.08564639  1.41426694  1.73279309  2.04374981
  2.28785157  2.47945189  2.61378312  2.71719813  2.76432681  2.75229955
  2.69231009  2.62151432  2.54314232  2.48123479  2.4109807   2.33011508
  2.27293754  2.20603728  2.13616061  2.066118    1.96330845  1.87275565
  1.79225242  1.72755313  1.67735982  1.63047957  1.57170391  1.50058591
  1.44401228  1.38797522  1.32281935  1.26583922  1.2006737   1.11477268
  1.03120267  0.95412141  0.84263575  0.73941153  0.63644034  0.54068035
  0.42224696  0.28884628  0.14153577 -0.02480908 -0.20779397 -0.36807021
 -0.54450542 -0.72592354 -0.9074598  -1.09174275 -1.23992968 -1.38078856
 -1.50719845 -1.60395229 -1.68943059 -1.75052142 -1.80912709 -1.8340354
 -1.85096574 -1.86696279 -1.89000571 -1.90008759 -1.89716578 -1.88521349
 -1.85696721 -1.82355237 -1.79919565 -1.78041053 -1.74087298 -1.70862257
 -1.67340338 -1.62477851 -1.58636928 -1.54305506 -1.49735689 -1.43212295
 -1.34456146 -1.23519731 -1.09759676 -0.95243162 -0.78841513]
