[-0.09794522 -0.07864742 -0.05221296 -0.06474596 -0.06807318 -0.0839206
 -0.07920778]
[ 0.06668268  0.07683468  0.07971404  0.10203032  0.07855266  0.07798287
  0.04374383 -0.00170107]
[0.62971216 0.75722754 1.06767869 1.36739981 1.58220232 1.51532996
 1.29940128 1.0561403  0.80448383 0.63499534]
[-0.49169478 -0.71862262 -0.90203118 -1.17950547 -1.37896752 -1.42298257
 -1.32780981 -0.96464574 -0.64626127 -0.45666897]
[0.16830286 0.28411576 0.38825566 0.53957987 0.647825   0.81768072
 0.91307551 0.99223614 0.95796126 0.91479528 0.85977846 0.86848998
 0.77414119 0.55828756 0.37128189 0.32948509 0.37537131 0.47171798
 0.66439998]
[ 0.01558579 -0.04569605 -0.28735116 -0.47625631 -0.72085428 -0.9607777
 -1.17359197 -1.37390435 -1.46100616 -1.40325379 -1.47512984 -1.4110086
 -1.25363779 -1.05759835 -0.78554726 -0.45677483 -0.1949088  -0.0197116
  0.02865743]
[ 0.54958421  0.41113999  0.26500133  0.01700347 -0.2371238  -0.4113766
 -0.65216374 -0.85579544 -0.90326506 -1.04604816 -1.0694766  -1.08703804
 -1.09486318 -1.08675873 -1.09711087 -1.16399324 -1.02953839 -0.9336068
 -0.74023277 -0.51202053 -0.22523539 -0.12281533 -0.00160029  0.17511812
  0.32646996  0.38396955]
[ 1.74325001  1.50861478  1.18010736  0.85834593  0.57861197  0.31727329
  0.04054695 -0.2062857  -0.4033201  -0.50405073 -0.74426919 -0.83071637
 -0.86842835 -0.87869745 -1.01262593 -1.00071061 -0.99590909 -0.9502033
 -0.92466801 -0.81070596 -0.74321717 -0.70213979 -0.60751891 -0.51788771
 -0.40619123 -0.28805721 -0.16561726 -0.0065058   0.08876081  0.21770754
  0.33847779  0.32717589  0.28636664  0.26927787  0.21584341  0.07766817]
[ 0.75704545  0.51067042  0.29762185  0.05902414 -0.15849349 -0.3816489
 -0.4890852  -0.6838665  -0.8489148  -0.94378757 -1.0555681  -1.20940197
 -1.31659985 -1.25486517 -1.31261933 -1.3695271  -1.39320934 -1.29438519
 -1.26550066 -1.15056515 -1.05874872 -0.9088375  -0.72277522 -0.53253007
 -0.40590602 -0.25285164 -0.06847711  0.10414776  0.29303792  0.44890934
  0.709822    0.8307389   0.91209596  0.96189958  0.95824802  0.92971867
  0.82412797  0.68898851  0.51729715  0.30565915  0.08720007 -0.11034095
 -0.26582715 -0.42105383 -0.70871872 -0.91035813 -1.03723443 -1.14465642
 -1.2367605  -1.23031688 -1.31583047 -1.37615049 -1.38700831 -1.30926943
 -1.27895713 -1.22432005 -1.15596259 -1.0548811  -0.92013061 -0.809524
 -0.69277614 -0.50146496 -0.29617652 -0.06302896  0.16432889  0.41744757
  0.68290216]
[-0.38244835 -0.53486729 -0.61584997 -0.69149721 -0.78780282 -0.83796638
 -0.87411046 -0.87933403 -0.92026001 -0.9593758  -0.93853354 -0.9298408
 -0.90592116 -0.82697397 -0.7398175  -0.60620159 -0.4999465  -0.36097914
 -0.21302839 -0.03590373  0.09024577  0.25061148  0.41420788  0.53668839
  0.62311929  0.6769588   0.7048853   0.70467287  0.69761521  0.68027651
  0.60828501  0.49585024  0.38778529  0.20260362  0.03093818 -0.11572409
 -0.2655502  -0.44562626 -0.6293568  -0.72744727 -0.84050804 -0.92424178
 -0.98150641 -1.00182033 -1.03424144 -1.03687859 -1.03499043 -1.01359832
 -0.97976196 -0.93591547 -0.87719095 -0.80480474 -0.70688236 -0.59890521
 -0.50409144 -0.39382175 -0.22823253 -0.04268781  0.12866929  0.29560736
  0.53231651  0.81035763  1.04059994  1.23638964  1.48198462  1.68908477
  1.8553139   2.00533795  2.07574844  2.04546666  1.94032586  1.88293791
  1.90692401  1.99179947  2.06611586  2.06476188  1.96055186  1.80642605
  1.64555454  1.4555819   1.30488801  1.1118381   0.8680824   0.62905878
  0.48564839  0.29303077  0.11895677 -0.09364484 -0.26867181 -0.43708712
 -0.56819361 -0.72694355 -0.86107749 -1.01927316]
[-0.27174026 -0.11635648  0.09393323  0.32520464  0.54980159  0.76765722
  0.99467784  1.23313677  1.45987332  1.62606812  1.77977717  1.90964758
  2.00088739  2.06020403  2.08655357  2.00926185  1.8105855   1.58609867
  1.40872014  1.33745086  1.35874093  1.45481396  1.53282368  1.5347321
  1.46416008  1.41457117  1.32634652  1.23751843  1.13123715  0.97641212
  0.82954824  0.68487507  0.53755838  0.41973481  0.28250232  0.15223266
  0.05337736 -0.05320482 -0.15629871 -0.26709187 -0.3776243  -0.50137079
 -0.58641428 -0.65885544 -0.70023692 -0.71610463 -0.74240369 -0.71102971
 -0.66769785 -0.65983909 -0.61077422 -0.54258966 -0.47109109 -0.36488041
 -0.24599607 -0.15252668 -0.05418885  0.06417892  0.19007856  0.28682473
  0.39589202  0.50439185  0.52226263  0.5185318   0.4803347   0.39952326
  0.28806159  0.1702856   0.03071115 -0.12530889 -0.25456175 -0.37952411
 -0.46194071 -0.53269374 -0.62718999 -0.71543586 -0.76801401 -0.80164379
 -0.80429387 -0.81135958 -0.82766408 -0.8341186  -0.81157428 -0.77983707
 -0.73543125 -0.65484041 -0.56128657 -0.45784768 -0.34309727 -0.2286409
 -0.10801642  0.02107081  0.16230509  0.29353726  0.42703089]
[ 1.28853047  1.28917122  1.27322507  1.28380561  1.20439339  1.1548022
  1.09031272  0.9888007   0.89722693  0.78701013  0.66699988  0.56291085
  0.47060946  0.34783193  0.17772858  0.02194668 -0.18155165 -0.42836753
 -0.6833995  -0.95990056 -1.29093885 -1.59534883 -1.79053187 -2.07655907
 -2.40891981 -2.69219017 -2.91404438 -3.13197422 -3.28378725 -3.38494492
 -3.4375093  -3.47668409 -3.46168113 -3.38828874 -3.29164982 -3.07910299
 -2.79734921 -2.51587462 -2.2538588  -1.9184078  -1.61886656 -1.29491735
 -0.96829605 -0.6707325  -0.44367862 -0.26141879 -0.07062239  0.11019541
  0.24756791  0.40261391  0.57996303  0.69367331  0.80192244  0.89068204
  0.94231647  0.95762253  0.97628546  1.03740847  1.0528965   1.03554928
  1.00141644  0.96815312  0.907525    0.8831448   0.91812658  0.93979353
  0.89988446  0.8900308   0.91765064  0.92213845  0.99758101  1.13959849
  1.34811783  1.56682706  1.80642366  1.82276773  1.71074498  1.40075171
  1.0734756   0.8347981   0.68909055  0.53746784  0.46822551  0.47036061
  0.48218992  0.51007009  0.60050756  0.64341205  0.73584491  0.82603425
  0.92489177  0.96052939  0.95763576  1.00324547  1.04367387]
[-2.73777914 -2.80538774 -2.85108495 -2.87640262 -2.89413428 -2.89088035
 -2.85612464 -2.80388618 -2.72091293 -2.59431338 -2.46308947 -2.31425118
 -2.13974833 -1.96594441 -1.80107427 -1.62687349 -1.45337605 -1.27789938
 -1.12472117 -0.96521616 -0.80573493 -0.6516543  -0.50931811 -0.35875997
 -0.21281834 -0.06690523  0.08457384  0.22878146  0.35945147  0.48711705
  0.61870182  0.73865741  0.85139823  0.96298188  1.08628714  1.18233883
  1.28290832  1.39759028  1.50922883  1.5888499   1.64285409  1.68979359
  1.6965493   1.69823885  1.68256855  1.63216221  1.56809986  1.52635062
  1.476933    1.38436723  1.26856077  1.14568508  1.03182709  0.93765807
  0.84668648  0.76382339  0.70619935  0.67241609  0.64967483  0.62825984
  0.59538954  0.56022763  0.53994042  0.5231002   0.48979056  0.43999314
  0.40627706  0.3750712   0.33134025  0.27121565  0.2113438   0.14439727
  0.06952596  0.02056384 -0.02703203 -0.07120369 -0.10731026 -0.13931921
 -0.19205828 -0.23403671 -0.28418323 -0.34324849 -0.39451087 -0.42489499
 -0.45849094 -0.47311211 -0.47742978 -0.49561775 -0.52152407 -0.5400573
 -0.53322631 -0.51817602 -0.50964308 -0.51785094 -0.53140044]
[-0.22017998 -0.34362301 -0.50209826 -0.56876034 -0.64577496 -0.74995154
 -0.78763533 -0.81312603 -0.84552073 -0.86619097 -0.89761275 -0.88653761
 -0.88763064 -0.84645593 -0.78879797 -0.69525898 -0.56431246 -0.45820022
 -0.33255136 -0.17210941 -0.01614005  0.10131077  0.25841206  0.40671107
  0.52978188  0.62392586  0.67907912  0.68263072  0.69170415  0.68364286
  0.66996545  0.6047433   0.50284845  0.40015465  0.20238033  0.03093038
 -0.09874626 -0.24533835 -0.44206724 -0.60620022 -0.71337682 -0.83573908
 -0.92442083 -0.96687567 -1.00150013 -1.04121733 -1.04361093 -1.04169512
 -1.02101564 -0.99144429 -0.94504392 -0.8885498  -0.8192786  -0.73284656
 -0.63790888 -0.54073429 -0.43344533 -0.26679438 -0.09154338  0.08473226
  0.24375749  0.47573245  0.74242026  0.95640236  1.14540565  1.37439406
  1.59464192  1.76883233  1.91759193  2.0227859   2.00201488  1.91306674
  1.85938513  1.88450313  1.98453379  2.05856323  2.07418656  1.99307513
  1.83840024  1.6597538   1.49724233  1.35360384  1.16344762  0.90947604
  0.6823048   0.52656102  0.33182567  0.16515465 -0.04367945 -0.24029858
 -0.38857642 -0.52049655 -0.68236458 -0.81721383 -0.96673882 -1.1033709
 -1.22422302]
[-1.82589042 -1.7660203  -1.6926291  -1.61605132 -1.52720451 -1.42571688
 -1.31197476 -1.2041893  -1.09923077 -0.9757728  -0.85661334 -0.73758018
 -0.61037046 -0.47201365 -0.33965668 -0.18936424 -0.03054479  0.1311411
  0.28011581  0.42511445  0.57105386  0.72571313  0.90126169  1.06522036
  1.21113265  1.35322881  1.48781335  1.61991525  1.73893476  1.81949258
  1.87929976  1.89350343  1.87910795  1.81454897  1.7178694   1.6168288
  1.54019535  1.4966644   1.46228182  1.44154978  1.39349043  1.34018707
  1.27924526  1.18266571  1.0753392   0.97410643  0.86877942  0.78389806
  0.70092547  0.60293907  0.51340389  0.42095152  0.33222422  0.25159946
  0.15764697  0.06475867 -0.03378146 -0.13530339 -0.22070099 -0.27718744
 -0.32053459 -0.37147003 -0.41277191 -0.45491964 -0.48773959 -0.50204134
 -0.51046079 -0.51438725 -0.51293617 -0.51456898 -0.51217759 -0.48761523
 -0.4385618  -0.3880271  -0.32048458 -0.24861161 -0.18807071 -0.14482842
 -0.10241282 -0.08889324 -0.08332687 -0.10216331 -0.14852959 -0.2212078
 -0.27545798 -0.32631183 -0.38914678 -0.45346203 -0.49772501 -0.53741294
 -0.56406075 -0.56666684 -0.5697031  -0.56834549 -0.56739485 -0.5622322
 -0.55278033 -0.51905781 -0.48195505 -0.42359638 -0.37086153]
[ 0.83600247  0.74285865  0.66127878  0.51522714  0.40819904  0.31508967
  0.18281959  0.04944939 -0.10465908 -0.33857915 -0.57639438 -0.85725462
 -1.13211274 -1.46154177 -1.75300658 -1.93613458 -2.21933675 -2.5630393
 -2.82882214 -3.03380823 -3.19528604 -3.33074307 -3.4223721  -3.47635508
 -3.49128509 -3.44823074 -3.37746429 -3.23885226 -2.98174143 -2.67302108
 -2.42441916 -2.13800621 -1.75662363 -1.44157422 -1.1621511  -0.79477477
 -0.49258354 -0.26691291 -0.12382694  0.07360549  0.24229023  0.37385628
  0.51854092  0.7033543   0.81670088  0.89997751  0.96205437  1.00920188
  0.99790496  1.00270379  1.09288597  1.06916499  1.06080317  1.01799417
  0.99781728  0.91879058  0.83552557  0.88964206  0.97874171  0.94222391
  0.9503094   1.03036427  1.03871524  1.15941477  1.34277177  1.58770847
  1.82358193  1.98276663  1.93747461  1.76162219  1.40741956  1.03509092
  0.82814026  0.66194296  0.49324366  0.42896292  0.42096975  0.42932203
  0.47566867  0.54922378  0.57636082  0.67011833  0.78973317  0.88335198
  0.9282583   0.90096456  0.93413526  0.98426408  0.96413803  0.9355849
  0.92281348  0.86726826  0.78499901  0.7009576   0.60483718  0.49953955
  0.35359031  0.19860695  0.04524112 -0.13960448 -0.3545512 ]
[ 0.33902565  0.44653633  0.55321383  0.61861855  0.69208956  0.74459279
  0.8136186   0.92477649  0.99514431  1.04418814  1.13734794  1.28114963
  1.40905082  1.50050414  1.59415948  1.68279028  1.74254191  1.82483852
  1.87807155  1.88554263  1.84824276  1.75797844  1.59425843  1.4129914
  1.24528623  1.13369453  1.0142473   0.89363474  0.76750433  0.65535372
  0.57992297  0.55255663  0.53932554  0.50016272  0.45218369  0.42307696
  0.40891799  0.37893087  0.34363505  0.26969931  0.24670212  0.21863568
  0.14762262  0.07052083  0.01363154 -0.04448333 -0.11102812 -0.16960286
 -0.25408193 -0.30895284 -0.3596788  -0.40267375 -0.48493683 -0.53784144
 -0.64037502 -0.72746676 -0.77018261 -0.77345705 -0.79834384 -0.78217393
 -0.77064681 -0.78878224 -0.84706461 -0.87637955 -0.87149632 -0.86642069
 -0.86684126 -0.87674296 -0.86431408 -0.82361352 -0.74965632 -0.73030055
 -0.69121152 -0.64218289 -0.61383069 -0.56406999 -0.47395921 -0.4017722
 -0.34950289 -0.3022598  -0.28039485 -0.21684001 -0.16298157 -0.07523077
  0.00396465  0.0528205   0.09253205  0.13925669  0.17474774  0.19587655
  0.22416022  0.24783772  0.27642167  0.31873414  0.34361321  0.38804775
  0.45407417  0.5270195   0.61352187  0.68583119  0.77669662]
[-1.93960643 -2.21070933 -2.4801209  -2.75993252 -2.99622416 -3.19241214
 -3.34835649 -3.44911098 -3.5078938  -3.52773428 -3.49042416 -3.4354372
 -3.33924365 -3.17647743 -2.92757988 -2.66647339 -2.38372779 -2.06421471
 -1.76063442 -1.4819622  -1.17846632 -0.91191453 -0.67988551 -0.47827399
 -0.29264718 -0.1244636   0.02119385  0.15598156  0.28275457  0.41336292
  0.53054082  0.63417137  0.75650179  0.83347023  0.86149061  0.8970077
  0.91313034  0.91041732  0.8908602   0.89864451  0.86872786  0.86856836
  0.88181049  0.95598692  1.02294266  1.02937818  1.09054756  1.14348984
  1.2114321   1.37705863  1.53806305  1.71855092  1.87175524  1.88536644
  1.76046658  1.53456795  1.23152924  0.99600768  0.84881443  0.72486645
  0.60483003  0.55916679  0.52864808  0.57236028  0.62892365  0.70632738
  0.70923239  0.7448225   0.82202679  0.8872788   0.88000709  0.91473371
  0.95117253  0.94753557  0.90788317  0.87977833  0.83871883  0.76254076
  0.67562795  0.57519877  0.48211661  0.37006062  0.26732308  0.15311438
  0.01057999 -0.16611604 -0.36319831 -0.57049501 -0.75645292 -0.95010328
 -1.12219799 -1.25343323 -1.41184807 -1.59882736 -1.75635016 -1.87091601
 -1.92351019 -1.939376   -1.93272555 -1.90077722 -1.81188464]
[ 1.11806738  1.15899277  1.20337963  1.28079677  1.29334378  1.30241668
  1.36665821  1.34871161  1.33969557  1.33523452  1.23017669  1.16917801
  1.12947941  1.01132417  0.9646771   0.84230912  0.6935364   0.54471606
  0.41566268  0.28473502  0.13741951 -0.04605452 -0.22318289 -0.43929523
 -0.66695786 -0.91954064 -1.21392202 -1.52525961 -1.78354907 -2.01706672
 -2.31528091 -2.6385262  -2.88877439 -3.08783603 -3.25666499 -3.40997601
 -3.48128414 -3.50758719 -3.49232483 -3.45305872 -3.38932705 -3.26123452
 -3.04661107 -2.78105831 -2.4952867  -2.18655491 -1.87171686 -1.57434237
 -1.24528956 -0.95543993 -0.67768145 -0.44290626 -0.24840009 -0.08178627
  0.08063661  0.23149449  0.37535685  0.47631189  0.61430317  0.74509192
  0.86392283  0.93163329  0.96782839  1.0076412   1.06474173  1.09811151
  1.03695893  1.00052178  1.04893923  0.99639767  0.97910792  0.97115326
  0.96880192  0.95569038  0.9544065   1.0228442   1.08449304  1.1333338
  1.327595    1.53425217  1.74411118  1.88413358  1.89096999  1.75118947
  1.39898825  1.10132504  0.85943818  0.7305553   0.66137147  0.60576409
  0.56408316  0.50920963  0.55471915  0.59192276  0.66354793  0.71584868
  0.7600891   0.83003038  0.92916882  0.96959722  1.01293778]
[-1.20039082 -1.09909868 -0.98940802 -0.87332141 -0.74729693 -0.57523042
 -0.41786832 -0.27311993 -0.10158357  0.04024948  0.11451721  0.16034001
  0.17843129  0.16606621  0.13236703  0.04280966 -0.07355814 -0.26675177
 -0.46699804 -0.60429752 -0.75064707 -0.97724736 -1.16795456 -1.28512883
 -1.4409132  -1.51338446 -1.51870048 -1.52320206 -1.54313564 -1.53047943
 -1.49401438 -1.42271113 -1.36057019 -1.29366148 -1.18547034 -1.05033493
 -0.90475953 -0.75790346 -0.60521883 -0.45639756 -0.20416278  0.0630762
  0.29952839  0.53339016  0.7907232   1.07996666  1.30454779  1.47573602
  1.6896199   1.85926116  1.959939    2.06414962  2.06918311  1.91570938
  1.68939376  1.45032549  1.30548716  1.3279804   1.48848462  1.67153537
  1.79698801  1.75031066  1.65577662  1.59240115  1.48552632  1.33695972
  1.11547852  0.91170996  0.70380569  0.50544226  0.3297447   0.09967743
 -0.13620637 -0.30356982 -0.44620481 -0.63433838 -0.81514257 -0.96625018
 -1.11409914 -1.22846317 -1.3050859  -1.31977785 -1.33222342 -1.36291528
 -1.33399618 -1.28206301 -1.25413692 -1.18600488 -1.07826889 -0.98701894
 -0.82160485 -0.62757307 -0.44940743 -0.31376916 -0.1070158   0.05038403
  0.21401975  0.3798624   0.52230757  0.58983481  0.61408579  0.59329367
  0.52612972  0.41526222  0.29707247  0.11372589 -0.06838299 -0.25632107
 -0.44474471 -0.59089696]
[-1.25814664 -1.15635121 -1.08079743 -0.99050426 -0.88572657 -0.73651278
 -0.6597544  -0.6019823  -0.55845726 -0.53322262 -0.53715277 -0.57481301
 -0.62903714 -0.72156537 -0.84895486 -0.98981267 -1.08006406 -1.19755399
 -1.3299427  -1.47418249 -1.53690577 -1.62716746 -1.63031566 -1.62168038
 -1.58340287 -1.5560472  -1.51245296 -1.43591106 -1.3325659  -1.25719345
 -1.16265488 -1.0238173  -0.86560714 -0.72089243 -0.5691781  -0.39843693
 -0.21964262  0.02750432  0.27248618  0.50809538  0.72857523  0.97694713
  1.23632979  1.46886396  1.60717928  1.77276742  1.90251696  1.98832798
  2.06835175  2.04680753  1.88091302  1.647838    1.38449335  1.19511092
  1.16836798  1.26999235  1.43329978  1.54709125  1.51826739  1.43710494
  1.3888042   1.30450904  1.17203951  1.03095126  0.86614496  0.67157835
  0.49586958  0.35944116  0.13819429 -0.06087569 -0.22455306 -0.35988513
 -0.52177382 -0.67701745 -0.80965799 -0.91556394 -1.00258553 -1.04382253
 -1.05331933 -1.06695449 -1.08581841 -1.03650737 -0.98146617 -0.93495566
 -0.8843779  -0.78607512 -0.69795471 -0.54394221 -0.36270139 -0.19160257
 -0.06801309  0.11271189  0.26401246  0.39556339  0.51467389  0.69237363
  0.77326638  0.78919584  0.76383251  0.70905876  0.61882466  0.51734787
  0.3465617   0.17876001 -0.01430642 -0.18601738 -0.3366147  -0.40807843
 -0.54379511 -0.68055111 -0.80856121 -0.92201155 -0.9747563  -0.99194789]
[-1.34023821 -1.34364223 -1.34314275 -1.33043838 -1.30788004 -1.26016974
 -1.229684   -1.1788063  -1.11567795 -1.0250572  -0.98790747 -0.96006483
 -0.92705798 -0.91034365 -0.91663563 -0.94551748 -0.99471223 -1.05844975
 -1.14250159 -1.22885525 -1.28254855 -1.35590601 -1.43015301 -1.51384544
 -1.53583276 -1.56036794 -1.53446329 -1.49847972 -1.43950975 -1.38990068
 -1.32292473 -1.23265874 -1.12634981 -1.04638565 -0.94265473 -0.80681872
 -0.67007643 -0.5280171  -0.38154057 -0.22248225 -0.05140172  0.16593766
  0.37350735  0.56969142  0.76588923  0.98034257  1.19468617  1.36819315
  1.48195922  1.62887585  1.71229064  1.7812165   1.83741093  1.7928499
  1.64686918  1.46236873  1.24942851  1.11523747  1.09922552  1.19170177
  1.30515683  1.34715366  1.32712924  1.26233554  1.21396804  1.12748742
  1.02808893  0.90291578  0.77281189  0.62725431  0.48629925  0.36985135
  0.20572425  0.04802867 -0.07664539 -0.18185925 -0.31540132 -0.44142881
 -0.5595755  -0.63544798 -0.70875192 -0.73395169 -0.74850535 -0.76980966
 -0.76941544 -0.73934114 -0.70836115 -0.66569668 -0.62561601 -0.5691641
 -0.49651566 -0.36631432 -0.24986047 -0.12016778 -0.01307486  0.1236941
  0.23218459  0.32601774  0.42246896  0.56349713  0.60670197  0.61584872
  0.57986146  0.52439439  0.44923991  0.35804492  0.21268626  0.08000244
 -0.08418122 -0.21299161 -0.31602016 -0.38512951 -0.48789042 -0.59566456
 -0.6860944  -0.76587731 -0.80384892 -0.82217991]
[-0.7028746  -0.80888522 -0.90659362 -1.00026703 -1.08730865 -1.16468155
 -1.24824631 -1.31114554 -1.37623322 -1.43980229 -1.49474716 -1.54012728
 -1.55892277 -1.57549524 -1.59767222 -1.61753356 -1.63059962 -1.62753439
 -1.62998271 -1.63992059 -1.6393441  -1.63886476 -1.63600063 -1.63307667
 -1.62033403 -1.59163976 -1.56061196 -1.52724504 -1.47970724 -1.4229728
 -1.3532337  -1.27753472 -1.19568932 -1.10073042 -1.00984931 -0.90582478
 -0.80420995 -0.69594842 -0.58211637 -0.46744397 -0.35846785 -0.24542995
 -0.11532789  0.01816677  0.15316842  0.2849122   0.42249677  0.56399667
  0.70145088  0.83724785  0.97080016  1.08891714  1.19156659  1.27777541
  1.35636234  1.41351199  1.43829203  1.44919479  1.41803396  1.33796668
  1.25034463  1.16691256  1.11934626  1.09828186  1.09992206  1.08224368
  1.04753757  1.00874186  0.96820819  0.90760809  0.84398395  0.78281868
  0.7080279   0.63652235  0.57616055  0.51059192  0.44537151  0.37712637
  0.3040309   0.23685674  0.1697911   0.09105471  0.00280283 -0.08207006
 -0.14708315 -0.19728555 -0.23271702 -0.25297484 -0.27885553 -0.29280651
 -0.30658245 -0.31259894 -0.31410027 -0.30107322 -0.28615978 -0.2676937
 -0.24580136 -0.21344697 -0.17401673 -0.13355304 -0.08915859 -0.05098325
 -0.01418868  0.02954071  0.06738751  0.07678187  0.07367534  0.0506945
  0.00480274 -0.04912736 -0.09610214 -0.15443574 -0.21712001 -0.27018794
 -0.31956202 -0.35855201 -0.39250177 -0.41251865 -0.42789727 -0.44618022
 -0.46490511 -0.46469063 -0.46876296 -0.46213019 -0.44338751 -0.41620934]
[-0.37293765 -0.4850271  -0.60262865 -0.71070313 -0.81981689 -0.92881548
 -1.03384101 -1.13254523 -1.23541617 -1.3307662  -1.42565513 -1.51168144
 -1.59012377 -1.65764058 -1.71167862 -1.76312184 -1.80946374 -1.8376503
 -1.85276341 -1.85715318 -1.86318457 -1.85379028 -1.83643818 -1.81875479
 -1.78763521 -1.73878562 -1.68465698 -1.61599684 -1.54220247 -1.46052337
 -1.37572241 -1.28656685 -1.18519354 -1.09011734 -0.98572916 -0.88525319
 -0.78253371 -0.67563671 -0.56699133 -0.45876059 -0.34647387 -0.2357824
 -0.12711588 -0.01114725  0.10813521  0.22368509  0.3398782   0.44801289
  0.55499345  0.66354865  0.77609223  0.88482153  0.97905773  1.06676126
  1.14740014  1.21722519  1.26606941  1.30133927  1.32260466  1.32209146
  1.30069494  1.25650764  1.21380281  1.17718434  1.13999999  1.09955513
  1.0551455   0.99044126  0.9285571   0.88433546  0.837511    0.77865499
  0.72757918  0.67727959  0.62889659  0.59042305  0.55153573  0.50672656
  0.46387076  0.42458493  0.37612864  0.32680255  0.27392447  0.2117326
  0.13559759  0.06418364  0.00583145 -0.03709202 -0.07176023 -0.10618868
 -0.13772286 -0.16894706 -0.19350858 -0.21319689 -0.2286693  -0.23841402
 -0.25052652 -0.26586518 -0.27938741 -0.28097707 -0.27903628 -0.27221972
 -0.25783205 -0.24576165 -0.23580357 -0.22564536 -0.21764599 -0.21902858
 -0.23032776 -0.2519123  -0.2849915  -0.31333819 -0.33125418 -0.35189781
 -0.36746112 -0.38136092 -0.39282554 -0.39714667 -0.39513618 -0.38711745
 -0.37607977 -0.36708969 -0.35643309 -0.34105551 -0.33092633 -0.30456355
 -0.27308637 -0.23375665 -0.19403814]
[ 1.38433671  1.31118381  1.22539663  1.14525402  1.0474422   0.93028545
  0.81243485  0.6919179   0.55486232  0.43798327  0.32305121  0.17263131
  0.02694426 -0.14596641 -0.27628949 -0.41414467 -0.5548836  -0.71463299
 -0.8770147  -1.05782413 -1.2429533  -1.41099453 -1.60798192 -1.80835187
 -1.98319864 -2.13277459 -2.29609632 -2.44999814 -2.57735538 -2.66583848
 -2.75285673 -2.788764   -2.80268502 -2.81454945 -2.79534006 -2.75219083
 -2.68739748 -2.6236968  -2.50311446 -2.3408649  -2.20368886 -2.04085088
 -1.82043052 -1.60618806 -1.43465829 -1.23984504 -1.05249429 -0.89543712
 -0.7401678  -0.58844465 -0.44430277 -0.30272347 -0.15913473 -0.0357866
  0.10019826  0.23303829  0.3664521   0.49397466  0.61157572  0.7072106
  0.8278119   0.90471244  0.96035129  1.02600241  1.13498807  1.20458066
  1.24118733  1.3025713   1.40616953  1.48474061  1.4980377   1.536919
  1.58650184  1.57389617  1.62366247  1.63491488  1.62812483  1.59540582
  1.51613808  1.37024593  1.19223404  1.02340758  0.89725447  0.84145617
  0.76661211  0.6793617   0.62611777  0.58282477  0.56785905  0.54558063
  0.54537642  0.51591653  0.52648073  0.52918327  0.52361363  0.48292118
  0.46000111  0.43878493  0.37700033  0.30373561  0.23375304  0.19288178
  0.13686721  0.06467222  0.01545732 -0.05890936 -0.14153437 -0.19545238
 -0.25073054 -0.3466073  -0.40533063 -0.49786508 -0.60799003 -0.69901949
 -0.73030818 -0.79249239 -0.80866569 -0.79904008 -0.82889855 -0.8813929
 -0.88993716 -0.8792432  -0.87292737 -0.86178064 -0.8365351  -0.83002669
 -0.77404201 -0.69637805 -0.62096906 -0.54208654 -0.47585374]
[-1.66140556 -1.85619175 -2.0173614  -2.18419933 -2.36848164 -2.52544951
 -2.65361881 -2.74727631 -2.80903959 -2.8491385  -2.86242962 -2.84079123
 -2.79396844 -2.74542618 -2.66678119 -2.52671719 -2.36255288 -2.20428109
 -2.02031112 -1.8157773  -1.61439931 -1.43961179 -1.24838948 -1.07281816
 -0.9044534  -0.76829755 -0.62134659 -0.48182243 -0.36231509 -0.23500507
 -0.10494741  0.00931072  0.12745996  0.27302718  0.39345479  0.48419634
  0.56016463  0.65335399  0.70952821  0.76433051  0.8442542   0.91681176
  0.97530621  1.02026033  1.10578418  1.19886839  1.24715984  1.27418244
  1.33753693  1.34794796  1.42997742  1.48615241  1.54685485  1.60700834
  1.61076379  1.53383899  1.39079893  1.23640418  1.06934035  0.99432003
  0.91861588  0.83022618  0.78016788  0.73715711  0.72237748  0.72964758
  0.74861234  0.70585048  0.6877619   0.70184261  0.7120111   0.67661613
  0.64122128  0.64473271  0.62740266  0.56804228  0.5059461   0.44111776
  0.37320134  0.30055767  0.24321908  0.16506338  0.09880867  0.03321794
 -0.02055211 -0.1025375  -0.17986354 -0.29408434 -0.40339372 -0.51801652
 -0.60102725 -0.68229759 -0.74174196 -0.79306114 -0.85605198 -0.93548447
 -0.99821204 -1.01083231 -1.01584315 -1.02364409 -1.02672064 -1.00932634
 -0.9705478  -0.87813407 -0.80019206 -0.71473444 -0.63728124 -0.57612962
 -0.4808479  -0.39959365 -0.34082609 -0.256641   -0.18117511 -0.136372
 -0.0694823  -0.02220964  0.04546424  0.11230692  0.15336916  0.17841373
  0.22195379  0.23391424  0.2584717   0.27331039  0.28968394  0.2909072
  0.27315068  0.30423829  0.32095125  0.34213805  0.3814564 ]
[-0.00895595 -0.12595798 -0.24808107 -0.35941231 -0.48650616 -0.59869373
 -0.71385795 -0.83692729 -0.95939338 -1.07505953 -1.19446123 -1.31438398
 -1.42763257 -1.53781557 -1.63257539 -1.72737837 -1.8108685  -1.88628578
 -1.94426656 -1.98722649 -2.01177454 -2.02087355 -2.02381229 -2.0111773
 -1.98659611 -1.96064126 -1.9156698  -1.83662307 -1.76613045 -1.67828345
 -1.57504845 -1.46412981 -1.35975695 -1.25236678 -1.13523531 -1.0248704
 -0.90934306 -0.80304092 -0.69773638 -0.58572638 -0.47557023 -0.37171787
 -0.2586405  -0.14687788 -0.03611179  0.07538908  0.18586409  0.28959382
  0.39528888  0.49239045  0.57775581  0.66096157  0.76146036  0.85950029
  0.93025964  0.99963605  1.07055879  1.14065385  1.17444718  1.2060864
  1.23733795  1.2377373   1.24328899  1.2301985   1.22051644  1.20893681
  1.17416179  1.12386346  1.05555177  0.97002864  0.89917284  0.85108685
  0.81563193  0.75934398  0.71231174  0.67357939  0.64420742  0.62090522
  0.59883058  0.56160128  0.53263593  0.51308477  0.47763509  0.44008321
  0.39554617  0.34705245  0.27750099  0.20607193  0.14102249  0.09900758
  0.06020929  0.01347531 -0.02775535 -0.06670749 -0.10857116 -0.14100304
 -0.16794994 -0.20019643 -0.22979617 -0.26518604 -0.30880693 -0.33944932
 -0.36116225 -0.3794868  -0.38541687 -0.39041451 -0.40252551 -0.41442651
 -0.41976133 -0.42509586 -0.43580267 -0.45243374 -0.47123885 -0.48956063
 -0.48849568 -0.47735944 -0.47579536 -0.46475235 -0.44709855 -0.43284076
 -0.41676903 -0.39277071 -0.36170077 -0.33277193 -0.30403447 -0.2795642
 -0.25957599 -0.22773626 -0.18835625 -0.14621066 -0.10133451 -0.0677091 ]
[ 0.42650062  0.29591775  0.17942962  0.0484906  -0.0747271  -0.19026633
 -0.30694428 -0.43821895 -0.55553359 -0.69157696 -0.83398658 -0.97377729
 -1.11154795 -1.26623476 -1.39994884 -1.53299308 -1.65408552 -1.77741027
 -1.89640892 -1.99543703 -2.07519627 -2.14629054 -2.18552375 -2.20975733
 -2.21907187 -2.20407772 -2.17542195 -2.14712    -2.10188699 -1.99910307
 -1.89758468 -1.79354024 -1.66258311 -1.52280974 -1.38261831 -1.25486135
 -1.10681868 -0.97433954 -0.85094678 -0.73891366 -0.61938268 -0.5047161
 -0.39916107 -0.28539792 -0.17159949 -0.06032173  0.04527147  0.16192852
  0.26839745  0.3611654   0.45205319  0.54373175  0.60485685  0.66577369
  0.75043035  0.81965333  0.88137519  0.93313247  0.99791712  1.06338
  1.09756625  1.12243366  1.16220379  1.16266382  1.20247865  1.22442782
  1.24698043  1.26942408  1.2616148   1.21056902  1.12192452  1.0129813
  0.89775383  0.84038705  0.80318308  0.73790228  0.70172024  0.66457111
  0.64981145  0.64002156  0.64936084  0.61737901  0.59350961  0.59846771
  0.59058005  0.55192417  0.51366526  0.49087554  0.44165367  0.36249572
  0.30105758  0.25280306  0.20775488  0.14680059  0.09608036  0.04095101
 -0.0149599  -0.07276638 -0.1062953  -0.16041036 -0.21384493 -0.27926147
 -0.34998646 -0.42493483 -0.47548234 -0.519288   -0.55416089 -0.58468205
 -0.61409116 -0.65236849 -0.68802255 -0.69404    -0.70076722 -0.71482801
 -0.72308356 -0.72503626 -0.71571875 -0.66821492 -0.63813865 -0.58887708
 -0.54489553 -0.50891536 -0.45958149 -0.40739259 -0.36932305 -0.3126899
 -0.26016927 -0.22183028 -0.17969529 -0.14101236 -0.08585936 -0.03035269
  0.01038914  0.04200696  0.08742263  0.12266535  0.15516146]
[-0.73891246 -0.92212546 -1.10884893 -1.29929876 -1.4960078  -1.70028448
 -1.89215255 -2.03750539 -2.19582272 -2.38107657 -2.53238368 -2.65260625
 -2.72896838 -2.7750175  -2.80653262 -2.80402017 -2.77152753 -2.71532869
 -2.65911627 -2.5774765  -2.44254756 -2.26530194 -2.1059742  -1.92261052
 -1.71561575 -1.51753116 -1.34304667 -1.15888178 -0.99099731 -0.81738442
 -0.68589842 -0.54623765 -0.41256997 -0.29294822 -0.17473905 -0.05352584
  0.0594566   0.17489174  0.3208001   0.44792077  0.51993197  0.58942765
  0.67458344  0.72701454  0.77715296  0.84128857  0.92373431  0.97651911
  1.01499057  1.11256552  1.22537637  1.27242529  1.30672479  1.39330137
  1.41297793  1.51000011  1.58454156  1.6556052   1.71063411  1.68395352
  1.58449674  1.42882049  1.25637293  1.08430409  1.00687802  0.92124057
  0.81849098  0.76122802  0.70637953  0.68542701  0.69370931  0.71133089
  0.66359651  0.64624614  0.65993345  0.67420411  0.63893014  0.60375345
  0.60073364  0.58274698  0.52110648  0.44764778  0.39060631  0.32817671
  0.25472718  0.1937229   0.10706339  0.03736871 -0.03044626 -0.08226962
 -0.17734091 -0.26572937 -0.37710106 -0.50300729 -0.61629236 -0.69869268
 -0.79174984 -0.84079087 -0.87921488 -0.94609356 -1.02413189 -1.08179247
 -1.09225774 -1.09193468 -1.09425771 -1.0893029  -1.06232059 -1.01529396
 -0.91676068 -0.82299882 -0.74288988 -0.66093904 -0.59132606 -0.49046335
 -0.41596195 -0.34227604 -0.26112807 -0.18228193 -0.13129078 -0.06322364
 -0.01404901  0.06167777  0.13173938  0.17577071  0.20051305  0.24828163
  0.25268179  0.2790767   0.29614773  0.31064036  0.30799395  0.28988835
  0.32252759  0.34112668  0.3705492   0.40972176  0.41844773  0.43710563]
[ 1.44639349  1.39782119  1.34093773  1.27106106  1.19611239  1.14108324
  1.04554546  0.93141609  0.80450016  0.71117544  0.57421291  0.47020027
  0.37350711  0.22560768  0.04718082 -0.09165313 -0.23669276 -0.38282606
 -0.53378767 -0.67467242 -0.83841443 -1.02697027 -1.21958494 -1.3891834
 -1.59438646 -1.79149103 -1.97821629 -2.173347   -2.3178637  -2.48350453
 -2.64616895 -2.75878167 -2.8383708  -2.87634587 -2.89330506 -2.88920331
 -2.87045956 -2.80147433 -2.72846556 -2.64141273 -2.50798225 -2.312289
 -2.14701509 -1.96037662 -1.75223684 -1.49474561 -1.30940306 -1.13246286
 -0.94192028 -0.76445502 -0.58492404 -0.4615722  -0.31918958 -0.18423763
 -0.04155498  0.05808343  0.18248552  0.31184706  0.45374349  0.57131261
  0.67505801  0.77143657  0.85438269  0.94397283  0.97161841  1.01918471
  1.11162364  1.20254123  1.22396863  1.25372851  1.31435955  1.41355872
  1.41989648  1.44717562  1.5151943   1.51404226  1.57120824  1.62450516
  1.66620493  1.63626885  1.54546559  1.37517154  1.19497716  1.01973617
  0.90212286  0.83216387  0.78884006  0.71365494  0.6337623   0.59082067
  0.58719063  0.58192599  0.57479823  0.54614067  0.54897344  0.56800354
  0.56366783  0.55640012  0.51711112  0.47820309  0.41883725  0.37036854
  0.29438248  0.28457835  0.22974384  0.13419965  0.07476959 -0.00916586
 -0.09456936 -0.15512006 -0.21856791 -0.32021564 -0.40314332 -0.51486951
 -0.62798029 -0.76018286 -0.82136017 -0.90387136 -0.9450568  -0.95220238
 -0.99780405 -1.05119348 -1.08275211 -1.08548164 -1.08328807 -1.06183183
 -1.02056968 -1.01178014 -0.92878205 -0.80342585 -0.73346233 -0.636195
 -0.511958   -0.43864214 -0.37069303 -0.29234585 -0.19380341 -0.0813827 ]
[-0.94554633 -1.1570549  -1.38045919 -1.5806253  -1.79494691 -2.0334537
 -2.19989228 -2.36045432 -2.57574892 -2.76632881 -2.87567687 -2.94004703
 -2.97708702 -2.992064   -2.97094035 -2.910496   -2.83400488 -2.74785519
 -2.62728763 -2.44642472 -2.23521304 -2.02211714 -1.81111884 -1.55558622
 -1.34713233 -1.13374186 -0.95779884 -0.76056272 -0.5679096  -0.42189488
 -0.29721847 -0.1692701  -0.04647015  0.05342155  0.15985177  0.26077473
  0.38644966  0.51663619  0.63875711  0.68898487  0.73416191  0.77562314
  0.8203488   0.83265972  0.86276948  0.94319272  0.98347944  0.98897243
  1.07242012  1.17679167  1.23557734  1.28933287  1.37997806  1.48123288
  1.59995866  1.71722066  1.8367753   1.87623966  1.80762565  1.63334215
  1.42702806  1.18836856  1.03017557  0.931059    0.83041757  0.75766605
  0.66943872  0.61802632  0.61589026  0.66101319  0.67494851  0.6345557
  0.64781916  0.66818851  0.68805796  0.68639857  0.67548227  0.65868461
  0.63588482  0.58701986  0.50544357  0.4497903   0.40549496  0.32128426
  0.23678626  0.12730062  0.03665801 -0.03917548 -0.10802197 -0.23567128
 -0.35084996 -0.50360942 -0.6663174  -0.80367386 -0.90118009 -1.04849124
 -1.09366143 -1.15925622 -1.27092707 -1.34906459 -1.37445557 -1.41374326
 -1.41148794 -1.39781654 -1.36582696 -1.31650674 -1.20913637 -1.05801117
 -0.93196303 -0.82773149 -0.68812275 -0.57935929 -0.45834962 -0.37627286
 -0.27211401 -0.16682266 -0.07700524 -0.01544793  0.07059567  0.13023494
  0.20384017  0.28568837  0.34517127  0.36311784  0.3864333   0.39380181
  0.40226808  0.41357011  0.41213802  0.36559704  0.35970417  0.37992442
  0.37063381  0.39773962  0.4117088   0.42552477  0.43332425  0.43449348
  0.46173206  0.51389807]
[ 2.535707    2.65738368  2.73260832  2.75209236  2.70289707  2.61990929
  2.53572655  2.48321915  2.38353491  2.28312087  2.16549587  2.0476625
  1.92878127  1.80061853  1.66917658  1.51886404  1.37551963  1.24087441
  1.08987558  0.91939664  0.75233519  0.57387781  0.38565853  0.19751702
 -0.00848024 -0.18855669 -0.39006415 -0.58358681 -0.78486025 -1.00126863
 -1.21267259 -1.44257045 -1.672562   -1.88841164 -2.0962522  -2.32330823
 -2.49122167 -2.65426183 -2.81698394 -2.9387579  -3.02826595 -3.08909249
 -3.12414336 -3.14645481 -3.142663   -3.12769532 -3.08977723 -3.01966047
 -2.92695951 -2.78576374 -2.63000488 -2.48562431 -2.31600356 -2.13014579
 -1.95102847 -1.79730332 -1.63647902 -1.47229052 -1.32049978 -1.18894815
 -1.04629552 -0.90847683 -0.77862549 -0.65080702 -0.51639491 -0.38480192
 -0.25663629 -0.11787628 -0.0101945   0.07754342  0.16767089  0.25075451
  0.28527504  0.31208777  0.34319308  0.37428087  0.38019949  0.39645979
  0.45214972  0.540218    0.59680736  0.70124847  0.84934974  0.99045652
  1.16757274  1.35750592  1.54972184  1.73335576  1.85978591  1.95049727
  1.98276317  1.97128522  1.95077789  1.92826426  1.8812325   1.81055641
  1.75294507  1.7159369   1.70204282  1.70408058  1.69073248  1.65771341
  1.6536181   1.64443076  1.61130214  1.57345629  1.49576569  1.43681812
  1.39033163  1.34260118  1.30433524  1.26745033  1.20627117  1.12618744
  1.06672812  0.99212098  0.90858233  0.82960659  0.74098587  0.61374837
  0.49207115  0.37413684  0.21930192  0.07929702 -0.04163512 -0.16179246
 -0.29459432 -0.4267402  -0.56521285 -0.71089357 -0.85296541 -0.94515395
 -1.03761053 -1.12391639 -1.2033385  -1.26710916 -1.2830286  -1.29475272
 -1.30429745 -1.28826213]
[ 8.88156056e-01  7.66321719e-01  6.92573726e-01  5.46055913e-01
  4.25583392e-01  2.55953342e-01  1.24462590e-01  1.38175243e-03
 -1.35578170e-01 -2.89607406e-01 -4.33478951e-01 -6.20924532e-01
 -8.22518051e-01 -1.02813959e+00 -1.24285316e+00 -1.48136497e+00
 -1.68976319e+00 -1.90297031e+00 -2.09362578e+00 -2.29496360e+00
 -2.51288342e+00 -2.68538547e+00 -2.82072449e+00 -2.93408561e+00
 -2.98987412e+00 -3.03317070e+00 -3.02329135e+00 -2.97870755e+00
 -2.92423511e+00 -2.86297226e+00 -2.74639893e+00 -2.54997444e+00
 -2.34787583e+00 -2.15181923e+00 -1.92072117e+00 -1.67085302e+00
 -1.43786693e+00 -1.22400463e+00 -9.91853833e-01 -8.01021934e-01
 -6.28788769e-01 -4.93033290e-01 -3.43626022e-01 -2.10613549e-01
 -8.53336602e-02  2.87201516e-02  1.58223376e-01  2.72676498e-01
  3.73912722e-01  5.12848854e-01  5.99823117e-01  6.56412303e-01
  7.12878406e-01  7.81210244e-01  7.91345298e-01  8.01595509e-01
  8.58923554e-01  9.11724269e-01  9.21312630e-01  9.35452819e-01
  1.01319337e+00  1.10407770e+00  1.11831224e+00  1.16627848e+00
  1.26062083e+00  1.28655422e+00  1.42777860e+00  1.56135249e+00
  1.70738518e+00  1.81602263e+00  1.80327332e+00  1.70562685e+00
  1.50397110e+00  1.25995350e+00  1.06362200e+00  9.85831857e-01
  9.14826632e-01  8.01930249e-01  7.54606962e-01  6.89828992e-01
  6.96579278e-01  7.19395220e-01  7.60318339e-01  7.23743021e-01
  7.25644886e-01  7.79721975e-01  8.11355293e-01  7.89437354e-01
  7.64020503e-01  7.80357480e-01  7.38251567e-01  6.59640431e-01
  6.12921476e-01  5.84780514e-01  5.39233148e-01  4.39008921e-01
  3.56060475e-01  2.75910318e-01  1.66278735e-01  7.04706535e-02
  8.01684521e-03 -1.18758775e-01 -2.45838940e-01 -3.86617362e-01
 -5.51421285e-01 -7.29086637e-01 -8.62769723e-01 -9.76947665e-01
 -1.08005607e+00 -1.17760611e+00 -1.27072930e+00 -1.37730563e+00
 -1.48695350e+00 -1.50725162e+00 -1.52113783e+00 -1.52466214e+00
 -1.50563979e+00 -1.45332789e+00 -1.36623776e+00 -1.21383643e+00
 -1.11181653e+00 -9.59778666e-01 -8.18175018e-01 -7.18234062e-01
 -5.92810750e-01 -4.70834762e-01 -3.81642461e-01 -2.61583745e-01
 -1.43564075e-01 -6.81446269e-02  1.39319664e-02  8.88354629e-02
  1.85652897e-01  2.61329174e-01  3.02803367e-01  3.20426702e-01
  3.63446385e-01  3.68401736e-01  3.75109822e-01  3.87043267e-01]
[ 1.01858556  0.91122806  0.81606477  0.72223753  0.59603238  0.50914621
  0.41070253  0.2771489   0.14906636  0.00535791 -0.12115499 -0.2358634
 -0.36666575 -0.49813029 -0.62819707 -0.78560644 -0.95130336 -1.10836387
 -1.26083112 -1.44050574 -1.59960663 -1.74818945 -1.87277508 -2.01592159
 -2.15023661 -2.24958086 -2.33300972 -2.37246752 -2.39471841 -2.40659142
 -2.39736509 -2.35269475 -2.30161905 -2.25522685 -2.17104173 -2.013381
 -1.88535666 -1.7577225  -1.57755733 -1.38151085 -1.23748934 -1.07922637
 -0.91542631 -0.77188015 -0.63099295 -0.51219684 -0.39013213 -0.27748984
 -0.1581044  -0.05223822  0.05504677  0.16451865  0.27913874  0.41402969
  0.49994224  0.5777275   0.65821224  0.73131502  0.77349812  0.80891001
  0.88382244  0.96480179  0.97534472  1.00891244  1.07501531  1.15004003
  1.14925468  1.17383969  1.22849798  1.2471627   1.30284095  1.36356008
  1.41692352  1.42689562  1.37390339  1.26642132  1.14058042  0.98395252
  0.89606214  0.8478331   0.80463117  0.73440057  0.68891978  0.66187131
  0.66034728  0.66790998  0.65874118  0.6184448   0.61698127  0.63010556
  0.61017907  0.57645398  0.53911507  0.5212751   0.45218667  0.38776043
  0.3146818   0.27405703  0.226686    0.13964416  0.07106638 -0.00326056
 -0.0856906  -0.14579742 -0.20494923 -0.29149595 -0.38390788 -0.4788489
 -0.58368719 -0.67721069 -0.75567651 -0.82157952 -0.85392767 -0.89648902
 -0.94127744 -0.99222982 -1.02621102 -1.0317837  -1.03962135 -1.03720403
 -1.0205723  -0.99737918 -0.94202107 -0.84988421 -0.7834664  -0.71365803
 -0.62909144 -0.55963588 -0.4828774  -0.40915519 -0.3440952  -0.24949208
 -0.16872494 -0.11866461 -0.07074485  0.00431828  0.08067562  0.13553652
  0.17987415  0.21970591  0.26701912  0.28162098  0.31960049  0.35391814
  0.36318654  0.36293635  0.37629268]
[ 1.3507905   1.32153583  1.26714587  1.20635676  1.13404667  1.06772602
  1.0217402   0.91760391  0.82656974  0.69030559  0.6172381   0.49368715
  0.4057551   0.31213537  0.1709166   0.0072359  -0.10176795 -0.25423518
 -0.37003669 -0.50288415 -0.63633245 -0.78639787 -0.94981545 -1.11981606
 -1.26219845 -1.44696128 -1.629655   -1.7781806  -1.9268856  -2.0398581
 -2.2160151  -2.33732748 -2.41862416 -2.47972012 -2.50320911 -2.52012086
 -2.51229668 -2.47811627 -2.40964651 -2.34826207 -2.27389932 -2.15984273
 -1.98183906 -1.82822788 -1.65995252 -1.46915329 -1.27687824 -1.10458088
 -0.95918602 -0.79632235 -0.62942958 -0.4851144  -0.38360476 -0.265122
 -0.14410214 -0.02590142  0.04714112  0.15271159  0.27757919  0.41781384
  0.52483451  0.603118    0.68228328  0.74889302  0.8261072   0.83912665
  0.88694531  0.98783433  1.04921353  1.09270334  1.15002334  1.2016573
  1.2965076   1.30903113  1.3771354   1.44823909  1.49442732  1.5755899
  1.65509903  1.69282472  1.65437222  1.56398308  1.40781772  1.23555481
  1.08047831  0.97386676  0.87522095  0.83040679  0.75015581  0.67118031
  0.62066871  0.61856484  0.60182661  0.56809837  0.54303414  0.52269191
  0.52121282  0.50829083  0.4952549   0.46839109  0.44809157  0.37796298
  0.3104403   0.21668309  0.18957274  0.10324556  0.02086463 -0.059796
 -0.14111093 -0.22452447 -0.2795662  -0.37239406 -0.45963407 -0.56656593
 -0.68223351 -0.797535   -0.89560074 -0.99947494 -1.03992653 -1.06473422
 -1.11266029 -1.16965544 -1.18915248 -1.23058915 -1.23331189 -1.22232449
 -1.19461584 -1.15257919 -1.12369227 -1.04424596 -0.9151082  -0.8457275
 -0.74448246 -0.63309401 -0.54576463 -0.47569722 -0.39566171 -0.29945311
 -0.19340831 -0.11916863 -0.0630969   0.01297499  0.08296064  0.16711539
  0.21938372  0.27336505  0.31029642  0.3234705   0.36564675  0.40484327
  0.43156955  0.41597006  0.43330848  0.47739628  0.47380772  0.51477754
  0.56845206  0.5969156   0.62540299]
[ 1.70594561  2.15837073  2.54734278  2.87113953  3.149014    3.35283089
  3.48361516  3.54890847  3.51603055  3.4282434   3.29696488  3.1609056
  3.01938391  2.87712884  2.73215938  2.59070325  2.45343018  2.30874157
  2.1704936   2.02058458  1.87090623  1.71310067  1.55425894  1.38994753
  1.21877122  1.05552769  0.88831967  0.72168541  0.55167371  0.38937104
  0.22295626  0.048512   -0.12857319 -0.32065439 -0.49270323 -0.67723578
 -0.87034553 -1.05328381 -1.21787393 -1.37614226 -1.55341327 -1.71899867
 -1.86603963 -2.02431178 -2.16270256 -2.30188465 -2.44336247 -2.57330346
 -2.66888285 -2.74178743 -2.81056666 -2.84105897 -2.83903527 -2.82597756
 -2.80909419 -2.77871966 -2.73381758 -2.66618037 -2.59972501 -2.52411795
 -2.44439316 -2.3586762  -2.26805687 -2.17930722 -2.09401655 -1.99044001
 -1.88584447 -1.77898169 -1.67686129 -1.56829846 -1.45926774 -1.34905124
 -1.26048625 -1.1675173  -1.06409883 -0.97833437 -0.90528804 -0.83249515
 -0.74585813 -0.65350509 -0.56724453 -0.47988921 -0.36447728 -0.23146021
 -0.05315932  0.192102    0.52454621  0.92040473  1.33659708  1.76251853
  2.13751698  2.47145295  2.73436189  2.95991826  3.11327124  3.18811893
  3.16412711  3.10060906  3.00427556  2.91872048  2.82647467  2.73774672
  2.65432239  2.56267428  2.47561336  2.38975096  2.28639531  2.18989158
  2.09495401  2.01785088  1.95133328  1.88382804  1.81793725  1.74156094
  1.67552912  1.61536288  1.54626238  1.48051989  1.41044152  1.32997596
  1.2510004   1.16932869  1.06746209  0.96742845  0.85620296  0.75945681
  0.63736111  0.49107319  0.33266076  0.15683769 -0.04253445 -0.23782706
 -0.4499256  -0.66951227 -0.88977998 -1.12052095 -1.32355809 -1.50965536
 -1.67214525 -1.80054295 -1.91724706 -2.00356269 -2.08381987 -2.12948966
 -2.16009331 -2.18206096 -2.20413828 -2.2178309  -2.222893   -2.21112943
 -2.19042993 -2.1623919  -2.1288867  -2.09133911 -2.05244374 -2.00757384
 -1.95313704 -1.89402509 -1.84274828 -1.78219819 -1.72145271 -1.65374386
 -1.57039618 -1.47606921 -1.3603909  -1.24628592 -1.12447286 -0.99220401
 -0.83927327 -0.66405749 -0.46422982 -0.22711906]
