[ 0.04123157  0.03246648  0.03333766  0.03851614  0.04448064  0.0475957
  0.03902474  0.0264996   0.02105922  0.02561245  0.02913717  0.02493155
  0.02179764  0.02099921  0.01042626 -0.00365931 -0.01595523 -0.02555905
 -0.02450765 -0.02065929 -0.02067388 -0.01291743  0.00111015  0.01280982
  0.01330918  0.00465557 -0.00945113 -0.0286729  -0.03696678 -0.03932201]
[ 1.97840583  1.76521671  1.51182902  1.28589177  1.07311022  0.72863293
  0.40973854  0.1678248  -0.02924956 -0.07827909  0.03126461 -0.02349739
 -0.06023348  0.20082746  0.38566437  0.4982276   0.64003336  0.85742486
  1.24285185  1.58081532  1.75600374  1.73620164  1.50971961  1.55761778
  1.45686853  0.94377017  0.43707168  0.07356134 -0.05314403 -0.01316304
 -0.07635844 -0.14922674 -0.24181117 -0.52125454 -1.02892113]
[-1.37483466 -1.40776503 -1.34752882 -1.41217446 -1.40383267 -1.37322164
 -1.39024305 -1.3541187  -1.33934116 -1.35545254 -1.37291229 -1.40344763
 -1.40923023 -1.4157778  -1.41837919 -1.4324894  -1.44772506 -1.44025075
 -1.42563832 -1.42180622 -1.4093219  -1.39429224 -1.37877989 -1.33557439
 -1.30280888 -1.28568757 -1.2565192  -1.22486758 -1.22179818 -1.21425664
 -1.19037688 -1.17695296 -1.16216731 -1.168293   -1.167135  ]
[ 2.09681773  1.88087714  1.67767668  1.54018652  1.4703728   1.47444785
  1.52894938  1.53544343  1.53907669  1.41889644  1.17771423  0.88970858
  0.53836888  0.23283151  0.14556363  0.29408503  0.40026844  0.56274277
  0.80956334  0.91931581  1.02299452  1.11934817  1.18387985  1.28920043
  1.38891351  1.46162915  1.43814027  1.32395172  1.29171133  1.02266634
  0.7358048   0.49844885  0.32174766  0.28416988  0.34774265  0.42865103
  0.45233184  0.4367311   0.29277226  0.11934483 -0.03684129 -0.14023797
 -0.16787528 -0.15414277 -0.18781035 -0.23470894 -0.36425403 -0.57083333
 -0.84526753]
[-0.75373906 -0.78990805 -0.89385933 -0.95763814 -1.00528455 -1.08520007
 -1.14377952 -1.18555367 -1.22754264 -1.23836267 -1.24840331 -1.27118003
 -1.28811526 -1.29222226 -1.2989943  -1.31211877 -1.32385707 -1.3531456
 -1.39128244 -1.4209013  -1.44517565 -1.45902884 -1.45972991 -1.45272362
 -1.43847144 -1.41576529 -1.39056778 -1.37629724 -1.36347914 -1.3510561
 -1.35730386 -1.37283862 -1.38730717 -1.39015043 -1.39410758 -1.40524232
 -1.41714191 -1.42097569 -1.43357885 -1.44504941 -1.45287561 -1.46147788
 -1.46425223 -1.46964419 -1.48120475 -1.48576307 -1.48305869 -1.4822309
 -1.47529626]
[ 0.126642    0.14030674  0.15693796  0.17191358  0.18093495  0.18756202
  0.19341175  0.20143127  0.21367374  0.22391589  0.22863972  0.23245437
  0.23096566  0.22412492  0.21166132  0.19810389  0.18461062  0.16927731
  0.15207714  0.13567306  0.1194313   0.10608026  0.09330665  0.08184551
  0.07177071  0.06217635  0.04989448  0.03695588  0.02791292  0.0215592
  0.01817219  0.01815594  0.01994081  0.02340056  0.02824928  0.03137482
  0.02966063  0.02397116  0.01830693  0.01381679  0.00848112  0.00528554
  0.00486798  0.00967322  0.0136579   0.01617745  0.01840237  0.02139544
  0.0211035   0.01663193  0.01190151  0.0120767   0.00984877  0.00303267
 -0.00735366]
[ 0.19759236  0.1988197   0.20090576  0.20388828  0.20353325  0.19796164
  0.18964987  0.18015145  0.1721102   0.16634285  0.16302772  0.16020004
  0.15909488  0.15914804  0.15920582  0.15830222  0.15968063  0.1626699
  0.16379616  0.16158018  0.15894894  0.15740716  0.15551738  0.15006463
  0.14369163  0.13999842  0.13623875  0.12857677  0.12095319  0.11631829
  0.10916372  0.10245383  0.09565137  0.09162009  0.09033111  0.09002996
  0.09418228  0.09574503  0.0905601   0.08564649  0.085374    0.08655091
  0.0831014   0.07527896  0.06731918  0.05751073  0.04313989  0.02755105
  0.01396114  0.00267752 -0.01010847 -0.02219385 -0.03029428 -0.03836139
 -0.0470505  -0.05524882 -0.06143965]
[ 1.61248580e-01  1.77441433e-01  1.88539177e-01  1.92079291e-01
  1.97065249e-01  2.07417116e-01  2.16893539e-01  2.20258087e-01
  2.18797803e-01  2.18807966e-01  2.23576009e-01  2.32618868e-01
  2.37921581e-01  2.39865512e-01  2.43737072e-01  2.48539478e-01
  2.50687361e-01  2.49833107e-01  2.50746965e-01  2.55959719e-01
  2.57288694e-01  2.54577518e-01  2.51901537e-01  2.55143762e-01
  2.56733477e-01  2.49461636e-01  2.42077947e-01  2.40281567e-01
  2.36771286e-01  2.29578093e-01  2.19062909e-01  2.06532359e-01
  1.99060947e-01  1.90110564e-01  1.82588518e-01  1.80410072e-01
  1.78545862e-01  1.77694768e-01  1.77384451e-01  1.74331188e-01
  1.65526763e-01  1.55421481e-01  1.46393940e-01  1.41563267e-01
  1.35414392e-01  1.25926912e-01  1.21033244e-01  1.18141204e-01
  1.12076171e-01  1.05943836e-01  9.97022763e-02  9.14802998e-02
  8.06453079e-02  6.99690953e-02  6.14161529e-02  5.30832820e-02
  4.44880798e-02  3.66141051e-02  2.86579262e-02  2.66393926e-02
  2.77851708e-02  2.18752883e-02  1.47745423e-02  1.06628416e-02
  6.50402438e-03  1.11574613e-04 -7.67573342e-03 -1.46702817e-02
 -2.01960206e-02 -2.84923557e-02 -3.92072424e-02 -4.84350771e-02
 -5.82034700e-02 -6.73921928e-02 -7.67743737e-02 -8.74862894e-02
 -9.01192948e-02 -9.30037126e-02 -9.89309624e-02 -9.73804668e-02
 -9.65824351e-02 -1.00711755e-01 -1.08150519e-01]
[0.11308291 0.11295245 0.11297022 0.11026742 0.10735595 0.1076523
 0.1082903  0.10712133 0.10807511 0.11031462 0.11102586 0.11264446
 0.11680147 0.11969017 0.12234407 0.12727122 0.13263713 0.13678816
 0.14164013 0.1472805  0.15321776 0.15949744 0.16461174 0.16957711
 0.17413029 0.17759344 0.18164656 0.18664822 0.19145472 0.1949151
 0.19596595 0.19574261 0.19698359 0.19809306 0.20004164 0.20650761
 0.21094942 0.21408831 0.21801907 0.21804778 0.21912719 0.22274542
 0.22353549 0.22473854 0.2282252  0.23134097 0.23269387 0.22991391
 0.22842866 0.22954583 0.22746147 0.22557522 0.22597951 0.22746561
 0.23044494 0.23332138 0.23830864 0.24576299 0.25110692 0.25120035
 0.25753483 0.26730731 0.26995248 0.27791587 0.28787947 0.29726401
 0.30963168 0.31893924 0.32497054 0.32987148 0.33265692 0.33009428
 0.32648847 0.32777601 0.33540365 0.34305555 0.34982744 0.36104482
 0.36637488 0.37516439 0.38273111 0.37626716 0.37675819 0.37797952
 0.37283203 0.37594482 0.38707656 0.39484325 0.38905931 0.38827491
 0.39037421 0.38037139 0.37700641 0.37704393 0.37218568 0.37245288
 0.37538058 0.36816305 0.36483106 0.36902618 0.36504751 0.36205658
 0.36081287 0.35082725 0.34774402 0.35779831 0.37319109 0.37420985
 0.35321096 0.34658012 0.35555428 0.35431269 0.35158697 0.35656393
 0.36891264 0.36894011 0.35052463 0.34219515 0.34450245 0.34336469
 0.34046552 0.33703142 0.34005818 0.34053203 0.33400133 0.32335266
 0.32365656 0.32647464 0.31585607 0.30432674 0.30265817 0.30346295
 0.31345761 0.31609967 0.30495787]
[ 0.68862337  0.7642774   0.80746198  0.75454819  0.74680024  0.79047477
  0.8176856   0.80975789  0.80719167  0.82429916  0.8482179   0.82663858
  0.77624667  0.70500731  0.66923487  0.64820462  0.63446027  0.65138584
  0.67608154  0.71389681  0.7892229   0.91351032  1.07671285  1.25793982
  1.39196444  1.57540619  1.77609479  1.88439202  2.00482345  2.14147186
  2.10243392  2.00107098  1.97109103  1.89385045  1.8308171   1.78597534
  1.7179544   1.61884022  1.64451158  1.62129331  1.4867928   1.44317544
  1.39984107  1.23412192  1.03494298  0.96601343  0.89651901  0.76017779
  0.62895548  0.48561543  0.47039759  0.3106195   0.01601982 -0.19188474
 -0.38288793 -0.61543083 -0.76506788 -0.76609856 -0.77339387 -0.74672985
 -0.77930975 -0.71978217 -0.71002448 -0.73367155 -0.71949375 -0.76740032
 -0.75895065 -0.79517674 -0.90963095 -1.02223444 -1.12994695 -1.30866218
 -1.34749305 -1.43406999 -1.4804616  -1.53264928 -1.60146236 -1.63573885
 -1.69127738 -1.75788534 -1.84309316 -1.87381709 -1.9094193  -1.95186973
 -1.95593572 -1.90660942 -1.84203732 -1.81984293 -1.9784559  -1.96398616
 -1.88519716 -1.72907972 -1.48608172 -1.10303235 -0.77503443 -0.53458041
 -0.38379154 -0.35704568 -0.52019244 -0.68296188 -0.89036006 -1.06716967
 -1.2987808  -1.48144579 -1.62320852 -1.77851319 -1.86562169 -1.91458714
 -2.00165486 -2.0430131  -2.09004927 -2.1280899  -2.14796138 -2.17255044
 -2.21001577 -2.27646708 -2.33961272 -2.3816781  -2.41633296 -2.45702147
 -2.50703239 -2.5547533  -2.59223485 -2.65177155 -2.69378829 -2.72762299
 -2.76772475 -2.79275703 -2.83624911 -2.90229774 -2.97449398 -3.05159831
 -3.13288903 -3.20672727 -3.26110029]
[ 0.17545997  0.17485459  0.17491671  0.17966564  0.18681994  0.19574673
  0.20747013  0.22276863  0.24384913  0.26724705  0.29090127  0.31733027
  0.34713143  0.37850112  0.41234124  0.44778925  0.47756997  0.50046271
  0.51986313  0.5314647   0.53710258  0.54151875  0.54533303  0.54979748
  0.55676091  0.56708008  0.57957482  0.58978415  0.59574789  0.59898013
  0.59643292  0.58739573  0.57541579  0.56299442  0.55210096  0.54429179
  0.53957272  0.54028028  0.54581738  0.54894626  0.54684472  0.53662515
  0.52416056  0.50934607  0.48866561  0.46592772  0.43941405  0.4127278
  0.38835928  0.36260185  0.3382434   0.3192746   0.3106699   0.31276974
  0.32299483  0.33768812  0.35194844  0.36281013  0.36446819  0.35718167
  0.33947849  0.3137325   0.28859282  0.26477757  0.24582931  0.23414509
  0.22874658  0.22887716  0.23497167  0.24403279  0.25056556  0.25584742
  0.26520872  0.27728745  0.29106405  0.30751604  0.32883909  0.35175568
  0.37130538  0.38808602  0.40279415  0.4147523   0.42629167  0.43616578
  0.4391543   0.43822739  0.43369973  0.42095539  0.3967939   0.36722171
  0.33982971  0.31661049  0.29681191  0.2785553   0.2659108   0.25548783
  0.24204616  0.23087694  0.21969979  0.20890413  0.20583217  0.20147678
  0.19259559  0.18661085  0.18402509  0.1866543   0.18807432  0.19211425
  0.20215742  0.20584916  0.2071771   0.21491176  0.2197983   0.22774316
  0.23768178  0.24347711  0.25237566  0.26442865  0.27650985  0.2896246
  0.29907617  0.30286211  0.29317036  0.28227195  0.27942115  0.26980591
  0.26079482  0.25309244  0.23916531  0.2260776   0.21883768  0.20694929
  0.19268799  0.18392199  0.17244157  0.15510017  0.13772002  0.11702311
  0.10032587  0.09070664  0.08487134  0.0750853   0.04942531  0.03495437
  0.03309662  0.02173661  0.00121398 -0.01837391 -0.04110403 -0.06842785
 -0.10385142 -0.12130211 -0.12226962 -0.11903175 -0.11770821 -0.12006623
 -0.11509749 -0.1149809  -0.11827179 -0.11848952 -0.11645258 -0.11662499
 -0.12362003 -0.13833529]
[-2.50007749e-01 -2.23136589e-01 -1.63815096e-01 -1.19786434e-01
 -7.72296190e-02 -2.45155226e-02  5.83019257e-02  1.82878062e-01
  2.79617578e-01  3.05789679e-01  4.20266360e-01  6.13474071e-01
  7.94715524e-01  9.23848271e-01  9.77445960e-01  1.02390850e+00
  1.07152152e+00  1.12686360e+00  1.22394729e+00  1.32875526e+00
  1.41931677e+00  1.51558495e+00  1.57418323e+00  1.54849136e+00
  1.52856839e+00  1.49319196e+00  1.34644735e+00  1.25263906e+00
  1.21874380e+00  1.22166336e+00  1.25925779e+00  1.26342130e+00
  1.27691090e+00  1.25781381e+00  1.19810975e+00  1.12121558e+00
  9.72875178e-01  9.46753740e-01  1.00156677e+00  1.02388501e+00
  1.02795589e+00  1.02134681e+00  1.02750337e+00  1.09695971e+00
  1.15220976e+00  1.11978972e+00  1.11052167e+00  1.14676356e+00
  1.15292227e+00  1.13214481e+00  1.09758985e+00  1.05773354e+00
  1.01987767e+00  9.96684670e-01  9.92065668e-01  9.78776217e-01
  9.73047733e-01  9.75300670e-01  9.84228849e-01  1.01497400e+00
  1.06841338e+00  1.13817096e+00  1.21984792e+00  1.32127821e+00
  1.44879293e+00  1.56048083e+00  1.61985779e+00  1.69278431e+00
  1.74612284e+00  1.70117247e+00  1.64864242e+00  1.64035571e+00
  1.62814283e+00  1.62979686e+00  1.63540089e+00  1.57651341e+00
  1.47727001e+00  1.46705914e+00  1.49753976e+00  1.47505283e+00
  1.43341029e+00  1.34044516e+00  1.23246956e+00  1.24277186e+00
  1.16606319e+00  9.43904936e-01  8.73035669e-01  8.93379986e-01
  8.55605245e-01  7.44638324e-01  6.04739845e-01  4.96694863e-01
  4.25732553e-01  2.74470836e-01  1.37490988e-01  7.86886886e-02
 -6.79330842e-04 -7.39501864e-02 -1.20313488e-01 -1.58222064e-01
 -2.34940261e-01 -4.09926087e-01 -5.01662016e-01 -5.16121864e-01
 -5.58385253e-01 -5.77760637e-01 -6.41627431e-01 -7.78978407e-01
 -8.90121460e-01 -1.01373482e+00 -1.10339081e+00 -1.14932334e+00
 -1.21405554e+00 -1.27715659e+00 -1.32496870e+00 -1.37476242e+00
 -1.43549192e+00 -1.50856793e+00 -1.59357131e+00 -1.62857664e+00
 -1.61171293e+00 -1.60139191e+00 -1.58410513e+00 -1.56751859e+00
 -1.60925972e+00 -1.69305038e+00 -1.71692884e+00 -1.65726042e+00
 -1.44650388e+00 -1.19867742e+00 -8.99007738e-01 -6.12247884e-01
 -4.08394933e-01 -3.09775203e-01 -3.36893886e-01 -4.73603457e-01
 -6.33674443e-01 -8.11651587e-01 -9.92149949e-01 -1.18140221e+00
 -1.34488034e+00 -1.48211265e+00 -1.59502888e+00 -1.66879320e+00
 -1.72107160e+00 -1.77927244e+00 -1.83897245e+00 -1.88356936e+00
 -1.91373658e+00 -1.93223143e+00 -1.95676458e+00 -1.99640512e+00
 -2.02801609e+00 -2.06499219e+00 -2.10494757e+00 -2.13055825e+00
 -2.17169714e+00 -2.22108722e+00 -2.25312352e+00 -2.27690983e+00
 -2.30377197e+00 -2.33685398e+00 -2.35858369e+00 -2.37525129e+00
 -2.39886284e+00 -2.42269826e+00 -2.45185113e+00 -2.48815060e+00
 -2.52568150e+00 -2.56087232e+00 -2.59853482e+00 -2.63448334e+00
 -2.67438817e+00 -2.73712397e+00]
[0.13117427 0.12735522 0.12960097 0.13317989 0.13881725 0.14312203
 0.14805867 0.15589488 0.16129318 0.16466264 0.16706184 0.17146158
 0.17569852 0.17668648 0.17671977 0.18248762 0.18468869 0.18113314
 0.18396772 0.18698172 0.18584973 0.18724036 0.19029412 0.18777144
 0.18412584 0.18499562 0.1856347  0.18276538 0.17551251 0.168566
 0.15947261 0.14656916 0.1335984  0.12374121 0.11526304 0.10327619
 0.09339008 0.08879882 0.08464032 0.07576694 0.06745926 0.06393646
 0.06182942 0.0605042  0.05536528 0.0508239  0.04847251 0.04649732
 0.04539111 0.0401235  0.03950848 0.04447391 0.04614267 0.04654287
 0.04495769 0.04721674 0.05768232 0.06566338 0.07371654 0.08322055
 0.09224186 0.10092394 0.10450007 0.11163505 0.11836839 0.12253716
 0.12639534 0.12664752 0.12574914 0.13320993 0.1373114  0.13364744
 0.13111368 0.12622942 0.12145206 0.12004612 0.1227751  0.12243981
 0.11316857 0.11414941 0.11771859 0.11652493 0.12159654 0.12100025
 0.11787046 0.12198377 0.1247078  0.12306315 0.12613074 0.13224685
 0.13170892 0.13390565 0.13924642 0.1399591  0.14531361 0.15299064
 0.16880701 0.18494101 0.18709068 0.20037065 0.21912605 0.23243685
 0.24540816 0.26975048 0.291484   0.30630627 0.30883011 0.32724178
 0.3457936  0.35982436 0.3705689  0.38140151 0.38643178 0.3915683
 0.39504492 0.38941139 0.39065561 0.39773482 0.40187624 0.40736911
 0.41102788 0.41626108 0.41813949 0.42214546 0.42409089 0.42579505
 0.43124115 0.44206691 0.44521737 0.4499003  0.46183422 0.46002108
 0.46272871 0.47229576 0.48026967 0.48776501 0.49998614 0.5033555
 0.50209659 0.50700241 0.50325209 0.48642802 0.48188388 0.48644009
 0.50457072 0.50267035 0.4864549  0.4742865  0.45407465 0.42504761
 0.38335568 0.34293365 0.33494943 0.3209236  0.30344689 0.29851106
 0.30017745 0.31381488 0.33635983 0.34541428 0.34530723 0.35165331
 0.35835385 0.35744241 0.35562333 0.35949501 0.36997452 0.37527013
 0.37897438 0.39630702 0.40962124 0.4234468  0.44005999 0.45824623]
[ 0.23018381  0.2259537   0.21891668  0.2143214   0.21475628  0.21607679
  0.22052574  0.2301811   0.24151984  0.25405306  0.26979327  0.28643689
  0.30305889  0.32003728  0.34016988  0.36130229  0.38229823  0.40158057
  0.4207167   0.43780342  0.45116287  0.46257421  0.46944866  0.4728505
  0.47359306  0.47087038  0.47029942  0.47080967  0.47139418  0.47553545
  0.4808524   0.48614922  0.49188223  0.49737486  0.50023925  0.49864191
  0.49650517  0.49673349  0.49774098  0.4987238   0.50355351  0.50871694
  0.51260275  0.51459175  0.51205611  0.50521964  0.49537477  0.47987768
  0.45758298  0.43482623  0.41203591  0.38801864  0.36457258  0.34212002
  0.32428268  0.31102008  0.30230543  0.3022162   0.30767262  0.31564561
  0.32303083  0.32472122  0.32213986  0.31283966  0.29566649  0.27434584
  0.25046048  0.22730556  0.21053833  0.19896398  0.19329984  0.1944118
  0.19910079  0.2081179   0.2179866   0.2325771   0.25257289  0.27333984
  0.2946752   0.31613904  0.33986479  0.36268002  0.38252619  0.39732876
  0.40504214  0.41042849  0.41659313  0.41685182  0.41109982  0.3999213
  0.38217753  0.36130843  0.34037894  0.32087928  0.30398813  0.29079321
  0.27783781  0.26499528  0.26081523  0.25365824  0.2447305   0.2434895
  0.23948149  0.23689097  0.23713768  0.2312796   0.2219007   0.21946549
  0.22151646  0.21995863  0.22103667  0.22758891  0.23342954  0.23512007
  0.23968095  0.24797051  0.2519713   0.26364037  0.26649415  0.26555821
  0.27803129  0.28901193  0.29690355  0.30472568  0.30697539  0.30242398
  0.28289464  0.27783388  0.26921499  0.25077468  0.24134283  0.22764289
  0.21243039  0.20588036  0.20064543  0.18590255  0.17947306  0.1730396
  0.15733545  0.14438975  0.13122569  0.1155095   0.10885742  0.10434797
  0.09827303  0.07898057  0.04800351  0.05325104  0.05205602  0.03673271
  0.01783452  0.00290844 -0.02255318 -0.04906176 -0.08105899 -0.0703613
 -0.06821246 -0.06029037 -0.05686306 -0.05519737 -0.05177599 -0.05430555
 -0.06208604 -0.06754176 -0.06192821 -0.06306766 -0.07804012 -0.09410106
 -0.11069895 -0.12269478 -0.13147664 -0.14846575 -0.17190321 -0.16446221
 -0.1646069  -0.16359721]
[ 0.15141897  0.15687928  0.15913512  0.16109452  0.16462716  0.16741517
  0.17148335  0.17709944  0.18169165  0.18712418  0.19382495  0.20032504
  0.20470203  0.20766897  0.21195829  0.21923271  0.22694971  0.23309059
  0.23777635  0.24054241  0.24411118  0.24854094  0.25274447  0.254695
  0.25446638  0.25490275  0.25816953  0.26469877  0.2698918   0.27164578
  0.27372652  0.2760995   0.27749011  0.27821919  0.27927533  0.28242698
  0.28573623  0.28730947  0.28854993  0.28757498  0.28451338  0.28176063
  0.27737451  0.27054307  0.26619872  0.26290464  0.26195312  0.26315746
  0.26325035  0.26229328  0.26332015  0.26512149  0.26672053  0.26930431
  0.27268457  0.27755332  0.28592929  0.29536223  0.30380571  0.31046888
  0.31309384  0.31239501  0.30850676  0.30390003  0.30028737  0.29522517
  0.29216591  0.29126465  0.29244101  0.29722774  0.30350325  0.308817
  0.3122409   0.31464207  0.31433204  0.31197372  0.30854815  0.30653179
  0.30420327  0.30157995  0.30076468  0.29974499  0.29899925  0.30155116
  0.30580956  0.3047643   0.30269083  0.30356583  0.30609694  0.30807742
  0.30676189  0.30408362  0.30140379  0.30013517  0.30023357  0.29983568
  0.30019367  0.30213258  0.30222088  0.30063444  0.29691747  0.29475537
  0.29318196  0.29001978  0.28690669  0.28455329  0.28394914  0.28263795
  0.27911419  0.27641487  0.27480426  0.27364978  0.27364534  0.27239355
  0.27114281  0.27144733  0.27170917  0.27114877  0.27230039  0.27299342
  0.27137774  0.26899043  0.26424891  0.25954556  0.25389138  0.24584977
  0.23942751  0.23457198  0.22889361  0.22410201  0.21988709  0.21497948
  0.20852584  0.20268081  0.19827713  0.19247277  0.18834963  0.18540835
  0.17931373  0.1733534   0.16906326  0.16410598  0.15926601  0.15606727
  0.1515958   0.14619574  0.14043482  0.13311841  0.12670296  0.12112097
  0.11600218  0.11363038  0.11035837  0.1069736   0.10580847  0.10383384
  0.09746632  0.09072939  0.08459983  0.07866384  0.07300249  0.06627867
  0.05954149  0.05277615  0.04529016  0.03724035  0.02944908  0.02298975
  0.01707016  0.01111023  0.00655174  0.00235126 -0.00251712 -0.0060616
 -0.01029393 -0.01536533 -0.01933543 -0.0236497  -0.02879149 -0.03415163
 -0.04028052 -0.04546417 -0.05221682 -0.05844124 -0.0656945  -0.07183959
 -0.07701083 -0.08498373 -0.08802738 -0.09016757 -0.09626368 -0.10083158
 -0.10543626 -0.10634658 -0.10505338]
[ 0.12819527  0.13107684  0.13595375  0.14003477  0.1430327   0.1417172
  0.14169934  0.14743853  0.15210021  0.15418781  0.15607935  0.16004084
  0.16184685  0.15800166  0.1484374   0.14408171  0.13853887  0.13074805
  0.12890878  0.12415716  0.11977514  0.11664889  0.11659662  0.11475448
  0.10983158  0.11141062  0.11560073  0.11629298  0.11679644  0.11871153
  0.12172924  0.12495457  0.12667255  0.12891039  0.13029495  0.123261
  0.11631994  0.11688303  0.11385174  0.10470416  0.1003706   0.10229314
  0.10538075  0.11043204  0.11360355  0.11763704  0.12440987  0.1309671
  0.13760401  0.14076346  0.14502072  0.1562697   0.16595617  0.17073141
  0.17526361  0.17741619  0.18187316  0.18682784  0.19106466  0.19396555
  0.19329244  0.19752879  0.20176245  0.20698401  0.21100023  0.21602631
  0.22058743  0.21588936  0.21292716  0.21859276  0.22480664  0.22427009
  0.22640161  0.23547137  0.24190234  0.24471772  0.248521    0.24835779
  0.24723646  0.25362757  0.26099682  0.26590794  0.27233779  0.27282742
  0.27509049  0.28463751  0.28954262  0.29526898  0.30087081  0.30682811
  0.31191403  0.31710577  0.32563221  0.33277687  0.3310695   0.32673174
  0.33119419  0.33822021  0.34391859  0.35360616  0.36189312  0.3659718
  0.37049377  0.37933069  0.38349813  0.38130933  0.37876278  0.3760052
  0.37747344  0.38171554  0.38311654  0.38291472  0.383827    0.38388863
  0.38171574  0.37593031  0.371806    0.36995104  0.36700651  0.36328608
  0.35816431  0.35638437  0.35604882  0.35069138  0.34509403  0.34682655
  0.3477172   0.34321421  0.34004116  0.33782941  0.33322886  0.32939059
  0.32482272  0.31916922  0.31824687  0.31304851  0.31046414  0.30698514
  0.29947206  0.29113406  0.28536925  0.2846435   0.28255704  0.2812897
  0.28632566  0.29153922  0.29271409  0.29237017  0.29406899  0.29542619
  0.29260597  0.29132321  0.29295868  0.29333079  0.2862452   0.27690542
  0.2697849   0.26292625  0.25713107  0.25301442  0.24346162  0.23601069
  0.23213033  0.22344622  0.21438886  0.21327494  0.21361616  0.21196397
  0.21343714  0.21528202  0.2185377   0.22103842  0.22396374  0.22468229
  0.22243682  0.22130872  0.21590139  0.20453303  0.20283103  0.19627111
  0.18306762  0.17774743  0.16804586  0.15868445  0.15221925  0.14462854
  0.13179912  0.1174547   0.10901474  0.09686744  0.0793163   0.06787644
  0.05566488  0.04477284  0.03353273  0.02776238  0.02373264  0.01706375
  0.01472121  0.00533396 -0.00961096 -0.01441598 -0.01742926 -0.02290044
 -0.02192175 -0.01961244 -0.0233345  -0.03996075 -0.04428418 -0.04278263
 -0.04839755 -0.06341574 -0.07144469 -0.08474036 -0.09661475 -0.11120261
 -0.13076325 -0.14106308 -0.145981   -0.15865025 -0.17001761 -0.17100778
 -0.16700444 -0.17608958 -0.18604438]
[ 0.2425967   0.23902178  0.23298578  0.22888009  0.22228402  0.21296293
  0.20973466  0.21197374  0.21623842  0.21801083  0.21578163  0.21791634
  0.21908757  0.21340066  0.21507795  0.22168738  0.22366334  0.22678761
  0.23005617  0.23275833  0.23386747  0.23384383  0.24120954  0.24770485
  0.24749058  0.2457213   0.24516511  0.24753471  0.24928521  0.248263
  0.24344128  0.23478477  0.22835742  0.23010913  0.23212594  0.22590595
  0.2226382   0.2233025   0.21942049  0.2167507   0.21121053  0.20469303
  0.20539416  0.20114464  0.1952029   0.1941279   0.19301222  0.19022655
  0.18362989  0.17540598  0.16482462  0.14821005  0.1323701   0.12323984
  0.11326861  0.10579847  0.10248625  0.09577107  0.08997688  0.08530568
  0.07856736  0.07515602  0.07117678  0.06376071  0.06029504  0.05945495
  0.06093284  0.0635277   0.06313308  0.06275182  0.06093373  0.05048238
  0.03247692  0.01809946  0.00602324 -0.00083537 -0.00483302 -0.01054945
 -0.00999601 -0.01087947 -0.01618507 -0.01945868 -0.02468067 -0.03068827
 -0.03149576 -0.03274091 -0.03538635 -0.03586116 -0.03314489 -0.02912653
 -0.02721453 -0.02910471 -0.02570666 -0.01793755 -0.00834668  0.00716911
  0.02362388  0.03492316  0.0420179   0.04974875  0.05568831  0.05901682
  0.0630008   0.07090283  0.08053862  0.09262992  0.10422206  0.11390395
  0.12375861  0.13066113  0.13402517  0.13508318  0.13704808  0.14081371
  0.14614914  0.14842105  0.15219006  0.15753114  0.15939328  0.1600824
  0.15941459  0.16073492  0.16210543  0.1605431   0.15809771  0.15913323
  0.16350545  0.16742618  0.17128548  0.17925932  0.18944876  0.19678003
  0.20297816  0.20888561  0.21535055  0.22090025  0.22817674  0.23597814
  0.24017003  0.24898405  0.26078871  0.27409801  0.28383404  0.29193103
  0.2961351   0.29654413  0.29441631  0.29772988  0.30845955  0.31774363
  0.32748327  0.33766627  0.34659201  0.35626885  0.36679757  0.3789148
  0.38935679  0.39712468  0.40311652  0.40946299  0.41470218  0.42350346
  0.43500063  0.44276947  0.45079637  0.46387208  0.47254232  0.47858459
  0.48446062  0.48878497  0.49592245  0.49762169  0.49973598  0.5013538
  0.50123072  0.50288266  0.49810836  0.48971403  0.48547319  0.48445269
  0.48105964  0.47444695  0.47186616  0.4721306   0.46954829  0.4636111
  0.45665997  0.4498567   0.43932849  0.42898998  0.42217025  0.41122913
  0.4071058   0.40256298  0.40174487  0.39566988  0.37877387  0.36930448
  0.36548132  0.36325192  0.37218603  0.3836529   0.38766038  0.39200211
  0.39454293  0.39041421  0.38962251  0.39422631  0.401205    0.40688014
  0.41132015  0.4163751   0.41257763  0.40604612  0.40117383  0.39481193
  0.39105889  0.38390401  0.38048065  0.38245019  0.37988913  0.3756946
  0.36703834  0.35481882  0.34307963  0.33045703  0.32107151  0.31223604
  0.30123708  0.29283562  0.28219166  0.26048669  0.24657096  0.24060878
  0.22876003  0.21537486  0.19496715  0.17575043  0.15997997  0.14467405
  0.12795305  0.11028535  0.08039462  0.06258731  0.065874    0.07309256
  0.08679318  0.10789492  0.11696982  0.10450289  0.08215287  0.05499142
  0.03694669  0.02837213  0.02107083  0.00690062 -0.00836591 -0.02043082
 -0.03658064 -0.04991797 -0.05114483 -0.05891254 -0.08081091 -0.10238015
 -0.12244792 -0.13052763 -0.13597392 -0.1568463  -0.20161431 -0.19604714
 -0.18787518 -0.18960904 -0.1962634  -0.22306457 -0.23891927 -0.26222798
 -0.27458358 -0.26528612 -0.26717409 -0.25645241 -0.23990759 -0.24364132
 -0.26699317]
[ 0.31762129  0.3177278   0.3191722   0.31866711  0.31608748  0.31306693
  0.31317934  0.3162483   0.31989449  0.32458022  0.3304978   0.33895648
  0.34777704  0.35394076  0.35867235  0.36717027  0.37381202  0.37521163
  0.37820214  0.3820332   0.38347855  0.38456148  0.38392481  0.38054663
  0.37701043  0.37331298  0.37264681  0.3701891   0.36292762  0.35576165
  0.3478857   0.33983156  0.33603153  0.33418438  0.32961896  0.32413813
  0.31916007  0.31415272  0.30710098  0.29840711  0.29165062  0.28738627
  0.28785655  0.29144782  0.29266992  0.29377154  0.29445863  0.29213962
  0.28603831  0.27518913  0.26345193  0.25097612  0.2386695   0.22896241
  0.21716511  0.20509349  0.19290602  0.17777096  0.16347034  0.15255754
  0.14532158  0.14350772  0.14792687  0.15522276  0.16001737  0.16163397
  0.15697305  0.14267313  0.12430974  0.10360003  0.07949714  0.05646635
  0.03741133  0.02554413  0.02168282  0.02282096  0.02611722  0.02917487
  0.0335639   0.03832651  0.04193973  0.04658845  0.05284981  0.05580971
  0.05873471  0.06546295  0.07041994  0.07310963  0.07495698  0.07507504
  0.07322028  0.07177236  0.07122578  0.06894796  0.06313252  0.05285016
  0.04276493  0.03370691  0.02454013  0.01909463  0.01531836  0.01114952
  0.00663656  0.00721385  0.00856494  0.00752888  0.00638759  0.00584759
  0.00740976  0.01232317  0.01673981  0.01871268  0.02132241  0.0261847
  0.02984131  0.03419199  0.04305124  0.05222685  0.05909086  0.06472706
  0.07092422  0.07653336  0.08583985  0.09316032  0.09813461  0.10838182
  0.12107351  0.13119611  0.13873838  0.14705308  0.15387541  0.15209858
  0.15422392  0.1562729   0.156004    0.15876916  0.16053043  0.16149811
  0.16617157  0.17122592  0.17151716  0.17394872  0.17855507  0.18157032
  0.18589789  0.18935664  0.19094692  0.19584382  0.20521317  0.21614283
  0.22276729  0.22077064  0.22887178  0.23789765  0.24366288  0.24510516
  0.24942468  0.2493916   0.24942425  0.23995791  0.24800228  0.25965768
  0.27260679  0.28432435  0.29721597  0.31333053  0.32472071  0.33604178
  0.34987685  0.36652315  0.38336417  0.39347345  0.39930981  0.40547699
  0.41301364  0.42469269  0.43334565  0.43714571  0.4564704   0.47288895
  0.48712394  0.49591163  0.50294334  0.51883113  0.52263981  0.52990502
  0.53972948  0.54383421  0.54566205  0.55002558  0.55190992  0.55411023
  0.56095034  0.56107491  0.5502643   0.55671322  0.55967021  0.56617486
  0.57521886  0.57814193  0.5856064   0.58380628  0.57799762  0.57657075
  0.56503862  0.57999879  0.58914447  0.59164441  0.59837776  0.59794873
  0.59607643  0.59658438  0.58999658  0.57759267  0.56996977  0.5580039
  0.54729956  0.54041576  0.53373218  0.52795583  0.51760501  0.50407243
  0.48880059  0.46781173  0.45076144  0.43759382  0.42573574  0.41989985
  0.41601795  0.420571    0.43220249  0.44261631  0.44490445  0.44502997
  0.44100159  0.44000015  0.44520065  0.44182205  0.44160464  0.44271323
  0.43987247  0.43575308  0.43080184  0.42907241  0.45179951  0.47043699
  0.46343419  0.43965191  0.41311878  0.36344382  0.30793899  0.27082288
  0.23919722  0.20766453  0.19835578  0.18118009  0.16382827  0.14768693
  0.12651999  0.10880574  0.08755127  0.06632382  0.05596618  0.04119912
  0.01712264  0.00599552 -0.00442202 -0.01605733 -0.04147874 -0.04799651
 -0.02424204 -0.02221226 -0.02371359 -0.03264679 -0.04619924 -0.04606472
 -0.03759449 -0.04896789 -0.04488432 -0.03930492 -0.0451043  -0.05310453
 -0.0702062  -0.07717333 -0.07788168 -0.10130301 -0.13066016 -0.12119343
 -0.11498461 -0.09380958 -0.08707125 -0.09667834 -0.10220069 -0.11240964
 -0.12710057 -0.13648792 -0.14507198 -0.11864974 -0.11147478 -0.11643983
 -0.12761654 -0.14996749 -0.17446494 -0.20084593 -0.24067901 -0.26322997
 -0.29502794 -0.32360104 -0.34684554 -0.37885827]
[ 1.99103549e-01  2.07927778e-01  2.13981315e-01  2.17699647e-01
  2.23688453e-01  2.31872454e-01  2.40067989e-01  2.49048382e-01
  2.59161681e-01  2.70388007e-01  2.81275660e-01  2.86662489e-01
  2.85371512e-01  2.80229390e-01  2.69191295e-01  2.49723256e-01
  2.23367184e-01  1.94473639e-01  1.65987879e-01  1.40441924e-01
  1.18481040e-01  1.00555308e-01  8.71881768e-02  7.56753609e-02
  6.40304834e-02  5.26289009e-02  4.34856303e-02  3.58987302e-02
  2.60224286e-02  1.80955883e-02  1.53190410e-02  1.54821640e-02
  1.60136726e-02  1.46717001e-02  1.38957202e-02  1.43807614e-02
  1.56336576e-02  1.61234364e-02  1.24180233e-02  6.67074881e-03
  2.48580147e-03 -1.13754638e-03 -5.74305886e-03 -7.71135511e-03
 -4.20854287e-03  1.57513004e-03  7.27137178e-03  1.04564698e-02
  9.66387801e-03  6.18022680e-03 -3.41226871e-04 -6.95229042e-03
 -1.35361515e-02 -2.13362835e-02 -3.09377164e-02 -4.28850576e-02
 -5.41895293e-02 -6.35233894e-02 -7.21148401e-02 -7.75928572e-02
 -7.90177062e-02 -7.81367496e-02 -7.42768943e-02 -6.93262592e-02
 -6.56441748e-02 -6.12162873e-02 -5.40155470e-02 -4.80720140e-02
 -4.24299911e-02 -3.54537927e-02 -3.07004675e-02 -2.70095915e-02
 -2.19208077e-02 -1.62159093e-02 -9.88169573e-03 -1.95143733e-03
  5.25201298e-03  9.71678644e-03  1.56444330e-02  2.34731138e-02
  3.19375508e-02  4.72471975e-02  6.87998384e-02  9.26475078e-02
  1.16028816e-01  1.31211326e-01  1.39487609e-01  1.48742259e-01
  1.62132412e-01  1.76464021e-01  1.94061667e-01  2.16602698e-01
  2.33915508e-01  2.41018802e-01  2.38942727e-01  2.32896164e-01
  2.24736780e-01  2.17903644e-01  2.06329316e-01  1.91374138e-01
  1.82153866e-01  1.80749506e-01  1.80730283e-01  1.83927074e-01
  1.83963791e-01  1.75797865e-01  1.57632828e-01  1.44602776e-01
  1.37890100e-01  1.29941270e-01  1.27371743e-01  1.26259893e-01
  1.29171953e-01  1.41670704e-01  1.52108073e-01  1.59735590e-01
  1.68921351e-01  1.79857209e-01  1.86166853e-01  1.92586064e-01
  2.01618746e-01  2.13614732e-01  2.31959015e-01  2.54098952e-01
  2.64956743e-01  2.65995175e-01  2.69114763e-01  3.01235199e-01
  3.51267904e-01  3.88694167e-01  3.97853404e-01  3.81860614e-01
  3.39366853e-01  2.74688631e-01  2.10225999e-01  1.73159465e-01
  1.59588471e-01  1.58328325e-01  1.63364217e-01  1.68659389e-01
  1.82123363e-01  1.99900255e-01  2.12916464e-01  2.28712216e-01
  2.52535522e-01  2.81241864e-01  3.06684911e-01  3.36109936e-01
  3.82650316e-01  4.33759481e-01  4.78692293e-01  5.19693196e-01
  5.65094650e-01  6.33512497e-01  7.03367054e-01  7.57041574e-01
  7.86444724e-01  8.06940556e-01  8.41022313e-01  8.74766231e-01
  9.20481682e-01  9.72637415e-01  1.01493156e+00  1.04521286e+00
  1.05408907e+00  1.03727508e+00  1.03236485e+00  1.03683949e+00
  1.02713823e+00  1.01234376e+00  1.02144015e+00  1.03343725e+00
  1.04805136e+00  1.05802798e+00  1.05116630e+00  1.03698874e+00
  1.02023494e+00  9.95079160e-01  9.77204025e-01  9.57190216e-01
  9.71823335e-01  9.88235474e-01  9.93774354e-01  9.98146772e-01
  9.95826662e-01  1.00769496e+00  1.03472590e+00  1.04730403e+00
  1.05577803e+00  1.07761693e+00  1.09858799e+00  1.11532950e+00
  1.12999916e+00  1.14307249e+00  1.15811169e+00  1.17473149e+00
  1.18804085e+00  1.20073795e+00  1.21698630e+00  1.23408198e+00
  1.25659299e+00  1.28478801e+00  1.31211126e+00  1.34544992e+00
  1.38593411e+00  1.42567718e+00  1.46843934e+00  1.50395906e+00
  1.51667392e+00  1.51820910e+00  1.52576053e+00  1.52164721e+00
  1.49544322e+00  1.47390616e+00  1.45014000e+00  1.41739392e+00
  1.39364135e+00  1.36774850e+00  1.33112729e+00  1.29505205e+00
  1.28447235e+00  1.27198839e+00  1.24262595e+00  1.20439017e+00
  1.14716840e+00  1.09594798e+00  1.04592109e+00  9.68736112e-01
  8.95886302e-01  8.60489666e-01  8.19399178e-01  7.70208478e-01
  7.04972327e-01  6.40021384e-01  5.81321836e-01  5.00927389e-01
  4.17847931e-01  3.38648230e-01  2.62679994e-01  1.90538764e-01
  1.33676350e-01  7.68153444e-02  1.01578170e-02 -6.79510683e-02
 -1.37221456e-01 -1.79998294e-01 -2.12520212e-01 -2.44299009e-01
 -2.79295087e-01 -3.23989719e-01 -3.74878734e-01 -4.20181572e-01
 -4.67080384e-01 -5.01909494e-01 -5.37326992e-01 -5.83874047e-01
 -6.31141603e-01 -6.87460601e-01 -7.50452340e-01 -8.21833730e-01
 -8.89611602e-01 -9.41169202e-01 -9.77618515e-01 -1.00215137e+00
 -1.02693951e+00 -1.06655586e+00 -1.11684918e+00 -1.14911485e+00
 -1.15479815e+00 -1.11368728e+00 -1.01939201e+00 -8.80792737e-01
 -7.41104841e-01 -6.17774844e-01 -5.40812910e-01 -5.20183682e-01
 -5.47632039e-01 -6.10673904e-01 -7.00533390e-01 -7.90799558e-01
 -8.73601973e-01 -9.61168349e-01 -1.04349256e+00 -1.10675061e+00
 -1.15416777e+00 -1.19042063e+00 -1.21972454e+00 -1.24755752e+00
 -1.27397966e+00 -1.29894793e+00 -1.32046294e+00 -1.33672297e+00
 -1.35378933e+00 -1.37652731e+00 -1.39868915e+00 -1.41685438e+00
 -1.43305206e+00 -1.45332336e+00 -1.47908759e+00 -1.50741148e+00
 -1.53548717e+00 -1.56378484e+00 -1.58690643e+00 -1.60926354e+00
 -1.62881649e+00 -1.64897633e+00 -1.66758549e+00 -1.68631279e+00
 -1.70673180e+00 -1.72581947e+00 -1.74121118e+00 -1.75609374e+00
 -1.77004027e+00 -1.78480089e+00 -1.80168605e+00 -1.82219291e+00
 -1.84425235e+00 -1.86311471e+00]
[ 2.82966644e-01  2.94165522e-01  3.08796823e-01  3.24275166e-01
  3.38979632e-01  3.55979383e-01  3.72630864e-01  3.86643440e-01
  4.01696593e-01  4.16104227e-01  4.26964104e-01  4.35354948e-01
  4.43119973e-01  4.49824542e-01  4.54909295e-01  4.57799971e-01
  4.61491764e-01  4.66867059e-01  4.67534453e-01  4.65774149e-01
  4.64522600e-01  4.61817145e-01  4.56476659e-01  4.48885739e-01
  4.40092921e-01  4.28470969e-01  4.14035290e-01  4.02128726e-01
  3.94369245e-01  3.84575516e-01  3.73360068e-01  3.65840882e-01
  3.59773964e-01  3.55600804e-01  3.52919072e-01  3.52196544e-01
  3.56235117e-01  3.61987680e-01  3.70791674e-01  3.80397975e-01
  3.87646884e-01  3.94833356e-01  3.98362547e-01  3.96501780e-01
  3.90117466e-01  3.79890591e-01  3.70679229e-01  3.62991542e-01
  3.55120659e-01  3.49460840e-01  3.43117297e-01  3.36105615e-01
  3.31214249e-01  3.24434012e-01  3.14666510e-01  3.05215895e-01
  2.97664523e-01  2.91915566e-01  2.88717300e-01  2.86410868e-01
  2.83256769e-01  2.79690593e-01  2.72895634e-01  2.62095004e-01
  2.47739598e-01  2.31346354e-01  2.13121682e-01  1.93674728e-01
  1.78095400e-01  1.70414433e-01  1.71862900e-01  1.78341493e-01
  1.86346397e-01  1.93642616e-01  1.95842415e-01  1.98092356e-01
  2.01384157e-01  2.01821670e-01  1.99881986e-01  1.97175846e-01
  1.94457635e-01  1.91168010e-01  1.86755419e-01  1.80176884e-01
  1.69875622e-01  1.55200556e-01  1.41618237e-01  1.32482335e-01
  1.25947043e-01  1.21389836e-01  1.16311818e-01  1.06076673e-01
  9.26019475e-02  8.01213682e-02  6.94291219e-02  5.73355407e-02
  4.65642288e-02  4.06486057e-02  3.96547429e-02  4.23735492e-02
  4.57069278e-02  4.75566089e-02  4.85734828e-02  4.96132188e-02
  4.78269607e-02  4.40797023e-02  4.23112847e-02  4.24378254e-02
  4.33023199e-02  4.42246608e-02  4.56120148e-02  4.67195250e-02
  4.83745709e-02  5.00014871e-02  4.94529158e-02  4.84417267e-02
  4.85877395e-02  4.81515303e-02  4.75181751e-02  4.76777144e-02
  4.90999967e-02  5.17603084e-02  5.34899496e-02  5.36144339e-02
  5.26849739e-02  5.00766151e-02  4.57792208e-02  3.93822975e-02
  2.86952890e-02  1.63052045e-02  6.83606602e-03 -2.04961840e-03
 -9.14321002e-03 -1.31767336e-02 -1.56649072e-02 -1.64246187e-02
 -1.79684032e-02 -2.06735227e-02 -2.25938335e-02 -2.51410529e-02
 -2.78864149e-02 -2.89903134e-02 -2.85025295e-02 -2.65658908e-02
 -2.51402166e-02 -2.61150748e-02 -2.80866623e-02 -2.88444757e-02
 -2.78740283e-02 -2.63744891e-02 -2.64991261e-02 -2.61190534e-02
 -2.40796823e-02 -2.13218741e-02 -1.98361110e-02 -1.76473893e-02
 -1.26024531e-02 -7.87400175e-03 -1.91447535e-03  4.49619815e-03
  8.15860648e-03  1.05441380e-02  1.05241761e-02  5.92154311e-03
 -1.02096482e-03 -7.14581367e-03 -1.18155330e-02 -1.63549539e-02
 -2.03332398e-02 -2.36264691e-02 -2.97400877e-02 -3.59220915e-02
 -3.99076231e-02 -4.31658141e-02 -4.40563597e-02 -4.37274463e-02
 -4.76222783e-02 -5.27018644e-02 -5.61277755e-02 -5.85133024e-02
 -6.12110458e-02 -6.14305548e-02 -6.19671643e-02 -6.86431974e-02
 -7.48898089e-02 -7.53879994e-02 -7.69669190e-02 -7.74803534e-02
 -7.55661726e-02 -7.64537752e-02 -7.78051168e-02 -7.40800425e-02
 -6.88123852e-02 -5.88252544e-02 -3.53027619e-02 -6.75480440e-03
  1.95972640e-02  4.81515862e-02  7.63865411e-02  1.03956938e-01
  1.29288882e-01  1.53167039e-01  1.74883351e-01  1.92271501e-01
  2.10822284e-01  2.27150649e-01  2.36570910e-01  2.38646582e-01
  2.31595486e-01  2.19489396e-01  2.03668982e-01  1.86065540e-01
  1.74574211e-01  1.74370676e-01  1.78294986e-01  1.82598129e-01
  1.88762173e-01  1.90681577e-01  1.88648045e-01  1.83524281e-01
  1.83020487e-01  1.86992705e-01  1.93818733e-01  2.06494302e-01
  2.17725962e-01  2.32007474e-01  2.49900803e-01  2.67467618e-01
  2.84948885e-01  3.05890530e-01  3.26505423e-01  3.42401832e-01
  3.62612993e-01  3.78953636e-01  3.96220535e-01  4.14177775e-01
  4.23433870e-01  4.29786891e-01  4.47340310e-01  4.72859472e-01
  5.12387335e-01  5.55037856e-01  5.89818597e-01  6.09184027e-01
  6.12391472e-01  6.02517247e-01  5.93132138e-01  5.96563637e-01
  6.15565121e-01  6.40306532e-01  6.75296485e-01  7.18304873e-01
  7.51280129e-01  7.82326460e-01  8.10981870e-01  8.37220728e-01
  8.55724156e-01  8.82064164e-01  9.05703425e-01  9.24617946e-01
  9.56147671e-01  9.76670325e-01  9.94071901e-01  1.01792705e+00
  1.03360367e+00  1.04838157e+00  1.07319856e+00  1.08919418e+00
  1.08938265e+00  1.08609116e+00  1.07423687e+00  1.06625843e+00
  1.05315483e+00  1.05460012e+00  1.06586754e+00  1.05938995e+00
  1.04679322e+00  1.02771568e+00  1.00500953e+00  9.86894369e-01
  9.69001114e-01  9.46090460e-01  9.33920920e-01  9.32249069e-01
  9.23654675e-01  9.18455958e-01  9.08908010e-01  8.89476001e-01
  8.69804680e-01  8.36445987e-01  8.07093441e-01  7.88477302e-01
  7.71750569e-01  7.79074669e-01  7.73083687e-01  7.65689433e-01
  7.77067840e-01  7.58728445e-01  7.53305197e-01  7.50798762e-01
  7.42914081e-01  7.49164939e-01  7.51282334e-01  7.53659785e-01
  7.59637237e-01  7.64494777e-01  7.64209569e-01  7.69177616e-01
  7.69856513e-01  7.67426789e-01  7.64376283e-01  7.61696219e-01
  7.62003481e-01  7.54749894e-01  7.48169184e-01  7.47825205e-01
  7.47805774e-01  7.51573384e-01]
[ 0.52109873  0.50644094  0.48263514  0.4636752   0.45123121  0.44294456
  0.44157732  0.44396824  0.43889508  0.43122995  0.42141163  0.40114614
  0.37497148  0.34724349  0.3176299   0.28990707  0.27374679  0.26602662
  0.26143476  0.26087397  0.26496568  0.26940015  0.27529776  0.28596637
  0.29430392  0.3007248   0.30820855  0.31097242  0.31377816  0.31668305
  0.311948    0.30251911  0.29429445  0.29116422  0.2912173   0.29481092
  0.29528853  0.29230788  0.28942624  0.27857804  0.26230127  0.24904417
  0.23801045  0.22726439  0.21931165  0.21567143  0.21711972  0.21343578
  0.20579129  0.20244116  0.1989865   0.19822526  0.2001518   0.20197602
  0.20711197  0.21011521  0.21710089  0.22988561  0.23534733  0.23965757
  0.24325196  0.24477538  0.24936363  0.25361025  0.25784889  0.26125115
  0.2648676   0.27414957  0.28514108  0.29355997  0.3005417   0.30608201
  0.31166235  0.30916867  0.29998419  0.29244941  0.27924851  0.26355413
  0.2491855   0.23445222  0.22131626  0.20710185  0.19350889  0.17985907
  0.16795434  0.15912172  0.14350069  0.12519272  0.11276843  0.10630521
  0.10390527  0.10112594  0.09602368  0.09111557  0.09102423  0.0877963
  0.07556479  0.06848179  0.06553698  0.06410822  0.06164465  0.05765095
  0.05694313  0.06019819  0.06419625  0.06950881  0.07960666  0.08629228
  0.08910031  0.08563431  0.08388829  0.08800937  0.08662333  0.08197906
  0.07725888  0.07164341  0.06601973  0.06268899  0.05816797  0.05214738
  0.0473651   0.04527466  0.04006341  0.02974406  0.03358923  0.03586119
  0.03382185  0.03545749  0.0296874   0.02232945  0.01967226  0.01751103
  0.01520311  0.01701908  0.01648729  0.00782302  0.01288613  0.02092558
  0.01146326  0.01050577  0.01116697  0.00848339  0.02739761  0.04872665
  0.05772528  0.06621391  0.08842313  0.11164882  0.13069725  0.16263692
  0.20733584  0.23630327  0.26240233  0.29510885  0.29409775  0.30727065
  0.32028639  0.30713385  0.30774021  0.31630206  0.32362285  0.32522967
  0.32843783  0.33827436  0.29722691  0.29216823  0.29865834  0.2691642
  0.26076984  0.25177452  0.23969524  0.24815257  0.26933321  0.26202971
  0.25277391  0.26798573  0.27366826  0.27485415  0.28131938  0.28209183
  0.30601481  0.32875487  0.35475382  0.37030596  0.3312889   0.35288757
  0.39648411  0.42838335  0.44282246  0.46410257  0.47585332  0.46630022
  0.40654016  0.38565204  0.34337929  0.34283027  0.35574198  0.3558653
  0.3549808   0.35048297  0.34078959  0.31159383  0.29985893  0.31734529
  0.32254717  0.34106991  0.36547175  0.38713288  0.42563215  0.42149833
  0.39578533  0.474518    0.53819209  0.61196595  0.64736038  0.63600504
  0.67726272  0.66997164  0.69714797  0.74342442  0.74059772  0.76496929
  0.82538563  0.84364653  0.83689255  0.88545704  0.88103652  0.7574333
  0.7766301   0.76272064  0.772681    0.79349673  0.76792252  0.79282755
  0.75398731  0.73569918  0.71552318  0.53269988  0.58541501  0.57678038
  0.53107595  0.5367831   0.48103553  0.43822542  0.43849716  0.39819843
  0.33249915  0.30321875  0.31360883  0.30839142  0.28997663  0.27836779
  0.25690925  0.23444463  0.22798528  0.21133716  0.1875791   0.18142785
  0.18840672  0.19194674  0.20232949  0.22650956  0.26587269  0.3080931
  0.3613928   0.42547593  0.4569065   0.45655277  0.51400954  0.54527605
  0.493058    0.49655074  0.51013064  0.49738172  0.50158751  0.52164352
  0.47134385  0.39211339  0.4457489   0.45029953  0.42564484  0.45738298
  0.39056614  0.31803504  0.37209043  0.29934332  0.13932806  0.16092212
  0.13887267  0.11363616  0.06878363  0.00877017 -0.00693223 -0.02545891
 -0.0760055  -0.1059852  -0.10504549 -0.14250001 -0.12187155 -0.13063392
 -0.13993871 -0.16498965 -0.26257709 -0.23444906 -0.24605413 -0.26878417
 -0.25014749 -0.28250515 -0.36520642 -0.3623715  -0.45015824 -0.46023986
 -0.47660065 -0.49500462 -0.49170917 -0.50304621 -0.51288044 -0.53978401
 -0.58972895 -0.6377548  -0.66738081 -0.6751731  -0.70572019 -0.73601586
 -0.75978029 -0.81343842 -0.85102493 -0.88038105 -0.87714481 -0.83401513
 -0.78232074 -0.7087236  -0.65225732 -0.61783695 -0.59819692 -0.61782891
 -0.64827579 -0.68363005 -0.68424165 -0.70920479]
[ 4.09580290e-01  4.17690188e-01  4.23160046e-01  4.27577645e-01
  4.29193854e-01  4.35171276e-01  4.36724037e-01  4.35233563e-01
  4.41706061e-01  4.47465509e-01  4.46563691e-01  4.43100423e-01
  4.39474106e-01  4.35498953e-01  4.32908654e-01  4.27460402e-01
  4.21086192e-01  4.21128333e-01  4.21193153e-01  4.20796394e-01
  4.21130955e-01  4.19508427e-01  4.14726764e-01  4.08316225e-01
  3.98997337e-01  3.82853299e-01  3.65248948e-01  3.52065563e-01
  3.44316125e-01  3.34489107e-01  3.26724529e-01  3.25641155e-01
  3.23329151e-01  3.22257668e-01  3.23074371e-01  3.22864264e-01
  3.24391514e-01  3.26129436e-01  3.28879774e-01  3.32092017e-01
  3.31784904e-01  3.27662975e-01  3.12147468e-01  2.88035154e-01
  2.60390610e-01  2.28146210e-01  1.98937446e-01  1.76400334e-01
  1.61517456e-01  1.57732770e-01  1.68074295e-01  1.88901335e-01
  2.12586179e-01  2.36024141e-01  2.51877338e-01  2.62579441e-01
  2.75285006e-01  2.86834180e-01  2.97091901e-01  3.03438872e-01
  3.06299090e-01  3.08864981e-01  3.07681024e-01  3.02896827e-01
  2.94893086e-01  2.83728331e-01  2.72397429e-01  2.63735920e-01
  2.62874752e-01  2.68632352e-01  2.74991065e-01  2.76911229e-01
  2.73220897e-01  2.68872917e-01  2.61179239e-01  2.51174599e-01
  2.36705109e-01  2.17993766e-01  1.99602529e-01  1.83829486e-01
  1.73081040e-01  1.62522465e-01  1.49610430e-01  1.35352626e-01
  1.23399489e-01  1.12754740e-01  1.07039593e-01  1.05459034e-01
  1.05976097e-01  1.11936204e-01  1.19659893e-01  1.28821239e-01
  1.39463618e-01  1.48115739e-01  1.55676067e-01  1.61396086e-01
  1.71101734e-01  1.83245793e-01  1.95490792e-01  2.11252078e-01
  2.24970296e-01  2.34132156e-01  2.43573874e-01  2.52247125e-01
  2.51752585e-01  2.44445011e-01  2.34259918e-01  2.20497310e-01
  2.05605432e-01  1.88819423e-01  1.71669424e-01  1.53643072e-01
  1.33552179e-01  1.17313281e-01  1.01461843e-01  8.42174217e-02
  6.85207024e-02  5.17191291e-02  3.46527770e-02  1.71585009e-02
 -9.01526655e-04 -1.70614496e-02 -3.17517780e-02 -4.37721834e-02
 -5.46749383e-02 -6.74091205e-02 -8.16307962e-02 -9.55666602e-02
 -1.06835335e-01 -1.16689280e-01 -1.23363629e-01 -1.28315955e-01
 -1.30038366e-01 -1.26567453e-01 -1.23847775e-01 -1.18864924e-01
 -1.12051651e-01 -1.03528142e-01 -8.97958055e-02 -7.90542290e-02
 -7.16636181e-02 -6.30868003e-02 -5.83617389e-02 -5.74327633e-02
 -5.45619652e-02 -5.13774715e-02 -4.68896367e-02 -4.35707308e-02
 -4.54508103e-02 -4.89332750e-02 -4.99734730e-02 -4.75953221e-02
 -4.25646417e-02 -3.43147255e-02 -2.65157800e-02 -1.87495332e-02
 -1.16070723e-02 -7.17865769e-03 -2.74949847e-03  2.25083251e-03
  1.78786775e-03 -3.94343212e-03 -9.56344604e-03 -1.52360070e-02
 -2.01176833e-02 -2.13822089e-02 -1.76527463e-02 -1.19538419e-02
 -4.49320767e-03  3.53592983e-03  1.37390606e-02  2.65907459e-02
  3.85501832e-02  5.49926646e-02  8.03818554e-02  1.05504476e-01
  1.24588877e-01  1.41266778e-01  1.52903020e-01  1.58042848e-01
  1.64020970e-01  1.73064977e-01  1.83248550e-01  1.93883896e-01
  2.10114822e-01  2.27015078e-01  2.37926319e-01  2.39360228e-01
  2.35563129e-01  2.28893101e-01  2.23968327e-01  2.17081204e-01
  2.09019691e-01  2.07690135e-01  2.07898259e-01  1.97423920e-01
  1.80095375e-01  1.61170468e-01  1.38473094e-01  1.14672124e-01
  9.48910788e-02  7.44446218e-02  5.85358515e-02  4.99828346e-02
  4.56631333e-02  3.98631170e-02  3.96436192e-02  3.84856872e-02
  3.20283175e-02  3.09611000e-02  3.91388610e-02  4.74587828e-02
  5.57802916e-02  7.33812973e-02  8.86045992e-02  1.14986971e-01
  1.46730155e-01  1.63983047e-01  1.82539076e-01  2.10563764e-01
  2.46614844e-01  2.77062953e-01  2.96454549e-01  3.11557978e-01
  2.97563791e-01  2.69187093e-01  2.54349709e-01  2.43530124e-01
  2.51141816e-01  2.72709548e-01  2.96485633e-01  3.09227318e-01
  3.36709023e-01  3.63504410e-01  3.83061171e-01  4.09083635e-01
  4.35709208e-01  4.64839518e-01  4.92287844e-01  5.16546607e-01
  5.48344493e-01  5.82230449e-01  6.20445073e-01  6.85108602e-01
  7.24241912e-01  7.55405605e-01  8.00890028e-01  8.46502781e-01
  8.80838156e-01  9.16333616e-01  9.66112137e-01  1.03916943e+00
  1.08389723e+00  1.13291740e+00  1.16497850e+00  1.18567407e+00
  1.19176853e+00  1.17817366e+00  1.15512204e+00  1.14316738e+00
  1.13540936e+00  1.11129034e+00  1.09433866e+00  1.09720814e+00
  1.09061885e+00  1.07759488e+00  1.04963696e+00  1.00636697e+00
  9.62762833e-01  9.30150390e-01  8.81798208e-01  8.34743381e-01
  7.92958021e-01  7.75696814e-01  7.59450555e-01  7.33437717e-01
  7.26067781e-01  7.00509548e-01  6.77145481e-01  6.67422354e-01
  6.51138544e-01  6.38722837e-01  6.55200422e-01  6.77001953e-01
  6.78894162e-01  6.95262969e-01  7.29596674e-01  7.36239076e-01
  7.48863161e-01  7.57951081e-01  7.81873107e-01  8.31912100e-01
  8.75002980e-01  9.40360606e-01  9.94207203e-01  1.06573534e+00
  1.18716824e+00  1.21756220e+00  1.27343178e+00  1.34097993e+00
  1.37769568e+00  1.42467058e+00  1.45421600e+00  1.45860565e+00
  1.46867597e+00  1.49358761e+00  1.49382544e+00  1.49449527e+00
  1.49398792e+00  1.48877513e+00  1.48134720e+00  1.47340393e+00
  1.46925902e+00  1.46326709e+00  1.44760263e+00  1.42198634e+00
  1.38844705e+00  1.34683216e+00  1.29624724e+00  1.23968768e+00
  1.16578150e+00  1.09321272e+00  1.01876760e+00  9.33899164e-01
  8.28733921e-01  7.43390322e-01  6.90557420e-01  6.17934287e-01
  5.53207695e-01  5.17127991e-01  4.62392211e-01  4.21665490e-01
  3.87679666e-01  3.54320139e-01  3.09795320e-01  2.75433123e-01
  2.54133135e-01  2.04835817e-01  1.67857572e-01  1.15302838e-01
  4.17084843e-02 -1.24274408e-02 -7.21536055e-02 -1.68007642e-01
 -2.42483631e-01 -2.61882007e-01 -3.21867704e-01 -3.79831851e-01
 -4.39662278e-01 -4.92073327e-01 -5.49346447e-01 -6.22316360e-01
 -6.93345368e-01 -7.45133221e-01 -7.97356844e-01 -8.43065619e-01
 -8.70715022e-01 -9.08403575e-01 -9.47598398e-01 -9.80017126e-01
 -9.80537057e-01 -9.48376298e-01 -8.97831559e-01 -8.13695610e-01
 -7.25700080e-01 -6.57962918e-01 -6.11341357e-01 -5.93641818e-01
 -6.22836471e-01 -6.75485790e-01 -7.58145630e-01 -8.43272865e-01
 -9.28277671e-01 -1.00923502e+00 -1.08550227e+00 -1.15146911e+00
 -1.21012545e+00 -1.25834787e+00 -1.29962993e+00 -1.33999848e+00
 -1.38048804e+00 -1.42765474e+00 -1.47767413e+00 -1.51752424e+00
 -1.55169046e+00 -1.59453404e+00 -1.64274800e+00 -1.72793865e+00
 -1.79815197e+00 -1.88095093e+00 -1.95190489e+00 -2.00599408e+00
 -2.03754091e+00 -2.04654741e+00 -2.03660488e+00 -2.01582766e+00
 -1.98589778e+00 -1.96821141e+00 -1.93156946e+00 -1.91052926e+00
 -1.89761543e+00 -1.88200259e+00 -1.87859333e+00 -1.87559700e+00
 -1.86988580e+00]
[ 1.78094968e-01  1.93220764e-01  2.07902595e-01  2.20250130e-01
  2.36083999e-01  2.56132871e-01  2.68530369e-01  2.77499586e-01
  2.96461284e-01  3.09918106e-01  3.12547922e-01  3.16264153e-01
  3.21014583e-01  3.16103548e-01  3.05075765e-01  2.91579306e-01
  2.81795025e-01  2.81827271e-01  2.76508927e-01  2.71596789e-01
  2.70096004e-01  2.64311701e-01  2.60750175e-01  2.68540472e-01
  2.73823529e-01  2.66117156e-01  2.62420803e-01  2.65849531e-01
  2.75422066e-01  2.81845152e-01  2.84962326e-01  2.98593044e-01
  3.12312454e-01  3.22581142e-01  3.30336154e-01  3.25407535e-01
  3.19311619e-01  3.11331600e-01  2.95416236e-01  2.75679559e-01
  2.52306372e-01  2.33121961e-01  2.11909190e-01  1.84210747e-01
  1.56143904e-01  1.22202627e-01  9.05278325e-02  7.26985186e-02
  6.20451421e-02  6.91972896e-02  9.37843844e-02  1.30213290e-01
  1.72852576e-01  2.13659167e-01  2.47574240e-01  2.73360759e-01
  2.86221921e-01  2.77988642e-01  2.58456200e-01  2.28204817e-01
  1.93356678e-01  1.65606007e-01  1.50127426e-01  1.45459712e-01
  1.55536562e-01  1.86400458e-01  2.20325395e-01  2.43293032e-01
  2.57839978e-01  2.59583652e-01  2.65973538e-01  2.83861041e-01
  2.98910379e-01  3.14834058e-01  3.23337227e-01  3.23096842e-01
  3.08375180e-01  2.83930361e-01  2.53036499e-01  2.13598400e-01
  1.69288635e-01  1.28714561e-01  1.09191202e-01  9.81398970e-02
  8.36291313e-02  6.23456202e-02  3.36148627e-02  8.51172372e-04
 -2.82818880e-02 -4.42335531e-02 -5.87367006e-02 -7.40281567e-02
 -7.96351209e-02 -7.82003775e-02 -6.88864142e-02 -5.49988076e-02
 -4.26598415e-02 -3.39294337e-02 -1.80766676e-02  5.67568233e-03
  2.37878226e-02  3.85038257e-02  6.25183508e-02  9.34150070e-02
  1.16824068e-01  1.35514364e-01  1.50866300e-01  1.68348536e-01
  1.88143998e-01  1.97579876e-01  2.06060141e-01  2.18696937e-01
  2.24496499e-01  2.25245342e-01  2.29746535e-01  2.35623464e-01
  2.38669500e-01  2.42644385e-01  2.41914287e-01  2.31474236e-01
  2.15424225e-01  1.89946979e-01  1.56312525e-01  1.14748836e-01
  7.03624338e-02  3.29003297e-02  2.31183739e-03 -2.14990918e-02
 -4.05915417e-02 -5.90948090e-02 -7.27741197e-02 -8.37451145e-02
 -9.37696472e-02 -1.02620438e-01 -1.08388454e-01 -1.04506731e-01
 -9.96296853e-02 -8.95424560e-02 -7.40545467e-02 -6.98865280e-02
 -7.18188658e-02 -7.16700405e-02 -7.52402321e-02 -8.00269917e-02
 -7.91446567e-02 -8.07846934e-02 -8.22246149e-02 -7.90697187e-02
 -8.20671991e-02 -8.64835158e-02 -8.67768601e-02 -7.53877684e-02
 -5.62247932e-02 -4.01528515e-02 -3.41075696e-02 -3.38825025e-02
 -3.47738564e-02 -4.02089059e-02 -4.80658785e-02 -5.92742413e-02
 -7.76793882e-02 -1.01912960e-01 -1.24612719e-01 -1.46753579e-01
 -1.65053129e-01 -1.78060412e-01 -1.85313165e-01 -1.79275155e-01
 -1.64223596e-01 -1.46497637e-01 -1.29227057e-01 -1.10200636e-01
 -9.72475335e-02 -8.69428515e-02 -6.90647513e-02 -5.36707081e-02
 -4.76569608e-02 -4.03857306e-02 -3.31962593e-02 -2.64654141e-02
 -1.58422142e-02 -2.65928311e-03  1.24079371e-02  1.93257760e-02
  2.72685215e-02  3.66420485e-02  4.69852239e-02  7.55847469e-02
  1.17992453e-01  1.68438181e-01  2.08506614e-01  2.24658653e-01
  2.29495287e-01  2.40133390e-01  2.52657264e-01  2.57591993e-01
  2.70203173e-01  2.91033000e-01  3.02002341e-01  3.01727951e-01
  2.82707870e-01  2.46568576e-01  2.12140560e-01  1.75008789e-01
  1.28126964e-01  7.49509931e-02  3.74065489e-02  1.75795238e-02
  7.93537998e-04 -1.43818054e-02 -3.14982571e-02 -6.68164119e-02
 -1.00288935e-01 -1.20546110e-01 -1.50094688e-01 -1.51794955e-01
 -1.28541186e-01 -1.05042584e-01 -8.04157183e-02 -5.68777807e-02
 -4.31528017e-02 -4.07114848e-02 -3.81448083e-02 -1.51660023e-02
 -1.55332182e-02 -2.84828097e-02 -3.01118679e-02 -3.73667255e-02
 -3.16359214e-02 -1.73725169e-02 -4.25502323e-02 -1.00459263e-01
 -9.19034034e-02 -3.72508466e-02  2.34542750e-02  8.54802132e-02
  1.19558759e-01  1.11267880e-01  2.51409151e-02 -9.03989673e-02
 -1.62413716e-01 -1.99828431e-01 -1.95903942e-01 -1.23023547e-01
 -7.91250467e-02 -4.68917489e-02 -1.79182272e-03  5.78664802e-02
  1.24439873e-01  2.22750038e-01  3.44906569e-01  4.91029799e-01
  5.89406550e-01  6.97123647e-01  8.04219425e-01  9.40996289e-01
  1.05070126e+00  1.13874102e+00  1.24464059e+00  1.36186743e+00
  1.46525395e+00  1.53426635e+00  1.57643163e+00  1.60563779e+00
  1.64297545e+00  1.67959976e+00  1.71416128e+00  1.74147666e+00
  1.75783765e+00  1.78386891e+00  1.72388315e+00  1.61826658e+00
  1.47624505e+00  1.36934197e+00  1.27046764e+00  1.20630336e+00
  1.19965518e+00  1.16038668e+00  1.11141264e+00  1.05742800e+00
  9.82060254e-01  8.97099435e-01  8.11456442e-01  7.17931032e-01
  5.97919285e-01  5.71358263e-01  5.81728339e-01  5.19696653e-01
  4.67744708e-01  4.03304696e-01  3.77015710e-01  3.94558549e-01
  3.75495970e-01  3.89048368e-01  4.13886368e-01  4.72430825e-01
  6.10908628e-01  6.16260767e-01  6.75595105e-01  7.75712669e-01
  8.49861681e-01  9.68864024e-01  1.07253504e+00  1.14459705e+00
  1.26047230e+00  1.41635811e+00  1.53144372e+00  1.66656768e+00
  1.81668282e+00  1.96932161e+00  2.13142586e+00  2.28903079e+00
  2.43149304e+00  2.55524325e+00  2.65830445e+00  2.73137951e+00
  2.77809501e+00  2.81085110e+00  2.83406854e+00  2.84042621e+00
  2.83655691e+00  2.83832955e+00  2.81181955e+00  2.75587606e+00
  2.69613528e+00  2.70102191e+00  2.73628640e+00  2.70805287e+00
  2.65765500e+00  2.61991739e+00  2.58508039e+00  2.56607127e+00
  2.46169424e+00  2.33354378e+00  2.25943065e+00  2.20268035e+00
  2.13733697e+00  1.99430990e+00  1.87479842e+00  1.77434540e+00
  1.62756002e+00  1.50197196e+00  1.41283107e+00  1.26185679e+00
  1.11505663e+00  1.07879376e+00  9.71961319e-01  8.63138855e-01
  7.20309913e-01  5.91282427e-01  4.99952704e-01  3.93066883e-01
  2.86551923e-01  2.04228818e-01  8.34771320e-02 -6.24548346e-02
 -1.72456965e-01 -2.78502941e-01 -3.48458678e-01 -4.05000776e-01
 -4.62962717e-01 -5.19190431e-01 -5.93440235e-01 -6.71573699e-01
 -7.65393376e-01 -8.82128298e-01 -9.85520959e-01 -1.07627428e+00
 -1.17509973e+00 -1.26041985e+00 -1.36796451e+00 -1.49615121e+00
 -1.64192009e+00 -1.81779373e+00 -1.87894070e+00 -1.86242652e+00
 -1.78633225e+00 -1.60211694e+00 -1.36785674e+00 -1.15334892e+00
 -9.87432957e-01 -9.07631278e-01 -9.20687795e-01 -1.00825047e+00
 -1.08796287e+00 -1.18164980e+00 -1.32609570e+00 -1.51594675e+00
 -1.68110740e+00 -1.86669278e+00 -2.01127958e+00 -2.10760307e+00
 -2.16692352e+00 -2.19838023e+00 -2.19957042e+00 -2.18842053e+00
 -2.16422796e+00 -2.14714313e+00 -2.10029340e+00 -2.07631278e+00
 -2.06119871e+00 -2.03895807e+00 -2.03300953e+00 -2.02530026e+00
 -2.01847076e+00 -2.02350783e+00 -2.02432871e+00 -2.03006172e+00
 -2.03691387e+00 -2.03980780e+00 -2.03823352e+00 -2.03760386e+00
 -2.03929806e+00 -2.04308152e+00 -2.04960728e+00 -2.05535460e+00
 -2.05848718e+00 -2.06079459e+00 -2.05893517e+00 -2.05615735e+00
 -2.05642891e+00 -2.06061387e+00 -2.06544137e+00 -2.06736493e+00
 -2.07216215e+00 -2.07646298e+00 -2.07361174e+00 -2.07968926e+00
 -2.08214402e+00 -2.07937217e+00 -2.08191752e+00 -2.08904576e+00
 -2.09360433e+00 -2.08371592e+00 -2.07208776e+00 -2.06742120e+00
 -2.06741309e+00 -2.07591248e+00 -2.07930326e+00 -2.07665086e+00]
