[ 0.02248654  0.01979957  0.01094716  0.00206506 -0.00612133 -0.005319
  0.00016049  0.0055924   0.00983042  0.01523127  0.02776401]
[0.00850795 0.03225233 0.04919205 0.05268192 0.05840231 0.0666014
 0.07646985 0.07790437 0.07729426 0.07980145 0.06973611 0.0606693
 0.06176036 0.05817445 0.0577799  0.05587222 0.04450027 0.03321058
 0.03048267 0.02695369 0.02295676 0.02696792 0.03156661 0.01536782]
[0.04307703 0.05405512 0.0666841  0.07221767 0.07492845 0.0655972
 0.06282679 0.06421946 0.05614499 0.0486683  0.03775138 0.02333133
 0.02520334 0.03168386 0.02714191 0.03387487 0.03533442 0.02674212
 0.03110971 0.02951628 0.0254343  0.03196852 0.03576785 0.03133981
 0.00598328]
[ 2.23559403  2.02784395  1.77991211  1.50588131  1.28533423  1.19638145
  1.24515402  1.34654248  1.45544446  1.5111053   1.54233217  1.52418959
  1.3910774   1.20275807  0.98008132  0.67886508  0.4192273   0.3358478
  0.33867082  0.4161464   0.57907838  0.75471163  0.92614472  1.14828098
  1.33556724  1.47311378  1.57873607  1.61006117  1.59349334  1.50062072
  1.36070764  1.1516633   0.90290397  0.74137068  0.54550934  0.36326936
  0.31264788  0.34488612  0.42610809  0.44858328  0.33893895  0.18885079
  0.12546505  0.10624427  0.101238    0.14847693  0.21495529  0.19776225
  0.13324283  0.01357398 -0.14956601 -0.36469987 -0.63133228 -0.92796928
 -1.20594347]
[-0.46159536 -0.59668034 -0.63783795 -0.75686723 -0.85027373 -0.89083844
 -0.94599247 -0.99323279 -1.02661073 -1.07265437 -1.09404027 -1.1168642
 -1.1576283  -1.20014155 -1.214854   -1.23809552 -1.26723719 -1.27554929
 -1.28855503 -1.30251467 -1.32896781 -1.38303375 -1.44363022 -1.49376547
 -1.5311507  -1.54014909 -1.52728891 -1.50925934 -1.47929358 -1.4494437
 -1.43101001 -1.41534638 -1.40167248 -1.3973906  -1.39130723 -1.39031279
 -1.40588129 -1.41778302 -1.41967857 -1.42747068 -1.43676043 -1.45134556
 -1.46678436 -1.47526217 -1.48297322 -1.49591434 -1.50615096 -1.51383829
 -1.51851821 -1.51153588 -1.50647008 -1.51379645 -1.51045978 -1.50574839
 -1.50129247]
[ 0.16562155  0.17981067  0.19331399  0.19877028  0.20313306  0.21325304
  0.22438395  0.22999977  0.23047727  0.22894433  0.23049483  0.2353089
  0.24014392  0.23995696  0.2394854   0.24165796  0.24273483  0.24327752
  0.24513213  0.24846607  0.25076029  0.25096029  0.24711542  0.24614862
  0.24907634  0.24518548  0.23627958  0.23151764  0.23149684  0.22774832
  0.22064643  0.2130727   0.20530634  0.20075543  0.19622627  0.19208938
  0.19246204  0.19217923  0.19297047  0.19425055  0.19053027  0.18312693
  0.17610411  0.17127524  0.16719465  0.15992622  0.15342849  0.14928356
  0.14381219  0.13645791  0.13079639  0.12527053  0.11540378  0.10606174
  0.09851176  0.08939359  0.08109532  0.07176761  0.06139414  0.05491284
  0.05335885  0.05026459  0.04240487  0.03742423  0.03320941  0.02620095
  0.01995035  0.01311216  0.00981065  0.00681866 -0.00104294 -0.01031204
 -0.01823993 -0.02504051 -0.03386306 -0.04510354 -0.05056452 -0.05126224
 -0.05461369 -0.05577352 -0.05336564 -0.05425427 -0.05871858]
[ 0.16552317  0.17858078  0.19617286  0.221183    0.25231317  0.28264284
  0.31005713  0.33859453  0.36896047  0.39952832  0.43106824  0.46522433
  0.50204951  0.53305209  0.56188661  0.59215224  0.61572385  0.63244027
  0.64537716  0.64934456  0.6444847   0.63519239  0.62460947  0.61236864
  0.59686744  0.58245742  0.56902558  0.55630654  0.54638571  0.53460032
  0.52174598  0.51068121  0.50067025  0.49476182  0.4938696   0.49307108
  0.4903591   0.48544779  0.47732127  0.463723    0.44605401  0.42814159
  0.4113946   0.39753804  0.38882992  0.37994054  0.37102735  0.36993375
  0.37303928  0.37140349  0.37045971  0.36900765  0.36062518  0.35067734
  0.34199527  0.32792315  0.31027335  0.29397601  0.27679428  0.2630859
  0.25543177  0.2484528   0.24116601  0.24033542  0.24599548  0.25243771
  0.25818312  0.26793477  0.27934659  0.29048124  0.30571249  0.32078773
  0.33694685  0.35759601  0.38121715  0.40116781  0.41888827  0.43677488
  0.44807038  0.45127514  0.44744349  0.43927571  0.4278807   0.41163459
  0.38683826  0.3585808   0.33056358  0.30455887  0.27974623  0.25649002
  0.24063382  0.23080108  0.22038732  0.2092246   0.19881219  0.19168392
  0.1875181   0.18488993  0.18548925  0.18754131  0.19399697  0.20544831
  0.21088831  0.2147392   0.22305819  0.22860804  0.2326379   0.24626452
  0.26081565  0.27121729  0.28225657  0.29353961  0.30120227  0.30743721
  0.31711161  0.32127866  0.32466704  0.33143902  0.33634838  0.33754221
  0.33245075  0.32116422  0.30210397  0.27639306  0.25801501  0.23404238
  0.20749299  0.18895087  0.17175932  0.15856303  0.14891176  0.135574
  0.11750793  0.10449252  0.09165952  0.07538649  0.06065806  0.04527045
  0.03046982  0.02141783  0.015036    0.00198173 -0.02768351 -0.0566888
 -0.06055707 -0.06836295 -0.09104914 -0.1177339  -0.14963992 -0.19014244
 -0.23255903 -0.26760709]
[ 0.15683664  0.15989012  0.16916011  0.18189389  0.19763704  0.21939883
  0.24694601  0.27454329  0.30111459  0.32818866  0.35985896  0.39414054
  0.43025535  0.46579999  0.49884817  0.52787513  0.55370295  0.57693714
  0.59557581  0.60918105  0.61736286  0.61904669  0.61549103  0.61262172
  0.61050224  0.60638493  0.60335034  0.59934437  0.59504086  0.59090573
  0.58434665  0.57622135  0.56670302  0.55449349  0.54107684  0.53394181
  0.53287387  0.53290856  0.53292894  0.52647424  0.51444757  0.49773765
  0.47577643  0.45021579  0.42340499  0.39881942  0.38087377  0.36789948
  0.35771763  0.35436153  0.35542491  0.35617375  0.35773781  0.36089814
  0.35890096  0.35233289  0.34181285  0.32497573  0.30410144  0.28396374
  0.26726377  0.25402573  0.24517986  0.23800144  0.23246941  0.23365608
  0.23958972  0.24497902  0.24950351  0.25893167  0.27103582  0.28234723
  0.29664475  0.31318122  0.33051121  0.34996253  0.36963823  0.39114788
  0.41448319  0.43454883  0.44854245  0.45543942  0.45355922  0.4477334
  0.43710828  0.41638499  0.38687333  0.35654813  0.32813644  0.30388477
  0.28271249  0.26472664  0.25178614  0.23914331  0.22493853  0.21205777
  0.20416996  0.19619742  0.18843745  0.18379712  0.18399611  0.1899949
  0.19480196  0.19858442  0.20092723  0.20600438  0.21211432  0.21715289
  0.22675061  0.2397041   0.2518881   0.26222223  0.27479768  0.28592026
  0.2922217   0.3004021   0.30715001  0.31362206  0.3219167   0.32605168
  0.32694173  0.32366663  0.30942947  0.28889844  0.2695086   0.25637501
  0.23902611  0.21988867  0.20626292  0.191236    0.17698127  0.16699713
  0.15705448  0.14327149  0.13138151  0.11473432  0.09430908  0.07808238
  0.06205466  0.04997228  0.04259215  0.03207402  0.01304583 -0.01414392
 -0.0370826  -0.04622611 -0.05663229 -0.0697838  -0.09491193 -0.12882365
 -0.17274502 -0.21247505 -0.23848605 -0.2354569  -0.23074707 -0.22615203
 -0.22339635 -0.22437938]
[ 0.23494202  0.22703572  0.22247449  0.2216111   0.22271074  0.22711852
  0.23649558  0.24733017  0.26117074  0.27898708  0.29700443  0.3162038
  0.33698666  0.36040097  0.38522694  0.41220069  0.43696687  0.45721287
  0.4776721   0.49259326  0.50245118  0.51130629  0.5167197   0.51744008
  0.5175311   0.51724571  0.51914322  0.52089447  0.52193677  0.52536237
  0.52906531  0.53112054  0.53263307  0.53216058  0.52592272  0.52199221
  0.52151233  0.52073312  0.52094835  0.52444136  0.52876002  0.52978605
  0.52677006  0.52043337  0.5118174   0.49979615  0.48044348  0.45734259
  0.43539321  0.41247621  0.38989052  0.36667001  0.34434211  0.3273325
  0.31497785  0.3095856   0.31169474  0.31895006  0.32727879  0.33344299
  0.33370093  0.32545936  0.31314221  0.29478875  0.27135092  0.24776179
  0.22902237  0.2142505   0.20353214  0.20280302  0.20629157  0.21301149
  0.22530408  0.23573889  0.24805187  0.26579282  0.28476435  0.30642319
  0.32789388  0.3513324   0.37406743  0.39290148  0.40864432  0.41879889
  0.42478254  0.43079618  0.43080217  0.42620164  0.41440204  0.39224461
  0.36878672  0.34301791  0.31960413  0.30215845  0.2892091   0.27710387
  0.26362407  0.25868484  0.25210115  0.24135174  0.23553997  0.22829431
  0.2239612   0.22309062  0.21477178  0.20586696  0.20415552  0.20760202
  0.20956686  0.21152756  0.22040011  0.22793266  0.23082814  0.23778294
  0.24732286  0.251892    0.26467538  0.26920345  0.27091196  0.28400847
  0.29560962  0.30624908  0.31713244  0.31997839  0.31381568  0.29190782
  0.28654626  0.27889821  0.26029453  0.24929823  0.23356962  0.21911307
  0.21288985  0.2061054   0.19092439  0.18272398  0.17558886  0.15900695
  0.14501683  0.13085541  0.11395454  0.10741074  0.103498    0.09757385
  0.07765485  0.04418812  0.04537665  0.04265638  0.02839059  0.00929517
 -0.00710724 -0.03606723 -0.06695145 -0.10438801 -0.09694814 -0.09605846
 -0.08913841 -0.0878685  -0.08473875 -0.07966501 -0.08197938 -0.08743221
 -0.09204763 -0.08964866 -0.09096344 -0.09950839 -0.11316807 -0.12855957
 -0.13885631 -0.1413438  -0.15406738 -0.17519923 -0.16130841 -0.15585293]
[0.17405641 0.17035335 0.16825296 0.16701083 0.16691719 0.16642128
 0.16956963 0.17735863 0.1856035  0.19048338 0.18857908 0.18493117
 0.18068454 0.17346311 0.16165681 0.15322168 0.14487158 0.13377784
 0.12759551 0.12346809 0.11758839 0.11401919 0.11642048 0.11652701
 0.1106447  0.10703271 0.10851655 0.10762465 0.10466294 0.10106122
 0.09797479 0.09642901 0.0919483  0.09097171 0.08965285 0.08420436
 0.08478957 0.08941375 0.09031876 0.08531602 0.08221972 0.08066121
 0.0804517  0.08242053 0.08117053 0.08095918 0.07830733 0.0718203
 0.06855687 0.06395774 0.06242891 0.06524242 0.06668601 0.06721342
 0.06650494 0.06398471 0.0670224  0.07663402 0.09385263 0.11032332
 0.11468191 0.1127213  0.11030347 0.11101247 0.1121338  0.1147655
 0.12344549 0.13223869 0.14125884 0.15233567 0.16105752 0.16700487
 0.17469122 0.17696092 0.16610041 0.15197799 0.14546993 0.13928188
 0.13639775 0.13931733 0.13391535 0.12258345 0.1146758  0.10242204
 0.09217945 0.09058703 0.09293427 0.0946231  0.10007054 0.11074526
 0.1160245  0.1201964  0.12825623 0.13349816 0.13172415 0.12756445
 0.13168305 0.14683494 0.17166263 0.19430928 0.19852814 0.19323131
 0.20155777 0.2342868  0.27254969 0.299456   0.31987235 0.3181974
 0.30077299 0.28163186 0.27809277 0.28473961 0.29494354 0.30803758
 0.32091227 0.33741489 0.35114038 0.36496553 0.37557405 0.38855553
 0.41050634 0.43028358 0.44426849 0.45624101 0.47251433 0.49522132
 0.51426405 0.5234164  0.53618443 0.56123686 0.58514225 0.60151643
 0.60831714 0.61482942 0.618411   0.62365919 0.63623118 0.63383132
 0.62799728 0.63188738 0.6215108  0.60438454 0.60468358 0.59770024
 0.57093006 0.57226825 0.59061426 0.6020422  0.60294205 0.60933077
 0.60509777 0.57171202 0.52927822 0.50343871 0.46787804 0.44908696
 0.44645602 0.44082516 0.43805486 0.42863703 0.41499251 0.41499153
 0.41158643 0.40013695 0.38391736 0.37261778 0.36748976 0.36177477
 0.3453525  0.33468357 0.32959631 0.33077687 0.33665866 0.35127982
 0.36094111 0.36731687]
[-0.20257851 -0.201235   -0.16425635 -0.09953362 -0.05820519 -0.02261614
  0.03362906  0.11235345  0.25061256  0.34089804  0.37822318  0.49150231
  0.68487036  0.87354505  1.01413429  1.05486703  1.08410537  1.12550044
  1.17548943  1.30462813  1.41000319  1.49015522  1.60970902  1.66778421
  1.60947251  1.56572819  1.5162046   1.34883606  1.24748182  1.22478628
  1.2188623   1.25147963  1.25198889  1.25965357  1.23820388  1.15631771
  1.05881476  0.91445196  0.89392221  0.98578042  0.98689061  0.97837657
  0.96888143  0.95022845  1.01178074  1.0511601   1.01973355  1.02030194
  1.07032573  1.0985148   1.09081197  1.07441366  1.05151165  1.01541471
  0.97923023  0.96932995  0.96292365  0.95301127  0.96093404  0.98538214
  1.02343047  1.08613229  1.17135823  1.27496696  1.3768934   1.51194072
  1.63272727  1.68366349  1.75320911  1.82173681  1.7726965   1.68192995
  1.66973197  1.66479909  1.6566534   1.64903283  1.58907843  1.49609077
  1.49370337  1.54695654  1.54026675  1.50759375  1.39856482  1.28187108
  1.30005205  1.19700038  0.96897781  0.8953687   0.91457933  0.87442625
  0.75522757  0.59969449  0.51194912  0.41488531  0.23690046  0.08396981
 -0.00997671 -0.09494808 -0.17317428 -0.21469504 -0.24470164 -0.32685971
 -0.47146282 -0.56378347 -0.55206406 -0.59297287 -0.61834496 -0.6843456
 -0.82297963 -0.9773038  -1.0857594  -1.1854322  -1.22311711 -1.28371811
 -1.34537888 -1.38117015 -1.43065202 -1.48914897 -1.57083285 -1.66567802
 -1.70362949 -1.68094456 -1.66544354 -1.64757085 -1.6374898  -1.69314539
 -1.81648004 -1.82212126 -1.78949749 -1.55129743 -1.29180121 -0.95552319
 -0.65566343 -0.44933477 -0.35248828 -0.36408523 -0.52907729 -0.6871928
 -0.86230016 -1.03021765 -1.24415791 -1.40542519 -1.53432477 -1.64927721
 -1.70545077 -1.75489056 -1.8153255  -1.85697305 -1.91199684 -1.93994284
 -1.94773459 -1.96339488 -1.99467194 -2.03864026 -2.06436872 -2.09061646
 -2.12153149 -2.15158892 -2.20351672 -2.23808885 -2.25573015 -2.28622222
 -2.31808925 -2.34542418 -2.3599391  -2.37235284 -2.39506245 -2.43104267
 -2.46683073 -2.49308419 -2.53160858 -2.56874013 -2.59915376 -2.64185691
 -2.69323468 -2.75208306]
[0.14377722 0.15376431 0.16110587 0.16574287 0.16544211 0.16138136
 0.15687624 0.15337087 0.14999869 0.14722255 0.14308694 0.13812546
 0.13385895 0.12791924 0.11853824 0.1086036  0.10167671 0.09876727
 0.09815454 0.09664044 0.09423669 0.09439771 0.09659772 0.096269
 0.09522866 0.09723859 0.09932165 0.10008132 0.10160661 0.10615669
 0.10975729 0.10962973 0.11409801 0.12399931 0.13402002 0.14234239
 0.14896062 0.15314649 0.15644325 0.1599195  0.16104361 0.16099146
 0.15939084 0.15486676 0.15134437 0.14916727 0.14733148 0.14328882
 0.1394287  0.13605163 0.12778395 0.11812728 0.11083861 0.10409187
 0.09876382 0.0946316  0.09083662 0.08784884 0.08604784 0.08340521
 0.07986726 0.07902037 0.07758531 0.07394451 0.07334279 0.0750226
 0.07537321 0.07682434 0.08212968 0.09406257 0.11255004 0.1260449
 0.13025917 0.13308978 0.13956442 0.14563939 0.15037782 0.15781951
 0.16630125 0.1707183  0.17162263 0.17231438 0.17174929 0.17586601
 0.17601013 0.16623682 0.15360364 0.14184542 0.13480003 0.13681574
 0.14126708 0.1384514  0.12575848 0.11974432 0.11808834 0.11492057
 0.11713093 0.12450135 0.13343129 0.14331535 0.15175551 0.15628906
 0.16549329 0.1781584  0.18699919 0.19421078 0.19808756 0.19871788
 0.20488526 0.21718919 0.23056583 0.23065485 0.21621267 0.21616194
 0.22787954 0.24877283 0.27088052 0.29166844 0.30289814 0.30093071
 0.28586832 0.29550207 0.31294042 0.33560747 0.35423532 0.3742983
 0.39593306 0.41409388 0.42911097 0.4402746  0.45010066 0.46449104
 0.47096604 0.46901476 0.47738999 0.49260828 0.50673842 0.52145255
 0.52775359 0.54923671 0.56592166 0.58602494 0.6010865  0.602799
 0.60832483 0.60211164 0.60059285 0.60880977 0.61670166 0.63021034
 0.65264004 0.67782235 0.69054002 0.70388013 0.7018224  0.68519872
 0.68476826 0.67675465 0.668585   0.65955132 0.632617   0.61828589
 0.59737664 0.57401347 0.53601336 0.48838773 0.47529987 0.44936347
 0.40907034 0.38610926 0.36070213 0.34071502 0.33354512 0.32423162
 0.31785679 0.31966433 0.32202238 0.31159461 0.30645853 0.3091751
 0.31358472 0.32182202 0.33348429 0.35019103 0.37121987 0.39051104
 0.39833921 0.42250627 0.44883633]
[ 4.51807737e-01  4.30645615e-01  3.59657913e-01  4.08644646e-01
  5.05947828e-01  5.47870338e-01  5.64671695e-01  5.64989150e-01
  4.93623018e-01  3.35617393e-01  1.33205786e-01  1.85121633e-02
 -5.15328348e-02 -7.76358098e-02 -9.75677148e-02 -1.28917083e-01
 -1.38529196e-01 -1.53094232e-01 -1.72443688e-01 -1.84275836e-01
 -1.35240749e-01 -8.37941095e-02 -7.26977214e-02 -5.32749407e-02
 -1.41966215e-03  7.94053078e-02  1.62438974e-01  1.78590953e-01
  2.01223880e-01  3.77943039e-01  5.29373944e-01  6.65564954e-01
  7.27975488e-01  7.31401086e-01  7.90388286e-01  7.98351526e-01
  8.69140923e-01  9.77844715e-01  1.04413795e+00  1.12282217e+00
  1.20912969e+00  1.22249508e+00  1.21606767e+00  1.29452789e+00
  1.23522556e+00  1.08860850e+00  1.12029219e+00  1.11917222e+00
  1.17553651e+00  1.22363877e+00  1.20239854e+00  1.24577463e+00
  1.18549502e+00  1.14014721e+00  1.06645644e+00  9.10075426e-01
  1.03126669e+00  1.07979119e+00  1.07452369e+00  1.10381699e+00
  1.09063005e+00  1.11645555e+00  1.18124974e+00  1.15154469e+00
  1.08409441e+00  1.09194016e+00  1.07999182e+00  1.04284823e+00
  1.00946939e+00  9.84589934e-01  9.63053584e-01  9.38761294e-01
  9.18138683e-01  8.98059428e-01  8.81264925e-01  8.71233881e-01
  8.66618633e-01  8.74532640e-01  9.07542825e-01  9.61415410e-01
  1.04149973e+00  1.13997364e+00  1.25328255e+00  1.38039613e+00
  1.45444739e+00  1.49025834e+00  1.59932399e+00  1.64888561e+00
  1.59449017e+00  1.59851825e+00  1.60668302e+00  1.58690631e+00
  1.58856344e+00  1.57867241e+00  1.46533418e+00  1.36248755e+00
  1.42253661e+00  1.42812538e+00  1.38652039e+00  1.34659064e+00
  1.22703743e+00  1.16292870e+00  1.17774189e+00  9.81577992e-01
  7.82580793e-01  8.46731961e-01  7.97657073e-01  7.03031242e-01
  5.64678192e-01  4.26740319e-01  3.66232485e-01  2.91562408e-01
  1.54146045e-01  9.52303559e-02  6.84986413e-02 -2.96201706e-02
 -5.69125526e-02 -1.23454034e-01 -2.03273654e-01 -3.37351859e-01
 -4.99304265e-01 -4.85920846e-01 -4.89358813e-01 -5.26871502e-01
 -5.31516552e-01 -6.23831630e-01 -7.69020975e-01 -8.40583146e-01
 -9.83407676e-01 -1.01630449e+00 -1.05865383e+00 -1.12594819e+00
 -1.15346992e+00 -1.18763697e+00 -1.23455596e+00 -1.29001033e+00
 -1.36097968e+00 -1.42688787e+00 -1.42810428e+00 -1.41407359e+00
 -1.41481352e+00 -1.41849780e+00 -1.46760678e+00 -1.57098329e+00
 -1.63395405e+00 -1.64570320e+00 -1.54655468e+00 -1.32969499e+00
 -1.11025071e+00 -8.77360702e-01 -7.05807447e-01 -6.17087483e-01
 -6.20141387e-01 -7.26500213e-01 -8.76208961e-01 -1.02267301e+00
 -1.15067220e+00 -1.30738616e+00 -1.47011375e+00 -1.58099997e+00
 -1.68433583e+00 -1.74783230e+00 -1.78763139e+00 -1.83998179e+00
 -1.88303483e+00 -1.93201077e+00 -1.97033679e+00 -1.98847795e+00
 -2.00506878e+00 -2.03949118e+00 -2.08048964e+00 -2.10859990e+00
 -2.13253379e+00 -2.15338087e+00 -2.18309188e+00 -2.22282219e+00
 -2.25695252e+00 -2.27318501e+00 -2.28157139e+00 -2.29546499e+00
 -2.31839442e+00 -2.33254647e+00 -2.34160519e+00 -2.35178757e+00
 -2.36628103e+00 -2.38905215e+00 -2.40598488e+00 -2.42344761e+00
 -2.45019388e+00]
[ 0.09599278  0.0918399   0.08652207  0.08165848  0.08066299  0.07459628
  0.06585626  0.06170629  0.06430996  0.06350975  0.06004911  0.06359537
  0.0716083   0.07211076  0.06654726  0.06496643  0.06277888  0.0605731
  0.06272905  0.0644395   0.06703714  0.06506011  0.06403395  0.06924622
  0.07039598  0.07016519  0.07286343  0.07466777  0.07683127  0.08108108
  0.08363934  0.08757191  0.08729978  0.08319735  0.08074358  0.0688556
  0.05751457  0.05619971  0.05595079  0.05491877  0.05385158  0.05771862
  0.06476687  0.06893943  0.06990822  0.0662861   0.0592823   0.0538213
  0.04656731  0.03974245  0.03460709  0.04070199  0.05057675  0.05353963
  0.0619674   0.07262727  0.07971002  0.08364872  0.08680888  0.08579057
  0.08315393  0.07876629  0.07571855  0.07616723  0.07699773  0.08832787
  0.10517437  0.11743639  0.13203275  0.13922405  0.14484608  0.15180716
  0.15717238  0.16470826  0.16812569  0.17050935  0.17016901  0.16835737
  0.16587698  0.16641293  0.1644963   0.15549301  0.15631813  0.15613091
  0.15456067  0.1567513   0.15139027  0.14069051  0.1337087   0.13489707
  0.1302563   0.12043507  0.11699905  0.11748197  0.1154448   0.11300827
  0.11741216  0.12409537  0.1314829   0.14034194  0.14791876  0.15488864
  0.16336013  0.17371169  0.18312474  0.18903087  0.19212683  0.20020008
  0.21439882  0.2246577   0.23175961  0.24169958  0.25169951  0.25907704
  0.26773894  0.27555576  0.28194842  0.29102013  0.30006143  0.30658218
  0.31478265  0.32240137  0.32797202  0.32932124  0.32873559  0.33137214
  0.33131528  0.33210024  0.33608273  0.3404721   0.34665722  0.35643655
  0.36325642  0.36500019  0.37084705  0.3764627   0.38007385  0.38957983
  0.39682177  0.3979224   0.39776701  0.39758232  0.39670485  0.39726797
  0.40094483  0.40425935  0.40120348  0.39729443  0.39446983  0.39176178
  0.38729173  0.38476011  0.38597363  0.38890463  0.38913506  0.38510126
  0.38205478  0.37931719  0.37643629  0.37241843  0.36768988  0.36176187
  0.35415524  0.34654209  0.34130087  0.3357853   0.32888064  0.32583997
  0.32666069  0.33096609  0.33408642  0.33835852  0.33983567  0.34009638
  0.34469411  0.34855604  0.35186967  0.35388157  0.35599154  0.35468528
  0.35272002  0.35583121  0.35639042  0.35429159  0.35098395  0.34095159
  0.32899463  0.32401001  0.3238287   0.33032343  0.33365873  0.33036527
  0.32403651  0.31715319  0.30660239  0.29594651  0.28653899  0.27705887
  0.27118582  0.26502514  0.25446624  0.2392679   0.22433786  0.21455637
  0.20420294  0.18882783  0.1741491   0.16177443  0.1516412   0.14376441
  0.13701582  0.12526964  0.11682834  0.10718652  0.0887026   0.07782711
  0.07124509  0.06759545  0.06275041  0.05739892  0.05575312  0.05368999
  0.05059987  0.05100343  0.04577913  0.0379817   0.02832606  0.01681725
  0.0091638   0.01059776  0.00764394 -0.01504568 -0.03811835 -0.05345223
 -0.05707214 -0.05187656 -0.04289163 -0.03163689 -0.04431771 -0.08161625
 -0.12300252 -0.15996863 -0.18114829 -0.18735643 -0.19908741 -0.21313071
 -0.2240122  -0.22643745 -0.21653362 -0.19349082 -0.17294836 -0.14307261
 -0.12556542 -0.11912484 -0.12508239]
[ 0.29303184  0.29547065  0.30237266  0.30992147  0.31837356  0.32862458
  0.33723193  0.34520069  0.35333809  0.35861123  0.35856304  0.35888422
  0.36107722  0.36220035  0.36054167  0.35444847  0.34716311  0.34235138
  0.33550864  0.3273772   0.31982177  0.31593475  0.31076589  0.30261245
  0.29692501  0.29291141  0.28918701  0.28392652  0.27714682  0.26813039
  0.25836495  0.24667588  0.23451379  0.22196908  0.21065296  0.20656739
  0.2072778   0.20703194  0.20627631  0.19869296  0.18872507  0.1862658
  0.18276267  0.17748635  0.17388295  0.16878627  0.16402431  0.16394177
  0.16383357  0.16191587  0.15808107  0.15227859  0.15317696  0.15717775
  0.15771829  0.15788135  0.15615179  0.14939843  0.14283691  0.13999067
  0.13567634  0.12766698  0.11935894  0.11323212  0.11090423  0.11095452
  0.10926347  0.10712539  0.10834559  0.1101965   0.11081722  0.11236702
  0.11328384  0.11733279  0.12267935  0.12642948  0.12704509  0.12769139
  0.12819636  0.12360355  0.11803474  0.1143902   0.11145231  0.10622226
  0.10356305  0.10205936  0.098885    0.09952478  0.09968341  0.09848765
  0.099939    0.09991214  0.09929822  0.09557538  0.08774303  0.07762733
  0.07086726  0.06896103  0.06578703  0.06389254  0.06491563  0.06312077
  0.05941298  0.05617912  0.05298665  0.04884672  0.04285052  0.04028161
  0.04163676  0.04140552  0.03820567  0.03407875  0.02974684  0.02846775
  0.02951879  0.026846    0.02022793  0.01616007  0.01558496  0.01240116
  0.00531834  0.00228555  0.00378791  0.00398085  0.00144599 -0.00414828
 -0.0087906  -0.00923127 -0.01054529 -0.01716426 -0.02212243 -0.0240385
 -0.02783229 -0.02994903 -0.03170408 -0.03580045 -0.04200473 -0.04729814
 -0.04945618 -0.05060358 -0.05041705 -0.04831385 -0.05104589 -0.0558374
 -0.05647657 -0.05961316 -0.06148981 -0.06068757 -0.06451862 -0.07116255
 -0.07762842 -0.08086327 -0.07943818 -0.07689984 -0.07845584 -0.08318922
 -0.08742587 -0.08413181 -0.06931192 -0.04617231 -0.02443737 -0.01028347
  0.00396208  0.02135168  0.04003478  0.06184864  0.0908664   0.11759124
  0.1408565   0.16270328  0.17892672  0.19529746  0.21087636  0.21768942
  0.22249016  0.22554913  0.21240292  0.20094223  0.20196664  0.20511258
  0.20197743  0.19579555  0.1993268   0.19544546  0.18802226  0.1917423
  0.18705088  0.18779983  0.19423142  0.19469525  0.20124976  0.21359225
  0.22100611  0.23189744  0.24670941  0.25091207  0.25603977  0.27406862
  0.29556102  0.31916085  0.32911152  0.32669964  0.33929864  0.35611024
  0.38007447  0.41277856  0.43657279  0.4598797   0.46151373  0.4590914
  0.47419989  0.48568037  0.49149352  0.50631452  0.51453382  0.52671242
  0.54359198  0.55704874  0.57571572  0.60117143  0.6180976   0.62871575
  0.64072776  0.65965718  0.67513072  0.69556403  0.71221322  0.73452616
  0.75969481  0.77673358  0.78876197  0.79858834  0.80871141  0.80977529
  0.80271304  0.80859947  0.81555158  0.81559217  0.82526463  0.83981556
  0.85212314  0.85635161  0.83122355  0.8093887   0.79044032  0.78293908
  0.76715237  0.76586354  0.77665848  0.77811468  0.7953459   0.81950349
  0.82328057  0.82401288  0.82376504  0.84218723  0.83684862  0.82710254
  0.83597046  0.81526512  0.82607764  0.83637398  0.82002109  0.81987333
  0.82423615  0.81199837  0.80418378  0.79663563  0.77767223  0.7715854
  0.75743508  0.73371315  0.71356392  0.69899851  0.67984694  0.65708089
  0.64235932  0.62271351  0.60470712]
[ 2.03242023e-02  1.67535413e-02  1.01749282e-02  2.73377518e-03
 -3.97663651e-04 -4.55549872e-03 -9.80333518e-03 -8.80991016e-03
 -4.51816712e-03 -2.24502687e-03  4.71412088e-04  2.87863263e-03
  4.03366191e-03  1.49629673e-03 -6.80063618e-03 -1.54910795e-02
 -2.56624967e-02 -3.90413702e-02 -5.46799712e-02 -7.09597394e-02
 -8.61628205e-02 -9.97669399e-02 -1.12342156e-01 -1.20151177e-01
 -1.19474173e-01 -1.14494197e-01 -1.05948940e-01 -9.91118625e-02
 -9.57420021e-02 -8.81862715e-02 -7.67130926e-02 -6.46225587e-02
 -5.21676056e-02 -4.50117849e-02 -4.06434909e-02 -3.49708907e-02
 -2.84653381e-02 -1.92114692e-02 -7.86096696e-03  2.19425210e-03
  8.09277128e-03  1.40460366e-02  2.05765180e-02  2.59580109e-02
  4.15614136e-02  6.39934167e-02  9.24839154e-02  1.28744483e-01
  1.53939456e-01  1.64975151e-01  1.71833202e-01  1.83924332e-01
  2.01652080e-01  2.15712607e-01  2.35172465e-01  2.58114308e-01
  2.70961672e-01  2.77971894e-01  2.90064275e-01  2.94301808e-01
  2.99752623e-01  2.90615290e-01  2.64872313e-01  2.46968955e-01
  2.47111514e-01  2.50879884e-01  2.56008893e-01  2.57414371e-01
  2.44119719e-01  2.15038165e-01  1.85735732e-01  1.70549914e-01
  1.56823978e-01  1.46668017e-01  1.43066883e-01  1.40121043e-01
  1.49519280e-01  1.66612118e-01  1.82749763e-01  1.96020693e-01
  2.15086579e-01  2.28888467e-01  2.38213852e-01  2.47522220e-01
  2.58100092e-01  2.83196032e-01  3.09877872e-01  3.18974406e-01
  3.06992412e-01  2.89841235e-01  3.10464442e-01  3.67099822e-01
  4.20230687e-01  4.53336120e-01  4.55313325e-01  3.99039030e-01
  3.06823730e-01  2.06904441e-01  1.30428508e-01  9.87894237e-02
  8.95041004e-02  8.96160305e-02  9.32001993e-02  1.04589716e-01
  1.24581732e-01  1.34715825e-01  1.51788533e-01  1.87053844e-01
  2.29059502e-01  2.61644870e-01  2.97697484e-01  3.49986374e-01
  4.25205350e-01  4.98448253e-01  5.56379080e-01  6.06027901e-01
  6.93979144e-01  7.92694747e-01  8.74153376e-01  9.23229396e-01
  9.45892632e-01  9.85928714e-01  1.02782750e+00  1.08554685e+00
  1.16037452e+00  1.21940982e+00  1.26637709e+00  1.29217803e+00
  1.27431989e+00  1.23727000e+00  1.23452258e+00  1.19823861e+00
  1.14356899e+00  1.13835061e+00  1.14428771e+00  1.15486681e+00
  1.16271102e+00  1.14632964e+00  1.12392926e+00  1.08148658e+00
  1.04366457e+00  9.96528089e-01  9.33966935e-01  9.46541667e-01
  9.74351585e-01  9.69675779e-01  9.70719397e-01  9.74112213e-01
  9.84957695e-01  1.01128829e+00  1.02172422e+00  1.01434171e+00
  1.03117776e+00  1.05943215e+00  1.07594597e+00  1.08547187e+00
  1.10079408e+00  1.11490619e+00  1.12775135e+00  1.14223623e+00
  1.15578580e+00  1.17452061e+00  1.19917619e+00  1.22618687e+00
  1.25827205e+00  1.30693769e+00  1.35962415e+00  1.42021966e+00
  1.47988081e+00  1.54230380e+00  1.61313748e+00  1.65396166e+00
  1.66521430e+00  1.68980539e+00  1.69750047e+00  1.66292346e+00
  1.63154638e+00  1.60910058e+00  1.57564950e+00  1.55187118e+00
  1.52947688e+00  1.47882307e+00  1.42925954e+00  1.42939222e+00
  1.41877544e+00  1.37761927e+00  1.33204532e+00  1.27390766e+00
  1.21399939e+00  1.15950537e+00  1.06107962e+00  9.44805205e-01
  9.09650624e-01  8.81528080e-01  8.03326249e-01  7.08755314e-01
  5.96695423e-01  5.03186882e-01  3.88854235e-01  2.67778218e-01
  1.66939765e-01  1.05616763e-01  4.76958752e-02  7.00161653e-03
 -2.80217603e-02 -6.47936463e-02 -1.24601319e-01 -1.79538235e-01
 -1.91688478e-01 -2.00208694e-01 -2.27294803e-01 -2.60930479e-01
 -3.18712384e-01 -3.97902131e-01 -4.63545829e-01 -5.28266251e-01
 -5.81501067e-01 -6.36145949e-01 -6.99641228e-01 -7.62339354e-01
 -8.29372406e-01 -9.03388917e-01 -9.76047456e-01 -1.04663372e+00
 -1.11069500e+00 -1.14415765e+00 -1.14913058e+00 -1.16235662e+00
 -1.18211555e+00 -1.22022331e+00 -1.28408253e+00 -1.30909979e+00
 -1.28758609e+00 -1.19893026e+00 -1.03482080e+00 -8.50353837e-01
 -6.62580848e-01 -5.20026803e-01 -4.35135901e-01 -4.22691166e-01
 -4.91134048e-01 -5.81143379e-01 -6.72523797e-01 -7.79753625e-01
 -8.85330141e-01 -9.97546315e-01 -1.08165181e+00 -1.14837897e+00
 -1.20234215e+00 -1.23793328e+00 -1.27049398e+00 -1.30689442e+00
 -1.34006524e+00 -1.36966860e+00 -1.39482057e+00 -1.41663182e+00
 -1.44330311e+00 -1.46889806e+00 -1.49251616e+00 -1.51599634e+00
 -1.53530002e+00 -1.56142092e+00 -1.59360766e+00 -1.62210000e+00
 -1.64549696e+00 -1.66763413e+00 -1.68838453e+00 -1.70725524e+00
 -1.72528648e+00 -1.74188519e+00 -1.75849891e+00 -1.77707577e+00
 -1.79590869e+00 -1.81239557e+00 -1.82854438e+00 -1.84605539e+00
 -1.86265254e+00 -1.88053226e+00 -1.90375590e+00]
[ 2.29320183e-01  2.25670740e-01  2.19827607e-01  2.16036126e-01
  2.09553182e-01  2.00610623e-01  1.97263762e-01  1.99558645e-01
  2.04220995e-01  2.05951929e-01  2.03102693e-01  2.05194518e-01
  2.06113055e-01  1.99997783e-01  2.01186195e-01  2.07247376e-01
  2.08811581e-01  2.11429253e-01  2.14828327e-01  2.17300832e-01
  2.17929825e-01  2.17716321e-01  2.24676117e-01  2.30307400e-01
  2.29076117e-01  2.26965293e-01  2.26833925e-01  2.29112715e-01
  2.30751514e-01  2.30399102e-01  2.26200148e-01  2.17878819e-01
  2.12821662e-01  2.16163129e-01  2.18805075e-01  2.12850004e-01
  2.10213736e-01  2.12126747e-01  2.09426180e-01  2.07152680e-01
  2.01800123e-01  1.96066633e-01  1.97396263e-01  1.93895191e-01
  1.89162865e-01  1.89310059e-01  1.89305067e-01  1.88161939e-01
  1.82955548e-01  1.74839064e-01  1.63722992e-01  1.47417679e-01
  1.31799474e-01  1.22082308e-01  1.12310156e-01  1.04919195e-01
  1.01171739e-01  9.40442234e-02  8.75035301e-02  8.23327079e-02
  7.46006593e-02  7.11123496e-02  6.82215989e-02  6.14677072e-02
  5.94970062e-02  6.04376122e-02  6.29093871e-02  6.57432601e-02
  6.54708520e-02  6.47186786e-02  6.21492080e-02  5.16839325e-02
  3.49659920e-02  2.18601320e-02  1.09224571e-02  6.19995035e-03
  4.20634169e-03  2.44252442e-04  2.39232695e-03  1.93965342e-03
 -3.27977096e-03 -5.74298250e-03 -1.05096921e-02 -1.66304540e-02
 -1.73676293e-02 -1.79312192e-02 -2.04810072e-02 -2.07013469e-02
 -1.87265538e-02 -1.55633632e-02 -1.48821631e-02 -1.83027536e-02
 -1.53551698e-02 -8.12065322e-03  1.34219168e-04  1.55796725e-02
  3.10152192e-02  3.99186872e-02  4.56747152e-02  5.27735874e-02
  5.73830716e-02  5.92836626e-02  6.32803813e-02  7.13778213e-02
  8.11723918e-02  9.28386897e-02  1.04314253e-01  1.13963276e-01
  1.23598881e-01  1.32297814e-01  1.35344863e-01  1.36891887e-01
  1.41333163e-01  1.46072775e-01  1.52324751e-01  1.56414568e-01
  1.60071194e-01  1.66512117e-01  1.69039428e-01  1.69683263e-01
  1.70162871e-01  1.71432719e-01  1.74280092e-01  1.73455670e-01
  1.72156826e-01  1.74447522e-01  1.78643361e-01  1.82751194e-01
  1.88194692e-01  1.97650105e-01  2.08073482e-01  2.15779021e-01
  2.22210139e-01  2.26926252e-01  2.32493967e-01  2.37299263e-01
  2.43806303e-01  2.50957161e-01  2.55084455e-01  2.64311314e-01
  2.76132971e-01  2.88479656e-01  2.98266470e-01  3.06032360e-01
  3.09959620e-01  3.11581790e-01  3.09063077e-01  3.14190984e-01
  3.25773150e-01  3.35911989e-01  3.44903976e-01  3.54227543e-01
  3.63058597e-01  3.73143792e-01  3.83541524e-01  3.94838005e-01
  4.04905379e-01  4.13035005e-01  4.18933511e-01  4.24350560e-01
  4.29412603e-01  4.37606692e-01  4.49762017e-01  4.57473993e-01
  4.65585798e-01  4.79289412e-01  4.86777723e-01  4.91996080e-01
  4.96906430e-01  5.00462174e-01  5.08235812e-01  5.09985268e-01
  5.11982143e-01  5.13210952e-01  5.12374580e-01  5.12239695e-01
  5.06702662e-01  4.97929096e-01  4.95237529e-01  4.96308535e-01
  4.94225442e-01  4.87647563e-01  4.86044705e-01  4.85103875e-01
  4.81747746e-01  4.75887656e-01  4.68368590e-01  4.62962061e-01
  4.54274118e-01  4.45574611e-01  4.38671678e-01  4.27544355e-01
  4.26411778e-01  4.21731263e-01  4.18257296e-01  4.11895692e-01
  3.95711750e-01  3.85893881e-01  3.83223712e-01  3.79977435e-01
  3.87215108e-01  3.97139549e-01  3.99313122e-01  4.00508434e-01
  4.00560528e-01  3.95839036e-01  3.92651737e-01  3.95870149e-01
  4.01871026e-01  4.06359762e-01  4.07408118e-01  4.10186142e-01
  4.05143261e-01  3.96694630e-01  3.91892940e-01  3.84417355e-01
  3.76390904e-01  3.67231697e-01  3.61931890e-01  3.59609365e-01
  3.54416579e-01  3.48378956e-01  3.41035157e-01  3.27582389e-01
  3.15376699e-01  3.06276441e-01  2.99149871e-01  2.92542785e-01
  2.82845944e-01  2.73854524e-01  2.63181686e-01  2.43005887e-01
  2.30111122e-01  2.24176690e-01  2.13629186e-01  1.99893534e-01
  1.79948151e-01  1.62895143e-01  1.50334030e-01  1.36529922e-01
  1.22447692e-01  1.09047405e-01  8.08781609e-02  5.96317984e-02
  6.22728840e-02  7.16951042e-02  8.78838226e-02  1.10322021e-01
  1.17909938e-01  1.06670134e-01  8.33185315e-02  5.31936474e-02
  3.53227444e-02  2.63939742e-02  2.08079256e-02  8.75630509e-03
 -4.59245825e-03 -1.28476927e-02 -2.48863902e-02 -3.46059054e-02
 -3.61404084e-02 -4.43584695e-02 -6.34840131e-02 -8.23807716e-02
 -1.04906470e-01 -1.09692089e-01 -1.14682697e-01 -1.34114519e-01
 -1.73421711e-01 -1.70845926e-01 -1.61520764e-01 -1.60863504e-01
 -1.64070413e-01 -1.88230708e-01 -2.04294965e-01 -2.26394996e-01
 -2.37773567e-01 -2.30169997e-01 -2.31525972e-01 -2.20763311e-01
 -2.04832554e-01 -2.09945098e-01 -2.39421219e-01]
[ 2.50718921e-01  2.52875745e-01  2.49686807e-01  2.42937550e-01
  2.35952228e-01  2.29823560e-01  2.29998276e-01  2.32571736e-01
  2.36023426e-01  2.41740391e-01  2.47061342e-01  2.52619147e-01
  2.55167067e-01  2.53913730e-01  2.54921615e-01  2.60550112e-01
  2.70344347e-01  2.79278696e-01  2.80174226e-01  2.81392545e-01
  2.86942333e-01  2.90414423e-01  2.93608099e-01  2.98310935e-01
  3.04915398e-01  3.06986481e-01  3.06067228e-01  3.06678057e-01
  3.04980010e-01  3.01234245e-01  2.93527812e-01  2.85208106e-01
  2.79482067e-01  2.75070041e-01  2.72359997e-01  2.72095859e-01
  2.75217354e-01  2.74603754e-01  2.67865777e-01  2.64128596e-01
  2.61613727e-01  2.58129567e-01  2.57114112e-01  2.50293016e-01
  2.44000494e-01  2.43853882e-01  2.42559850e-01  2.35817358e-01
  2.24426433e-01  2.13239536e-01  1.99650466e-01  1.77768856e-01
  1.52663842e-01  1.35230392e-01  1.20652109e-01  1.10030100e-01
  1.05183385e-01  9.69422907e-02  9.08365995e-02  8.66683275e-02
  7.95885399e-02  7.56831840e-02  7.14594200e-02  6.78909570e-02
  6.69801608e-02  6.01145476e-02  5.47026955e-02  5.70416674e-02
  5.73495030e-02  5.61694317e-02  5.51706441e-02  5.20526841e-02
  4.18514870e-02  2.98744030e-02  1.97104216e-02  1.08007612e-02
  1.25684869e-03 -6.65241899e-03 -6.21518493e-03 -7.04275968e-04
  3.44162108e-03  7.04249309e-04 -3.81796109e-03 -5.70349628e-03
 -7.53576308e-03 -1.19408751e-02 -1.59270391e-02 -1.77033674e-02
 -1.97041091e-02 -2.07632948e-02 -2.04073172e-02 -2.09852755e-02
 -2.13116258e-02 -2.47844197e-02 -2.46692337e-02 -1.66453924e-02
 -6.26555039e-03  7.33260298e-03  1.94116738e-02  2.66075358e-02
  3.21309119e-02  4.11651023e-02  5.07229529e-02  5.82852326e-02
  6.60437122e-02  7.67561942e-02  8.91836360e-02  1.02155827e-01
  1.15310974e-01  1.25241145e-01  1.32915422e-01  1.39607400e-01
  1.43688112e-01  1.46521628e-01  1.53040141e-01  1.58284694e-01
  1.65219918e-01  1.72683612e-01  1.75952315e-01  1.79053634e-01
  1.80036530e-01  1.81785181e-01  1.81628540e-01  1.81411043e-01
  1.82579160e-01  1.80942267e-01  1.81913495e-01  1.86946005e-01
  1.89471006e-01  1.91271797e-01  1.97493553e-01  2.03214064e-01
  2.07989201e-01  2.15223476e-01  2.24242523e-01  2.29414999e-01
  2.34548181e-01  2.41423920e-01  2.50889033e-01  2.58372039e-01
  2.60791481e-01  2.75159210e-01  2.90643454e-01  3.04294288e-01
  3.13603312e-01  3.17979246e-01  3.19390297e-01  3.16176891e-01
  3.09018284e-01  3.14368397e-01  3.24888945e-01  3.37471932e-01
  3.46422017e-01  3.56011242e-01  3.67987663e-01  3.81209046e-01
  3.92637253e-01  4.02857184e-01  4.13861006e-01  4.25313234e-01
  4.35033828e-01  4.42731380e-01  4.47876036e-01  4.56391990e-01
  4.70688343e-01  4.80795920e-01  4.81689066e-01  4.90524620e-01
  4.98498738e-01  5.06547391e-01  5.14390528e-01  5.16720891e-01
  5.19053042e-01  5.14710009e-01  5.17363727e-01  5.20616531e-01
  5.18032908e-01  5.15529335e-01  5.13340414e-01  5.05250037e-01
  5.00493407e-01  5.00545919e-01  4.99390692e-01  4.97628152e-01
  4.97416019e-01  4.91321653e-01  4.90464658e-01  4.86092150e-01
  4.74201888e-01  4.66418117e-01  4.61015552e-01  4.55215037e-01
  4.44771945e-01  4.27521229e-01  4.39740121e-01  4.41700399e-01
  4.30030972e-01  4.22691822e-01  4.06636536e-01  3.95607114e-01
  4.02810514e-01  4.07585502e-01  4.09230977e-01  4.14986908e-01
  4.18029130e-01  4.16839391e-01  4.16744649e-01  4.23011661e-01
  4.25715178e-01  4.26036686e-01  4.33046341e-01  4.40835327e-01
  4.38171923e-01  4.35689092e-01  4.30510014e-01  4.25152630e-01
  4.31154162e-01  4.27425236e-01  4.23949659e-01  4.24202919e-01
  4.21044558e-01  4.15582895e-01  4.01630223e-01  3.85477662e-01
  3.81378204e-01  3.63293171e-01  3.40265334e-01  3.27883810e-01
  3.12922955e-01  3.06281686e-01  2.98420489e-01  2.78956026e-01
  2.65483767e-01  2.56866395e-01  2.44060129e-01  2.29065567e-01
  2.17539415e-01  2.00088292e-01  1.78266674e-01  1.63097933e-01
  1.52524963e-01  1.32290363e-01  9.43934843e-02  7.93511271e-02
  7.52795562e-02  6.46884441e-02  5.51018007e-02  5.41953333e-02
  6.33071139e-02  5.82913682e-02  3.42508890e-02  1.27928928e-02
 -1.70833155e-04 -1.01816887e-02 -2.05041766e-02 -3.20842005e-02
 -4.09987085e-02 -5.91345839e-02 -8.12471062e-02 -9.51208025e-02
 -9.59676206e-02 -9.74553525e-02 -1.14379965e-01 -1.24465682e-01
 -1.41113684e-01 -1.56227365e-01 -1.75987795e-01 -1.91685542e-01
 -2.33840019e-01 -2.19696328e-01 -2.05764413e-01 -2.09695876e-01
 -2.16940939e-01 -2.33024716e-01 -2.40749955e-01 -2.74136275e-01
 -2.91432261e-01 -2.86639869e-01 -2.94636190e-01 -2.90372819e-01
 -2.84170330e-01 -2.81508297e-01 -2.73201108e-01 -2.47595564e-01
 -2.70189911e-01]
[ 2.74395406e-01  2.74586767e-01  2.70547986e-01  2.64445424e-01
  2.55454808e-01  2.43338183e-01  2.41082385e-01  2.45693892e-01
  2.48519376e-01  2.51818359e-01  2.58067757e-01  2.69073337e-01
  2.78888881e-01  2.81464159e-01  2.87594140e-01  3.01981986e-01
  3.14251930e-01  3.23289603e-01  3.29312086e-01  3.35245281e-01
  3.39818656e-01  3.43221426e-01  3.50359321e-01  3.53555024e-01
  3.55218887e-01  3.56549144e-01  3.59251291e-01  3.61942410e-01
  3.58251542e-01  3.55360985e-01  3.52045655e-01  3.46304834e-01
  3.46101582e-01  3.53162497e-01  3.57627094e-01  3.60588729e-01
  3.69025260e-01  3.75651032e-01  3.72448653e-01  3.66539955e-01
  3.59818548e-01  3.51683408e-01  3.51637483e-01  3.50696474e-01
  3.50715846e-01  3.60704780e-01  3.70691359e-01  3.73140782e-01
  3.69300544e-01  3.59546989e-01  3.41518313e-01  3.10404390e-01
  2.72276253e-01  2.40465388e-01  2.06785515e-01  1.76790044e-01
  1.55435130e-01  1.30724505e-01  1.09185934e-01  9.22114700e-02
  7.57841244e-02  6.08847849e-02  4.94672880e-02  4.32428829e-02
  3.99678722e-02  3.56569625e-02  3.34067233e-02  3.32169384e-02
  2.93925349e-02  2.61376183e-02  2.34495439e-02  1.92468278e-02
  1.31252715e-02  1.33726001e-02  2.09203772e-02  3.10171619e-02
  4.12338190e-02  4.68052179e-02  5.61498515e-02  7.12721795e-02
  8.12238157e-02  8.89670998e-02  9.48764309e-02  9.54231918e-02
  9.61340368e-02  9.49464664e-02  8.90574828e-02  8.19653347e-02
  7.55431205e-02  6.62564710e-02  5.43022230e-02  4.35444489e-02
  3.67617980e-02  2.98690200e-02  2.06489135e-02  1.25191584e-02
  5.94543200e-03 -1.30076346e-03 -9.16764326e-03 -1.56272613e-02
 -2.34936886e-02 -2.48264410e-02 -2.20114738e-02 -1.81234293e-02
 -1.07576549e-02 -2.74205767e-03  6.64366642e-03  2.18823869e-02
  3.69004086e-02  4.94487956e-02  6.10339902e-02  7.26940185e-02
  8.68786350e-02  1.00981288e-01  1.17615163e-01  1.34488463e-01
  1.50738910e-01  1.65706202e-01  1.78288698e-01  1.85424984e-01
  1.96152955e-01  2.05957532e-01  2.10237935e-01  2.15419099e-01
  2.16538757e-01  2.16939032e-01  2.23058730e-01  2.27009147e-01
  2.27429867e-01  2.21171945e-01  2.18917117e-01  2.17365220e-01
  2.10422918e-01  2.07412347e-01  2.07671568e-01  2.04068005e-01
  2.03758821e-01  2.04610050e-01  2.00560257e-01  2.00105712e-01
  2.02096820e-01  2.01791197e-01  2.01453075e-01  2.07644328e-01
  2.14615583e-01  2.21976459e-01  2.33539671e-01  2.46011510e-01
  2.61709929e-01  2.66019017e-01  2.80028075e-01  2.98411161e-01
  3.13817352e-01  3.23564053e-01  3.33620936e-01  3.36012632e-01
  3.34275424e-01  3.19249958e-01  3.21779102e-01  3.27176869e-01
  3.39953452e-01  3.52818400e-01  3.64002943e-01  3.75743270e-01
  3.86864841e-01  4.00413007e-01  4.06711906e-01  4.12454009e-01
  4.21266913e-01  4.27386940e-01  4.33596790e-01  4.40387130e-01
  4.46509421e-01  4.49429005e-01  4.49939817e-01  4.47646499e-01
  4.58809704e-01  4.62850600e-01  4.67613310e-01  4.70389903e-01
  4.69538361e-01  4.74265695e-01  4.74162936e-01  4.90780622e-01
  5.03003478e-01  5.03918827e-01  5.05386651e-01  5.07608354e-01
  5.05279005e-01  5.04972637e-01  5.15956342e-01  5.20506084e-01
  5.01074791e-01  4.99085724e-01  5.05077362e-01  5.12829959e-01
  5.15025079e-01  5.10056138e-01  5.09409487e-01  4.98673916e-01
  5.02628803e-01  5.21789908e-01  5.05854249e-01  5.14507294e-01
  5.16743243e-01  5.06088078e-01  5.03044844e-01  5.01716912e-01
  4.97955292e-01  4.95387465e-01  4.87560719e-01  4.80455190e-01
  4.75129783e-01  4.72175211e-01  4.70114857e-01  4.64073122e-01
  4.62202847e-01  4.49959219e-01  4.34387207e-01  4.26589996e-01
  4.20642257e-01  4.18683410e-01  4.03519422e-01  3.83253247e-01
  3.79771531e-01  3.74781907e-01  3.71716410e-01  3.82583320e-01
  3.99560124e-01  4.25470948e-01  4.41572517e-01  4.38225895e-01
  4.29881185e-01  4.38845694e-01  4.37095791e-01  4.11357939e-01
  3.93779278e-01  3.79442364e-01  3.64069760e-01  3.51052165e-01
  3.37255955e-01  3.16956758e-01  2.78809190e-01  2.56043255e-01
  2.52080560e-01  2.44005665e-01  2.36753136e-01  2.17480615e-01
  1.86251208e-01  1.43027693e-01  7.33868107e-02 -4.86284785e-04
 -2.37022489e-02 -4.69145700e-02 -5.91751114e-02 -7.98997283e-02
 -1.02105409e-01 -1.13089904e-01 -1.27996653e-01 -1.45540863e-01
 -1.40471056e-01 -1.27909496e-01 -1.49596751e-01 -1.61618114e-01
 -1.61415309e-01 -1.72949195e-01 -1.87022820e-01 -2.18183622e-01
 -2.59803414e-01 -2.33864531e-01 -1.94608390e-01 -1.75538316e-01
 -1.65807381e-01 -1.78123161e-01 -1.62997678e-01 -1.84866831e-01
 -1.96681961e-01 -1.81347176e-01 -1.81100354e-01 -1.70572117e-01
 -1.64121255e-01 -1.71863347e-01 -1.79493070e-01 -1.50483355e-01
 -1.58431187e-01 -2.09086716e-01 -2.30940372e-01 -2.27454692e-01
 -2.33438015e-01 -2.21569002e-01 -2.33149409e-01 -2.39430130e-01
 -2.46061653e-01 -2.39604548e-01 -2.53129333e-01]
[ 0.33530223  0.29319718  0.25929034  0.24140507  0.23814982  0.2397303
  0.24528551  0.25950465  0.27630979  0.28893596  0.29740319  0.30483067
  0.30744207  0.30565581  0.29965231  0.29614544  0.29144201  0.27936053
  0.26789927  0.25650609  0.25020432  0.24951737  0.25382385  0.25326815
  0.24869497  0.24380495  0.23013684  0.21346763  0.20117109  0.19330768
  0.18633699  0.1840796   0.1858425   0.19144587  0.19593193  0.19796173
  0.20289215  0.20600283  0.20998156  0.21104524  0.21016626  0.2165951
  0.2183847   0.22271024  0.23616362  0.24367273  0.24919692  0.25269151
  0.25556418  0.25884995  0.26057854  0.26449955  0.26735094  0.26966536
  0.27774441  0.28781828  0.29679599  0.30492958  0.3092922   0.3133119
  0.30995068  0.29880068  0.28684291  0.27050352  0.25350013  0.23789118
  0.22196342  0.21189561  0.20335115  0.19450927  0.18589868  0.17916459
  0.17582341  0.16483332  0.14878842  0.13850145  0.13732617  0.13761993
  0.1351909   0.13108642  0.12657195  0.12624185  0.12279104  0.10748971
  0.09557617  0.08706219  0.0809645   0.07625826  0.07270961  0.07319816
  0.07684409  0.08222112  0.08955468  0.10428298  0.11300892  0.11233962
  0.10654146  0.1093033   0.115492    0.11247007  0.10900798  0.1030831
  0.09551698  0.09068475  0.08970055  0.08342926  0.07601184  0.07471105
  0.07801761  0.07711836  0.070209    0.07950575  0.08708474  0.08783329
  0.09014319  0.08103155  0.07225273  0.06579929  0.05590384  0.05114695
  0.05330162  0.04950387  0.0384585   0.04192951  0.0443676   0.03042801
  0.02871677  0.02740488  0.0241573   0.0498268   0.07040724  0.07113308
  0.08161351  0.11046337  0.13548824  0.15759663  0.19211893  0.23784904
  0.26884735  0.29802105  0.32663852  0.32078725  0.34039587  0.34799549
  0.3180542   0.31875765  0.32413226  0.31697884  0.31876013  0.33208767
  0.33829847  0.28755125  0.28272724  0.28037509  0.24611533  0.23894127
  0.21697977  0.19208477  0.20159785  0.22837305  0.21688235  0.21717529
  0.24004278  0.23569155  0.23829246  0.26203123  0.25960383  0.26888168
  0.29124954  0.33600762  0.34943494  0.28326359  0.310229    0.38831303
  0.44118574  0.45639023  0.4812707   0.49893862  0.47488335  0.38609371
  0.35236013  0.31606963  0.32752302  0.33758983  0.33106738  0.34769374
  0.37878168  0.40329218  0.37985942  0.38505089  0.42223409  0.43619883
  0.43795052  0.44378102  0.46317458  0.50781751  0.50608289  0.46445867
  0.55419767  0.63356876  0.70472801  0.72908837  0.71426028  0.74576992
  0.72324687  0.74885213  0.77376413  0.76359063  0.8118819   0.87758446
  0.86610347  0.83571839  0.90946758  0.8990773   0.75500953  0.78410423
  0.76066446  0.78343797  0.85066766  0.82053667  0.82292771  0.78874213
  0.80226874  0.76526171  0.56270188  0.62165731  0.61861694  0.60730785
  0.61665016  0.53467542  0.49103791  0.51176202  0.4744451   0.38623539
  0.37252644  0.38059261  0.36194283  0.3366434   0.312682    0.28239512
  0.25510761  0.23575726  0.20235713  0.17248061  0.15474279  0.13859503
  0.11667569  0.11965119  0.15102163  0.18171979  0.21563676  0.29563576
  0.38375267  0.41268396  0.41012603  0.47612822  0.4950884   0.44444856
  0.47261426  0.46309584  0.40973446  0.4139173   0.44534826  0.38902038
  0.3121461   0.34007454  0.34909433  0.41079292  0.43731952  0.30721378
  0.26066148  0.38861719  0.29957232  0.10324307  0.15120377  0.17024328
  0.17225403  0.10284536  0.041797    0.05929924  0.04183598 -0.03569225
 -0.05191763 -0.01356329 -0.07838301 -0.08386708 -0.09747753 -0.10935628
 -0.16420133 -0.27574527 -0.25336146 -0.2695092  -0.29376394 -0.27678201
 -0.32341483 -0.40867844 -0.4105252  -0.5269258  -0.5289461  -0.53521687
 -0.56220245 -0.5710873  -0.59483838 -0.61329186 -0.64475745 -0.69230074
 -0.74581259 -0.76049632 -0.76326913 -0.79455364 -0.82780069 -0.87049061
 -0.94187319 -0.98327529 -1.02211082 -1.00680065 -0.94103092 -0.86342329
 -0.772304   -0.70115209 -0.66244376 -0.64893484 -0.68740624 -0.76368898
 -0.84981889 -0.88458735]
[ 0.55827135  0.54099107  0.53058213  0.52281994  0.50594771  0.48844737
  0.47012809  0.44710723  0.43440637  0.42811662  0.42030048  0.41795284
  0.42226419  0.42091194  0.41240859  0.39360565  0.36407509  0.32976797
  0.29278839  0.25699449  0.22556953  0.209913    0.2099569   0.21837454
  0.2361089   0.25830188  0.27968538  0.30019355  0.31937152  0.33657897
  0.34842551  0.35618746  0.36265743  0.36670485  0.36620885  0.35978463
  0.35083237  0.34038177  0.32930622  0.32256317  0.31989133  0.31145927
  0.2929281   0.26758066  0.2336392   0.19784552  0.1711514   0.15061043
  0.13405563  0.12289407  0.11615971  0.11868366  0.12473284  0.12935248
  0.13140535  0.13251255  0.13636042  0.13963111  0.14367895  0.14912248
  0.15359241  0.16071396  0.17685653  0.19249478  0.20521142  0.21788906
  0.22769165  0.23747671  0.2465373   0.25801653  0.27170098  0.28084806
  0.28983331  0.30353236  0.31505895  0.32014132  0.31890407  0.31441721
  0.30030251  0.27656353  0.25151291  0.22307028  0.19283514  0.16502655
  0.14141695  0.12249283  0.10828643  0.09487151  0.08102246  0.06949496
  0.06251971  0.05358425  0.03918984  0.02925904  0.02533503  0.02495232
  0.02913775  0.03362025  0.03680671  0.04323233  0.04902375  0.04755106
  0.04608076  0.04604682  0.04719431  0.0475738   0.04673291  0.04740644
  0.05254031  0.0604265   0.06825616  0.07698198  0.08266347  0.08432196
  0.07979972  0.07535202  0.07251621  0.0651583   0.05538831  0.04705936
  0.03620637  0.02449891  0.01540055  0.00699844  0.00454241  0.00422779
  0.00461031  0.00438051  0.00184379  0.00734824  0.01538212  0.01917105
  0.02458553  0.02555414  0.01878842  0.01447928  0.01198126  0.00882647
  0.00916049  0.00810409  0.00279457  0.00159447  0.00828836  0.00287401
 -0.00253132  0.00334743  0.00786973  0.02840315  0.05828855  0.07578016
  0.08971034  0.11444385  0.14687054  0.17526965  0.20784962  0.25223064
  0.28287312  0.2965571   0.31279233  0.31363836  0.31082174  0.31572643
  0.29659331  0.27571639  0.27177     0.27271739  0.27296761  0.27876571
  0.28609949  0.26690862  0.24230587  0.24501395  0.23538527  0.22066632
  0.22022374  0.21250349  0.21628845  0.24503535  0.25865179  0.26771367
  0.29312962  0.31323737  0.32723454  0.33710817  0.34403861  0.3642621
  0.38955513  0.41883686  0.4395766   0.41798636  0.4103522   0.45643678
  0.50385487  0.52936763  0.54046941  0.52987093  0.48171133  0.394734
  0.31125137  0.27034527  0.24778394  0.23722081  0.22888547  0.22557898
  0.22251479  0.22516747  0.22086796  0.23073575  0.25721154  0.27182263
  0.28901374  0.31396294  0.34694284  0.39569083  0.42323697  0.43571216
  0.5069406   0.60924304  0.6998629   0.76541561  0.7824176   0.80930239
  0.82836127  0.84504449  0.89921272  0.94149292  0.96478462  1.00782859
  1.03588617  1.01979864  1.04071379  1.04518139  0.95856506  0.92071694
  0.90393829  0.89878362  0.91910702  0.9015584   0.89455581  0.85995376
  0.8096447   0.76600432  0.66383404  0.63897073  0.67075539  0.64015311
  0.62052423  0.59378904  0.54215616  0.54072583  0.54705733  0.50762028
  0.47792941  0.48202068  0.47187197  0.45546034  0.4418073   0.42444769
  0.40847293  0.39792547  0.39084905  0.37725717  0.36246866  0.36469808
  0.37186617  0.37981915  0.39842901  0.43443483  0.48303902  0.54059243
  0.60803318  0.66571373  0.67498052  0.71640503  0.77252591  0.75162554
  0.72827268  0.73173183  0.71153075  0.68317783  0.6770913   0.63287199
  0.54957271  0.53614587  0.53796089  0.50698453  0.50824189  0.45064497
  0.34314716  0.32477352  0.27294463  0.13091114  0.08499812  0.10661905
  0.09978766  0.09414488  0.07536698  0.04988287  0.06457731  0.02849296
 -0.01394041  0.00321273 -0.02212915 -0.05824745 -0.07394369 -0.09447847
 -0.13095665 -0.22441442 -0.26546267 -0.25476804 -0.27742296 -0.26886913
 -0.28252324 -0.34549296 -0.3875066  -0.44309518 -0.48827413 -0.49341357
 -0.52224112 -0.54649079 -0.56530482 -0.59689015 -0.63087028 -0.6713981
 -0.72146779 -0.74729919 -0.74012333 -0.75475234 -0.76906741 -0.77643585
 -0.82102102 -0.85075819 -0.85653836 -0.83039331 -0.73133034 -0.62410575
 -0.48508137 -0.38701934 -0.33195361 -0.31740999 -0.35544848 -0.43452081
 -0.53328204 -0.63793576 -0.72667193 -0.8222006  -0.91104108 -0.98856765
 -1.05870068 -1.09945273 -1.14051378 -1.19071758]
[ 5.13804018e-01  5.16931534e-01  5.18609762e-01  5.19648612e-01
  5.19498885e-01  5.22220373e-01  5.27027607e-01  5.33406734e-01
  5.44211805e-01  5.55788815e-01  5.62374294e-01  5.63455999e-01
  5.59047103e-01  5.46981573e-01  5.27300358e-01  4.99119222e-01
  4.69087929e-01  4.44114178e-01  4.21486974e-01  4.03093487e-01
  3.89283180e-01  3.77698928e-01  3.66383940e-01  3.58035237e-01
  3.52423102e-01  3.45485508e-01  3.39399159e-01  3.36451113e-01
  3.38531613e-01  3.42452168e-01  3.47751558e-01  3.51730913e-01
  3.47991139e-01  3.39040190e-01  3.26118976e-01  3.08308810e-01
  2.90732682e-01  2.75560737e-01  2.64394403e-01  2.61049330e-01
  2.65055239e-01  2.73958802e-01  2.81480402e-01  2.86349535e-01
  2.90041924e-01  2.93125331e-01  2.97430664e-01  3.01538885e-01
  3.04366380e-01  3.07414353e-01  3.11397523e-01  3.13776374e-01
  3.14209133e-01  3.12782437e-01  3.05946648e-01  2.97459602e-01
  2.91926980e-01  2.89444685e-01  2.89268285e-01  2.86310852e-01
  2.78845996e-01  2.67589182e-01  2.52526700e-01  2.36104995e-01
  2.19985381e-01  2.05518320e-01  1.94524825e-01  1.87793657e-01
  1.86767817e-01  1.91573292e-01  1.99985862e-01  2.08208442e-01
  2.15485230e-01  2.24160329e-01  2.29909927e-01  2.33775422e-01
  2.35469207e-01  2.34451309e-01  2.32936308e-01  2.31188178e-01
  2.30387792e-01  2.30347678e-01  2.30578661e-01  2.27501243e-01
  2.22507983e-01  2.17782840e-01  2.14678854e-01  2.11694166e-01
  2.07930550e-01  2.06621811e-01  2.07340658e-01  2.09181309e-01
  2.10842147e-01  2.08360702e-01  2.03358218e-01  1.97598055e-01
  1.91270024e-01  1.82309464e-01  1.71860561e-01  1.64007321e-01
  1.54875860e-01  1.43244654e-01  1.34559751e-01  1.27975270e-01
  1.18496567e-01  1.07103452e-01  9.46023762e-02  8.30257460e-02
  7.49057159e-02  6.75264075e-02  5.94679751e-02  5.09934761e-02
  4.36532721e-02  3.86538431e-02  3.31359506e-02  2.60317493e-02
  1.86779276e-02  1.18077509e-02  5.33695985e-03 -2.23468919e-03
 -1.17195910e-02 -2.03818195e-02 -2.67292745e-02 -3.21805999e-02
 -3.56399156e-02 -3.67498621e-02 -3.59105505e-02 -3.39697041e-02
 -3.15877013e-02 -3.06502990e-02 -2.99184099e-02 -2.91121304e-02
 -3.00355386e-02 -3.07850316e-02 -3.16930152e-02 -3.14833112e-02
 -3.29562239e-02 -3.62004973e-02 -3.84937450e-02 -4.23554815e-02
 -4.63503003e-02 -4.68247198e-02 -4.40181978e-02 -3.98027748e-02
 -3.29764821e-02 -2.50690505e-02 -1.58907678e-02 -5.83659951e-03
  8.68143572e-04  6.26811711e-03  1.14440862e-02  1.67427063e-02
  2.14657634e-02  2.48049758e-02  2.89908908e-02  3.51937115e-02
  4.10490483e-02  4.52271700e-02  4.80301082e-02  5.06947264e-02
  5.18270805e-02  5.08028157e-02  4.95248698e-02  4.70625870e-02
  4.66633700e-02  4.78002168e-02  4.88922819e-02  5.07477373e-02
  5.22927679e-02  5.84509559e-02  7.28038773e-02  9.39044580e-02
  1.17264137e-01  1.44278139e-01  1.74702138e-01  1.99029624e-01
  2.13231355e-01  2.22566381e-01  2.27207661e-01  2.26163775e-01
  2.24788249e-01  2.23091856e-01  2.23028094e-01  2.24692866e-01
  2.28738084e-01  2.32670620e-01  2.31388241e-01  2.24196106e-01
  2.12139174e-01  2.02088460e-01  2.01656669e-01  2.02262864e-01
  2.01315865e-01  2.07438782e-01  2.18620762e-01  2.30663136e-01
  2.44600162e-01  2.60313034e-01  2.71710515e-01  2.84539253e-01
  2.94993341e-01  2.99030006e-01  3.05693775e-01  3.16316694e-01
  3.28747630e-01  3.39969307e-01  3.46015304e-01  3.45440120e-01
  3.39047074e-01  3.40653300e-01  3.57874930e-01  3.67730260e-01
  3.61255914e-01  3.42173427e-01  3.07322294e-01  2.66824841e-01
  2.33435422e-01  2.09995657e-01  2.05784976e-01  2.10071772e-01
  2.19656050e-01  2.34657347e-01  2.53209710e-01  2.82826453e-01
  3.06504309e-01  3.29295605e-01  3.62043649e-01  3.92189860e-01
  4.18914944e-01  4.48411316e-01  4.82051075e-01  5.14023781e-01
  5.50165415e-01  5.81442058e-01  6.09274268e-01  6.50967956e-01
  7.03814447e-01  7.43030965e-01  7.70155609e-01  7.90509522e-01
  8.06017995e-01  8.22345734e-01  8.43107700e-01  8.84528339e-01
  9.05627191e-01  9.06231999e-01  9.03743029e-01  9.03145254e-01
  9.05971944e-01  9.14404392e-01  9.28108335e-01  9.44959641e-01
  9.45870817e-01  9.63925600e-01  9.69979703e-01  9.73237813e-01
  9.67741966e-01  9.47932124e-01  9.29631531e-01  9.04036820e-01
  8.76225531e-01  8.47041786e-01  8.22108328e-01  8.26292336e-01
  8.15805733e-01  7.94955075e-01  7.70700157e-01  7.42315412e-01
  7.19933212e-01  7.06454277e-01  6.75332546e-01  6.49173021e-01
  6.32350266e-01  6.19860888e-01  6.11146867e-01  5.99572778e-01
  6.00872159e-01  5.93717217e-01  5.86739898e-01  5.86518824e-01
  5.87688088e-01  5.93041599e-01  6.16249800e-01  6.48417771e-01
  6.70047045e-01  7.04843700e-01  7.52655983e-01  7.84557819e-01
  8.20441246e-01  8.45209360e-01  8.66777420e-01  8.91648650e-01
  9.03940618e-01  9.24148142e-01  9.23193872e-01  9.24056828e-01
  9.60362673e-01  9.39786971e-01  9.37535822e-01  9.44390893e-01
  9.32940841e-01  9.35581803e-01  9.39493418e-01  9.40753341e-01
  9.43934202e-01  9.48752403e-01  9.21040952e-01  8.77242148e-01
  8.31646919e-01  7.71672547e-01  6.92159712e-01  6.21930718e-01
  5.74978054e-01  5.13172150e-01  4.52732623e-01  3.97003591e-01
  3.55188131e-01  3.28146398e-01  2.96960771e-01  2.68177539e-01
  2.41427466e-01  2.13875651e-01  1.84452161e-01  1.58159018e-01
  1.18784398e-01  8.13394263e-02  5.68284951e-02  1.61396060e-02
 -9.34388209e-03 -2.52507273e-02 -6.52890429e-02 -1.11484908e-01
 -1.55854791e-01 -2.13536173e-01 -2.68493831e-01 -3.14575940e-01
 -3.40750188e-01 -3.86949539e-01 -4.30660129e-01 -4.77151513e-01
 -5.33155560e-01 -5.72010696e-01 -6.10166192e-01 -6.67066574e-01
 -7.04233825e-01 -6.97831213e-01 -7.22671211e-01 -7.48195291e-01
 -7.72741556e-01 -7.77194440e-01 -7.67318666e-01 -7.37814188e-01
 -6.78725600e-01 -6.02651179e-01 -5.34426808e-01 -4.93376434e-01
 -4.78307843e-01 -5.03526747e-01 -5.60035348e-01 -6.37628138e-01
 -7.24775255e-01 -8.09777498e-01 -8.94181132e-01 -9.71867442e-01
 -1.04039371e+00 -1.10008860e+00 -1.14318645e+00 -1.17103505e+00
 -1.19795609e+00 -1.21867657e+00 -1.24849355e+00 -1.27371323e+00
 -1.29343021e+00 -1.31012881e+00 -1.32605469e+00 -1.34353876e+00
 -1.36456299e+00 -1.38387501e+00 -1.40353692e+00 -1.42553151e+00
 -1.44947982e+00 -1.47856617e+00]
[ 4.21731472e-01  4.28481460e-01  4.32696074e-01  4.35142040e-01
  4.35625970e-01  4.39786255e-01  4.42685634e-01  4.42203075e-01
  4.44309175e-01  4.47495550e-01  4.48627383e-01  4.48089063e-01
  4.45628732e-01  4.43349659e-01  4.43499953e-01  4.41350222e-01
  4.39814091e-01  4.41441208e-01  4.38600123e-01  4.32646722e-01
  4.25726593e-01  4.14093047e-01  3.95834833e-01  3.79071146e-01
  3.64714354e-01  3.47458094e-01  3.31864417e-01  3.22553694e-01
  3.18204135e-01  3.12188834e-01  3.10073406e-01  3.12785506e-01
  3.13846201e-01  3.16857815e-01  3.22028250e-01  3.24830353e-01
  3.28304142e-01  3.31638515e-01  3.31224591e-01  3.24857116e-01
  3.10796499e-01  2.90867478e-01  2.62657911e-01  2.31509268e-01
  2.03342989e-01  1.79259554e-01  1.65010184e-01  1.64728433e-01
  1.74236178e-01  1.89423889e-01  2.07932204e-01  2.25185931e-01
  2.40088269e-01  2.54683316e-01  2.64511168e-01  2.71393359e-01
  2.80238450e-01  2.87431329e-01  2.92970896e-01  2.93671966e-01
  2.90726036e-01  2.87735254e-01  2.82003313e-01  2.72438794e-01
  2.62982816e-01  2.58343399e-01  2.54301548e-01  2.48921007e-01
  2.43347421e-01  2.36687347e-01  2.31058344e-01  2.26540953e-01
  2.23317862e-01  2.22601697e-01  2.19729334e-01  2.17578530e-01
  2.13924393e-01  2.05890357e-01  1.95076540e-01  1.81693509e-01
  1.69825852e-01  1.58746406e-01  1.47999376e-01  1.37784004e-01
  1.31234616e-01  1.28708869e-01  1.29964039e-01  1.31965324e-01
  1.34551302e-01  1.42136410e-01  1.51671737e-01  1.59604639e-01
  1.66229710e-01  1.70897394e-01  1.75096661e-01  1.79539412e-01
  1.87910691e-01  1.98578939e-01  2.11054206e-01  2.26604596e-01
  2.37152681e-01  2.40011171e-01  2.40794942e-01  2.39399403e-01
  2.28876188e-01  2.11420178e-01  1.92442223e-01  1.73366010e-01
  1.56618401e-01  1.43606961e-01  1.32318288e-01  1.19901098e-01
  1.06551863e-01  9.28160474e-02  7.75534138e-02  6.11130632e-02
  4.45052087e-02  2.81489957e-02  1.30094076e-02  1.68956642e-04
 -1.04712825e-02 -2.08120327e-02 -3.29219513e-02 -4.66529392e-02
 -6.07935712e-02 -7.39675239e-02 -8.56313705e-02 -9.75451395e-02
 -1.08015366e-01 -1.16084695e-01 -1.21037669e-01 -1.23345941e-01
 -1.21396184e-01 -1.13366574e-01 -1.02389157e-01 -8.85579363e-02
 -7.70924315e-02 -6.91970736e-02 -6.16981797e-02 -5.78484423e-02
 -5.59072979e-02 -5.25672734e-02 -4.95195873e-02 -4.83561866e-02
 -4.67477627e-02 -4.56581973e-02 -4.37112190e-02 -4.01796475e-02
 -4.00870666e-02 -4.00929973e-02 -3.67364809e-02 -2.98788548e-02
 -2.06331201e-02 -1.12087969e-02 -3.79335159e-03  3.27125378e-03
  8.69587902e-03  9.75556206e-03  8.95108655e-03  8.63097981e-03
  4.45085531e-03 -2.04932154e-03 -2.59992410e-03 -1.44020666e-03
 -9.72479582e-04  1.21260097e-03  4.96632094e-03  1.06554795e-02
  1.98694523e-02  3.14247720e-02  4.77184132e-02  6.87580854e-02
  8.87816697e-02  1.08783588e-01  1.30161285e-01  1.45004049e-01
  1.52881965e-01  1.61386535e-01  1.70962587e-01  1.81998923e-01
  1.98893562e-01  2.18998075e-01  2.35202760e-01  2.38315120e-01
  2.37928703e-01  2.34898686e-01  2.27854967e-01  2.21794844e-01
  2.14452192e-01  2.08809376e-01  2.08567545e-01  2.10119918e-01
  2.05064580e-01  1.95989698e-01  1.84265018e-01  1.63068622e-01
  1.41174003e-01  1.29553303e-01  1.19706899e-01  1.10033982e-01
  1.05032809e-01  9.72665772e-02  9.49468762e-02  9.94287208e-02
  1.01273224e-01  9.70987678e-02  9.82739404e-02  1.00021183e-01
  9.45735499e-02  9.14860070e-02  1.04271919e-01  1.21912025e-01
  1.38840407e-01  1.57299072e-01  1.67430893e-01  1.85844734e-01
  2.18501493e-01  2.51011312e-01  2.82336086e-01  3.01257402e-01
  2.99749523e-01  2.81698585e-01  2.52788633e-01  2.39229351e-01
  2.32120246e-01  2.39733502e-01  2.68103808e-01  2.88736403e-01
  3.14964145e-01  3.48348141e-01  3.74057829e-01  3.95435005e-01
  4.28936511e-01  4.58746374e-01  4.82994586e-01  5.11525154e-01
  5.39745986e-01  5.72624266e-01  6.13505304e-01  6.48309767e-01
  6.76451623e-01  7.01165378e-01  7.36223638e-01  8.05429459e-01
  8.44404578e-01  8.62966120e-01  8.77518713e-01  8.97823572e-01
  9.24608827e-01  9.63555455e-01  1.01895380e+00  1.08880150e+00
  1.11801553e+00  1.13703132e+00  1.13217163e+00  1.12246239e+00
  1.11893654e+00  1.10884821e+00  1.09385729e+00  1.08704472e+00
  1.08970451e+00  1.07948828e+00  1.06502593e+00  1.05106843e+00
  1.02676857e+00  9.96219635e-01  9.55686331e-01  9.09371316e-01
  8.70720267e-01  8.53607476e-01  8.31523120e-01  8.01741719e-01
  7.67621219e-01  7.43721128e-01  7.26327658e-01  7.08386660e-01
  7.06981421e-01  6.87110126e-01  6.72350228e-01  6.74522340e-01
  6.74513876e-01  6.77424729e-01  7.00319469e-01  7.29382455e-01
  7.38826096e-01  7.62373805e-01  8.01367462e-01  8.13117802e-01
  8.33979428e-01  8.56189489e-01  8.96214068e-01  9.54557538e-01
  1.00411558e+00  1.07506275e+00  1.13366377e+00  1.20127749e+00
  1.30597126e+00  1.31786311e+00  1.34192002e+00  1.37303078e+00
  1.38111651e+00  1.40332139e+00  1.40745080e+00  1.39456439e+00
  1.40051472e+00  1.42037380e+00  1.40843880e+00  1.39662623e+00
  1.38613725e+00  1.37861371e+00  1.37611842e+00  1.36146617e+00
  1.33747494e+00  1.30658054e+00  1.26886284e+00  1.22053230e+00
  1.16818845e+00  1.11110497e+00  1.04849637e+00  9.89038467e-01
  9.05631721e-01  8.16092253e-01  7.31168926e-01  6.54558539e-01
  5.80766439e-01  5.23636639e-01  4.87414777e-01  4.27293390e-01
  3.72647643e-01  3.54233116e-01  3.16451162e-01  2.77345449e-01
  2.52727658e-01  2.10643947e-01  1.64104164e-01  1.37107566e-01
  1.16976835e-01  6.18033782e-02  5.23849623e-03 -6.23273626e-02
 -1.42083794e-01 -1.95457399e-01 -2.44391307e-01 -3.21696013e-01
 -3.88421237e-01 -4.03634489e-01 -4.65228081e-01 -5.28072834e-01
 -5.93277693e-01 -6.49926484e-01 -7.04583764e-01 -7.60550499e-01
 -8.03807855e-01 -8.26812565e-01 -8.60153019e-01 -8.99973452e-01
 -9.22199249e-01 -9.25069869e-01 -8.97682786e-01 -8.42206180e-01
 -7.59385407e-01 -6.70221269e-01 -6.05853438e-01 -5.65792918e-01
 -5.65062761e-01 -6.07915640e-01 -6.70064390e-01 -7.38031268e-01
 -8.19977641e-01 -8.95436525e-01 -9.77943480e-01 -1.05622971e+00
 -1.11964357e+00 -1.17376447e+00 -1.21630800e+00 -1.25102592e+00
 -1.28852546e+00 -1.32347393e+00 -1.35953593e+00 -1.39563477e+00
 -1.42687428e+00 -1.46426833e+00 -1.50558221e+00 -1.54328167e+00
 -1.57519066e+00 -1.61318314e+00 -1.65618277e+00 -1.74031913e+00
 -1.81219065e+00 -1.89594340e+00 -1.96565938e+00 -2.01528978e+00
 -2.04155588e+00 -2.04752731e+00 -2.03463268e+00 -2.01178479e+00
 -1.98140621e+00 -1.96453702e+00 -1.93051088e+00 -1.90845346e+00
 -1.89187443e+00]
[ 1.74561039e-01  1.88995436e-01  2.02392086e-01  2.13419691e-01
  2.28991449e-01  2.48947546e-01  2.60199457e-01  2.68007308e-01
  2.86259413e-01  2.98849314e-01  3.01075429e-01  3.04275125e-01
  3.08203697e-01  3.03389728e-01  2.92147517e-01  2.77875513e-01
  2.67051905e-01  2.65104562e-01  2.58095533e-01  2.53521711e-01
  2.52259374e-01  2.44497702e-01  2.38810882e-01  2.44666234e-01
  2.49710128e-01  2.41904095e-01  2.37541080e-01  2.40398943e-01
  2.49409944e-01  2.56752402e-01  2.60934234e-01  2.74937451e-01
  2.88204968e-01  2.98086584e-01  3.06660622e-01  3.01930010e-01
  2.95023918e-01  2.85377979e-01  2.68921942e-01  2.50888795e-01
  2.28247687e-01  2.09984168e-01  1.91787809e-01  1.67412847e-01
  1.42163619e-01  1.11247472e-01  8.29466358e-02  6.55023083e-02
  5.38865514e-02  6.02832437e-02  8.28775316e-02  1.18054241e-01
  1.60623014e-01  2.00565159e-01  2.32916161e-01  2.57876337e-01
  2.69512236e-01  2.59444565e-01  2.38376319e-01  2.06129208e-01
  1.69563398e-01  1.40271798e-01  1.23527437e-01  1.17349803e-01
  1.25781700e-01  1.55493200e-01  1.88471824e-01  2.11394802e-01
  2.25568593e-01  2.26856768e-01  2.34557047e-01  2.53730088e-01
  2.69521475e-01  2.85701156e-01  2.95128644e-01  2.96653271e-01
  2.82870293e-01  2.59246796e-01  2.29838118e-01  1.92883417e-01
  1.50090411e-01  1.11003168e-01  9.26122516e-02  8.00383911e-02
  6.58748969e-02  4.79766205e-02  2.20184121e-02 -9.59653687e-03
 -3.84239741e-02 -5.29413261e-02 -6.62821233e-02 -8.04579332e-02
 -8.57748836e-02 -8.54748785e-02 -7.62864873e-02 -6.21215664e-02
 -5.00915982e-02 -4.12188359e-02 -2.47392897e-02 -1.58891047e-03
  1.52359903e-02  2.93683596e-02  5.29595576e-02  8.34011734e-02
  1.08426340e-01  1.28479466e-01  1.43683612e-01  1.62906855e-01
  1.85351759e-01  1.96450561e-01  2.05183595e-01  2.18653217e-01
  2.25921854e-01  2.28140786e-01  2.34747514e-01  2.41554692e-01
  2.45071828e-01  2.50397682e-01  2.51196980e-01  2.42861181e-01
  2.27426395e-01  2.02013418e-01  1.70656562e-01  1.30444318e-01
  8.65832493e-02  4.96515185e-02  1.98224168e-02 -2.90810154e-03
 -2.23290063e-02 -4.08946276e-02 -5.35714328e-02 -6.35514036e-02
 -7.30751455e-02 -8.21785331e-02 -8.76251906e-02 -8.40894058e-02
 -8.12299699e-02 -7.18620792e-02 -5.56643680e-02 -5.06539159e-02
 -5.19393310e-02 -5.12766540e-02 -5.54874539e-02 -6.12263307e-02
 -5.99880517e-02 -6.17274232e-02 -6.29315451e-02 -5.87761700e-02
 -6.06677532e-02 -6.46228716e-02 -6.58641085e-02 -5.51037155e-02
 -3.67307924e-02 -2.10208036e-02 -1.36958053e-02 -1.36492085e-02
 -1.53070726e-02 -2.08187308e-02 -2.95455512e-02 -4.21017259e-02
 -6.11479990e-02 -8.44707713e-02 -1.06380865e-01 -1.28628179e-01
 -1.46620169e-01 -1.59560204e-01 -1.66840672e-01 -1.61902487e-01
 -1.47393242e-01 -1.28926218e-01 -1.11880593e-01 -9.35794860e-02
 -8.15441087e-02 -7.34412968e-02 -5.76320142e-02 -4.26062793e-02
 -3.45980749e-02 -2.51314435e-02 -1.82263125e-02 -1.17861098e-02
 -1.22541876e-03  1.13802571e-02  2.62211487e-02  3.28410231e-02
  4.18808348e-02  5.23585901e-02  6.32473230e-02  9.24656987e-02
  1.34255454e-01  1.84147775e-01  2.27123454e-01  2.46963635e-01
  2.52827972e-01  2.63619095e-01  2.77881563e-01  2.84223527e-01
  2.96862006e-01  3.17841440e-01  3.28315377e-01  3.27140152e-01
  3.08477908e-01  2.73535043e-01  2.35960320e-01  1.98421404e-01
  1.54181287e-01  9.94231179e-02  6.04270957e-02  3.90396006e-02
  1.97847933e-02  4.25905408e-03 -1.21727148e-02 -4.55398597e-02
 -8.05133283e-02 -1.03806816e-01 -1.36370778e-01 -1.43583149e-01
 -1.20330311e-01 -9.65723023e-02 -7.68792406e-02 -5.57222888e-02
 -4.08435762e-02 -3.76836844e-02 -3.10809538e-02 -2.44722259e-03
  2.54808599e-03 -7.62118865e-03 -7.43940240e-03 -1.59808397e-02
 -1.20184543e-02  1.70062471e-03 -2.12381259e-02 -7.56138116e-02
 -7.12484717e-02 -1.92559846e-02  3.90821546e-02  9.75984111e-02
  1.35653719e-01  1.34972140e-01  5.54202721e-02 -5.23094051e-02
 -1.25580326e-01 -1.63257524e-01 -1.58599645e-01 -8.63965452e-02
 -3.87486964e-02 -4.13275091e-03  4.33443561e-02  1.04554266e-01
  1.75023258e-01  2.72762448e-01  3.92993480e-01  5.38883746e-01
  6.40282691e-01  7.49319494e-01  8.55298758e-01  9.92136002e-01
  1.10608816e+00  1.20238721e+00  1.30649447e+00  1.42038858e+00
  1.52478242e+00  1.59894407e+00  1.64518452e+00  1.67456508e+00
  1.71444964e+00  1.74788570e+00  1.78224123e+00  1.81143284e+00
  1.82548487e+00  1.84884930e+00  1.79771483e+00  1.69261539e+00
  1.54263258e+00  1.43495429e+00  1.33363950e+00  1.26078856e+00
  1.25452316e+00  1.21263242e+00  1.16053629e+00  1.10771501e+00
  1.03064239e+00  9.43786561e-01  8.53265762e-01  7.56759405e-01
  6.34729326e-01  5.94515979e-01  6.05523467e-01  5.42243540e-01
  4.84217674e-01  4.22904104e-01  3.93184781e-01  4.05030876e-01
  3.86338919e-01  3.96652758e-01  4.15145755e-01  4.71329778e-01
  6.03054047e-01  6.04959428e-01  6.63269579e-01  7.59100199e-01
  8.30799162e-01  9.48161960e-01  1.05057859e+00  1.12135041e+00
  1.23614812e+00  1.39131868e+00  1.50684714e+00  1.64454460e+00
  1.79756689e+00  1.95200777e+00  2.11787868e+00  2.27379227e+00
  2.41244793e+00  2.53816319e+00  2.64326882e+00  2.71106696e+00
  2.75570345e+00  2.78897429e+00  2.80765963e+00  2.81288481e+00
  2.80884147e+00  2.80424762e+00  2.77765298e+00  2.72738123e+00
  2.66823459e+00  2.66907644e+00  2.70562339e+00  2.67871332e+00
  2.62749887e+00  2.59113121e+00  2.55459857e+00  2.53229094e+00
  2.43317366e+00  2.30835176e+00  2.22655725e+00  2.17306852e+00
  2.10666823e+00  1.96116102e+00  1.84352803e+00  1.74281383e+00
  1.59690797e+00  1.47175646e+00  1.38081300e+00  1.23103034e+00
  1.08843124e+00  1.04596794e+00  9.39989448e-01  8.31658781e-01
  6.88240170e-01  5.61144233e-01  4.65804279e-01  3.59825045e-01
  2.50619918e-01  1.63615540e-01  3.98651585e-02 -1.11170128e-01
 -2.28846893e-01 -3.32244307e-01 -4.07873929e-01 -4.70849246e-01
 -5.43257892e-01 -6.12019241e-01 -7.00108469e-01 -7.89496541e-01
 -8.86766732e-01 -1.00104535e+00 -1.09943259e+00 -1.18460202e+00
 -1.27893877e+00 -1.36131203e+00 -1.47095966e+00 -1.58437288e+00
 -1.71739161e+00 -1.88737655e+00 -1.94016409e+00 -1.92747140e+00
 -1.85476410e+00 -1.68034017e+00 -1.44901371e+00 -1.22798634e+00
 -1.05701101e+00 -9.60220575e-01 -9.57535505e-01 -1.03805339e+00
 -1.10968566e+00 -1.19912446e+00 -1.33316910e+00 -1.51463139e+00
 -1.67300892e+00 -1.84744155e+00 -1.99110746e+00 -2.08335781e+00
 -2.13976145e+00 -2.17342186e+00 -2.17291903e+00 -2.16241980e+00
 -2.14107633e+00 -2.12500310e+00 -2.08109832e+00 -2.05777144e+00
 -2.04403901e+00 -2.02414918e+00 -2.01943731e+00 -2.01065326e+00
 -2.00269842e+00 -2.00771999e+00 -2.00823975e+00 -2.01382041e+00
 -2.02116013e+00 -2.02347207e+00 -2.02191234e+00 -2.02149367e+00
 -2.02318764e+00 -2.02618957e+00 -2.03122878e+00 -2.03786206e+00
 -2.04147983e+00 -2.04289150e+00 -2.04171681e+00 -2.03911185e+00
 -2.03862715e+00 -2.04200482e+00 -2.04683471e+00 -2.04917574e+00
 -2.05330682e+00 -2.05803847e+00 -2.05472708e+00 -2.06054640e+00
 -2.06344008e+00 -2.06048584e+00 -2.06313014e+00 -2.06984591e+00
 -2.07449245e+00 -2.06516695e+00 -2.05279541e+00 -2.04775739e+00
 -2.04701161e+00 -2.05603671e+00 -2.06000042e+00 -2.05777287e+00]
