[0.83034807 0.99266326 1.18252015 1.25440896 1.03523564 0.79792637]
[-0.86739731 -0.64850163 -0.54345113 -0.55199653 -0.6937502  -0.81797886]
[ 0.57165837  0.41914326  0.25802672  0.05735008 -0.04863763 -0.23528367
 -0.25045013 -0.24315503 -0.23897912 -0.17365088 -0.08309796  0.09526319
  0.15830433  0.14289044  0.16887081  0.29943523  0.27973863  0.12278192
  0.07479107 -0.04388994 -0.14693898 -0.20712855 -0.25223988 -0.23822033
 -0.02775081  0.04674578  0.10185238  0.14756244  0.11647169 -0.06468734
 -0.13193457 -0.21174787]
[ 0.13013698  0.05099599 -0.06953119 -0.16968521 -0.19251871 -0.22627339
 -0.24221867 -0.19414209 -0.16475908 -0.117237   -0.03779547  0.14867623
  0.3234854   0.37170285  0.30763     0.25379106  0.17999002  0.10151017
  0.05617565  0.03300456 -0.01936678  0.03578417  0.09673117  0.11226669
  0.10598882  0.15350953  0.13597651  0.10909854  0.10229519  0.06202839
 -0.00626367  0.05923493  0.13421527  0.2590785   0.36265656  0.36441308
  0.38174495  0.3796221   0.34859067  0.28633374  0.1842905  -0.00501364
 -0.20886464 -0.35364801 -0.35913002 -0.25849715 -0.11764213 -0.03766133
  0.03029878  0.08518482  0.16967146  0.28010383]
[-0.20287786 -0.11443262 -0.08010036 -0.01425134  0.04166059  0.10152356
  0.2173246   0.37598985  0.54269791  0.57665896  0.50642729  0.37628493
  0.28511515  0.17580299  0.08904836  0.06487273  0.06089031  0.11275052
  0.19043203  0.22049518  0.25158742  0.27515149  0.29613993  0.27790308
  0.29170787  0.38509774  0.47165897  0.5336706   0.5417006   0.4988994
  0.44632605  0.42692697  0.41646436  0.38637289  0.34018949  0.28465682
  0.23725143  0.14425224  0.06574658 -0.00461276 -0.05455765 -0.07314458
 -0.0153605   0.06089166  0.20919728  0.3685416   0.45330319  0.47155884
  0.44180065  0.31856677  0.24015085  0.1136573   0.00222486 -0.03650684
 -0.04925316 -0.02795388 -0.03172187 -0.03081627 -0.04644968 -0.04037704
 -0.02919295  0.01889472  0.08951763  0.18976851  0.31608227  0.46613193
  0.69943386  0.95608801  1.18166244  1.4226898 ]
[-1.37020135e-04 -1.14672638e-01 -2.08105743e-01 -2.84377247e-01
 -3.46772820e-01 -3.96599978e-01 -4.29034412e-01 -4.38752741e-01
 -4.49776828e-01 -4.23967868e-01 -4.12826210e-01 -3.86241138e-01
 -3.22373629e-01 -2.60776550e-01 -2.18972340e-01 -1.74168855e-01
 -1.35772362e-01 -7.58515373e-02 -2.13762671e-02  3.98272499e-02
  9.72988605e-02  1.43378437e-01  1.85169637e-01  2.12274745e-01
  2.29823485e-01  2.08216384e-01  1.68866158e-01  8.67110267e-02
  1.07006496e-02 -1.23063307e-02  1.80999339e-02  8.18217248e-02
  1.57013088e-01  2.28753060e-01  2.45430812e-01  2.65678972e-01
  2.84553468e-01  2.92128414e-01  2.52714962e-01  1.88931391e-01
  1.30523801e-01  9.66050625e-02  5.64818755e-02 -1.97457634e-02
 -1.01021186e-01 -1.63075283e-01 -2.09952533e-01 -2.46907786e-01
 -2.37055808e-01 -1.60081878e-01 -8.91450197e-02 -3.85277458e-02
  1.37073901e-02  1.27958870e-02 -6.38565095e-03 -1.74081195e-02
 -2.39265393e-02 -2.41598729e-02 -2.74640452e-02 -5.47586195e-02
 -8.82061571e-02 -1.10348783e-01 -1.43405333e-01 -1.82242230e-01
 -1.99660584e-01 -2.09684238e-01 -2.02927127e-01 -1.96282089e-01
 -1.91576898e-01 -1.77657545e-01 -1.38879806e-01 -9.23494473e-02
 -1.98242012e-02  8.21202397e-02  1.97456509e-01  3.25112760e-01
  4.65847045e-01  6.27873123e-01  8.02531421e-01  9.78525639e-01
  1.18546188e+00]
[ 0.72186983  0.5866676   0.47001848  0.35712522  0.24191047  0.14134708
  0.05621003 -0.01516868 -0.07042187 -0.11055665 -0.15192208 -0.17427878
 -0.18399735 -0.17939788 -0.19001193 -0.18766761 -0.16979958 -0.16307312
 -0.14457726 -0.11019797 -0.06952366 -0.01271047  0.02006694  0.05043536
  0.05506348  0.05440904  0.07966956  0.10650623  0.12702218  0.14210145
  0.13586438  0.15589748  0.16589755  0.17713584  0.17665286  0.16342708
  0.13754009  0.12137432  0.12636553  0.13935496  0.16471304  0.16495763
  0.15354738  0.13061704  0.10119224  0.07909679  0.0549521   0.04836019
  0.04206058  0.0304683   0.01406413 -0.0063828  -0.01770562 -0.02615795
 -0.02290251 -0.02964464 -0.02150567 -0.02462209 -0.02822311 -0.04192613
 -0.04501165 -0.0571087  -0.09578844 -0.11876798 -0.13823873 -0.1581212
 -0.18960622 -0.22340314 -0.26019609 -0.28046548 -0.29221541 -0.29664147
 -0.30831081 -0.29965401 -0.30511147 -0.29824975 -0.27930796 -0.24576788
 -0.22394942 -0.19040416 -0.15494168 -0.08127142  0.00786968  0.09879544
  0.19233227  0.2841818   0.38903883  0.4985781   0.59859979  0.71545994]
[ 0.21004978  0.18258058  0.14108753  0.09767152  0.04667818  0.00431931
 -0.04813527 -0.09341984 -0.14497598 -0.20166145 -0.24372467 -0.28511038
 -0.31724918 -0.34716228 -0.38471705 -0.41784194 -0.45691478 -0.49091873
 -0.52879059 -0.56628293 -0.60673946 -0.65567613 -0.69855446 -0.7319361
 -0.7656123  -0.78034902 -0.78198552 -0.77299923 -0.77835041 -0.77116334
 -0.75565177 -0.73975623 -0.71563762 -0.70033479 -0.67134774 -0.63751936
 -0.59487188 -0.5624246  -0.54736644 -0.5443899  -0.54086375 -0.54395056
 -0.55754501 -0.55929404 -0.55470014 -0.54841304 -0.5500266  -0.55475217
 -0.5788675  -0.61666691 -0.64621317 -0.66800463 -0.68353361 -0.69839329
 -0.71614349 -0.72965181 -0.7417773  -0.72723746 -0.70246631 -0.67172337
 -0.63005996 -0.59189588 -0.54427469 -0.47775695 -0.4289591  -0.37126306
 -0.33396247 -0.2985695  -0.2651816  -0.22967193 -0.18919407 -0.15429138
 -0.12999851 -0.10057159 -0.04580507  0.01556231  0.07348716  0.12914167
  0.18282023  0.21764889  0.23006882  0.25850335  0.28783     0.31738693
  0.3444908   0.35499766  0.36156666  0.34236741  0.32493171  0.30799153
  0.278963  ]
[ 0.78081924  0.46445546  0.10825609 -0.22682044 -0.37146148 -0.50264782
 -0.59006977 -0.66366261 -0.66553533 -0.69304031 -0.77831411 -0.84686369
 -0.82072288 -0.79258996 -0.83745241 -0.83920264 -0.83911467 -0.79544604
 -0.68289495 -0.56557381 -0.43695629 -0.36097902 -0.23813654 -0.11848087
 -0.08289869 -0.05898037 -0.09726431 -0.17016187 -0.24839891 -0.22751758
 -0.09436718 -0.04665358  0.01963316  0.02715814 -0.01577902 -0.06091388
 -0.06817078 -0.00468488  0.10660755  0.21079527  0.31630108  0.4102293
  0.47550932  0.50932646  0.56156731  0.66459322  0.69265717  0.83559656
  0.93919975  1.00928581  1.06194246  1.09348834  1.14427638  1.15525794
  1.17378569  1.13261294  1.1426214   1.20726109  1.26219487  1.2544539
  1.24365628  1.13967204  1.04047024  0.96326494  0.90344638  0.8961066
  0.82303762  0.76834774  0.75196725  0.76376277  0.76657999  0.75931662
  0.69322735  0.5808773   0.45457768  0.36097601  0.418616    0.44641078
  0.43362862  0.37784487  0.39800686  0.44797099  0.48351157  0.36837345
  0.27723652  0.2695277   0.22192158  0.13029033 -0.0167172  -0.17219412
 -0.41176957]
[ 0.09773868  0.12997055  0.15654157  0.16987047  0.21106079  0.24822298
  0.26890376  0.29905313  0.34773055  0.42998564  0.5214076   0.60156816
  0.65174848  0.6979323   0.77487463  0.86565191  0.96561038  1.07187045
  1.16117585  1.25779283  1.3406496   1.41889727  1.47853732  1.51199436
  1.51110506  1.45503604  1.36787069  1.26464176  1.14141881  1.03387952
  0.95984089  0.91439289  0.86948031  0.82799453  0.78794569  0.72025412
  0.64275181  0.59893233  0.539639    0.48809689  0.42823258  0.38107178
  0.32430062  0.26689306  0.2057327   0.15644373  0.09988524  0.03435413
 -0.04743847 -0.11856188 -0.19734862 -0.27423182 -0.33544841 -0.38231495
 -0.41221768 -0.42258751 -0.45133445 -0.44384995 -0.44568586 -0.43836877
 -0.43249425 -0.44387263 -0.44097394 -0.46368486 -0.49071351 -0.49356636
 -0.4662967  -0.40277272 -0.31813741 -0.26073781 -0.23672414 -0.23445341
 -0.2535682  -0.25492939 -0.26171249 -0.27303332 -0.29234189 -0.32314155
 -0.3649213  -0.3479006  -0.28864458 -0.1914057  -0.06891883  0.07918689
  0.23497584  0.40029043  0.60747814  0.83820629  1.06260037  1.32675898
  1.56991112]
[-0.42499197 -0.31155738 -0.22206479 -0.13378862 -0.03586202  0.02747754
  0.07086963  0.10311603  0.11786396  0.15347376  0.18752997  0.19022481
  0.16133706  0.11000645  0.05103268 -0.00572116 -0.04932169 -0.08834773
 -0.11805498 -0.12344597 -0.12042803 -0.10856947 -0.12784353 -0.18487856
 -0.24727608 -0.29896209 -0.29515702 -0.28758955 -0.27498895 -0.26167595
 -0.24349843 -0.20999743 -0.16956301 -0.14827493 -0.12340163 -0.08167578
 -0.00522565  0.05660161  0.12848768  0.19918077  0.27392301  0.31161413
  0.2920303   0.24883284  0.20237714  0.17904763  0.17692415  0.16127598
  0.13346781  0.08293192  0.02254942 -0.03965864 -0.09665444 -0.15290649
 -0.20382129 -0.23160689 -0.2428336  -0.25300202 -0.26864532 -0.27305818
 -0.26401514 -0.23664226 -0.18714434 -0.14638749 -0.1048219  -0.0416774
  0.00886824  0.05374529  0.08689086  0.12244067  0.14115341  0.16011289
  0.15929887  0.16589844  0.22144943  0.30011067  0.37140745  0.42568094
  0.46284586  0.44208348  0.39994359  0.33662614  0.26587501  0.20850524
  0.14425166  0.0888844   0.02591346 -0.08671285 -0.20785871 -0.30077395
 -0.40118954 -0.48971578 -0.57578892 -0.67568856]
[-0.33335853 -0.30067939 -0.28149295 -0.25221038 -0.2192383  -0.17382698
 -0.12789367 -0.08090232 -0.03951974  0.01354836  0.05089112  0.10338223
  0.1632531   0.21119829  0.26116979  0.31846654  0.37772498  0.4026289
  0.39481199  0.37543002  0.33756378  0.28345934  0.22505406  0.15886585
  0.09774642  0.03149017 -0.03626579 -0.10553823 -0.17128642 -0.21489704
 -0.25421968 -0.26994568 -0.2818962  -0.28170776 -0.285546   -0.25822562
 -0.2327127  -0.21346146 -0.21305835 -0.19364195 -0.1887776  -0.1902934
 -0.16114886 -0.11440739 -0.06349938 -0.01456988  0.04251012  0.11087689
  0.16534886  0.19399284  0.20154935  0.18369821  0.18382634  0.21174543
  0.22106566  0.21767986  0.21336134  0.17404476  0.12176824  0.06920452
  0.02322979 -0.01087624 -0.04287916 -0.07233603 -0.08516555 -0.08603486
 -0.08263818 -0.10535481 -0.13432683 -0.17123982 -0.23082195 -0.25511229
 -0.27067399 -0.25067046 -0.22161318 -0.18179576 -0.1411024  -0.08377033
 -0.02693898  0.03608171  0.10849112  0.18303871  0.25844502  0.32980436
  0.39336401  0.43737477  0.46131161  0.44386148  0.40466839  0.369941
  0.30955282  0.24391897  0.15845026  0.05791065 -0.03580483 -0.09816837
 -0.16181546 -0.23232096 -0.308741   -0.39572287 -0.46920857 -0.54121006
 -0.62205738]
[ 0.06328753  0.06252811  0.06119668  0.08121474  0.10105702  0.13760026
  0.17732325  0.21838178  0.26739398  0.31442079  0.36370394  0.4164232
  0.45280424  0.47774774  0.49952579  0.55542892  0.62044388  0.67067671
  0.70373493  0.7359075   0.7504499   0.7613768   0.74782872  0.7100879
  0.65110677  0.59937674  0.52368164  0.43129417  0.35361147  0.26670349
  0.18420708  0.08933503 -0.01088017 -0.10550114 -0.19025776 -0.27036542
 -0.35017258 -0.41630375 -0.5007242  -0.56972927 -0.65218002 -0.73858047
 -0.83369547 -0.93903881 -1.04652321 -1.14024794 -1.20360005 -1.24014378
 -1.25184286 -1.23415565 -1.21063876 -1.18795502 -1.1590426  -1.11384559
 -1.04433513 -0.95969802 -0.87315714 -0.78845567 -0.70686352 -0.63225269
 -0.55460602 -0.47712344 -0.38790292 -0.3132382  -0.25448817 -0.23015366
 -0.21009177 -0.21184617 -0.21715829 -0.23321661 -0.24267969 -0.26669493
 -0.31522807 -0.371342   -0.42998415 -0.48909679 -0.54170686 -0.5982635
 -0.65066034 -0.7166006  -0.79302967 -0.87302876 -0.95063323 -1.02124083
 -1.0635252  -1.07333994 -1.06188011 -1.012218   -0.94319212 -0.86237913
 -0.76570606 -0.67407602 -0.58562922 -0.51640397 -0.45685565 -0.38249475
 -0.32069299 -0.26701328 -0.21136604 -0.15136059 -0.08358154 -0.02287256
  0.02646322  0.07579597  0.10887246  0.1388422   0.18593359  0.23583324
  0.28935745  0.33508262]
[-0.24846205 -0.31034538 -0.33504719 -0.41268516 -0.47989807 -0.55862105
 -0.66586882 -0.76003104 -0.85145915 -0.95290351 -1.04297185 -1.14351749
 -1.24386299 -1.2709887  -1.29437768 -1.3152566  -1.30783904 -1.22017884
 -1.16316283 -1.10338831 -1.05439126 -1.00067604 -0.96456069 -0.92561555
 -0.86730993 -0.83234268 -0.8011443  -0.76200694 -0.73062062 -0.65990537
 -0.60199708 -0.58658731 -0.59336936 -0.53743356 -0.46481273 -0.41065016
 -0.39908576 -0.42523128 -0.48433143 -0.50349593 -0.47447619 -0.42949489
 -0.3339507  -0.18059915  0.01658274  0.21376497  0.42837954  0.63868523
  0.83594215  0.96409976  1.09011531  1.20238483  1.32590508  1.45023465
  1.54904485  1.6186825   1.62720406  1.62188232  1.62578809  1.6721977
  1.72058487  1.6985569   1.62269044  1.54210234  1.3851335   1.23470986
  1.14402139  1.05926943  0.95660418  0.88066798  0.77921647  0.70195675
  0.63310742  0.62485456  0.63517815  0.68651253  0.74614364  0.72846544
  0.67408293  0.62436193  0.55145544  0.46548003  0.38571817  0.27851784
  0.1655509   0.09163634  0.06039383  0.03732769  0.01016559 -0.02790053
 -0.08170599 -0.05482217 -0.03068623 -0.00638815  0.01942962 -0.03274834
 -0.13214666 -0.26479253 -0.3721779  -0.48496264 -0.57762361 -0.62551951
 -0.70229363 -0.79692626 -0.88151276 -0.94427407 -1.01238739 -1.09241176
 -1.17779124 -1.23657215]
[-0.43520793 -0.45521441 -0.49039167 -0.51754099 -0.54568464 -0.56211025
 -0.57876915 -0.59725875 -0.5989601  -0.61895919 -0.63239878 -0.64385903
 -0.65381527 -0.65292376 -0.64337927 -0.63769245 -0.59315586 -0.559847
 -0.54007459 -0.53292108 -0.51680577 -0.48853296 -0.45187303 -0.43165576
 -0.42188138 -0.41944802 -0.40425703 -0.39070565 -0.38498282 -0.37624317
 -0.37277094 -0.38174659 -0.38692763 -0.38507882 -0.37830925 -0.34647533
 -0.31735325 -0.29411873 -0.30348587 -0.32243714 -0.34983346 -0.36696953
 -0.37679461 -0.37149832 -0.34906316 -0.35114214 -0.35371017 -0.37368789
 -0.38665307 -0.39851326 -0.41868302 -0.44117546 -0.47019389 -0.49390799
 -0.50724339 -0.51695418 -0.5025394  -0.50031155 -0.50161517 -0.50013983
 -0.50036681 -0.51937616 -0.5387395  -0.54229766 -0.51397789 -0.47178042
 -0.44152793 -0.3890298  -0.34827358 -0.31562877 -0.27896005 -0.23987044
 -0.18594611 -0.12315241 -0.07667366 -0.02041563  0.05669189  0.12493043
  0.17673878  0.23720758  0.31382048  0.40890199  0.49074394  0.58216149
  0.66876203  0.74473339  0.81748611  0.89195049  0.94942749  1.00326371
  1.0637368   1.13386786  1.20651412  1.30094957  1.38160539  1.41841209
  1.41063142  1.3785435   1.31607878  1.26108432  1.21089089  1.14096606
  1.05604815  0.9827618   0.90911996  0.82093287  0.77024084  0.72251451
  0.64022136  0.55518585]
[-0.97490293 -0.88875026 -0.77339315 -0.60194021 -0.43101493 -0.27893871
 -0.24858676 -0.30621219 -0.36822289 -0.39372727 -0.34519911 -0.26118675
 -0.18863149 -0.12611625 -0.03692238  0.06059638  0.16500731  0.31066591
  0.41765997  0.50014436  0.60149366  0.64227271  0.73938423  0.8405208
  0.96499646  1.08818007  1.20095718  1.30289805  1.40314603  1.46721637
  1.56241345  1.65723693  1.7311691   1.77842355  1.78630114  1.72018194
  1.59799242  1.49446678  1.37244463  1.22405672  1.11687636  1.03346431
  0.94757015  0.86528522  0.7877776   0.71517706  0.63536584  0.58092177
  0.50447661  0.43387017  0.42277372  0.40152362  0.37398365  0.31623557
  0.18933038  0.08181535 -0.03192735 -0.11757948 -0.21471591 -0.2941331
 -0.38320091 -0.45058525 -0.50487691 -0.55922914 -0.57386696 -0.60824305
 -0.59068471 -0.58774501 -0.60106206 -0.57319307 -0.5278275  -0.46230373
 -0.37690023 -0.3051686  -0.21105179 -0.16007411 -0.08922188 -0.02012323
  0.02500149  0.0542942   0.09871279  0.10448013  0.08830324  0.0959244
  0.06346115  0.06003265  0.03748255 -0.03919941 -0.06802122 -0.01532053
  0.06460585  0.1244699   0.21761389  0.27522919  0.31126934  0.41104621
  0.4719508   0.53009796  0.53781468  0.6239993   0.68840945  0.70010799
  0.61771291  0.60873961  0.61912423  0.63805133  0.68957311  0.69866502
  0.6988681   0.73679143]
[-0.2462882  -0.21560116 -0.2001044  -0.18933672 -0.18404967 -0.16541463
 -0.1341214  -0.09279786 -0.05840898 -0.04282596 -0.00993164  0.0061364
  0.02978467  0.07289719  0.11188401  0.14462838  0.16594301  0.16898529
  0.16560473  0.15409318  0.14628692  0.14329934  0.1420891   0.13489497
  0.12343291  0.10199947  0.06857781  0.03435992 -0.0018025  -0.03586408
 -0.06042137 -0.09374447 -0.13286911 -0.17079198 -0.20313585 -0.22587985
 -0.23962444 -0.23911391 -0.23669185 -0.24426857 -0.24448241 -0.25364497
 -0.27861232 -0.30421424 -0.3062284  -0.31014144 -0.30006516 -0.27559158
 -0.25509629 -0.24126017 -0.22629854 -0.2246692  -0.19853915 -0.17067106
 -0.15553406 -0.15626003 -0.16089827 -0.15364607 -0.14265639 -0.1505556
 -0.15194209 -0.16266583 -0.1746522  -0.19443241 -0.20224504 -0.222875
 -0.23559047 -0.24519411 -0.2705242  -0.28853706 -0.31128332 -0.32640094
 -0.32737032 -0.33218676 -0.32648331 -0.33937266 -0.35516706 -0.35110196
 -0.33008802 -0.29343921 -0.24745455 -0.19427738 -0.13593002 -0.09180433
 -0.05015094 -0.00798124  0.01912619  0.05743009  0.08712441  0.11326901
  0.1366832   0.15638046  0.15819505  0.15025099  0.13423316  0.12132785
  0.09556202  0.06181739  0.01929512 -0.01142955 -0.04914925 -0.0779679
 -0.11590097 -0.15173042 -0.1821779  -0.20973167 -0.23208156 -0.26552656
 -0.28532121 -0.29296565 -0.30487597 -0.32344511 -0.33607581 -0.3406021 ]
[-0.19104381 -0.16146244 -0.13681547 -0.1205974  -0.10936598 -0.09303245
 -0.0608368  -0.02077565  0.01936382  0.05696481  0.09374598  0.12112686
  0.13654597  0.15391512  0.15818034  0.15995882  0.15599088  0.13005146
  0.10996112  0.08249615  0.06621431  0.0346697   0.010347    0.00368811
 -0.00815811 -0.02613859 -0.04654363 -0.08035971 -0.10185032 -0.1168213
 -0.12548056 -0.14119916 -0.15704769 -0.16313517 -0.17050715 -0.1726523
 -0.16923761 -0.1603827  -0.14082557 -0.11837318 -0.10052029 -0.08874613
 -0.09808173 -0.1192802  -0.13210337 -0.13893236 -0.13901037 -0.13405998
 -0.13272826 -0.14344272 -0.16002607 -0.1851754  -0.2079716  -0.22390905
 -0.24243942 -0.27498701 -0.30517623 -0.31772316 -0.32643336 -0.32793483
 -0.31760469 -0.29566401 -0.2880916  -0.28701866 -0.28114274 -0.26506945
 -0.2595337  -0.25811321 -0.25744912 -0.26096007 -0.25219643 -0.24291638
 -0.22968148 -0.19977127 -0.16828233 -0.1442827  -0.13384047 -0.1296414
 -0.1179761  -0.10327537 -0.068584   -0.03136435  0.00513924  0.03084459
  0.03934763  0.04000606  0.03604661  0.02821063  0.02696489  0.02418542
  0.02605181  0.02920023  0.02171713  0.00237726 -0.02815837 -0.05793441
 -0.08441164 -0.11843032 -0.1539344  -0.18211438 -0.20081826 -0.20591484
 -0.19663024 -0.18960734 -0.18559241 -0.18683003 -0.18767692 -0.18594104
 -0.1778717  -0.16001518 -0.13917388 -0.12056093 -0.09941223 -0.07713218
 -0.048967  ]
[-0.11898605 -0.09394587 -0.07029555 -0.06347833 -0.05047011 -0.06465328
 -0.0742764  -0.09132848 -0.1147949  -0.12879714 -0.13127892 -0.12168182
 -0.12173562 -0.13448097 -0.15668994 -0.18195231 -0.20473337 -0.20551713
 -0.18242513 -0.16484107 -0.13195927 -0.08941069 -0.06326258 -0.04315237
 -0.0075273   0.018403    0.05145668  0.0889611   0.12798744  0.16008958
  0.20022777  0.24888574  0.29944161  0.34951892  0.38133019  0.38385022
  0.35964331  0.30275384  0.24546206  0.17875472  0.12291607  0.07287002
  0.02808853 -0.01219074 -0.04921807 -0.09201051 -0.12022871 -0.16488607
 -0.20676702 -0.25050363 -0.28761047 -0.31749475 -0.34628436 -0.39395556
 -0.43208128 -0.44392237 -0.43105611 -0.42129984 -0.37553176 -0.29247382
 -0.19509581 -0.08841358  0.00623429  0.07747799  0.12132078  0.14600283
  0.16985503  0.1725738   0.16012704  0.14588569  0.11727788  0.07100049
  0.01305177 -0.04338558 -0.0793855  -0.09711198 -0.09921944 -0.10540856
 -0.10754257 -0.09974711 -0.10805122 -0.10528611 -0.09622809 -0.10978325
 -0.1310547  -0.15309726 -0.20682223 -0.24507576 -0.28624871 -0.3370319
 -0.38192427 -0.4127045  -0.41525969 -0.40940815 -0.40332904 -0.37635937
 -0.34866542 -0.31649467 -0.28313863 -0.24866107 -0.19634824 -0.14505573
 -0.09702924 -0.04827863 -0.00109609  0.04501133  0.07925779  0.11889586
  0.15847304  0.19739193  0.22757588  0.25525182  0.25191277  0.24400176
  0.23233204  0.21557774  0.19748168  0.18566495  0.17420633  0.15916446
  0.13004901  0.09566912  0.05792999  0.03280289  0.01771991 -0.0121526
 -0.03309397 -0.06216547 -0.09791052 -0.13044201 -0.1693313  -0.19839346
 -0.22531083 -0.25362474 -0.28381342 -0.30932617 -0.34221819 -0.38538709]
[ 0.00245623 -0.01493833 -0.04288154 -0.07188945 -0.09264802 -0.11770765
 -0.14716563 -0.16816597 -0.17986606 -0.19305001 -0.20457157 -0.20713335
 -0.21192257 -0.22167836 -0.22256853 -0.23151124 -0.2368198  -0.25180814
 -0.26248744 -0.26676568 -0.28028014 -0.2900672  -0.29587775 -0.29002449
 -0.27990916 -0.27654657 -0.27237168 -0.25315562 -0.24260233 -0.2363776
 -0.24033843 -0.24360505 -0.23785679 -0.23955373 -0.23916954 -0.24902394
 -0.25826055 -0.24426797 -0.21483405 -0.18677375 -0.1644938  -0.14993246
 -0.13474147 -0.12198315 -0.11518746 -0.10660709 -0.09693716 -0.08011095
 -0.05371024 -0.01984417 -0.0009787   0.00595827  0.00588916  0.00639225
  0.000937   -0.00579143 -0.01510609 -0.01770879 -0.01468977 -0.02445751
 -0.02556262 -0.02628575 -0.02040687 -0.02513086 -0.02764399 -0.01804417
 -0.00900662  0.00695418  0.02937677  0.04992484  0.05571862  0.05916581
  0.05972619  0.05609421  0.04936103  0.041946    0.02752228  0.00894667
 -0.00897693 -0.04206823 -0.08141035 -0.11850002 -0.15817231 -0.19765604
 -0.22523932 -0.24702199 -0.26696306 -0.28198072 -0.28464657 -0.27755669
 -0.26997769 -0.25350443 -0.23866159 -0.2258413  -0.21710196 -0.2022813
 -0.18609166 -0.15901347 -0.1297891  -0.10933989 -0.08971414 -0.06418377
 -0.05144881 -0.04107547 -0.03966349 -0.04163851 -0.02445986  0.00593409
  0.02634433  0.04398502  0.04484041  0.04523366  0.0365993   0.02079152
  0.01050992 -0.0199518  -0.05211255 -0.08272319 -0.12098015 -0.15924492
 -0.20274661 -0.24323018 -0.28377143 -0.33054513 -0.36792797 -0.3884244
 -0.39093527 -0.37999299 -0.36988479 -0.37311554 -0.36766511 -0.36113325
 -0.35250044 -0.32127663 -0.28194451 -0.23845653 -0.19158076 -0.1396701
 -0.1011726  -0.06942192 -0.04191771 -0.01938943  0.01166317  0.03770761
  0.04165568  0.03802744  0.02467815  0.01060449 -0.00972642 -0.0368901
 -0.05802683 -0.08308855 -0.10776346 -0.13789198 -0.16646403 -0.19550885
 -0.22851692 -0.26652038 -0.30701852 -0.32873076 -0.34664667 -0.34165806
 -0.32368001 -0.30234754 -0.27805287 -0.25467086 -0.23038547 -0.19980189
 -0.16439313 -0.15172535 -0.13292775 -0.0981127  -0.05609479 -0.01935349
  0.01770595  0.04592104  0.06046678  0.08418124  0.10435283  0.10597696
  0.11000419  0.10739465  0.11016788  0.11305611  0.12092648  0.11982859
  0.11082242  0.11911432  0.12144571]
[ 0.03460713  0.02333849  0.01185603  0.00065695 -0.0099956  -0.01998489
 -0.02938299 -0.03809315 -0.04486557 -0.0498648  -0.05192288 -0.05519855
 -0.05964496 -0.06396271 -0.06686427 -0.0704622  -0.07315087 -0.07591886
 -0.07787659 -0.07744199 -0.07626143 -0.07366933 -0.07044133 -0.06788936
 -0.06564208 -0.06396841 -0.06192496 -0.05991405 -0.06143901 -0.06300422
 -0.06524057 -0.06646369 -0.06673371 -0.06713764 -0.06749322 -0.06859656
 -0.06933605 -0.07031595 -0.07176206 -0.07272857 -0.07420369 -0.07700422
 -0.07963474 -0.08183567 -0.08351997 -0.08603408 -0.08699414 -0.08952229
 -0.09416451 -0.09821334 -0.10126317 -0.10453558 -0.10587583 -0.10477527
 -0.10380706 -0.10336498 -0.10070241 -0.09861238 -0.09617252 -0.09487734
 -0.09212337 -0.08903918 -0.08563121 -0.08129841 -0.07605183 -0.07079717
 -0.06558668 -0.06030566 -0.05779541 -0.05508866 -0.05212477 -0.04983453
 -0.04648558 -0.04326146 -0.04037607 -0.03552943 -0.03082521 -0.02602402
 -0.02106313 -0.01635901 -0.01104059 -0.00564671 -0.00035149  0.00530642
  0.01078248  0.01644104  0.02406399  0.02853096  0.03207713  0.03655119
  0.04006705  0.04344054  0.0454912   0.04592099  0.04524102  0.04657189
  0.04717629  0.04658785  0.04579829  0.04358057  0.04021322  0.03601897
  0.03117579  0.02882303  0.02612225  0.02346112  0.01913896  0.01374364
  0.0071157   0.00216544 -0.00322308 -0.01015192 -0.015161   -0.02048294
 -0.02611851 -0.03212264 -0.03577723 -0.03895218 -0.04238918 -0.04478213
 -0.04675829 -0.04935401 -0.05242127 -0.05285446 -0.05459547 -0.05711995
 -0.05930981 -0.05889879 -0.05718447 -0.05548077 -0.05362486 -0.0546464
 -0.05552502 -0.05678711 -0.05844513 -0.05802399 -0.05513551 -0.05193311
 -0.05040606 -0.0491059  -0.04887144 -0.04688565 -0.04378504 -0.04184138
 -0.04173331 -0.04129783 -0.03996617 -0.03701264 -0.03408681 -0.03008882
 -0.02764787 -0.02489402 -0.02238605 -0.02102198 -0.02044814 -0.02060337
 -0.02087145 -0.01858622 -0.01668429 -0.01500214 -0.01196484 -0.01008497
 -0.01061201 -0.01219179 -0.01257384 -0.01189623 -0.0118272  -0.01254041
 -0.01341046 -0.01462284 -0.01588372 -0.0165831  -0.01526698 -0.01413929
 -0.01372129 -0.0134939  -0.01242219 -0.01222541 -0.01216203 -0.01205944
 -0.01159645 -0.01101795 -0.00966483 -0.00765466 -0.00616018 -0.00369086
 -0.00134187  0.00240178  0.00703657  0.01181824  0.01560849  0.01950829
  0.02200984  0.02547257  0.02731473  0.02701994  0.0293389   0.03086343
  0.03169928  0.03139983  0.02885124  0.02569865  0.02382144  0.02266477
  0.02268033  0.02199852  0.02161014  0.02083052  0.02015792  0.02124324
  0.02319458  0.0246639   0.02398895  0.02306634  0.02218951  0.0211791
  0.02036127  0.01850058  0.01591303  0.01625794  0.01920184  0.02312393
  0.02821044  0.03201399  0.03652811  0.03907119  0.04062261  0.04327076
  0.04460717  0.04617329  0.04771425  0.04959458  0.05262875  0.05511187
  0.05716776  0.05780563  0.05743464  0.05379094  0.04793497  0.04285492
  0.03846977  0.0346257   0.03007936  0.02679951  0.02431783  0.02435546
  0.02355563  0.02340709  0.02266135  0.02393368  0.02445103  0.0245129
  0.02460289  0.02335378  0.02420744  0.02572875  0.02846526  0.0297645
  0.03219187  0.03404102  0.03591976  0.03736347  0.04079406  0.0433544
  0.04658576  0.0480699   0.04791337  0.04698791  0.04638815  0.04669354
  0.04809766  0.05014441  0.05324352  0.05339536  0.05154103  0.04882582
  0.0463976   0.04397621  0.04063988  0.03665832  0.03136022  0.02736596
  0.023224    0.0195203   0.01506507  0.01237846  0.00923593  0.0062477
  0.00427254  0.00419882  0.00429275  0.00429783  0.00446361  0.00390848
  0.00216976  0.00175454  0.00258832  0.00526913  0.00797601  0.01071559
  0.01288393  0.01296473  0.01447875  0.01540585  0.01581386  0.0160102
  0.01509043  0.01303017  0.01042168  0.0096655   0.00904009  0.00729974
  0.00450358  0.00283279  0.0017963   0.00029828 -0.0007849   0.00011088
  0.00362442  0.00776557  0.01399334  0.02261219  0.0311926   0.04173953
  0.05059664  0.05943718  0.06863747]
