[-0.9138068  -0.63183576 -0.49390045 -0.53020352 -0.69572949 -0.83738041]
[0.81665134 0.83902091 0.84046239 0.82816446 0.855452   0.88151526]
[ 0.36932334  0.20961511  0.11233438 -0.04768131 -0.15892564 -0.15098146
 -0.10468034  0.02051262  0.15288691  0.17757118  0.14845197  0.06627335
  0.05077992  0.15425341  0.10468609 -0.03284471  0.00080357  0.01340728
  0.01978398 -0.00197216  0.01614199]
[ 0.08496783 -0.02457129 -0.11032062 -0.14855038 -0.22755346 -0.21054578
 -0.23436359 -0.24792367 -0.25618005 -0.2159078  -0.13651174  0.06695852
  0.23796691  0.33585733  0.37436473  0.36998665  0.32075369  0.21242
  0.0552279  -0.03431138 -0.08537678 -0.06102982  0.0248814   0.09029724
  0.14971036  0.15752439  0.129502    0.06915352 -0.04118294 -0.02936491
  0.07549264  0.17307638  0.24740236  0.33587489  0.36243483  0.28814271
  0.24328153  0.18757747  0.2143407   0.23805773  0.1762832   0.06320588
 -0.05818878 -0.12132812 -0.23079561 -0.19984587 -0.17394763 -0.10333235
 -0.06968487 -0.05832879 -0.0007924   0.02813938]
[-1.18889354e-01 -1.00609377e-01 -7.29737654e-02 -7.99377784e-02
 -6.00666441e-02 -2.24968847e-02  1.50349997e-02  1.24203250e-01
  2.78226554e-01  4.05763090e-01  4.47020680e-01  3.90109122e-01
  2.78229773e-01  1.88001290e-01  1.23519823e-01  9.71297398e-02
  1.00655764e-01  1.36458561e-01  1.84862614e-01  2.53870487e-01
  2.92638391e-01  2.93243974e-01  3.01676095e-01  3.02156001e-01
  3.11532468e-01  3.54035646e-01  4.50674146e-01  5.21656334e-01
  5.68922579e-01  5.97564936e-01  5.60120702e-01  5.37998557e-01
  4.85797375e-01  4.44180012e-01  3.88889372e-01  3.34537476e-01
  2.69465029e-01  1.89715564e-01  3.95308733e-02 -6.90373704e-02
 -1.20414913e-01 -1.48969248e-01 -1.57604620e-01 -8.86853710e-02
  4.54955138e-02  2.05528006e-01  3.30018193e-01  3.90155286e-01
  3.83100986e-01  3.27330410e-01  2.37634569e-01  1.70257777e-01
  1.14420705e-01  5.94510138e-02  6.53388724e-02  6.61536232e-02
  6.90699965e-02  5.15648313e-02  2.52139550e-02 -1.42880818e-02
 -4.01830673e-02 -3.54390256e-02 -3.61888073e-02  2.64688773e-04
  6.21608980e-02  1.80834234e-01  3.20280343e-01  5.09638727e-01
  6.83824301e-01  8.70468557e-01  1.10858691e+00  1.38988686e+00]
[ 4.70026255e-01  3.94951314e-01  3.20411980e-01  2.40719721e-01
  1.78466275e-01  1.44599482e-01  1.17168315e-01  6.95597678e-02
  4.56742570e-02  6.28226623e-02  8.11598524e-02  7.34867379e-02
  5.61391115e-02  4.69558276e-02  6.19105436e-02  1.07101038e-01
  1.71134278e-01  2.24165469e-01  2.90704459e-01  3.78061056e-01
  4.62909788e-01  5.56917131e-01  6.46620810e-01  7.15550721e-01
  8.03149283e-01  8.61326575e-01  8.79236639e-01  8.56718838e-01
  8.21954250e-01  7.64202535e-01  6.80674255e-01  5.75029910e-01
  4.66092348e-01  3.56786251e-01  2.31945649e-01  1.02771088e-01
 -1.32341068e-02 -1.34661198e-01 -2.68066019e-01 -3.96299750e-01
 -5.18107474e-01 -6.60655022e-01 -8.18589568e-01 -9.90061998e-01
 -1.16599047e+00 -1.32133591e+00 -1.46481431e+00 -1.58923602e+00
 -1.62374091e+00 -1.53694797e+00 -1.42649913e+00 -1.29738247e+00
 -1.18773603e+00 -1.06267512e+00 -9.30435538e-01 -7.85835624e-01
 -6.60090089e-01 -5.49065232e-01 -4.19253230e-01 -3.00432444e-01
 -2.00975776e-01 -1.16430238e-01 -5.58740571e-02 -3.82399862e-03
  3.84966359e-02  8.71671587e-02  1.29653513e-01  1.28698796e-01
  8.00149813e-02  2.41765156e-02 -5.23881651e-02 -1.38951749e-01
 -2.21393585e-01 -2.89251745e-01 -3.77596527e-01 -4.83699113e-01
 -5.87460876e-01 -6.93193793e-01 -8.29347372e-01 -9.45645154e-01
 -1.07085228e+00 -1.17117965e+00 -1.26046216e+00 -1.33235478e+00
 -1.36889434e+00 -1.39252853e+00 -1.33905327e+00 -1.21144593e+00
 -1.05689061e+00 -8.45643103e-01 -6.60882175e-01 -4.92477447e-01
 -3.36958855e-01 -2.09745929e-01 -9.73420069e-02 -1.17748615e-03
  7.77125955e-02  1.44691870e-01  2.30657697e-01  3.05066198e-01
  3.65620852e-01  4.25230503e-01  4.85722721e-01]
[-0.31676814 -0.34622696 -0.37221193 -0.39355716 -0.41715878 -0.44081369
 -0.46014377 -0.47174621 -0.47578412 -0.47757438 -0.47966555 -0.4760108
 -0.46822661 -0.45857844 -0.45063877 -0.44648549 -0.43977234 -0.44110021
 -0.45200354 -0.46336451 -0.47143289 -0.48277503 -0.50072098 -0.50965756
 -0.51665175 -0.52578366 -0.53395677 -0.53943235 -0.54559773 -0.55167913
 -0.55879116 -0.56841469 -0.5821386  -0.59374243 -0.60262305 -0.6070267
 -0.60884309 -0.60392135 -0.60113698 -0.60066468 -0.60042089 -0.59794891
 -0.59523052 -0.59266078 -0.58866197 -0.57900369 -0.57047123 -0.55540574
 -0.53974915 -0.52435774 -0.5021919  -0.47907215 -0.4612059  -0.4483358
 -0.42821684 -0.39637005 -0.36001268 -0.32148808 -0.28163517 -0.23373616
 -0.18880963 -0.13943213 -0.08996022 -0.03632994  0.01877408  0.07740592
  0.1403098   0.20536953  0.26947954  0.32929063  0.38134465  0.43211198
  0.48517397  0.5364303   0.58799148  0.64978033  0.71321917  0.77181083
  0.82514739  0.87852043  0.91928244  0.94869393  0.97101706  0.98305869
  0.99058926  0.996975    1.00249231  1.00065601  0.98862904  0.97226423
  0.94301993  0.90793592  0.8762843   0.8354376   0.79096633  0.74116951
  0.69109273  0.64149678  0.58733863  0.52846998  0.46467003  0.40245354
  0.34416732]
[-0.68910843 -0.80189598 -0.91266066 -1.02888632 -1.11034012 -1.19976699
 -1.27657855 -1.3062582  -1.33214283 -1.30974495 -1.24787223 -1.15886879
 -1.05148339 -0.90760338 -0.77421564 -0.70140672 -0.64523929 -0.59187418
 -0.53105617 -0.4745189  -0.4078308  -0.32150051 -0.25551543 -0.18075064
 -0.08859243 -0.00385663  0.05981397  0.13535526  0.1636571   0.18712179
  0.21591385  0.30474815  0.38871312  0.46034041  0.51906645  0.59253591
  0.68340266  0.77010292  0.87429821  1.00298786  1.12802804  1.20517766
  1.27089965  1.32658541  1.35033476  1.37987697  1.40284693  1.41296184
  1.42030489  1.40242875  1.33322668  1.25323272  1.17060626  1.05151153
  0.91851032  0.77649659  0.66480333  0.60795969  0.55789804  0.56112027
  0.58190459  0.62075269  0.63754368  0.63671559  0.61043519  0.59688759
  0.56615067  0.57086998  0.55568737  0.49398157  0.40040255  0.35847849
  0.35136494  0.37006429  0.40214026  0.40590578  0.42333785  0.43001083
  0.35838923  0.25726372  0.14800423  0.04869609 -0.04190343 -0.09709915
 -0.13994984 -0.13453561 -0.11872884 -0.12769097 -0.17507432 -0.17350475
 -0.14757958 -0.14292397 -0.13884501 -0.17327385 -0.24937092 -0.33796746
 -0.40067819 -0.43139187 -0.37946761 -0.26925474 -0.14743088  0.01769581
  0.20361352]
[ 0.82321221  0.80629152  0.79875302  0.77187604  0.70094907  0.60613036
  0.5305196   0.45965773  0.3633329   0.32587394  0.27924719  0.20939538
  0.1457912   0.09988938  0.08329967  0.08877968  0.0862252   0.07812167
  0.04994407  0.05346167  0.07280568  0.11462677  0.16230695  0.24445124
  0.38436592  0.52198356  0.6433441   0.74808455  0.79478365  0.84253234
  0.87473041  0.88262719  0.83888507  0.76484042  0.65265709  0.52052456
  0.39216062  0.26146394  0.14838496  0.01912553 -0.11147561 -0.21707988
 -0.3235988  -0.41717872 -0.49995509 -0.59974337 -0.6918025  -0.77951616
 -0.87365115 -0.97555733 -1.09872913 -1.19690442 -1.29144609 -1.35270107
 -1.39329755 -1.39334798 -1.34565246 -1.27070928 -1.16419709 -1.06973898
 -0.98456818 -0.89086723 -0.78011948 -0.6748988  -0.58119828 -0.47980887
 -0.37103465 -0.25316626 -0.14314851 -0.07270642 -0.01690475  0.03364697
  0.0773844   0.05768145  0.02342336 -0.01837967 -0.0740599  -0.13129841
 -0.21669087 -0.31766626 -0.44246137 -0.57677794 -0.70325053 -0.82024896
 -0.92447066 -1.0472374  -1.12794018 -1.2278949  -1.274472   -1.30334842
 -1.31359124 -1.28765857 -1.1994592  -1.08053482 -0.9654547  -0.83428848
 -0.7028383  -0.59728265 -0.49041721 -0.38165289 -0.28352576 -0.18874063
 -0.09720624 -0.01609864  0.07939018  0.17348281  0.29196611  0.3974843
  0.50102293  0.61974418]
[-0.23727605 -0.33279648 -0.4254455  -0.48880121 -0.57323873 -0.64277273
 -0.71222907 -0.74267036 -0.72757155 -0.70177644 -0.6556617  -0.59269339
 -0.49149758 -0.46874309 -0.43184584 -0.39466661 -0.33159029 -0.26521266
 -0.22894439 -0.25560769 -0.25321719 -0.25180051 -0.24742924 -0.24188355
 -0.21571697 -0.19613448 -0.11711001 -0.04888432 -0.01153577  0.03234258
  0.09786208  0.18122688  0.29609907  0.41980571  0.52633065  0.60831684
  0.6295464   0.65695727  0.69212896  0.7565636   0.81752241  0.87766159
  0.94976497  1.02905643  1.04985166  1.05567896  1.07307589  1.09172428
  1.13822067  1.19282401  1.26619709  1.32499754  1.35790265  1.33818209
  1.2869854   1.24537361  1.16961265  1.11140394  1.03861439  1.01796579
  0.98923981  0.9443599   0.89925623  0.8821364   0.80052662  0.75172818
  0.67106682  0.55433047  0.42692903  0.27059546  0.14086047  0.03030982
 -0.01379985 -0.04202042 -0.07451087 -0.06350012 -0.05522071 -0.09681712
 -0.17985599 -0.20593391 -0.2216409  -0.18701956 -0.15658753 -0.20898804
 -0.25880799 -0.37267396 -0.52503043 -0.66217428 -0.71733892 -0.77942473
 -0.79825479 -0.83444011 -0.80956423 -0.79762924 -0.78138345 -0.79984522
 -0.81124842 -0.84450406 -0.86723751 -0.8368122  -0.78245097 -0.69030088
 -0.58110946 -0.44529244 -0.25303012 -0.09432699  0.13558301  0.37054068
  0.60456067  0.82383722]
[ 0.29127964  0.25826582  0.2234713   0.18628582  0.15985735  0.1238031
  0.08340598  0.03815608 -0.01060794 -0.06114656 -0.13857953 -0.21347933
 -0.29172039 -0.37947744 -0.4853211  -0.5918929  -0.70135272 -0.802122
 -0.91756636 -0.99177182 -1.03769922 -1.0449214  -1.02703166 -1.02941835
 -1.00369298 -0.96242249 -0.90995353 -0.85528505 -0.80249971 -0.72544825
 -0.65505725 -0.58147264 -0.52358925 -0.48409852 -0.45045829 -0.42476404
 -0.37179378 -0.33169684 -0.30667412 -0.31910717 -0.35229307 -0.39933047
 -0.41932371 -0.42651299 -0.43020707 -0.46047688 -0.50363362 -0.55588061
 -0.61220473 -0.6572513  -0.70406222 -0.75158256 -0.79837894 -0.84117758
 -0.88813847 -0.9130916  -0.91630149 -0.89699459 -0.86745816 -0.8122049
 -0.74621367 -0.6689297  -0.60191786 -0.53294271 -0.45434004 -0.37692004
 -0.28501508 -0.19014651 -0.09424564 -0.00916971  0.0837793   0.16711827
  0.23406142  0.29777107  0.37144986  0.45255706  0.5357511   0.58665437
  0.61966741  0.62213117  0.59873104  0.57743883  0.56370801  0.54670841
  0.54044944  0.53132159  0.52246088  0.49362999  0.46545443  0.43774173
  0.39976326  0.36114934  0.32522851  0.28328761  0.2501983   0.23529279
  0.21157719  0.20785865  0.21905047  0.23163463  0.23972724  0.2611753
  0.3099376   0.36844987  0.40914705  0.42050138  0.41232422  0.39423051
  0.35353041  0.31132701]
[-0.69756263 -0.78501588 -0.86821389 -0.95086527 -0.99150592 -1.05382872
 -1.09207344 -1.1485039  -1.188887   -1.19750154 -1.20819831 -1.17993629
 -1.16269505 -1.15263832 -1.10071123 -1.02714872 -0.9666881  -0.88388062
 -0.80503929 -0.68861538 -0.59540039 -0.53239    -0.48635569 -0.48453707
 -0.45540383 -0.439062   -0.44043088 -0.42083508 -0.40648744 -0.40822124
 -0.38811231 -0.37487081 -0.38210195 -0.33640862 -0.31098405 -0.34003878
 -0.38498604 -0.43785214 -0.50621331 -0.56241417 -0.63395607 -0.68846995
 -0.69870126 -0.70629168 -0.70295763 -0.71532136 -0.69846213 -0.66036314
 -0.64371824 -0.6117959  -0.61957222 -0.63875395 -0.65236014 -0.65049338
 -0.66870052 -0.67387486 -0.68376946 -0.67045826 -0.66689008 -0.66357923
 -0.66745549 -0.70278144 -0.70559055 -0.7039575  -0.66714245 -0.58962709
 -0.53292292 -0.48637581 -0.42805296 -0.37579271 -0.30660173 -0.22563973
 -0.17335083 -0.09996954 -0.01032043  0.0738857   0.13608536  0.22291921
  0.30231959  0.41169006  0.48641869  0.58740926  0.68266314  0.75923967
  0.87317371  0.99615103  1.07772481  1.12386215  1.2032305   1.30363345
  1.40550888  1.56133521  1.68678212  1.77015567  1.80050623  1.74764132
  1.68082392  1.60342336  1.50390315  1.37335789  1.20404637  1.07862198
  0.96121621  0.85510981  0.81015503  0.77072734  0.70230001  0.63074046
  0.54739302  0.44996616  0.40874872  0.32032517  0.22111236  0.10072017
  0.00403603 -0.08687801 -0.12314768 -0.12005292 -0.13222305 -0.14811693]
[ 0.09463791  0.18648769  0.29487869  0.37989044  0.44968021  0.51588202
  0.5692423   0.61632699  0.62641084  0.65328479  0.66243517  0.67416614
  0.71454072  0.73588091  0.75710946  0.77663481  0.78404754  0.7611807
  0.69021922  0.6236006   0.55832851  0.47518307  0.38590243  0.31471232
  0.24446733  0.15872115  0.05650653 -0.05145651 -0.13332839 -0.22246563
 -0.31131813 -0.38175324 -0.46592051 -0.53340143 -0.5966813  -0.65771312
 -0.72320479 -0.79667521 -0.88396996 -0.94407445 -0.98658115 -1.01942313
 -1.05909073 -1.06342196 -1.06445551 -1.04637706 -1.02446353 -1.00535202
 -0.95590407 -0.87158984 -0.79554057 -0.71875733 -0.64066982 -0.57633197
 -0.5153963  -0.4496839  -0.38398081 -0.34107789 -0.29147559 -0.25785136
 -0.21281087 -0.17466539 -0.13836521 -0.13954493 -0.11889737 -0.12136409
 -0.11846314 -0.14324141 -0.20095515 -0.27286667 -0.32432309 -0.41014478
 -0.49479935 -0.58180696 -0.65008891 -0.74654591 -0.84162784 -0.92752558
 -0.98820502 -1.06892908 -1.15130568 -1.18825555 -1.21752131 -1.19522774
 -1.13256693 -1.04470849 -0.95251566 -0.85387635 -0.76432449 -0.64431608
 -0.53958458 -0.44600275 -0.36149496 -0.29087019 -0.22847508 -0.14891596
 -0.05281222  0.02167797  0.10921522  0.18763568  0.26158622  0.34153396
  0.41360846  0.51965874  0.63288128  0.7387715   0.79791307  0.85380375
  0.86747009  0.83140838  0.7529394   0.68910927  0.62513649  0.56079757
  0.4748756   0.40428138  0.36307243  0.28203884  0.19782996  0.10142858]
[-3.96426320e-01 -3.40115815e-01 -3.41003746e-01 -3.35707009e-01
 -3.34435940e-01 -3.22726429e-01 -3.18435162e-01 -2.87333667e-01
 -2.54333586e-01 -2.00067505e-01 -1.11297607e-01 -1.32914679e-02
  7.66898319e-02  1.83636323e-01  2.91262954e-01  3.95724356e-01
  5.02088487e-01  6.16944134e-01  7.01339424e-01  7.68564343e-01
  8.65096688e-01  9.91839290e-01  1.09992206e+00  1.19463670e+00
  1.27485681e+00  1.37814748e+00  1.46798825e+00  1.54967678e+00
  1.61031866e+00  1.62794662e+00  1.61119998e+00  1.56200016e+00
  1.52397203e+00  1.47114742e+00  1.41596293e+00  1.35548115e+00
  1.27156079e+00  1.17712259e+00  1.10738301e+00  1.02153826e+00
  9.29802954e-01  8.44870090e-01  7.45881736e-01  6.62669957e-01
  5.69872379e-01  4.97158766e-01  4.32427198e-01  3.69691700e-01
  3.28396559e-01  2.70015448e-01  1.74303353e-01  9.37044844e-02
  5.32871224e-02 -1.96271278e-02 -7.10894093e-02 -1.19448863e-01
 -1.65036127e-01 -2.38402084e-01 -3.02822977e-01 -3.51075888e-01
 -3.73478264e-01 -3.70034009e-01 -3.46572131e-01 -3.51315677e-01
 -3.84582430e-01 -3.81463856e-01 -4.01587933e-01 -3.94642234e-01
 -3.65034848e-01 -3.44597071e-01 -3.10471714e-01 -2.57038504e-01
 -1.74409434e-01 -1.37929991e-01 -9.63485613e-02 -6.36221319e-02
  5.27122465e-04  5.40293865e-02  8.33074227e-02  4.80001122e-02
 -5.16422139e-03 -4.96982597e-02 -8.99454206e-02 -1.17244549e-01
 -1.46796137e-01 -1.41491354e-01 -1.24919057e-01 -1.11187913e-01
 -1.03000447e-01 -9.75871161e-02 -7.06368536e-02 -3.21529508e-02
 -5.88002196e-03  4.01063934e-02  6.43729344e-02  1.04065277e-01
  1.12764001e-01  1.04627244e-01  8.08452293e-02  5.06525375e-02
  2.27560848e-02 -4.59247222e-03 -1.37374597e-02 -3.30633074e-02
 -4.54789847e-02 -9.46791992e-02 -1.64599642e-01 -2.60313064e-01
 -3.92350525e-01 -5.14650643e-01 -6.18516564e-01 -6.93757832e-01
 -6.97126687e-01 -7.01421082e-01 -6.91260338e-01 -6.95619941e-01
 -6.94778681e-01 -7.07056284e-01 -6.89850152e-01 -6.71637595e-01]
[-0.53829956 -0.51437885 -0.4949789  -0.50913334 -0.61146408 -0.64699209
 -0.67320085 -0.73087931 -0.8231951  -0.91995555 -1.0232774  -1.07028663
 -1.14960027 -1.25957704 -1.34900916 -1.39369345 -1.39709389 -1.34178531
 -1.24545062 -1.27023089 -1.30981469 -1.3157239  -1.30340242 -1.26400435
 -1.23370516 -1.20891953 -1.23806155 -1.2704953  -1.24232173 -1.14155924
 -0.97417414 -0.8342039  -0.71978229 -0.63249052 -0.63310486 -0.63675296
 -0.61408991 -0.55892545 -0.49591306 -0.39297399 -0.35496923 -0.29330045
 -0.23230076 -0.15602098  0.00810934  0.21564759  0.41340038  0.6024875
  0.75078291  0.83983111  0.89156669  0.95192438  1.0325458   1.13736629
  1.23430502  1.2952435   1.38310349  1.48312581  1.55453777  1.56267834
  1.57099235  1.62451661  1.62028909  1.61433733  1.65896499  1.62713158
  1.49125373  1.41579175  1.26104355  1.13154852  1.0083406   0.9142229
  0.8599996   0.83585298  0.81202525  0.77677214  0.74281561  0.71478623
  0.60182053  0.42688727  0.31972909  0.29519522  0.2714411   0.21892855
  0.18672183  0.16775335  0.12994392  0.14295955  0.08274461  0.02394253
 -0.00502946  0.00244678 -0.0508968  -0.12725069 -0.28388619 -0.35910073
 -0.46313083 -0.49152917 -0.53965777 -0.63224077 -0.78970999 -0.94994366
 -1.05961144 -1.10652184 -1.11437964 -1.10786724 -1.09835684 -1.14150608
 -1.20748234 -1.22508872 -1.1802032  -1.12808239 -1.00328517 -0.84463137
 -0.66691959 -0.43794811 -0.19802581  0.07291467  0.42410785  0.73240316]
[ 0.03983553  0.03073865  0.01431768 -0.01000301 -0.02861178 -0.03977466
 -0.05394822 -0.05542344 -0.06494083 -0.07471273 -0.08043461 -0.08285578
 -0.09087718 -0.10678867 -0.12110385 -0.1407323  -0.14376403 -0.14867079
 -0.15436465 -0.14069834 -0.12079024 -0.11099026 -0.09418707 -0.06595738
 -0.03871596 -0.02612516 -0.02241139 -0.01279221  0.00144074  0.0146545
  0.02192717  0.03539925  0.04281289  0.0526775   0.06730206  0.08793391
  0.1106118   0.12729086  0.14586771  0.15625587  0.16054028  0.16447549
  0.15809615  0.14967087  0.13323705  0.12182889  0.10941897  0.09837979
  0.08723865  0.07034936  0.05482521  0.04201625  0.02041539 -0.01388136
 -0.05098553 -0.08660851 -0.12538442 -0.16897839 -0.21212628 -0.24679105
 -0.2638754  -0.26342189 -0.24463637 -0.2238794  -0.20925508 -0.18789259
 -0.17523453 -0.16542938 -0.15255712 -0.13867083 -0.11950629 -0.1048912
 -0.08625957 -0.07008903 -0.05108764 -0.03504064 -0.02588732 -0.0203756
 -0.02063221 -0.0231134  -0.03934528 -0.05859083 -0.08599132 -0.11403044
 -0.15797365 -0.20069447 -0.23529017 -0.25538397 -0.25683489 -0.24663478
 -0.23782979 -0.23317342 -0.24183664 -0.24807957 -0.25631198 -0.28220814
 -0.30561236 -0.33151352 -0.33989078 -0.34103763 -0.32729289 -0.30314887
 -0.27877426 -0.2447862  -0.2155195  -0.18348031 -0.1514044  -0.11616735
 -0.08340749 -0.05955857 -0.04395122 -0.02609038 -0.00243059  0.02009378
  0.05174518  0.09075701  0.13197123  0.16350842  0.17678703  0.18151601
  0.15513422  0.13433251  0.10932062  0.0792097   0.05321795  0.02290383
 -0.0099574  -0.03838937 -0.06246413 -0.07696421 -0.07787777 -0.07927097
 -0.08026403 -0.08362076 -0.09013744 -0.09042324 -0.09710972 -0.09884512
 -0.10396139 -0.11034253 -0.10629506 -0.10075147 -0.09566928 -0.08663306
 -0.08996383 -0.08585314 -0.07685303 -0.06119016 -0.04672171 -0.04852372
 -0.05893404 -0.07031879 -0.07106805 -0.06207253 -0.04827215 -0.03624425
 -0.03409303 -0.03550209 -0.04389407 -0.05699123 -0.07256838 -0.09661383
 -0.11581255 -0.14203595 -0.17919905 -0.21500881]
[ 0.00628825 -0.01041093 -0.03456628 -0.06039453 -0.07935633 -0.10056194
 -0.12313253 -0.1421306  -0.14721902 -0.15514556 -0.16574636 -0.16828018
 -0.17384811 -0.18333939 -0.18786938 -0.20160469 -0.21541455 -0.23876227
 -0.25503904 -0.26661706 -0.2864913  -0.30383447 -0.31368455 -0.31083876
 -0.30182031 -0.299687   -0.29250243 -0.27060544 -0.25528857 -0.24440098
 -0.24793673 -0.25205815 -0.24729794 -0.24911886 -0.24701682 -0.25446585
 -0.25657192 -0.23726037 -0.20576002 -0.17736998 -0.15521084 -0.14182165
 -0.12872185 -0.11771534 -0.11353901 -0.10575439 -0.09378931 -0.0797802
 -0.05165387 -0.02187652 -0.00190607  0.00087068  0.00366474  0.00598254
  0.00346297 -0.00164297 -0.0085509  -0.00562098 -0.00200316 -0.01189072
 -0.01470993 -0.02023536 -0.02181685 -0.02819217 -0.02354557 -0.00588745
  0.00683974  0.02620688  0.05325487  0.07400647  0.07839099  0.07825737
  0.0745304   0.06711243  0.05748757  0.04693532  0.03324537  0.01400093
 -0.00599296 -0.03441247 -0.06968399 -0.10489805 -0.14147452 -0.17830554
 -0.20225704 -0.22347368 -0.24685454 -0.25892463 -0.2637378  -0.25778002
 -0.25306955 -0.24492887 -0.23656358 -0.23435557 -0.22790235 -0.21396765
 -0.1963298  -0.17402947 -0.15030111 -0.13462771 -0.11951184 -0.09966157
 -0.08683823 -0.0736605  -0.06812081 -0.06402158 -0.04273802 -0.00986702
  0.01411249  0.02969633  0.0342633   0.03191432  0.02455747  0.01029061
  0.00359835 -0.02493302 -0.05612576 -0.08921751 -0.1250301  -0.16553521
 -0.20669134 -0.24505451 -0.28233558 -0.32486469 -0.35918084 -0.37899694
 -0.38064024 -0.37042239 -0.35900453 -0.35809481 -0.34838861 -0.34055561
 -0.32739875 -0.30267626 -0.2646991  -0.22678472 -0.18728139 -0.14459731
 -0.10531835 -0.07484367 -0.04954101 -0.02593529  0.00193107  0.02408436
  0.0275901   0.0267769   0.02005645  0.01012166 -0.00599833 -0.03246734
 -0.05223896 -0.07432912 -0.09275024 -0.11109393 -0.1283461  -0.15181306
 -0.18350364 -0.22242832 -0.26691735 -0.29312143 -0.31505346 -0.31500149
 -0.30382192 -0.28842878 -0.27013832 -0.24745965 -0.22803788 -0.20273387
 -0.16830696 -0.15329379 -0.13157193 -0.09627678 -0.05730565 -0.02661813
  0.00816603  0.03296355  0.04724755  0.06658275  0.07804397  0.07377996
  0.06923395  0.064514    0.0657048   0.06622514  0.07374747  0.07013182
  0.05944107  0.06246666  0.06466138]
[-0.10487049 -0.11607268 -0.12765238 -0.13958748 -0.14977127 -0.15954514
 -0.16737558 -0.17703751 -0.18865615 -0.1977818  -0.20147292 -0.19971296
 -0.1932019  -0.18414105 -0.17463991 -0.15999271 -0.14442345 -0.13138348
 -0.11613168 -0.10290445 -0.08625589 -0.06534396 -0.04501015 -0.0281487
 -0.01644368 -0.00806265 -0.00316164 -0.00112515 -0.00708332 -0.0098249
 -0.01550773 -0.02301953 -0.03170338 -0.03591909 -0.04307537 -0.05270162
 -0.0619011  -0.06729215 -0.07757888 -0.08530501 -0.08833745 -0.09051487
 -0.08950897 -0.08938897 -0.08220313 -0.0800802  -0.07591861 -0.07604679
 -0.0791113  -0.07889186 -0.07239073 -0.06163873 -0.05414885 -0.05154912
 -0.0510972  -0.04829733 -0.05034296 -0.05241194 -0.05667393 -0.05495493
 -0.04880617 -0.0416291  -0.03312561 -0.02810021 -0.02586561 -0.02667222
 -0.02408676 -0.02413902 -0.02443252 -0.02547466 -0.02542436 -0.02025611
 -0.01298541 -0.00401369  0.00719714  0.01794281  0.02371657  0.03132645
  0.03913769  0.04324691  0.04272945  0.04536155  0.05241591  0.05508207
  0.05843806  0.0657689   0.07729319  0.08663241  0.09390976  0.09725461
  0.10022527  0.10368319  0.10778555  0.11014781  0.10814618  0.10708794
  0.10532332  0.09756291  0.08784995  0.0799932   0.07120766  0.06307568
  0.05727958  0.05051569  0.04354471  0.03741261  0.03232985  0.02456387
  0.01875553  0.01684611  0.01485111  0.01339524  0.01267536  0.01139782
  0.00791781  0.00943211  0.00781467  0.00716585  0.00956908  0.00913275
  0.00436136  0.00062144 -0.00058306  0.00157638  0.00550777  0.01181054
  0.01787691  0.02065868  0.02614243  0.0330278   0.04055499  0.0477514
  0.05425796  0.05881727  0.06374955  0.07160828  0.07508723  0.07570625
  0.07733367  0.08248056  0.09018377  0.09887784  0.11127728  0.12189207
  0.13558359  0.14837313  0.15666331  0.16218323  0.16023511  0.15377818
  0.1449105   0.13037899  0.11741921  0.10588591  0.09469566  0.08499458
  0.08178511  0.0771907   0.07358485  0.06881511  0.06465027  0.06147555
  0.06212589  0.06559204  0.06431566  0.05948738  0.0567519   0.04824613
  0.04280492  0.03819344  0.03117208  0.02577281  0.02690903  0.0272762
  0.02667053  0.02751637  0.0304842   0.03375164  0.03892953  0.04428096
  0.04790814  0.0543424   0.06048542  0.0644733   0.06622775  0.06866632
  0.06081076  0.05282602  0.04450865  0.03339101  0.02589336  0.01827566
  0.01012865  0.00639129  0.00308096 -0.00152773 -0.00419655 -0.00761624
 -0.01012139 -0.01525959 -0.01916023 -0.02404835 -0.02508403 -0.0250827
 -0.02336037 -0.02043568 -0.01087317 -0.0004966   0.00918132  0.01498152]
[-0.00846345 -0.01814198 -0.02724455 -0.03435439 -0.04274913 -0.05151225
 -0.0588387  -0.06732067 -0.07553429 -0.08347328 -0.09015083 -0.09594463
 -0.10175431 -0.10690338 -0.11122666 -0.11455475 -0.11654852 -0.12022893
 -0.12388611 -0.12482741 -0.1277703  -0.13151138 -0.13373001 -0.13306943
 -0.13298957 -0.13175015 -0.13050236 -0.1288494  -0.12472227 -0.11918505
 -0.11499074 -0.11023729 -0.10624932 -0.09993423 -0.09252259 -0.08364972
 -0.07599942 -0.06893696 -0.06235239 -0.0547553  -0.04935449 -0.04314404
 -0.03690018 -0.03164789 -0.02628995 -0.0211451  -0.01706101 -0.01222089
 -0.00746438 -0.0029854   0.000598    0.005606    0.00899062  0.00794525
  0.00442971 -0.00086474 -0.00692337 -0.01513782 -0.02450121 -0.03075252
 -0.03616044 -0.03949628 -0.04615251 -0.05320518 -0.05976129 -0.06562155
 -0.07157443 -0.07798414 -0.08503146 -0.09206022 -0.10148723 -0.10703535
 -0.11107266 -0.1169345  -0.12176286 -0.12333792 -0.12549359 -0.12837453
 -0.12913786 -0.12765822 -0.1277134  -0.12772323 -0.12732996 -0.12537593
 -0.12437031 -0.12313084 -0.12061448 -0.1174835  -0.1105345  -0.10421824
 -0.09848123 -0.0946392  -0.09147257 -0.09136987 -0.09189805 -0.08945858
 -0.08746898 -0.0835619  -0.07985645 -0.07689235 -0.07522482 -0.07305799
 -0.07154749 -0.06913553 -0.06765391 -0.06664615 -0.06581589 -0.06163811
 -0.05792959 -0.05371443 -0.05129372 -0.04867762 -0.04505621 -0.04095826
 -0.03526077 -0.02967305 -0.02550819 -0.02344185 -0.01884281 -0.01411817
 -0.00876232 -0.00522202 -0.0036929  -0.00138887  0.00179702  0.00329967
  0.00748148  0.01065008  0.01420881  0.01866071  0.02278262  0.02607251
  0.03069879  0.03131766  0.0309407   0.02984793  0.03001947  0.03034728
  0.03109288  0.03280525  0.0350743   0.0362016   0.03677981  0.03775412
  0.0410956   0.04218458  0.04413725  0.0447741   0.04706119  0.04892064
  0.05071409  0.05303431  0.05268465  0.05302199  0.05199413  0.04815638
  0.04739435  0.0459835   0.04595641  0.04636706  0.0462402   0.0462017
  0.04409244  0.04460822  0.04765614  0.05008961  0.05423176  0.05724524
  0.0596156   0.06356727  0.06653621  0.07157306  0.07465582  0.07762037
  0.07972316  0.07875664  0.07993652  0.07897415  0.07584906  0.07073133
  0.06533734  0.05913359  0.05345905  0.0463568   0.04199906  0.0386949
  0.03453341  0.03309506  0.03152326  0.03254679  0.03286357  0.03409892
  0.03544733  0.03386994  0.0325528   0.03189466  0.03190654  0.03133051
  0.03054872  0.02994801  0.03038457  0.03102784  0.02986763  0.02822251
  0.03026649  0.0343832   0.03698982  0.03785475  0.03736211  0.03353271
  0.02981651  0.0282511   0.02554781  0.0257299   0.02893018  0.03290947
  0.03809147  0.04351256  0.04953669  0.05389518  0.06106949  0.06641162
  0.07063563  0.07331205  0.07530203  0.07580508  0.07688621  0.07928763
  0.08042248  0.08137908  0.08405659  0.08737507  0.08753465  0.08825114
  0.08900975  0.08944998  0.09029317  0.0875693   0.08401857  0.08189
  0.08161139  0.07829088  0.07658467  0.07903878  0.07744159  0.07650761
  0.07475664  0.07156634  0.06784231  0.06373832  0.05863173  0.0538002
  0.04664216  0.0413279   0.03299776  0.02774088  0.02317787  0.01667878
  0.00929506  0.00452938 -0.00329794 -0.01052998 -0.0195492  -0.02975118
 -0.03768421 -0.041244   -0.04374305 -0.04453925 -0.04829779 -0.05027419
 -0.05141003 -0.05005942 -0.04863456 -0.04309305 -0.03713776 -0.0327247 ]
[-0.09482948 -0.10415486 -0.1139138  -0.12548949 -0.13412598 -0.14519288
 -0.15385413 -0.16200383 -0.16908751 -0.17721316 -0.18373795 -0.18392222
 -0.18178329 -0.1766835  -0.17158051 -0.16912571 -0.1686824  -0.16830374
 -0.17180911 -0.17978068 -0.18781802 -0.19645418 -0.20078555 -0.20718707
 -0.21119627 -0.21559328 -0.21712564 -0.21861948 -0.21869424 -0.21734558
 -0.21484022 -0.21429606 -0.21391866 -0.21400157 -0.21511881 -0.21367821
 -0.21088931 -0.20928802 -0.20424828 -0.19595236 -0.18799031 -0.18107398
 -0.17598861 -0.17251569 -0.16649309 -0.15936044 -0.15066847 -0.14185967
 -0.13253699 -0.12473787 -0.11358199 -0.10494737 -0.09777346 -0.09411422
 -0.08761426 -0.07936925 -0.07211949 -0.06403057 -0.05524042 -0.045339
 -0.03591533 -0.02955938 -0.0253138  -0.02830152 -0.03620579 -0.04469204
 -0.05287534 -0.05967311 -0.06499244 -0.06630395 -0.0717087  -0.07690429
 -0.08239813 -0.08835135 -0.09128781 -0.0953581  -0.09892433 -0.09788159
 -0.09498081 -0.08864239 -0.08133812 -0.0742398  -0.06772705 -0.0601645
 -0.05506414 -0.0450846  -0.0329968  -0.024415   -0.0135952  -0.0047065
  0.00227316  0.00799538  0.01010929  0.01042809  0.00729432  0.00318182
  0.00160024  0.00106571  0.00103397  0.00158471  0.00161213  0.00295456
  0.00095243  0.00057482  0.00192776  0.00426693  0.01083661  0.01695584
  0.0219972   0.02970034  0.038234    0.04709525  0.05423051  0.05946272
  0.06256483  0.0635776   0.06351072  0.06199617  0.05856125  0.05366951
  0.0518973   0.04878648  0.04299283  0.0384827   0.03422133  0.02990576
  0.02606407  0.02264181  0.02274603  0.02153416  0.01998268  0.01815279
  0.01537646  0.00993134  0.00705157  0.00377181 -0.00509567 -0.00978895
 -0.01745041 -0.02605946 -0.03452375 -0.03992674 -0.04360482 -0.04400425
 -0.04338439 -0.04368598 -0.04226364 -0.03948406 -0.03653072 -0.03056617
 -0.02409352 -0.01980233 -0.01523445 -0.01009938 -0.00447509  0.00089731
  0.00630925  0.0111292   0.01734432  0.02305109  0.02910872  0.03614792
  0.04270758  0.04726374  0.05184354  0.05582334  0.05857031  0.06217884
  0.06677883  0.0755747   0.07907181  0.08220765  0.08203313  0.08058844
  0.08024657  0.07580073  0.0706939   0.06451717  0.05648812  0.04394473
  0.03045963  0.01428699 -0.00475038 -0.02043146 -0.03757079 -0.05290449
 -0.06687835 -0.08347709 -0.09749137 -0.10957814 -0.11899856 -0.13260043
 -0.14307159 -0.15205516 -0.15650195 -0.15961201 -0.16239806 -0.16316243
 -0.16167553 -0.16478939 -0.16651461 -0.16463424 -0.16230747 -0.16372594
 -0.16450289 -0.16723977 -0.16885327 -0.16915758 -0.1699335  -0.17017707
 -0.17161593 -0.17014191 -0.17086284 -0.16179673 -0.15218017 -0.14360307
 -0.13529858 -0.1241261  -0.11326057 -0.10464996 -0.09891683 -0.09519546
 -0.09459731 -0.09662767 -0.09525413 -0.0974728  -0.10076915 -0.10031776
 -0.09713468 -0.09068289 -0.08099797 -0.07092426 -0.06331811 -0.05648578
 -0.04963843 -0.04244402 -0.03440873 -0.02642109 -0.02003139 -0.01391714
 -0.00606557  0.00318733  0.01152445  0.0183497   0.03083814  0.04565081
  0.06095345  0.07405822  0.08605878  0.0966319   0.10101752  0.10618992
  0.10918725  0.11229303  0.11293896  0.11346209  0.11465279  0.12084839
  0.12759113  0.13278182  0.14056575  0.14529391  0.15231459  0.15789483
  0.16485135  0.17061038  0.1758448   0.1775572   0.17725489  0.17878512
  0.18263677  0.18387352  0.18720995  0.18908466  0.18717547  0.18098801
  0.17533518  0.17077629  0.16660517  0.16082981  0.15289068  0.13971055
  0.12580454  0.10696165  0.0860568   0.06801121  0.05399737  0.0403456
  0.02853404  0.01745779  0.01322583  0.01369574  0.01364075  0.01357842
  0.01762948  0.02104756  0.02401809  0.02838007  0.03058936  0.03224057
  0.03554757  0.0370537   0.03370184  0.03102074  0.03134874  0.03382111
  0.03510255  0.03256063  0.03267207  0.03689422  0.03937397  0.04023426
  0.04069247  0.04308104  0.04468456  0.04272034  0.03957552  0.03593018
  0.03395911  0.03026037  0.0240511   0.01798468  0.01462398  0.01124025
  0.01074174  0.00985145  0.01005059  0.01137572  0.01177228  0.01239181
  0.01408353  0.00817448  0.00469239  0.00036378 -0.00352444 -0.00650022
 -0.00624763 -0.0019171   0.00198709  0.00627959  0.00709617  0.00398569
  0.00128747 -0.00325347 -0.00727725 -0.01299373 -0.01607706 -0.01945952
 -0.02658347 -0.03314657 -0.03979543 -0.04774078 -0.05050907 -0.05161839
 -0.05295367 -0.05463096 -0.06470472 -0.07561275 -0.08461056 -0.09033269
 -0.10040955 -0.10664555 -0.11643653 -0.12287414 -0.12876187 -0.1301824
 -0.1349775  -0.1389953  -0.13512608 -0.12802619 -0.12023562 -0.11096337
 -0.10212328 -0.09868366 -0.09335228 -0.08696937 -0.08100627 -0.07424788
 -0.06672178 -0.05764528 -0.04737682 -0.03707262 -0.02166162 -0.00972543
  0.00418772]
[-5.78102507e-02 -6.60352781e-02 -7.54489452e-02 -8.73101726e-02
 -9.60078165e-02 -1.04924381e-01 -1.13681421e-01 -1.22307561e-01
 -1.33283377e-01 -1.45772010e-01 -1.57204822e-01 -1.65858030e-01
 -1.73232868e-01 -1.81175366e-01 -1.86547980e-01 -1.91686064e-01
 -1.98349759e-01 -2.01564655e-01 -2.08093390e-01 -2.13621810e-01
 -2.19244242e-01 -2.23153308e-01 -2.27768540e-01 -2.31585771e-01
 -2.35548392e-01 -2.36004427e-01 -2.33309940e-01 -2.26896852e-01
 -2.20343783e-01 -2.12572441e-01 -2.04273894e-01 -1.94038600e-01
 -1.84251666e-01 -1.74819291e-01 -1.68437347e-01 -1.61891773e-01
 -1.54172733e-01 -1.47238493e-01 -1.39442414e-01 -1.31670624e-01
 -1.23151377e-01 -1.14292160e-01 -1.04616344e-01 -9.74366963e-02
 -8.96881148e-02 -8.27585682e-02 -7.64240250e-02 -7.12120980e-02
 -6.67615235e-02 -6.43130019e-02 -6.20352216e-02 -6.22704551e-02
 -6.28807768e-02 -6.35423511e-02 -6.42341971e-02 -6.60364032e-02
 -7.15883598e-02 -7.37548247e-02 -7.50707090e-02 -7.67389834e-02
 -7.89817795e-02 -8.11738297e-02 -8.10018405e-02 -8.30925107e-02
 -8.73647109e-02 -9.04567316e-02 -9.44080502e-02 -9.72725302e-02
 -9.76782292e-02 -9.81477797e-02 -9.61260647e-02 -9.36543718e-02
 -9.15711299e-02 -9.32213292e-02 -9.28140059e-02 -8.81259888e-02
 -8.60293806e-02 -8.40788707e-02 -8.31874833e-02 -8.14616457e-02
 -7.72695765e-02 -7.17602223e-02 -6.42130300e-02 -5.92707135e-02
 -5.38287610e-02 -4.91641201e-02 -4.29610163e-02 -3.43479179e-02
 -2.34682690e-02 -1.44466432e-02 -8.54914542e-03 -1.08047854e-03
 -1.56355702e-04 -4.83056018e-03 -9.03132651e-03 -1.23960450e-02
 -1.68141592e-02 -2.33654603e-02 -2.80618556e-02 -3.23836319e-02
 -3.87097932e-02 -4.21817973e-02 -4.44990583e-02 -4.62022983e-02
 -4.71432246e-02 -4.84069325e-02 -4.69822399e-02 -4.21842225e-02
 -3.62808146e-02 -2.96882670e-02 -2.25014891e-02 -1.64318644e-02
 -8.80997069e-03 -1.95107583e-04  7.98471458e-03  1.26798190e-02
  2.05956437e-02  2.42498014e-02  2.75276266e-02  3.00647225e-02
  3.40585150e-02  3.93696092e-02  4.45572399e-02  4.70104516e-02
  4.86881621e-02  4.84120250e-02  4.70873043e-02  4.80154008e-02
  4.69670892e-02  4.35198136e-02  3.69285084e-02  3.40937749e-02
  2.88885161e-02  2.27366146e-02  1.47968112e-02  9.51836072e-03
  3.73495161e-03  2.57748319e-03 -7.18206284e-04 -5.38402516e-03
 -9.93007142e-03 -1.47297410e-02 -2.11853832e-02 -2.42649075e-02
 -2.54968368e-02 -3.01251467e-02 -3.09244655e-02 -2.99855471e-02
 -2.84996908e-02 -2.66244784e-02 -2.45512500e-02 -2.13579107e-02
 -1.54015254e-02 -9.18282941e-03 -4.58871899e-03 -1.29077544e-05
  5.06002596e-03  1.23286508e-02  1.78110916e-02  2.36412268e-02
  2.66257580e-02  3.02044190e-02  3.39306034e-02  4.05591056e-02
  4.84336540e-02  5.18744290e-02  5.20211868e-02  5.28944321e-02
  5.19125089e-02  4.83417585e-02  4.67053652e-02  4.61040623e-02
  4.62726727e-02  4.37651612e-02  3.96117531e-02  3.81033495e-02
  3.77493277e-02  3.72332521e-02  3.25918309e-02  2.50328202e-02
  1.15193129e-02 -4.62184334e-03 -1.71746593e-02 -2.38553435e-02
 -3.27882208e-02 -4.23118845e-02 -5.11916876e-02 -5.92763498e-02
 -6.59180880e-02 -7.18330964e-02 -7.83551782e-02 -8.53992179e-02
 -9.30765271e-02 -1.01043753e-01 -1.08595818e-01 -1.16365753e-01
 -1.22665010e-01 -1.24846622e-01 -1.24388702e-01 -1.24211602e-01
 -1.23689353e-01 -1.25837862e-01 -1.26991361e-01 -1.28293872e-01
 -1.29677787e-01 -1.33566692e-01 -1.36279181e-01 -1.40253246e-01
 -1.46134675e-01 -1.52972296e-01 -1.59011036e-01 -1.63268149e-01
 -1.67663127e-01 -1.64047852e-01 -1.60436153e-01 -1.56771109e-01
 -1.50665343e-01 -1.43311441e-01 -1.36865437e-01 -1.28418207e-01
 -1.19164787e-01 -1.11344106e-01 -1.07591555e-01 -1.04463197e-01
 -1.01070203e-01 -9.98895690e-02 -9.99046117e-02 -1.00627825e-01
 -9.94364917e-02 -9.71279442e-02 -9.28855091e-02 -8.69484320e-02
 -7.98819885e-02 -7.26876706e-02 -6.77724257e-02 -6.23442046e-02
 -5.42177856e-02 -4.61754017e-02 -3.99029553e-02 -3.33765112e-02
 -2.87168622e-02 -2.34102178e-02 -1.81369018e-02 -1.28655722e-02
 -6.08039368e-03  4.95207896e-05  5.90213435e-03  1.51305823e-02
  2.70218942e-02  3.57771665e-02  4.45481390e-02  5.10792173e-02
  5.43659478e-02  5.57270981e-02  5.85384928e-02  5.98402545e-02
  6.36235550e-02  7.15419054e-02  7.88019076e-02  8.68522450e-02
  9.50384066e-02  1.04632817e-01  1.10796690e-01  1.18510440e-01
  1.25670075e-01  1.32148504e-01  1.37272850e-01  1.43487811e-01
  1.45067111e-01  1.45429090e-01  1.48074821e-01  1.51143759e-01
  1.57598734e-01  1.64775550e-01  1.71354458e-01  1.74668461e-01
  1.74303845e-01  1.73422128e-01  1.69935361e-01  1.67498335e-01
  1.63884893e-01  1.57692537e-01  1.49943456e-01  1.40003681e-01
  1.27109692e-01  1.17060266e-01  1.06934413e-01  9.67877954e-02
  8.93618762e-02  7.95146003e-02  7.28512257e-02  6.62810355e-02
  6.31809160e-02  5.87571561e-02  5.86519577e-02  5.55985421e-02
  5.57382330e-02  5.59391305e-02  5.31732216e-02  5.27309589e-02
  5.20281605e-02  4.73593473e-02  4.16684747e-02  3.57673131e-02
  3.17926668e-02  3.29721570e-02  3.64153124e-02  3.89844403e-02
  4.02771868e-02  4.12361212e-02  3.98602076e-02  4.10890914e-02
  4.10265326e-02  4.51586694e-02  4.86472212e-02  5.08905016e-02
  5.27559705e-02  5.25755808e-02  5.10494187e-02  5.20489477e-02
  5.36500476e-02  5.63930459e-02  5.86012416e-02  6.04887269e-02
  6.35791346e-02  6.47692606e-02  6.61770403e-02  7.12385625e-02
  7.44239762e-02  7.64409751e-02  7.77828172e-02  7.48685524e-02
  7.01975003e-02  6.60845861e-02  5.51467799e-02  4.68363613e-02
  4.17623855e-02  3.85980383e-02  3.67189609e-02  3.70561369e-02
  3.43955271e-02  3.17912363e-02  2.91922353e-02  2.56698057e-02
  2.13412102e-02  1.40278731e-02  9.69873741e-03  3.07090231e-03
 -5.48013393e-03 -1.45854708e-02 -2.51205321e-02 -3.29266526e-02
 -3.80398929e-02 -4.09149081e-02 -4.34597619e-02 -4.37348969e-02
 -4.51968610e-02 -4.65795472e-02 -5.05687036e-02 -5.76896481e-02
 -6.44662529e-02 -6.90305904e-02 -7.24222511e-02 -7.49219283e-02
 -7.27133378e-02 -7.25369602e-02 -7.31313378e-02 -7.52329528e-02
 -7.64571652e-02 -7.89628327e-02 -8.20273980e-02 -8.11123848e-02
 -7.58054256e-02 -7.43101910e-02 -7.60533437e-02 -7.98407570e-02
 -8.54803547e-02 -8.95896554e-02 -9.37080309e-02 -9.65702832e-02
 -9.65230465e-02 -9.38929096e-02 -8.73197168e-02 -8.23271945e-02
 -7.66485557e-02 -6.74389303e-02 -5.87188788e-02 -4.95366827e-02]
