[-0.02828022 -0.03498375 -0.02124603 -0.02156963 -0.05689544 -0.00921593]
[ 0.31867835  0.20483869  0.04665896 -0.08033139 -0.18807791 -0.16344976
 -0.08500788  0.09833053  0.18398401  0.16149771  0.14956565  0.02731993
 -0.03345336  0.08222755  0.10671891  0.05420912  0.07450531  0.09735013
  0.0353507  -0.08312057 -0.01387342  0.04921423]
[-0.69424373 -0.77318728 -0.86577189 -0.94173867 -0.94741464 -0.97162241
 -0.94882107 -0.84643543 -0.73638129 -0.63811356 -0.57198101 -0.55203331
 -0.52173573 -0.53125334 -0.59085846 -0.62485892 -0.64958996 -0.65231955
 -0.65709555 -0.60654873 -0.58837968 -0.54915804 -0.49026382 -0.44142854
 -0.40850827 -0.41258258 -0.33834389 -0.26139647 -0.21754412 -0.23609936
 -0.1658382  -0.06363462]
[0.21306284 0.33908764 0.395906   0.46199074 0.495116   0.51152748
 0.51150209 0.53990674 0.58615184 0.61216491 0.63026488 0.65850836
 0.70011687 0.74612236 0.78611964 0.83745408 0.90094131 0.96558738
 0.96164298 0.9525916  0.95348489 0.93995661 0.96088016 0.99004132
 1.02445889 1.03949356 1.00208867 0.9679805  0.93754303 0.91067398
 0.85373986 0.77220702]
[ 0.8453027   0.84116936  0.76538432  0.62568122  0.45189381  0.28035074
  0.16311459  0.10080047  0.02432312 -0.0363881  -0.0705388  -0.12626916
 -0.20035134 -0.19547272 -0.15931746 -0.04750611  0.06146203  0.07569899
  0.00280889 -0.04063255 -0.09658627 -0.08616301 -0.0533043  -0.00742653
  0.06700052  0.01412815 -0.15522763 -0.36197177 -0.56149518 -0.78385693
 -0.88425064 -1.02447581]
[ 0.42832327  0.41740575  0.39640969  0.34416106  0.2622759   0.22986311
  0.07201993 -0.04270433 -0.18548869 -0.364167   -0.50539362 -0.66666919
 -0.63178337 -0.51284099 -0.34176165 -0.10264921  0.13086314  0.23330481
  0.2044348   0.22632973  0.12467509  0.17366739  0.23899752  0.12541664
 -0.07431743 -0.38391781 -0.60308325 -0.6269992  -0.60467345 -0.43262169
 -0.32309264 -0.16957633 -0.09219696 -0.04417958  0.06540701  0.11831973
  0.14252792  0.19617027  0.27126127  0.38165295]
[ 1.0898211   0.89627761  0.73347157  0.56365347  0.39545533  0.25261
  0.13897078  0.04592843 -0.04067543 -0.09653947 -0.11798579 -0.11524808
 -0.11295541 -0.1112045  -0.0962465  -0.08421328 -0.05263894 -0.03303346
 -0.01889429 -0.02017831 -0.01882767  0.00415612  0.03402072  0.06402554
  0.08575492  0.11354221  0.12838076  0.16439219  0.18508953  0.19504224
  0.17955911  0.17025158  0.14407912  0.12507902  0.08687081  0.08038502
  0.11965245  0.15844391  0.19311948  0.22199166  0.21824527  0.19668435
  0.16904652  0.13790579  0.10304719  0.08684108  0.11028818  0.13024625
  0.09537676  0.03931961 -0.01547965 -0.03769426 -0.009971    0.02201613
  0.0675773   0.10006189  0.11139062  0.09405614  0.06707122  0.0105192
 -0.0095886  -0.02373613 -0.04876488 -0.04498681 -0.04015796 -0.08877884
 -0.16117969 -0.27018693 -0.37801924 -0.47337243 -0.55293643 -0.58564442
 -0.59512472 -0.55448627 -0.49210989 -0.40971604 -0.32415566 -0.26428646
 -0.22414209 -0.14867195 -0.04041141  0.08743551  0.21523917  0.35323343
  0.49025711  0.63673437]
[-0.35400361 -0.29527593 -0.25572252 -0.22802544 -0.18269745 -0.15744935
 -0.12119932 -0.09492187 -0.07283948 -0.04234088 -0.0176335   0.00737254
  0.01354175  0.01639847  0.03308696  0.04550931  0.04749892  0.07465211
  0.07997394  0.08298257  0.06304097  0.042675    0.0043315  -0.02596498
 -0.05096954 -0.08096183 -0.1066099  -0.12690088 -0.14633596 -0.18287584
 -0.19537236 -0.20044351 -0.19772798 -0.20253646 -0.19306387 -0.17823911
 -0.13136789 -0.0971518  -0.0786043  -0.05327756 -0.03005755 -0.02022105
 -0.00193197  0.01053118  0.02763165  0.03855256  0.04013669  0.03749056
  0.03129271  0.01129566 -0.00302312 -0.00391025 -0.0236547  -0.0509161
 -0.08665729 -0.11419646 -0.13935629 -0.14678735 -0.14634655 -0.14038749
 -0.13179515 -0.09167431 -0.06191393 -0.02209916  0.01593697  0.04613538
  0.06201418  0.08492611  0.10469309  0.120985    0.13861679  0.14622965
  0.15357453  0.15154612  0.14965849  0.14165142  0.12885027  0.11272855
  0.11478917  0.11428114  0.11781102  0.10054582  0.07737221  0.04694342
  0.02537781  0.00265022 -0.02900472 -0.06529279 -0.10401691 -0.14492308
 -0.1779363 ]
[-1.02762587e-01 -3.18134725e-02  4.30266596e-02  1.14806697e-01
  1.84421182e-01  2.60528266e-01  3.36558789e-01  3.91354084e-01
  4.55128163e-01  5.07819593e-01  5.64042091e-01  6.03198349e-01
  6.33662283e-01  6.75098300e-01  7.07003951e-01  7.20166266e-01
  7.13033199e-01  6.82467937e-01  6.61413908e-01  6.46201730e-01
  6.09409690e-01  5.56622744e-01  4.97240454e-01  4.39005852e-01
  3.75920892e-01  3.18065286e-01  2.49311596e-01  1.76055253e-01
  1.02034695e-01  1.54499793e-02 -5.99172190e-02 -1.47688121e-01
 -2.15640694e-01 -2.79525191e-01 -3.48505169e-01 -4.10275191e-01
 -4.58305210e-01 -5.12886763e-01 -5.75773895e-01 -6.45763338e-01
 -7.42578208e-01 -8.49221528e-01 -9.42797601e-01 -1.01599133e+00
 -1.06017160e+00 -1.07479751e+00 -1.07353365e+00 -1.05168831e+00
 -1.02900922e+00 -9.99446332e-01 -9.56971347e-01 -8.97260189e-01
 -8.24162304e-01 -7.63631821e-01 -6.93347752e-01 -6.28809214e-01
 -5.81154048e-01 -5.45647085e-01 -5.08759499e-01 -4.68167335e-01
 -4.20033127e-01 -3.75278533e-01 -3.54042262e-01 -3.51407439e-01
 -3.79671633e-01 -4.01557058e-01 -4.12460089e-01 -4.21126008e-01
 -4.32634801e-01 -4.60274488e-01 -4.89127904e-01 -5.31591594e-01
 -5.85034549e-01 -6.20805860e-01 -6.54377401e-01 -6.79821908e-01
 -6.97068453e-01 -7.38359749e-01 -7.80857027e-01 -8.31007719e-01
 -8.96097302e-01 -9.31263864e-01 -9.21413302e-01 -9.03159916e-01
 -8.53349864e-01 -7.83353627e-01 -7.11118460e-01 -6.35656238e-01
 -5.64247072e-01 -4.97689694e-01 -4.33203548e-01 -3.72069359e-01
 -3.11417133e-01 -2.43445754e-01 -1.87617168e-01 -1.39472127e-01
 -1.12802371e-01 -8.47363770e-02 -5.32119498e-02 -2.53859982e-02
 -1.11821182e-02  9.76015348e-04  3.17628719e-02]
[-0.32121998 -0.42967948 -0.568416   -0.67200184 -0.78385115 -0.90318286
 -1.0047859  -1.07942629 -1.13303137 -1.15382707 -1.13280463 -1.14778113
 -1.12944388 -1.0891186  -1.01889729 -0.96658498 -0.93399221 -0.95289022
 -0.95849031 -0.90779793 -0.85859072 -0.83635908 -0.80633366 -0.76975989
 -0.72125894 -0.63729304 -0.56800771 -0.54644036 -0.57106787 -0.55943626
 -0.50564742 -0.43768778 -0.39622161 -0.36302325 -0.36341643 -0.39915389
 -0.39443952 -0.35017613 -0.30252296 -0.17345884  0.00468112  0.21054864
  0.408858    0.56044757  0.70343655  0.81773144  0.93743974  1.0526576
  1.13516331  1.22900927  1.31685555  1.38317084  1.37161171  1.36255181
  1.34940231  1.37861025  1.42055869  1.40324247  1.35628247  1.32950735
  1.24960518  1.18519318  1.13706088  1.07113588  0.99544907  0.93122566
  0.83714616  0.76316494  0.70748705  0.69858611  0.709813    0.74517608
  0.76950896  0.75185525  0.68947291  0.63053292  0.50669283  0.39068109
  0.31976792  0.24080881  0.15375337  0.08541799  0.09116389  0.10541122
  0.11266204  0.09082261  0.05694065  0.05986369  0.09989624  0.09441122
  0.09744245  0.05616329 -0.0607162  -0.19631831 -0.3616432  -0.48648071
 -0.55676079 -0.57176822 -0.63144743 -0.70296991 -0.79734451 -0.87302482
 -0.94136333]
[-0.54622757 -0.55141813 -0.55102366 -0.55460131 -0.56461263 -0.56943917
 -0.56796843 -0.56135249 -0.5551154  -0.53646201 -0.51060939 -0.49007574
 -0.47204694 -0.4534134  -0.4328503  -0.41248009 -0.39013222 -0.3742345
 -0.35488632 -0.35400823 -0.36472243 -0.3744607  -0.38051847 -0.3885369
 -0.41337651 -0.43186837 -0.44890726 -0.45840648 -0.47247586 -0.48122683
 -0.48835808 -0.48413697 -0.48828906 -0.50125009 -0.52556169 -0.55421513
 -0.58130121 -0.59901333 -0.61469758 -0.62333322 -0.6374355  -0.65197831
 -0.65964186 -0.66030049 -0.66344154 -0.66875511 -0.67300051 -0.67412287
 -0.66819048 -0.64838582 -0.62616616 -0.60307628 -0.58959383 -0.57515419
 -0.55254757 -0.52498454 -0.49249786 -0.45681861 -0.42062494 -0.38287234
 -0.34110451 -0.29015473 -0.2382002  -0.18157098 -0.12368131 -0.06247749
  0.00396202  0.07762635  0.15457369  0.23384567  0.31457385  0.38395917
  0.45364729  0.51774704  0.58902997  0.66536975  0.73761261  0.80756664
  0.88269365  0.95264643  1.02090383  1.08914578  1.13725829  1.18991876
  1.2232331   1.2436409   1.26275229  1.28153288  1.28556228  1.27528
  1.24830031  1.21814704  1.17272556  1.12687254  1.07257462  1.0084548
  0.94046575  0.86304486  0.78183103  0.70500004  0.62658101  0.53701049
  0.44244498]
[-1.41877329 -1.20642257 -1.04027462 -0.91942763 -0.77170122 -0.69962782
 -0.63597113 -0.58925897 -0.50217336 -0.37725401 -0.26482913 -0.13569599
 -0.06935363  0.01167824  0.08119428  0.20886903  0.34977329  0.48680428
  0.57560104  0.65362757  0.68887097  0.74448246  0.81889379  0.92673826
  1.05388272  1.17207432  1.26782238  1.31380963  1.35871315  1.45398116
  1.55294895  1.63017523  1.66330051  1.68023753  1.63406229  1.48956263
  1.40920293  1.25045383  1.16022718  1.12006605  1.11074471  1.0686307
  0.97321951  0.8882404   0.81750262  0.72805846  0.67567456  0.60989964
  0.54806095  0.53897649  0.497886    0.4397316   0.35420054  0.14809805
 -0.03966359 -0.20676264 -0.32678702 -0.42569095 -0.54149282 -0.65847868
 -0.67067033 -0.66410041 -0.60055792 -0.52579796 -0.40153342 -0.29501119
 -0.27919754 -0.2231486  -0.14992023 -0.07595611 -0.04619437  0.06639247
  0.15824662  0.1928746   0.20366378  0.22907428  0.28060848  0.34751704
  0.33550274  0.36215618  0.36937964  0.37298891  0.32337332  0.2492224
  0.14454077  0.02894663 -0.10298505 -0.14018475 -0.03778532  0.10436104
  0.28155142  0.44141987  0.579871    0.69073987  0.85714728  1.00699747
  1.13485932  1.27885711  1.4410969   1.53715897  1.59842718  1.64920807
  1.73461723]
[-1.16093591e-01 -1.18354641e-01 -1.14989720e-01 -1.11560076e-01
 -1.08116619e-01 -1.00586653e-01 -9.77087989e-02 -9.24756303e-02
 -9.13867727e-02 -7.90267140e-02 -6.57582805e-02 -5.04517518e-02
 -4.40710001e-02 -3.70441005e-02 -3.21017802e-02 -2.74618566e-02
 -2.50688493e-02 -1.26567269e-02  8.24312679e-04  1.94108225e-02
  2.79546194e-02  2.87224352e-02  2.63765436e-02  2.40777731e-02
  1.53145585e-02  1.08426083e-02  6.53841067e-03  4.21035895e-03
 -1.51629723e-03 -1.31959273e-02 -3.01258527e-02 -4.52534296e-02
 -6.23209924e-02 -7.07843006e-02 -7.44911134e-02 -8.26391205e-02
 -8.68736282e-02 -9.91260707e-02 -1.12154491e-01 -1.24114893e-01
 -1.40129939e-01 -1.47756189e-01 -1.47790730e-01 -1.41220421e-01
 -1.35181129e-01 -1.20703377e-01 -1.09831326e-01 -9.63369012e-02
 -7.47046098e-02 -5.65914996e-02 -3.94483246e-02 -2.77726799e-02
 -2.36286744e-02 -2.23448090e-02 -2.05000658e-02 -1.04987854e-02
 -7.89258350e-03 -9.60723218e-03 -6.43207226e-03 -1.26538835e-02
 -2.49681398e-02 -3.21844071e-02 -3.97320464e-02 -4.96730655e-02
 -5.31986654e-02 -5.71914315e-02 -5.91017008e-02 -5.46174198e-02
 -5.50028309e-02 -4.64690514e-02 -4.22451496e-02 -3.91384438e-02
 -3.49118039e-02 -4.28534448e-02 -3.69833373e-02 -3.47977616e-02
 -3.06540951e-02 -2.74602361e-02 -2.13718340e-02 -1.84110366e-02
 -1.30439634e-02 -4.79115732e-03 -1.46300343e-04  1.42647233e-02
  2.52726804e-02  3.73340361e-02  5.56312948e-02  6.41932413e-02
  6.48062825e-02  5.86628765e-02  4.94199507e-02  4.00572047e-02
  3.68220359e-02  3.29237767e-02  3.16324234e-02  2.70382967e-02
  1.27992732e-02 -2.09085620e-03 -1.27686504e-02 -2.44715717e-02
 -3.97033617e-02 -4.96564507e-02 -6.28725365e-02 -7.76250362e-02
 -9.11804065e-02 -9.89382938e-02 -1.01088092e-01 -1.02795348e-01
 -1.04674019e-01]
[-3.08319360e-01 -2.83925712e-01 -2.87933618e-01 -2.73934394e-01
 -2.60467798e-01 -2.34091908e-01 -2.07215771e-01 -1.87311202e-01
 -1.65923834e-01 -1.36703342e-01 -9.61041972e-02 -4.01395261e-02
  1.17204422e-02  6.28789291e-02  9.39453393e-02  1.31441936e-01
  1.49031401e-01  1.71640605e-01  2.06495747e-01  2.29905546e-01
  2.54934907e-01  2.48403624e-01  2.23066255e-01  1.98591277e-01
  1.61187679e-01  1.22915924e-01  9.00845453e-02  5.93819693e-02
  3.35899107e-02  2.23176624e-03 -3.92074101e-02 -7.99543038e-02
 -1.26341671e-01 -1.59213841e-01 -1.82415009e-01 -1.90211505e-01
 -1.83623835e-01 -1.74301118e-01 -1.71655282e-01 -1.84480414e-01
 -2.15488002e-01 -2.47419775e-01 -2.71211863e-01 -2.79954642e-01
 -2.79375762e-01 -2.53300279e-01 -2.23197103e-01 -1.98187560e-01
 -1.52106494e-01 -1.05763555e-01 -6.52185827e-02 -2.43518762e-02
 -8.68344679e-03 -1.42002217e-02 -2.20763292e-02 -2.64333375e-02
 -1.05477804e-02 -1.13586271e-02 -1.44356349e-02 -3.56034040e-02
 -6.59779310e-02 -1.06229074e-01 -1.29044771e-01 -1.55037552e-01
 -1.79785311e-01 -2.06411347e-01 -2.31783390e-01 -2.65505493e-01
 -2.88604140e-01 -3.04488868e-01 -3.05173188e-01 -3.05239946e-01
 -2.97961354e-01 -3.05727959e-01 -3.05448532e-01 -2.82497942e-01
 -2.52655029e-01 -2.05014795e-01 -1.52317822e-01 -1.01001881e-01
 -6.38548061e-02 -1.49428025e-02  2.84904353e-02  7.27685466e-02
  1.14602745e-01  1.71300709e-01  2.22676978e-01  2.72600263e-01
  2.96179771e-01  2.98865438e-01  2.77587116e-01  2.52486676e-01
  2.24349871e-01  1.96780086e-01  1.65905043e-01  1.32240802e-01
  7.30091184e-02 -9.16897261e-05 -5.72809801e-02 -9.37570632e-02
 -1.36976317e-01 -1.95340991e-01 -2.42825523e-01 -3.00816000e-01
 -3.50443065e-01 -3.98719072e-01 -4.49238330e-01 -4.71635967e-01
 -4.93815571e-01 -5.26805818e-01]
[ 0.08946848  0.11601193  0.12782514  0.11888452  0.07213552  0.03122257
 -0.06326033 -0.15480128 -0.23348814 -0.34618264 -0.47086504 -0.54022735
 -0.59395605 -0.65055871 -0.67840332 -0.69559073 -0.68353701 -0.67652005
 -0.64832211 -0.62311196 -0.5657357  -0.53045708 -0.47431603 -0.41393244
 -0.37394887 -0.31658733 -0.20111406 -0.09813074  0.02402334  0.15119059
  0.25683102  0.36877975  0.45151457  0.54899472  0.64729512  0.77214992
  0.85015529  0.8356545   0.74076158  0.62924629  0.47072637  0.31922352
  0.17639515  0.04905758 -0.06746791 -0.19689813 -0.30003887 -0.39802963
 -0.51521605 -0.6231935  -0.73015696 -0.83742356 -0.93897921 -0.98341304
 -1.03474212 -1.04538298 -1.01646066 -0.94904596 -0.84670967 -0.7390666
 -0.61470634 -0.49344695 -0.35374513 -0.19888958 -0.0674415   0.04273258
  0.17459492  0.32235193  0.46729356  0.5591644   0.67043203  0.73544407
  0.78649873  0.78927511  0.72957164  0.64160615  0.52306718  0.36937368
  0.18047935  0.03862182 -0.13563798 -0.30125996 -0.45510134 -0.61168975
 -0.76152253 -0.85587978 -0.92932719 -0.99346852 -1.08914971 -1.21409881
 -1.32263601 -1.39801812 -1.40525472 -1.35928369 -1.27874708 -1.18738854
 -1.05802345 -0.9121995  -0.75697809 -0.61791062 -0.46246994 -0.31950444
 -0.15473153  0.04178006  0.20380397  0.34846982  0.48065352  0.56171316
  0.6638422   0.70348901  0.72692162  0.76310045  0.72547817  0.69001591
  0.61058545  0.49288544  0.33838305  0.17704415  0.02586411 -0.13914712
 -0.26560271 -0.41298819 -0.57921284 -0.75163376 -0.88129771 -1.01507676
 -1.13359821 -1.21108317 -1.27473176 -1.36583579 -1.41633773 -1.43070531]
[ 4.61516887e-01  4.35027242e-01  4.12545085e-01  3.90070409e-01
  3.38465720e-01  2.83921450e-01  2.37152770e-01  1.53758541e-01
  1.07111596e-01  8.87888595e-02  7.86875039e-02  6.77004531e-02
  5.89237586e-02  3.47677059e-02 -2.24374374e-03 -4.97510731e-02
 -1.31996080e-01 -1.96604356e-01 -2.49109685e-01 -3.09375823e-01
 -3.73794138e-01 -4.16465878e-01 -4.37278450e-01 -4.46801662e-01
 -4.53360975e-01 -4.56128657e-01 -4.45954978e-01 -4.52045143e-01
 -4.38898742e-01 -4.22043264e-01 -4.26534802e-01 -4.44788218e-01
 -4.68160927e-01 -4.90062386e-01 -5.22372603e-01 -5.58249891e-01
 -5.83745897e-01 -5.92804134e-01 -5.90478599e-01 -5.87116659e-01
 -5.91532826e-01 -6.24409914e-01 -6.72299862e-01 -6.97930694e-01
 -6.98646426e-01 -6.69563055e-01 -6.22531772e-01 -5.54945946e-01
 -4.93698239e-01 -4.21667337e-01 -3.52753490e-01 -2.71122068e-01
 -1.82183728e-01 -9.30112600e-02  2.05017552e-02  1.42872810e-01
  2.52314210e-01  3.61131489e-01  4.48832870e-01  5.22583246e-01
  5.98370910e-01  6.71060979e-01  7.32457519e-01  7.88942933e-01
  8.50109935e-01  9.24098194e-01  9.84388888e-01  1.03418005e+00
  1.06417978e+00  1.09635425e+00  1.14472532e+00  1.19273889e+00
  1.24799705e+00  1.31066680e+00  1.36331308e+00  1.39442587e+00
  1.39625275e+00  1.37938690e+00  1.35385537e+00  1.31467772e+00
  1.25333869e+00  1.19002581e+00  1.11694098e+00  1.03739583e+00
  9.66260612e-01  9.25158441e-01  8.88333678e-01  8.51709783e-01
  8.09980512e-01  7.39875197e-01  6.45634174e-01  5.50246775e-01
  4.51393396e-01  3.59901786e-01  2.71162778e-01  2.03521267e-01
  1.38536841e-01  9.15591121e-02  4.74484004e-02 -1.15657807e-03
 -4.67143022e-02 -9.28887501e-02 -1.56559601e-01 -2.35806525e-01
 -3.06239456e-01 -3.86176735e-01 -4.54317868e-01 -5.22911251e-01
 -5.89461684e-01 -6.46050513e-01 -6.86430395e-01 -7.03739882e-01
 -6.96121812e-01 -6.74087286e-01 -6.39616609e-01 -6.00352108e-01
 -5.74366689e-01 -5.62224865e-01 -5.41647255e-01 -5.17469525e-01
 -4.66029644e-01 -4.29426640e-01 -3.69173586e-01 -3.32800448e-01
 -3.03371668e-01 -2.48096243e-01 -1.82739437e-01 -9.02178362e-02
  2.07711793e-02  1.34853035e-01  2.51051039e-01  3.43432099e-01
  4.21273500e-01  4.86380577e-01  5.27483225e-01  5.66569328e-01
  5.74465036e-01  5.45776486e-01  5.08372128e-01  5.16584575e-01
  5.47095656e-01  5.73556066e-01  6.04517281e-01  6.24150634e-01
  6.02146506e-01  5.72943330e-01  5.23015618e-01  4.57304329e-01
  4.06850576e-01  3.90153706e-01  3.92242163e-01  3.89692307e-01
  3.67244154e-01  3.80343318e-01  4.05293077e-01  4.12832081e-01
  4.07168746e-01]
[-0.50799185 -0.48760933 -0.44679779 -0.39785254 -0.36886096 -0.34390739
 -0.33357337 -0.31843179 -0.30622929 -0.29173136 -0.25607541 -0.22075407
 -0.18549061 -0.15587242 -0.15492208 -0.1922684  -0.2041872  -0.19935137
 -0.16723946 -0.11690442 -0.05114396  0.00788575  0.05573023  0.14047068
  0.22035046  0.29635856  0.3714889   0.47186929  0.54539824  0.60293174
  0.67831486  0.77082407  0.85832965  0.92684329  1.00371397  1.07908487
  1.13224745  1.19376612  1.25750756  1.30926812  1.35007     1.39067137
  1.39006507  1.37916017  1.3577404   1.32964039  1.29319751  1.27376437
  1.25829232  1.21740937  1.19555891  1.18081498  1.14923382  1.10769176
  1.05676842  1.00336409  0.92513901  0.82586324  0.74867123  0.65588528
  0.58041412  0.49766085  0.40485093  0.31124493  0.21215841  0.12264025
  0.02184478 -0.04478746 -0.10748159 -0.15790991 -0.21606973 -0.26154086
 -0.29874009 -0.30942848 -0.33579984 -0.35013053 -0.39624104 -0.40906721
 -0.4231455  -0.45083955 -0.47812769 -0.49752417 -0.49919984 -0.48002821
 -0.4604896  -0.43166029 -0.41493836 -0.38341755 -0.35720646 -0.34035957
 -0.33428016 -0.31800216 -0.32466283 -0.34849507 -0.38527152 -0.40210381
 -0.40507561 -0.38915265 -0.36738464 -0.34596696 -0.32041991 -0.29818317
 -0.26172814 -0.23636214 -0.20178606 -0.1802811  -0.17146631 -0.19494325
 -0.2056216  -0.22065271 -0.25109506 -0.28378946 -0.29405025 -0.30354041
 -0.31682372 -0.33620977 -0.36411476 -0.38580438 -0.4065437  -0.41796142
 -0.44635922 -0.48710862 -0.51902819 -0.5485546  -0.56880271 -0.5713799
 -0.58666545 -0.56662595 -0.56472152 -0.54570329 -0.51685959 -0.50643426
 -0.4900693  -0.46838376 -0.44128829 -0.4131062  -0.39039502 -0.36864769
 -0.35765934 -0.35688707 -0.33391136 -0.31905302 -0.32001281 -0.29480085
 -0.28424352 -0.27071044 -0.26632312 -0.23461281 -0.20451505 -0.16307454
 -0.10555635 -0.04731283 -0.02126306  0.02136158  0.07507038  0.14298597
  0.20764904]
[ 9.31801558e-01  8.81511152e-01  8.18211496e-01  7.50328958e-01
  6.63255453e-01  5.73474705e-01  4.93301928e-01  4.19464380e-01
  3.63893121e-01  2.98679382e-01  2.39581987e-01  1.89177379e-01
  1.58299208e-01  1.55709103e-01  1.71523750e-01  2.02121675e-01
  2.40194991e-01  2.89904535e-01  3.36275131e-01  3.78425211e-01
  4.09847677e-01  4.51484591e-01  4.83221263e-01  5.16694963e-01
  5.60380757e-01  6.00330532e-01  6.34235620e-01  6.51117682e-01
  6.55285180e-01  6.59486413e-01  6.60759807e-01  6.42311215e-01
  5.94767332e-01  5.18925071e-01  4.36858118e-01  3.53327185e-01
  2.76672363e-01  1.92442164e-01  1.25967354e-01  6.47895187e-02
 -3.93499737e-04 -6.58637583e-02 -1.18599638e-01 -1.67072639e-01
 -2.14155003e-01 -2.66866803e-01 -3.12010139e-01 -3.56406122e-01
 -4.05506909e-01 -4.70967978e-01 -5.32041848e-01 -6.04540527e-01
 -6.76015019e-01 -7.33521044e-01 -7.67865419e-01 -7.98791289e-01
 -8.15714359e-01 -8.07551324e-01 -7.75605142e-01 -7.23932803e-01
 -6.64090931e-01 -6.09489799e-01 -5.41307390e-01 -4.79097873e-01
 -4.19828057e-01 -3.68041307e-01 -3.09794277e-01 -2.50505507e-01
 -2.09181532e-01 -1.67192683e-01 -1.45773560e-01 -1.23879656e-01
 -1.11175485e-01 -1.14754483e-01 -1.26667768e-01 -1.58809200e-01
 -1.92230254e-01 -2.20986843e-01 -2.62685627e-01 -2.96998203e-01
 -3.23933870e-01 -3.64658684e-01 -4.13883418e-01 -4.90322649e-01
 -5.54015756e-01 -6.12142742e-01 -6.53614759e-01 -7.00193465e-01
 -7.41527975e-01 -8.03842962e-01 -8.60581994e-01 -9.11031723e-01
 -9.69458401e-01 -1.00044000e+00 -1.04398441e+00 -1.08744681e+00
 -1.13962293e+00 -1.16679800e+00 -1.15208256e+00 -1.12774050e+00
 -1.07620776e+00 -1.02564418e+00 -9.64632869e-01 -8.88504028e-01
 -8.26292157e-01 -7.53010571e-01 -6.86344147e-01 -6.12802625e-01
 -5.44260263e-01 -4.72739458e-01 -4.07135844e-01 -3.41922313e-01
 -2.76180536e-01 -2.14855745e-01 -1.47989333e-01 -9.05631781e-02
 -3.95985134e-02  1.83874667e-02  9.01679322e-02  1.58293530e-01
  2.18827680e-01  2.84492433e-01  3.37348849e-01  3.56584460e-01
  3.66498500e-01  3.60290915e-01  3.44586968e-01  3.33811313e-01
  3.07706416e-01  2.93114990e-01  2.75530875e-01  2.82297403e-01
  3.12707812e-01  3.34073275e-01  3.59053433e-01  3.79610032e-01
  3.73116344e-01  3.54177743e-01  3.44351649e-01  3.47414106e-01
  3.38910729e-01  3.30990285e-01  3.48174274e-01  3.82994324e-01
  4.12618130e-01  4.42990214e-01  4.85230803e-01  5.17549157e-01
  5.61516166e-01  5.92205405e-01  6.10581040e-01  6.16562665e-01
  6.29823625e-01  6.42163217e-01  6.32467985e-01  6.19014561e-01
  5.90996385e-01]
[ 9.72862318e-02 -5.24405241e-02 -1.37058184e-01 -2.25766659e-01
 -3.08030277e-01 -3.39006752e-01 -3.62535894e-01 -3.65354121e-01
 -3.86114389e-01 -4.19759840e-01 -4.33306247e-01 -4.42138612e-01
 -4.98121381e-01 -5.53607464e-01 -5.85376441e-01 -6.25574589e-01
 -6.75692260e-01 -7.37312555e-01 -8.05142760e-01 -8.44895899e-01
 -8.76319766e-01 -9.12268341e-01 -9.29378331e-01 -9.28239465e-01
 -8.95543516e-01 -8.65540922e-01 -8.47266495e-01 -8.26416790e-01
 -8.07238042e-01 -7.74591327e-01 -7.21514881e-01 -6.75932109e-01
 -6.63184702e-01 -6.37352109e-01 -6.09635830e-01 -5.80699682e-01
 -5.37418604e-01 -5.04013836e-01 -4.39047396e-01 -4.09297973e-01
 -3.75413716e-01 -3.33497018e-01 -3.14452142e-01 -2.60270476e-01
 -2.50415921e-01 -2.44524747e-01 -2.74895608e-01 -3.41778249e-01
 -4.12804335e-01 -4.77517992e-01 -5.43792307e-01 -5.99795878e-01
 -6.72712028e-01 -6.78571284e-01 -6.79862320e-01 -6.89208984e-01
 -6.99851096e-01 -7.01721370e-01 -7.00318396e-01 -6.91764772e-01
 -6.58892870e-01 -6.82819664e-01 -6.75665259e-01 -6.91728115e-01
 -7.26583660e-01 -7.34784663e-01 -6.75302505e-01 -6.54411018e-01
 -6.35241508e-01 -5.81581354e-01 -5.43088913e-01 -4.95351106e-01
 -4.68380868e-01 -4.82892781e-01 -5.17107069e-01 -5.55287719e-01
 -5.77222526e-01 -5.45561135e-01 -5.20888805e-01 -5.01011133e-01
 -4.84089553e-01 -4.71101850e-01 -4.17994261e-01 -3.30898643e-01
 -2.16939390e-01 -1.12898350e-01  1.00445766e-02  1.14103183e-01
  2.19145715e-01  3.12703341e-01  4.06099558e-01  4.72623497e-01
  5.79394221e-01  7.07554102e-01  8.30614328e-01  9.27349269e-01
  1.05444765e+00  1.14485264e+00  1.23640251e+00  1.32170475e+00
  1.38031316e+00  1.42881036e+00  1.46287584e+00  1.51295137e+00
  1.57968462e+00  1.59685278e+00  1.60989201e+00  1.58194721e+00
  1.48854089e+00  1.41862404e+00  1.35077059e+00  1.26609993e+00
  1.19916630e+00  1.12918735e+00  1.05370390e+00  9.67009127e-01
  8.63926947e-01  7.74223924e-01  7.23760903e-01  6.53250635e-01
  6.01932883e-01  5.40475368e-01  4.54944730e-01  3.80615264e-01
  2.98647821e-01  2.49473810e-01  1.99454233e-01  1.57666951e-01
  1.13461062e-01  8.96522924e-02  4.07955311e-02 -3.11722775e-04
 -4.99479994e-02 -6.65913448e-02 -7.56180659e-02 -1.06951438e-01
 -1.31244540e-01 -1.56992555e-01 -2.15531662e-01 -2.85122544e-01
 -3.58436286e-01 -4.12372768e-01 -4.49174464e-01 -5.17022312e-01
 -5.25844455e-01 -5.41521847e-01 -5.80731153e-01 -6.33895159e-01
 -7.11543679e-01 -7.74454832e-01 -8.26696157e-01 -8.14241290e-01
 -7.78614342e-01 -7.59090960e-01 -7.01067030e-01 -6.25632107e-01
 -4.95914638e-01]
[ 5.04671037e-03 -2.49185856e-03 -1.01520652e-02 -1.71879642e-02
 -2.43397113e-02 -3.20099071e-02 -3.94696519e-02 -4.64753769e-02
 -5.37231863e-02 -5.97626120e-02 -6.50043264e-02 -7.05475435e-02
 -7.51284808e-02 -7.90027305e-02 -8.26239660e-02 -8.59663412e-02
 -8.91180262e-02 -9.18336809e-02 -9.31835100e-02 -9.41089243e-02
 -9.44032520e-02 -9.52248201e-02 -9.56729129e-02 -9.44126919e-02
 -9.37907994e-02 -9.34825018e-02 -9.25003067e-02 -9.20739248e-02
 -9.12185237e-02 -8.92941803e-02 -8.70894864e-02 -8.48038495e-02
 -8.22297856e-02 -7.95079246e-02 -7.68738389e-02 -7.41544366e-02
 -7.17706308e-02 -6.90613016e-02 -6.66810945e-02 -6.46764338e-02
 -6.30907714e-02 -6.26472607e-02 -6.22181781e-02 -6.15373962e-02
 -6.06289096e-02 -6.16377592e-02 -6.22946844e-02 -6.21384420e-02
 -6.09871112e-02 -5.93631677e-02 -5.75984567e-02 -5.60693406e-02
 -5.46571128e-02 -5.29651865e-02 -5.07538728e-02 -4.84296419e-02
 -4.63413484e-02 -4.38837893e-02 -4.09912765e-02 -3.79764028e-02
 -3.49891782e-02 -3.30276452e-02 -3.11190151e-02 -2.95220595e-02
 -2.77221594e-02 -2.57139895e-02 -2.35894341e-02 -2.14711633e-02
 -1.99095868e-02 -1.90850720e-02 -1.83253996e-02 -1.80140026e-02
 -1.73263531e-02 -1.70044005e-02 -1.74352247e-02 -1.78630855e-02
 -1.91977322e-02 -2.11457219e-02 -2.27153748e-02 -2.46100966e-02
 -2.71895137e-02 -2.99349129e-02 -3.33360918e-02 -3.61574925e-02
 -3.93765308e-02 -4.20609526e-02 -4.38644886e-02 -4.60409634e-02
 -4.82903682e-02 -4.97352146e-02 -5.06076366e-02 -5.16131595e-02
 -5.32468297e-02 -5.46986274e-02 -5.67152500e-02 -5.89929819e-02
 -6.16762005e-02 -6.32941127e-02 -6.61465004e-02 -6.76581115e-02
 -6.92336857e-02 -6.94775209e-02 -6.89888746e-02 -6.88491091e-02
 -6.85582161e-02 -6.69847876e-02 -6.67869523e-02 -6.54634088e-02
 -6.51229322e-02 -6.50526360e-02 -6.45220950e-02 -6.39663935e-02
 -6.33219779e-02 -6.19537830e-02 -6.05026595e-02 -5.91116212e-02
 -5.92017509e-02 -5.89110032e-02 -5.89581206e-02 -5.79185076e-02
 -5.65701909e-02 -5.50174564e-02 -5.34019358e-02 -5.18454351e-02
 -5.05055077e-02 -4.87824157e-02 -4.72655110e-02 -4.63978462e-02
 -4.63290401e-02 -4.62220609e-02 -4.49514687e-02 -4.40588184e-02
 -4.30627242e-02 -4.11245562e-02 -3.82887609e-02 -3.47764194e-02
 -3.14840414e-02 -2.88497079e-02 -2.54286453e-02 -2.17926502e-02
 -1.87379289e-02 -1.55278491e-02 -1.14511941e-02 -6.99803559e-03
 -3.75674805e-03 -5.16697801e-05  4.00759093e-03  8.73843674e-03
  1.30722513e-02  1.75488330e-02  2.20390465e-02  2.66128108e-02
  3.05737257e-02  3.45894136e-02  3.78089659e-02  4.04923894e-02
  4.35800739e-02  4.58238386e-02  4.81024981e-02  4.99005355e-02
  4.99874167e-02  5.08497953e-02  5.28083369e-02  5.48406690e-02
  5.75932376e-02  5.96715659e-02  6.16378151e-02  6.26458749e-02
  6.28851131e-02  6.27751201e-02  6.32159114e-02  6.24989159e-02
  6.16555214e-02  6.04107901e-02  6.01192489e-02  5.95939122e-02
  5.84368370e-02  5.65528162e-02  5.58979288e-02  5.56778647e-02
  5.49654327e-02  5.39582483e-02  5.17645739e-02  4.95401733e-02
  4.79060635e-02  4.62566651e-02  4.51078750e-02  4.40433621e-02
  4.26473767e-02  4.10045609e-02  3.91821228e-02  3.77071612e-02
  3.47648226e-02  3.31247523e-02  3.15927900e-02  3.05933971e-02
  2.89171506e-02  2.73774173e-02  2.50390898e-02  2.26405598e-02
  1.97720397e-02  1.71964802e-02  1.38165271e-02  1.10392887e-02
  8.25147890e-03  5.48992027e-03  2.91166804e-03  7.03643367e-04
 -1.26009691e-03 -2.51557189e-03 -3.18942033e-03 -3.10579943e-03
 -2.20325799e-03 -1.14861620e-03 -5.04746102e-04  1.28399814e-03
  3.22763436e-03  5.12229837e-03  6.32001460e-03  7.28784828e-03
  9.25021991e-03  1.16317840e-02  1.47337774e-02  1.82498097e-02
  2.24648789e-02  2.68370565e-02  3.11230142e-02  3.48265655e-02
  3.87928374e-02  4.22017239e-02  4.58681993e-02  4.96798269e-02
  5.23252375e-02  5.41109256e-02  5.52977398e-02  5.64197712e-02
  5.71134910e-02  5.79618849e-02  5.72642609e-02  5.61301596e-02
  5.51400408e-02  5.22460304e-02  5.00400141e-02  4.87778001e-02
  4.69309576e-02  4.42894474e-02  4.19845581e-02  3.98641191e-02
  3.72264870e-02  3.44389714e-02  3.08099110e-02  2.84681041e-02
  2.66447198e-02  2.41830368e-02  2.14180145e-02  1.89192388e-02
  1.63162760e-02  1.39200101e-02  1.20139802e-02  1.02180233e-02
  8.28448683e-03  5.49215451e-03  2.29845080e-03 -7.04193080e-04
 -4.14871890e-03 -6.79359958e-03 -9.12870839e-03 -1.21174781e-02
 -1.45435296e-02 -1.69829931e-02 -1.92017555e-02 -2.14516632e-02
 -2.50137430e-02 -2.83509996e-02 -3.11000366e-02 -3.24307531e-02
 -3.43944356e-02 -3.68021391e-02 -3.85879502e-02 -4.07403223e-02
 -4.02385965e-02 -3.99338007e-02 -4.01348211e-02 -3.84848714e-02
 -3.62348258e-02 -3.42467390e-02 -3.13783884e-02 -2.77568735e-02
 -2.33015791e-02 -1.83499753e-02 -1.23617696e-02 -5.85241150e-03
  7.63830205e-04  7.83891696e-03  1.60838608e-02  2.44677886e-02
  3.35906036e-02  4.26730141e-02]
[-2.40732133e-02 -4.76194322e-02 -7.20461681e-02 -9.45143104e-02
 -1.16857022e-01 -1.37857988e-01 -1.57434955e-01 -1.75786406e-01
 -1.91599488e-01 -2.05221280e-01 -2.17379078e-01 -2.29601219e-01
 -2.39540085e-01 -2.47236416e-01 -2.53677964e-01 -2.59683907e-01
 -2.64336914e-01 -2.64882594e-01 -2.63132632e-01 -2.58718967e-01
 -2.53620058e-01 -2.46091500e-01 -2.36667946e-01 -2.28703812e-01
 -2.20020264e-01 -2.14503288e-01 -2.05017835e-01 -1.95680663e-01
 -1.86475635e-01 -1.76655918e-01 -1.65784061e-01 -1.55511618e-01
 -1.45864069e-01 -1.38235465e-01 -1.30773455e-01 -1.23279594e-01
 -1.18496552e-01 -1.13831021e-01 -1.09006882e-01 -1.02720827e-01
 -9.80195701e-02 -9.55761969e-02 -9.27759185e-02 -9.11438912e-02
 -9.39640775e-02 -9.54935998e-02 -9.92711335e-02 -1.03376307e-01
 -1.08548239e-01 -1.13398306e-01 -1.19263306e-01 -1.23371236e-01
 -1.27370551e-01 -1.31892711e-01 -1.33961469e-01 -1.34952217e-01
 -1.36568710e-01 -1.38880640e-01 -1.40834913e-01 -1.44743726e-01
 -1.44695431e-01 -1.45498142e-01 -1.47185326e-01 -1.48476705e-01
 -1.46904379e-01 -1.44391775e-01 -1.39577404e-01 -1.33779258e-01
 -1.28094986e-01 -1.22207627e-01 -1.16410941e-01 -1.09045453e-01
 -1.02637634e-01 -9.39273313e-02 -8.40144753e-02 -7.23962039e-02
 -5.88877164e-02 -4.54209596e-02 -3.39047313e-02 -2.20307615e-02
 -1.19918408e-02 -4.04912233e-03  2.67319544e-03  9.53904074e-03
  1.44637348e-02  2.03906409e-02  2.53542792e-02  2.59638913e-02
  2.70194281e-02  2.97533646e-02  3.15049179e-02  3.38623449e-02
  3.78627926e-02  4.14045304e-02  4.46922854e-02  5.10652401e-02
  5.87410703e-02  6.51695728e-02  7.01718777e-02  7.32274950e-02
  7.76937231e-02  8.31175223e-02  8.92211646e-02  9.54912305e-02
  1.02885559e-01  1.06933698e-01  1.09564342e-01  1.11079209e-01
  1.08476855e-01  1.07556768e-01  1.05203457e-01  1.01625264e-01
  9.84422341e-02  9.49479565e-02  9.26681012e-02  8.98064300e-02
  8.54603350e-02  8.31272453e-02  7.89358318e-02  7.62765706e-02
  7.17594102e-02  6.92620948e-02  6.53487518e-02  6.45600781e-02
  6.18795305e-02  5.91134317e-02  5.85590005e-02  5.56898303e-02
  5.15891947e-02  5.12568392e-02  4.68489043e-02  4.38026823e-02
  4.22004014e-02  4.21302579e-02  4.18146886e-02  4.18164022e-02
  4.17700484e-02  4.24685255e-02  4.12122346e-02  3.97551693e-02
  4.02899384e-02  3.99311222e-02  3.80601175e-02  3.40107903e-02
  2.88971141e-02  2.44975071e-02  2.05741655e-02  1.81890074e-02
  1.69939119e-02  1.47333080e-02  1.32958461e-02  1.25884572e-02
  1.13144238e-02  7.75668211e-03  4.22622729e-03  3.19206528e-03
  9.67175311e-06 -2.01176945e-03 -3.40388343e-03 -5.38086565e-03
 -6.18252810e-03 -7.14610470e-03 -6.65479666e-03 -8.43754504e-03
 -1.17179258e-02 -1.65631250e-02 -2.30952818e-02 -3.13332230e-02
 -3.94901708e-02 -4.86194044e-02 -5.61218299e-02 -6.23401515e-02
 -6.83986247e-02 -7.36013576e-02 -7.93299451e-02 -8.38533193e-02
 -8.50311369e-02 -8.48783925e-02 -8.33329707e-02 -8.24396312e-02
 -8.18497613e-02 -7.83414468e-02 -7.50480741e-02 -7.32406229e-02
 -7.12334961e-02 -6.91268891e-02 -6.59596622e-02 -6.30010813e-02
 -5.92020825e-02 -5.85667603e-02 -5.51254675e-02 -5.29533252e-02
 -5.11972643e-02 -5.00664860e-02 -4.87937182e-02 -4.68724966e-02
 -4.72235344e-02 -4.80502248e-02 -4.90402877e-02 -5.44928536e-02
 -6.13844879e-02 -7.08194375e-02 -7.77462795e-02 -8.40801150e-02
 -9.08535495e-02 -9.46929306e-02 -1.00029349e-01 -1.05894633e-01
 -1.12521634e-01 -1.15428142e-01 -1.17881447e-01 -1.19169950e-01
 -1.18368745e-01 -1.20114841e-01 -1.20576724e-01 -1.17500000e-01
 -1.13205679e-01 -1.07208058e-01 -1.01025663e-01 -9.45702866e-02
 -8.82190242e-02 -8.16325396e-02 -7.38579631e-02 -6.80183768e-02
 -6.37280568e-02 -6.17828891e-02 -5.87908849e-02 -5.71534932e-02
 -5.69131486e-02 -5.62381633e-02 -5.64408079e-02 -5.52127771e-02
 -5.16884439e-02 -4.71646935e-02 -4.40586880e-02 -4.22037207e-02
 -3.95960733e-02 -3.95744033e-02 -3.84348743e-02 -3.87896150e-02
 -3.79695483e-02 -3.71263996e-02 -3.53553817e-02 -3.34664434e-02
 -3.36134806e-02 -3.26547362e-02 -3.08817849e-02 -2.94003095e-02
 -2.78788209e-02 -2.78598312e-02 -2.88007651e-02 -2.74813380e-02
 -2.71234084e-02 -2.65040100e-02 -2.54869200e-02 -2.43674368e-02
 -2.25988142e-02 -2.20758896e-02 -1.84664559e-02 -1.65404249e-02
 -1.77799165e-02 -1.81898288e-02 -1.86860804e-02 -1.93014033e-02
 -1.90602373e-02 -1.68673582e-02 -1.37984622e-02 -1.06235063e-02
 -5.98533871e-03 -1.63409614e-03  2.50925613e-03  6.43971562e-03
  8.16752482e-03  8.01557116e-03  8.47842544e-03  9.09766927e-03
  1.02750324e-02  1.08276466e-02  1.07679050e-02  1.19386921e-02
  1.40915699e-02  1.92882363e-02  2.51887441e-02  3.22760642e-02
  4.04283181e-02  5.25418296e-02  6.44493476e-02  7.76024461e-02
  8.85589346e-02  1.01655155e-01  1.09723695e-01  1.16817005e-01
  1.24993004e-01  1.33110180e-01  1.38299257e-01  1.42279774e-01
  1.45636290e-01  1.47485644e-01  1.47980243e-01  1.45483166e-01
  1.43988654e-01  1.43015534e-01  1.42118424e-01  1.41036794e-01
  1.41635492e-01  1.37697622e-01  1.35839835e-01  1.35927111e-01
  1.37211472e-01  1.38468608e-01  1.40727863e-01  1.42263636e-01
  1.46369636e-01  1.50599182e-01  1.55394241e-01  1.58684015e-01
  1.63429856e-01  1.67693123e-01  1.69151515e-01  1.72133937e-01
  1.74660116e-01  1.76316321e-01  1.73918843e-01  1.72175020e-01
  1.67728916e-01  1.63267285e-01  1.58002228e-01  1.53299481e-01
  1.46664828e-01  1.40806869e-01  1.34294629e-01  1.29697055e-01
  1.25702769e-01  1.20935403e-01  1.17403552e-01  1.13404468e-01
  1.07518621e-01  1.01445995e-01  9.50914621e-02  8.89193565e-02
  8.33097249e-02  8.22006464e-02  8.01030174e-02  7.76849017e-02
  7.65671879e-02  7.51959980e-02  7.41991997e-02  7.39602894e-02
  7.39884824e-02  7.41867498e-02  7.65367672e-02  7.94392675e-02
  8.26609433e-02  8.57694745e-02  8.94914716e-02  9.20016170e-02
  9.58120748e-02  1.00172222e-01  1.03552759e-01  1.05291516e-01
  1.04708605e-01  1.03825778e-01  1.05231293e-01  1.05460458e-01
  1.04085632e-01  1.03132889e-01  9.98747051e-02  9.51752588e-02
  8.91697928e-02  8.00136104e-02  7.25053325e-02  6.39579669e-02
  5.18131629e-02  4.20766957e-02  3.44616696e-02  2.81638671e-02
  2.07514167e-02  1.47402603e-02  8.62894207e-03 -7.78774498e-04
 -1.02394475e-02 -1.80440079e-02 -2.73009203e-02 -3.64797115e-02
 -4.46795747e-02 -5.41100726e-02 -6.39946312e-02 -7.46968463e-02
 -8.23288411e-02 -9.34899002e-02 -1.03617921e-01 -1.13495924e-01
 -1.23696655e-01 -1.33068696e-01 -1.42394900e-01 -1.49279192e-01
 -1.55384630e-01 -1.62674353e-01 -1.70079157e-01 -1.71900839e-01
 -1.76259801e-01 -1.77386165e-01 -1.78249329e-01 -1.79262429e-01
 -1.81346312e-01 -1.81395203e-01 -1.77497268e-01 -1.75169662e-01
 -1.73878536e-01 -1.68617189e-01 -1.64263785e-01 -1.58937231e-01
 -1.50063351e-01 -1.39289439e-01 -1.28629625e-01 -1.15796216e-01
 -1.00792252e-01 -8.28860924e-02 -6.46940470e-02 -4.47635278e-02
 -2.25099456e-02 -7.50027597e-04  2.15887837e-02  4.54197489e-02]
