[ 5.02006442e-04 -7.57333497e-03 -1.61625389e-02 -1.49451504e-02
 -1.54016670e-02 -7.98778050e-03 -3.30627966e-03  8.91988748e-04
 -9.57505254e-05 -1.31130656e-02 -2.00633127e-02 -2.52477750e-02
 -2.63367109e-02 -2.45673656e-02 -3.17856409e-02 -4.39856835e-02
 -4.97030094e-02 -5.14448434e-02 -5.54526076e-02 -6.37269467e-02
 -7.18375742e-02 -8.81814361e-02 -9.12865400e-02 -1.16010696e-01
 -1.30332038e-01 -1.46783426e-01 -1.48016483e-01 -1.53959662e-01
 -1.51065335e-01 -1.47999808e-01 -1.40475452e-01 -1.36865407e-01
 -1.46819726e-01]
[-0.06338228 -0.0454025  -0.05593397 -0.04712303 -0.05499136 -0.05806552
 -0.05348936 -0.08068593 -0.07954016 -0.06560727 -0.08953459 -0.08509808
 -0.0723953  -0.07515059 -0.06732738 -0.09138349 -0.07059463 -0.0451879
 -0.05069743 -0.06714848 -0.0481867  -0.01854839 -0.00301709  0.01478189
  0.00950039  0.01712517  0.01178925  0.01234068  0.00447523 -0.01187154
 -0.02593349 -0.02218964 -0.00988471 -0.01180762 -0.00961245 -0.01407631
 -0.01639846 -0.02762385 -0.02799216 -0.01748243 -0.02158799 -0.03075507
 -0.03219023 -0.0393834  -0.06475884 -0.03801689 -0.05188705 -0.06533775
 -0.04615686 -0.04343985 -0.06767233 -0.09726013 -0.10093466 -0.12475139
 -0.15527639 -0.1444553  -0.19541827 -0.19656296 -0.22174469 -0.24239822
 -0.2357136  -0.2295301  -0.25811198 -0.26794499 -0.23546262 -0.21673022
 -0.22373991 -0.2240338 ]
[-0.1106111  -0.10575475 -0.0847702  -0.09082782 -0.08004029 -0.09970243
 -0.10076081 -0.12792063 -0.11812069 -0.12381585 -0.147411   -0.14143342
 -0.13530643 -0.14700794 -0.13286605 -0.12276631 -0.09566259 -0.05423538
 -0.04615026 -0.02294198 -0.01526174  0.01110877  0.01180104  0.02410614
  0.03699052  0.05591746  0.06824863  0.05047266  0.05179487  0.03545124
  0.02481     0.01767624  0.01364861  0.01885889  0.01773768  0.02360931
  0.02756725  0.01998197  0.00251414 -0.0042465  -0.00047641 -0.00314248
 -0.00664239 -0.01124804 -0.02701432 -0.02856138 -0.04344488 -0.06199019
 -0.06022449 -0.06556804 -0.07063343 -0.06276701 -0.09090823 -0.11178655
 -0.14193705 -0.15487355 -0.17417924 -0.20488453 -0.22641505 -0.23369797
 -0.2341321  -0.22513317 -0.25168702 -0.2420267  -0.25697383 -0.25403035
 -0.25854871 -0.24754311 -0.23441631 -0.24582613 -0.27009034]
[-0.14093503 -0.13978852 -0.12993127 -0.1216772  -0.11045658 -0.10908565
 -0.12539868 -0.13788199 -0.14156632 -0.15340297 -0.14942396 -0.16444938
 -0.17132491 -0.17026481 -0.15264548 -0.15319434 -0.12836415 -0.07996638
 -0.03095175 -0.02547663 -0.01715273  0.01972542  0.0369378   0.04022073
  0.0458535   0.06824524  0.08228326  0.08485574  0.08075043  0.07426658
  0.05120045  0.04006346  0.03183312  0.03511885  0.03177673  0.03306403
  0.03131265  0.02926918  0.02351312  0.00410255  0.02178591  0.00391366
 -0.00595299 -0.0125126  -0.01720697 -0.03777709 -0.05028057 -0.06972223
 -0.10336453 -0.08325685 -0.08234177 -0.09917935 -0.11077751 -0.12918694
 -0.14835408 -0.1916074  -0.19804578 -0.23347363 -0.24633212 -0.24832737
 -0.26553932 -0.24505116 -0.24979906 -0.25350019 -0.26459599 -0.26148522
 -0.26974785 -0.26340896 -0.25327408 -0.25440773 -0.27015495 -0.28512025
 -0.3107554 ]
[-0.30179596 -0.28151235 -0.27015451 -0.24882333 -0.22961816 -0.20762619
 -0.19433631 -0.18872483 -0.19131319 -0.20009813 -0.20843853 -0.2101481
 -0.2049825  -0.20655753 -0.19412278 -0.18097466 -0.15655786 -0.1505563
 -0.1349096  -0.10600198 -0.07952005 -0.06806725 -0.05500277 -0.04363223
 -0.04756935 -0.04423886 -0.04148871 -0.06468607 -0.08205083 -0.09682316
 -0.11318821 -0.13487594 -0.13152467 -0.12948436 -0.11888052 -0.10640261
 -0.10919969 -0.1134534  -0.10607576 -0.10979966 -0.09789293 -0.09126885
 -0.08567119 -0.09246763 -0.10301398 -0.09527601 -0.09291823 -0.09796177
 -0.1003467  -0.09466725 -0.09664268 -0.10647866 -0.11347859 -0.11134683
 -0.11336511 -0.11897083 -0.13078193 -0.12937537 -0.11271479 -0.09196284
 -0.07860608 -0.07203698 -0.06672205 -0.0547511  -0.03884475 -0.04990834
 -0.06640629 -0.07724485 -0.09471866 -0.11511203 -0.1340069  -0.1619195
 -0.19935222 -0.21572618 -0.23300523 -0.2621547  -0.28125325 -0.29855672
 -0.32617286 -0.34318161 -0.35797086 -0.38649747 -0.38151699 -0.39174643
 -0.39422175 -0.40311503 -0.4151589  -0.43086982 -0.4434194  -0.43568707
 -0.43696845 -0.45209077 -0.45483014 -0.46110469 -0.45246327 -0.4586145
 -0.47141153 -0.47221443 -0.4884766  -0.52125579 -0.54906231 -0.55660087
 -0.58098286]
[-0.27086064 -0.24137992 -0.21160236 -0.18377057 -0.1492403  -0.13481414
 -0.11785016 -0.11620651 -0.11827991 -0.12338011 -0.13194098 -0.13513446
 -0.14191294 -0.14091866 -0.1422523  -0.15005468 -0.13514604 -0.12048519
 -0.10268124 -0.08608947 -0.07230734 -0.06148766 -0.0570698  -0.05700798
 -0.05914123 -0.05947191 -0.05449969 -0.05597179 -0.07188578 -0.08934287
 -0.11019484 -0.14441274 -0.15651    -0.15673779 -0.14897755 -0.14121756
 -0.12081367 -0.10666458 -0.09215035 -0.08439516 -0.08254908 -0.07612283
 -0.07914533 -0.09109745 -0.09470727 -0.10478438 -0.11187471 -0.11816295
 -0.13922501 -0.13464414 -0.13952267 -0.14544687 -0.1373062  -0.13412502
 -0.13948542 -0.1497058  -0.16419241 -0.16369775 -0.14303011 -0.1208479
 -0.10787092 -0.09453665 -0.06260742 -0.04085071 -0.03314491 -0.02807651
 -0.0246291  -0.03703522 -0.03696132 -0.04942086 -0.08486265 -0.12114417
 -0.1264502  -0.15202461 -0.18658516 -0.20232536 -0.24052636 -0.28225422
 -0.29631469 -0.32724789 -0.36044431 -0.38654408 -0.41417262 -0.42982379
 -0.4796443  -0.50100839 -0.510023   -0.53077078 -0.52196264 -0.51420403
 -0.52195638 -0.50651509 -0.49147159 -0.46641806 -0.44939861 -0.45171085
 -0.43996397 -0.42076623 -0.39750341 -0.40105483 -0.39750531 -0.39330834
 -0.39950266 -0.42231584 -0.44858998 -0.44077015 -0.4477796  -0.46754661
 -0.48205158 -0.48563954 -0.49210045]
[-0.12523191 -0.0916166  -0.06173653 -0.03250849 -0.00473341  0.02098703
  0.05086109  0.07538582  0.10852171  0.13642551  0.17014855  0.20200619
  0.23037103  0.26483089  0.29542649  0.31815845  0.34600759  0.37445751
  0.40786722  0.43941754  0.46225539  0.49223787  0.51734346  0.54200393
  0.56817174  0.59810847  0.62476397  0.6486398   0.6862089   0.71400797
  0.73975033  0.76565045  0.79470348  0.81000638  0.8239705   0.84693307
  0.86901611  0.88762784  0.9087047   0.9291203   0.94036448  0.96097201
  0.97837937  1.00309789  1.02084386  1.04458594  1.06236935  1.08172774
  1.1026119   1.12155318  1.14437175  1.16183376  1.17437637  1.18554902
  1.1968298   1.19552577  1.19536769  1.19026709  1.18969846  1.18060708
  1.16912639  1.15772331  1.14498913  1.13354731  1.10670269  1.08226681
  1.05703413  1.0293057   1.0050422   0.98557621  0.95622987  0.93528116
  0.91220289  0.88544625  0.85612684  0.82504338  0.79663652  0.76285851
  0.73667139  0.70371789  0.67378557  0.64299518  0.60494584  0.56632102
  0.52798021  0.48755494  0.44858482  0.41112483  0.37193862  0.33877322
  0.29313505  0.24870522  0.20687328  0.16184972  0.11903153  0.07563078
  0.03057943 -0.01233875 -0.05864391 -0.10395227 -0.15261063 -0.19288719
 -0.23574993 -0.27771404 -0.31983259 -0.36237392 -0.40421981 -0.44710609
 -0.48368427 -0.51695091 -0.55821055 -0.59295732 -0.6303466 ]
[ 7.64077187e-01  7.48904228e-01  7.31598139e-01  7.30531991e-01
  7.28495419e-01  7.17239678e-01  7.04082608e-01  6.77901208e-01
  6.53328240e-01  6.20228052e-01  5.76921940e-01  5.38801670e-01
  4.93002295e-01  4.48027253e-01  4.17412698e-01  3.90852153e-01
  3.76363605e-01  3.69837493e-01  3.51098627e-01  3.14442575e-01
  2.88309157e-01  2.62673438e-01  2.27399036e-01  1.92861468e-01
  1.47017747e-01  1.20010681e-01  1.16163790e-01  1.12583891e-01
  1.02243207e-01  8.95294845e-02  8.63502324e-02  6.63367659e-02
  5.80978170e-02  5.13348766e-02  5.18304147e-02  5.31092808e-02
  4.24607322e-02  3.62143330e-02  2.71378867e-02  1.03744324e-02
 -4.99105023e-04 -1.76168717e-02 -4.36539873e-02 -7.13589117e-02
 -1.02143720e-01 -1.29895210e-01 -1.67364612e-01 -1.99861005e-01
 -2.39378229e-01 -2.68471926e-01 -3.06474566e-01 -3.42290431e-01
 -3.70575249e-01 -4.06308115e-01 -4.49224293e-01 -4.85816509e-01
 -5.29138923e-01 -5.68643272e-01 -5.96926093e-01 -6.15556896e-01
 -6.54860377e-01 -6.87356651e-01 -7.08843350e-01 -7.32560217e-01
 -7.69834518e-01 -7.93828309e-01 -8.29374015e-01 -8.67687821e-01
 -8.93435478e-01 -9.26367998e-01 -9.37871933e-01 -9.42303658e-01
 -9.54228938e-01 -9.46607113e-01 -9.49922621e-01 -9.51547742e-01
 -9.59383488e-01 -9.71085072e-01 -9.57532048e-01 -9.65203583e-01
 -9.76071060e-01 -9.84085143e-01 -9.93290603e-01 -9.75328624e-01
 -9.88561094e-01 -9.98671532e-01 -1.02648461e+00 -1.05822515e+00
 -1.08664048e+00 -1.09513795e+00 -1.07838190e+00 -1.07124424e+00
 -1.07750845e+00 -1.09929931e+00 -1.13078177e+00 -1.14942265e+00
 -1.16511762e+00 -1.17913806e+00 -1.16799057e+00 -1.14672124e+00
 -1.14031935e+00 -1.12385845e+00 -1.10956359e+00 -1.08974683e+00
 -1.05666971e+00 -1.02330887e+00 -9.71330643e-01 -9.26041365e-01
 -8.60985339e-01 -8.01246703e-01 -7.62243986e-01 -7.32608736e-01
 -6.96961462e-01]
[-0.55008382 -0.57651436 -0.60725874 -0.63559449 -0.65606469 -0.68065864
 -0.71240163 -0.74383414 -0.77361798 -0.78952169 -0.80371875 -0.83325946
 -0.85679007 -0.85797256 -0.87253588 -0.8848688  -0.89726001 -0.91921824
 -0.94255716 -0.94660652 -0.94795454 -0.95733726 -0.97711015 -0.97282815
 -0.9786824  -0.97441721 -0.97270066 -0.97320122 -0.97685295 -0.97546113
 -0.98178667 -0.96186113 -0.95327449 -0.92489004 -0.91331857 -0.91291547
 -0.88734353 -0.87081814 -0.84771955 -0.81086034 -0.785487   -0.76372135
 -0.74622834 -0.72254008 -0.69202548 -0.67503417 -0.65058148 -0.62396479
 -0.58401901 -0.55107808 -0.5248307  -0.49018422 -0.45884287 -0.4113799
 -0.37671095 -0.33498117 -0.3010456  -0.26334953 -0.22667708 -0.1928512
 -0.15273713 -0.11458582 -0.08621905 -0.04922394 -0.01742843  0.00195901
  0.02880497  0.06588437  0.09726265  0.12553665  0.16141112  0.19068721
  0.2122362   0.23964565  0.25851068  0.29303342  0.32089937  0.33841911
  0.36118421  0.38976601  0.417867    0.42579094  0.44781643  0.4704932
  0.47772276  0.50311607  0.50586486  0.51534975  0.52657253  0.53444618
  0.54336375  0.56422997  0.57833254  0.57801604  0.58781779  0.61161804
  0.62976336  0.65239626  0.67349243  0.69402117  0.71763033  0.73803777
  0.75659043  0.77923048  0.78438544  0.80214483  0.81687897  0.83432502
  0.85028398  0.85677707  0.8583619   0.8593266   0.86333811]
[-0.82185584 -0.84660244 -0.86550325 -0.87169737 -0.88551593 -0.90581512
 -0.91615605 -0.92383045 -0.94915849 -0.96009821 -0.96772742 -0.98384833
 -0.98373312 -0.9802497  -0.99064332 -1.00944889 -1.00516593 -1.00598633
 -1.00983572 -0.99332845 -0.99522763 -1.00167131 -0.97707891 -0.95194227
 -0.93727285 -0.93509752 -0.92463934 -0.90391254 -0.89481133 -0.86244738
 -0.82582498 -0.79044342 -0.75290835 -0.71282119 -0.68491679 -0.65371686
 -0.62342781 -0.5883981  -0.56239676 -0.54786885 -0.52328819 -0.48931289
 -0.45774195 -0.41900995 -0.38042581 -0.33985576 -0.29164189 -0.23740014
 -0.19457205 -0.14720021 -0.11256398 -0.068831   -0.02561891  0.00622439
  0.03194213  0.05426071  0.0840482   0.12317064  0.16349339  0.18629803
  0.20512766  0.23548131  0.25324896  0.28426233  0.31515756  0.34489036
  0.37986076  0.40441012  0.42120361  0.44670042  0.45775783  0.46812564
  0.48131168  0.49648598  0.49953991  0.50856996  0.51728678  0.51887268
  0.51714766  0.5210439   0.51858062  0.52498406  0.52386522  0.51377767
  0.51633894  0.52627879  0.52473384  0.50856256  0.49895659  0.5151459
  0.54797524  0.57762831  0.59668112  0.62309831  0.63969773  0.64851409
  0.66123539  0.66902173  0.67272151  0.68022323  0.69118583  0.72602028
  0.75719637  0.77412802  0.79167026  0.79663837  0.8025915   0.79505169
  0.79285038  0.78797096  0.76913679  0.75534707  0.74205369  0.75522   ]
[ 0.32070139  0.34911057  0.37559164  0.40283814  0.4309403   0.46147445
  0.49299824  0.52049708  0.54969984  0.57909942  0.60683286  0.63323867
  0.65943795  0.68741763  0.71309787  0.73954821  0.76593292  0.7931146
  0.81657082  0.8380875   0.85805011  0.87465     0.8928405   0.91098332
  0.93232316  0.9482404   0.96921146  0.9868961   1.00378036  1.02122474
  1.03560722  1.04933631  1.06162274  1.07904029  1.09023631  1.1035589
  1.11431372  1.12580538  1.13552725  1.1457864   1.14914846  1.15161669
  1.15020323  1.14505267  1.1394397   1.12975264  1.12314737  1.11362398
  1.1028502   1.09005678  1.07546246  1.05632305  1.03605747  1.01294315
  0.98964036  0.96431077  0.93827587  0.91371256  0.88830149  0.85979718
  0.83112496  0.80297774  0.77137518  0.73752564  0.70484215  0.67424101
  0.63717878  0.60350633  0.56722313  0.53286666  0.49267825  0.45241168
  0.40995979  0.36880866  0.32891795  0.28637472  0.24426018  0.20347853
  0.16306913  0.11974397  0.07650556  0.03390821 -0.00837721 -0.05284539
 -0.09545334 -0.14136232 -0.18412857 -0.22694117 -0.27130046 -0.31309503
 -0.35510585 -0.39569393 -0.43906203 -0.47559077 -0.51458651 -0.55234307
 -0.58854604 -0.62475783 -0.66054916 -0.69696885 -0.73086828 -0.76576114
 -0.80138057 -0.83073628 -0.8608523  -0.88936317 -0.91434622 -0.94174737
 -0.96493632 -0.98883742 -1.01098299 -1.03235757 -1.05365145 -1.07095575]
[ 0.45615754  0.43821836  0.41267833  0.39841473  0.37467313  0.33763382
  0.30981353  0.28835222  0.26798204  0.23623142  0.20732078  0.17487027
  0.1441582   0.11019278  0.08132792  0.05267816  0.03543252  0.01331091
 -0.00743422 -0.01340519 -0.02434528 -0.04073032 -0.06195954 -0.08534532
 -0.10011899 -0.11790299 -0.12587734 -0.1424617  -0.1670064  -0.19929184
 -0.22748633 -0.24578319 -0.25230217 -0.25878537 -0.26054028 -0.27823725
 -0.29625496 -0.31449464 -0.33685848 -0.36035487 -0.38689503 -0.39910617
 -0.4127036  -0.44320571 -0.48314297 -0.51948941 -0.55714309 -0.58817255
 -0.62528074 -0.64468384 -0.67521518 -0.72697121 -0.75020033 -0.79558396
 -0.82929265 -0.87204844 -0.90414494 -0.94265163 -0.96669471 -0.98501092
 -0.996795   -1.00260949 -0.99482232 -0.98579639 -0.99153775 -1.00507534
 -1.01291478 -1.00317895 -1.01316774 -1.00372171 -1.01273084 -1.01474416
 -1.00123    -0.98314804 -0.98101115 -0.97399622 -0.98469758 -1.01868165
 -1.02215838 -1.01009226 -0.98968071 -0.99386996 -0.97830343 -0.98387235
 -0.99118441 -0.99176234 -1.00501132 -1.01819825 -1.01466525 -1.00287485
 -0.9770782  -0.95192093 -0.91473544 -0.87607574 -0.84195036 -0.80429024
 -0.77549171 -0.7270202  -0.68125904 -0.65362072 -0.63909769 -0.61978966
 -0.5984726  -0.5655008  -0.53361946 -0.50978994 -0.47348484 -0.44960698
 -0.4293533  -0.38637602 -0.35370409 -0.32044569 -0.28434211 -0.23693663]
[-0.02346039 -0.03405119 -0.04717518 -0.05077089 -0.05318023 -0.04440662
 -0.05037061 -0.06440335 -0.07458226 -0.07771196 -0.10933154 -0.13332735
 -0.14349411 -0.14987822 -0.14005665 -0.12974766 -0.10997795 -0.08758382
 -0.08121576 -0.07720106 -0.08140641 -0.06508417 -0.05308511 -0.05520308
 -0.05317574 -0.05207095 -0.05143477 -0.05958153 -0.05289559 -0.05712945
 -0.05327481 -0.03593237 -0.0460914  -0.06136969 -0.05533567 -0.03837896
 -0.01947328 -0.00406136 -0.00862042 -0.02570377 -0.05339821 -0.05376456
 -0.05608264 -0.04434206 -0.05877334 -0.06835304 -0.07140065 -0.07803436
 -0.07636435 -0.07190363 -0.07339413 -0.07072166 -0.06677708 -0.06500443
 -0.0722651  -0.07683815 -0.09058528 -0.1072977  -0.10315725 -0.10243526
 -0.10945514 -0.10638193 -0.10813925 -0.09841047 -0.08654235 -0.07278474
 -0.05360319 -0.05020219 -0.03424238 -0.02478778 -0.01501848 -0.00600899
 -0.00617213 -0.01268726 -0.02544637 -0.02467425 -0.02100855 -0.0474871
 -0.04613492 -0.05098322 -0.06264366 -0.08306503 -0.10043221 -0.13113993
 -0.16084097 -0.18934676 -0.22298639 -0.25000718 -0.27683535 -0.30361483
 -0.32291678 -0.36993474 -0.38300338 -0.39755127 -0.39140716 -0.39967239
 -0.40970561 -0.42858136 -0.42899278 -0.43480855 -0.42613477 -0.41735739
 -0.40967676 -0.40368915 -0.38876027 -0.38045928 -0.38521779 -0.37273693
 -0.37619051 -0.35459018 -0.34780714 -0.34507662 -0.32145658 -0.29278255
 -0.26229897 -0.2513248  -0.24960619 -0.2380061  -0.24426328 -0.27662
 -0.28118989 -0.29539984 -0.30973724 -0.30251262 -0.30406722 -0.31511027
 -0.32122314 -0.31132403 -0.31617975 -0.30365708 -0.30089691 -0.30208573
 -0.31611982 -0.32503355 -0.33950624 -0.35669887 -0.35725901 -0.35086614
 -0.33861104 -0.32857707 -0.31314152 -0.2990436  -0.2808083  -0.25753596
 -0.24302043 -0.22347169 -0.19323103 -0.15449381 -0.10726578 -0.09636809
 -0.08585895 -0.06504029 -0.03149069  0.00501862  0.03772855  0.04783709
  0.06087323  0.08442158  0.10096323  0.10247006  0.11756424  0.13085771
  0.14396553  0.15005466  0.14370357  0.14880349  0.14461601]
[-7.51197562e-02 -7.27908909e-02 -7.07777590e-02 -6.90634623e-02
 -6.86431304e-02 -7.27727488e-02 -7.34203681e-02 -7.55517706e-02
 -7.42044076e-02 -7.33758435e-02 -7.51951039e-02 -7.96811655e-02
 -7.87050202e-02 -8.00298378e-02 -7.70055130e-02 -7.63868392e-02
 -6.61026016e-02 -5.43006808e-02 -4.81077135e-02 -4.29221652e-02
 -4.30947095e-02 -4.30442393e-02 -4.37359549e-02 -4.44957502e-02
 -4.52439263e-02 -4.31226976e-02 -4.44581658e-02 -4.44824323e-02
 -4.26555276e-02 -4.56492528e-02 -4.54710647e-02 -4.19543758e-02
 -4.28922176e-02 -4.33716290e-02 -3.77960838e-02 -3.49022225e-02
 -3.67079154e-02 -3.53446826e-02 -3.39359641e-02 -3.08800824e-02
 -2.97258347e-02 -2.38062385e-02 -2.05721185e-02 -1.58818215e-02
 -1.34088453e-02 -3.36780446e-03  5.91637986e-03  1.45577248e-02
  1.93444546e-02  2.12842301e-02  2.36357413e-02  1.99053548e-02
  2.14806050e-02  2.11089365e-02  1.79749988e-02  1.33998413e-02
  1.22878784e-02  9.45094880e-03  8.02247040e-03  9.68627911e-03
  2.16591684e-03 -4.66878153e-03 -1.41060241e-02 -2.40650456e-02
 -3.23372707e-02 -4.05834168e-02 -4.84990329e-02 -5.47430366e-02
 -6.03985749e-02 -6.83442950e-02 -7.65025392e-02 -8.14457759e-02
 -8.33924338e-02 -8.51236060e-02 -9.10104513e-02 -9.07966867e-02
 -9.62666199e-02 -1.07202604e-01 -1.17903516e-01 -1.25044122e-01
 -1.32340714e-01 -1.43127128e-01 -1.51022926e-01 -1.57324612e-01
 -1.63632840e-01 -1.72469303e-01 -1.78567037e-01 -1.82741418e-01
 -1.87773898e-01 -1.89459100e-01 -1.94896579e-01 -2.02470303e-01
 -2.09281102e-01 -2.13168129e-01 -2.14673892e-01 -2.16316968e-01
 -2.19947293e-01 -2.24003300e-01 -2.22966701e-01 -2.20218167e-01
 -2.18181029e-01 -2.19402671e-01 -2.18237624e-01 -2.14272171e-01
 -2.06518859e-01 -2.03904077e-01 -2.05262557e-01 -2.02230141e-01
 -2.04520971e-01 -2.04314232e-01 -2.06508830e-01 -2.11125761e-01
 -2.10221410e-01 -2.08237633e-01 -2.05035433e-01 -2.03216538e-01
 -1.93369478e-01 -1.85461253e-01 -1.78461790e-01 -1.74224675e-01
 -1.69935569e-01 -1.66005149e-01 -1.66261271e-01 -1.66994900e-01
 -1.65622294e-01 -1.68989062e-01 -1.68165758e-01 -1.65729985e-01
 -1.60990849e-01 -1.56364396e-01 -1.59401104e-01 -1.53126344e-01
 -1.43698454e-01 -1.37460172e-01 -1.41434088e-01 -1.43682837e-01
 -1.46120772e-01 -1.46811038e-01 -1.44736663e-01 -1.43330142e-01
 -1.39379099e-01 -1.39669731e-01 -1.38575882e-01 -1.38037041e-01
 -1.34591773e-01 -1.28541365e-01 -1.27128273e-01 -1.19415864e-01
 -1.12923309e-01 -1.04585342e-01 -9.46462378e-02 -8.49238485e-02
 -7.89268017e-02 -6.76210225e-02 -5.98409176e-02 -5.42626530e-02
 -4.74281535e-02 -4.24908847e-02 -3.67480740e-02 -3.04387230e-02
 -2.85232998e-02 -2.55047046e-02 -1.74829401e-02 -9.38390009e-03
 -2.59223883e-03  9.00887244e-05  5.81021933e-03  1.02154166e-02
  1.81629658e-02  2.13826410e-02  3.02095953e-02  3.52707058e-02
  4.09460254e-02  4.44606282e-02  4.21701446e-02  4.26544212e-02
  4.45011109e-02  4.41674627e-02  4.82471250e-02  5.24644256e-02
  5.71863391e-02  6.51275441e-02  7.64453858e-02  8.07253122e-02
  8.63334015e-02]
