[-0.06015556 -0.04526361 -0.05496502 -0.04622553 -0.04360771 -0.05802089
 -0.06868489 -0.07457375 -0.08377808 -0.07578549 -0.07484169 -0.06578987
 -0.06804556 -0.08133039 -0.07934283 -0.08241126 -0.06593338 -0.07881472
 -0.08257138 -0.07364801 -0.05862845 -0.0476873  -0.04874881 -0.03867289
 -0.04078667 -0.0337222  -0.02475988 -0.03283898 -0.03049201 -0.03597326
 -0.03552388 -0.03346738 -0.03653616 -0.05029012 -0.0425835  -0.04322724
 -0.05465409 -0.05522271 -0.04556375 -0.04857995 -0.05524178 -0.05948084
 -0.06670298 -0.05788604 -0.05710906 -0.06385666 -0.05131434 -0.0544569
 -0.06232075 -0.07327493 -0.06409742 -0.09180061 -0.10981574 -0.11338336
 -0.12166151 -0.13660996 -0.15967743 -0.19079539 -0.19884187 -0.1949414
 -0.20774837 -0.22000971 -0.21344563 -0.1845139  -0.18540515 -0.18148373]
[-0.0947717  -0.11238549 -0.11680059 -0.13065164 -0.14856659 -0.16978304
 -0.19462356 -0.21645792 -0.22268024 -0.2187402  -0.21001948 -0.21476883
 -0.22832084 -0.23661284 -0.24470945 -0.25483647 -0.26435781 -0.27087998
 -0.2761786  -0.31273574 -0.3287068  -0.34431145 -0.35942748 -0.39162269
 -0.40778565 -0.43174636 -0.46605361 -0.48250866 -0.47925273 -0.49587122
 -0.51169598 -0.53630269 -0.56121141 -0.59599137 -0.59855229 -0.60678148
 -0.62254602 -0.64069062 -0.65457785 -0.66398251 -0.66598243 -0.65181977
 -0.66693532 -0.67389506 -0.67160445 -0.68307418 -0.66914988 -0.64125562
 -0.61773461 -0.60863775 -0.60345918 -0.58543056 -0.56366974 -0.54453599
 -0.5631274  -0.57252932 -0.56758195 -0.56713843 -0.53906798 -0.53458369
 -0.52876806 -0.51953572 -0.52294761 -0.50659662 -0.49777314 -0.49101469
 -0.47115123 -0.46100694 -0.44658279 -0.42858395 -0.40926829 -0.39285156
 -0.36907405 -0.34450242 -0.29752487 -0.25356787 -0.22583239 -0.20598355
 -0.18446207 -0.1703328  -0.12986092]
[0.12830086 0.14958666 0.165087   0.18797007 0.22053331 0.25089374
 0.25658041 0.28477392 0.30646953 0.3202855  0.33775371 0.36043963
 0.35554081 0.37242061 0.41822588 0.4485611  0.49256283 0.52111357
 0.54579359 0.57176274 0.59509045 0.61966085 0.63855338 0.6638934
 0.67666274 0.68652594 0.69907039 0.73637319 0.75393593 0.79663807
 0.83571792 0.84388095 0.84369659 0.82624787 0.82697827 0.83912063
 0.8623358  0.88590473 0.90788954 0.96213007 1.01179302 1.04120469
 1.05397725 1.05655396 1.0847913  1.09711766 1.07924402 1.06810248
 1.05094218 1.02571988 0.99194598 0.95746231 0.90811414 0.86074746
 0.82178265 0.79358089 0.76746923 0.75441182 0.73476779 0.70469522
 0.68260843 0.65628183 0.63989872 0.63983244 0.62440401 0.5902881
 0.56664807 0.52687293 0.49058989 0.44400686 0.40563545 0.36328253
 0.33704731 0.31111974 0.27314293 0.25013134 0.21901439 0.18162082
 0.14073871 0.10182827 0.06437931]
[-0.20503061 -0.21328555 -0.2232907  -0.2092465  -0.20103504 -0.18924412
 -0.18250947 -0.17487243 -0.18091927 -0.17506465 -0.18439728 -0.19320573
 -0.17850076 -0.18591702 -0.18465866 -0.18954907 -0.18930277 -0.18085037
 -0.16031498 -0.14459915 -0.12545717 -0.1115635  -0.08801354 -0.06743345
 -0.05058663 -0.04113979 -0.02225729 -0.02124795 -0.0199539  -0.03490062
 -0.04488412 -0.03964    -0.03076936 -0.02838548 -0.00627287 -0.00850458
 -0.00943635 -0.03256046 -0.0306784  -0.02706226 -0.02663533 -0.02055638
 -0.01338127 -0.00543742  0.002793    0.02077507  0.03275179  0.04357005
  0.03632418  0.0384121   0.04462504  0.04654329  0.03578025  0.03870683
  0.02278218  0.01972364 -0.00251096 -0.03094145 -0.04092926 -0.05513289
 -0.06374606 -0.0732915  -0.09080888 -0.12217129 -0.14528136 -0.16218275
 -0.18534932 -0.19621281 -0.20786388 -0.21173856 -0.21833754 -0.20913398
 -0.22227493 -0.2613264  -0.26611638 -0.25962099 -0.27111033 -0.29179236
 -0.30957541 -0.32975084 -0.32906929 -0.3311581  -0.37145075 -0.41830814
 -0.46668467 -0.50555474 -0.5427916  -0.5801847  -0.6095556  -0.66429937
 -0.71598756]
[-0.26643735 -0.2362816  -0.20936047 -0.18243511 -0.1516476  -0.13935994
 -0.12240328 -0.12644589 -0.12599625 -0.12741843 -0.1299849  -0.13342708
 -0.1353144  -0.13672772 -0.13518164 -0.13858128 -0.1272784  -0.1121152
 -0.09626406 -0.07837982 -0.07325692 -0.06763609 -0.05576853 -0.05606825
 -0.06617562 -0.05925154 -0.05631191 -0.07870979 -0.08960762 -0.10526449
 -0.14496797 -0.17023808 -0.17011285 -0.16413732 -0.15939397 -0.14111546
 -0.12952894 -0.11951593 -0.10725443 -0.10201076 -0.10905555 -0.09382326
 -0.11054997 -0.10870643 -0.12118126 -0.1240374  -0.12627655 -0.13875778
 -0.14372919 -0.13879532 -0.14704572 -0.13895307 -0.1330045  -0.13211194
 -0.13254111 -0.14958447 -0.1531895  -0.1464518  -0.13042493 -0.1243664
 -0.10759877 -0.09206231 -0.06626497 -0.04602166 -0.04782839 -0.04352635
 -0.04683702 -0.05277988 -0.05867088 -0.0809744  -0.1143245  -0.13349466
 -0.14929299 -0.17220609 -0.20066541 -0.22599159 -0.25977618 -0.28505614
 -0.30225906 -0.3362771  -0.35992932 -0.38475361 -0.4058944  -0.43201289
 -0.47686115 -0.4754765  -0.49421445 -0.50248903 -0.48593414 -0.48962653
 -0.48793152 -0.47290343 -0.44802138 -0.43289676 -0.42501387 -0.41967556
 -0.4124088  -0.38423771 -0.37654707 -0.3850587  -0.37755719 -0.37697092
 -0.39543647 -0.41960952 -0.43058565 -0.41915008 -0.4373318  -0.45461473
 -0.46858373 -0.47616377]
[-0.25685519 -0.2310708  -0.20229711 -0.17714047 -0.149179   -0.13344182
 -0.11920074 -0.11947794 -0.12134955 -0.12316731 -0.1283852  -0.1324579
 -0.13891941 -0.13948298 -0.13926288 -0.14351384 -0.1319676  -0.11907477
 -0.10475232 -0.08773786 -0.08018336 -0.07343195 -0.06900187 -0.07031098
 -0.07398883 -0.07190793 -0.06659969 -0.07080767 -0.08280551 -0.09920229
 -0.12194524 -0.15448245 -0.16448006 -0.16414568 -0.15835363 -0.14869423
 -0.12983181 -0.11660432 -0.10173184 -0.09112053 -0.09095453 -0.08644722
 -0.08874157 -0.09733817 -0.10118053 -0.11083625 -0.12080266 -0.12561066
 -0.14010093 -0.13514888 -0.1386372  -0.1410431  -0.13225524 -0.13016954
 -0.13000956 -0.13644806 -0.14749075 -0.14441617 -0.12586987 -0.1067137
 -0.09677749 -0.08500633 -0.0571209  -0.04067568 -0.03660556 -0.03508798
 -0.03624487 -0.05000962 -0.04966785 -0.0614858  -0.09280927 -0.12538235
 -0.13109861 -0.15711468 -0.18857072 -0.20957908 -0.24459358 -0.27937451
 -0.29563308 -0.32537496 -0.35162908 -0.37718141 -0.40148935 -0.41933516
 -0.46218967 -0.47710416 -0.48623556 -0.49891061 -0.49201885 -0.48358247
 -0.48364305 -0.47096139 -0.45478934 -0.42968887 -0.41598067 -0.41609561
 -0.40424708 -0.38964331 -0.36971784 -0.37534121 -0.37146789 -0.37041321
 -0.37698063 -0.39789048 -0.42030638 -0.41219783 -0.41793278 -0.43273997
 -0.44383323 -0.44855079 -0.4532519 ]
[ 1.30101597  1.26675928  1.24585986  1.25938129  1.26243174  1.26711273
  1.24748766  1.182495    1.12548888  1.07089221  1.0248704   0.99123919
  0.93171942  0.86970276  0.81404096  0.76226389  0.70916408  0.65339613
  0.5867027   0.54366797  0.46660948  0.41484514  0.3734189   0.29618382
  0.25421372  0.20446238  0.1801471   0.14817771  0.12234525  0.08865647
  0.04445925  0.00776636 -0.0030176  -0.02435903 -0.02281079 -0.05422566
 -0.1051508  -0.15255795 -0.18159312 -0.20724192 -0.25063604 -0.28292456
 -0.34295157 -0.38883895 -0.46715167 -0.50486189 -0.53429288 -0.56461996
 -0.60908741 -0.65751338 -0.69617659 -0.7177062  -0.76267982 -0.81024832
 -0.84612185 -0.90147531 -0.93113214 -0.96507943 -0.97633368 -1.00839865
 -1.02911806 -1.0496763  -1.09107924 -1.13199091 -1.16010845 -1.19137728
 -1.22581148 -1.2443465  -1.28381312 -1.28203022 -1.30094385 -1.33139277
 -1.36955154 -1.36565948 -1.39984536 -1.41065371 -1.37698674 -1.39609158
 -1.39078271 -1.38146567 -1.37181497 -1.3884573  -1.41429567 -1.43122506
 -1.4398005  -1.48174167 -1.52129126 -1.57214105 -1.60143816 -1.62580502
 -1.66384733 -1.72096205 -1.75679266 -1.76889217 -1.76362586 -1.77847135
 -1.7969805  -1.79980671 -1.80295253 -1.79489684 -1.78669989 -1.80184639
 -1.81695116 -1.80197442 -1.77974403 -1.75464261 -1.71552336 -1.68551421
 -1.63250017 -1.5804286  -1.54328489 -1.48916316 -1.41640222 -1.36430299]
[-0.913293   -0.91376841 -0.91388112 -0.91694963 -0.91910738 -0.914352
 -0.90978354 -0.90248805 -0.89043295 -0.88039505 -0.87090135 -0.85328984
 -0.83883423 -0.82075304 -0.8046093  -0.7851125  -0.76473165 -0.74017572
 -0.72070295 -0.70079333 -0.68505257 -0.66268349 -0.63726664 -0.61628777
 -0.5874902  -0.55866879 -0.52880061 -0.49596474 -0.46522084 -0.43215823
 -0.40344736 -0.36906049 -0.34033972 -0.30920821 -0.2814942  -0.24706195
 -0.21079023 -0.1769349  -0.13989918 -0.1051891  -0.06886451 -0.03160052
  0.00398852  0.03901167  0.07791623  0.11637095  0.15137336  0.18841656
  0.22742088  0.26599839  0.29982251  0.33863115  0.37516436  0.40638748
  0.44202396  0.47540617  0.513969    0.54904908  0.58097523  0.61643845
  0.65396756  0.68841052  0.72142488  0.75484973  0.78696805  0.82030946
  0.85073274  0.88192445  0.90886092  0.93838006  0.96574134  0.99623203
  1.02619803  1.0524143   1.08006465  1.10410082  1.12627244  1.14829493
  1.16968966  1.19174933  1.21021008  1.23200345  1.25024724  1.26692438
  1.28623903  1.30069816  1.31097543  1.32008278  1.32952178  1.33940136
  1.34464228  1.34806931  1.34721386  1.34550035  1.34041154  1.33808708
  1.33036315  1.32341874  1.30730534  1.29559791  1.2793045   1.26463735
  1.24343801  1.22507763  1.20500743  1.18479872  1.16203392  1.13478076
  1.10963905  1.08441591  1.05578136  1.02706134  0.99558043  0.96344405]
[-0.26053134 -0.22670507 -0.21557245 -0.19044325 -0.17159048 -0.14221555
 -0.12311306 -0.1106538  -0.10097215 -0.09453744 -0.1059389  -0.12241949
 -0.12624025 -0.12908196 -0.12665986 -0.1189167  -0.09179144 -0.0777046
 -0.0580264  -0.04776726 -0.03738004 -0.02732435 -0.03413186 -0.04780448
 -0.05627605 -0.06832333 -0.09032632 -0.10364885 -0.10458509 -0.1185932
 -0.1264317  -0.13506424 -0.14862762 -0.15586445 -0.16809317 -0.16448152
 -0.1570141  -0.13477248 -0.11519838 -0.1203385  -0.11331465 -0.09307932
 -0.09761181 -0.09500811 -0.10869246 -0.11950867 -0.1380538  -0.14582738
 -0.16602974 -0.17891847 -0.18355326 -0.19732901 -0.20725065 -0.2154897
 -0.21248949 -0.22151947 -0.23532271 -0.24241838 -0.22947195 -0.21717805
 -0.19609553 -0.17299554 -0.14179295 -0.11727805 -0.09662787 -0.08046021
 -0.0883164  -0.08312362 -0.09117161 -0.09943675 -0.10864459 -0.12287875
 -0.14077041 -0.16892354 -0.19280113 -0.2209519  -0.2362638  -0.27101192
 -0.29889959 -0.34055761 -0.36365548 -0.39801595 -0.42944759 -0.4685435
 -0.50810897 -0.53707314 -0.57435441 -0.59105939 -0.6000275  -0.59971523
 -0.5820936  -0.56311661 -0.55223495 -0.5411647  -0.52364296 -0.51349127
 -0.49830112 -0.47495833 -0.47757149 -0.4608736  -0.45430964 -0.46475542
 -0.46823984 -0.47285143 -0.47722751 -0.48283598 -0.48891708 -0.49368137
 -0.49876422 -0.49535295 -0.49951717 -0.50617814 -0.5110783  -0.51221544]
[-1.02716303 -1.07301509 -1.08601308 -1.12460208 -1.15494096 -1.17541015
 -1.19644868 -1.21498787 -1.22578835 -1.23913693 -1.26873839 -1.29030406
 -1.30892372 -1.34143651 -1.36999142 -1.4021287  -1.41728759 -1.4609009
 -1.47850347 -1.50299144 -1.50722837 -1.51957142 -1.52556241 -1.52882886
 -1.54487073 -1.54655027 -1.53672743 -1.53525829 -1.53039825 -1.51984799
 -1.50778151 -1.49417055 -1.47497582 -1.46080875 -1.45183253 -1.43157232
 -1.42450035 -1.41977298 -1.40109777 -1.37682581 -1.35532451 -1.33568633
 -1.33366716 -1.3213141  -1.29286397 -1.27228057 -1.24695313 -1.21743679
 -1.1910162  -1.16322637 -1.13427854 -1.10020363 -1.06669497 -1.02174354
 -0.99291694 -0.94322258 -0.90261519 -0.86190033 -0.81890494 -0.77632511
 -0.7332319  -0.68488461 -0.6267941  -0.57298428 -0.51384205 -0.46607181
 -0.41870436 -0.36249626 -0.30676022 -0.26774362 -0.22138539 -0.17256024
 -0.12172936 -0.07866663 -0.01792461  0.04713697  0.10273644  0.15022209
  0.19306445  0.23313437  0.27704331  0.33309895  0.38047859  0.42182255
  0.47050586  0.53042442  0.59032637  0.64276117  0.70176601  0.74745679
  0.80601937  0.85318291  0.9122439   0.96307611  1.01328325  1.05241561
  1.08738697  1.12539327  1.16347611  1.20353246  1.23343492  1.26317477
  1.28890228  1.32235408  1.34424806  1.35944533  1.36792016  1.40149856
  1.41837275  1.44418991  1.46902788  1.48857915  1.51037014  1.52123535]
[-0.29756042 -0.26723307 -0.2333779  -0.1995288  -0.16572931 -0.13238391
 -0.09665487 -0.06106889 -0.02480817  0.012518    0.04823803  0.08688419
  0.12582618  0.16533303  0.20514926  0.24463122  0.28453189  0.32545912
  0.3682673   0.40980288  0.45020682  0.49196786  0.53433037  0.57611138
  0.61645323  0.65852153  0.70027244  0.73988044  0.77725941  0.81401592
  0.85042667  0.88729781  0.9209587   0.95336896  0.98658097  1.02149653
  1.05196226  1.08420765  1.1135782   1.14175367  1.16937697  1.19570613
  1.22232389  1.24646831  1.26515007  1.28442132  1.3014636   1.31605744
  1.32986701  1.34448314  1.35209262  1.3609128   1.36510551  1.36813056
  1.37372422  1.3729471   1.37006736  1.36686563  1.36345923  1.3581574
  1.35174656  1.34269595  1.33302522  1.32099247  1.30710459  1.29343176
  1.27793503  1.26266932  1.24431157  1.22398245  1.20035791  1.17603374
  1.14804137  1.11970031  1.08870089  1.05706608  1.0251478   0.98988402
  0.95343965  0.92006809  0.88103241  0.84063041  0.80029172  0.75865459
  0.71874326  0.67796433  0.63351107  0.59041154  0.544559    0.50052142
  0.45387417  0.40755871  0.36220732  0.31598675  0.26951337  0.2242575
  0.17781349  0.13248099  0.08686458  0.04303837 -0.00138506 -0.04411936
 -0.08796132 -0.13184005 -0.17737772 -0.22214422 -0.26680046 -0.31202859
 -0.355885   -0.39916512 -0.44297853 -0.48571435 -0.52751017 -0.57025015]
[-0.04501491 -0.07722979 -0.1203886  -0.16621897 -0.20399238 -0.24105807
 -0.28648958 -0.3171061  -0.34073412 -0.37229952 -0.40760222 -0.45970228
 -0.49788451 -0.54809046 -0.61596507 -0.66115522 -0.6903767  -0.73267871
 -0.78211689 -0.8139959  -0.86134571 -0.88207614 -0.89548546 -0.9272483
 -0.94326735 -0.97290951 -1.00163567 -1.0451622  -1.0687921  -1.09515369
 -1.12346363 -1.14189243 -1.16150582 -1.18592668 -1.21707189 -1.23701191
 -1.30162525 -1.35497248 -1.3718425  -1.41296303 -1.45838261 -1.4899019
 -1.5311209  -1.5750953  -1.61301589 -1.64636731 -1.687428   -1.71039224
 -1.71637452 -1.71511686 -1.71135056 -1.70983434 -1.70949316 -1.70353949
 -1.71146607 -1.69678593 -1.71970344 -1.70053971 -1.68733549 -1.68829775
 -1.68933928 -1.69364762 -1.69462919 -1.70181608 -1.69220626 -1.68446469
 -1.67471397 -1.63705516 -1.61231279 -1.5983851  -1.5971061  -1.58732188
 -1.5582459  -1.5306263  -1.49310589 -1.45717943 -1.39232254 -1.33902764
 -1.28702796 -1.2547636  -1.21957636 -1.18721569 -1.13805926 -1.08614767
 -1.03528857 -0.98851717 -0.95372999 -0.9078387  -0.85354984 -0.81072336
 -0.77097446 -0.73432183 -0.71124846 -0.66547281 -0.6316995  -0.60203451
 -0.57246679 -0.50240064 -0.43882868 -0.37313947 -0.31258899 -0.24896835
 -0.19424428 -0.10263037 -0.02975189  0.03390951  0.0723691   0.10905366
  0.15370312  0.18775681  0.21923025  0.28644082  0.31397521  0.36798084]
[ 1.14367032  1.18756032  1.23783612  1.27331972  1.2990365   1.33540428
  1.37618816  1.4068352   1.43940628  1.46919     1.49022007  1.51747191
  1.54030776  1.55720985  1.55761147  1.57038546  1.5680393   1.57563245
  1.56987441  1.56735253  1.55338967  1.54407239  1.52161562  1.50934601
  1.48079395  1.46034062  1.42838037  1.39633799  1.37426698  1.37170708
  1.36089051  1.35002995  1.33292449  1.32126117  1.29872715  1.28095901
  1.27130783  1.25526834  1.24680734  1.22811246  1.2051065   1.18985748
  1.16791964  1.12777376  1.09169722  1.05014741  1.01371336  0.96940154
  0.92385125  0.86856967  0.82117778  0.77308458  0.72231996  0.67638481
  0.62416154  0.57289028  0.53300834  0.48500967  0.43372652  0.3939023
  0.345458    0.30630487  0.25683138  0.20762293  0.16996467  0.13781899
  0.09914773  0.05827077  0.01362406 -0.02640357 -0.06407195 -0.09863943
 -0.13523628 -0.17106158 -0.21754532 -0.25788033 -0.30516413 -0.35421556
 -0.40451145 -0.45170528 -0.50328219 -0.55304402 -0.60202897 -0.64340246
 -0.6814267  -0.71757621 -0.74516696 -0.7776466  -0.81709075 -0.84102237
 -0.88010412 -0.91123343 -0.94658899 -0.98314357 -1.01088309 -1.04696512
 -1.07323623 -1.1055907  -1.13965571 -1.16126525 -1.18154478 -1.19431937
 -1.22457206 -1.24594879 -1.26178706 -1.28298724 -1.29546082 -1.30072021
 -1.3071537  -1.33020699 -1.33907366 -1.34008622 -1.3459295  -1.35417736]
[-0.13071023 -0.13445246 -0.13362801 -0.12878041 -0.11942408 -0.11301816
 -0.10313228 -0.09665547 -0.09350805 -0.09541433 -0.10820516 -0.11366799
 -0.11181942 -0.11540007 -0.10898741 -0.10443562 -0.07551389 -0.06033731
 -0.0388037  -0.02718242 -0.01264172  0.00654975  0.01820622  0.01617837
  0.00894713  0.01116441  0.00894552 -0.00491592 -0.00514219 -0.02762155
 -0.06072807 -0.06717172 -0.08295422 -0.08511162 -0.07958978 -0.07761168
 -0.07771713 -0.06997691 -0.06774532 -0.06251567 -0.0593247  -0.04278256
 -0.04179821 -0.0242083  -0.01880363 -0.0097098  -0.00575681 -0.00238891
  0.00142826  0.01126372  0.02566431  0.0254957   0.02374175  0.01880668
  0.00181561 -0.00930335 -0.02229219 -0.03170282 -0.02624659 -0.00991293
 -0.00869347 -0.00299044 -0.00391734  0.01012772  0.02332266  0.02380074
  0.0475758   0.05745048  0.0717402   0.07777827  0.07052378  0.06553527
  0.04636137  0.04632904  0.02095018  0.01624803  0.01518776 -0.00181559
 -0.00696898 -0.01667613 -0.02644804 -0.0537217  -0.08763199 -0.11568969
 -0.1482403  -0.19475797 -0.22465484 -0.25936246 -0.28531173 -0.31261361
 -0.34117109 -0.36197084 -0.38857466 -0.398873   -0.40313208 -0.41337413
 -0.42371219 -0.42666706 -0.43567115 -0.44221717 -0.45526662 -0.46060032
 -0.47754577 -0.48827627 -0.49172565 -0.49656874 -0.50157654 -0.48786727
 -0.48100096 -0.4554736  -0.43600574 -0.43500271 -0.39047945 -0.37761062
 -0.34740832 -0.33920142 -0.33102366 -0.3341018  -0.34019715 -0.33359292
 -0.33525211 -0.33329138 -0.33413756 -0.32677925 -0.34784943 -0.35190073
 -0.35285187 -0.34906805 -0.34366649 -0.32227573 -0.30650425 -0.29546657
 -0.29264209 -0.29064557 -0.29256865 -0.28325057 -0.28858638 -0.29129109
 -0.2893602  -0.28361112 -0.26731974 -0.2586931  -0.2423742  -0.2206679
 -0.18703608 -0.14156857 -0.08866878 -0.05173708 -0.03044392 -0.02314112
 -0.02206847]
