[-0.06590545 -0.04400714 -0.05451852 -0.04968337 -0.05778205 -0.06168531
 -0.06081593 -0.08327138 -0.08577823 -0.07366389 -0.09245828 -0.08975879
 -0.07857587 -0.07734954 -0.06863341 -0.09077904 -0.07279151 -0.04716859
 -0.05069549 -0.07027651 -0.05910502 -0.03041781 -0.01548616  0.00106291
  0.00077697  0.01252865  0.00777954  0.00754307  0.00054835 -0.0141347
 -0.02684093 -0.02392789 -0.01334446 -0.01381533 -0.01472249 -0.01951234
 -0.01970158 -0.03105661 -0.02747769 -0.02166565 -0.02438761 -0.03622017
 -0.0335664  -0.04371231 -0.0649586  -0.04147512 -0.05082761 -0.06374867
 -0.04708483 -0.04724973 -0.06739394 -0.09348132 -0.09560516 -0.11901385
 -0.14609689 -0.13581158 -0.18180822 -0.18453263 -0.20854628 -0.22788927
 -0.2242111  -0.22164948 -0.24650252 -0.2572512  -0.22521974 -0.20589675
 -0.21607073 -0.21854822]
[-8.37160647e-02 -8.16607624e-02 -5.90845048e-02 -6.84816316e-02
 -5.53319231e-02 -7.25220814e-02 -7.37137720e-02 -1.00526460e-01
 -8.81990492e-02 -9.40033644e-02 -1.17334627e-01 -1.10995047e-01
 -1.06082432e-01 -1.20060250e-01 -1.07916012e-01 -1.07496008e-01
 -8.55555460e-02 -5.22695445e-02 -4.47726771e-02 -3.91608179e-02
 -3.38853151e-02 -1.32836914e-02 -8.05068202e-03  8.74742866e-03
  2.59264670e-02  4.74741906e-02  6.10318296e-02  4.49468344e-02
  4.58367243e-02  2.65669078e-02  1.21398401e-02 -2.31302809e-03
 -6.04011165e-03  2.67255842e-03  4.75845626e-03  1.07095055e-02
  1.17401294e-02  1.19654806e-02 -1.43242208e-03 -6.14718255e-03
 -7.80340226e-04  2.36810811e-04 -5.88684948e-03 -1.36019299e-02
 -2.48594563e-02 -2.93236598e-02 -4.68888134e-02 -6.51663765e-02
 -5.45521230e-02 -5.78159429e-02 -6.14376552e-02 -5.44983745e-02
 -8.67905989e-02 -1.16032749e-01 -1.45157322e-01 -1.54810458e-01
 -1.71280310e-01 -2.00772762e-01 -2.14989051e-01 -2.28733599e-01
 -2.24035934e-01 -2.19898507e-01 -2.43826464e-01 -2.40819246e-01
 -2.56416619e-01 -2.56521761e-01 -2.59950280e-01 -2.53659993e-01
 -2.38432094e-01 -2.47051254e-01 -2.68923551e-01]
[-1.12311646e-01 -1.02703534e-01 -9.65477377e-02 -8.28877538e-02
 -7.49625340e-02 -4.70093563e-02 -5.08002192e-02 -4.72076386e-02
 -4.41926755e-02 -6.05736747e-02 -8.73053446e-02 -9.28816348e-02
 -9.87606049e-02 -9.50288847e-02 -9.40701589e-02 -8.70018601e-02
 -8.31559449e-02 -8.17350298e-02 -8.93495381e-02 -6.78238571e-02
 -5.93266711e-02 -4.04423997e-02 -5.79197221e-02 -6.04163110e-02
 -6.56653419e-02 -2.66299099e-02 -5.87572763e-03 -1.29509354e-02
  1.00921150e-02  3.83868888e-02  5.50578758e-02  6.57401308e-02
  6.38416857e-02  4.19700295e-02  2.14774571e-02  1.38688479e-02
  1.08336117e-02  5.15730539e-03 -7.65616773e-03 -3.29826283e-03
 -1.03083877e-02 -2.57882159e-02  1.18243648e-02  2.42611021e-02
  4.33608741e-02  4.98775430e-02  4.59012501e-02  4.62962463e-02
  3.33751887e-02  1.69618279e-02  3.41431145e-03  3.52327246e-04
 -1.86782721e-02 -1.95631161e-02 -1.40581084e-02 -2.64383517e-02
 -1.28714768e-02 -2.53612958e-02 -3.04490216e-02 -5.87658063e-02
 -6.54161349e-02 -6.50409833e-02 -9.85288098e-02 -7.68157244e-02
 -7.71936551e-02 -7.31463954e-02 -9.45405215e-02 -8.46792907e-02
 -1.14405021e-01 -1.05858088e-01 -1.29508361e-01 -1.72868341e-01
 -2.17956111e-01 -2.75314122e-01 -3.45168948e-01 -3.81554633e-01
 -4.01318014e-01 -4.83632803e-01 -5.23725331e-01 -5.73047996e-01]
[-0.25122792 -0.22420637 -0.19700167 -0.17363755 -0.14428137 -0.13456804
 -0.11992212 -0.12520154 -0.12393574 -0.12600642 -0.12790383 -0.132034
 -0.13420838 -0.13673587 -0.13728356 -0.1419529  -0.13252461 -0.11802434
 -0.10343335 -0.084725   -0.08224929 -0.07498787 -0.06248765 -0.06125288
 -0.0706587  -0.06261613 -0.05765143 -0.07663681 -0.08643956 -0.10014171
 -0.13793276 -0.16142802 -0.16351207 -0.15930192 -0.15616721 -0.13981307
 -0.12768136 -0.11716636 -0.10478817 -0.09842713 -0.10827814 -0.09513012
 -0.1108693  -0.10910338 -0.11937495 -0.12276947 -0.12704648 -0.13837112
 -0.14301001 -0.13851713 -0.14460267 -0.13703823 -0.13177553 -0.12936199
 -0.12769181 -0.14058964 -0.14151916 -0.13369627 -0.11791968 -0.11002915
 -0.09843826 -0.08497009 -0.06046068 -0.04216207 -0.04726156 -0.04266688
 -0.0456965  -0.05337131 -0.05693939 -0.07856788 -0.11219119 -0.13220981
 -0.14815255 -0.17138405 -0.19829987 -0.22249673 -0.25804192 -0.28519955
 -0.30389056 -0.3368749  -0.36130852 -0.38314661 -0.40440819 -0.42800161
 -0.4698008  -0.46659973 -0.48392278 -0.49129093 -0.4765293  -0.48044127
 -0.47841042 -0.46592423 -0.44134587 -0.42707112 -0.41790825 -0.41491121
 -0.4078756  -0.38187188 -0.37310839 -0.37949124 -0.37088624 -0.37028983
 -0.38641843 -0.40824601 -0.4184573  -0.40648034 -0.42456469 -0.44111201
 -0.45413291 -0.46223012]
[-0.21578577 -0.19476216 -0.18169518 -0.16248043 -0.14273755 -0.11958438
 -0.10154358 -0.10738397 -0.10099871 -0.10309684 -0.11291357 -0.1175237
 -0.12422726 -0.13828628 -0.12761354 -0.12512523 -0.12358183 -0.11208765
 -0.09837204 -0.09388801 -0.08025694 -0.07884966 -0.08883549 -0.08804282
 -0.09435072 -0.10233881 -0.10314632 -0.09575649 -0.09767313 -0.10613161
 -0.11750221 -0.14344697 -0.15897445 -0.1657909  -0.16476013 -0.15794979
 -0.1372076  -0.11898553 -0.10884611 -0.09385683 -0.07498347 -0.06858075
 -0.07333824 -0.07460684 -0.07935239 -0.09248805 -0.10333221 -0.11490971
 -0.13699989 -0.12950566 -0.12932515 -0.13748707 -0.14364813 -0.13441443
 -0.13088572 -0.13537869 -0.14488876 -0.14374584 -0.12484881 -0.10694949
 -0.09349715 -0.07759273 -0.04953678 -0.03450803 -0.02659363 -0.02689216
 -0.02691915 -0.05097361 -0.04967597 -0.05780166 -0.07363089 -0.09759922
 -0.11102183 -0.13001232 -0.15567189 -0.18550551 -0.22090793 -0.26164305
 -0.28619304 -0.31989986 -0.34297004 -0.3680774  -0.39684057 -0.42290002
 -0.45300245 -0.47376853 -0.49054566 -0.50055474 -0.50113469 -0.48555866
 -0.4768289  -0.46224546 -0.45458528 -0.42791063 -0.41735831 -0.40828437
 -0.3830547  -0.37861267 -0.35658765 -0.34720036 -0.34209776 -0.34738615
 -0.35225037 -0.3628599  -0.37277356 -0.37186176 -0.37620848 -0.38588738
 -0.39513385 -0.4013921  -0.40467477 -0.41770709 -0.42739001]
[-1.04197812 -0.99168819 -0.9455083  -0.89805913 -0.84366328 -0.80600089
 -0.78322673 -0.76033133 -0.72574317 -0.69919348 -0.68133718 -0.67348844
 -0.63835502 -0.63444072 -0.63578087 -0.62144059 -0.62144583 -0.61316097
 -0.58670694 -0.55673128 -0.53277326 -0.48787788 -0.44258663 -0.39863205
 -0.37056321 -0.33230188 -0.29193369 -0.25206298 -0.19453585 -0.17313747
 -0.15244263 -0.12789132 -0.11819778 -0.09971456 -0.0819039  -0.05144102
 -0.02173761 -0.00678099 -0.0079641   0.00355382 -0.00797024 -0.01062664
 -0.00655357  0.0060858   0.01578701  0.03454167  0.05711786  0.06813815
  0.09260584  0.1176592   0.14340058  0.14694285  0.14562225  0.12802011
  0.09402768  0.04770762 -0.00575539 -0.05252555 -0.08944726 -0.12181714
 -0.15088889 -0.15533282 -0.1643602  -0.15265101 -0.13674453 -0.12735778
 -0.11112662 -0.10120246 -0.10002813 -0.09599888 -0.0969819  -0.10106674
 -0.10499725 -0.13566586 -0.17324251 -0.18844035 -0.21369821 -0.24888524
 -0.29310793 -0.33495581 -0.38495892 -0.42003167 -0.45325908 -0.48712486
 -0.49607837 -0.4968912  -0.50549144 -0.50141221 -0.49999553 -0.50293934
 -0.4980571  -0.49263787 -0.48757911 -0.48431459 -0.49348721 -0.51021349
 -0.5110715  -0.51478964 -0.52295774 -0.53120929 -0.5552029  -0.60111219
 -0.64224142 -0.68591613 -0.72001892 -0.7769044  -0.84228045 -0.88812941
 -0.9548735  -0.99109954 -1.04958296 -1.11257267 -1.17730129 -1.24321616]
[ 1.38471186  1.3484925   1.32176888  1.27800357  1.26240587  1.27447248
  1.26157963  1.25517499  1.24665248  1.19375229  1.11733663  1.05370104
  1.02403557  0.97389513  0.91532338  0.84063244  0.7942512   0.74368113
  0.67696822  0.61111706  0.53640157  0.47602379  0.39891198  0.3341167
  0.2470586   0.17655881  0.11159297  0.06840782  0.06972177  0.03608457
  0.00797527 -0.01550339 -0.02509748 -0.05762904 -0.06388187 -0.0762896
 -0.08082592 -0.07763635 -0.14213842 -0.20756243 -0.24378303 -0.28237015
 -0.33002803 -0.38376564 -0.44194213 -0.48317182 -0.54452831 -0.58493876
 -0.62098712 -0.64051616 -0.67365062 -0.72723055 -0.74854863 -0.77369851
 -0.82560778 -0.87028474 -0.90241319 -0.94088656 -0.93470943 -0.95322478
 -0.95752555 -0.98450094 -0.99427927 -1.01705039 -1.05989766 -1.09111035
 -1.12593174 -1.16092193 -1.17558324 -1.18555546 -1.20194137 -1.19690824
 -1.21911156 -1.24543464 -1.25671625 -1.26755178 -1.26752937 -1.27427697
 -1.26157916 -1.27114117 -1.26385713 -1.2511723  -1.22478473 -1.26808608
 -1.32377231 -1.31593955 -1.32512403 -1.35874534 -1.40950477 -1.46779227
 -1.5227915  -1.57032907 -1.61231458 -1.70413005 -1.77513659 -1.81573367
 -1.83670926 -1.86941838 -1.87977564 -1.91765082 -1.9384073  -1.95099425
 -1.96337509 -1.96567678 -1.97897673 -1.97400081 -1.95440757 -1.96120524
 -1.9304142  -1.89363694 -1.83826876 -1.80172241 -1.75263286 -1.69839609]
[-0.56206673 -0.59126401 -0.62473065 -0.68581218 -0.71707809 -0.74653059
 -0.78639144 -0.81056273 -0.85116875 -0.8848353  -0.93098283 -0.94655025
 -0.96597499 -0.9871828  -1.00919271 -1.05753839 -1.09031296 -1.1275661
 -1.16804981 -1.19855607 -1.2110244  -1.2209692  -1.23230088 -1.25841165
 -1.30261052 -1.34440827 -1.36987257 -1.39324319 -1.42406237 -1.46000588
 -1.47822285 -1.53984702 -1.57969892 -1.58656025 -1.64358401 -1.67093992
 -1.73126805 -1.74344432 -1.76548898 -1.73968947 -1.75325906 -1.74102998
 -1.74840403 -1.77092397 -1.75581455 -1.76231444 -1.74004197 -1.72654343
 -1.73687899 -1.72523677 -1.69751859 -1.6930362  -1.68807304 -1.68420148
 -1.66972983 -1.65228713 -1.60780191 -1.59626675 -1.59459686 -1.5925864
 -1.57764101 -1.53546119 -1.486637   -1.45157588 -1.40422153 -1.35992444
 -1.30753362 -1.27314293 -1.24415827 -1.20267355 -1.16671908 -1.10811806
 -1.06121874 -1.04081166 -0.99353617 -0.94566607 -0.89032787 -0.84799683
 -0.81575656 -0.77334923 -0.73446792 -0.69672966 -0.65359527 -0.61906147
 -0.57851297 -0.52647769 -0.47330365 -0.42044368 -0.38546002 -0.28711718
 -0.23271483 -0.18085194 -0.12484454 -0.05322057 -0.00462133  0.05401378
  0.08571394  0.1445825   0.17469929  0.22024733  0.29451454  0.32665855
  0.3662045   0.43047345  0.44126543  0.49431005  0.5371092   0.59662169
  0.63926524  0.70595318  0.75549638  0.79933196  0.83539736  0.89185363]
[-0.57404506 -0.54763848 -0.5214439  -0.49581152 -0.47066474 -0.44502163
 -0.41520828 -0.38669583 -0.35984194 -0.3290064  -0.29837078 -0.26664141
 -0.23294868 -0.20225686 -0.17131813 -0.14008924 -0.10793883 -0.07501028
 -0.04298031 -0.00983967  0.02400273  0.05768738  0.09172838  0.12843341
  0.16653517  0.20023651  0.23596454  0.2731387   0.30764061  0.34560648
  0.38289499  0.42176411  0.45707133  0.49215347  0.5277968   0.56301671
  0.60161251  0.63569111  0.66838843  0.70302403  0.73958713  0.77520752
  0.8109346   0.84403729  0.88038421  0.91170925  0.94394529  0.97363669
  1.0056721   1.03324521  1.063398    1.09161198  1.11709189  1.1424309
  1.16436887  1.18742621  1.20870984  1.22815537  1.24903178  1.26700079
  1.28625846  1.30226743  1.31677973  1.33244181  1.34550321  1.35719073
  1.36333382  1.3717556   1.3783375   1.38014936  1.38240647  1.37969375
  1.37540722  1.36804926  1.35920119  1.34696364  1.33470976  1.31819797
  1.2994442   1.27872181  1.26140678  1.24100816  1.21639836  1.19393098
  1.16816521  1.14172697  1.1152072   1.08483005  1.05679595  1.02689707
  0.99274385  0.95911425  0.92361367  0.88545299  0.84739351  0.80681807
  0.76627982  0.72178495  0.67896622  0.63491565  0.59141892  0.54680604
  0.50028592  0.45448074  0.40722284  0.36133617  0.31432855  0.26567015
  0.2197735   0.17219914  0.12476106  0.07608916  0.02709568 -0.02058616]
[-8.66879523e-01 -8.87235463e-01 -9.06992972e-01 -9.27016020e-01
 -9.44672406e-01 -9.63441372e-01 -9.80497956e-01 -9.96211290e-01
 -1.01023257e+00 -1.02192712e+00 -1.03228533e+00 -1.04126191e+00
 -1.04938102e+00 -1.05450344e+00 -1.06068790e+00 -1.06363857e+00
 -1.06524527e+00 -1.06570733e+00 -1.06524897e+00 -1.06280208e+00
 -1.06004918e+00 -1.05505145e+00 -1.04897964e+00 -1.04069602e+00
 -1.02999091e+00 -1.01940918e+00 -1.00615752e+00 -9.91923392e-01
 -9.75759506e-01 -9.57950890e-01 -9.37139034e-01 -9.17612731e-01
 -8.95949185e-01 -8.73286843e-01 -8.48951161e-01 -8.23147357e-01
 -7.97685325e-01 -7.69321263e-01 -7.39780605e-01 -7.09441662e-01
 -6.77975476e-01 -6.45675302e-01 -6.13385201e-01 -5.78414142e-01
 -5.42391717e-01 -5.06948173e-01 -4.69728291e-01 -4.32464570e-01
 -3.94180804e-01 -3.55931252e-01 -3.18111211e-01 -2.77900100e-01
 -2.38664284e-01 -1.99235246e-01 -1.59444541e-01 -1.19897634e-01
 -7.96198919e-02 -3.88966762e-02  1.33326848e-03  4.20128703e-02
  8.23655501e-02  1.23911470e-01  1.64796725e-01  2.05814272e-01
  2.47300744e-01  2.88082868e-01  3.29144567e-01  3.70634407e-01
  4.11283076e-01  4.52733129e-01  4.92971063e-01  5.32429039e-01
  5.71574569e-01  6.11801326e-01  6.50382400e-01  6.88931644e-01
  7.26263762e-01  7.63461351e-01  8.00528228e-01  8.36496949e-01
  8.70668113e-01  9.04317081e-01  9.35810506e-01  9.66869116e-01
  9.96795058e-01  1.02436972e+00  1.05175233e+00  1.07853293e+00
  1.10425019e+00  1.12893128e+00  1.15340734e+00  1.17657328e+00
  1.19843853e+00  1.21768379e+00  1.23739409e+00  1.25469100e+00
  1.27172685e+00  1.28667974e+00  1.30145919e+00  1.31347394e+00
  1.32511175e+00  1.33538604e+00  1.34324074e+00  1.34985232e+00
  1.35445595e+00  1.35654616e+00  1.35639668e+00  1.35416484e+00
  1.35047805e+00  1.34405828e+00  1.33603799e+00  1.32718730e+00
  1.31634164e+00  1.30483103e+00]
[ 0.38180265  0.36931637  0.33287233  0.30264407  0.29540321  0.29091009
  0.29034531  0.29015526  0.28934962  0.28560457  0.27323329  0.2578052
  0.2446706   0.24415888  0.24051617  0.2384991   0.24343018  0.22148421
  0.20204599  0.18528099  0.17152002  0.16010307  0.13801514  0.12044131
  0.08945193  0.0472255  -0.0019345  -0.04557474 -0.08168159 -0.10018101
 -0.11960083 -0.13842387 -0.14199272 -0.15432413 -0.17981967 -0.2065028
 -0.23455757 -0.24604483 -0.26385373 -0.28759742 -0.31867662 -0.35589957
 -0.38207772 -0.41896194 -0.44486851 -0.48688301 -0.50543183 -0.53820455
 -0.578991   -0.60551608 -0.61707115 -0.62269562 -0.63318056 -0.6575222
 -0.67530984 -0.70419431 -0.69745666 -0.69575083 -0.69624734 -0.70950204
 -0.71231902 -0.72088957 -0.70528364 -0.70234436 -0.71614724 -0.7148397
 -0.73128933 -0.74035072 -0.72578168 -0.71797901 -0.70548576 -0.69854027
 -0.69517374 -0.70474428 -0.69935787 -0.68917799 -0.69545776 -0.70776093
 -0.70577145 -0.69383907 -0.66608053 -0.65513605 -0.653804   -0.64452523
 -0.64124191 -0.61670405 -0.58677655 -0.53170705 -0.47625813 -0.43414983
 -0.3937299  -0.34622988 -0.30620059 -0.26267874 -0.21237327 -0.16851777
 -0.11624743 -0.08046415 -0.05070028 -0.01294315  0.02666611  0.06247235
  0.0911848   0.1226915   0.16001706  0.18476926  0.22112864  0.2557027
  0.28437045  0.31192756  0.34048069  0.37044066  0.39983881  0.41324502]
[ 0.74342775  0.79118425  0.83212829  0.88655531  0.93328482  0.98323023
  1.01724505  1.05640996  1.09684968  1.14027894  1.1790477   1.20267785
  1.24067152  1.28029752  1.32056272  1.35360682  1.39547455  1.41484046
  1.44092989  1.47115564  1.48344004  1.49377263  1.50256002  1.51650655
  1.51503563  1.52245629  1.51973462  1.50919414  1.49285555  1.46991825
  1.44786191  1.42073452  1.39328587  1.37285864  1.34565508  1.32678533
  1.31324792  1.31241643  1.30368662  1.28969145  1.27954173  1.26199305
  1.24343038  1.23289514  1.22187126  1.20617962  1.18945885  1.17323327
  1.15464425  1.14349449  1.11292434  1.07565522  1.0444423   1.00626242
  0.9665519   0.93147981  0.88590425  0.85127455  0.8021633   0.75666052
  0.70662487  0.65554494  0.59982997  0.55867159  0.50696415  0.46743309
  0.42073613  0.38311142  0.33847311  0.29678515  0.25387871  0.20723362
  0.16847202  0.12390521  0.08236318  0.03377115 -0.01031397 -0.05279563
 -0.08932884 -0.12279666 -0.17270085 -0.21085921 -0.25104186 -0.29664314
 -0.34041703 -0.38300794 -0.42581382 -0.46752667 -0.52035618 -0.56181282
 -0.59708494 -0.63378811 -0.66954547 -0.69530988 -0.7284354  -0.76487863
 -0.79119939 -0.81626308 -0.84905815 -0.87913281 -0.90612203 -0.92742765
 -0.95474637 -0.98320818 -1.00235772 -1.0223732  -1.04001331 -1.05151439
 -1.06695724 -1.07768607 -1.09548962 -1.09763277 -1.10750043 -1.12014234]
[-0.14580604 -0.13260719 -0.11903778 -0.10959008 -0.09733927 -0.09185707
 -0.07465411 -0.05943977 -0.04653634 -0.04556708 -0.06366061 -0.07508845
 -0.08811983 -0.11262002 -0.1121586  -0.11827875 -0.11071655 -0.09116387
 -0.07811074 -0.08217281 -0.07803985 -0.08012533 -0.08420052 -0.09930089
 -0.1150578  -0.12362275 -0.12685277 -0.14026786 -0.13752741 -0.13218811
 -0.13764837 -0.13685143 -0.13815872 -0.15159494 -0.16204903 -0.15765791
 -0.15171458 -0.133186   -0.10397154 -0.08612982 -0.06918929 -0.05823091
 -0.04888536 -0.04510938 -0.04269337 -0.05698228 -0.06550069 -0.08724433
 -0.10566438 -0.10717777 -0.11557311 -0.12235854 -0.11526363 -0.12916641
 -0.13417199 -0.1478101  -0.15583105 -0.15844868 -0.15455972 -0.13382557
 -0.11589315 -0.08842146 -0.06748789 -0.04333579 -0.03041696 -0.01322836
 -0.00775221 -0.02374326 -0.03390711 -0.04626355 -0.06481446 -0.06941305
 -0.07360928 -0.08764794 -0.10977395 -0.13446753 -0.16660839 -0.21191999
 -0.24406272 -0.27639994 -0.31689718 -0.34525841 -0.38004199 -0.40644041
 -0.44558656 -0.47091287 -0.50165576 -0.52891356 -0.53201801 -0.54287618
 -0.54657286 -0.53280312 -0.50798398 -0.4827494  -0.4619754  -0.45095032
 -0.43035489 -0.4168587  -0.38725433 -0.37292778 -0.35440037 -0.34956583
 -0.35369328 -0.35310045 -0.35360453 -0.35257131 -0.36041012 -0.36142379
 -0.35874614 -0.35617292 -0.34944806 -0.36166099 -0.36462471 -0.36873493
 -0.3760291  -0.38608944]
[ 0.00271874  0.01388575  0.0215374   0.05475005  0.07159501  0.09507415
  0.09254071  0.08814813  0.07523382  0.0521654   0.0302339   0.01890833
  0.01105309 -0.00553644 -0.01250478 -0.03425965 -0.04428636 -0.05961126
 -0.06816299 -0.08028305 -0.08893576 -0.0844733  -0.08733945 -0.09410124
 -0.11196021 -0.12413187 -0.13888778 -0.16393271 -0.186599   -0.21334845
 -0.23225801 -0.23681162 -0.23111282 -0.21700479 -0.20071526 -0.18370019
 -0.17365576 -0.15654384 -0.13804197 -0.113844   -0.10022974 -0.07362997
 -0.05749495 -0.03771924 -0.02227747  0.00248715  0.00899876  0.01439453
  0.0120163   0.01853476  0.02168024  0.01935839  0.01367685  0.0089643
 -0.00222485 -0.00520913 -0.02291654 -0.0302671  -0.02294482 -0.01821979
 -0.01383448 -0.01400509 -0.0296472  -0.0256084  -0.02758169 -0.03639638
 -0.04111887 -0.02784659 -0.02539226 -0.01302313  0.00073346  0.00295978
 -0.0050785  -0.00652065 -0.01990834 -0.03369656 -0.03990259 -0.06707788
 -0.07493981 -0.09440927 -0.10972765 -0.15585786 -0.18520579 -0.2287616
 -0.25435975 -0.29606742 -0.33942989 -0.36884329 -0.40832072 -0.43199375
 -0.44684002 -0.47095993 -0.47763079 -0.47745562 -0.48029211 -0.48051316
 -0.47987711 -0.4599818  -0.42851147 -0.39872569 -0.379058   -0.36156678
 -0.33600977 -0.31549498 -0.29371074 -0.26790431 -0.24470255 -0.23957014
 -0.23226985 -0.2241623  -0.22321033 -0.22199951 -0.19951537 -0.19348422
 -0.18440439 -0.18362235 -0.18276307 -0.18238443 -0.19309373 -0.20976362
 -0.22378208 -0.24295817 -0.26564398 -0.28588024 -0.31104776 -0.33122879
 -0.33204183 -0.32823583]
