[ 0.07014946 -0.10436203  0.04366399  0.1106366   0.09347741  0.06186455
 -0.26323262  0.21177685]
[-0.27372256 -0.34410572 -0.37958062 -0.07417184 -0.63158315 -0.04831098
  0.05793587 -0.27752867 -0.22054407  0.11890543 -0.29346359 -0.19517037]
[ 1.38400149  1.52342474  1.41605806  1.13661373  1.59077096  1.08567441
  0.89196754  1.26828837  1.08929932 -0.14725785 -0.70707744 -0.72218043]
[ 2.04637218  0.80999494  0.91964042  1.56819284  1.07445753  0.77792811
  0.59096837  1.22115695  1.35113764  0.12730457 -0.69757855 -0.62225741
  1.38897622 -0.32822591]
[-0.336936   -0.21396117 -0.30271682  0.04096661 -0.620803    0.06230902
 -0.20194227 -0.51322812  0.01938057 -0.05332348 -0.13438818 -0.36090368
 -0.07902045 -0.10874961]
[-0.13401486  0.04271614 -0.11063364 -0.08902904  0.16644493 -0.24108694
 -0.20624521 -0.43015835 -0.11565767 -0.19166438 -0.11654833 -0.11777749
  0.08466712 -0.23464753 -0.31001922 -0.21943329]
[-0.33938602 -0.34918267 -0.24187821 -0.32734522 -0.25649834 -0.12493126
 -0.25167203 -0.18224441 -0.16844346 -0.07111622 -0.26545963 -0.23021688
 -0.28933191 -0.12415345 -0.14670889 -0.18283868 -0.28100428 -0.17066053
 -0.17928068 -0.06131506 -0.17840022]
[ 2.99863362  1.36649489  1.5459609   0.99122965  1.41776943  0.50707138
 -0.11861055 -0.37304065 -0.1905643  -1.13343453 -1.35266674 -1.87266529
  0.4451232  -0.22905849 -0.34469542  0.67955673 -1.01645112  2.84156609
  0.99383652 -1.17826176 -0.06972304]
[ 0.37257904 -0.34889862  0.08193008 -0.11736529 -0.33205193  0.06837376
  0.74359161 -0.68895286 -0.59075731 -0.554272   -0.2687659  -0.04947439
 -0.34587324 -0.22770944  0.18883017 -0.38712382  0.07456235 -0.33387485
 -0.67462569 -0.28403991  0.08330196  0.35259005 -0.38846672]
[-0.01668398 -0.14932196  0.23201095 -0.35925093 -0.10945668  0.04070787
 -0.21549948  0.11350828 -0.45719606 -0.15037739 -0.39096323 -0.26442674
 -0.39044595  0.03447095 -0.15879571 -0.28461015 -0.09868023 -0.08753415
 -0.54569942 -0.07383846 -0.1274312  -0.32969669  0.13723029  0.04754011
 -0.00321853 -0.25408605 -0.16988677 -0.01068117]
[ 0.51736003 -0.46684748 -0.40695187  0.13655972 -0.2446422  -0.25163543
  0.21511421 -0.40346438 -0.0379294   0.03383136 -0.87226838  0.32821119
 -0.72923356 -0.09076535 -0.19338937 -0.10632029 -0.4646363   0.09904794
 -0.22150683 -0.30581707  0.21511248 -0.25089931 -0.40411538 -0.34108469
  1.24966884 -1.24676657  0.01642116 -0.11370593  0.23965634  0.00311126]
[-0.00423445 -0.94909781  0.30538934 -0.08142099 -0.58025354 -0.27578115
 -0.20196478  0.07094374 -0.17809984 -0.98835319 -0.26937455 -0.04580309
 -0.12901786 -0.55228752 -0.09758031 -0.5644148  -0.46382952 -0.22626889
 -0.20113419 -0.85489506 -0.22673494 -0.03484306 -0.10124624 -0.30121329
  0.13903777 -0.36752146 -0.330073   -0.65526474 -0.30069184  0.31661353
 -0.15471593 -0.61841518 -0.36720371  0.60294896 -0.59649307 -0.45054349
 -0.18612391 -0.07615019 -0.15888065 -0.32349649 -0.24260181 -0.15185522
 -0.42777532 -0.59875208 -0.08693131 -0.0891398  -0.2418965  -0.27495414
 -0.38216406  0.12163874]
[ 0.38032275 -0.02896793  0.48880067  0.49372819 -0.56503701  1.15166485
  0.4411447  -0.08929858 -0.08871526 -0.33340326 -0.55915684 -0.43040502
  0.76193601 -0.22180246 -0.41566387 -0.27375683 -0.33040574  0.06613708
 -0.41090381 -0.42339706 -0.85599422 -0.36529094  0.02667489  0.31856659
 -0.73785317 -0.29061434 -0.431198   -0.44029739 -0.66345596 -0.52917278
 -0.79546392 -0.28436249 -0.35570845 -0.740565   -0.78439534  0.09245014
  0.86019266  0.24436104 -0.21723907  0.0686409  -0.70874846 -0.68011421
 -0.5715158  -0.34927678 -1.01250994 -0.36432281 -0.32607615 -0.09046995
 -0.48949957  0.35907754 -0.37444502 -0.26220745 -0.57154924 -0.40331429
 -0.25127485 -0.9754948  -0.25949463 -0.52009046 -2.71347308 -0.15865035
 -0.88096589 -0.79851002 -0.38906187 -0.85638267 -0.30973864  0.63127047
 -0.29368517 -0.89538515 -0.45960549 -0.82530886 -0.5372386  -0.53640825
 -0.88240367 -0.74020642  0.49389988 -1.16716278 -0.68284833 -0.61818141
  0.09048647 -0.89566487 -0.26855588 -0.40220162 -0.22255801 -0.13677265
 -0.51522702  0.71415645 -0.07475679 -0.68574727 -0.23862077  0.09073915
 -0.25059232 -0.16509105]
[ 0.36920834  0.15638539  0.5982756   0.29378015  0.21800379  0.51500553
  0.06626748 -0.00810407 -0.04544345 -0.28500003 -0.19690984  0.25897586
  0.66269565 -0.82113808  0.63478273  0.27687314 -0.17374972 -0.14133951
 -0.32994848 -0.23600702 -0.33593455  0.25743797 -0.78972524  0.01867272
 -0.13360459 -0.71501994  0.08908033 -0.13118154 -0.01068868 -0.68665308
 -0.36644265 -0.1541936  -0.18342851 -0.46658608 -0.02643565 -0.11066742
 -0.65178901 -0.82523626 -0.38343456 -0.44892952  0.20335397 -0.15528254
 -0.45972559 -0.63208729 -0.77961898  0.46261156  0.14122891 -0.04659666
 -0.22037467 -0.27532357 -0.56512856 -0.33174908 -0.52643704 -1.14354396
 -0.10432735 -0.13927631 -0.55863184 -0.96896899  0.05913619 -0.32756236
 -0.36040553 -0.20435336 -0.23748977 -0.48652685 -0.55932331 -0.10688458
 -0.93202436 -1.64803493  0.14730164 -1.10902154 -0.86383986 -0.47095573
 -0.42264265 -0.19324015  0.02351802 -0.58742851 -0.4282254  -0.49622306
 -0.83326226 -0.39483556 -0.19645593 -0.76323444 -0.38318494 -0.03512296
 -0.79735076 -0.33918485 -1.06070864 -0.52778161 -0.82637131 -0.232978
 -0.6437096  -0.56186527 -0.18285786  0.12361509  0.35128883 -0.25429145
 -0.10699484  0.32279038  0.00484493 -0.09898783  0.11417488]
[ 0.88608408  0.58627492  0.57402694  0.23130235  0.17929246  0.2469696
  0.45658457  0.22593462 -0.19690821  0.53215939  0.30468893  0.04224351
  1.16842723  0.40602145  0.4656471  -0.14633422  0.04450217 -0.34664851
 -0.37429702 -0.8269769  -0.42604318 -0.29207098 -0.61525327  0.22634411
  0.7734068   0.17206635  0.22557351  0.211778    0.43343711  0.75580472
  0.29859173 -0.47708419 -0.34192047 -0.16164647 -0.12193315 -0.03128968
 -0.17302786  0.08557356 -0.2099877  -0.31968814 -0.37076187 -0.47069684
 -0.35979551 -0.70717412 -0.47366089 -0.33938482 -0.51136827 -0.50228024
  0.4616186  -0.11426827  0.04645918 -0.10800149 -0.55867398 -0.31445068
 -0.15115792 -0.04852849 -0.10680369 -0.53984165 -0.46587643 -0.33484325
 -0.53529531 -0.55133909 -0.93222499 -0.8273316  -0.30042818 -0.5790059
 -0.19807501 -0.22613876  0.22869858  0.00156484 -0.06477604 -0.1613134
 -1.03740764 -0.59798956 -0.29381931 -0.49799639 -0.56476754 -0.49283868
 -0.6012243  -0.66133738 -0.73472786 -0.53099018 -0.57240921  0.29745778
 -0.70990783 -0.75916481 -0.33074132 -0.6792013  -0.26275572 -0.6702795
 -1.47173297 -0.66431743 -0.90229702 -1.15090561 -0.55527216 -0.51341146
 -0.85576248 -0.90453434  0.41196656 -1.17349279 -1.18385148 -0.67936909
 -0.25983882 -0.50671184 -0.32695341 -0.37294412 -0.49828887 -0.46081287
 -0.92721677 -0.6390143  -0.56614786 -0.13795675 -0.41337895 -0.74141914
 -0.89691752 -0.83604777 -0.72610718  0.29516602 -0.27932772 -0.29420251
 -0.16910535  0.54857612 -1.01107228 -0.27631301 -0.05631698  0.42135048
 -0.25903699  0.22183061  0.41416079 -0.16763701 -0.0467523   0.13916928]
[ 0.47026923  0.19136791 -0.26460078 -0.42873171 -0.41576737 -0.10345678
 -0.14501053 -0.19327931  0.8669132   0.44629553  0.72936553  0.14317112
  0.0933352  -0.32587212  0.06985136  0.14907332  0.11169972 -0.21784073
 -0.24741048  0.03088716  0.54283929  0.099591    0.33033994  0.61408979
  0.19319782  0.26195592 -0.27321646 -0.59892023 -0.424068   -0.31426665
 -0.49112907 -0.15754507  0.46933442 -0.00287201  0.18864954 -0.10989871
 -0.43118215 -0.56986451 -0.44243929 -0.69655532 -0.37515008 -0.56652761
 -0.22895981 -0.24332479  0.16385613 -0.07715797 -0.18007673 -0.211556
 -0.52095288 -0.50091583 -0.44371271 -0.45225251 -0.59288269 -0.37310135
 -0.33519003 -0.25325114 -0.36277562 -0.46941021 -0.06376531 -0.59338111
 -0.46184012 -0.4033238  -0.04706268  0.10613701  0.17820807 -0.16035724
  0.26407671 -0.30394578 -0.56936282 -0.6117292  -0.74012792 -0.61465496
 -0.46606848 -0.37209433 -0.41362885 -0.40943369 -0.26011714 -0.15526156
 -0.20077823 -0.50935924 -0.6420902  -0.46376795 -0.67450309 -0.76582348
 -0.63550371 -1.21377361 -0.44951403 -0.70237184 -0.84378868 -1.07591784
 -0.31202093 -0.48703715 -0.63438803 -0.53214437 -0.40240663 -1.0691272
 -0.81510872 -0.34086418 -0.66602063 -0.39792272 -0.56370813 -0.53611296
 -1.14275432 -0.43415594 -1.00094819 -0.50127488 -0.26241899 -0.35380051
 -0.53927463 -0.45913464  0.02065336 -0.41959643  0.15819111 -0.28459212
 -0.43680868 -0.57872868 -0.21196404 -0.79470718 -0.81678802 -0.41382557
 -0.15400988 -0.06320073 -0.32030836 -0.29962802 -0.17305867  0.61952114
 -0.11177032  0.07381178  0.04203511  0.37456945  0.31231597  0.32650217
  0.12265183  0.2205368   0.26359347]
[ 3.81378341e+00  3.17632341e+00  3.04881859e+00  2.68399000e+00
  1.77817178e+00  1.04347062e+00  7.89701194e-02  2.37416223e-01
  1.66076139e-01 -7.24504352e-01 -7.56567419e-01 -2.81583518e-01
 -2.87487596e-01 -1.40564948e-01  3.93657029e-01  1.50191158e-01
  2.14557245e-01  4.98357415e-01  1.76954925e-01  5.88777289e-02
 -2.74470240e-01 -2.85176188e-01 -4.91878182e-01  7.06760883e-01
  1.12759554e+00  8.64241540e-01  7.82267213e-01  7.77106345e-01
  6.65413558e-01  1.55670494e-01 -9.85607952e-02 -2.27456465e-01
 -5.41173160e-01 -6.53543890e-01 -9.05666411e-01 -6.23229861e-01
 -3.26480150e-01 -2.40810513e-01  1.33676887e-01 -1.97773725e-01
  2.03536868e+00  9.48896408e-01 -2.14429781e-01  1.59184337e-01
 -7.97914684e-01 -8.51269066e-01 -8.58620346e-01  4.66184877e-03
 -5.91498256e-01 -5.87043315e-02 -1.74698874e-01  3.90493482e-01
 -9.36971083e-02 -6.17471397e-01 -6.14749730e-01 -8.49794149e-01
 -8.32763672e-01 -8.74283671e-01 -6.51316166e-01  6.48368061e-01
  5.90556562e-01 -3.72835428e-01 -9.20296907e-02 -2.71804514e-03
 -2.90677369e-01 -5.62168121e-01 -5.12077153e-01 -4.65933502e-01
 -5.31128347e-01 -5.44721961e-01 -3.99609178e-01 -6.23065419e-02
 -3.05924505e-01 -3.79659832e-01 -8.85666251e-01 -5.44662103e-02
  1.25686685e-02 -2.66897708e-01 -2.05352634e-01 -8.74730885e-01
 -1.64271191e-01  2.88448185e-02  1.67988855e-02  1.90706804e-01
 -5.56643963e-01 -5.51853061e-01 -4.83892769e-01 -4.87715006e-01
 -7.93313324e-01 -5.89775383e-01 -5.90128064e-01 -6.38463676e-01
 -6.14937007e-01 -4.33635741e-01 -2.48359114e-01 -9.20106292e-01
 -1.15012956e+00 -9.03669953e-01 -7.81365633e-01 -8.72457445e-01
  4.25129309e-02  6.88281894e-01 -9.72082138e-01  8.01769570e-02
 -6.50110364e-01 -6.62687600e-01 -9.52827573e-01 -1.19817626e+00
 -9.96956408e-01 -4.55648661e-01 -1.92712605e-01 -1.25513399e+00
 -7.88792849e-01 -1.24849391e+00 -1.15652788e+00 -1.64468676e-01
 -8.79840136e-01 -6.79375350e-01 -7.95159817e-01 -5.77995360e-01
 -9.22762156e-01 -1.08975303e+00 -2.73573130e-01 -3.73742908e-01
 -2.82561213e-01 -5.75268388e-01 -8.92938018e-01 -5.14923275e-01
 -9.51555908e-01 -8.56787980e-01 -1.06672084e+00 -1.32390440e+00
 -1.59042048e+00 -1.55346274e+00 -8.34242940e-01]
