[ 0.28358772  0.02133435  0.30719623 -0.06795761  0.20806365  0.11663932]
[ 0.41454554  0.88984424 -0.63589555  0.56182653 -1.65481019 -0.80045736
 -1.06903934  0.87962008 -0.85930014 -0.44478562  0.95735538  0.70095032
  0.96269578  0.33307049]
[ 1.92206955  1.5697552   1.08864379  1.82988429  1.57762384  0.96133685
  1.45811057  0.91205049  0.72449529 -0.0041248   0.24390696 -0.16051279
  0.89262336  0.96281534]
[-0.32581481 -0.36805245 -0.28628755 -0.01581211 -0.00992347 -0.21048957
 -0.10612776  0.15833552 -0.46994057 -0.29826608 -0.44242138 -0.46498969
 -0.37486637 -0.42350852]
[-0.14745048  0.23975617 -0.3443251   0.1657491  -0.102025   -0.0707133
  0.65455866 -0.51891559 -0.41737661 -0.27759156 -0.13545896 -0.79465365
  0.19363786 -0.58296442 -0.40283445  0.16508776 -0.23411937 -0.25583521
 -0.42045516 -0.31732047 -0.43511117  0.2421612 ]
[-0.25535387 -0.48613715 -0.5662387  -0.17738292 -0.24142711 -0.4465512
 -0.65261561 -0.28501961 -0.43684724 -0.43875283 -0.39558557 -0.26332209
 -0.24248801 -0.13352986  0.04884577 -0.36233661 -0.5404402  -0.0129378
 -0.02204314 -0.13733207 -0.46298757 -0.07572588 -0.33940056 -0.21188049]
[ 4.40250254  2.73105264  3.64503264  2.68314767  2.28303647  0.89471877
  0.25156987  0.11886222  0.65537632 -0.3260777  -0.402605   -0.7518639
  0.14354278 -0.25643435 -0.21751778  0.44927374  0.03677003  1.1867919
  0.87727094  0.04887058  0.16678242  0.78373992 -0.92492998  0.98032576]
[ 1.3151108   0.53182304  0.32721874 -0.68075925 -0.35210842  0.23453283
 -0.10908987 -0.34707764 -0.22796129 -0.11162225 -0.2495281  -0.2458486
 -0.15788651 -0.00960237  0.05978042 -0.22592801  0.10317457 -0.08968679
 -0.10412586 -0.19922382 -0.15349513 -0.21794875  0.06824423 -0.1964433 ]
[-0.6790908  -1.50477302 -1.42502463 -0.12376136  0.61709338  0.64169037
  0.51686716 -0.41536629  1.0408498   1.29629207  0.3394973  -0.51489508
 -2.35071206 -1.91135883 -1.80166459 -2.44249392  0.66147494  0.75673509
  1.0678041   1.17583537 -0.00970266 -2.04613972 -1.41915238 -2.29846787]
[-0.36442423 -0.22870988 -0.0786968  -0.6437155   0.30771348 -0.48823723
 -0.16337802  0.06172202 -0.7024498  -0.08605761 -0.36798376 -0.52424645
 -0.04853333  0.09816432 -0.39416009 -0.49561629 -0.49148288 -0.34484628
 -0.44629404 -0.26554847 -0.50944889  0.28566188  0.05207632 -0.36407241
 -0.25117519 -0.46047309  0.01821814 -0.28753024]
[-0.38409153 -0.59343392 -0.13187994 -0.22759323  0.16975644 -0.02562528
  0.06989205  0.28042603 -0.29519042 -0.5034793   0.11329099 -0.1914223
 -0.526223   -0.23861064 -0.44367349 -0.31344911  0.0229793  -0.01751005
  0.32613686  0.02520164 -0.22183058 -0.18194446 -0.31952029 -0.25856182
  0.16872683 -0.15692431 -0.43983921 -0.20622778]
[ 2.91062617  2.39122581  2.65139818  1.07778549  0.81073546  0.67052305
  0.52491421  0.30129826  0.72469211  0.98300052  0.66357803  0.38538003
  0.09801731  1.27746892  0.54566014  0.00905025  1.04591703 -1.77992654
 -0.42018396 -0.56371576 -0.39043444 -0.99764705 -0.00673845 -0.01205064
  0.64093411  1.33849919  0.21151577  0.55135137]
[-0.19362871  0.23229167 -0.33182916 -0.31917176 -0.13952509 -0.16834618
 -0.094412   -0.00982769 -0.3804059  -0.2598151  -0.2421419  -0.32245484
 -0.35108432 -0.04817256 -0.20764634  0.04343802 -0.35689071 -0.21735708
 -0.19662586 -0.25661868 -0.14318809 -0.23860338 -0.16779353 -0.09566564
  0.02858785 -0.33226794 -0.17578389 -0.20782992 -0.1078485  -0.3320041 ]
[-0.20779309 -0.77476573 -0.26430169  0.32601818 -0.76548773  0.23393093
 -0.44950014  0.48796466 -0.40280363 -0.76045156  0.07773783 -0.47150436
 -0.50930917 -0.47266534  0.65277189 -0.61316639 -1.292678   -0.30514613
 -0.04042623 -0.42311838 -0.55072492  0.08904698 -0.13503534  0.04887681
 -0.56401867 -0.22810677 -0.57610786 -0.39851266 -0.2684584   0.19160186
 -0.30274108 -0.74940097 -0.10997169  0.19094551  0.16504349 -0.72512639
 -0.52803463  0.36367381 -0.43327057 -0.08604842 -0.68592024  0.2398122
 -0.79674774 -0.54538137 -0.55754179 -0.18347231 -0.10443755 -0.27066627
 -0.42057866  0.1358743 ]
[-0.29516679  0.02057328 -0.0275094  -0.3744792  -0.23107177  0.08212978
 -0.02932271 -0.27735552 -0.64473253 -0.43382618 -0.19425321  1.20548368
  0.27695942 -0.21636496  0.07924052 -0.65636516 -0.59840679 -0.21231823
 -2.40334082 -0.35841209 -0.72637707 -0.49623817 -0.7795071  -0.44458917
 -0.28744739 -0.04977825 -0.2400862  -0.53582609 -0.66419536 -0.2896944
 -0.66846371 -0.63604188 -0.50421977 -0.3833898   0.42201394 -0.56038457
 -0.88549554 -0.56212562 -0.3361797   0.22001271 -0.4997358  -0.64745665
 -0.56140077 -0.66713202 -0.73192465  0.31266358 -0.50244719 -1.38718247
  0.06045735 -0.57100624 -0.22137165 -0.11916919 -0.12412757  0.37117788
 -0.51229256 -0.39320862 -0.28753787  0.0156792   0.03304749  0.19402914
 -0.24520387 -0.22032985  0.01943045 -0.55700481  0.03409245 -0.83520669
 -0.32447991]
[ 1.00010455  0.88158697  0.59269106  0.35844278 -0.15987355 -0.09440909
  0.028407    0.10217261  0.00423384  0.19485988  0.18087423  0.04933661
  1.07779706  0.31971776  0.32662231  0.17848685  0.07885318 -0.17842208
 -0.12106328 -0.75540107 -0.14806448 -0.26625481 -0.31934741  0.08439364
  0.48966026  0.61298507  0.38132116  0.2046482  -0.09660368  0.02176293
 -0.11046837 -0.46638048 -0.14695631  0.03982547 -0.02084874 -0.05033621
 -0.45408019  0.10328463 -0.0634189  -0.36232436 -0.61075962 -0.4085089
 -0.38666135 -0.48386908 -0.46479866 -0.1652111  -0.37104249 -0.32322326
  0.10923171 -0.13857853 -0.11277486 -0.35871422 -0.59750766 -0.43482739
 -0.21241027  0.03714196 -0.1030477  -0.34404746 -0.26213351 -0.59111112
 -0.62013149 -0.62040186 -0.65476406 -0.64827847 -0.25011811 -0.37829077
 -0.13053249 -0.30233517  0.18756232  0.07310684 -0.11332653 -0.23809901
 -0.85784537 -0.56713027 -0.42879021 -0.47995916 -0.52249932 -1.22010005
 -0.46229377 -0.60094637 -0.86572063 -0.33224168 -0.53189689 -0.10553682
 -0.53062499 -0.41759685 -0.66459298 -0.45071605 -0.51971155 -0.67231333
 -0.77912414 -0.77187616 -0.88364923 -0.92890596 -0.55248773 -0.62046307
 -1.05655909 -0.74651188 -0.00536814 -0.81793827 -0.80231422 -0.3384409
 -0.17057276 -0.57174355 -0.03917112 -0.31063855 -0.49953794 -0.19867963
 -0.61481875 -0.49936604 -0.35694453  0.05603286 -0.29202268 -0.68993741
 -0.70386887 -0.73270971 -0.58336604 -0.23220879 -0.23380245 -0.05058796
 -0.49915728  0.39637893 -0.51268387 -0.45644867  0.04993214  0.08063976
 -0.15154943  0.24654704  0.12789242 -0.08780392 -0.02206017  0.29375792]
[ 1.72506726  1.28996348  1.37747586  0.96972591  0.26165125 -0.05420487
 -0.33764887 -0.37225902 -1.01116514 -0.38448012 -0.33221954 -0.35541302
  0.7189303   0.44616261  0.33335647  0.30991614  0.50657791 -0.02439008
 -0.01757048 -0.04154444 -0.274988   -0.54827541  0.0776786   0.00751742
  0.61495692  0.47902349  0.3960011   0.60391712  0.38279596  1.27741742
  0.36721322  0.00840402 -0.66774935 -0.70658886 -0.63730472 -0.83421332
 -0.6062938   0.24331845 -0.28528446  1.4210552   0.32181108 -0.48492131
 -0.1363984  -0.67677867 -0.77213883 -0.6788134  -0.17028166 -0.89445639
  1.16671395 -0.04398007  0.20666218 -0.09529303 -0.60168326 -0.42338875
 -0.65432024 -0.66991174 -0.92543995 -0.59484792 -0.09192036 -0.61549765
 -0.8943792  -0.70525569 -0.64766306 -0.28561366 -0.28678927 -0.35211664
 -0.2970193  -0.26772189  0.20263337  0.52212304  0.32519385  0.25554428
 -1.38526118 -1.14491618 -0.40490389 -0.56610382 -0.31720182  0.21770048
 -0.97926092 -0.59563756 -0.66587114 -0.16800189  0.1711922  -0.39742222
 -0.62189442 -0.3257497  -0.22893117 -0.76339138 -0.32308242 -0.67684054
 -1.11205244 -0.36046961 -1.0878818  -1.37348449 -1.03265178 -1.093714
 -0.88296878 -0.94710261 -0.34424734 -1.36723435 -0.66393232 -1.08163548
 -0.2842001  -0.62594593 -0.79908007 -1.0071615  -1.46927166 -0.76239735
 -0.79244143 -0.79937518 -0.76753289 -0.15062539 -0.57392228 -1.02525723
 -0.12079352 -0.64367563 -0.54582381 -0.85790467 -0.24475464 -0.8501153
 -0.57815027 -0.13119407 -1.47420716 -0.55982804  0.54713166 -0.50000596
 -0.59235948 -0.57449341 -0.15162273 -1.01708078 -1.03237677 -1.47159708
 -0.87860787  0.1778715   0.15435672  0.1920342   0.01787425  0.88530654
  0.08271313  1.22850597  1.06956315  0.52259982 -0.23034972  0.70603931
  1.65449214  1.30461001  0.89289939  1.22954452  0.60987437]
