[-0.39931053  0.11382049  0.42328742  0.26929545 -0.57072395]
[0.68625528 0.67782402 0.66709375 0.66871417 0.68002641 0.68223476
 0.66983384]
[-1.02845621 -1.05409479 -1.07405269 -1.08987379 -1.10003889 -1.10503769
 -1.10470271]
[ 0.10106904  0.07581695  0.18537433  0.21168198  0.03199973 -0.07330963
 -0.13289857 -0.15043052 -0.12267645 -0.06281637  0.02302882  0.07133042
  0.09168932  0.00717532  0.13680474  0.48982885  0.67500758  0.61177784
  0.50750709  0.43585533  0.21020046 -0.0667461  -0.29655552 -0.41777843
 -0.2290121   0.08153469  0.20245005  0.02978543 -0.24671488]
[-0.35598576 -0.05943482  0.11815184  0.23355718  0.31744435  0.25375944
  0.28015485  0.33210662  0.42261735  0.52066523  0.49087811  0.52904207
  0.57075423  0.6578247   0.74264467  0.74979144  0.77005404  0.66688365
  0.62632126  0.51399678  0.29970503  0.24806884  0.20987678  0.31908834
  0.49505216  0.66084975  0.75562716  0.68673408  0.66891313  0.6768505
  0.65265644  0.57945472  0.56137079  0.58277375  0.61772382  0.73548859
  0.84378165  0.86057937  0.81106699  0.73939687  0.78052157  0.80300701
  0.75933713  0.70143318  0.63006806  0.55519193  0.38360626  0.23761331
  0.15088171]
[ 0.52726048  0.44583678  0.36864129  0.24214786  0.1354682   0.02598347
 -0.09468072 -0.19981042 -0.26886538 -0.27923217 -0.23552497 -0.11850843
  0.06229685  0.24735937  0.33415192  0.33390144  0.26721615  0.14825943
  0.02224736 -0.09904262 -0.22466001 -0.34561363 -0.44689575 -0.5338797
 -0.61074859 -0.67984521 -0.75162727 -0.82551813 -0.8936758  -0.9697721
 -1.05576026 -1.15694022 -1.24813223 -1.31549311 -1.37657392 -1.42848599
 -1.46537912 -1.49021125 -1.52364123 -1.5483743  -1.57185388 -1.63140619
 -1.69982088 -1.7640481  -1.78112829 -1.75118947 -1.71820843 -1.67220426
 -1.61370087]
[-0.03601219 -0.00954315  0.04320947  0.10064775  0.14871946  0.16571154
  0.1450213   0.12633926  0.1103197   0.08038837  0.05695356  0.03049961
  0.00539843  0.00731672  0.02655152  0.05380042  0.11307066  0.15136227
  0.16201673  0.17387119  0.15412709  0.15406391  0.14765157  0.15226157
  0.19047877  0.17659146  0.16622953  0.17456584  0.19833294  0.21166401
  0.19917801  0.18204355  0.14975299  0.16713528  0.12802054  0.06624104
  0.07943672  0.10636359  0.19337812  0.28584504  0.3573525   0.39493674
  0.38602412  0.4094559   0.45040223  0.4640058   0.46448874  0.48647156
  0.48833227  0.49641085  0.55213624  0.60161036  0.61943793  0.62873214
  0.62004     0.63463795  0.64168882  0.62410808  0.62408245  0.61783671
  0.59972417  0.54942304  0.50606197  0.47799194  0.4541876   0.44791216
  0.44939125  0.45309779  0.44609153  0.45679972  0.49395123  0.54990953
  0.59531897  0.61008751  0.6155296   0.62415767  0.63412851  0.64924705
  0.67194968  0.68291765  0.69460446  0.70556217  0.72521698  0.73316741
  0.74893254  0.79072881  0.77233809  0.71860731  0.66114867  0.63384575
  0.61346543  0.58060253  0.57797867  0.58399707  0.59821051  0.61498857
  0.60857886  0.59111774  0.57067382  0.54410917  0.55326951  0.58974564
  0.61724544  0.64150822  0.66912216  0.69930899  0.70336151  0.67996848
  0.65232933  0.60557789  0.56228638  0.5507673   0.51393211  0.47983953
  0.49302444  0.50378442  0.4819383   0.4273949   0.37219957  0.3380034
  0.27915609  0.24414811  0.26215023  0.31097981  0.36327013  0.35940152
  0.3540006   0.37972289  0.38595164  0.35652876  0.36253908  0.3630763
  0.33785558  0.30999887  0.30355552  0.31590596  0.33700001  0.36240774
  0.37014228  0.35662067  0.34527501  0.33573672  0.37747017  0.41098803
  0.39806715  0.33850366  0.27734217  0.23187372  0.16632827  0.10562975
  0.07811463  0.07586086  0.07864805  0.10401864  0.10076233  0.04303363
 -0.062197   -0.15524442 -0.19275013 -0.22991675]
[-0.47674182 -0.4567554  -0.43900976 -0.42280346 -0.40788618 -0.3933883
 -0.37523642 -0.3517676  -0.32402337 -0.29648426 -0.26799533 -0.23720571
 -0.21054752 -0.18586113 -0.1612868  -0.13976349 -0.11978899 -0.1016184
 -0.08229245 -0.05959557 -0.03515237 -0.0076251   0.01256881  0.03605238
  0.06549662  0.08995962  0.1140155   0.13695648  0.16013257  0.17773895
  0.19393171  0.22116429  0.24588969  0.25961673  0.27782899  0.30656329
  0.33404031  0.35089782  0.35710707  0.36305317  0.37429938  0.38500565
  0.39662957  0.41312975  0.42881197  0.43951821  0.4558647   0.47051933
  0.48845637  0.51101422  0.52113628  0.52906173  0.54528326  0.56040847
  0.57085854  0.5774076   0.58166271  0.58975655  0.59687394  0.59660262
  0.59297872  0.59303463  0.59487295  0.59581196  0.59383434  0.58991671
  0.58581316  0.57867539  0.5683949   0.55947477  0.55134338  0.53902549
  0.52412695  0.51353288  0.50920153  0.50961637  0.50976169  0.50699937
  0.50964731  0.51463854  0.51830775  0.52240294  0.52304131  0.5229032
  0.52654976  0.53411353  0.53827906  0.54159284  0.54903024  0.55992067
  0.5688377   0.57135433  0.57285815  0.57566917  0.57438922  0.57340938
  0.5719853   0.57126111  0.5724833   0.57301056  0.57307947  0.56666178
  0.55675703  0.54825211  0.53958493  0.53075457  0.51921988  0.50838435
  0.50358248  0.50320911  0.50213373  0.49769279  0.4966464   0.48980251
  0.4793345   0.47145677  0.45993561  0.4492794   0.4426125   0.43309113
  0.42514998  0.41583753  0.40476847  0.39303136  0.37775207  0.36646342
  0.35861579  0.3552601   0.35562712  0.35594431  0.36118567  0.37217388
  0.37970185  0.39526448  0.41318774  0.43057671  0.44891742  0.46389198
  0.48008797  0.49863899  0.51565754  0.53056562  0.54131132  0.54887444
  0.55443543  0.56621009  0.58325583  0.59693903  0.61400485  0.63120651
  0.6467644   0.66045362  0.66561592  0.66115099  0.65620005  0.65292686
  0.65701616  0.66513032  0.67492121  0.68773872  0.69815224  0.70990789
  0.72067624  0.73028338  0.73427969  0.73188514  0.7263726   0.72374654
  0.72267276  0.71923333  0.70597714  0.70211053  0.69845629  0.68142134
  0.66300088  0.64363635  0.61737525  0.59283626  0.56832278  0.54081017
  0.50585288  0.46924564  0.44914144  0.42749348  0.41049609  0.40032789
  0.38411903  0.36473566  0.33843812  0.31125435  0.27992314  0.24616079
  0.2133351   0.17527536  0.14387178  0.11728442  0.1067834   0.10675935
  0.09848548  0.07757236  0.04630857  0.0096919  -0.03234724 -0.07587603
 -0.12469996 -0.17496531 -0.22517648 -0.27592555 -0.32734561 -0.37812841
 -0.42966139 -0.48040044 -0.52824891 -0.57515836 -0.62195766]
[-0.83637106 -0.83663678 -0.83643711 -0.83325416 -0.82810909 -0.82224607
 -0.81185651 -0.79493922 -0.77237058 -0.74575967 -0.71767753 -0.69096673
 -0.66501218 -0.63885939 -0.61283171 -0.58542895 -0.55902058 -0.53681058
 -0.51590091 -0.49145064 -0.45747879 -0.41264173 -0.36120427 -0.3125723
 -0.2646969  -0.21381313 -0.16744189 -0.12632211 -0.08954147 -0.05714041
 -0.0288082  -0.00189247  0.02621787  0.06160219  0.10374269  0.14692688
  0.18771143  0.21941575  0.25548249  0.29170915  0.32228404  0.36030653
  0.3961378   0.4225955   0.44221991  0.47025287  0.50849879  0.53896487
  0.56664556  0.60185224  0.64484662  0.67020822  0.6704033   0.66175091
  0.64475495  0.62857699  0.62474865  0.6338473   0.63946211  0.62884063
  0.6176008   0.61052912  0.60415983  0.60106897  0.59436387  0.57899076
  0.56580603  0.5635823   0.5623548   0.55899     0.55150294  0.54506409
  0.54636955  0.54681045  0.54252899  0.54839748  0.56048375  0.56562901
  0.56969291  0.56922406  0.56544524  0.56372601  0.55513144  0.54320771
  0.5292815   0.50856298  0.48690313  0.46878195  0.45537624  0.44850904
  0.43966383  0.42321834  0.41094908  0.40922046  0.40821832  0.40614799
  0.40824011  0.4103227   0.41523781  0.42526838  0.43340164  0.45191562
  0.47861272  0.5071004   0.53296131  0.55391914  0.57930773  0.60118085
  0.61258835  0.62513924  0.63667768  0.64369059  0.65523762  0.66718102
  0.67636919  0.67470998  0.66459274  0.6535688   0.64203888  0.63344747
  0.62046993  0.60563481  0.59903353  0.59891117  0.59574157  0.57955366
  0.56350994  0.55330634  0.53819436  0.52088112  0.50379729  0.49125078
  0.49455124  0.50017452  0.49742171  0.49750292  0.49583307  0.4830015
  0.45063585  0.41951594  0.40617737  0.39331368  0.37849236  0.36706525
  0.36160371  0.35121891  0.33885702  0.32877904  0.32152933  0.31428766
  0.30360961  0.28803143  0.27437335  0.2688548   0.27040803  0.27484518
  0.27567825  0.2707729   0.27056786  0.28539771  0.31498951  0.3490282
  0.37509164  0.39788455  0.41922909  0.43672472  0.45182258  0.46489465
  0.47466126  0.4951033   0.53263426  0.58449715  0.63740623  0.67806578
  0.70453256  0.7253781   0.7481274   0.77675223  0.80064851  0.82561094
  0.85724247  0.89479339  0.95108932  1.01527905  1.06824148  1.11858153
  1.16951632  1.19139481  1.17726064  1.15474451  1.12904513  1.08116233
  1.03528094  0.98536241  0.92709941  0.86031747  0.82950902  0.81829453
  0.80332744  0.78590047  0.75419611  0.69863862  0.62864661  0.56055385
  0.47628668  0.38168669  0.31316403  0.24332143  0.17852345  0.14655858
  0.13409518  0.13874154  0.12936252  0.09184638  0.04435126 -0.01618756
 -0.08459419 -0.15702643 -0.23419225 -0.31308725 -0.39751962 -0.48435241
 -0.56506664 -0.63703912 -0.70100522 -0.75907701 -0.81289238 -0.86437851
 -0.91889429 -0.97822648 -1.04340136 -1.11488807 -1.19247055 -1.27107453
 -1.34547746 -1.41149926 -1.46755457]
[-0.93537563 -0.94193238 -0.94779807 -0.95689052 -0.9677518  -0.97807097
 -0.98780638 -0.99740553 -1.0072031  -1.01357877 -1.01958609 -1.0273453
 -1.03614104 -1.04417777 -1.04887581 -1.0501411  -1.04906285 -1.0478729
 -1.04560173 -1.03992927 -1.02943897 -1.01223779 -0.98901886 -0.96064794
 -0.9267264  -0.88618255 -0.83778346 -0.78559309 -0.73435956 -0.68795383
 -0.64541465 -0.60544586 -0.56690872 -0.53275639 -0.49954852 -0.46654043
 -0.43031144 -0.3843151  -0.3255679  -0.25447074 -0.17109609 -0.07984596
  0.01298697  0.10648866  0.19798304  0.28272939  0.36355126  0.43570006
  0.49667296  0.54778743  0.59303337  0.64281338  0.69140792  0.74170178
  0.79003096  0.82856691  0.86309868  0.89318711  0.90703696  0.90232134
  0.89125913  0.87418318  0.84794384  0.82266968  0.79725188  0.7718094
  0.74626201  0.72347611  0.70359212  0.68851244  0.67591822  0.66564757
  0.65598267  0.6460883   0.64314622  0.642501    0.63773787  0.63305157
  0.6309548   0.62453252  0.61084169  0.58581793  0.55171168  0.51052421
  0.46313009  0.41997588  0.38075811  0.34785146  0.3188481   0.28938112
  0.26237708  0.24156851  0.23457307  0.24332517  0.26531848  0.29342479
  0.32380274  0.35674876  0.39710948  0.44743928  0.50450826  0.56022739
  0.60985386  0.65452331  0.69446027  0.73231739  0.76543653  0.79174864
  0.80554152  0.80182475  0.78284228  0.7507264   0.71217483  0.66840738
  0.61834192  0.55826753  0.4952189   0.43806705  0.38841021  0.34708986
  0.31143814  0.28164053  0.26175418  0.25335965  0.25610435  0.27304739
  0.30440885  0.34966904  0.4073379   0.47551879  0.55079848  0.62012798
  0.68460262  0.7547735   0.82170451  0.87495863  0.91714758  0.94691664
  0.9681142   0.98128027  0.98875821  0.99075204  0.97762215  0.95337671
  0.92073339  0.88249052  0.84351885  0.79824281  0.74997586  0.69919366
  0.65146428  0.60521334  0.55266917  0.49027246  0.42134345  0.3416447
  0.24943867  0.15018979  0.04978257 -0.0459991  -0.13168363 -0.2062902
 -0.26778436 -0.31649384 -0.33855277 -0.33497185 -0.31701624 -0.28814727
 -0.26066172 -0.23717032 -0.21567048 -0.19557318 -0.17624222 -0.15677655
 -0.136628   -0.11137744 -0.08004752 -0.04024094  0.01264341  0.07626264
  0.15965973  0.25701845  0.36611137  0.48191074  0.59603047  0.71435601
  0.8323915   0.95336753  1.07795441  1.20029891  1.3199842   1.41658604
  1.49785924  1.56129396  1.60211253  1.61733758  1.61511862  1.6045624
  1.585379    1.56348825  1.5501256   1.54193878  1.5446676   1.56747496
  1.58217406  1.57980216  1.53840828  1.47221231  1.4074589   1.32536268
  1.2412529   1.15878797  1.08371758  1.04260004  1.04949129  1.08948696
  1.13887393  1.17239678  1.15736997  1.09254885  1.00194085  0.87433147
  0.70601815  0.4876042   0.23510844 -0.02154065 -0.25960463 -0.46390122
 -0.64013666 -0.78977418 -0.91245174 -1.00958788 -1.08241653 -1.13489842
 -1.17271149 -1.20037067 -1.22529864 -1.25189829 -1.28724599 -1.32967651
 -1.38029921 -1.43815589 -1.49961019 -1.5601598  -1.61914098 -1.67201698
 -1.71508741 -1.74787796 -1.77304971 -1.79065573 -1.80352008 -1.81322753
 -1.82039881 -1.82624304 -1.83096266 -1.83494008 -1.83858645 -1.84199226
 -1.84494317 -1.84772587 -1.85042036 -1.85300851 -1.85560513 -1.85813034
 -1.86060214 -1.8630228  -1.86527753 -1.86744785 -1.86954689]
[-0.67913646 -0.71915716 -0.76235497 -0.80558085 -0.84439021 -0.87289762
 -0.89669859 -0.91456825 -0.92629677 -0.93381977 -0.93997306 -0.94492489
 -0.9530738  -0.96477646 -0.97488153 -0.9827463  -0.99236554 -1.00177526
 -1.00762784 -1.01382732 -1.02085102 -1.03074396 -1.03936708 -1.0441376
 -1.0467633  -1.04581535 -1.04537475 -1.04412043 -1.0395242  -1.02962673
 -1.01186574 -0.98848808 -0.95983601 -0.92661953 -0.88684738 -0.83765173
 -0.78718561 -0.73805475 -0.69340485 -0.65401065 -0.61433673 -0.57416397
 -0.53741938 -0.50287122 -0.46925572 -0.43221265 -0.38530633 -0.32682005
 -0.25796008 -0.1770604  -0.08696256  0.00271938  0.09353518  0.18564229
  0.27312201  0.3564986   0.42954129  0.4904142   0.54357105  0.58816791
  0.63539571  0.68664664  0.73751682  0.7843253   0.82494605  0.86104816
  0.89072007  0.91093826  0.91162723  0.90352297  0.89107966  0.86548185
  0.8385424   0.81024796  0.78016382  0.74947214  0.72368306  0.71048045
  0.69587529  0.67885196  0.66948342  0.65967935  0.64670181  0.64396882
  0.64485896  0.63802725  0.63131881  0.62919956  0.62280566  0.60999769
  0.58351976  0.55047405  0.51134479  0.4624719   0.41897327  0.3812964
  0.34871247  0.32046565  0.29356375  0.26739392  0.24632107  0.23977013
  0.24829987  0.2679953   0.29304683  0.32036671  0.3492282   0.38584283
  0.43518811  0.49349117  0.55055726  0.60012114  0.64306897  0.68335247
  0.7203849   0.75308394  0.78093362  0.79448593  0.79185063  0.77388448
  0.73968416  0.7029494   0.6627925   0.61599165  0.55883539  0.49646491
  0.44193906  0.39214611  0.35114121  0.31534868  0.28297877  0.26249912
  0.25513655  0.25942039  0.27628979  0.30547097  0.34735847  0.40203503
  0.46710292  0.54096961  0.60991913  0.67700511  0.74917346  0.81601298
  0.8753733   0.92012298  0.94954544  0.97393781  0.98784572  0.99656045
  0.99987048  0.98651534  0.96565378  0.936849    0.90078801  0.86651462
  0.82494241  0.77368915  0.71635509  0.66433072  0.619991    0.56724012
  0.50435454  0.43466365  0.35710645  0.26317719  0.16516882  0.06612159
 -0.03038885 -0.11921901 -0.19756229 -0.26115143 -0.31318322 -0.33862299
 -0.33725762 -0.32000259 -0.29058075 -0.26722795 -0.24718674 -0.22636311
 -0.20387247 -0.180776   -0.16091037 -0.13868079 -0.11119075 -0.08054121
 -0.04481112  0.00434899  0.06249144  0.14356935  0.242401    0.35403684
  0.47421038  0.58705556  0.70648891  0.82098567  0.93914545  1.0650624
  1.18902194  1.30819666  1.40203702  1.48637092  1.55491924  1.60189235
  1.62932825  1.63128579  1.62627888  1.60961151  1.58094668  1.56410611
  1.54935706  1.54024947  1.56524253  1.57499838  1.57305074  1.52708793
  1.45704103  1.39516711  1.3192457   1.24019718  1.1547749   1.08026648
  1.03820729  1.03350782  1.06583309  1.11293638  1.15018964  1.13654125
  1.0726347   0.98956537  0.87399518  0.72836661  0.52069926  0.26980671
  0.01551657 -0.22568843 -0.43011153 -0.61067516 -0.76360363 -0.89028841
 -0.99191332 -1.06758666 -1.12344754 -1.16415358 -1.19283473 -1.2174722
 -1.24406338 -1.27837193 -1.32056057 -1.37052906 -1.42988312 -1.49111295
 -1.55554235 -1.61761379 -1.6722002  -1.71821463 -1.75366282 -1.78081822
 -1.79889512 -1.81154621 -1.82115257 -1.82864666 -1.83470905 -1.8395052
 -1.84362078 -1.84740806 -1.85090864 -1.85394311 -1.85676944]
[-0.72157317 -0.75217605 -0.78881735 -0.82719123 -0.86182505 -0.89182919
 -0.91618228 -0.93008554 -0.93689978 -0.94097954 -0.94449848 -0.95151633
 -0.96305954 -0.9752894  -0.98511147 -0.99437743 -1.00188482 -1.00484908
 -1.01030076 -1.01688278 -1.0264684  -1.03553808 -1.0411371  -1.04435134
 -1.04487383 -1.04417658 -1.03863049 -1.03157401 -1.01886451 -0.9999277
 -0.97740602 -0.94735473 -0.91331995 -0.87412316 -0.82778424 -0.78210241
 -0.74147606 -0.70414841 -0.66942096 -0.63078338 -0.58962917 -0.54811275
 -0.50519419 -0.45945117 -0.41188967 -0.35805455 -0.29539409 -0.22604051
 -0.14837062 -0.06676765  0.01050072  0.09065694  0.17436714  0.25861856
  0.34335506  0.41813499  0.48436829  0.54606336  0.59734607  0.64783007
  0.69988227  0.74802524  0.78837162  0.8225677   0.85426599  0.877231
  0.89148456  0.89152139  0.89080536  0.89268017  0.88094139  0.86423808
  0.83450192  0.79863453  0.76242673  0.72705972  0.70576191  0.68995601
  0.67789125  0.67683303  0.67657113  0.66928536  0.65983903  0.64765632
  0.62949634  0.61630255  0.60985488  0.60158461  0.59074372  0.56793278
  0.5367431   0.49973661  0.45423439  0.41288459  0.37954271  0.35485324
  0.33113974  0.30475616  0.28043211  0.26127347  0.25709099  0.26687109
  0.28654873  0.31120992  0.33654583  0.36148909  0.39043549  0.43290073
  0.48595732  0.54005653  0.58896083  0.63317776  0.67166466  0.70504272
  0.73434711  0.75593525  0.76151896  0.7557283   0.73771691  0.70576632
  0.67375809  0.64050114  0.60345066  0.55657041  0.5026744   0.45313513
  0.40351185  0.36106008  0.32508141  0.2942594   0.27627075  0.27261403
  0.28181833  0.30533797  0.33894527  0.37989032  0.43013465  0.48858109
  0.54501182  0.59686625  0.66252053  0.73375052  0.80011374  0.86250913
  0.91098988  0.94387025  0.96997833  0.98489308  0.9834978   0.97636729
  0.9686991   0.95209712  0.92615336  0.89529657  0.86623251  0.83193964
  0.78529304  0.72822446  0.66790086  0.61334348  0.55015987  0.48087856
  0.406748    0.32898679  0.24067643  0.15325174  0.06764731 -0.01484905
 -0.09431238 -0.16751404 -0.23357265 -0.28129104 -0.30598789 -0.31077155
 -0.30204588 -0.2825056  -0.26989743 -0.26061857 -0.2485811  -0.22974472
 -0.20074835 -0.16528897 -0.12574525 -0.0866365  -0.04844876 -0.00985962
  0.03270387  0.08377679  0.15566741  0.25365242  0.37184814  0.49474186
  0.60869145  0.72611487  0.83621401  0.94991356  1.06735563  1.18551099
  1.29321182  1.38241208  1.45924723  1.5160265   1.55998504  1.58992171
  1.60374296  1.62111652  1.62064695  1.60775757  1.60165632  1.59844339
  1.57691395  1.5690515   1.5461365   1.50803649  1.44156826  1.375736
  1.32835138  1.28361237  1.24083292  1.19761503  1.15466356  1.12684345
  1.10704887  1.09306955  1.08235729  1.06215978  1.00562775  0.92752314
  0.85360885  0.75846308  0.64643991  0.49357846  0.28628027  0.05794823
 -0.17462645 -0.38383666 -0.56446242 -0.71366745 -0.84152675 -0.94437605
 -1.02637327 -1.08889043 -1.14035082 -1.18129933 -1.21929002 -1.25800645
 -1.29669964 -1.33872628 -1.38595307 -1.43632615 -1.48937118 -1.54576027
 -1.60097444 -1.65409207 -1.69955277 -1.73922372 -1.76802075 -1.79161465
 -1.80816913 -1.81957185 -1.82796764 -1.83432448 -1.83951831 -1.84396851
 -1.84788692 -1.85141301 -1.85465467 -1.85751259 -1.86026609 -1.86288333
 -1.86544311 -1.86787534 -1.87029731 -1.87268329 -1.87488544 -1.87685442]
[-0.82305861 -0.86217344 -0.87065876 -0.87305832 -0.87875295 -0.88322443
 -0.89724451 -0.91795462 -0.93184018 -0.9437421  -0.95153731 -0.95021045
 -0.93810314 -0.9388659  -0.95749325 -0.97900504 -1.00314641 -1.02307594
 -1.02501714 -1.01192629 -1.00495219 -1.01618958 -1.04045284 -1.04904103
 -1.04162669 -1.03253937 -1.02770066 -1.01994562 -1.00246012 -0.97454941
 -0.9402402  -0.89573747 -0.84238148 -0.78997254 -0.74749774 -0.69515681
 -0.62902325 -0.57171267 -0.53486186 -0.52019364 -0.51560771 -0.49221593
 -0.45500997 -0.41701144 -0.34963197 -0.27826607 -0.2049444  -0.10886026
 -0.0065311   0.11305391  0.23053154  0.32486334  0.40306929  0.46166596
  0.49405357  0.52655685  0.58455217  0.63442546  0.67462456  0.73317236
  0.7935186   0.86534756  0.92191762  0.96450853  1.02384174  1.04566002
  1.02891421  1.0061363   0.94101524  0.85564315  0.78161764  0.7537961
  0.76000273  0.78591919  0.82278848  0.7778576   0.69439983  0.64575231
  0.61976612  0.60086483  0.59908777  0.63141888  0.67312592  0.68856341
  0.68156379  0.65772283  0.6147961   0.55706686  0.52519643  0.51547623
  0.48073861  0.44151351  0.39281055  0.32936883  0.27144793  0.25273609
  0.2505722   0.2477867   0.26152888  0.24448171  0.22022307  0.22233769
  0.25201795  0.3197653   0.39625615  0.44066116  0.4705385   0.50826031
  0.55324215  0.60083944  0.65729773  0.71405643  0.73972875  0.76950765
  0.78687882  0.78911239  0.81285959  0.79589748  0.73727292  0.65162206
  0.57119691  0.50892484  0.44924274  0.40505391  0.35911238  0.31207046
  0.27908164  0.25906038  0.24655837  0.23789023  0.23972921  0.24732947
  0.25030595  0.27656081  0.32807627  0.41647062  0.5368191   0.63300896
  0.71818352  0.81111425  0.89641297  0.89102364  0.86978668  0.98630786
  1.0636363   1.06570256  1.05199659  1.03802741  1.05259502  1.0585742
  1.04494691  0.9883154   0.91073567  0.85563052  0.81166488  0.74865454
  0.69769347  0.66041851  0.62714714  0.58872467  0.53267974  0.44708425
  0.3421329   0.20508976  0.08792444 -0.03893416 -0.16761719 -0.27447662
 -0.35387093 -0.38215762 -0.38864249 -0.38682416 -0.38537607 -0.39291367
 -0.32795954 -0.2508963  -0.21068546 -0.17045952 -0.13381211 -0.14994682
 -0.19095734 -0.22294569 -0.22675925 -0.14210026 -0.04935847  0.0428937
  0.11278     0.19102584  0.32409441  0.41630161  0.52846438  0.64180249
  0.81040621  0.94505858  1.06209254  1.201002    1.32806063  1.42455709
  1.51791322  1.60574913  1.69374669  1.7345047   1.76142585  1.73271775
  1.62026608  1.53456712  1.4953481   1.49787045  1.52536047  1.51400959
  1.53092742  1.55066609  1.63241267  1.68610811  1.57056665  1.35939753
  1.09781742  0.91500312  0.82265234  0.75086749  0.80403292  0.91420817
  0.98352766  1.12558997  1.36516464  1.44921637  1.3234092   1.061391
  0.74821544  0.47461098  0.23262477 -0.01433846 -0.24119964 -0.46165305
 -0.63646793 -0.80184692 -0.93400258 -1.04765451 -1.1216898  -1.16590476
 -1.17863119 -1.18001592 -1.17990482 -1.17707121 -1.19372022 -1.23866582
 -1.31097233 -1.4014864  -1.51611853 -1.61122108 -1.69123924 -1.75019324
 -1.78924918 -1.81691873 -1.83487272 -1.84860778 -1.85853076 -1.86633253
 -1.87270153 -1.87876499 -1.88393605 -1.88791847 -1.89130509 -1.89482224
 -1.89777076 -1.90044677 -1.90391505 -1.9072417  -1.90949786 -1.91194189
 -1.91442311 -1.91722322 -1.92019939 -1.92256618 -1.92455435 -1.92675936
 -1.92871761 -1.930493   -1.93174803]
[-0.57137811 -0.55497015 -0.58720487 -0.66035771 -0.75428635 -0.83078557
 -0.88470083 -0.92171043 -0.93472612 -0.94412321 -0.95497066 -0.95930427
 -0.96348369 -0.96854866 -0.97073466 -0.97749907 -0.98374498 -0.97707897
 -0.96162575 -0.96015126 -0.97107673 -0.98460644 -1.00365341 -1.02073729
 -1.02435851 -1.01331973 -1.01006663 -1.02229309 -1.04246747 -1.05792475
 -1.05749059 -1.04428804 -1.0354898  -1.02765787 -1.01271152 -0.99075896
 -0.96402782 -0.9276247  -0.87598217 -0.83104175 -0.80196261 -0.7670033
 -0.7201212  -0.66423512 -0.61119348 -0.58164501 -0.56156117 -0.52735376
 -0.48345935 -0.43135691 -0.36144432 -0.2842702  -0.19557461 -0.09319237
  0.00696288  0.12457531  0.25820366  0.37429559  0.4655447   0.52788502
  0.56934386  0.62214196  0.67853767  0.73957467  0.79435039  0.85056198
  0.90039647  0.96101213  1.03633535  1.10205019  1.17475796  1.17580104
  1.16499949  1.18518794  1.12434161  1.02011764  0.90851372  0.8327691
  0.81583428  0.84472376  0.88840878  0.84958285  0.75824058  0.69263124
  0.64276278  0.60408062  0.61323905  0.64263159  0.65195823  0.6540364
  0.6509161   0.61614412  0.5580914   0.50236982  0.47255209  0.45381638
  0.41252393  0.37153921  0.32703537  0.27638417  0.23848371  0.22635244
  0.22770171  0.23836906  0.2570256   0.23720258  0.21027255  0.20859554
  0.22102965  0.26182064  0.31680274  0.36811468  0.4151009   0.45600554
  0.49021006  0.53301519  0.58584255  0.63464862  0.66612667  0.68139118
  0.68850106  0.7033878   0.7206375   0.69540536  0.64156872  0.57686824
  0.52583104  0.48046729  0.43522689  0.40458441  0.35746971  0.31378916
  0.27461246  0.23575906  0.22127886  0.21663493  0.22134733  0.23812065
  0.25273067  0.27884692  0.32286     0.4011865   0.51251113  0.61986274
  0.72563112  0.8357175   0.93834758  0.96795034  0.95354027  1.0189153
  1.1065048   1.1524986   1.15532756  1.12092948  1.10669148  1.12604976
  1.1232568   1.07179618  1.02081597  0.95524669  0.86662179  0.78512788
  0.72674549  0.6854524   0.64239198  0.58269501  0.50964648  0.43137139
  0.32057407  0.18609926  0.0607397  -0.06335226 -0.19327438 -0.30515224
 -0.39229691 -0.44295794 -0.4617613  -0.46117052 -0.45832685 -0.46219465
 -0.43557674 -0.37404832 -0.31690267 -0.26750907 -0.23553014 -0.23497944
 -0.24596216 -0.25553036 -0.25814879 -0.20166193 -0.11821029 -0.04432644
  0.04520374  0.15650198  0.30871183  0.43559617  0.54822433  0.68587363
  0.8488645   1.00858235  1.14487541  1.29674637  1.44126689  1.55595779
  1.67810023  1.77291977  1.87598026  1.95982206  1.99035287  1.97146308
  1.84265006  1.71294236  1.63725841  1.5728246   1.54110193  1.55418515
  1.5421139   1.52740073  1.52355444  1.4940989   1.38898909  1.22405434
  1.01467383  0.81338179  0.68494594  0.60511231  0.59793419  0.67150044
  0.77357775  0.91098541  1.06260836  1.13758612  1.09026814  0.91515195
  0.68944776  0.44977611  0.22986378  0.01586179 -0.20122926 -0.40302712
 -0.5805307  -0.73695683 -0.87497157 -0.9878329  -1.07107306 -1.11930168
 -1.14273632 -1.15192831 -1.15576065 -1.15693426 -1.16803467 -1.20370889
 -1.26572657 -1.34857976 -1.44950438 -1.5445019  -1.6230762  -1.68300831
 -1.72440875 -1.75266778 -1.77117503 -1.78546727 -1.79554045 -1.80302346
 -1.80884504 -1.81400597 -1.81866705 -1.8225956  -1.82579112 -1.82874691
 -1.83137798 -1.83340168 -1.83584094 -1.83856547 -1.84045005 -1.84217
 -1.8441993  -1.84621465 -1.84819329]
[-0.60458332 -0.69915032 -0.78381866 -0.83741558 -0.87532753 -0.89304101
 -0.90188038 -0.91037804 -0.91643101 -0.925964   -0.94107896 -0.95005351
 -0.95689785 -0.96270794 -0.96157718 -0.95112044 -0.9488256  -0.96404237
 -0.9807024  -0.99982435 -1.01919889 -1.02611208 -1.01816499 -1.01330972
 -1.02414834 -1.04773831 -1.06342673 -1.06185627 -1.04920185 -1.03611672
 -1.02608526 -1.00759077 -0.98283517 -0.94990879 -0.90854019 -0.85740399
 -0.80355412 -0.76333052 -0.72342432 -0.67264169 -0.62157631 -0.57982212
 -0.55901301 -0.54601747 -0.51754481 -0.4767468  -0.43250269 -0.36393955
 -0.28310138 -0.20082727 -0.10317493 -0.00259627  0.10334036  0.21211159
  0.31184059  0.39762595  0.46143097  0.50547528  0.54531813  0.59484339
  0.64451164  0.69048768  0.73513961  0.78702056  0.85476476  0.93342829
  0.99470371  1.04695249  1.07478333  1.06669283  1.08247721  1.05316007
  0.96212351  0.85824031  0.79167289  0.76883942  0.78706235  0.83104759
  0.81466776  0.73533374  0.66590005  0.62857872  0.61122501  0.61944175
  0.64733285  0.6773206   0.69050992  0.68005627  0.64661586  0.60548627
  0.55770278  0.52232796  0.50768572  0.47161061  0.42701349  0.38812989
  0.32859084  0.27321133  0.2606639   0.26409712  0.26378533  0.27407286
  0.25728795  0.23159349  0.22711118  0.24833177  0.3011699   0.36120346
  0.40504777  0.43594825  0.47541279  0.52073407  0.56917155  0.61745453
  0.65773809  0.68662906  0.71846652  0.73165989  0.73793077  0.75679702
  0.73779029  0.68253303  0.61485928  0.55807304  0.50821298  0.45823559
  0.42391455  0.380429    0.32918739  0.29876265  0.26930484  0.24444252
  0.24427821  0.24709332  0.25715029  0.27099141  0.29199088  0.338258
  0.41018823  0.51193696  0.60955435  0.69683975  0.79052073  0.87972414
  0.89726394  0.88639003  0.97863561  1.06603587  1.08563077  1.09026289
  1.08773899  1.08812177  1.09734809  1.09526622  1.04495895  0.98591244
  0.94603634  0.88975602  0.81206638  0.74040127  0.70422488  0.6809575
  0.62766898  0.55421114  0.47820902  0.36737812  0.23192917  0.10762046
 -0.01292621 -0.13882785 -0.25138885 -0.33596435 -0.37986466 -0.39254016
 -0.39800239 -0.39925033 -0.39557919 -0.35340491 -0.28741679 -0.23578092
 -0.18633746 -0.14833389 -0.15885805 -0.19298638 -0.20779985 -0.1995388
 -0.1386776  -0.04711028  0.03003613  0.10314801  0.19432011  0.32669982
  0.43936425  0.54908967  0.66479832  0.8037141   0.94452941  1.06250119
  1.18627477  1.31350422  1.41313434  1.49025929  1.5875386   1.69875419
  1.75832283  1.80341768  1.80912483  1.7129854   1.59427691  1.53484559
  1.53879023  1.55191433  1.53185046  1.52919948  1.5469203   1.55631495
  1.55777848  1.45706654  1.29718614  1.0955261   0.91193241  0.8066572
  0.73283184  0.74340606  0.81073052  0.87687981  1.00768685  1.19409323
  1.2818501   1.1914711   0.99461722  0.75293416  0.52316052  0.31085217
  0.07918218 -0.1496987  -0.36672026 -0.55080801 -0.71321195 -0.85729223
 -0.97559398 -1.0607127  -1.10881019 -1.12723708 -1.12997651 -1.12822425
 -1.12530088 -1.13780832 -1.17795897 -1.25075269 -1.34845424 -1.46632278
 -1.57867491 -1.67061079 -1.73984241 -1.78684831 -1.81998074 -1.84250271
 -1.8582859  -1.86989462 -1.87820947 -1.88508892 -1.89154029 -1.89707577
 -1.90141404 -1.90503061 -1.9083637  -1.91162157 -1.91434777 -1.91748464
 -1.92057776 -1.92304087 -1.92521632 -1.92747259 -1.93011367 -1.93272853
 -1.9348259  -1.93648291 -1.93846107]
[-0.60959119 -0.69403654 -0.78055334 -0.85334855 -0.89343023 -0.91005981
 -0.91270512 -0.8969717  -0.87303281 -0.86977154 -0.90202278 -0.94415653
 -0.98128837 -0.9965781  -0.9973287  -1.00420201 -1.01437032 -1.02458334
 -1.04031241 -1.06587744 -1.09505069 -1.10993552 -1.10689437 -1.09127104
 -1.07210338 -1.07548976 -1.08714151 -1.07828438 -1.06411648 -1.06041479
 -1.06193686 -1.0564996  -1.03930867 -1.01509559 -0.98010677 -0.92652047
 -0.8701458  -0.80189919 -0.7133041  -0.60608459 -0.49368447 -0.4276357
 -0.41924679 -0.43206024 -0.45505959 -0.47271785 -0.47934955 -0.48154125
 -0.45499867 -0.39737758 -0.30582029 -0.18621886 -0.03287814  0.1191375
  0.24416342  0.34612659  0.38679737  0.42333114  0.4461216   0.4730801
  0.53988457  0.56623334  0.58024633  0.61258233  0.67232198  0.74120617
  0.77624613  0.78583437  0.7927348   0.79632801  0.71768701  0.61943114
  0.56609756  0.51411772  0.51161587  0.54213852  0.60236144  0.6777395
  0.70422316  0.68123406  0.64694417  0.59060937  0.54695934  0.54957527
  0.55119312  0.59000945  0.68313491  0.75674736  0.77578676  0.76904011
  0.71225846  0.67978734  0.65756875  0.61429787  0.58923155  0.5510788
  0.48547295  0.37375998  0.27394134  0.23022564  0.20928067  0.20811406
  0.22006088  0.21340765  0.19132438  0.20833647  0.28072658  0.40698418
  0.53246635  0.5987308   0.63493478  0.68657404  0.75046068  0.81290323
  0.87994337  0.91718626  0.96647471  1.00692523  1.02478552  1.03433001
  1.05039978  1.07633245  1.00273812  0.8559683   0.70724374  0.61318272
  0.54431671  0.45077458  0.38371351  0.33839479  0.31079301  0.28787652
  0.25702572  0.22379984  0.19634853  0.17029968  0.17749214  0.24578746
  0.32543048  0.41877183  0.54435468  0.68267763  0.77501768  0.82306099
  0.8694905   0.82343715  0.76859522  0.8345418   0.86683267  0.85689306
  0.88029271  0.89844906  0.89062041  0.84084928  0.78373736  0.69651198
  0.59304702  0.5313493   0.49244183  0.49383834  0.53080112  0.50923103
  0.4907105   0.49218649  0.45576984  0.35851753  0.27590349  0.15772171
  0.02279129 -0.10845282 -0.22405882 -0.30112755 -0.33475098 -0.31745178
 -0.29766628 -0.2994847  -0.29529807 -0.29008293 -0.16582367 -0.02907477
  0.0372946   0.0452518   0.01806811 -0.03612059 -0.11787926 -0.18001939
 -0.19007275 -0.10056656  0.01415172  0.14783651  0.25321913  0.32677633
  0.35592371  0.37075967  0.46061727  0.55658883  0.74411827  0.9170382
  1.03681719  1.14343035  1.26746583  1.39750588  1.48747468  1.55852711
  1.54330647  1.51230788  1.45364392  1.31060517  1.24085033  1.21027219
  1.16172171  1.20338631  1.42307675  1.51768839  1.62730289  1.77229464
  2.03802252  2.15472579  1.96231866  1.65341127  1.36785793  1.17697322
  1.04107451  0.99871755  1.1318841   1.30373669  1.47115576  1.65456402
  1.89714396  2.06460023  1.89366388  1.44451416  0.83394927  0.35815904
  0.02015127 -0.28815106 -0.52846658 -0.74779773 -0.90663505 -1.056391
 -1.16609418 -1.24987793 -1.2986182  -1.32684648 -1.3332535  -1.3299123
 -1.32116354 -1.31235576 -1.32143807 -1.34851801 -1.39807975 -1.46295583
 -1.53760123 -1.60113525 -1.65351188 -1.69243598 -1.71865368 -1.73627019
 -1.74823499 -1.75818813 -1.76563644 -1.77106476 -1.77528799 -1.77973282
 -1.78424323 -1.78763008 -1.7900635  -1.79218471 -1.79412937 -1.79669774
 -1.79954243 -1.80270004 -1.80529225 -1.80796504 -1.81093478 -1.81366074
 -1.81649315 -1.8193717  -1.82191789]
[-0.54998851 -0.54556024 -0.5940938  -0.67312866 -0.75992644 -0.83684218
 -0.88427472 -0.90573621 -0.9137311  -0.90340942 -0.87853611 -0.86900949
 -0.89238274 -0.93113977 -0.9717868  -0.99437088 -0.99823439 -1.00298774
 -1.01407254 -1.02370489 -1.03552818 -1.06043136 -1.08926404 -1.10640955
 -1.10805643 -1.09389603 -1.07540858 -1.0730691  -1.080446   -1.07906759
 -1.06797755 -1.06023276 -1.06134319 -1.05800712 -1.04317117 -1.02255714
 -0.99216169 -0.94223964 -0.88750035 -0.82512242 -0.74297291 -0.63976854
 -0.52522218 -0.44623545 -0.42413229 -0.43027666 -0.44882405 -0.46512854
 -0.47399706 -0.48033085 -0.46243128 -0.40975612 -0.3296822  -0.21736899
 -0.07212979  0.07653121  0.21658184  0.32852736  0.38142219  0.41872782
  0.44902247  0.47816455  0.52974081  0.5625726   0.58289826  0.60659522
  0.66271001  0.73202628  0.76854283  0.79594713  0.80487442  0.79288024
  0.72948265  0.64025503  0.58093584  0.52186829  0.51224768  0.53336626
  0.58469975  0.66050684  0.6939916   0.6884346   0.65618354  0.60167658
  0.55847156  0.5476262   0.54864043  0.58061713  0.65910929  0.73899609
  0.7769897   0.7704919   0.71872914  0.68169528  0.66267401  0.62301207
  0.59240818  0.55891001  0.49407801  0.40108073  0.30538297  0.23713621
  0.20745781  0.20662084  0.21012887  0.21003748  0.19266328  0.19816837
  0.26000568  0.36783963  0.49212888  0.57914448  0.62492359  0.6693756
  0.73323101  0.79591376  0.86045456  0.91573566  0.96189928  1.0004971
  1.02364624  1.03531015  1.04997122  1.07213414  1.02984846  0.90345395
  0.74418747  0.63442111  0.56586802  0.47201687  0.39483887  0.34684917
  0.31409094  0.28842679  0.25636154  0.22367534  0.19430695  0.17163803
  0.17620558  0.22319426  0.29990461  0.39406431  0.50987834  0.65147799
  0.75649685  0.8163861   0.8647123   0.8455714   0.79663879  0.82672387
  0.86914659  0.86955523  0.87487382  0.89761978  0.89915001  0.8575201
  0.80321527  0.72796386  0.62566835  0.54369235  0.50198835  0.50379837
  0.52391303  0.50928688  0.48819813  0.48426533  0.46026391  0.3739171
  0.29511702  0.17971702  0.04665277 -0.08208467 -0.20023593 -0.2894845
 -0.33806482 -0.33521748 -0.31762099 -0.31057858 -0.30865416 -0.30849981
 -0.21085495 -0.07688208  0.00755297  0.03594774  0.01983249 -0.02952003
 -0.10488168 -0.17912269 -0.20353062 -0.13531171 -0.02944436  0.10454524
  0.21395168  0.29700315  0.34254849  0.36433455  0.43933383  0.53475869
  0.70441949  0.88486373  1.02249122  1.13551569  1.25648642  1.38890922
  1.47895277  1.54628992  1.57424271  1.55145872  1.50324821  1.38727927
  1.28105092  1.23026609  1.18991578  1.20695639  1.37053168  1.49237537
  1.6147548   1.73916066  1.96806788  2.11808705  2.00697279  1.72047818
  1.42147541  1.2102164   1.05592811  0.99146259  1.07436645  1.24425268
  1.41742682  1.57806611  1.82252252  2.01727867  1.91839039  1.54368794
  0.97421104  0.46568587  0.09889022 -0.21692534 -0.47342011 -0.6996159
 -0.86768931 -1.02095604 -1.14083517 -1.23056066 -1.2883085  -1.32343161
 -1.3357321  -1.33612335 -1.33108699 -1.32188129 -1.32500076 -1.34763825
 -1.38968396 -1.44664645 -1.51706696 -1.58019495 -1.63435364 -1.6745888
 -1.70239067 -1.72244465 -1.73520148 -1.74531186 -1.75305665 -1.75882864
 -1.76354957 -1.76807261 -1.77256095 -1.77621245 -1.7786448  -1.78072953
 -1.78261757 -1.78486538 -1.78759015 -1.79065347 -1.79327953 -1.79574764
 -1.7983979  -1.80101287 -1.80384398]
[-0.91524339 -0.9408415  -0.95363951 -0.96873116 -0.97984517 -0.97806418
 -0.97710752 -0.98089778 -0.98207772 -0.98833919 -0.98984087 -0.97879165
 -0.96541703 -0.9667775  -0.97513241 -0.98648852 -1.00270236 -1.01583314
 -1.0166893  -1.00656486 -1.00479364 -1.01497805 -1.03299761 -1.04927552
 -1.04900205 -1.04087186 -1.03422999 -1.02184367 -1.00521183 -0.98599422
 -0.95784402 -0.92255628 -0.87909913 -0.83684498 -0.81056607 -0.77880758
 -0.73588145 -0.67993969 -0.62452871 -0.59494025 -0.57106167 -0.53512293
 -0.48697019 -0.43477088 -0.36722222 -0.28355393 -0.19339968 -0.08641396
  0.02887498  0.14463124  0.28266618  0.41504771  0.51556402  0.57207853
  0.6184541   0.67571604  0.71532106  0.773803    0.84780532  0.91290468
  0.95998669  1.00570762  1.0823046   1.17904675  1.22315359  1.18948364
  1.18894255  1.19875956  1.13339269  1.03746819  0.92182446  0.85197669
  0.84150285  0.87124884  0.90386951  0.86328506  0.76758283  0.6985805
  0.63709927  0.59345019  0.60907745  0.6256659   0.62039924  0.63403487
  0.64344352  0.59349757  0.52484614  0.46269023  0.42139652  0.40963006
  0.3682709   0.31802177  0.27545661  0.2252381   0.2032228   0.20605296
  0.2129368   0.2294213   0.23330081  0.20568275  0.19703659  0.20410231
  0.2211456   0.25381276  0.30066988  0.35850042  0.41177416  0.4486562
  0.47902384  0.52878284  0.56592768  0.61442059  0.65107292  0.64720863
  0.657022    0.68284667  0.69128275  0.65280122  0.59762025  0.53924769
  0.48783106  0.45109355  0.41689876  0.38524672  0.34612632  0.30389845
  0.25664178  0.21500126  0.19808005  0.19831491  0.20708822  0.22315399
  0.2461141   0.27446672  0.31665754  0.40078667  0.51996565  0.64045995
  0.75700086  0.87358546  0.96441591  0.98322159  0.98627961  1.04199088
  1.12653148  1.20147645  1.18769801  1.12537694  1.11789012  1.14059186
  1.12062621  1.08188713  1.03675044  0.94026387  0.84720534  0.77697563
  0.7129029   0.65911824  0.6162647   0.54636747  0.46812567  0.39681566
  0.28590116  0.13824637  0.00927873 -0.11406396 -0.23659553 -0.33716959
 -0.41745654 -0.47051495 -0.49323067 -0.4894647  -0.48903096 -0.48997781
 -0.46570811 -0.40584457 -0.35178977 -0.3116242  -0.27654877 -0.26614428
 -0.27483866 -0.28792021 -0.28214824 -0.21879883 -0.14439975 -0.06690159
  0.03320956  0.15632781  0.31019187  0.44746372  0.5793339   0.7199648
  0.89216626  1.06560981  1.21245193  1.36081052  1.51304841  1.65820253
  1.78513932  1.88268435  2.00409508  2.07660961  2.09681869  2.094805
  1.96325994  1.79682195  1.6866883   1.61035275  1.58390105  1.58222795
  1.56989741  1.58056474  1.54603827  1.46004832  1.32359135  1.17022574
  0.95506066  0.74327505  0.60802042  0.53003293  0.53181952  0.62509292
  0.75076354  0.86014313  0.98964822  1.05752051  0.98748219  0.79989946
  0.58753514  0.37357566  0.17175885 -0.02744495 -0.23944655 -0.43593657
 -0.60610867 -0.75747406 -0.88903117 -0.996979   -1.0750103  -1.1219306
 -1.14816594 -1.16205645 -1.17085445 -1.17493558 -1.18707049 -1.22278869
 -1.28413475 -1.36189437 -1.45329666 -1.53586435 -1.60436058 -1.65597546
 -1.6908257  -1.71587551 -1.73249292 -1.74442053 -1.75329292 -1.75987697
 -1.76541758 -1.7704016  -1.77477789 -1.77809453 -1.78080857 -1.78314602
 -1.78551602 -1.78765023 -1.78993106 -1.79223132 -1.79387367 -1.79531765
 -1.79703307 -1.79883718 -1.80073833 -1.80235934 -1.80387735 -1.80543244
 -1.80655479 -1.8078239  -1.80908489]
[-0.52860403 -0.59954655 -0.68383604 -0.77070427 -0.84603268 -0.88659698
 -0.90362567 -0.90632272 -0.89187735 -0.86887312 -0.86552787 -0.89746809
 -0.9388113  -0.97486579 -0.98905694 -0.98970371 -0.99599314 -1.00454712
 -1.01484418 -1.03208041 -1.05714881 -1.08746421 -1.10237837 -1.09976625
 -1.08486545 -1.06692493 -1.07129753 -1.08371973 -1.07566476 -1.0611515
 -1.05704761 -1.05692911 -1.0530225  -1.03551924 -1.01065564 -0.97474265
 -0.92171264 -0.86539835 -0.79833978 -0.71048087 -0.60640782 -0.49587896
 -0.43075332 -0.4229753  -0.43484178 -0.45738208 -0.47372001 -0.47757575
 -0.47896799 -0.45082957 -0.3906734  -0.29889774 -0.17887384 -0.02566441
  0.12353094  0.24837752  0.35164002  0.3946203   0.43561557  0.4574964
  0.48310727  0.54934084  0.5738939   0.59037149  0.6256876   0.68819743
  0.76150876  0.79696065  0.80628437  0.81254262  0.81835848  0.74266326
  0.6449455   0.58989125  0.53557009  0.53077078  0.55856174  0.61623424
  0.68885541  0.71486723  0.69297868  0.65886396  0.60420436  0.56188023
  0.55924612  0.55646735  0.59449327  0.68916613  0.76122934  0.77574301
  0.76710588  0.70967114  0.67544991  0.65269607  0.60905939  0.58325708
  0.54659802  0.48158139  0.37127534  0.27388963  0.23133343  0.21174644
  0.21148643  0.22231066  0.21439216  0.1925309   0.20901228  0.28136605
  0.40768525  0.53204316  0.5973326   0.63426685  0.68164665  0.7411769
  0.80338812  0.87023216  0.90817189  0.95486313  0.99290735  1.01229191
  1.02453196  1.04155922  1.06567669  0.99251837  0.84815013  0.69848049
  0.60361212  0.53738856  0.44611448  0.38019165  0.33449289  0.30719477
  0.287404    0.25666839  0.22241959  0.19525605  0.16953802  0.17652482
  0.24410319  0.32266143  0.41609961  0.54126459  0.67944497  0.77367878
  0.82438892  0.86791158  0.81896639  0.76892388  0.84085864  0.87479812
  0.86371732  0.88218498  0.89644384  0.88984787  0.84338468  0.7869578
  0.70306486  0.59565419  0.5296551   0.49344516  0.49551332  0.53097969
  0.50822026  0.48776287  0.48786664  0.45285174  0.35589963  0.2753782
  0.15829886  0.02160137 -0.11051773 -0.22540678 -0.30260894 -0.33682194
 -0.32085955 -0.30309287 -0.30364707 -0.29778293 -0.2933878  -0.174218
 -0.04111881  0.02341612  0.031785    0.01079317 -0.04056989 -0.12206493
 -0.18413557 -0.19382088 -0.10191929  0.0116847   0.1430234   0.24627836
  0.31750223  0.34878874  0.36653933  0.45626676  0.55054092  0.73987567
  0.91445303  1.03573346  1.14572096  1.26838422  1.40022707  1.49160194
  1.55797875  1.5413748   1.51116717  1.454597    1.31563497  1.24441564
  1.20598674  1.15602982  1.19894564  1.4138391   1.50913608  1.62002587
  1.75915051  2.02461433  2.14953351  1.95589793  1.64584517  1.36234343
  1.17218208  1.03607261  0.98749739  1.11332881  1.28424299  1.44931149
  1.6303277   1.8739115   2.04415989  1.87226188  1.42352176  0.8241685
  0.3588711   0.02498134 -0.2799955  -0.51822042 -0.73727393 -0.89641547
 -1.04652178 -1.15705764 -1.2414254  -1.29048324 -1.31884551 -1.32407844
 -1.31906044 -1.30948222 -1.29986501 -1.30837035 -1.33650541 -1.38870728
 -1.45582235 -1.53552747 -1.60241652 -1.65806484 -1.69831038 -1.72572076
 -1.74521708 -1.75791252 -1.76799476 -1.77555871 -1.78167248 -1.786237
 -1.79091477 -1.79551899 -1.79860425 -1.80096936 -1.80302727 -1.80491257
 -1.80750251 -1.81054807 -1.81371152 -1.81647515 -1.81918561 -1.82210112
 -1.82493901 -1.82794058 -1.8310703 ]
[-8.88034225e-01 -9.12917852e-01 -9.23761249e-01 -9.13760543e-01
 -8.88951778e-01 -8.78482699e-01 -8.98046672e-01 -9.35009122e-01
 -9.75960553e-01 -1.00226760e+00 -1.00920188e+00 -1.01460528e+00
 -1.02661121e+00 -1.03490877e+00 -1.04452622e+00 -1.06702530e+00
 -1.09374380e+00 -1.11229455e+00 -1.11650002e+00 -1.10171592e+00
 -1.08223164e+00 -1.07714283e+00 -1.08225656e+00 -1.08465767e+00
 -1.07640541e+00 -1.06731200e+00 -1.06710958e+00 -1.06406629e+00
 -1.05022669e+00 -1.03246331e+00 -1.00459838e+00 -9.56794143e-01
 -9.00509417e-01 -8.40592265e-01 -7.61812210e-01 -6.60446763e-01
 -5.45356631e-01 -4.57715243e-01 -4.27316993e-01 -4.32005078e-01
 -4.47587103e-01 -4.61004168e-01 -4.74292994e-01 -4.81358618e-01
 -4.65339422e-01 -4.21156794e-01 -3.43097836e-01 -2.33585894e-01
 -1.01382971e-01  5.00043854e-02  1.95821524e-01  3.07270825e-01
  3.70370358e-01  4.08431411e-01  4.43715215e-01  4.74171847e-01
  5.15219867e-01  5.61526358e-01  5.85504830e-01  5.98985016e-01
  6.46316469e-01  7.13334858e-01  7.48927474e-01  7.74331033e-01
  7.94797421e-01  7.76676595e-01  7.15631425e-01  6.31650805e-01
  5.71048617e-01  5.16134024e-01  4.98840392e-01  5.16446888e-01
  5.62711239e-01  6.40191615e-01  6.85448170e-01  6.79730892e-01
  6.45083547e-01  5.91018796e-01  5.49309552e-01  5.35428941e-01
  5.37539005e-01  5.73417604e-01  6.44885719e-01  7.25683630e-01
  7.73964167e-01  7.72259057e-01  7.24047482e-01  6.86078429e-01
  6.68353736e-01  6.30915165e-01  5.97514987e-01  5.64080060e-01
  5.02102733e-01  4.11353678e-01  3.14121932e-01  2.38814741e-01
  2.05000728e-01  2.01100975e-01  2.03573838e-01  2.09272832e-01
  1.91206887e-01  1.89155221e-01  2.44500220e-01  3.42183113e-01
  4.65275824e-01  5.61374724e-01  6.08331025e-01  6.56478703e-01
  7.29491293e-01  7.97074258e-01  8.58224094e-01  9.11680341e-01
  9.65784967e-01  1.01003969e+00  1.03010750e+00  1.04230165e+00
  1.05522406e+00  1.07463813e+00  1.04172814e+00  9.21293080e-01
  7.63094187e-01  6.49499357e-01  5.78579366e-01  4.85123634e-01
  4.02494341e-01  3.56790543e-01  3.22150081e-01  2.86954314e-01
  2.53827900e-01  2.26053327e-01  1.96097478e-01  1.71445116e-01
  1.74378708e-01  2.16950655e-01  2.93280691e-01  3.82046163e-01
  4.92658973e-01  6.35908961e-01  7.49841332e-01  8.14155042e-01
  8.65101933e-01  8.65584135e-01  8.16540480e-01  8.27245474e-01
  8.69744182e-01  8.74006391e-01  8.85850310e-01  9.17512953e-01
  9.17602956e-01  8.69180322e-01  8.16218138e-01  7.44109392e-01
  6.51167393e-01  5.74830234e-01  5.23562193e-01  5.14791012e-01
  5.27297556e-01  5.16446769e-01  4.96834815e-01  4.94341671e-01
  4.68707144e-01  3.86798620e-01  3.02360594e-01  1.88973963e-01
  6.11949377e-02 -6.68223575e-02 -1.88796416e-01 -2.85302252e-01
 -3.39256316e-01 -3.43830645e-01 -3.26724350e-01 -3.17174226e-01
 -3.20379645e-01 -3.19499135e-01 -2.30874404e-01 -9.54815745e-02
  1.38219818e-03  3.70333232e-02  1.67827662e-02 -3.24791782e-02
 -9.88777131e-02 -1.70025751e-01 -2.03680098e-01 -1.53878585e-01
 -5.03378063e-02  8.29063505e-02  2.01126754e-01  2.93135017e-01
  3.46184403e-01  3.73063773e-01  4.39692199e-01  5.40616274e-01
  6.98321104e-01  8.79940867e-01  1.02344072e+00  1.13769889e+00
  1.26372719e+00  1.38819563e+00  1.47418845e+00  1.55151463e+00
  1.59986305e+00  1.59148061e+00  1.55088711e+00  1.43401980e+00
  1.31577885e+00  1.26691282e+00  1.24237132e+00  1.24464726e+00
  1.36294341e+00  1.49909937e+00  1.61950433e+00  1.73914075e+00
  1.94368947e+00  2.07823920e+00  2.01152873e+00  1.75040364e+00
  1.44458783e+00  1.21662474e+00  1.05815136e+00  9.94010568e-01
  1.05699587e+00  1.21601272e+00  1.39425373e+00  1.56157267e+00
  1.78767085e+00  1.97616935e+00  1.92792034e+00  1.59722126e+00
  1.03749824e+00  5.04470110e-01  1.22728288e-01 -1.97653741e-01
 -4.60420907e-01 -6.84876978e-01 -8.60944688e-01 -1.01340067e+00
 -1.13730037e+00 -1.22991288e+00 -1.29157734e+00 -1.32903051e+00
 -1.34731674e+00 -1.35231781e+00 -1.35026467e+00 -1.34472001e+00
 -1.34717119e+00 -1.36612463e+00 -1.40164876e+00 -1.45126486e+00
 -1.51255083e+00 -1.56982911e+00 -1.61906409e+00 -1.65748620e+00
 -1.68410671e+00 -1.70276940e+00 -1.71532202e+00 -1.72521806e+00
 -1.73243928e+00 -1.73800409e+00 -1.74222219e+00 -1.74623370e+00
 -1.75029755e+00 -1.75383759e+00 -1.75607026e+00 -1.75799632e+00
 -1.75989127e+00 -1.76191449e+00 -1.76450956e+00 -1.76737404e+00
 -1.76979423e+00 -1.77206457e+00 -1.77464163e+00 -1.77726340e+00
 -1.77997363e+00 -1.78277254e+00 -1.78546941e+00 -1.78753614e+00
 -1.78931546e+00 -1.79081428e+00 -1.79216695e+00]
[-0.49796751 -0.4646678  -0.47304621 -0.54089504 -0.63080633 -0.72437805
 -0.79454201 -0.83464324 -0.85964268 -0.87059677 -0.8754133  -0.87513673
 -0.87962967 -0.90144295 -0.92567629 -0.94274032 -0.95286512 -0.95350182
 -0.95092279 -0.94798964 -0.95678324 -0.97536671 -0.99709529 -1.02260685
 -1.03897333 -1.03779221 -1.02581859 -1.022874   -1.03936338 -1.05991554
 -1.06263804 -1.05105412 -1.04145348 -1.03488266 -1.02122259 -0.99714196
 -0.96553135 -0.92707425 -0.87999368 -0.82315952 -0.76774633 -0.71555197
 -0.65131074 -0.58379126 -0.53506052 -0.51556951 -0.51505035 -0.51171321
 -0.49334973 -0.46685705 -0.42786199 -0.36520404 -0.29849085 -0.21094391
 -0.10205428  0.00916627  0.12536532  0.23369062  0.32479981  0.3905659
  0.43932799  0.4577378   0.48908722  0.546161    0.58768904  0.62708277
  0.67871225  0.73612195  0.80312836  0.85449058  0.88843685  0.93552989
  0.94703799  0.92660838  0.90323764  0.84354937  0.76705515  0.72322237
  0.69986624  0.70042771  0.7391693   0.76922464  0.73895514  0.6684081
  0.60984331  0.58684003  0.58574343  0.59286731  0.62078375  0.66100079
  0.68583047  0.68733209  0.66422147  0.61502534  0.56718165  0.5472855
  0.52726328  0.48845378  0.4477106   0.39294705  0.32033715  0.27037525
  0.2609438   0.25682655  0.25456712  0.25569305  0.23779942  0.21918182
  0.23153511  0.27823403  0.36042005  0.43929288  0.47780716  0.50629258
  0.54891706  0.59953201  0.64387763  0.69044882  0.73290443  0.76630175
  0.78899229  0.80011684  0.81824189  0.82896626  0.80216372  0.73819035
  0.65516168  0.57535577  0.50948167  0.45971203  0.41749582  0.36454833
  0.31893623  0.29252777  0.27363178  0.2639477   0.25324664  0.24695265
  0.24803558  0.25337437  0.28878787  0.35315928  0.44200814  0.54958475
  0.6526733   0.73947489  0.80722678  0.84600687  0.82722366  0.84713495
  0.95872259  1.01250803  1.00272989  0.99840099  1.01098192  1.02457738
  1.01821816  0.98885256  0.92414314  0.85886157  0.81142503  0.75984532
  0.69763261  0.66318297  0.64894384  0.6213277   0.5848155   0.53157252
  0.43538004  0.3236393   0.19380313  0.07317695 -0.05611114 -0.17065372
 -0.259518   -0.31771532 -0.32635555 -0.32482821 -0.32731849 -0.32842839
 -0.31496385 -0.23509891 -0.15910156 -0.11287803 -0.07402189 -0.06233089
 -0.10002434 -0.1506914  -0.17130049 -0.14128003 -0.04863163  0.04044719
  0.13016766  0.214275    0.29803044  0.38711014  0.47014275  0.57526904
  0.6773392   0.82094699  0.94734246  1.05855238  1.16415393  1.26983941
  1.37372291  1.47499657  1.56689239  1.61474383  1.62876272  1.6434474
  1.61242545  1.53404009  1.45446014  1.40659285  1.43441629  1.49578083
  1.52684176  1.58496177  1.63380921  1.73191416  1.74553227  1.61427724
  1.38404167  1.14682043  1.0099926   0.90895164  0.86902982  0.95668745
  1.05155683  1.11902761  1.27469158  1.48099792  1.52844501  1.38164449
  1.0835247   0.73724681  0.45595375  0.20300891 -0.05396163 -0.29267827
 -0.51064187 -0.68239331 -0.84423286 -0.97294682 -1.07324421 -1.13533354
 -1.16672981 -1.17139304 -1.16733754 -1.15989101 -1.1565249  -1.17866838
 -1.23239923 -1.31577468 -1.42129147 -1.54000664 -1.63911545 -1.72027671
 -1.77700281 -1.81503928 -1.8418175  -1.85986519 -1.87322938 -1.88296199
 -1.89099133 -1.89781797 -1.90395951 -1.90902126 -1.91311777 -1.91676986
 -1.92026699 -1.92313945 -1.9261564  -1.92973304 -1.93299627 -1.9355303
 -1.93819535 -1.94107163 -1.94419861]
[-0.79003745 -0.8412056  -0.86662644 -0.88093764 -0.88034457 -0.86705613
 -0.86075169 -0.88160849 -0.91604543 -0.94713229 -0.96303976 -0.96230567
 -0.96258503 -0.9678601  -0.97735059 -0.99596494 -1.01779258 -1.04044521
 -1.06143153 -1.06633651 -1.05896735 -1.04978776 -1.05170834 -1.0673697
 -1.07198119 -1.05866504 -1.04760087 -1.04274058 -1.03228855 -1.01744103
 -0.99299723 -0.9572897  -0.90754086 -0.84784508 -0.78727555 -0.7181564
 -0.63429987 -0.54677111 -0.47559839 -0.44563305 -0.44874847 -0.46428508
 -0.47052306 -0.46691054 -0.45947504 -0.42516464 -0.36562851 -0.27984706
 -0.16435009 -0.04672279  0.07870945  0.21110398  0.31411728  0.37998942
  0.42306808  0.45294845  0.48950607  0.52707481  0.55248564  0.59406435
  0.63168919  0.68224424  0.76738256  0.82095909  0.84834641  0.86987454
  0.89389586  0.90024215  0.84260023  0.75311607  0.67559397  0.64289504
  0.64367229  0.66081238  0.70452386  0.75394225  0.75175321  0.71184701
  0.65832728  0.61206013  0.60061264  0.59142327  0.60095042  0.65736365
  0.72491258  0.75837117  0.74955827  0.70455813  0.66053927  0.64012426
  0.61634743  0.57323647  0.53169256  0.48587984  0.40804338  0.32284138
  0.28401378  0.27233687  0.26545721  0.26334873  0.2580249   0.23845561
  0.23437077  0.28450248  0.37347168  0.47790733  0.5490368   0.5864619
  0.617531    0.66015905  0.71682847  0.76972562  0.81030101  0.84536093
  0.87796879  0.90247071  0.92637932  0.93713087  0.9362995   0.90183538
  0.8170712   0.70357138  0.59933859  0.53357601  0.47405496  0.41052833
  0.36400837  0.32800224  0.30785069  0.29447851  0.27553722  0.2497438
  0.2279447   0.22481096  0.25425094  0.32193434  0.40058228  0.49456176
  0.60784572  0.70632541  0.77902782  0.81461936  0.79276007  0.77058071
  0.82540482  0.89287329  0.90400696  0.89742899  0.91251606  0.93429613
  0.91684139  0.86701339  0.80416483  0.72326624  0.64982188  0.61499691
  0.59659094  0.59634453  0.59460527  0.56353062  0.54667646  0.53163755
  0.45345113  0.3456237   0.23461229  0.11377551 -0.01814855 -0.13499087
 -0.223069   -0.28380477 -0.2970016  -0.28288478 -0.27265668 -0.27528456
 -0.27205661 -0.20572694 -0.09973478 -0.0195209   0.01528767  0.01699427
 -0.02017871 -0.08476073 -0.13569319 -0.13776782 -0.07371735  0.01798888
  0.12007559  0.22584645  0.29200339  0.32804656  0.38030529  0.45126808
  0.52997601  0.65867281  0.8075645   0.94066435  1.04211795  1.14161634
  1.26500273  1.36748493  1.44039786  1.46271443  1.43720961  1.40945673
  1.36009514  1.30330122  1.244578    1.19320166  1.22594202  1.32046831
  1.41935337  1.51927817  1.62026751  1.79222405  1.93062913  1.87616658
  1.64584279  1.37278795  1.18659878  1.05727232  0.98926884  1.04764462
  1.17908299  1.28370142  1.41767561  1.63669813  1.78119457  1.74446142
  1.46519375  1.01299036  0.59697676  0.26404443 -0.03404609 -0.29625386
 -0.53006107 -0.72347963 -0.88894504 -1.02292919 -1.12583733 -1.19490278
 -1.23360384 -1.24816465 -1.24510777 -1.23422801 -1.22431636 -1.23185623
 -1.26602364 -1.32963777 -1.41536272 -1.51645899 -1.61245584 -1.69043553
 -1.75194752 -1.79253483 -1.82127297 -1.84108293 -1.85498023 -1.86529744
 -1.87343276 -1.87993419 -1.88575506 -1.89106488 -1.89582801 -1.89945292
 -1.90244842 -1.90516639 -1.907933   -1.91124117 -1.91464996 -1.9175725
 -1.9204222  -1.92337859 -1.92641032 -1.92946291 -1.93241107 -1.93528509
 -1.93769693 -1.93980551 -1.94161451]
[-0.7084496  -0.77760839 -0.81890965 -0.84992045 -0.85956424 -0.87186027
 -0.8859359  -0.89179796 -0.90623897 -0.92167777 -0.92742133 -0.93728298
 -0.94405991 -0.93907255 -0.92686963 -0.93190908 -0.95386577 -0.97484457
 -0.99657857 -1.01175761 -1.01225615 -1.00497007 -1.00325799 -1.02084172
 -1.04515231 -1.05349231 -1.04719675 -1.03779256 -1.03075516 -1.01241124
 -0.98822325 -0.95487857 -0.91595322 -0.87409317 -0.82083201 -0.77630496
 -0.74184227 -0.69462711 -0.64264506 -0.59579003 -0.57224464 -0.56230646
 -0.54818445 -0.51562917 -0.46532097 -0.41169    -0.34080076 -0.27488276
 -0.20191389 -0.10667399 -0.00581743  0.10643303  0.20509623  0.29430798
  0.37830439  0.42423251  0.44285572  0.4749009   0.53130895  0.59657896
  0.65105939  0.69776082  0.74080819  0.78956687  0.84388322  0.90378433
  0.96081698  0.96775252  0.95632422  0.94705212  0.9148472   0.84943581
  0.7740019   0.74291497  0.72790086  0.74885154  0.77225864  0.71323353
  0.63591707  0.59377998  0.57776117  0.56676888  0.59459734  0.63569063
  0.63279742  0.63049877  0.63717669  0.60391527  0.55052537  0.49173376
  0.47228485  0.47652176  0.43446997  0.38297829  0.33229616  0.27646512
  0.24227637  0.24909176  0.24962881  0.23837467  0.24208941  0.22799434
  0.20943947  0.2174681   0.25382781  0.31635788  0.37749055  0.40569678
  0.43786144  0.48293713  0.53025174  0.56775963  0.6012069   0.65542245
  0.69381481  0.72024161  0.71975529  0.72210014  0.74045128  0.70075154
  0.64073747  0.57654709  0.52750278  0.4727312   0.41510415  0.39094922
  0.35010371  0.30154425  0.27960324  0.25716934  0.24429815  0.25157163
  0.25411522  0.26788521  0.28471217  0.30637658  0.35204577  0.44693908
  0.5661701   0.65458935  0.73663044  0.81729686  0.87374836  0.87300712
  0.90480036  1.0423907   1.10446501  1.08282709  1.06455219  1.06179655
  1.08356023  1.10506058  1.09755433  1.04035532  0.98775131  0.94138479
  0.88773805  0.80062741  0.72191536  0.69746917  0.67446828  0.62126762
  0.55371785  0.47010335  0.354422    0.21590538  0.10238883 -0.03117238
 -0.1584264  -0.25249192 -0.32144061 -0.34907168 -0.35581851 -0.3595162
 -0.36499035 -0.35560364 -0.28783384 -0.22956418 -0.19921137 -0.15402086
 -0.11862862 -0.13732742 -0.16753303 -0.18105152 -0.16084236 -0.066345
  0.02776052  0.10405488  0.17226754  0.27932882  0.42189738  0.5276984
  0.64361501  0.75655103  0.89167887  1.00549459  1.119519    1.2318989
  1.34004033  1.42329586  1.51005924  1.6436609   1.76231432  1.78950477
  1.84910357  1.86186016  1.73971665  1.63331723  1.58324432  1.59315217
  1.60112321  1.58009672  1.60342133  1.61933005  1.60192025  1.59560287
  1.49794233  1.29395211  1.0427618   0.89805835  0.83449793  0.78987688
  0.8451196   0.91082531  0.95146465  1.12400997  1.30559099  1.29801083
  1.15752625  0.92615807  0.67719048  0.47204971  0.26294824  0.02206324
 -0.20485331 -0.4206908  -0.59885925 -0.76092297 -0.89472795 -1.00513601
 -1.07396448 -1.10799825 -1.11234891 -1.11058342 -1.10743785 -1.10812569
 -1.13397276 -1.19385409 -1.28251135 -1.39620006 -1.52533984 -1.63190281
 -1.71865034 -1.779513   -1.8196913  -1.84863865 -1.86786258 -1.88229072
 -1.89290953 -1.90156388 -1.90883744 -1.9150703  -1.92022157 -1.92474067
 -1.92843688 -1.93256438 -1.93599141 -1.93901718 -1.94266462 -1.9458853
 -1.94805491 -1.95069337 -1.95371008 -1.95680141 -1.95993757 -1.96195507
 -1.96357775 -1.96570587 -1.96793592]
[-0.69397968 -0.78027248 -0.85328281 -0.89245236 -0.90941668 -0.91248739
 -0.89730215 -0.87403262 -0.87048495 -0.90193284 -0.94386721 -0.98117816
 -0.99553871 -0.99570823 -1.00301826 -1.01302636 -1.02271616 -1.03851926
 -1.06428802 -1.09399354 -1.10913944 -1.10631275 -1.09108436 -1.07258153
 -1.07613444 -1.08831954 -1.07913601 -1.06422806 -1.06064057 -1.0620445
 -1.05663478 -1.04001355 -1.01532292 -0.98003501 -0.92661291 -0.87028539
 -0.80241209 -0.71419352 -0.60713029 -0.49536622 -0.43027979 -0.42241538
 -0.43546516 -0.4580079  -0.47604269 -0.48292175 -0.48406026 -0.4568181
 -0.3979277  -0.30392832 -0.183154   -0.02961779  0.12042187  0.24570744
  0.34930846  0.39090669  0.43138948  0.45424718  0.47891173  0.54454976
  0.56814581  0.5824216   0.61725438  0.67876548  0.74637878  0.78043538
  0.79000533  0.79322046  0.80054098  0.72419327  0.62436062  0.56803763
  0.5163644   0.51635504  0.54483062  0.60291553  0.67537546  0.70167387
  0.6811341   0.64953715  0.5943929   0.54979032  0.55004328  0.55012333
  0.58921582  0.68519729  0.76020759  0.77618003  0.76661348  0.70946175
  0.6810478   0.65829545  0.61180216  0.58465976  0.54654014  0.48416165
  0.37319878  0.27167773  0.22927338  0.21033634  0.20951453  0.21979043
  0.21007422  0.18809475  0.20539251  0.27830309  0.40624911  0.53264457
  0.59916013  0.63663036  0.68622422  0.7483272   0.81218672  0.88126069
  0.9186976   0.964652    1.00279844  1.02280045  1.03350294  1.04991865
  1.07754183  1.00026155  0.85054457  0.70118064  0.60729671  0.53966653
  0.44639984  0.38036174  0.33542266  0.30819261  0.28617555  0.25316253
  0.2198898   0.19325598  0.16591752  0.17333716  0.24327958  0.32274657
  0.41604853  0.54418933  0.68167001  0.7743637   0.8237347   0.86864579
  0.82367575  0.77168989  0.83614856  0.86599237  0.85487407  0.88178337
  0.89899391  0.88736641  0.83896452  0.78041053  0.69336998  0.58838058
  0.52462077  0.48768675  0.48785734  0.52328068  0.50261605  0.48636457
  0.48721731  0.45026901  0.35380766  0.27050886  0.15328522  0.01845241
 -0.11271965 -0.2283055  -0.30488512 -0.33737379 -0.3192645  -0.29967359
 -0.30199593 -0.29717821 -0.29041305 -0.16727351 -0.03125192  0.03456735
  0.04073595  0.01558306 -0.03717351 -0.11905066 -0.18025568 -0.18939398
 -0.09930407  0.01592577  0.14911467  0.25395778  0.32696983  0.35579884
  0.3728641   0.46443436  0.55691439  0.74518269  0.92241979  1.04264808
  1.14790225  1.27036929  1.40052986  1.49231815  1.56252801  1.54432797
  1.51684296  1.46084106  1.31308925  1.2446574   1.21071851  1.15526712
  1.19760001  1.42095089  1.52179313  1.63599455  1.77508032  2.04342747
  2.16360497  1.96576536  1.65709758  1.37394488  1.18058479  1.04228544
  0.99789143  1.1283381   1.29804599  1.46614873  1.65265548  1.89915025
  2.07022142  1.89342558  1.43909597  0.82825881  0.3543812   0.01762852
 -0.28930667 -0.52882612 -0.74778914 -0.90647924 -1.05562162 -1.16497266
 -1.24842489 -1.29660487 -1.32392919 -1.32908559 -1.32498026 -1.31535971
 -1.30592203 -1.31457376 -1.3420608  -1.39244485 -1.45805323 -1.53478003
 -1.59846544 -1.65237725 -1.69181728 -1.71844018 -1.73650968 -1.74859166
 -1.75866663 -1.7660383  -1.77162147 -1.7759558  -1.78036606 -1.78488231
 -1.78830802 -1.79077625 -1.79281092 -1.79480684 -1.79746985 -1.8004179
 -1.80350137 -1.80605853 -1.80873072 -1.81167555 -1.81431282 -1.8170979
 -1.82001781 -1.82253957 -1.82461059]
[-0.66337466 -0.74213338 -0.81908369 -0.8761543  -0.91262704 -0.92898208
 -0.94245392 -0.95621753 -0.96304005 -0.96877509 -0.9728362  -0.97227061
 -0.97700161 -0.98249507 -0.97609317 -0.95859134 -0.95072103 -0.95724201
 -0.96546745 -0.97830516 -0.99311692 -0.9947505  -0.98637289 -0.98072982
 -0.98505831 -1.00035799 -1.01887631 -1.03037798 -1.02686274 -1.0166105
 -1.00949979 -0.99786013 -0.97791982 -0.95604402 -0.92779976 -0.88797921
 -0.84938639 -0.82090765 -0.79958427 -0.76902157 -0.71690154 -0.65497428
 -0.6093232  -0.57686424 -0.54088789 -0.49202487 -0.43455181 -0.37931737
 -0.31258067 -0.22553512 -0.1339175  -0.03796653  0.0847566   0.2257106
  0.36246419  0.48085734  0.56562829  0.61308229  0.6486305   0.68951869
  0.76033378  0.84278589  0.92171848  0.9656297   0.99642032  1.08109868
  1.16200864  1.21828151  1.23533738  1.21361208  1.2094717   1.19056046
  1.11228025  0.99967718  0.90826792  0.854325    0.86204541  0.90222591
  0.88371259  0.8027302   0.72023374  0.65699041  0.60115469  0.58286303
  0.58881068  0.58922994  0.58074754  0.58582771  0.56990969  0.50914061
  0.42930546  0.38071704  0.36886504  0.34285027  0.29476988  0.24583326
  0.20260604  0.1787885   0.17986245  0.18616569  0.19695878  0.21423027
  0.20333974  0.18842822  0.18554279  0.18906702  0.20510969  0.23048003
  0.28270391  0.33638218  0.38873753  0.4272846   0.46598065  0.51023263
  0.54497433  0.58494514  0.60810131  0.60776597  0.6213904   0.64388132
  0.61945117  0.56095499  0.5058189   0.47331744  0.42967406  0.38728553
  0.37437755  0.34152886  0.28681502  0.24296625  0.20742053  0.18633853
  0.1921453   0.20026821  0.21013775  0.23127072  0.25661775  0.29403102
  0.35982257  0.4620291   0.5792222   0.70225137  0.83100539  0.93896931
  0.99908388  1.01529741  1.05895185  1.14204562  1.22397304  1.24880302
  1.19844639  1.15013468  1.16031969  1.17469621  1.14856148  1.10829687
  1.03849387  0.93339998  0.83913434  0.75655365  0.69653308  0.65374714
  0.5849213   0.50178987  0.43582717  0.34024194  0.20871258  0.07385558
 -0.05467124 -0.17809239 -0.28969255 -0.382375   -0.45689112 -0.49512979
 -0.50488102 -0.50299776 -0.50105995 -0.49589506 -0.46656018 -0.41589251
 -0.36865845 -0.32726339 -0.30732995 -0.30560607 -0.30081081 -0.29621884
 -0.26327345 -0.19657622 -0.12053905 -0.03404653  0.07043844  0.23054019
  0.39229104  0.539702    0.68308854  0.84877563  1.01753116  1.17153692
  1.3314749   1.49495399  1.65396476  1.82396376  1.96121049  2.06595707
  2.15773058  2.22314119  2.2483716   2.17520928  2.01024437  1.85365975
  1.75119197  1.65653992  1.59762216  1.59532809  1.59927976  1.53672969
  1.45797157  1.34118569  1.16962183  0.97104782  0.75851673  0.60630065
  0.50378495  0.46961969  0.51632589  0.61686069  0.73047143  0.81643397
  0.90132058  0.90179497  0.80032969  0.6370821   0.43522111  0.23382689
  0.03873925 -0.1534753  -0.35053486 -0.53367245 -0.69079685 -0.83024347
 -0.94951135 -1.04225004 -1.10700643 -1.14906037 -1.17711771 -1.19282413
 -1.20402467 -1.21906018 -1.24701023 -1.29537392 -1.35955107 -1.43510747
 -1.50960481 -1.57457733 -1.62577617 -1.66296971 -1.68902028 -1.70744574
 -1.71993804 -1.72910428 -1.73581874 -1.7413851  -1.74620724 -1.75058782
 -1.75456321 -1.75746417 -1.7598561  -1.76232374 -1.76425076 -1.76646483
 -1.76872313 -1.77041829 -1.77193379 -1.77351665 -1.775473   -1.77719569
 -1.77850568 -1.77990162 -1.78149414]
[-0.49788967 -0.55761445 -0.64444536 -0.73658496 -0.80475831 -0.84850103
 -0.874138   -0.88481236 -0.89251524 -0.89904189 -0.90503764 -0.918392
 -0.93496913 -0.94604915 -0.95507634 -0.95840907 -0.95141321 -0.94292647
 -0.95143813 -0.9700526  -0.98849362 -1.00931334 -1.02409124 -1.0213635
 -1.00819314 -1.01128864 -1.02957892 -1.05014205 -1.05862546 -1.05118918
 -1.04003203 -1.03198493 -1.01292646 -0.99097002 -0.96215194 -0.92304838
 -0.87848854 -0.82459432 -0.77597904 -0.73776096 -0.68654984 -0.63066995
 -0.5825187  -0.55207533 -0.54366291 -0.52815163 -0.49363032 -0.45594376
 -0.40794626 -0.33167684 -0.25680116 -0.17279933 -0.06830765  0.03133295
  0.13995084  0.24905744  0.33806124  0.41638273  0.46943575  0.50300074
  0.54308987  0.58370066  0.6376645   0.68268722  0.73563451  0.79623461
  0.85480273  0.9188183   0.98217577  1.02803195  1.00902092  1.01020181
  1.02038872  0.9502089   0.86604458  0.79155278  0.75071168  0.75063723
  0.78931236  0.81032747  0.75720668  0.67772722  0.62404168  0.60053128
  0.5940007   0.61447442  0.6464777   0.67192715  0.68381888  0.67650145
  0.63332182  0.58374888  0.53865248  0.51282382  0.49435285  0.4492926
  0.41251281  0.36020893  0.29778528  0.26499552  0.26126122  0.2612372
  0.26397899  0.26349145  0.2381919   0.22230963  0.23548023  0.27581465
  0.33683801  0.39681619  0.42939845  0.46170804  0.5074749   0.55286902
  0.6027869   0.65002292  0.68897605  0.71875525  0.7390331   0.74653453
  0.76244009  0.76942664  0.73175609  0.66661942  0.5932318   0.53633112
  0.48487866  0.43885899  0.40491095  0.35679176  0.31580272  0.28469443
  0.25421423  0.24787508  0.24934863  0.25235683  0.26467291  0.27422738
  0.30433464  0.36420655  0.45726636  0.56680143  0.65566826  0.7417258
  0.8335368   0.88822669  0.8738203   0.90686375  1.0218308   1.07395899
  1.07623744  1.07004404  1.07016551  1.0814141   1.09151375  1.06590748
  0.99968511  0.95374876  0.90587676  0.84689015  0.76738572  0.70643675
  0.68804479  0.65714794  0.59538859  0.52761692  0.43305874  0.31235817
  0.17024986  0.05422855 -0.06995627 -0.19093889 -0.28786027 -0.35238579
 -0.37365431 -0.38025209 -0.38237494 -0.3861044  -0.36857739 -0.29952297
 -0.2398733  -0.19607227 -0.14631338 -0.12641929 -0.1587283  -0.19470268
 -0.20584369 -0.17591847 -0.08042821  0.00423854  0.07644606  0.15353538
  0.26216233  0.38902697  0.49439946  0.6111092   0.72386044  0.86990893
  0.99496597  1.11088598  1.2263037   1.34516978  1.42687726  1.51319802
  1.62732375  1.72907019  1.76694489  1.79578161  1.77578807  1.6551851
  1.56762278  1.53942716  1.55004418  1.5481689   1.53693211  1.56331789
  1.57919979  1.61352301  1.57159495  1.43328452  1.23811543  1.0190146
  0.87893128  0.78838098  0.75756294  0.82118845  0.89431     0.96714562
  1.13472188  1.32412553  1.30853248  1.14952433  0.90273637  0.64342237
  0.43068373  0.20848416 -0.02931361 -0.26142272 -0.47017977 -0.63921458
 -0.80055702 -0.92980164 -1.0349201  -1.10071278 -1.13357568 -1.14277112
 -1.1442579  -1.14319086 -1.14497077 -1.17038393 -1.2276001  -1.31356812
 -1.41969907 -1.53751469 -1.63627219 -1.71575069 -1.7713567  -1.80860603
 -1.83562589 -1.85333014 -1.86647177 -1.87592304 -1.88363528 -1.89033628
 -1.89645612 -1.90139174 -1.90509415 -1.90842438 -1.91217136 -1.91514003
 -1.9178561  -1.92130411 -1.92422819 -1.92633271 -1.92873216 -1.93125558
 -1.93400526 -1.93668413 -1.93846226]
[-0.79583031 -0.86654747 -0.90682423 -0.92192066 -0.92294115 -0.90525341
 -0.87940598 -0.8751902  -0.90802073 -0.9535619  -0.99395216 -1.01245821
 -1.01812601 -1.02523494 -1.03735554 -1.04576004 -1.05885887 -1.08532131
 -1.11131358 -1.1268146  -1.12375295 -1.10117638 -1.0785625  -1.0787468
 -1.08818197 -1.0825237  -1.06988895 -1.06536508 -1.06687617 -1.06525397
 -1.05026782 -1.02874982 -0.99473369 -0.94277501 -0.88725942 -0.81801134
 -0.72701645 -0.61309481 -0.49216038 -0.423244   -0.41111249 -0.42170843
 -0.44551343 -0.46410629 -0.4758096  -0.48578149 -0.46840572 -0.41946277
 -0.33214539 -0.2086212  -0.05654463  0.09813605  0.22699749  0.32997507
  0.37526336  0.41774228  0.45076084  0.46567783  0.52697712  0.55603701
  0.55900484  0.58337289  0.64034963  0.69823128  0.73326772  0.75060552
  0.74503213  0.72684699  0.63380396  0.54140425  0.5057745   0.46847013
  0.45952719  0.49074855  0.56385982  0.64347714  0.67901951  0.65873718
  0.62187523  0.56461293  0.52355707  0.52040446  0.53270143  0.57887411
  0.67046201  0.76404119  0.78732592  0.77667564  0.72100818  0.69020903
  0.66544372  0.61772454  0.59691644  0.56369352  0.49437961  0.38047266
  0.26555502  0.21030849  0.19242464  0.18719323  0.19962117  0.19928037
  0.17862709  0.19277564  0.26633304  0.39366993  0.52405691  0.59703398
  0.62851143  0.69372708  0.77437592  0.83635092  0.91384691  0.95366865
  1.00600505  1.04993129  1.05585802  1.06412399  1.08844781  1.12613201
  1.04854143  0.87822878  0.72841287  0.63353664  0.55425853  0.45339888
  0.38331893  0.33903185  0.30732182  0.27809176  0.24206346  0.21285063
  0.18700323  0.15662494  0.16671848  0.23468505  0.3152276   0.41520411
  0.54377085  0.69037807  0.78420246  0.83253449  0.89490569  0.85671598
  0.78587902  0.83712345  0.86794817  0.8591491   0.88804549  0.91341329
  0.90173572  0.84445775  0.78551644  0.68631959  0.58543193  0.52758825
  0.48287228  0.48722172  0.51876646  0.49063864  0.4866088   0.4856717
  0.44290203  0.35591558  0.27039531  0.14436869  0.0131275  -0.11333062
 -0.23799734 -0.31725362 -0.34978405 -0.33469325 -0.3118484  -0.31470662
 -0.30948767 -0.30344167 -0.17305776 -0.02693465  0.04698639  0.05624217
  0.01935428 -0.0407026  -0.12177289 -0.19060884 -0.21447815 -0.12899214
 -0.00461597  0.13243774  0.23745593  0.32933366  0.36349547  0.37026078
  0.46698844  0.5649609   0.75643057  0.93918693  1.05722725  1.1724782
  1.29832327  1.41569328  1.50497687  1.59679723  1.60050774  1.5632863
  1.5129298   1.35813797  1.26110923  1.24228823  1.19827414  1.22971892
  1.45099354  1.53637564  1.67432332  1.80634522  2.06686664  2.19311953
  1.99336278  1.68509924  1.3858192   1.17122507  1.03903973  0.99622393
  1.11428535  1.31105876  1.50678325  1.68633676  1.93539906  2.11670256
  1.93899167  1.48711205  0.83696318  0.33274302 -0.00879551 -0.32817513
 -0.56624526 -0.78158343 -0.93683755 -1.08604312 -1.19407928 -1.27856672
 -1.32801247 -1.35856616 -1.370049   -1.37344885 -1.36883771 -1.36203909
 -1.36893272 -1.38799894 -1.42508805 -1.47468412 -1.53469515 -1.58398998
 -1.62716722 -1.65869522 -1.68019426 -1.69551325 -1.70563793 -1.71390021
 -1.72019506 -1.72496903 -1.7286731  -1.73268068 -1.73669088 -1.73948324
 -1.74136448 -1.74310446 -1.74483573 -1.74713516 -1.74989426 -1.75289476
 -1.75515985 -1.75751913 -1.76018775 -1.76277971 -1.76546621 -1.76832819
 -1.77079141 -1.77273512 -1.77444255]
[-0.81352872 -0.87008208 -0.91047311 -0.92924219 -0.93931198 -0.9522863
 -0.95415193 -0.95598227 -0.9609037  -0.96336186 -0.97182137 -0.97970456
 -0.97622311 -0.96139139 -0.95661217 -0.96535826 -0.97939539 -1.00128961
 -1.02221155 -1.03082669 -1.02397275 -1.01699507 -1.02860034 -1.0488832
 -1.06543338 -1.06557977 -1.05210483 -1.04166996 -1.03419089 -1.0178194
 -0.99462938 -0.96877313 -0.93315107 -0.88441306 -0.83521801 -0.80059505
 -0.7672115  -0.72266555 -0.67243528 -0.62436807 -0.5899443  -0.57160264
 -0.5431     -0.49595621 -0.44360706 -0.37697375 -0.2955415  -0.20235661
 -0.10540612  0.00267504  0.11880627  0.23814882  0.35934272  0.44485742
  0.50854313  0.55217403  0.60326594  0.66563803  0.71729964  0.76117945
  0.8164348   0.88161218  0.93340451  1.0217272   1.09892702  1.15824652
  1.18327701  1.16489172  1.18022394  1.15074599  1.04255593  0.91523689
  0.82478255  0.80712122  0.83204657  0.87416208  0.8726027   0.77816677
  0.69584692  0.64766824  0.61287946  0.62996179  0.6541298   0.66177523
  0.67138481  0.65829933  0.63165551  0.58970636  0.53601778  0.49350977
  0.47004488  0.44251975  0.39605004  0.35202569  0.29453087  0.24939759
  0.23723897  0.23611803  0.24401864  0.26336464  0.24176098  0.21119919
  0.21339799  0.22518258  0.27305156  0.32212928  0.37087455  0.4186734
  0.45768479  0.49829876  0.54106998  0.591654    0.63449025  0.67140603
  0.68858671  0.69411528  0.70845729  0.72915769  0.71516043  0.66113073
  0.59414601  0.54038328  0.49281764  0.45096007  0.41884008  0.36956882
  0.32071415  0.28877628  0.24871436  0.21942502  0.21275736  0.21856564
  0.23549181  0.2500349   0.27662835  0.31554577  0.38894325  0.49468866
  0.60242212  0.7068994   0.80637908  0.91482413  0.95638418  0.93773568
  0.99554819  1.08105636  1.12133098  1.14813113  1.12291348  1.09832156
  1.11657417  1.11281848  1.06861556  1.02002656  0.95742464  0.86974508
  0.78353888  0.72851187  0.68929464  0.65112096  0.59515214  0.50946933
  0.43251607  0.33513868  0.20328633  0.06714951 -0.05370073 -0.18033752
 -0.29334947 -0.38013574 -0.43230009 -0.45744121 -0.4634572  -0.45461351
 -0.45592248 -0.43297833 -0.36969075 -0.3125318  -0.26045191 -0.22562183
 -0.22022435 -0.23406453 -0.25125563 -0.25371248 -0.20257065 -0.11716221
 -0.03824238  0.05304244  0.15729459  0.28877908  0.41783643  0.53530383
  0.67020971  0.82391554  0.99608111  1.11867177  1.24895358  1.40007603
  1.51947284  1.62621868  1.72678912  1.81539869  1.89747357  1.94048321
  1.92478347  1.81238222  1.67615497  1.60107183  1.56877279  1.57183623
  1.56613302  1.54429924  1.53268266  1.5295651   1.53029692  1.41925466
  1.26029932  1.07066321  0.86892825  0.72862041  0.63107687  0.60996825
  0.67383033  0.78421503  0.91594821  1.04829931  1.18107605  1.12865794
  0.9399246   0.72015035  0.47709531  0.2590318   0.04671262 -0.1681803
 -0.37083995 -0.55346918 -0.70841324 -0.85107577 -0.96550268 -1.05175769
 -1.10081995 -1.12016213 -1.12654138 -1.12708127 -1.12318563 -1.1314801
 -1.16591597 -1.23022425 -1.32010305 -1.42879033 -1.53434443 -1.62111294
 -1.68859386 -1.73463368 -1.766168   -1.78749382 -1.8023591  -1.81344593
 -1.82148111 -1.82760274 -1.8334341  -1.83898056 -1.84305596 -1.84636438
 -1.84943414 -1.8522718  -1.85457158 -1.85736358 -1.8603332  -1.86233175
 -1.86409509 -1.86612165 -1.86811399 -1.87022245 -1.87192035 -1.87336731
 -1.8753171  -1.87683034 -1.87817502]
