[ 0.03979356 -0.00331811 -0.01876635  0.00392342  0.04386475  0.0744822
  0.10167412]
[-0.60953206  0.0835169   0.62467408  0.83499587  0.69775116  0.30156621
  0.05834351 -0.31289044 -0.72082782 -0.78786546 -0.39032164  0.1006107
  0.47496489  0.32671422  0.08604287]
[0.64828515 0.57352453 0.48369917 0.47892651 0.45089927 0.51963729
 0.71159345 0.84223264 0.90280843 0.81915236 0.64061004 0.46607649
 0.36356726 0.32745004 0.40127376 0.57167584 0.75164413 0.8883481
 0.93553925 0.88313621 0.8644852  0.85791492 0.84185469 0.84129077]
[-0.75306177 -0.79375416 -0.86369485 -0.94683862 -1.01782739 -1.06916189
 -1.12248516 -1.16318166 -1.18920028 -1.19340444 -1.21303892 -1.24789202
 -1.27586293 -1.30303788 -1.29715788 -1.27479756 -1.25500941 -1.24063909
 -1.23790741 -1.22670531 -1.20914483 -1.22308242 -1.2373215  -1.23370743]
[ 0.31859764  0.37765887  0.33008024  0.23945823  0.1976216   0.09070888
 -0.07781374 -0.10039072  0.02310719  0.1307646   0.24919041  0.40147102
  0.34780455  0.01096093 -0.05464901  0.05642657  0.24200206  0.39528954
  0.32745135  0.30011931  0.38833925  0.50175416  0.51498151  0.57019836
  0.34322822  0.22587872  0.18485676  0.08866817  0.05925717]
[ 0.77891594  0.65663069  0.57057345  0.42774317  0.33748066  0.30481243
  0.20058295  0.04518751 -0.10859675 -0.15571034 -0.13867436 -0.25397748
 -0.30833861 -0.29184127 -0.31969863 -0.3034344  -0.18243295 -0.09769119
 -0.04142345  0.0306423   0.02178763 -0.02243596 -0.04646101 -0.17535886
 -0.32516816 -0.28585321 -0.24232958 -0.10129625  0.0035353   0.02653771
  0.12419922  0.11364456  0.07948298  0.02369814 -0.03845223 -0.08469833
 -0.07534166 -0.02097507 -0.05094677 -0.03817588  0.04560061  0.15284702
  0.20543748  0.25482252  0.33812037  0.33342925  0.29936159  0.24746798
  0.17655694  0.1853769   0.24969055  0.26046595  0.249862    0.1610449
 -0.00762267 -0.14288278 -0.14550479]
[-0.36237743 -0.27335757 -0.11696395 -0.01773383  0.01255287  0.02341598
  0.02088607  0.05601931  0.05047744  0.0397233   0.10120932  0.06156064
  0.02804545  0.05244704  0.10890036  0.09002487  0.01577462  0.02139709
 -0.05932743 -0.03799316 -0.12943956 -0.25855154 -0.26746061 -0.21704951
 -0.08506902  0.06446372  0.20146395  0.23500721  0.23415121  0.2895852
  0.33003342  0.31357723  0.30044007  0.31459567  0.32159564  0.35573676
  0.45539087  0.5675922   0.60414362  0.59519106  0.61029994  0.65032262
  0.62495434  0.58614379  0.6001175   0.6086328   0.58682567  0.49607462
  0.40483594  0.3683964   0.36970454  0.38348716  0.42577651  0.45471025
  0.4694398   0.51248616  0.59837162  0.73112547  0.86332047  0.93275553
  0.94999319  0.97591197  1.01062095  1.04603457  1.07799172  1.11453068
  1.08829021  1.07270265  1.10391676  1.0735991   1.09059155  1.14584446
  1.07461846  0.9286744   0.80986464  0.73484182  0.63043565  0.53670114
  0.52098721  0.499751    0.48946217  0.50581026  0.44960955  0.39992735
  0.37132576  0.31437194  0.33721012  0.40038306  0.43403187  0.46632808
  0.5378238   0.61228114  0.63985962  0.58532029  0.55625457  0.48899749
  0.34022272  0.34777993  0.35759062  0.36740851  0.37868023  0.36715195
  0.34994403  0.2537185   0.16254637  0.12418471  0.00430237 -0.08740781
 -0.01787913  0.09537148  0.1614494   0.1510458   0.17798549  0.24031454
  0.24331634  0.21232118  0.20666191  0.16794862  0.10891942  0.01581556
 -0.04985728 -0.05748666 -0.04776439 -0.03711393 -0.04262417 -0.07199245
 -0.12188076]
[-0.2678946  -0.11361648 -0.02041576  0.01744737  0.03040611  0.03196923
  0.05130622  0.02770942  0.02928796  0.065761    0.04882857  0.02932489
  0.04912487  0.08666375  0.09432311  0.01596262 -0.02657385 -0.05671327
 -0.1125202  -0.19265242 -0.26755112 -0.25815246 -0.18632682 -0.07406443
  0.08127855  0.19493945  0.22759603  0.25858429  0.32213572  0.32456586
  0.29749572  0.30362648  0.30912384  0.3354618   0.40573451  0.5185948
  0.61073154  0.61657733  0.59427387  0.63462985  0.64988917  0.59837079
  0.57004511  0.59365869  0.58682287  0.52238369  0.43056187  0.35008129
  0.32039264  0.31433207  0.33156654  0.39873654  0.42384991  0.43349555
  0.50485677  0.59650034  0.74514091  0.88206542  0.9215883   0.96345073
  0.98689377  1.01429856  1.076249    1.09692109  1.1489594   1.1446389
  1.12681925  1.15739536  1.13300216  1.17791939  1.19508815  1.08686399
  0.90943605  0.78040969  0.71345246  0.62204951  0.56243688  0.55193365
  0.51366621  0.48410195  0.47555405  0.44641519  0.39613518  0.32935336
  0.30855554  0.34434336  0.40024197  0.43499851  0.48365128  0.57702261
  0.63801104  0.63271803  0.57688212  0.52235109  0.4196291   0.27908447
  0.29670948  0.34049189  0.35601422  0.36996481  0.34583127  0.29820871
  0.23107179  0.13964798  0.08183908  0.01170508 -0.05905449  0.01104933
  0.12860903  0.17972036  0.18654835  0.20209295  0.2377525   0.24190466
  0.23543477  0.23682225  0.19554545  0.13916476  0.04711564  0.00783358
  0.0133829   0.0239734   0.05122622  0.03227925 -0.00650073 -0.04293624
 -0.0513653   0.01976051]
[ 9.07507837e-02  1.50490522e-01  1.72714129e-01  1.57986209e-01
  1.34345561e-01  9.06459615e-02  4.30393629e-02  5.09018253e-04
 -4.52267453e-02 -8.01528618e-02 -8.85203630e-02 -7.27876797e-02
 -4.44367416e-02  4.00653901e-03  6.04936071e-02  9.77145508e-02
  1.15918510e-01  1.07618764e-01  1.22894831e-01  1.29562244e-01
  1.19786389e-01  1.34381548e-01  1.19618401e-01  1.06790647e-01
  1.14187591e-01  1.30468562e-01  1.39903814e-01  1.22594967e-01
  8.52975771e-02  8.80995169e-02  1.18871868e-01  5.36037274e-02
  5.29728364e-03  4.53042872e-02  9.68608633e-02  1.66255653e-01
  2.35673204e-01  2.67232478e-01  2.94380069e-01  3.58667374e-01
  4.15687084e-01  4.38659757e-01  4.20705199e-01  4.25008744e-01
  4.13563728e-01  3.86793911e-01  4.25550520e-01  4.95239228e-01
  5.58912694e-01  6.03308022e-01  6.40770555e-01  6.46159410e-01
  6.48607135e-01  6.41706288e-01  6.30269885e-01  6.48508668e-01
  6.55755103e-01  6.27287269e-01  5.71785450e-01  4.96059746e-01
  4.43841398e-01  4.24909085e-01  4.17952091e-01  4.49520558e-01
  4.65725929e-01  4.46716726e-01  4.48123038e-01  4.75469112e-01
  5.43414891e-01  6.25988364e-01  6.62559330e-01  6.58553541e-01
  6.67269945e-01  6.94252610e-01  7.15517998e-01  7.29489744e-01
  7.45884538e-01  7.88375556e-01  8.15012693e-01  8.11659813e-01
  8.17065477e-01  8.65676165e-01  9.39033270e-01  9.40436661e-01
  8.65928948e-01  7.81162739e-01  7.33974814e-01  7.11088777e-01
  6.78967953e-01  6.72697365e-01  6.63869321e-01  6.53979003e-01
  6.49792969e-01  6.31995022e-01  6.07314527e-01  5.64284146e-01
  5.35176396e-01  5.39849758e-01  5.64048886e-01  5.73437750e-01
  5.67790031e-01  5.89303493e-01  6.37523532e-01  6.41154706e-01
  6.01098180e-01  5.96892416e-01  5.49578488e-01  4.26104069e-01
  3.95004153e-01  3.92968059e-01  3.79679024e-01  3.94856006e-01
  3.92587900e-01  3.54541332e-01  2.94777185e-01  2.73996145e-01
  2.41481751e-01  1.82030827e-01  1.61231294e-01  1.82101309e-01
  2.45101765e-01  2.82568812e-01  2.66038269e-01  2.82162666e-01
  3.21635962e-01  3.36214006e-01  3.41067672e-01  3.68255824e-01
  3.56815368e-01  3.32326055e-01  3.04944009e-01  2.84884006e-01
  2.83246070e-01  2.78488219e-01  2.90654421e-01  2.97917485e-01
  2.83748657e-01  2.71400869e-01  2.37179905e-01  2.73028523e-01
  3.38997632e-01  3.42122972e-01  2.83479989e-01  2.38895893e-01
  1.96309313e-01  1.22377269e-01  4.01127338e-02 -4.11049128e-02
 -5.39673530e-02 -3.14170979e-02 -6.18638762e-04 -2.62407623e-02]
[-0.15145564 -0.14237761 -0.13475244 -0.12947509 -0.12275674 -0.11368421
 -0.10506552 -0.09620412 -0.0851405  -0.07167928 -0.0572261  -0.0414754
 -0.02551144 -0.00997745  0.00723789  0.02486549  0.04125123  0.05755936
  0.07349183  0.09065403  0.10841763  0.12598154  0.14402601  0.16423364
  0.18402497  0.20516494  0.22821753  0.2494529   0.26682365  0.27845079
  0.28816238  0.29523799  0.30383834  0.3122488   0.3162353   0.32284361
  0.33337924  0.34733751  0.3636345   0.38246208  0.3980926   0.41062084
  0.4232811   0.43332887  0.44308269  0.45390016  0.47253746  0.48600876
  0.4942174   0.50699556  0.51892591  0.52860487  0.54334205  0.5591684
  0.56480873  0.56916869  0.57274371  0.57434583  0.56979275  0.56964308
  0.57125527  0.57759011  0.59047037  0.60335398  0.6080932   0.60601634
  0.60644913  0.60236913  0.60039026  0.59634036  0.59150892  0.58153301
  0.56893188  0.56088883  0.55955553  0.55475849  0.54515404  0.53395516
  0.52314049  0.51679635  0.51052636  0.50031626  0.48956156  0.48030785
  0.46967083  0.45844555  0.4447073   0.43504554  0.42904574  0.4205136
  0.41353041  0.40738022  0.40296534  0.40403396  0.41073924  0.41637763
  0.41931954  0.42131236  0.42516571  0.43011034  0.43799648  0.44994378
  0.46161288  0.47417536  0.48507801  0.4997727   0.5143798   0.5268001
  0.54534119  0.55837017  0.56100136  0.56087565  0.56389773  0.56850028
  0.56993014  0.57297397  0.5814606   0.59056532  0.60169655  0.61309654
  0.61680609  0.61738795  0.61769402  0.61737508  0.62066478  0.62439364
  0.6275987   0.6347701   0.64634359  0.65371162  0.66160232  0.66915274
  0.67185098  0.67444587  0.67610562  0.6784364   0.67305315  0.66708338
  0.66568065  0.65960544  0.64632112  0.629731    0.61369121  0.59200597
  0.56920236  0.55525631  0.54854172  0.5423764   0.52503937  0.50490797
  0.49568182  0.47981471  0.45900071  0.43879911  0.41346422  0.38743663
  0.36137423  0.33731642  0.31263065  0.29060227  0.27180147  0.25241208
  0.23132206  0.20662136  0.18215354  0.16549945  0.15050493  0.13006543
  0.10376703  0.07671963  0.04955703  0.01906712 -0.00748407 -0.02621734
 -0.04186185 -0.05464093 -0.06374282 -0.07218561 -0.09259684 -0.12172853
 -0.1439393  -0.16479787 -0.18355192 -0.19773573 -0.21107863]
[-0.41534904 -0.40088978 -0.3893033  -0.3809841  -0.36677179 -0.34628257
 -0.32138321 -0.2949082  -0.26840881 -0.24053319 -0.21605232 -0.19386806
 -0.17055778 -0.14879577 -0.12996712 -0.1115291  -0.0898729  -0.07037342
 -0.05193574 -0.03012544 -0.00906098  0.01388879  0.03808529  0.05980156
  0.07768434  0.10022587  0.12212367  0.13594764  0.15451571  0.18215965
  0.20154177  0.21122696  0.23390734  0.2627221   0.28041345  0.29847282
  0.30838272  0.31625301  0.33717543  0.35078746  0.36377445  0.38041952
  0.39290717  0.40920523  0.42711708  0.44760254  0.47105122  0.48961222
  0.50074631  0.50973487  0.52273262  0.53368562  0.53985018  0.5492394
  0.55645698  0.56518555  0.57534122  0.57452983  0.57239866  0.57612693
  0.57900131  0.58109111  0.58286154  0.58097118  0.57744896  0.57078952
  0.56496155  0.56373274  0.56250066  0.55682391  0.54495621  0.53724366
  0.53470761  0.53299159  0.52908033  0.52753353  0.53061593  0.53422213
  0.53745794  0.5395388   0.54180992  0.54042244  0.54188567  0.54568601
  0.54043388  0.53761077  0.5452584   0.55850965  0.56742412  0.56829584
  0.56990993  0.57129538  0.56747013  0.56505728  0.56129515  0.5571515
  0.55785519  0.55463749  0.54811275  0.54059875  0.53179014  0.52425677
  0.51653707  0.50653213  0.4945811   0.48614454  0.48167792  0.47770363
  0.48221126  0.48977783  0.48755533  0.47892591  0.4716289   0.4636243
  0.45700866  0.4513647   0.44314525  0.43790627  0.4331474   0.42464486
  0.41660061  0.40801173  0.40069333  0.39001635  0.38150021  0.37965524
  0.37829995  0.37779599  0.38528386  0.3938632   0.40408197  0.41883448
  0.43542498  0.45423353  0.4716264   0.48641306  0.49951151  0.51519835
  0.52940267  0.54234946  0.559389    0.57186151  0.58276421  0.59912294
  0.6142388   0.62888598  0.64410698  0.65471554  0.66551477  0.67807227
  0.67937958  0.67494178  0.6733641   0.67415768  0.68224669  0.69170737
  0.70737451  0.72170216  0.73223251  0.7329222   0.7289902   0.72841215
  0.71912342  0.70877671  0.70069647  0.69288129  0.68681622  0.67538643
  0.65905815  0.64497602  0.62962878  0.6094324   0.58291036  0.55957633
  0.53757918  0.51228803  0.48646736  0.45865405  0.43213868  0.39936614
  0.36650857  0.34575984  0.33752683  0.32770148  0.31605285  0.29864666
  0.27624378  0.25265914  0.22408867  0.19327223  0.16652125  0.12740159
  0.08931966  0.06901093  0.06106061  0.06760484  0.0689346   0.05313833
  0.02805138 -0.0026982  -0.0378914  -0.07839606 -0.12030045 -0.16083415
 -0.20051013 -0.24050815 -0.2820226  -0.32597497 -0.37318909 -0.42059019
 -0.47088775]
[-0.59977943 -0.58005255 -0.56021219 -0.54003435 -0.51871127 -0.49539602
 -0.47184756 -0.45040619 -0.4296     -0.40775278 -0.38367552 -0.35724556
 -0.32840198 -0.30028149 -0.26983792 -0.23642255 -0.20445199 -0.17296238
 -0.14467883 -0.12008841 -0.09657014 -0.07552222 -0.0562019  -0.03232992
 -0.00605949  0.02388363  0.0536009   0.07914285  0.10752785  0.13604768
  0.16158873  0.18769029  0.21505608  0.23846091  0.25613403  0.28082761
  0.31052074  0.32716227  0.34335551  0.37145436  0.40213415  0.42045671
  0.4256531   0.42595026  0.43107727  0.43939391  0.44788641  0.4616535
  0.47500786  0.48201165  0.49474704  0.51104313  0.52709436  0.547445
  0.55859327  0.56273419  0.57352036  0.58154589  0.58452296  0.59108192
  0.5941267   0.59636742  0.60035914  0.59938312  0.59737098  0.5943315
  0.59598583  0.59669667  0.59420711  0.58879459  0.58246291  0.57495844
  0.5604794   0.54837513  0.53851867  0.52481633  0.5099358   0.49812704
  0.49176067  0.49252364  0.49338388  0.48990476  0.48929009  0.49371347
  0.49600253  0.49693364  0.50036728  0.50435591  0.51016384  0.51750922
  0.51930797  0.52101803  0.52758539  0.54128563  0.55259228  0.55845225
  0.56507921  0.56969815  0.57117796  0.5733456   0.57608235  0.58029145
  0.58781749  0.59540135  0.60173512  0.60066158  0.59508681  0.58817261
  0.58193415  0.57525444  0.56321859  0.55043775  0.54148406  0.53776854
  0.53092182  0.52100742  0.51725054  0.5101369   0.49783567  0.4821727
  0.46655521  0.45426196  0.44773456  0.43548521  0.41892442  0.40854025
  0.39341408  0.38157499  0.36549351  0.35018128  0.34409562  0.34076208
  0.33878741  0.33781478  0.3440516   0.35357222  0.35845894  0.37322038
  0.38923383  0.40633976  0.42424935  0.43809727  0.45358747  0.47124293
  0.48734701  0.50003856  0.50761539  0.51430649  0.51488596  0.51854086
  0.53407884  0.54922688  0.56143689  0.57692724  0.59341073  0.61123246
  0.62883693  0.63297033  0.6296432   0.62696785  0.63374555  0.64522475
  0.65653574  0.67271221  0.68126512  0.69203556  0.70701146  0.72361827
  0.73853183  0.75101817  0.75361007  0.75968832  0.77038753  0.78099191
  0.78032446  0.78783679  0.79492271  0.78385329  0.76828617  0.74760574
  0.72813809  0.70312816  0.67020971  0.64368993  0.60729814  0.56730044
  0.53976917  0.51846898  0.50509983  0.49297515  0.48151913  0.46115455
  0.43216002  0.40272006  0.36214441  0.31254753  0.27553472  0.24208985
  0.19783722  0.16030444  0.13449843  0.12522601  0.11811415  0.09066754
  0.05165139  0.0049924  -0.04731641 -0.09991958 -0.15793487 -0.21406282
 -0.27240422 -0.32989052 -0.38499537 -0.4363955  -0.48658675 -0.53675926
 -0.5867098  -0.63765067 -0.69161958 -0.74701744 -0.80535418]
[-0.84620804 -0.84548599 -0.8452459  -0.84272575 -0.83758205 -0.83159137
 -0.82212579 -0.80724949 -0.78713721 -0.76198179 -0.73462069 -0.70770103
 -0.68040627 -0.65357339 -0.62656581 -0.5978477  -0.56827688 -0.54145354
 -0.51612741 -0.48850647 -0.45404625 -0.41065624 -0.36256775 -0.31569383
 -0.27003813 -0.22235924 -0.17679818 -0.13621512 -0.09843938 -0.06563524
 -0.03631579 -0.00730208  0.02214618  0.05716262  0.09759016  0.14000335
  0.17999768  0.21243429  0.24610488  0.27954862  0.30769086  0.34246966
  0.37730619  0.40502611  0.42725104  0.45457301  0.48911309  0.51759928
  0.5455997   0.57541907  0.61089134  0.63823348  0.64671493  0.64568585
  0.63718647  0.62728661  0.62202716  0.62754458  0.63345563  0.62511343
  0.61403614  0.60758078  0.60090631  0.59702456  0.59115595  0.57968235
  0.56999123  0.56689966  0.56680566  0.56565124  0.55814582  0.5518508
  0.55295193  0.55492681  0.55208653  0.55674446  0.56801713  0.57275814
  0.57534337  0.57544118  0.57272691  0.56989437  0.56187516  0.55147207
  0.53882486  0.52055979  0.50102365  0.48488197  0.47390425  0.46603766
  0.4557085   0.43946573  0.42487076  0.41972035  0.41744167  0.41378659
  0.41626886  0.41929471  0.42378128  0.43552974  0.44532186  0.46161222
  0.48490387  0.51151252  0.53563172  0.55425066  0.57785994  0.6006791
  0.61474615  0.62884283  0.64242661  0.64988464  0.65946251  0.67040998
  0.67735726  0.67623901  0.66780716  0.65900707  0.65010607  0.64182305
  0.63056421  0.6178208   0.60963482  0.60396439  0.5985899   0.58228052
  0.56099886  0.54728365  0.53149718  0.51314241  0.49517983  0.47951639
  0.47445288  0.47257775  0.46829772  0.46493655  0.46205515  0.4530656
  0.43015805  0.40603432  0.39456642  0.38388854  0.37005764  0.35759816
  0.3515889   0.34032497  0.32895315  0.31940794  0.31133083  0.30369255
  0.29339415  0.2797015   0.26677525  0.2611182   0.26280075  0.26913437
  0.27520937  0.27370813  0.27703753  0.29309356  0.3206      0.35353145
  0.38146073  0.40422842  0.42525771  0.44362715  0.45525643  0.46951723
  0.48131874  0.49909383  0.52904141  0.57415742  0.6241048   0.66555035
  0.69772977  0.72231752  0.74723816  0.77583951  0.79878908  0.81921327
  0.8479051   0.87985104  0.92257601  0.98046601  1.03309834  1.08011901
  1.13063312  1.15775681  1.15400243  1.14313591  1.1272738   1.09266663
  1.0596931   1.02175546  0.97956377  0.9213863   0.88779038  0.86918843
  0.84679121  0.82089525  0.78124619  0.72724634  0.66262364  0.59723556
  0.52422887  0.44376516  0.37685868  0.30704036  0.24283719  0.20142026
  0.17458677  0.16322154  0.13825546  0.09178776  0.03966334 -0.02213219
 -0.09079974 -0.16294737 -0.23902634 -0.31984368 -0.40444973 -0.48850521
 -0.56606567 -0.63535196 -0.69789207 -0.7555384  -0.80947292 -0.86159337
 -0.91618431 -0.97489911 -1.03881907 -1.10744143 -1.18273532 -1.25993061
 -1.33348644 -1.39970934 -1.45592582 -1.50465536]
[-0.84688413 -0.84668499 -0.84721678 -0.84747738 -0.8440268  -0.83803809
 -0.83186662 -0.82130826 -0.80487645 -0.78367263 -0.75760591 -0.73012918
 -0.70383936 -0.6767267  -0.64923924 -0.62141132 -0.59222072 -0.56444657
 -0.54025328 -0.51764709 -0.4917284  -0.45546225 -0.4093653  -0.35788724
 -0.30864903 -0.25939155 -0.20863424 -0.16237582 -0.11971277 -0.08192733
 -0.04826805 -0.01930414  0.00722984  0.03622892  0.07410693  0.11758633
  0.16097821  0.20113513  0.23220192  0.26702759  0.30028477  0.33094597
  0.36714992  0.40050101  0.42763564  0.44956288  0.48175186  0.52006817
  0.5512619   0.58096105  0.61760986  0.66072518  0.68597066  0.68612605
  0.67765236  0.6614117   0.64442968  0.63874668  0.64500278  0.64734113
  0.63415647  0.62260973  0.6131767   0.60360456  0.60013509  0.59171301
  0.57442123  0.56278664  0.55899715  0.55644816  0.55403912  0.54529071
  0.53990817  0.5424158   0.54329252  0.54024321  0.54836065  0.56310678
  0.57111079  0.57638347  0.57555503  0.5712859   0.56852305  0.55964381
  0.54769719  0.53406173  0.51306826  0.49000406  0.47048196  0.45597088
  0.44633034  0.4339352   0.41515678  0.40234324  0.40013817  0.39666522
  0.39359841  0.39655042  0.3996602   0.40621737  0.4199585   0.43320823
  0.4540962   0.48126924  0.51183015  0.53852069  0.56074202  0.58855748
  0.61204255  0.62556666  0.63842696  0.64816415  0.65537417  0.66601825
  0.67596847  0.68365151  0.67865884  0.66567993  0.65352345  0.64155495
  0.63192266  0.61801469  0.60454434  0.59825397  0.59801686  0.59423906
  0.57725847  0.5628075   0.55411118  0.53713131  0.52015972  0.50408876
  0.49196926  0.4933151   0.49544081  0.4920108   0.49279392  0.49067658
  0.47985142  0.45028266  0.42294028  0.41216943  0.39778134  0.38143426
  0.36719671  0.35962448  0.34663007  0.33169457  0.32030967  0.31126553
  0.30126145  0.28505239  0.26630741  0.25188336  0.24659041  0.24871561
  0.25329727  0.25510895  0.25227964  0.25557497  0.27412757  0.30670974
  0.34229562  0.36967453  0.39408636  0.41588032  0.43252847  0.44526139
  0.45696598  0.46664435  0.48790002  0.52569336  0.58018148  0.63745826
  0.68438393  0.71593934  0.73834389  0.76436996  0.79387033  0.81571072
  0.84008354  0.86940384  0.90436333  0.95786262  1.01884484  1.07240295
  1.12908542  1.18442297  1.20804799  1.20188057  1.18831253  1.16504884
  1.11957443  1.07681251  1.03032935  0.97603422  0.90918553  0.87582803
  0.86036754  0.83594853  0.80546612  0.76420504  0.70277393  0.62831885
  0.55691397  0.4732548   0.38419122  0.31935507  0.24910575  0.1873505
  0.15700737  0.14600846  0.14930718  0.13383141  0.09030147  0.03873048
 -0.02726347 -0.09986627 -0.17764369 -0.25697279 -0.33980724 -0.42609626
 -0.5101791  -0.58625686 -0.65286642 -0.71478802 -0.77378607 -0.82905853
 -0.88422614 -0.94393045 -1.00863743 -1.0801177  -1.15876734 -1.24037528
 -1.31813824 -1.38790834 -1.44717562 -1.49814653 -1.54239547]
[-0.81927305 -0.84456497 -0.87413311 -0.90035903 -0.9193325  -0.93434101
 -0.94602692 -0.9562043  -0.96494174 -0.9710803  -0.97329021 -0.97951704
 -0.98859811 -0.99428409 -1.00009644 -1.00591147 -1.01010716 -1.01351631
 -1.01649165 -1.01661909 -1.01607537 -1.01404524 -1.00462377 -0.98975319
 -0.96781987 -0.94128001 -0.91432208 -0.88603002 -0.85905796 -0.83310509
 -0.80369222 -0.77771848 -0.75473309 -0.73183644 -0.70599562 -0.66625714
 -0.61225969 -0.55187482 -0.48668686 -0.41745943 -0.34576312 -0.27219728
 -0.20231181 -0.14034361 -0.08016179 -0.02727407  0.02010661  0.07517605
  0.13824166  0.20711154  0.2846866   0.36105108  0.43035781  0.50334692
  0.56544721  0.62268066  0.67547029  0.71704715  0.74179506  0.7550813
  0.77854639  0.79900175  0.82018948  0.8376323   0.86029112  0.88726825
  0.88533032  0.87147832  0.84550649  0.80954212  0.77759576  0.75709593
  0.74969876  0.73772424  0.71494383  0.69979244  0.68684113  0.67189538
  0.66373003  0.64954734  0.62283254  0.59267402  0.56644684  0.53901798
  0.5163095   0.49160123  0.4701314   0.4568561   0.43684855  0.4124181
  0.39485374  0.38214767  0.36946949  0.36361185  0.36042112  0.35678282
  0.36124241  0.36402127  0.37047413  0.38175219  0.38973165  0.40182483
  0.41957816  0.4454594   0.48082924  0.51537871  0.53983498  0.56632537
  0.59470379  0.61427033  0.62602347  0.62941813  0.62631685  0.61913157
  0.60639602  0.58841801  0.57448655  0.56489027  0.55517417  0.53394979
  0.50593501  0.48624226  0.46088082  0.43284956  0.40719366  0.38752446
  0.38364026  0.39291167  0.41276941  0.43890151  0.4559375   0.47188228
  0.49635532  0.52538157  0.5617891   0.59511262  0.63397396  0.68261337
  0.734294    0.78708631  0.83219981  0.86447328  0.89399678  0.91184229
  0.91743302  0.91134733  0.90240943  0.90387511  0.89530313  0.87928587
  0.86736369  0.83854985  0.78672218  0.71386701  0.64038014  0.57797289
  0.50222015  0.42274565  0.34615082  0.28467911  0.21640554  0.15764372
  0.10388011  0.05403665  0.00784663 -0.03741269 -0.08207766 -0.12616651
 -0.16316308 -0.19464146 -0.22515154 -0.24464165 -0.26959923 -0.2800411
 -0.26368055 -0.23009203 -0.18660787 -0.14092728 -0.09127178 -0.03345814
  0.02486674  0.08182985  0.14111508  0.19351906  0.26463795  0.34519434
  0.44237638  0.55350327  0.65064853  0.75434923  0.84582168  0.93802208
  1.02684844  1.10504341  1.17200804  1.22151148  1.28187323  1.35669243
  1.42495596  1.49595785  1.55414164  1.62018681  1.66437936  1.67266726
  1.66308713  1.63176942  1.55928135  1.50021076  1.42188811  1.36269891
  1.27973258  1.23680985  1.24872494  1.26679265  1.29469717  1.30406523
  1.28123093  1.23252702  1.15201581  1.04093599  0.91645432  0.80571866
  0.66796124  0.53838521  0.46420088  0.40643355  0.36987334  0.3128112
  0.21797612  0.11416472 -0.00945291 -0.13725628 -0.28703615 -0.43839714
 -0.5878281  -0.72342151 -0.84305859 -0.94752747 -1.04268956 -1.1259321
 -1.19956255 -1.26304495 -1.31842291 -1.36724579 -1.41140902 -1.45330811
 -1.49217439 -1.53188324 -1.56893265 -1.60565281 -1.64111984 -1.67646682
 -1.71030533 -1.74166048 -1.76923966 -1.79218864 -1.81055641 -1.82424593
 -1.83465588 -1.84195435 -1.84807801 -1.85314202 -1.85751486 -1.86120796
 -1.86450696 -1.86734366 -1.8700794  -1.87257934]
[-0.74103367 -0.76943332 -0.80353224 -0.83881563 -0.87250137 -0.90184295
 -0.92157221 -0.93313462 -0.93963712 -0.94376171 -0.94948453 -0.95907676
 -0.97043461 -0.98107219 -0.99053848 -0.99895883 -1.00336683 -1.00964248
 -1.01530135 -1.02325094 -1.02933419 -1.03634477 -1.04183698 -1.04375255
 -1.04469025 -1.04055583 -1.03229082 -1.02049017 -1.00395572 -0.98352778
 -0.95672137 -0.92367834 -0.88584208 -0.84399283 -0.79956788 -0.75961071
 -0.72338271 -0.68663633 -0.65073413 -0.61165315 -0.56836689 -0.52462226
 -0.4785372  -0.42717257 -0.37501207 -0.31497064 -0.24646302 -0.1747278
 -0.09954996 -0.02347123  0.05316969  0.13129286  0.21337038  0.29704788
  0.37661579  0.44342804  0.50764424  0.57158458  0.62162632  0.67270488
  0.7223736   0.76259971  0.79459226  0.82924485  0.85569441  0.86840355
  0.8776418   0.87208438  0.8788088   0.88509667  0.87053466  0.84635687
  0.81423241  0.77556813  0.74051136  0.7151956   0.69830996  0.68304068
  0.67464626  0.67708856  0.6748727   0.66881508  0.65740591  0.63965636
  0.62206984  0.60761821  0.59952629  0.5905804   0.57230091  0.54456508
  0.51301986  0.47684017  0.43576735  0.39800483  0.36947939  0.34390968
  0.31923994  0.29696706  0.27927589  0.27236912  0.2741513   0.28420243
  0.3046422   0.33026651  0.35651955  0.38565186  0.42189559  0.46468642
  0.51437944  0.56506115  0.61106843  0.65494776  0.68968797  0.7183162
  0.74399626  0.75123286  0.74763072  0.74012494  0.71618736  0.6819737
  0.64897799  0.61675358  0.57654095  0.52995324  0.48383713  0.4358027
  0.38683185  0.34611174  0.31532657  0.2911652   0.28351933  0.28741279
  0.30465251  0.33833355  0.37237936  0.41575551  0.47124153  0.52295214
  0.57177985  0.63020843  0.69716072  0.76427001  0.82336503  0.87406206
  0.92264831  0.9532879   0.97088003  0.9777782   0.96837789  0.95610774
  0.94800353  0.93275642  0.90608978  0.87423527  0.84356707  0.80619454
  0.75540471  0.69435084  0.63489431  0.57610744  0.50708884  0.43036112
  0.35559255  0.27603254  0.18983889  0.10636651  0.02742633 -0.0480649
 -0.12140103 -0.18929841 -0.24282449 -0.27484158 -0.29096675 -0.29259023
 -0.28399974 -0.27216166 -0.26351166 -0.25608739 -0.24070725 -0.21084775
 -0.17911056 -0.14012899 -0.0983763  -0.05734381 -0.0154237   0.02661814
  0.07463136  0.13184491  0.21534738  0.32415158  0.44269112  0.5605998
  0.67404276  0.7903384   0.90113771  1.01044071  1.12310219  1.23190403
  1.3263402   1.40627742  1.46773052  1.51833332  1.55428457  1.5791961
  1.60537362  1.61632204  1.60781622  1.60426223  1.60984612  1.60418141
  1.58186865  1.55632496  1.50484407  1.44923902  1.39393103  1.33526635
  1.29364336  1.25858235  1.2244792   1.20178199  1.17493677  1.14858389
  1.12793899  1.09568107  1.05193055  0.99790573  0.93539834  0.85466063
  0.76384467  0.65778166  0.53530371  0.37677011  0.17483051 -0.04489039
 -0.26494917 -0.46106657 -0.62491113 -0.76293969 -0.87982577 -0.97337389
 -1.04880714 -1.1074549  -1.15837419 -1.20330501 -1.24451602 -1.28614461
 -1.32811069 -1.37210774 -1.41905355 -1.46945536 -1.52062035 -1.57309484
 -1.62420571 -1.67184508 -1.71339297 -1.74861288 -1.77468038 -1.7955966
 -1.81092811 -1.82161522 -1.82947576 -1.83533335 -1.84035385 -1.84468591
 -1.84853601 -1.85206783 -1.85529864 -1.85815609 -1.86086559 -1.86342192
 -1.86599433 -1.86839795 -1.87072372 -1.87303102 -1.87512147]
[-5.97708285e-01 -5.86199045e-01 -6.14577532e-01 -6.87105119e-01
 -7.82939851e-01 -8.63413870e-01 -9.16056037e-01 -9.43888962e-01
 -9.57000196e-01 -9.71941113e-01 -9.84508514e-01 -9.86808419e-01
 -9.85048473e-01 -9.85223353e-01 -9.84834075e-01 -9.91531670e-01
 -9.94067788e-01 -9.81484592e-01 -9.67770517e-01 -9.69417274e-01
 -9.78908598e-01 -9.89514530e-01 -1.00563467e+00 -1.02178359e+00
 -1.02483773e+00 -1.01667154e+00 -1.01617503e+00 -1.02581644e+00
 -1.04347813e+00 -1.06215107e+00 -1.06253266e+00 -1.04798865e+00
 -1.04002941e+00 -1.03160596e+00 -1.01307344e+00 -9.93655682e-01
 -9.68642235e-01 -9.32365835e-01 -8.84980142e-01 -8.44369233e-01
 -8.17491353e-01 -7.85432041e-01 -7.40800977e-01 -6.84697747e-01
 -6.31929755e-01 -6.04611158e-01 -5.82065642e-01 -5.44395208e-01
 -4.98814613e-01 -4.48241115e-01 -3.82748187e-01 -2.98843086e-01
 -2.02467814e-01 -9.47650000e-02  1.64984148e-02  1.39853001e-01
  2.77071804e-01  4.00206268e-01  5.01824141e-01  5.62927604e-01
  6.06668711e-01  6.59203827e-01  7.04008877e-01  7.73189306e-01
  8.44511390e-01  8.93208861e-01  9.36596572e-01  9.94865656e-01
  1.07114160e+00  1.15909004e+00  1.22239363e+00  1.19589782e+00
  1.18451011e+00  1.20869505e+00  1.16206241e+00  1.06067038e+00
  9.30278420e-01  8.46748829e-01  8.27848375e-01  8.66420746e-01
  9.07416344e-01  8.66655529e-01  7.76800215e-01  6.99500501e-01
  6.40231073e-01  6.01645291e-01  6.18150711e-01  6.45318747e-01
  6.40551388e-01  6.44789159e-01  6.55233860e-01  6.07608497e-01
  5.35930097e-01  4.79774922e-01  4.46952671e-01  4.26268131e-01
  3.82283062e-01  3.37403595e-01  2.90380418e-01  2.42821351e-01
  2.15999559e-01  2.11753801e-01  2.20027134e-01  2.37188205e-01
  2.42584333e-01  2.15967745e-01  2.00753331e-01  2.03103170e-01
  2.21100673e-01  2.56631136e-01  3.03443104e-01  3.61433715e-01
  4.17097211e-01  4.56996828e-01  4.89537835e-01  5.34902453e-01
  5.71728945e-01  6.14004552e-01  6.53134048e-01  6.59311056e-01
  6.59408569e-01  6.85599923e-01  7.01422989e-01  6.66806638e-01
  6.16024733e-01  5.63696384e-01  5.14093339e-01  4.67132270e-01
  4.33302462e-01  4.04005051e-01  3.57358038e-01  3.14782441e-01
  2.74407268e-01  2.34349102e-01  2.12359652e-01  2.06973761e-01
  2.08862662e-01  2.25119904e-01  2.51584262e-01  2.79993296e-01
  3.22622210e-01  3.97949368e-01  5.08036077e-01  6.28266692e-01
  7.44626284e-01  8.61009240e-01  9.57561433e-01  9.82754946e-01
  9.77476358e-01  1.03041017e+00  1.11512637e+00  1.17501330e+00
  1.16999090e+00  1.12497795e+00  1.11105931e+00  1.13498783e+00
  1.12750542e+00  1.07737601e+00  1.03322184e+00  9.52390492e-01
  8.53178740e-01  7.82056451e-01  7.16817260e-01  6.70990467e-01
  6.32821739e-01  5.63045561e-01  4.82045054e-01  4.08185869e-01
  3.01432133e-01  1.60967112e-01  2.70786285e-02 -9.85236242e-02
 -2.22390667e-01 -3.26088756e-01 -4.07553554e-01 -4.61130738e-01
 -4.82391268e-01 -4.81439084e-01 -4.81867433e-01 -4.81907904e-01
 -4.61967111e-01 -4.03275192e-01 -3.40497255e-01 -2.91951239e-01
 -2.61669278e-01 -2.56643355e-01 -2.61346787e-01 -2.68394113e-01
 -2.68423557e-01 -2.13986799e-01 -1.31289899e-01 -5.78144938e-02
  3.95575613e-02  1.64084226e-01  3.22237968e-01  4.56707120e-01
  5.72692990e-01  7.10540473e-01  8.67439032e-01  1.03988588e+00
  1.19106853e+00  1.33899987e+00  1.48487520e+00  1.62342775e+00
  1.74633467e+00  1.83498466e+00  1.95887089e+00  2.03091550e+00
  2.04854679e+00  2.04824901e+00  1.91479802e+00  1.75445461e+00
  1.65193141e+00  1.58079267e+00  1.54675186e+00  1.56215608e+00
  1.56216073e+00  1.55998480e+00  1.52425945e+00  1.45867693e+00
  1.34378779e+00  1.18723464e+00  9.92513001e-01  7.95726418e-01
  6.52491271e-01  5.60826778e-01  5.40322006e-01  6.17392361e-01
  7.35661447e-01  8.52331698e-01  9.85317945e-01  1.06544328e+00
  1.01409423e+00  8.42426240e-01  6.27623916e-01  4.01194543e-01
  2.00167656e-01  5.94219193e-04 -2.09954932e-01 -4.10105109e-01
 -5.85553467e-01 -7.35116065e-01 -8.71781409e-01 -9.82026637e-01
 -1.06341577e+00 -1.11100292e+00 -1.13554823e+00 -1.14583766e+00
 -1.14935303e+00 -1.15000033e+00 -1.15796530e+00 -1.18895435e+00
 -1.24839902e+00 -1.32908905e+00 -1.42642260e+00 -1.51989818e+00
 -1.59654045e+00 -1.65589786e+00 -1.69689584e+00 -1.72498190e+00
 -1.74384320e+00 -1.75726104e+00 -1.76727855e+00 -1.77426279e+00
 -1.77988887e+00 -1.78508735e+00 -1.78977144e+00 -1.79347813e+00
 -1.79624867e+00 -1.79878044e+00 -1.80126572e+00 -1.80323029e+00
 -1.80566633e+00 -1.80818796e+00 -1.80988646e+00 -1.81167984e+00
 -1.81370842e+00 -1.81546521e+00 -1.81724179e+00]
[-0.63371688 -0.7251128  -0.7953642  -0.83138025 -0.85265541 -0.86262894
 -0.86679327 -0.86384785 -0.86593598 -0.8897807  -0.9193691  -0.94183314
 -0.951904   -0.95012975 -0.94825929 -0.94864154 -0.9614048  -0.98229176
 -1.00466049 -1.02909231 -1.04339921 -1.04176486 -1.03134584 -1.02442896
 -1.03899145 -1.05785608 -1.05659211 -1.04766726 -1.04112554 -1.0337491
 -1.01949167 -0.99415851 -0.96278149 -0.92317218 -0.87423313 -0.81782585
 -0.75963432 -0.70117295 -0.63155168 -0.55806506 -0.50778884 -0.4931592
 -0.49603546 -0.49688092 -0.48301673 -0.46015882 -0.42904744 -0.37264603
 -0.30494794 -0.21820247 -0.10765076  0.01252635  0.11942205  0.22193629
  0.32242316  0.39094183  0.44146639  0.45359039  0.48120683  0.53758913
  0.57163322  0.61700529  0.66355395  0.71312588  0.78575271  0.83295703
  0.8666119   0.90350449  0.90941775  0.87977642  0.84258336  0.79020655
  0.72468013  0.69276911  0.68065733  0.6865257   0.7274757   0.74954545
  0.71882254  0.65952718  0.60384846  0.58440536  0.58705586  0.58540547
  0.61502361  0.66828156  0.70175862  0.7044158   0.68255222  0.63040686
  0.57774299  0.55580276  0.53529644  0.49749935  0.45315671  0.40149271
  0.32457429  0.27054691  0.2648637   0.2575644   0.25331008  0.24816549
  0.23170635  0.22302024  0.23910126  0.29260406  0.38309708  0.46272156
  0.50031579  0.53182489  0.57360417  0.62456536  0.6715548   0.71607655
  0.7545222   0.78818882  0.81858635  0.83833134  0.85541302  0.85958749
  0.82919937  0.76542437  0.68489414  0.59242541  0.51732695  0.46783435
  0.42100275  0.36537215  0.31908423  0.29985684  0.28912115  0.27203017
  0.25713879  0.24936813  0.24452578  0.25115344  0.29195377  0.36039662
  0.44832361  0.55317193  0.65725487  0.74327141  0.80534726  0.83906102
  0.81420761  0.83866477  0.9461174   0.99014038  0.97980118  0.97069985
  0.98553652  1.00723314  0.9953407   0.9558621   0.88669389  0.81865686
  0.77762473  0.73678076  0.68322092  0.65565932  0.63834804  0.61054814
  0.58042687  0.5350228   0.4403123   0.32120478  0.19331101  0.06699256
 -0.06267755 -0.17162526 -0.25600532 -0.30576888 -0.30873382 -0.30694631
 -0.30969164 -0.31122395 -0.29336298 -0.21014053 -0.13066186 -0.08536562
 -0.04875504 -0.03527697 -0.08049734 -0.13928306 -0.16164501 -0.12926941
 -0.03567154  0.05814729  0.14987257  0.23490651  0.31679463  0.39609879
  0.4745748   0.56800944  0.66095263  0.79980892  0.92726719  1.04162478
  1.14609909  1.25201547  1.36439967  1.45369017  1.5379163   1.5754987
  1.58522022  1.59203804  1.55296457  1.4909066   1.40540493  1.35954773
  1.41342402  1.48146832  1.50772572  1.56882477  1.6412462   1.76900458
  1.7956543   1.65180743  1.40928996  1.17637396  1.03988433  0.93646872
  0.91283476  1.01685023  1.10560143  1.17841065  1.35159481  1.55357218
  1.59881246  1.42795658  1.09874356  0.73407722  0.44003561  0.17812875
 -0.08329036 -0.32710803 -0.54551941 -0.71747386 -0.8773312  -1.00444114
 -1.10191321 -1.16079354 -1.19045687 -1.19547117 -1.19290125 -1.18710434
 -1.18744433 -1.21154523 -1.26525724 -1.34725118 -1.451666   -1.56445193
 -1.65837109 -1.73236585 -1.78538311 -1.82077432 -1.84578252 -1.86296511
 -1.87529242 -1.88446856 -1.89234316 -1.89903939 -1.9049691  -1.90982115
 -1.91394544 -1.91757381 -1.92073584 -1.92370009 -1.92682076 -1.93025625
 -1.93346918 -1.93614769 -1.93886173 -1.94179308 -1.94500709 -1.94817328
 -1.95062006 -1.95278823 -1.95507574]
[-0.85564601 -0.8962484  -0.91488522 -0.92646867 -0.94047493 -0.94639057
 -0.95062715 -0.95844865 -0.96091712 -0.9651264  -0.97194189 -0.96901405
 -0.9543494  -0.94685346 -0.95638877 -0.97056752 -0.98862529 -1.00773108
 -1.01413107 -1.00746715 -1.00217688 -1.01132596 -1.03205752 -1.0500232
 -1.05463636 -1.04518151 -1.03313982 -1.02448356 -1.00900018 -0.9868421
 -0.95866787 -0.92439759 -0.88044953 -0.83067578 -0.79709119 -0.76897746
 -0.72868949 -0.67980206 -0.62921494 -0.59604925 -0.5736044  -0.54252547
 -0.49606672 -0.44042915 -0.37143308 -0.29060298 -0.20882347 -0.1175039
 -0.0116472   0.10207221  0.22003049  0.3381578   0.43597847  0.506181
  0.55064178  0.59018838  0.65059853  0.71073848  0.76281798  0.82457227
  0.87752175  0.92839968  1.00721228  1.07946181  1.141397    1.16892815
  1.15423608  1.16851771  1.14455867  1.05344427  0.9394812   0.85487342
  0.82217503  0.83276862  0.86716378  0.85230184  0.76788157  0.69599074
  0.64781433  0.61044532  0.6107837   0.63240504  0.64955896  0.64735246
  0.63142318  0.6036064   0.56104064  0.50003505  0.454009    0.44109574
  0.4142625   0.36885133  0.32638982  0.27274683  0.23064189  0.22332543
  0.22528493  0.23036541  0.24847381  0.2349862   0.21227507  0.20784125
  0.21670279  0.25227484  0.29929867  0.34729731  0.3880887   0.43276039
  0.4706136   0.51042622  0.55794287  0.59954798  0.63254809  0.65929097
  0.67036343  0.67612517  0.69581002  0.67616487  0.61867344  0.55811572
  0.51296186  0.47157374  0.42688039  0.39967984  0.36217105  0.30876246
  0.27316371  0.24160597  0.2154841   0.2143195   0.22138748  0.23601373
  0.25391829  0.27609745  0.31586489  0.38547891  0.49191046  0.59749144
  0.69725204  0.80541569  0.91164911  0.95435929  0.9476878   1.01305616
  1.10239768  1.15217924  1.16654491  1.13979173  1.11546469  1.12836885
  1.13870049  1.10281372  1.05176902  0.99753684  0.91407305  0.82324493
  0.74923307  0.70312673  0.67087561  0.6071018   0.52660728  0.45691118
  0.354619    0.22442929  0.09437621 -0.02799234 -0.15487765 -0.27165994
 -0.36248145 -0.42103004 -0.44811475 -0.4587169  -0.45444924 -0.45260081
 -0.43150559 -0.3801637  -0.33365309 -0.28699115 -0.24134111 -0.23031767
 -0.24423261 -0.25296262 -0.25099763 -0.20439667 -0.12016776 -0.04227427
  0.03591698  0.13650739  0.28753018  0.41968581  0.54414034  0.67740786
  0.83271343  0.99060363  1.1219008   1.26346862  1.40739119  1.53381324
  1.64806902  1.75281656  1.85797334  1.94419181  2.00291038  2.00992227
  1.91569722  1.77305079  1.67355514  1.62587082  1.60439003  1.57663429
  1.55729318  1.55205798  1.52876782  1.49913764  1.39285398  1.2419337
  1.04836071  0.84236217  0.7117095   0.62260234  0.606323    0.66228694
  0.74360281  0.86546081  1.01556838  1.11249757  1.05664515  0.89749724
  0.69921649  0.48727131  0.28550518  0.07619058 -0.13726534 -0.34368807
 -0.52442908 -0.68358439 -0.82734627 -0.94705003 -1.03735614 -1.09329987
 -1.11958623 -1.12969637 -1.13410664 -1.13456297 -1.14434671 -1.17812514
 -1.24013913 -1.32537925 -1.42947745 -1.53195775 -1.61759257 -1.68410623
 -1.73038244 -1.76215458 -1.78371704 -1.7988795  -1.80988455 -1.81800175
 -1.82466352 -1.83044291 -1.83576322 -1.84002602 -1.84325671 -1.84640682
 -1.84949696 -1.8517884  -1.85432982 -1.85725546 -1.85951149 -1.86141872
 -1.8633908  -1.86556876 -1.86767721 -1.86953139 -1.87109232 -1.87299526
 -1.8746804  -1.87602782 -1.87730849]
[-0.48413375 -0.4807069  -0.5262661  -0.60479623 -0.69710648 -0.77260822
 -0.82214123 -0.85663599 -0.87214041 -0.87936324 -0.88181448 -0.88663679
 -0.90237987 -0.92272443 -0.93696868 -0.94561207 -0.95082521 -0.95011097
 -0.94269824 -0.94600683 -0.96169806 -0.97931987 -1.00061727 -1.01938546
 -1.02395356 -1.01426721 -1.00807476 -1.0211035  -1.04286075 -1.05432391
 -1.05085635 -1.04039669 -1.03040802 -1.01777112 -0.99948806 -0.97012144
 -0.93439633 -0.89176673 -0.83849561 -0.78577679 -0.74053711 -0.68918872
 -0.62926155 -0.57680887 -0.54145402 -0.5285247  -0.51966029 -0.49443942
 -0.46177202 -0.42020768 -0.35442373 -0.28379771 -0.20561904 -0.10631186
 -0.00386635  0.10207625  0.21594328  0.3208591   0.39671007  0.4490957
  0.48527586  0.52254677  0.56772524  0.61681652  0.66242343  0.70653951
  0.76757598  0.84526628  0.91148907  0.9529267   1.00402462  1.02969062
  1.01520336  1.00684083  0.95111316  0.86483616  0.80036348  0.75926471
  0.74250185  0.76776421  0.80200642  0.77647352  0.7111991   0.65175813
  0.61872369  0.6060943   0.60542226  0.63324165  0.67202127  0.68702543
  0.68245107  0.65825367  0.61043453  0.56209296  0.53802776  0.51962906
  0.48014888  0.44063735  0.39401114  0.32992232  0.28313839  0.26842448
  0.26045024  0.25744727  0.26373002  0.25279859  0.2314125   0.23152581
  0.26195908  0.32242477  0.39029208  0.43351856  0.46543819  0.50669354
  0.5516547   0.59582525  0.64712137  0.69286525  0.72577941  0.75543457
  0.76829278  0.77628964  0.78501666  0.76547635  0.71493268  0.64418262
  0.56879222  0.5073421   0.4590244   0.41917667  0.37098941  0.32425669
  0.29243031  0.26542008  0.25469476  0.25241482  0.24927786  0.25586027
  0.26359251  0.28565338  0.339726    0.42230839  0.52525175  0.62301767
  0.71133441  0.79748189  0.86064285  0.86356294  0.87847382  0.96791089
  1.03967941  1.05556548  1.04746819  1.050336    1.05895424  1.05794299
  1.04463255  0.99330264  0.93181938  0.89136225  0.83838701  0.76320291
  0.7056371   0.67949033  0.65003687  0.60323548  0.54750597  0.45946565
  0.34516308  0.21800669  0.09652056 -0.02555905 -0.14775452 -0.25354356
 -0.32940733 -0.36102101 -0.36789659 -0.37012649 -0.37248009 -0.36228964
 -0.30715725 -0.24066545 -0.18987268 -0.14095066 -0.11313219 -0.13479674
 -0.17874856 -0.20206328 -0.18711273 -0.11266663 -0.02077417  0.05842799
  0.13238592  0.22582261  0.34006914  0.4424662   0.54387242  0.65677476
  0.79814816  0.93477416  1.05576277  1.17219579  1.29190373  1.38618624
  1.47802103  1.58287728  1.66310382  1.71188712  1.74622071  1.72787189
  1.63248682  1.5364455   1.50180376  1.49924719  1.50399923  1.51158524
  1.53173101  1.56371796  1.62800384  1.64087903  1.53466034  1.33429718
  1.10625756  0.94737756  0.84469593  0.7912339   0.83848298  0.91514045
  0.98463255  1.13026857  1.32223356  1.38045621  1.27582073  1.05011463
  0.77278781  0.51190627  0.26719841  0.02118885 -0.2156623  -0.43276289
 -0.61288369 -0.77449214 -0.91405398 -1.02495611 -1.10126567 -1.14424527
 -1.159266   -1.16080773 -1.15865064 -1.15858567 -1.17585778 -1.22161555
 -1.29784167 -1.3953644  -1.50920749 -1.61182523 -1.69597697 -1.75860214
 -1.80169022 -1.83219123 -1.85292435 -1.86753297 -1.87837017 -1.88680851
 -1.89381802 -1.9000057  -1.90544164 -1.90971732 -1.91328692 -1.91686535
 -1.92008519 -1.92288816 -1.9260695  -1.92929268 -1.93187809 -1.9341538
 -1.93669188 -1.93951261 -1.9423151 ]
[-0.71482521 -0.80261135 -0.86293143 -0.90391374 -0.92410558 -0.93355823
 -0.94679201 -0.95481104 -0.9590683  -0.96353525 -0.96632624 -0.97070998
 -0.97692353 -0.97501922 -0.96139055 -0.95269394 -0.96029377 -0.97303706
 -0.99171501 -1.01187634 -1.0204525  -1.01413238 -1.00742185 -1.01656866
 -1.03691292 -1.05485952 -1.05844772 -1.04943264 -1.03747106 -1.02681613
 -1.01399338 -0.99412781 -0.96629947 -0.93130904 -0.88861459 -0.83823508
 -0.80128849 -0.77319217 -0.73236436 -0.68272775 -0.63578463 -0.59844184
 -0.57448506 -0.5465613  -0.50050503 -0.45040512 -0.38175127 -0.29562652
 -0.21511361 -0.12387203 -0.01240616  0.10264547  0.22173887  0.34123543
  0.44028938  0.50933599  0.54845983  0.59699231  0.65876365  0.71149534
  0.76995218  0.82694429  0.88418084  0.93426329  1.00720906  1.0868088
  1.14825809  1.18146348  1.17423582  1.19154859  1.17138398  1.06822217
  0.95161158  0.86885285  0.82815325  0.84246784  0.87505805  0.86684185
  0.79627067  0.71565706  0.66493326  0.62104052  0.61566782  0.64384031
  0.66063368  0.66018397  0.64607722  0.61975312  0.57492256  0.51808655
  0.47511953  0.45926046  0.43240657  0.38789526  0.3476038   0.28902462
  0.24219871  0.22909415  0.2262743   0.23587354  0.25711519  0.24663597
  0.21749415  0.21055552  0.22307499  0.25509271  0.30345815  0.351551
  0.39348778  0.43695968  0.47059017  0.51441389  0.56782216  0.60361797
  0.64193255  0.67237288  0.67254686  0.67968869  0.70315886  0.69440061
  0.64556676  0.57753152  0.52288878  0.48076162  0.43949908  0.40951341
  0.37178105  0.32189527  0.28593528  0.24873514  0.2189911   0.21752085
  0.21905306  0.23204616  0.25307438  0.27236035  0.31060773  0.38097981
  0.48352265  0.58826154  0.68859994  0.79745513  0.90637648  0.95647877
  0.9479906   0.99931401  1.08239412  1.13817775  1.16527331  1.14097595
  1.11412942  1.12679577  1.13304865  1.09810853  1.04965258  0.98551148
  0.90546733  0.81827682  0.74305934  0.70179808  0.66981727  0.60881162
  0.52646554  0.45074615  0.354866    0.23146524  0.09648258 -0.02520955
 -0.15078799 -0.2691454  -0.36123005 -0.42396253 -0.45500585 -0.46649599
 -0.46124458 -0.45721468 -0.43855634 -0.38490555 -0.33472803 -0.28708795
 -0.24338479 -0.23386504 -0.24738953 -0.25929764 -0.26167804 -0.22026181
 -0.13252544 -0.05861368  0.01788517  0.11989784  0.25586933  0.39058989
  0.51624876  0.64761907  0.80461913  0.97666156  1.10853934  1.2377969
  1.38494778  1.50723147  1.61719024  1.73741007  1.84198785  1.9263519
  1.97644258  1.97893083  1.89096701  1.74754751  1.66654384  1.6264714
  1.58806467  1.56372976  1.56740832  1.55083179  1.52964127  1.515504
  1.40482748  1.25587487  1.06482613  0.85921389  0.72297931  0.62205631
  0.58433878  0.63861626  0.73680097  0.86720282  1.00717533  1.1180402
  1.07433486  0.92187917  0.71927387  0.50099176  0.29631144  0.08307905
 -0.1283942  -0.33267283 -0.51596034 -0.67538118 -0.81937063 -0.9398666
 -1.03261256 -1.08981752 -1.1171397  -1.12829995 -1.13221979 -1.13190699
 -1.13866377 -1.16886866 -1.2287674  -1.31161261 -1.41423965 -1.51825917
 -1.60560048 -1.67534912 -1.72400343 -1.75685465 -1.78024352 -1.79543531
 -1.80717921 -1.81559968 -1.82204592 -1.82787848 -1.83328331 -1.83748269
 -1.84069467 -1.84388411 -1.84696293 -1.84921813 -1.85181916 -1.8548876
 -1.85707903 -1.85894537 -1.86084044 -1.86271465 -1.86493063 -1.86687827
 -1.86841679 -1.87033617 -1.87203026]
[-0.54761386 -0.62056059 -0.71316952 -0.79779893 -0.853616   -0.89196533
 -0.90879464 -0.9189477  -0.92965299 -0.93256944 -0.93860269 -0.95100224
 -0.95625794 -0.96362191 -0.97135484 -0.96855837 -0.95409799 -0.94833034
 -0.96114898 -0.97701913 -0.99595201 -1.01567507 -1.0225817  -1.01443505
 -1.00763988 -1.01791346 -1.04138803 -1.05784595 -1.05946743 -1.0491811
 -1.03683436 -1.02626383 -1.00977397 -0.98614323 -0.95605147 -0.91862845
 -0.87140018 -0.8183068  -0.78157276 -0.74800307 -0.70089185 -0.6500048
 -0.60300273 -0.57422429 -0.55870408 -0.53045309 -0.4850539  -0.43727437
 -0.36944002 -0.28768572 -0.20641914 -0.11216837 -0.0055592   0.10494465
  0.21979545  0.33301878  0.42320716  0.48916388  0.53395325  0.57253426
  0.62654579  0.67720866  0.72714561  0.78633308  0.84000951  0.89151967
  0.97346163  1.04513741  1.09969115  1.12968326  1.1097151   1.12267756
  1.09600437  1.00326645  0.89520407  0.81949389  0.79541522  0.8117618
  0.8550576   0.8409735   0.75480622  0.68278486  0.63629687  0.60666221
  0.61577827  0.64143634  0.65934139  0.67095548  0.66636086  0.63656425
  0.59084427  0.5319736   0.49160868  0.48065332  0.4475137   0.39982998
  0.35886136  0.30278671  0.25445825  0.24371438  0.24583648  0.24851692
  0.26498657  0.24763559  0.22022988  0.21963173  0.23480545  0.27822152
  0.33464301  0.38014576  0.41594791  0.45721811  0.49793532  0.54428971
  0.59437114  0.637321    0.66904414  0.69360518  0.70260078  0.70878792
  0.73166019  0.71583289  0.65735471  0.588781    0.53515887  0.48945335
  0.4426218   0.41407922  0.374915    0.32134646  0.28548875  0.25228977
  0.22796027  0.22918025  0.23433708  0.24751845  0.26264521  0.28094491
  0.32337418  0.4002634   0.50738835  0.60740411  0.70220655  0.79937291
  0.89993554  0.93130064  0.91328621  0.9916814   1.08434725  1.12225032
  1.12807393  1.10647893  1.0984273   1.11104012  1.11507475  1.07386243
  1.01446319  0.96297276  0.89313704  0.80922592  0.73886168  0.69650453
  0.66963232  0.61447728  0.53408653  0.46091029  0.35707054  0.2203832
  0.09144383 -0.02930184 -0.15666354 -0.26872131 -0.35699907 -0.40895373
 -0.42717841 -0.43424305 -0.43167394 -0.43134871 -0.39776006 -0.33364683
 -0.28522584 -0.2373208  -0.19266944 -0.1903587  -0.21874571 -0.23723772
 -0.23425913 -0.17897892 -0.0878724  -0.00930284  0.06623787  0.16221549
  0.30159411  0.42728657  0.54674119  0.67214918  0.81810611  0.97427338
  1.09331417  1.22367156  1.36028385  1.46899891  1.5719974   1.67400253
  1.77957392  1.85462737  1.89669979  1.90460169  1.8076365   1.6765765
  1.60373998  1.57834303  1.57826221  1.55401361  1.5431174   1.54845524
  1.54577565  1.54514563  1.43585598  1.26956415  1.06154203  0.86851567
  0.75318414  0.66889912  0.6684913   0.74173397  0.82273448  0.94407451
  1.11015308  1.21613681  1.14567709  0.95636761  0.72475618  0.4971922
  0.29191375  0.07365642 -0.14764428 -0.36207876 -0.5459491  -0.70504749
 -0.84884137 -0.96730739 -1.05473673 -1.10651708 -1.12805808 -1.13529491
 -1.13789213 -1.13623297 -1.14671969 -1.18363047 -1.2507807  -1.34100425
 -1.45056772 -1.55677283 -1.64319611 -1.70995867 -1.75618649 -1.78779924
 -1.80916762 -1.82420421 -1.83586204 -1.8432864  -1.84997749 -1.85607767
 -1.86127746 -1.86543941 -1.86898482 -1.87221086 -1.87521732 -1.87773752
 -1.88067353 -1.88379896 -1.88607168 -1.88800454 -1.89009821 -1.89240813
 -1.89499521 -1.89707685 -1.89856374]
[-8.08882415e-01 -8.46905828e-01 -8.65035713e-01 -8.71897459e-01
 -8.67112756e-01 -8.55608225e-01 -8.59943569e-01 -8.89194191e-01
 -9.24814284e-01 -9.53187287e-01 -9.66701567e-01 -9.64315653e-01
 -9.64191139e-01 -9.69680488e-01 -9.82281506e-01 -1.00166357e+00
 -1.02316368e+00 -1.04833281e+00 -1.06300604e+00 -1.05954814e+00
 -1.04493737e+00 -1.03357387e+00 -1.04416466e+00 -1.06201184e+00
 -1.06045032e+00 -1.04755557e+00 -1.04058301e+00 -1.03710532e+00
 -1.02624202e+00 -1.00521660e+00 -9.76660192e-01 -9.37985480e-01
 -8.85713756e-01 -8.27814579e-01 -7.65740335e-01 -6.97596729e-01
 -6.13229811e-01 -5.22404253e-01 -4.63969976e-01 -4.45145279e-01
 -4.50648963e-01 -4.63451982e-01 -4.62124199e-01 -4.54531431e-01
 -4.41189736e-01 -3.99004757e-01 -3.38427186e-01 -2.48850212e-01
 -1.34933591e-01 -1.37964524e-02  1.12284258e-01  2.21676990e-01
  3.10699284e-01  3.71556610e-01  4.21944410e-01  4.49513376e-01
  4.71626759e-01  5.14901340e-01  5.38885236e-01  5.78824282e-01
  6.26762152e-01  6.77137733e-01  7.54859209e-01  8.01817477e-01
  8.15183282e-01  8.39780390e-01  8.49481225e-01  8.07131410e-01
  7.59267271e-01  7.11906314e-01  6.50579393e-01  6.25566423e-01
  6.26161098e-01  6.45611763e-01  6.99623287e-01  7.42964268e-01
  7.18262255e-01  6.63433015e-01  6.03253365e-01  5.73305547e-01
  5.77131271e-01  5.67509294e-01  5.92330635e-01  6.59988642e-01
  7.17099607e-01  7.38759756e-01  7.28839576e-01  6.72230542e-01
  6.28951848e-01  6.10033333e-01  5.81490397e-01  5.44887722e-01
  5.03464937e-01  4.50393349e-01  3.67340863e-01  2.90322185e-01
  2.65911609e-01  2.62355655e-01  2.60279566e-01  2.58589774e-01
  2.41124004e-01  2.25749359e-01  2.39217520e-01  2.94484526e-01
  3.92770141e-01  4.92850691e-01  5.41798353e-01  5.66694081e-01
  6.10515475e-01  6.71273112e-01  7.26419926e-01  7.77118683e-01
  8.18134725e-01  8.60111177e-01  8.90447557e-01  9.00652230e-01
  9.18997526e-01  9.35704291e-01  9.32239652e-01  8.71254385e-01
  7.62302816e-01  6.46559238e-01  5.66232502e-01  5.11723995e-01
  4.44438815e-01  3.86678189e-01  3.41632485e-01  3.12565506e-01
  2.97131330e-01  2.79018670e-01  2.60866284e-01  2.47677773e-01
  2.32091486e-01  2.32577741e-01  2.79139727e-01  3.50749940e-01
  4.34397995e-01  5.40236771e-01  6.58431947e-01  7.46221304e-01
  8.03456366e-01  8.38773906e-01  8.05980921e-01  7.97195733e-01
  8.90376210e-01  9.38077509e-01  9.26995873e-01  9.30927098e-01
  9.51656342e-01  9.69539165e-01  9.44913805e-01  9.03224230e-01
  8.25789094e-01  7.36472130e-01  6.90724492e-01  6.57954037e-01
  6.32563293e-01  6.21156216e-01  5.97655833e-01  5.81963181e-01
  5.66620111e-01  5.26158273e-01  4.40968901e-01  3.32166523e-01
  1.96287721e-01  7.03791827e-02 -5.55818342e-02 -1.67949095e-01
 -2.51921415e-01 -3.00893694e-01 -2.97269046e-01 -2.85229862e-01
 -2.86687821e-01 -2.88221359e-01 -2.74933875e-01 -1.75866321e-01
 -7.49951750e-02 -1.82484221e-02  5.54132555e-03 -1.87096989e-03
 -5.33907712e-02 -1.24310367e-01 -1.60324752e-01 -1.41513020e-01
 -5.43644540e-02  4.25973237e-02  1.45881414e-01  2.31934071e-01
  3.06520790e-01  3.63436699e-01  4.16124642e-01  5.10321975e-01
  5.94123721e-01  7.43669629e-01  8.82753313e-01  1.00196731e+00
  1.10488236e+00  1.20038545e+00  1.31836176e+00  1.40861678e+00
  1.48241305e+00  1.52061617e+00  1.51249814e+00  1.48885357e+00
  1.43676794e+00  1.38677597e+00  1.32805920e+00  1.28385246e+00
  1.32536316e+00  1.43621600e+00  1.48924077e+00  1.58082378e+00
  1.68354034e+00  1.85534227e+00  1.91505468e+00  1.76320231e+00
  1.49977875e+00  1.24275911e+00  1.09637535e+00  9.87083137e-01
  9.40172017e-01  1.05315006e+00  1.19259179e+00  1.29096997e+00
  1.43432796e+00  1.67525136e+00  1.79489124e+00  1.63858008e+00
  1.27020812e+00  8.14020574e-01  4.56227750e-01  1.68380037e-01
 -1.14555031e-01 -3.64082366e-01 -5.93200922e-01 -7.66701818e-01
 -9.28839028e-01 -1.05354893e+00 -1.15096641e+00 -1.21057081e+00
 -1.24475002e+00 -1.25473380e+00 -1.25489557e+00 -1.24855638e+00
 -1.24549389e+00 -1.26489162e+00 -1.30772364e+00 -1.37738585e+00
 -1.46533513e+00 -1.56535101e+00 -1.64808285e+00 -1.71675658e+00
 -1.76499426e+00 -1.79653990e+00 -1.82017291e+00 -1.83636498e+00
 -1.84884655e+00 -1.85762298e+00 -1.86444557e+00 -1.87049270e+00
 -1.87638736e+00 -1.88115430e+00 -1.88480711e+00 -1.88796794e+00
 -1.89087129e+00 -1.89335632e+00 -1.89611745e+00 -1.89948976e+00
 -1.90271401e+00 -1.90537024e+00 -1.90809381e+00 -1.91092706e+00
 -1.91407585e+00 -1.91721427e+00 -1.91980970e+00 -1.92217410e+00
 -1.92447293e+00 -1.92649436e+00 -1.92812002e+00]
[-0.55185193 -0.50832736 -0.51388377 -0.57730174 -0.66171539 -0.74952352
 -0.82611805 -0.86855513 -0.88851446 -0.8938809  -0.88587791 -0.8696816
 -0.86677861 -0.89366269 -0.93299353 -0.96745044 -0.98211718 -0.98240787
 -0.98625827 -0.9930104  -1.00096548 -1.01885569 -1.04367924 -1.07031441
 -1.08590913 -1.08588505 -1.06983113 -1.05400991 -1.05962753 -1.07407117
 -1.07120204 -1.05947292 -1.0545156  -1.05280149 -1.04623485 -1.02705276
 -1.00250649 -0.96654814 -0.91504806 -0.86047363 -0.79390264 -0.71525592
 -0.62238652 -0.5223704  -0.46029857 -0.44556978 -0.45274043 -0.47024125
 -0.48068082 -0.47845355 -0.47259429 -0.43874127 -0.3782208  -0.29293501
 -0.17662349 -0.03431875  0.10275912  0.22086684  0.32384509  0.37570423
  0.41823679  0.44567123  0.47058034  0.53264016  0.55227286  0.57643014
  0.62085426  0.67664284  0.73622978  0.77880579  0.80959988  0.81956655
  0.8279568   0.76482505  0.69513559  0.64652991  0.58839917  0.57754284
  0.59057981  0.62530679  0.67919773  0.71568066  0.70423228  0.65953618
  0.60000539  0.56098491  0.55884308  0.55959451  0.59343344  0.66931015
  0.73639667  0.75699067  0.7454955   0.69234586  0.6530211   0.62764931
  0.59419209  0.56647372  0.52527487  0.46543363  0.37061155  0.27736714
  0.23785117  0.2263193   0.22375765  0.23290256  0.22170542  0.19848588
  0.21297753  0.27505317  0.38583514  0.50311869  0.566122    0.5954209
  0.64146471  0.70104814  0.7590003   0.82385814  0.86427385  0.90323704
  0.94091707  0.95705998  0.97084522  0.99387467  1.00407779  0.93561846
  0.80935448  0.67710948  0.58604026  0.519907    0.44423592  0.38518873
  0.33543894  0.30596197  0.28841037  0.25996551  0.23466368  0.21277437
  0.19230275  0.19924775  0.24955364  0.32434484  0.41712004  0.5311861
  0.65843362  0.75191396  0.8037824   0.85408062  0.82119256  0.7760489
  0.85490227  0.90117592  0.89830685  0.91031611  0.92428792  0.92952001
  0.89375496  0.8489663   0.77268302  0.67261255  0.61340827  0.57980901
  0.56843978  0.57537597  0.55065721  0.53747845  0.52842754  0.48732233
  0.39971688  0.31287041  0.18584363  0.05419779 -0.07497323 -0.19296984
 -0.27448499 -0.32000721 -0.31434157 -0.29828855 -0.29982641 -0.29917121
 -0.29755136 -0.18972769 -0.06917778 -0.00698658  0.01338866  0.00497613
 -0.04082896 -0.11944883 -0.17712606 -0.17631572 -0.08733287  0.02041337
  0.14150514  0.23298913  0.30897215  0.35548326  0.387512    0.4842189
  0.57559675  0.739712    0.90067011  1.01943552  1.1274389   1.23996723
  1.36205339  1.45964944  1.53614187  1.55163586  1.52983999  1.49027598
  1.39704275  1.33858383  1.28689599  1.22665513  1.26100087  1.44217837
  1.51756525  1.61502862  1.73000979  1.94938087  2.05584168  1.89568436
  1.61586726  1.33132625  1.14898109  1.02667797  0.96802145  1.07483554
  1.23387408  1.36196113  1.51972759  1.77013421  1.92616034  1.77422142
  1.37827504  0.84245193  0.42223388  0.11350439 -0.18219951 -0.423329
 -0.64938956 -0.8161993  -0.97375917 -1.0927918  -1.18572176 -1.24250901
 -1.2756989  -1.28291333 -1.28025544 -1.27278912 -1.26268303 -1.27326703
 -1.3053807  -1.36281323 -1.438604   -1.52919829 -1.6060847  -1.67134857
 -1.71686888 -1.74862659 -1.77009141 -1.78450561 -1.79628575 -1.8049587
 -1.81155646 -1.81681168 -1.82189107 -1.8265748  -1.83020508 -1.83288467
 -1.83542919 -1.83763337 -1.84022391 -1.84316349 -1.84617496 -1.84888959
 -1.85155904 -1.85424495 -1.85719144]
[-0.76022816 -0.83699507 -0.88513738 -0.90838784 -0.91749835 -0.90726554
 -0.88233519 -0.87198555 -0.89413488 -0.93228704 -0.97329438 -0.99776828
 -1.00226152 -1.00754321 -1.01880252 -1.02819395 -1.03910351 -1.06342363
 -1.09195614 -1.11021674 -1.11380243 -1.09835875 -1.07862365 -1.07530797
 -1.08136165 -1.08263516 -1.07313347 -1.06298447 -1.06392896 -1.06088221
 -1.0466994  -1.02745652 -0.99884146 -0.94982523 -0.89358878 -0.83189893
 -0.75093174 -0.6490463  -0.53297991 -0.44875893 -0.42402479 -0.42978957
 -0.44765192 -0.46304071 -0.47314754 -0.480216   -0.46434656 -0.41688478
 -0.3373583  -0.2241465  -0.08602345  0.06519368  0.2105293   0.32114485
  0.37803108  0.41710362  0.4499442   0.4793244   0.52685976  0.56489664
  0.58482319  0.60182768  0.65487021  0.72431117  0.76090306  0.78524691
  0.79921407  0.78460813  0.71911609  0.63357466  0.57530427  0.51687056
  0.50336385  0.52359426  0.57339543  0.6510585   0.69209057  0.69000286
  0.65307808  0.59508133  0.55600291  0.54225981  0.5431996   0.57843167
  0.65344948  0.73605257  0.77768046  0.77379268  0.72352058  0.68350679
  0.66474426  0.62641174  0.59585929  0.56534994  0.49895152  0.40427005
  0.3086592   0.23532099  0.20290741  0.20013556  0.20342153  0.21036296
  0.1930217   0.19251825  0.25227809  0.3558462   0.47990495  0.57335395
  0.61718458  0.66216761  0.73201287  0.79674864  0.85835612  0.9122349
  0.96735227  1.00961542  1.02675986  1.04023635  1.05531836  1.07503819
  1.03865135  0.9166106   0.75592905  0.64091396  0.57171899  0.47833773
  0.39731997  0.35088745  0.31781748  0.28812894  0.25418481  0.22445862
  0.19429994  0.16856469  0.17327744  0.21735066  0.29317769  0.38611493
  0.49965799  0.64450175  0.75702053  0.81784397  0.86658221  0.85524577
  0.80540997  0.82824236  0.87099212  0.87160772  0.87740773  0.90424532
  0.90779406  0.86263341  0.80788249  0.73351663  0.63390559  0.55402493
  0.50700408  0.50472766  0.52195418  0.51021963  0.49011257  0.48540014
  0.46246424  0.37965348  0.29931277  0.18302047  0.05080611 -0.076511
 -0.19657573 -0.28899038 -0.34011421 -0.3410714  -0.3239167  -0.31535092
 -0.3147743  -0.3152504  -0.22338486 -0.08762836  0.00438663  0.0368865
  0.01870716 -0.03225034 -0.10236054 -0.17524648 -0.2064418  -0.14643382
 -0.0402141   0.09488712  0.20896381  0.29614317  0.34559062  0.36785308
  0.43669423  0.53491122  0.70072359  0.88280898  1.02109206  1.13627911
  1.26088452  1.3905493   1.48083389  1.55092001  1.58393753  1.563869
  1.51884341  1.4029274   1.28849459  1.23550534  1.20961761  1.22587061
  1.36350369  1.49215877  1.6212132   1.7341013   1.95653951  2.1099751
  2.022506    1.74588609  1.4406122   1.21680605  1.05920494  0.99507296
  1.0647403   1.23304605  1.41234994  1.57352543  1.80860841  2.00448465
  1.92933416  1.57757008  1.00540686  0.47867692  0.10465042 -0.21433353
 -0.47167805 -0.69587505 -0.86742353 -1.02094936 -1.14331007 -1.23429382
 -1.29343343 -1.32968724 -1.345034   -1.34765482 -1.34395015 -1.3364085
 -1.33939719 -1.35940003 -1.39724219 -1.44963801 -1.51511645 -1.57544565
 -1.62628067 -1.66509819 -1.69292927 -1.71190476 -1.72488725 -1.73409331
 -1.74123466 -1.74686289 -1.75129843 -1.75565207 -1.75974667 -1.76325202
 -1.76549709 -1.76745307 -1.76938629 -1.77146041 -1.77451694 -1.7775712
 -1.77995563 -1.78238392 -1.78507257 -1.7876575  -1.79038095 -1.79322815
 -1.79584932 -1.79786015 -1.79966736]
[-0.59336478 -0.68291336 -0.77141774 -0.84403419 -0.88482738 -0.90180176
 -0.90567732 -0.89266986 -0.87145984 -0.86999273 -0.90134895 -0.94087493
 -0.9760716  -0.98977852 -0.98957372 -0.99411994 -1.00325382 -1.01346207
 -1.02926767 -1.0555228  -1.08377421 -1.09819055 -1.09507799 -1.07940745
 -1.06383681 -1.06922972 -1.08189726 -1.0759871  -1.06006598 -1.05476213
 -1.05651832 -1.0504719  -1.03195286 -1.00839567 -0.97268879 -0.91869962
 -0.86193472 -0.79726857 -0.71217233 -0.6096043  -0.50323325 -0.43966639
 -0.43026277 -0.44154099 -0.46050867 -0.47471797 -0.47933483 -0.47647467
 -0.44582275 -0.38513574 -0.29276311 -0.17345215 -0.02629865  0.12118326
  0.24816796  0.34845906  0.38878179  0.42566592  0.4486922   0.47633857
  0.54191691  0.56811833  0.58795124  0.62470311  0.68565059  0.7550509
  0.7894125   0.80308914  0.81244326  0.81284678  0.74965608  0.66997743
  0.61099643  0.54978722  0.54413021  0.56675303  0.61628807  0.68905568
  0.7183581   0.69367087  0.65301871  0.59700668  0.55667675  0.55524063
  0.55707973  0.59091735  0.67421615  0.74454242  0.76355171  0.75266999
  0.69587082  0.66446412  0.64419317  0.60257417  0.57477182  0.53655142
  0.47180238  0.37135047  0.27691728  0.23312031  0.21688986  0.2178729
  0.22821072  0.218173    0.19402856  0.20969236  0.28017056  0.40052336
  0.52346563  0.58910477  0.6230225   0.67145324  0.72970998  0.78838921
  0.85778821  0.89763182  0.93982112  0.97433257  0.99034274  1.00578725
  1.02329051  1.04157782  0.97235173  0.83160943  0.68705612  0.59633827
  0.53273517  0.44455233  0.37966689  0.33580142  0.30544895  0.2832737
  0.25711671  0.22697784  0.20036463  0.17892128  0.18603383  0.24687009
  0.32668239  0.42027333  0.54193306  0.68051827  0.77020115  0.81747144
  0.86266482  0.82054579  0.77407932  0.84361023  0.88267446  0.87409967
  0.89096856  0.9082303   0.90273225  0.86167687  0.80971885  0.72356373
  0.62297457  0.55537176  0.51561868  0.51419681  0.53964454  0.52153707
  0.5026086   0.49717546  0.46361318  0.36868069  0.28180155  0.16128454
  0.02955843 -0.1017482  -0.21789537 -0.2943095  -0.33127829 -0.31718847
 -0.2978088  -0.2991299  -0.29692063 -0.29136994 -0.17326477 -0.04485228
  0.01989581  0.03012698  0.00475288 -0.04613262 -0.12167542 -0.17967147
 -0.18279833 -0.09187417  0.01669764  0.14351353  0.24631427  0.32199398
  0.35391229  0.37479067  0.46767381  0.56330347  0.74499041  0.91372508
  1.03575206  1.14460945  1.25972593  1.38665509  1.48558855  1.55798411
  1.55068731  1.51854074  1.46421516  1.33482111  1.26736987  1.23374128
  1.17910373  1.2139982   1.41758108  1.51735711  1.62968946  1.75825918
  2.00156832  2.10835814  1.93109226  1.62484217  1.34130347  1.16348767
  1.03178573  0.98235732  1.1059413   1.27706933  1.42747092  1.59807086
  1.84763861  2.00707674  1.84438169  1.41499782  0.83009636  0.3774583
  0.04950912 -0.25328127 -0.49273485 -0.71433079 -0.87532228 -1.02815759
 -1.13980484 -1.22474313 -1.27487326 -1.30425084 -1.31020796 -1.30568421
 -1.29609597 -1.28685725 -1.29621768 -1.3263545  -1.3808167  -1.45161402
 -1.53431618 -1.6037904  -1.66207862 -1.70367885 -1.73190868 -1.75201178
 -1.76560378 -1.77573156 -1.78325665 -1.78936946 -1.79398155 -1.79886568
 -1.80357027 -1.80701149 -1.80949497 -1.81178212 -1.81374645 -1.81620312
 -1.81928885 -1.82251358 -1.82525122 -1.82826447 -1.83135796 -1.83429587
 -1.83726442 -1.8402071  -1.84299123]
[-0.55594027 -0.59247094 -0.66706157 -0.75532573 -0.83259022 -0.88296211
 -0.9066692  -0.91682333 -0.90731794 -0.88324225 -0.87368065 -0.89349401
 -0.93008131 -0.97147655 -0.99605685 -1.00077891 -1.00576293 -1.01807773
 -1.02825046 -1.03840613 -1.06080496 -1.08845222 -1.10769093 -1.11251724
 -1.0987041  -1.07981753 -1.07560992 -1.08175898 -1.08384061 -1.07298243
 -1.06227732 -1.06366968 -1.06025279 -1.04734671 -1.02912056 -0.99981254
 -0.95165712 -0.89496845 -0.83487111 -0.75472218 -0.65250242 -0.53817898
 -0.45312932 -0.4251357  -0.43188226 -0.44975936 -0.46557721 -0.47829065
 -0.48390788 -0.46810576 -0.42194661 -0.34443891 -0.23118198 -0.09535304
  0.05501705  0.20377843  0.31496939  0.37416661  0.4124482   0.44942904
  0.47624636  0.51602292  0.55866963  0.5829249   0.59948766  0.65324575
  0.72326076  0.7543872   0.77705264  0.79381549  0.77727032  0.72715247
  0.64674181  0.57523876  0.51849222  0.50867462  0.52669603  0.56669003
  0.6459524   0.69097286  0.68400317  0.65590966  0.59831715  0.5555892
  0.54128873  0.53874171  0.57397747  0.64717233  0.72763687  0.77746493
  0.77301466  0.71983308  0.68518567  0.66870451  0.62727171  0.59418869
  0.56441408  0.5019697   0.41383904  0.31460741  0.23698299  0.20707206
  0.20432596  0.20501597  0.21081805  0.19253312  0.18970767  0.24727231
  0.34965494  0.47700164  0.57189423  0.61712658  0.66156882  0.72725022
  0.79172611  0.85565978  0.91437173  0.96743125  1.00207734  1.01914489
  1.0378195   1.05178392  1.0726316   1.04408967  0.92231351  0.75808609
  0.64322507  0.57388431  0.48033187  0.40004784  0.35348567  0.3165929
  0.28760889  0.25979933  0.22753869  0.19515501  0.17088455  0.17103305
  0.21169065  0.28868625  0.38069665  0.49175173  0.6355449   0.74921298
  0.81255436  0.85740197  0.84908187  0.80549908  0.8216455   0.86283094
  0.86930376  0.87427831  0.89914221  0.90591633  0.86622924  0.81094944
  0.73273653  0.63566583  0.5537706   0.50563771  0.50280088  0.51398021
  0.50659883  0.48768273  0.48160103  0.46771535  0.38574114  0.29944012
  0.18705601  0.05989165 -0.06661268 -0.18961272 -0.28339717 -0.33568397
 -0.33800939 -0.31985545 -0.30985805 -0.31095394 -0.3107394  -0.22656336
 -0.09271035  0.0061537   0.03906939  0.01825446 -0.0291131  -0.09714504
 -0.16863474 -0.19997013 -0.14450359 -0.04146288  0.08756816  0.2027624
  0.29750541  0.34283614  0.3614668   0.42752677  0.52698201  0.68592978
  0.86641246  1.01200771  1.12790048  1.2435056   1.36934733  1.46910346
  1.54618323  1.58220279  1.55782986  1.50790453  1.39942312  1.28854394
  1.24181497  1.21197367  1.20750594  1.34050727  1.48977602  1.61463022
  1.73625863  1.95828784  2.10625887  2.03962684  1.77159929  1.46836376
  1.24322951  1.0769515   1.00549412  1.06867218  1.23088467  1.40548992
  1.56650722  1.80613327  2.00122547  1.94716227  1.61684859  1.05658364
  0.51976389  0.13069876 -0.18986636 -0.45213583 -0.6787315  -0.85462791
 -1.00961578 -1.13378143 -1.22597432 -1.2869792  -1.32404172 -1.33996952
 -1.34214664 -1.33766794 -1.32950616 -1.33081841 -1.34969854 -1.38752627
 -1.44069064 -1.50757229 -1.56973219 -1.62349772 -1.66427147 -1.69342494
 -1.71316183 -1.72687626 -1.73686934 -1.74435592 -1.75048542 -1.75518775
 -1.75942135 -1.76352262 -1.76713336 -1.76958621 -1.77174962 -1.77364719
 -1.77568054 -1.77851617 -1.78154278 -1.78406501 -1.78646052 -1.78918254
 -1.79195094 -1.79474723 -1.79752576]
[-0.89131784 -0.91380888 -0.92211282 -0.90933621 -0.88404119 -0.8756035
 -0.900675   -0.93900597 -0.97870761 -0.99981099 -1.00270736 -1.00889933
 -1.01992023 -1.02837205 -1.03951383 -1.06421995 -1.09244871 -1.1100601
 -1.11235404 -1.09629059 -1.07780731 -1.07723308 -1.08627081 -1.08531272
 -1.07427967 -1.06538177 -1.06554961 -1.06170785 -1.04653049 -1.0258733
 -0.99683976 -0.94661844 -0.88958007 -0.82892185 -0.7458418  -0.64087564
 -0.52736723 -0.45049122 -0.43156534 -0.44113183 -0.45987916 -0.47317365
 -0.48370257 -0.48691884 -0.4661935  -0.41599405 -0.3292082  -0.21277709
 -0.07434779  0.07844618  0.22471644  0.33721563  0.39007685  0.42734325
  0.45540172  0.4832828   0.53824705  0.57910138  0.60083556  0.61524749
  0.67115289  0.74554163  0.77570683  0.79677659  0.81611216  0.80276513
  0.73168766  0.64331806  0.58371162  0.5212844   0.51204532  0.53857791
  0.58808124  0.66568762  0.70336366  0.68817234  0.65372676  0.59593272
  0.55484378  0.54498154  0.54544747  0.58945805  0.67479032  0.7532413
  0.78417724  0.77293038  0.71387708  0.67997688  0.66373408  0.61854208
  0.58554649  0.55632085  0.48917037  0.38772023  0.29085946  0.22752492
  0.19853792  0.19424319  0.20096609  0.20501968  0.18607475  0.19060595
  0.25594985  0.36576328  0.48830169  0.57724613  0.62285858  0.67061174
  0.73786217  0.79582757  0.86161202  0.91343004  0.96387666  1.00272655
  1.01862395  1.03401709  1.04872572  1.06875408  1.01836157  0.88679218
  0.73382175  0.62622416  0.55389571  0.45908338  0.38634494  0.34412229
  0.31058574  0.28275591  0.25214878  0.22058393  0.18926278  0.16345415
  0.17171149  0.22477217  0.3011452   0.39549097  0.51289397  0.65786976
  0.76495057  0.82440722  0.87529445  0.85278004  0.79997575  0.83509797
  0.87751418  0.87560254  0.88789308  0.9090358   0.90473068  0.85615802
  0.80110449  0.72146606  0.62567031  0.55281514  0.5064801   0.50567102
  0.52321231  0.50637913  0.48944026  0.4860706   0.45628583  0.36340448
  0.27808282  0.16670011  0.0385983  -0.0913919  -0.21410213 -0.30292621
 -0.34947154 -0.34523588 -0.32596141 -0.31923363 -0.31861931 -0.31907699
 -0.2172495  -0.08277278  0.00360144  0.03142463  0.00961926 -0.04110622
 -0.11255217 -0.18216088 -0.20813131 -0.13574715 -0.02516459  0.10666069
  0.2177013   0.30351102  0.34859154  0.37151358  0.44770458  0.55039084
  0.72799605  0.90795249  1.04302812  1.15896297  1.28185952  1.40909767
  1.50172937  1.57932663  1.60230196  1.57839358  1.52702594  1.39679885
  1.29138219  1.24319232  1.20273995  1.21643317  1.373909    1.50070786
  1.62864959  1.74484575  1.9747709   2.11317658  2.00400615  1.71418869
  1.41035616  1.19952202  1.0476445   0.9895516   1.07443392  1.24029994
  1.41276836  1.57994711  1.8203789   1.99723601  1.88976359  1.51589346
  0.93729818  0.42779699  0.06421683 -0.24977589 -0.49741763 -0.71599114
 -0.88115519 -1.03199065 -1.14929402 -1.23685312 -1.29163206 -1.32441628
 -1.33612418 -1.33585954 -1.32834291 -1.3195504  -1.32267523 -1.34345031
 -1.38339126 -1.43946135 -1.5092746  -1.57134771 -1.62492096 -1.66520524
 -1.69330776 -1.71309268 -1.72629845 -1.73582101 -1.74317229 -1.74889553
 -1.75336409 -1.75805593 -1.76224995 -1.76559651 -1.76784492 -1.76989424
 -1.77171111 -1.77383494 -1.77667046 -1.77975297 -1.78205025 -1.78445303
 -1.78712785 -1.7897439  -1.79243791 -1.79528832 -1.79798532 -1.79996145
 -1.80165386 -1.80317378 -1.80454636]
