[-1.2523241   0.39089602  0.75812453  0.77821237  0.46808109 -0.01420671
 -1.1253773 ]
[ 0.58591348  0.36627898  0.2097411   0.10699633  0.11834434  0.09068263
 -0.03990794 -0.04446077  0.00782169 -0.07890878 -0.0656778   0.03523271
  0.0097531  -0.02521879 -0.06886483 -0.07857113 -0.07577509 -0.06884774
 -0.14437068 -0.20714864 -0.17777717 -0.1514986  -0.11982282 -0.07903659
  0.0241386   0.11954484  0.11956172  0.16348535  0.23843518  0.19380063
  0.13321388  0.10522206  0.02440717 -0.09542689 -0.10732261 -0.02667152
  0.09817854  0.21459833  0.23618762  0.21140642  0.19168486  0.15481117
  0.09248009  0.10965041  0.23650105  0.2683737   0.29700089  0.31567419
  0.22557418  0.19688392  0.09865231  0.07302897  0.07785732]
[0.2263505  0.23573476 0.24008326 0.23516278 0.22268373 0.20940152
 0.20788792 0.20334651 0.20173793 0.21941906 0.22638009 0.22675663
 0.23975559 0.25485793 0.28670827 0.32233354 0.34453961 0.35912952
 0.366714   0.37498617 0.39626062 0.42902461 0.44310626 0.46657211
 0.49883813 0.51084894 0.52262676 0.54755604 0.57000571 0.56570369
 0.54917586 0.5279718  0.51244491 0.50675851 0.49669731 0.48236281
 0.47133586 0.46972924 0.46656895 0.46792248 0.46301669 0.44773385
 0.44554901 0.44602206 0.4517754  0.46426561 0.46848178 0.47837344
 0.49425036 0.49396941 0.48755857 0.48793405 0.47402442 0.44746482
 0.44889361 0.44062862 0.41174343 0.40503037 0.39961001 0.37758774
 0.35680315 0.33501151 0.30403411 0.27361837 0.25464642 0.24456806
 0.23556249 0.22563651 0.21629804 0.21014443 0.20880698 0.209398
 0.19546776 0.18432194 0.16586077 0.14750561 0.13343503 0.11999025]
[0.13370499 0.1411303  0.14779906 0.15399678 0.15939547 0.16563214
 0.17158574 0.17738388 0.1828673  0.18649167 0.18946411 0.19326165
 0.19636062 0.19948573 0.20281364 0.20543347 0.20822304 0.21186924
 0.2161652  0.22083217 0.22600506 0.2311601  0.23633642 0.24195114
 0.24758689 0.25268301 0.2573196  0.26197505 0.26857555 0.27668554
 0.28423628 0.29292592 0.30238172 0.31240812 0.32329655 0.33537784
 0.3487207  0.36170796 0.37506706 0.38940948 0.40389392 0.41775551
 0.43129149 0.44546458 0.45943993 0.47269303 0.48500445 0.49670094
 0.50872809 0.52033043 0.53176987 0.54360676 0.55488992 0.56620401
 0.577586   0.58931166 0.60119063 0.6117357  0.61924052 0.62512845
 0.63002771 0.63243419 0.63411736 0.63696241 0.64099401 0.64421409
 0.64775598 0.6527555  0.65760851 0.66119307 0.66390562 0.66382462
 0.66185772 0.65790629 0.65089661 0.64299047 0.63435924 0.62592447
 0.61716396 0.60620332 0.59448653 0.58201861 0.56932861 0.55737799
 0.54621339 0.53581536 0.5256027  0.51375788 0.50125611 0.48886824
 0.47461867 0.45868334 0.44238415]
[-0.67866015 -0.71668047 -0.81861138 -0.93993932 -0.97084385 -0.95840698
 -0.9029386  -0.83726335 -0.83080173 -0.85845435 -0.74158221 -0.56849051
 -0.43253908 -0.25416693 -0.17220055 -0.19845305 -0.13736147  0.17826821
  0.44173545  0.6975652   0.89402854  1.05427718  1.2230469   1.29342282
  1.36019695  1.54071569  1.67219079  1.7534703   2.11752725  2.66935635
  3.00208831  3.10629058  3.32900524  3.4167068   3.10531068  2.78562641
  2.58320808  2.52663779  2.144454    1.65303183  1.22370195  0.64966714
  0.26182804  0.07094742 -0.47509548 -1.01537633 -1.23941028 -1.3176564
 -1.32626009 -1.15135145 -0.98003608 -1.13671434 -1.1459924  -0.87760651
 -0.61713034 -0.52818567 -0.66563773 -0.47759539 -0.09846051  0.40161577
  0.79850441  0.93583059  0.86889988  0.70769173  0.53902739  0.33045277
  0.11813806 -0.04069821 -0.12414397 -0.1172512  -0.10880256 -0.12177721
 -0.13439934 -0.17699999 -0.31146204 -0.54204696 -0.82638651 -1.1660639
 -1.47994602 -1.70841908 -1.85439706 -1.93551874 -1.9862293  -2.02358985
 -2.05764341 -2.08729339 -2.11192012 -2.13505554 -2.15952778 -2.17927027
 -2.19412208 -2.20835137 -2.21857858]
[ 5.87719493e-02  5.54941110e-02  4.89806719e-02  3.37447673e-02
 -2.75894580e-03 -7.64410617e-03  3.59167205e-03  1.20406924e-02
  3.33949812e-02  7.63077661e-02  9.94303226e-02  1.04442932e-01
  1.44277900e-01  1.64201230e-01  1.47477269e-01  1.57068714e-01
  1.81899846e-01  2.05954850e-01  2.31081814e-01  2.72435963e-01
  3.25235814e-01  3.89730006e-01  4.37287450e-01  4.49550807e-01
  4.50709313e-01  4.51956749e-01  4.59343731e-01  4.51865315e-01
  4.20477152e-01  3.85888219e-01  3.81364614e-01  3.64066422e-01
  3.19512874e-01  2.79699326e-01  2.62286067e-01  2.51912951e-01
  2.57755250e-01  2.81480730e-01  2.98301935e-01  3.15297991e-01
  3.49046528e-01  4.00231987e-01  4.62602556e-01  5.30414760e-01
  5.69649518e-01  6.00072324e-01  6.47434473e-01  6.94244027e-01
  7.43941963e-01  8.09575438e-01  8.73019457e-01  9.11594927e-01
  9.37160850e-01  9.60753858e-01  9.71897960e-01  9.78957593e-01
  9.77801383e-01  9.23019290e-01  8.47984731e-01  7.98645616e-01
  7.56428778e-01  7.18228281e-01  6.76422834e-01  6.41043961e-01
  6.10766649e-01  5.69373190e-01  5.19854546e-01  4.67921376e-01
  4.22094077e-01  3.81261766e-01  3.60468864e-01  3.64480287e-01
  3.93657744e-01  4.19410825e-01  4.22643989e-01  4.43067938e-01
  4.84248281e-01  4.89006639e-01  4.64484185e-01  4.55908120e-01
  4.44523692e-01  4.36040819e-01  4.38874602e-01  4.18977261e-01
  4.06493396e-01  4.34410036e-01  4.41594839e-01  4.05305505e-01
  3.72331619e-01  3.45702797e-01  3.23012143e-01  3.20223302e-01
  3.31105351e-01  3.67427081e-01  4.11271423e-01  4.51922745e-01
  4.88721550e-01  5.16360521e-01  5.22113264e-01  5.08985937e-01
  4.57915604e-01  4.05269980e-01  3.51789266e-01  3.00034136e-01
  2.46869579e-01  1.94765121e-01  1.57248333e-01  1.41648978e-01
  1.52806699e-01  1.63816139e-01  1.68461263e-01  1.77529722e-01
  1.82881519e-01  1.95908979e-01  1.84850603e-01  1.47572637e-01
  8.50500762e-02  9.56363729e-05]
[ 0.15728375  0.17636633  0.1536552   0.12683977  0.09068667  0.03818874
 -0.00501789 -0.04251585 -0.07325708 -0.08268471 -0.06741884 -0.03958923
  0.01106303  0.05962802  0.08419952  0.11307403  0.12454715  0.13759014
  0.12969923  0.11839775  0.13517529  0.12076154  0.09660476  0.09243301
  0.11147946  0.11819006  0.10636462  0.08584814  0.07999527  0.09346942
  0.05513254  0.02361951  0.05506796  0.09245607  0.14426853  0.20596026
  0.24805845  0.29051241  0.33079472  0.37689778  0.39987266  0.38324717
  0.38207754  0.38362879  0.38301593  0.41937891  0.48787561  0.55079401
  0.58531857  0.61686707  0.62522238  0.63289672  0.62813741  0.61806327
  0.63636035  0.63814616  0.60668439  0.55294502  0.49668238  0.45703274
  0.44310251  0.44451466  0.46469122  0.47198337  0.46113077  0.47848871
  0.51375139  0.58037519  0.65302336  0.69079858  0.69639874  0.70763355
  0.73167837  0.73993826  0.75549084  0.77359754  0.80440748  0.83112794
  0.84717453  0.86910194  0.90810806  0.9599719   0.94960016  0.88606304
  0.81632477  0.76101744  0.72377181  0.69274867  0.67849326  0.67130691
  0.66458279  0.65763187  0.64372373  0.61864698  0.57835585  0.54010314
  0.53113711  0.53528744  0.53082138  0.52693933  0.5348388   0.57353318
  0.57377416  0.51618093  0.48699853  0.43986601  0.35914466  0.3365365
  0.31962642  0.30486825  0.32899821  0.32134721  0.282271    0.24314259
  0.22029011  0.19047154  0.15531322  0.13339369  0.14717662  0.19298416
  0.23882584  0.2436372   0.25461036  0.28986749  0.30892026  0.32034391
  0.33537558  0.33083504  0.30600998  0.26825479  0.24418928  0.24160115
  0.24335283  0.2472627   0.24579816  0.2287178   0.21048935  0.19371679
  0.22504954  0.2711305   0.27570915  0.22837146  0.17599978  0.12855287
  0.05327332 -0.03020762]
[-0.13087313 -0.12004504 -0.10420243 -0.08584026 -0.07395937 -0.06431145
 -0.05124353 -0.03696139 -0.02118173 -0.00363245  0.01384505  0.03605102
  0.05598583  0.08027273  0.11850441  0.15476982  0.17808141  0.18687613
  0.18154188  0.17588873  0.17703252  0.17363054  0.16952199  0.17012084
  0.1697775   0.18343011  0.20961094  0.23956518  0.2674576   0.28785211
  0.30164373  0.30052423  0.29926726  0.30916333  0.33397448  0.35124168
  0.35525912  0.35999128  0.37486795  0.3824811   0.40074036  0.41995567
  0.41768306  0.42063227  0.40559247  0.40426233  0.39008054  0.36301315
  0.37428126  0.4071103   0.45353812  0.49990249  0.53214335  0.54437208
  0.54602325  0.55275744  0.56272799  0.5659942   0.57537341  0.5759185
  0.57109791  0.58045942  0.59917641  0.61151391  0.60877669  0.59178013
  0.58172911  0.58432341  0.5800665   0.56760091  0.5552938   0.54579878
  0.51943278  0.48809671  0.46758759  0.45163605  0.44540358  0.44031143
  0.42960605  0.42082673  0.41905361  0.42831096  0.4568145   0.48335537
  0.49188727  0.49494982  0.4979735   0.5027706   0.51440978  0.52847743
  0.53583074  0.544285    0.54669303  0.55786729  0.57372314  0.58206016
  0.60140628  0.60960948  0.5924105   0.56936443  0.56147039  0.56371111
  0.55708945  0.55143279  0.56250936  0.57490182  0.58973396  0.6103012
  0.61418861  0.61314309  0.60982621  0.60551804  0.62187427  0.64338011
  0.66025424  0.678725    0.69712037  0.70584959  0.70517004  0.70205456
  0.66755718  0.63402927  0.63291502  0.63042438  0.60491753  0.58186042
  0.57544786  0.57135093  0.54749662  0.51823604  0.4865889   0.4581047
  0.4250553   0.40595248  0.42560366  0.46032709  0.46280986  0.44534391
  0.44910076  0.4530676   0.43893662  0.42140454  0.4109593   0.39470279
  0.37419435  0.35512909  0.33982709  0.33380312  0.33721799  0.33451721
  0.3233085   0.30027324  0.27619439  0.27419215  0.28153184  0.26865864
  0.24026354  0.20226125  0.15913512  0.10782826  0.06099398  0.03209592
  0.02225086  0.01703353  0.0109377   0.01449808 -0.00990358 -0.06558862
 -0.11228184 -0.15318356 -0.17496449 -0.18355478 -0.18611491]
[-1.48632273e-01 -1.43803656e-01 -1.38594314e-01 -1.32712960e-01
 -1.26508802e-01 -1.20434701e-01 -1.12313613e-01 -1.00569963e-01
 -8.74089226e-02 -7.30423778e-02 -5.87138385e-02 -4.53822240e-02
 -3.02210115e-02 -1.37810875e-02  1.23174966e-03  1.59487873e-02
  3.21313143e-02  4.83452193e-02  6.49254099e-02  8.23265314e-02
  9.93984416e-02  1.18777752e-01  1.37132123e-01  1.56241864e-01
  1.80395782e-01  2.03444242e-01  2.22615212e-01  2.36875921e-01
  2.45376706e-01  2.54681349e-01  2.64827222e-01  2.72261143e-01
  2.79982597e-01  2.87913769e-01  2.95714945e-01  3.08994710e-01
  3.25855583e-01  3.44844848e-01  3.63620937e-01  3.79338413e-01
  3.94415468e-01  4.07873869e-01  4.18620437e-01  4.30581510e-01
  4.47465569e-01  4.61244196e-01  4.70993817e-01  4.81027037e-01
  4.95322853e-01  5.05802631e-01  5.21916211e-01  5.39809763e-01
  5.47775745e-01  5.58042407e-01  5.63028753e-01  5.70626318e-01
  5.69105506e-01  5.62079310e-01  5.69405794e-01  5.79479277e-01
  5.94867051e-01  6.06569648e-01  6.12285972e-01  6.14806473e-01
  6.16142392e-01  6.16447568e-01  6.12570941e-01  6.06543601e-01
  6.01523221e-01  5.90510190e-01  5.78010499e-01  5.71693003e-01
  5.66384196e-01  5.61445892e-01  5.52195251e-01  5.38123906e-01
  5.23610711e-01  5.14526486e-01  5.08098543e-01  4.98351902e-01
  4.89738613e-01  4.83364284e-01  4.70873147e-01  4.53765780e-01
  4.40649152e-01  4.30649459e-01  4.23600703e-01  4.17544842e-01
  4.11448330e-01  4.06779647e-01  4.01799798e-01  4.00993258e-01
  4.07552928e-01  4.15958732e-01  4.20502573e-01  4.22773361e-01
  4.24889982e-01  4.28786963e-01  4.37160909e-01  4.46527809e-01
  4.56122398e-01  4.68205750e-01  4.79644328e-01  4.94334668e-01
  5.08872330e-01  5.20890772e-01  5.38710117e-01  5.53898573e-01
  5.60185373e-01  5.60373962e-01  5.64326227e-01  5.72017431e-01
  5.76008797e-01  5.80431044e-01  5.90105176e-01  5.99675000e-01
  6.12548292e-01  6.25895619e-01  6.32411361e-01  6.35040760e-01
  6.32782519e-01  6.30208313e-01  6.33597970e-01  6.38613343e-01
  6.42564774e-01  6.49020493e-01  6.59030795e-01  6.67840481e-01
  6.77449107e-01  6.85693800e-01  6.83228552e-01  6.79057896e-01
  6.79255128e-01  6.81267440e-01  6.76241696e-01  6.67906106e-01
  6.65124536e-01  6.60255969e-01  6.47173464e-01  6.31171823e-01
  6.14283741e-01  5.95574260e-01  5.70730507e-01  5.50902188e-01
  5.42592049e-01  5.38171470e-01  5.25197148e-01  5.04141629e-01
  4.89032477e-01  4.74563301e-01  4.54602987e-01  4.29351002e-01
  4.05635774e-01  3.79778862e-01  3.51500332e-01  3.23647290e-01
  2.95987934e-01  2.72006750e-01  2.52357423e-01  2.30293885e-01
  2.05190375e-01  1.78147644e-01  1.54018745e-01  1.34280309e-01
  1.19151190e-01  1.01355217e-01  7.99804628e-02  5.56087010e-02
  2.90049426e-02 -4.87485027e-04 -2.79921424e-02 -5.02828881e-02
 -6.89478740e-02 -8.11090395e-02 -9.12468061e-02 -9.61655825e-02
 -1.11356802e-01 -1.37351707e-01 -1.58531338e-01 -1.80800065e-01
 -1.96099371e-01 -2.07852811e-01 -2.17245996e-01]
[-0.39565629 -0.38401914 -0.37410891 -0.35965276 -0.33919126 -0.31464323
 -0.28919351 -0.2639932  -0.23887515 -0.21462902 -0.19239356 -0.1708122
 -0.14899977 -0.13039601 -0.11346505 -0.09237071 -0.07262285 -0.05325145
 -0.03359299 -0.01409425  0.01093418  0.03440154  0.05394126  0.07263643
  0.09486094  0.11417615  0.1293319   0.15108109  0.17510313  0.18954597
  0.200589    0.22255559  0.25023997  0.26428223  0.27923197  0.2916232
  0.30166903  0.32243311  0.33495736  0.34927493  0.3663196   0.37920421
  0.39807248  0.41570628  0.43548027  0.45865175  0.47399893  0.48370454
  0.49554065  0.51010156  0.52300596  0.53101552  0.54060596  0.5505386
  0.56063902  0.56946808  0.57062948  0.57130492  0.57573497  0.5791921
  0.58104962  0.58275378  0.58112586  0.57734621  0.57040638  0.56555998
  0.56472903  0.56148374  0.55482692  0.54526961  0.53957468  0.53939575
  0.53869736  0.53354257  0.53245139  0.53610426  0.53885472  0.54077792
  0.54252398  0.54549807  0.54696745  0.5501771   0.55277956  0.54827327
  0.54727232  0.55467618  0.5666582   0.57275897  0.57250959  0.57477546
  0.57656467  0.57393807  0.56982154  0.5650754   0.5603112   0.55946296
  0.55546242  0.54712665  0.53795791  0.52816802  0.51915622  0.51025587
  0.50072521  0.49048641  0.48260936  0.47767097  0.47315642  0.47740459
  0.48385802  0.48108143  0.4741044   0.46469769  0.45593101  0.45201954
  0.44773933  0.43970782  0.43563089  0.42951468  0.42205781  0.41517228
  0.40654171  0.40038735  0.38983017  0.38231096  0.38111266  0.37845883
  0.37842956  0.38472253  0.39136508  0.4021723   0.41788515  0.43376815
  0.45140213  0.46937782  0.48430166  0.49899837  0.51590163  0.530366
  0.54505956  0.56180626  0.57465196  0.58683574  0.60357845  0.62166792
  0.63915032  0.65376294  0.66615635  0.67957062  0.68979341  0.68804908
  0.68311357  0.68260074  0.68515593  0.69293636  0.70339525  0.71829134
  0.73214948  0.74167264  0.74132508  0.73576367  0.73390573  0.72380209
  0.71061796  0.70033574  0.69138443  0.68409657  0.67089319  0.65291172
  0.63845748  0.61872184  0.59618503  0.57143033  0.54462963  0.52308822
  0.49709827  0.46684095  0.44142178  0.41521508  0.38322774  0.34798446
  0.32773805  0.32054126  0.30925986  0.29730812  0.28030673  0.26005396
  0.23740877  0.20896415  0.18018007  0.15723827  0.12197599  0.08288844
  0.06528924  0.06117462  0.06503648  0.05980202  0.03953419  0.01361678
 -0.01313651 -0.04415302 -0.079984   -0.1170167  -0.15566419 -0.19575435
 -0.23589602 -0.2782698  -0.32331958 -0.37074891 -0.41869983 -0.46924031]
[-0.85302609 -0.83029157 -0.80886453 -0.78330427 -0.76015097 -0.73897177
 -0.71295542 -0.67951739 -0.63129014 -0.56799835 -0.50177324 -0.43382835
 -0.3625311  -0.29483283 -0.2258193  -0.15877225 -0.1021658  -0.04459647
  0.0061332   0.04893159  0.0999253   0.15790747  0.22288546  0.29476699
  0.3594338   0.41672143  0.47769547  0.52701652  0.57819897  0.62148345
  0.66006851  0.68819898  0.71247959  0.74879426  0.77122265  0.79656267
  0.80725545  0.83017558  0.86071408  0.85608345  0.84495187  0.82703978
  0.8027246   0.78180146  0.77454686  0.77382386  0.75703114  0.72934151
  0.70963246  0.68831676  0.6666671   0.64789879  0.62318808  0.59095633
  0.55898321  0.53661174  0.51798195  0.49612817  0.46891955  0.44673374
  0.43164521  0.41872731  0.40913531  0.40959567  0.41472757  0.41748103
  0.41849348  0.41649631  0.41665155  0.42317399  0.42850032  0.43469867
  0.44201478  0.44048208  0.44056553  0.44993839  0.46565601  0.48742113
  0.50633615  0.51513058  0.52604759  0.53587341  0.53944772  0.54719204
  0.54585892  0.54471034  0.54550153  0.53476614  0.52193516  0.51752692
  0.51999766  0.51894015  0.51059204  0.50369442  0.5014478   0.49251691
  0.48514092  0.47973731  0.47419029  0.48276213  0.49080014  0.49866968
  0.51524252  0.52260524  0.53274167  0.54956686  0.56560391  0.58547807
  0.60762089  0.63838845  0.67264575  0.70974511  0.74701869  0.77523255
  0.79667819  0.82219458  0.8403908   0.85042292  0.85316247  0.85469246
  0.86114973  0.8563599   0.83360124  0.81156188  0.77864093  0.72133809
  0.64274347  0.57394242  0.52119952  0.45423803  0.38694972  0.32880023
  0.27608344  0.2167802   0.16989228  0.13330896  0.09805871  0.06154465
  0.01938625 -0.02723418 -0.07197033 -0.11073666 -0.14135717 -0.16603139
 -0.18473974 -0.20946711 -0.2189392  -0.20335323 -0.16958979 -0.13071312
 -0.0854632  -0.0284968   0.03527581  0.09744042  0.15718204  0.21857767
  0.27544731  0.35242164  0.44199875  0.53736949  0.63313466  0.70780367
  0.7810964   0.84196979  0.90670604  0.97411102  1.03433228  1.09696436
  1.15254724  1.22084308  1.29825759  1.37680471  1.46207964  1.53515232
  1.59203804  1.60376203  1.5924176   1.57974315  1.53211653  1.46270752
  1.43726707  1.3782115   1.33298588  1.2990886   1.27514648  1.29169154
  1.29466259  1.27595961  1.24060667  1.17515266  1.09555817  1.00435948
  0.8826738   0.75958252  0.65794039  0.52934951  0.39944544  0.32626256
  0.27187756  0.24418402  0.19858982  0.1272157   0.05797997 -0.03188769
 -0.12609394 -0.23349793 -0.34794444 -0.47701913 -0.61392754 -0.75131547
 -0.8762815  -0.98762357 -1.08368957 -1.16804945 -1.24098527 -1.30367982
 -1.3591001  -1.40846002 -1.45471811 -1.49639881 -1.53482389 -1.56946123
 -1.6008836  -1.63056159 -1.65875101 -1.68721664 -1.71455085 -1.7407732
 -1.76579869 -1.78818023 -1.80750847 -1.822456   -1.83472812 -1.84353936
 -1.85125053 -1.85680997 -1.86107767 -1.864802  ]
[-0.87268823 -0.89023644 -0.90673107 -0.92191571 -0.93688834 -0.95370215
 -0.96652722 -0.97087175 -0.97387862 -0.98029131 -0.98238701 -0.98421639
 -0.98894846 -0.99309719 -0.99602914 -0.9941532  -0.98966277 -0.98364824
 -0.9773764  -0.96710181 -0.95010668 -0.92979717 -0.90910548 -0.88865268
 -0.86693841 -0.84449935 -0.82203114 -0.79853404 -0.77380329 -0.75005758
 -0.72837561 -0.70120841 -0.66086364 -0.60656267 -0.54281199 -0.47615921
 -0.40966383 -0.3399772  -0.27002528 -0.20341943 -0.1382286  -0.07798782
 -0.02608583  0.01781276  0.06720445  0.12210122  0.17908856  0.24900551
  0.32036465  0.37709129  0.43030035  0.48283961  0.53619897  0.59031194
  0.63019305  0.66524184  0.69467312  0.72738457  0.75791395  0.77838117
  0.80169457  0.81605399  0.83985335  0.86075413  0.85732669  0.84015191
  0.81900662  0.79239893  0.77791089  0.77480716  0.76703978  0.7452901
  0.71823901  0.702281    0.67771536  0.65485638  0.63599789  0.610277
  0.57505709  0.54677719  0.52907455  0.51008993  0.48288393  0.45396557
  0.43795756  0.42434335  0.4141317   0.4126384   0.4160229   0.41897202
  0.42327005  0.4245663   0.42058161  0.42331091  0.42912224  0.4372943
  0.44207683  0.4441919   0.44235426  0.4415929   0.45368895  0.46966922
  0.48737967  0.50323361  0.51291496  0.52069837  0.52582419  0.53085262
  0.54085398  0.54013914  0.53780699  0.53574139  0.52403468  0.51342088
  0.51299369  0.5198769   0.51509619  0.50649565  0.50727224  0.50590444
  0.49534655  0.49055794  0.48778781  0.48250297  0.49136782  0.49712637
  0.50624555  0.52240229  0.52983385  0.5404712   0.55466962  0.57297581
  0.59281367  0.61580992  0.64881456  0.68246579  0.7202884   0.75513953
  0.78002065  0.80326289  0.825454    0.84573656  0.85323602  0.85196704
  0.85834956  0.86059719  0.84727049  0.82571483  0.79919624  0.75751382
  0.69331467  0.61363107  0.55394268  0.50171351  0.43387458  0.36785457
  0.31550246  0.25830126  0.20842077  0.16326867  0.1255168   0.0897128
  0.04953745  0.00652534 -0.04255059 -0.08502477 -0.11775199 -0.1441292
 -0.16171649 -0.18890119 -0.21000738 -0.20845231 -0.18972336 -0.15345471
 -0.11312627 -0.06220904  0.00262073  0.06469058  0.11904659  0.18149711
  0.24176839  0.30771643  0.38316214  0.47861928  0.57756948  0.65932167
  0.73254406  0.7945655   0.8540324   0.9241817   0.99548328  1.05609155
  1.11808932  1.17843485  1.25171328  1.3373673   1.41394758  1.48966324
  1.56035936  1.5999788   1.5884968   1.57653058  1.56518471  1.50170267
  1.45019543  1.41933846  1.37615061  1.31691539  1.28955793  1.28409004
  1.28278029  1.27066576  1.23590302  1.19369924  1.1238687   1.03444457
  0.93667507  0.82354182  0.71665192  0.59742993  0.47040975  0.3637495
  0.30147544  0.26803118  0.23088881  0.17405023  0.10558446  0.03287807
 -0.05344918 -0.1526472  -0.25645486 -0.37569621 -0.51002699 -0.65062356
 -0.78545558 -0.90834087 -1.01447988 -1.10637367]
[-0.90842849 -0.91192216 -0.91311282 -0.91287208 -0.91239214 -0.90943706
 -0.90485209 -0.89705259 -0.88778865 -0.8804754  -0.87346393 -0.86409301
 -0.85080135 -0.83292741 -0.81171364 -0.78896576 -0.7634176  -0.73492944
 -0.70496845 -0.67328846 -0.64086169 -0.61198753 -0.58598948 -0.55785418
 -0.52016222 -0.47165886 -0.41706035 -0.36432141 -0.31260863 -0.25605622
 -0.19998202 -0.14669219 -0.09463711 -0.04769469 -0.00799817  0.02828268
  0.0642854   0.10309897  0.14822361  0.19823022  0.24573824  0.28329867
  0.32201925  0.35766238  0.38653171  0.42118657  0.45418078  0.47981316
  0.50320143  0.53625822  0.5780375   0.61489928  0.6488595   0.68687379
  0.72935492  0.75754946  0.76128978  0.75101292  0.73136711  0.70848411
  0.69498169  0.69545245  0.69695097  0.68334156  0.66639555  0.65392578
  0.63792586  0.62135571  0.60182083  0.57462108  0.55081749  0.53667367
  0.5265801   0.51865584  0.50462663  0.49344078  0.49525189  0.49741703
  0.49553028  0.50423646  0.51844192  0.52506059  0.53205466  0.53781009
  0.54267997  0.55144131  0.55313671  0.55114102  0.54377592  0.52657408
  0.50539035  0.4851082   0.46931735  0.46039894  0.45186362  0.4371357
  0.42463014  0.41925636  0.41374522  0.40583155  0.40353939  0.4012396
  0.40285012  0.41241693  0.421464    0.44122994  0.46756652  0.4989146
  0.52483737  0.54365754  0.5706867   0.59351403  0.60353976  0.61255413
  0.62377113  0.63378292  0.64757556  0.6618914   0.67239445  0.67145526
  0.66059113  0.6491676   0.63729447  0.62804705  0.61745298  0.60984254
  0.61252749  0.62118298  0.63465601  0.63969958  0.6348083   0.63565534
  0.630539    0.61955094  0.60408652  0.5876106   0.58549064  0.58484703
  0.5767495   0.57028139  0.56088847  0.54415244  0.5088563   0.47169334
  0.45332998  0.43241864  0.40444991  0.37549764  0.3532849   0.32340524
  0.29723248  0.27106377  0.24727222  0.2238448   0.19590603  0.16665255
  0.13865221  0.11985042  0.10892291  0.10487165  0.10656241  0.09823153
  0.09691437  0.11319411  0.14373839  0.18368529  0.22026506  0.25591728
  0.29304603  0.32868636  0.3547475   0.38269585  0.40547109  0.43685111
  0.48110154  0.54043961  0.60660535  0.66201806  0.71042693  0.75439328
  0.80310535  0.85835463  0.90072781  0.92999297  0.95847386  0.98732096
  1.02684939  1.07533669  1.12253475  1.17190552  1.23918712  1.29367185
  1.31523705  1.3280201   1.33672774  1.3090173   1.2832998   1.24979138
  1.20906997  1.13883257  1.09531212  1.07165551  1.04005492  1.0021354
  0.94623929  0.87098521  0.78206402  0.69085819  0.59150416  0.48902649
  0.41094068  0.33248547  0.26870364  0.23886691  0.22332254  0.22436924
  0.19837581  0.13934691  0.06930273 -0.01491083 -0.10316393 -0.1985411
 -0.28967705 -0.37680459 -0.45798954 -0.53563201 -0.60892802 -0.67906314
 -0.74959022 -0.82194072 -0.896047   -0.97127235 -1.05115521 -1.13488567
 -1.21769619 -1.29569387 -1.36614048 -1.42823315 -1.48261726 -1.52874494
 -1.56827259 -1.60196292 -1.63047731 -1.6550504  -1.67603695 -1.69548869]
[-0.9066245  -0.92168331 -0.93723774 -0.94946975 -0.95946687 -0.96834904
 -0.97113335 -0.97020662 -0.96851617 -0.96441346 -0.95899147 -0.95020646
 -0.9392029  -0.9291057  -0.91937047 -0.90797406 -0.89372033 -0.87665027
 -0.85906416 -0.84238768 -0.82305402 -0.80129546 -0.77678174 -0.74663085
 -0.71423662 -0.68002224 -0.64526242 -0.60980082 -0.56614655 -0.5149166
 -0.45968625 -0.4037683  -0.34802979 -0.29073977 -0.23145121 -0.17340222
 -0.11698261 -0.05966401 -0.00760066  0.03981385  0.08903971  0.14027946
  0.19209749  0.24357553  0.28908211  0.32647622  0.36529532  0.40060115
  0.44025728  0.48440415  0.52456373  0.55785465  0.58583856  0.61820769
  0.64889181  0.67625415  0.69906515  0.72644401  0.75651944  0.77303219
  0.77639639  0.77054173  0.7566523   0.74273777  0.73610109  0.73512876
  0.7317158   0.71707588  0.70098776  0.68433112  0.66095304  0.63806605
  0.61272979  0.58143455  0.55279148  0.53079414  0.51204276  0.4990243
  0.48589635  0.47560182  0.47131547  0.4651559   0.45739654  0.4584285
  0.46647906  0.47403023  0.48277435  0.49109381  0.49804965  0.50759482
  0.51407403  0.5173986   0.51812643  0.51332891  0.50516254  0.49524045
  0.49008182  0.4894751   0.48657867  0.47883973  0.4734357   0.47317261
  0.47385642  0.47300336  0.47128612  0.46913752  0.46741951  0.46729288
  0.46833643  0.47720936  0.4918429   0.51019561  0.52200574  0.53193808
  0.55053693  0.56519389  0.57187772  0.57591099  0.58077371  0.58836615
  0.59868217  0.60810143  0.61744577  0.61968774  0.61706024  0.61564374
  0.61279953  0.6126774   0.61158252  0.61482602  0.6257531   0.63909805
  0.65903378  0.67547059  0.68249482  0.69427097  0.70154613  0.7066049
  0.7050842   0.69710457  0.69654936  0.68991214  0.67460144  0.65941387
  0.63530916  0.60036969  0.55161476  0.50210571  0.46591997  0.42794681
  0.39108765  0.35576683  0.32622853  0.28930092  0.25708431  0.22229773
  0.18506372  0.14722756  0.10854664  0.07337376  0.04251123  0.02074178
  0.00639909 -0.00444978 -0.00992077 -0.02492446 -0.03419849 -0.02499842
 -0.00394023  0.02447279  0.05771524  0.09965981  0.14963624  0.20173943
  0.25044817  0.30582613  0.35899007  0.42153093  0.48486155  0.5507496
  0.6199885   0.67383236  0.72554994  0.7687875   0.81542051  0.87002635
  0.92235625  0.97798753  1.03504825  1.09456515  1.15812731  1.20998561
  1.25091934  1.28688443  1.32620597  1.35214043  1.36146784  1.37416053
  1.39030242  1.38512969  1.39535666  1.3903507   1.378865    1.32698786
  1.28970993  1.27005625  1.23098409  1.18460286  1.11782277  1.03777647
  0.95245016  0.8591792   0.75720698  0.65971625  0.58077937  0.4863508
  0.396651    0.33983156  0.29331914  0.25743634  0.19789608  0.1128605
  0.03072547 -0.05602845 -0.13701698 -0.22232783 -0.30384922 -0.38750815
 -0.47352716 -0.56448615 -0.65744108 -0.75434744 -0.85715795 -0.96258229
 -1.06432664 -1.15483236 -1.23393393 -1.30282509 -1.36683846 -1.42162168
 -1.47257757 -1.51527691 -1.55217803 -1.58408606 -1.61152911 -1.63517356
 -1.65694594 -1.67652011 -1.69734132 -1.71665943 -1.7369256  -1.75705159
 -1.77649844 -1.79644358]
[-0.70386082 -0.74032176 -0.77964032 -0.81879932 -0.85371411 -0.88164723
 -0.9034906  -0.91871995 -0.92880142 -0.93681824 -0.9431361  -0.94952768
 -0.95950371 -0.97052926 -0.98260987 -0.99333972 -1.00179565 -1.0085181
 -1.01298058 -1.0211153  -1.02952993 -1.0378592  -1.04438901 -1.0473541
 -1.04917085 -1.04747021 -1.04495347 -1.04045141 -1.03225911 -1.01956463
 -0.9987548  -0.97250235 -0.94147086 -0.90490818 -0.86094785 -0.81125051
 -0.76016998 -0.71334565 -0.66896719 -0.62846023 -0.58963442 -0.55309504
 -0.51725763 -0.48232591 -0.44566748 -0.40551355 -0.35510251 -0.29172587
 -0.21692994 -0.13335586 -0.04393355  0.04656621  0.13519633  0.22249283
  0.30657592  0.38312393  0.44976497  0.50804102  0.56075549  0.60804546
  0.65652514  0.70404202  0.75091481  0.79485613  0.82944584  0.85967982
  0.88108838  0.89006883  0.88288891  0.87052858  0.85527521  0.83307648
  0.81175005  0.78906363  0.76393765  0.73437148  0.71148098  0.69536465
  0.68031454  0.67017376  0.66420418  0.65795028  0.65047455  0.64660859
  0.64109546  0.63651639  0.63170904  0.62722301  0.61863959  0.60271198
  0.57577682  0.53781635  0.49389037  0.44868675  0.40874016  0.37295347
  0.34090343  0.31307736  0.28586918  0.26055434  0.24561226  0.24578446
  0.26116186  0.28533635  0.31389919  0.34482309  0.37859434  0.42064983
  0.47247961  0.52950293  0.58459693  0.63325465  0.67480552  0.71097916
  0.74623519  0.77777392  0.79764014  0.80307448  0.79214072  0.76805609
  0.73266089  0.69161129  0.64766765  0.59623528  0.5380674   0.47775617
  0.4235253   0.37696415  0.33770427  0.30447531  0.27747491  0.26279262
  0.26016375  0.26892439  0.29353735  0.33083463  0.37906063  0.43867964
  0.50682372  0.57364309  0.63643223  0.70443392  0.77532309  0.83451593
  0.88420475  0.92181164  0.94822222  0.96535808  0.97450662  0.97771078
  0.97548783  0.95850706  0.93035078  0.89613837  0.86025155  0.82363969
  0.78142208  0.73420668  0.68240213  0.63145286  0.58284283  0.52560765
  0.45894364  0.38523382  0.30147094  0.20927507  0.11352076  0.02071558
 -0.06772793 -0.14748341 -0.2168657  -0.27242514 -0.3082605  -0.32125303
 -0.31407079 -0.29397428 -0.26673976 -0.24308799 -0.22540155 -0.20774989
 -0.18760623 -0.16407311 -0.14028104 -0.11487043 -0.08546509 -0.05097597
 -0.00789022  0.04506352  0.11229088  0.19732527  0.30059549  0.41189831
  0.52638227  0.63841093  0.75529701  0.87340498  0.99150914  1.11405599
  1.23187661  1.33825445  1.42714691  1.49799836  1.55074406  1.58003831
  1.58884084  1.59094346  1.58492291  1.56843781  1.55231321  1.55003607
  1.55147147  1.55869126  1.57537413  1.5730387   1.54894543  1.50335419
  1.43628538  1.36740232  1.29661167  1.2285285   1.15978742  1.10375965
  1.08302951  1.09832609  1.13115585  1.15365338  1.15169418  1.11667967
  1.03755546  0.92712498  0.79036981  0.61853743  0.39755136  0.14728476
 -0.10108887 -0.32871899 -0.52118772 -0.68540645 -0.82459539 -0.93836224
 -1.02758682 -1.09347796 -1.14309418 -1.18044865 -1.21235442 -1.24196517
 -1.27480543 -1.31280851 -1.35802054 -1.40883172 -1.46386111 -1.52366686
 -1.58323622 -1.63799918 -1.68745279 -1.72808766 -1.75902903 -1.78280807
 -1.79923391 -1.81174469 -1.82078874 -1.82772577 -1.83329141 -1.83777452
 -1.84174919 -1.84548616 -1.84900677 -1.85224068]
[-9.41455126e-01 -9.46279109e-01 -9.54156160e-01 -9.65371907e-01
 -9.75617588e-01 -9.83603656e-01 -9.93305564e-01 -1.00263262e+00
 -1.00901437e+00 -1.01364386e+00 -1.02092469e+00 -1.03079474e+00
 -1.03955138e+00 -1.04389334e+00 -1.04685521e+00 -1.04639673e+00
 -1.04592097e+00 -1.04442537e+00 -1.03961658e+00 -1.02944458e+00
 -1.01252925e+00 -9.89045262e-01 -9.61447299e-01 -9.27363336e-01
 -8.88694704e-01 -8.40282619e-01 -7.89505124e-01 -7.41905928e-01
 -6.98046982e-01 -6.58454180e-01 -6.18737102e-01 -5.78545451e-01
 -5.42486668e-01 -5.07077634e-01 -4.71148580e-01 -4.33412433e-01
 -3.86281073e-01 -3.27358544e-01 -2.58247435e-01 -1.76851839e-01
 -8.86053592e-02 -1.22708525e-03  8.98186266e-02  1.80191457e-01
  2.65545964e-01  3.51410121e-01  4.26971227e-01  4.89769459e-01
  5.43334961e-01  5.88099599e-01  6.36589229e-01  6.86637938e-01
  7.37605929e-01  7.84373224e-01  8.25337052e-01  8.63939703e-01
  8.92322600e-01  9.11502719e-01  9.13423538e-01  9.05730307e-01
  8.95750225e-01  8.72834623e-01  8.49020600e-01  8.20153356e-01
  7.89910138e-01  7.58521497e-01  7.29789555e-01  7.14150429e-01
  6.97666526e-01  6.81747496e-01  6.73160791e-01  6.64210916e-01
  6.51900947e-01  6.47064865e-01  6.45114601e-01  6.39259219e-01
  6.30008280e-01  6.26089454e-01  6.21275127e-01  6.09150171e-01
  5.84813058e-01  5.50809145e-01  5.11692762e-01  4.64064956e-01
  4.20360684e-01  3.83147448e-01  3.50580722e-01  3.22116762e-01
  2.95727909e-01  2.70180076e-01  2.47916892e-01  2.40734249e-01
  2.46939644e-01  2.66079247e-01  2.92349815e-01  3.18500191e-01
  3.47210079e-01  3.83639246e-01  4.31143731e-01  4.86328661e-01
  5.43420970e-01  5.94486713e-01  6.38559222e-01  6.78117692e-01
  7.14258552e-01  7.48587549e-01  7.75556922e-01  7.88183272e-01
  7.86382616e-01  7.69987643e-01  7.37786472e-01  7.01418877e-01
  6.61529958e-01  6.17819071e-01  5.62372983e-01  5.00018775e-01
  4.46160883e-01  3.96309406e-01  3.53333443e-01  3.17124218e-01
  2.85479605e-01  2.65686601e-01  2.57855803e-01  2.61160403e-01
  2.77672917e-01  3.06836367e-01  3.48604351e-01  4.01866555e-01
  4.65850770e-01  5.38272858e-01  6.04686022e-01  6.69217288e-01
  7.41698444e-01  8.11305404e-01  8.69863510e-01  9.14709151e-01
  9.47708607e-01  9.73230362e-01  9.89328802e-01  9.98453617e-01
  9.99561012e-01  9.87866759e-01  9.67538357e-01  9.40334916e-01
  9.04060662e-01  8.68332684e-01  8.28416586e-01  7.80023098e-01
  7.24136353e-01  6.69475377e-01  6.21801615e-01  5.70569813e-01
  5.07164896e-01  4.35837805e-01  3.57936114e-01  2.65558362e-01
  1.68473169e-01  7.00415671e-02 -2.44344417e-02 -1.12853073e-01
 -1.90734655e-01 -2.55479902e-01 -3.08517069e-01 -3.34147274e-01
 -3.34712297e-01 -3.20432305e-01 -2.93783844e-01 -2.70485252e-01
 -2.50394821e-01 -2.30252340e-01 -2.09691435e-01 -1.88469559e-01
 -1.65955856e-01 -1.42394841e-01 -1.12497710e-01 -8.14334378e-02
 -4.57263701e-02  4.01206221e-03  6.13916963e-02  1.38982698e-01
  2.33120799e-01  3.48970622e-01  4.68207389e-01  5.81090152e-01
  6.99225128e-01  8.14387143e-01  9.33100641e-01  1.05710530e+00
  1.18047965e+00  1.29843628e+00  1.39373279e+00  1.47739971e+00
  1.54706550e+00  1.59723842e+00  1.62433839e+00  1.63054669e+00
  1.62985826e+00  1.61433387e+00  1.58966100e+00  1.57610953e+00
  1.56135523e+00  1.55066025e+00  1.56681573e+00  1.57549381e+00
  1.56979299e+00  1.51912022e+00  1.45235455e+00  1.38770235e+00
  1.31623268e+00  1.24092269e+00  1.16097355e+00  1.09345686e+00
  1.04455721e+00  1.03817534e+00  1.06716418e+00  1.10439074e+00
  1.13175237e+00  1.11664629e+00  1.05340910e+00  9.73875821e-01
  8.64652216e-01  7.23343670e-01  5.26099741e-01  2.84256428e-01
  3.13370191e-02 -2.08179072e-01 -4.16882038e-01 -5.98433554e-01
 -7.51349747e-01 -8.79029632e-01 -9.81361151e-01 -1.06114888e+00
 -1.11750221e+00 -1.15918386e+00 -1.18990147e+00 -1.21545541e+00
 -1.24336016e+00 -1.27879143e+00 -1.31992841e+00 -1.36950254e+00
 -1.42809010e+00 -1.48872459e+00 -1.55265367e+00 -1.61251974e+00
 -1.66622782e+00 -1.71327329e+00 -1.74730039e+00 -1.77578115e+00
 -1.79491580e+00 -1.80856907e+00 -1.81776118e+00 -1.82517028e+00
 -1.83105159e+00 -1.83587754e+00 -1.83997321e+00 -1.84361398e+00
 -1.84688222e+00 -1.84985030e+00 -1.85266733e+00 -1.85532510e+00
 -1.85791647e+00 -1.86049759e+00 -1.86296415e+00 -1.86531186e+00
 -1.86785281e+00 -1.87026894e+00 -1.87241554e+00 -1.87440443e+00]
[-0.91951454 -0.929335   -0.93778324 -0.94713676 -0.95546174 -0.96596742
 -0.97553271 -0.98460275 -0.99354416 -1.00511825 -1.01532531 -1.02288842
 -1.02865124 -1.03611684 -1.04503477 -1.05181551 -1.05323887 -1.0517261
 -1.05003881 -1.0497098  -1.04829001 -1.04072332 -1.02593863 -1.00628877
 -0.9808107  -0.94938821 -0.91085792 -0.86540234 -0.81168276 -0.75528955
 -0.70046932 -0.65101844 -0.60836101 -0.57018435 -0.53579623 -0.5072009
 -0.48199627 -0.45449337 -0.41913703 -0.36954015 -0.30434659 -0.22565852
 -0.13285005 -0.03231618  0.06829451  0.16661844  0.25868282  0.34076697
  0.41499025  0.47657123  0.52736509  0.57287711  0.61710644  0.66417015
  0.71275938  0.76274705  0.80836308  0.85066056  0.88305664  0.90408355
  0.91069466  0.89877987  0.87570179  0.84477478  0.81020749  0.78205568
  0.76504391  0.74610335  0.72864759  0.7122454   0.69648546  0.68169373
  0.66622359  0.64942539  0.63648826  0.63273114  0.63585067  0.64397401
  0.64783078  0.64606422  0.64264858  0.63124561  0.60918462  0.57701516
  0.53687924  0.49245101  0.44619027  0.40169853  0.36103112  0.32553831
  0.29512751  0.26638043  0.241451    0.22839345  0.22849828  0.2429994
  0.2697756   0.3028008   0.33750746  0.37936577  0.4314585   0.48963833
  0.54895449  0.60241765  0.64826655  0.69227022  0.73188996  0.76648921
  0.79903501  0.82339245  0.83105743  0.82026273  0.79230577  0.75274277
  0.70766234  0.65324032  0.58950073  0.52140522  0.45849326  0.40432385
  0.35933962  0.32195157  0.28911155  0.26321566  0.24821766  0.24343616
  0.25028515  0.27187672  0.31011111  0.36624271  0.43466556  0.51191843
  0.59726882  0.67296356  0.73674667  0.80084062  0.85903144  0.90293962
  0.93462473  0.9559769   0.96931893  0.98443311  0.99553663  0.98705226
  0.96340728  0.93161249  0.89105332  0.84862119  0.80270123  0.75252646
  0.70254624  0.65869278  0.61762267  0.57348907  0.52176213  0.45975399
  0.38439032  0.29593629  0.19555673  0.08897644 -0.01685123 -0.11261199
 -0.19451213 -0.26009825 -0.3100301  -0.34441382 -0.3520788  -0.33461475
 -0.30458826 -0.27084795 -0.23726411 -0.20771243 -0.18260059 -0.16477171
 -0.15818068 -0.14920296 -0.13355628 -0.11005974 -0.07658742 -0.02626264
  0.04160124  0.12053432  0.21350932  0.31239793  0.4217476   0.53455925
  0.6516009   0.77192467  0.894292    1.02337193  1.15035868  1.27420998
  1.38524628  1.47742653  1.55333042  1.60605025  1.62808573  1.62714124
  1.60604501  1.5736531   1.54746723  1.52557099  1.51253211  1.5109309
  1.53841245  1.58370984  1.61177838  1.60679209  1.55922449  1.48620296
  1.39677012  1.29078877  1.18217039  1.08550358  1.02618659  1.01206732
  1.05717587  1.13504422  1.21080208  1.24597108  1.21665001  1.13317525
  1.00739241  0.83070982  0.5982393   0.32803485  0.05528855 -0.195856
 -0.41251263 -0.60050219 -0.76296067 -0.89698988 -1.00291252 -1.08309293
 -1.14068699 -1.17983711 -1.20550299 -1.22284949 -1.24329388 -1.26835024
 -1.30565298 -1.35239553 -1.40982711 -1.47249222 -1.535115   -1.59988666
 -1.65614939 -1.7029891  -1.73750067 -1.76374626 -1.7823658  -1.79582191
 -1.8056047  -1.81317246 -1.8194524  -1.82444835 -1.82857847 -1.83251143
 -1.83612216 -1.8393364  -1.84215021 -1.84480345 -1.8473525  -1.849931
 -1.85259283 -1.85516119 -1.85760128 -1.85992467 -1.86218882 -1.86434722
 -1.86637545]
[-0.66764581 -0.71050984 -0.7582764  -0.80550873 -0.84353071 -0.87299967
 -0.89209616 -0.90721899 -0.91986597 -0.92972904 -0.93809229 -0.94573474
 -0.95468366 -0.96477133 -0.9746533  -0.98187447 -0.99127465 -1.00198996
 -1.01195455 -1.01898503 -1.0248704  -1.03238547 -1.04103959 -1.04891407
 -1.04985666 -1.04950309 -1.04924095 -1.04754734 -1.0454309  -1.03710639
 -1.02172709 -1.00063169 -0.9766227  -0.94455254 -0.90569204 -0.8593896
 -0.80579132 -0.75164163 -0.69826204 -0.65116668 -0.60929817 -0.5712887
 -0.53770995 -0.50779456 -0.48027146 -0.45105535 -0.41420695 -0.36284333
 -0.29683271 -0.21760504 -0.1272537  -0.02941919  0.07022254  0.16651517
  0.25651482  0.33771545  0.41106099  0.47247216  0.52187198  0.567424
  0.61308646  0.66047806  0.71018386  0.76077849  0.80414402  0.84791744
  0.88182932  0.9030444   0.91076595  0.90093392  0.87993741  0.85087901
  0.81787747  0.79035527  0.76963753  0.74971557  0.7298755   0.71584034
  0.70044595  0.68236989  0.66515577  0.65110648  0.63670945  0.63414413
  0.63918751  0.6451695   0.64734143  0.64565665  0.63954794  0.62831652
  0.60451341  0.57245398  0.53476697  0.48953298  0.4424122   0.39915076
  0.3604452   0.32593894  0.29694742  0.27038965  0.24656749  0.23519088
  0.23586769  0.24971986  0.27665967  0.30697626  0.3402597   0.3804687
  0.43094659  0.48795211  0.54730594  0.59810609  0.6431753   0.68772924
  0.72536761  0.75981092  0.79154301  0.81365132  0.82145774  0.81127369
  0.78183085  0.74039418  0.69582856  0.64468569  0.58328748  0.51597172
  0.45673677  0.40481114  0.36024764  0.3228958   0.29125088  0.26706296
  0.25169274  0.24758175  0.257303    0.2806803   0.31830382  0.37284988
  0.43953925  0.51572067  0.5970614   0.66990578  0.7355684   0.80259275
  0.85880274  0.90013641  0.93514788  0.95899069  0.97328895  0.99015117
  1.0011034   0.99067295  0.96828449  0.93894529  0.90129197  0.85965252
  0.81585181  0.76705116  0.71647102  0.66862088  0.62758714  0.58459657
  0.52955896  0.46389988  0.38859138  0.29993418  0.19949798  0.09415527
 -0.01141641 -0.10675291 -0.18883897 -0.25431019 -0.30544657 -0.33790925
 -0.34490341 -0.32939619 -0.29877767 -0.26492244 -0.2336062  -0.20656513
 -0.18388058 -0.16425808 -0.15492427 -0.14511506 -0.12822016 -0.10280477
 -0.06778938 -0.01762693  0.04728291  0.12603028  0.21879241  0.31768358
  0.42678025  0.5390839   0.65654796  0.77329445  0.89371133  1.01934183
  1.14500308  1.27052629  1.37497377  1.46657991  1.54337382  1.59525061
  1.61987901  1.62441325  1.60807359  1.57978046  1.55212331  1.5301702
  1.5177834   1.51784289  1.54371822  1.58199513  1.60588002  1.59529877
  1.54241681  1.46911561  1.37899637  1.27746475  1.17101574  1.08164084
  1.02330625  1.01062322  1.05738854  1.12926483  1.19988453  1.23154449
  1.19983745  1.11293983  0.98597461  0.81614113  0.59177256  0.32912454
  0.06158597 -0.18639036 -0.40055197 -0.58832252 -0.75010365 -0.88360375
 -0.99013352 -1.07011414 -1.12842607 -1.16867673 -1.19482863 -1.21602178
 -1.23815823 -1.26526642 -1.30401695 -1.3531599  -1.41151392 -1.47688508
 -1.54309607 -1.60665107 -1.66305494 -1.71088839 -1.74792409 -1.77455962
 -1.79419529 -1.80832899 -1.81843007 -1.8260591  -1.83220267 -1.83710158
 -1.84147322 -1.84518981 -1.84847879 -1.85175502 -1.85466242 -1.8571775
 -1.85973489]
[-0.54141867 -0.52312434 -0.55392611 -0.62712282 -0.72175926 -0.80340737
 -0.85851461 -0.89637047 -0.91437703 -0.92559004 -0.93797278 -0.94310862
 -0.94631565 -0.95363486 -0.95829457 -0.96415138 -0.97042054 -0.96651983
 -0.95330215 -0.94968253 -0.96041059 -0.9754194  -0.99566144 -1.014575
 -1.01912963 -1.01344466 -1.00991011 -1.01992667 -1.04199147 -1.05845976
 -1.05969989 -1.04706311 -1.03661859 -1.02711558 -1.01051319 -0.98607123
 -0.95706224 -0.92063713 -0.87174052 -0.82509512 -0.7918787  -0.75615937
 -0.70968091 -0.65769404 -0.6106773  -0.58681732 -0.56868595 -0.53613323
 -0.49366999 -0.44038779 -0.37120414 -0.29296231 -0.20567669 -0.10953261
 -0.00590934  0.11212784  0.23552832  0.34975335  0.43854955  0.50012076
  0.54094791  0.57926404  0.63274384  0.70052403  0.75584918  0.80410767
  0.85667759  0.9186213   0.99291199  1.05435705  1.11779904  1.13536167
  1.12077975  1.13524485  1.09849346  1.00635684  0.89665085  0.81869584
  0.79625601  0.82067615  0.85891926  0.83073956  0.74704802  0.67828786
  0.63262641  0.59941149  0.607853    0.64028913  0.6548112   0.65357029
  0.64753264  0.61478645  0.56380188  0.51018411  0.47317451  0.45638925
  0.421738    0.38112181  0.3354497   0.28236523  0.24257992  0.23193668
  0.23262432  0.23503368  0.24740718  0.23259799  0.21232395  0.20821755
  0.22465439  0.27002853  0.32335153  0.37194684  0.41462293  0.4569875
  0.49503976  0.53429455  0.58078736  0.6268875   0.66063076  0.68327492
  0.69262475  0.70285523  0.71433568  0.69422299  0.64158386  0.5799579
  0.52772129  0.47935563  0.43810517  0.40558189  0.36060274  0.31327543
  0.27812538  0.24575096  0.22448601  0.22114721  0.2237023   0.23768257
  0.25497952  0.27875501  0.32122472  0.39427292  0.50546038  0.61709332
  0.71515763  0.81356281  0.90618503  0.94108295  0.93788248  1.00144291
  1.09551752  1.13688767  1.13275087  1.1094979   1.09772718  1.11351371
  1.11819291  1.07260633  1.0190562   0.96234483  0.87830549  0.79094565
  0.72071004  0.68575794  0.65430689  0.59212941  0.51820475  0.44518408
  0.33505002  0.20580123  0.08032157 -0.04128375 -0.16888447 -0.28112483
 -0.36634851 -0.41802496 -0.43660417 -0.44148657 -0.44054115 -0.43786785
 -0.41169849 -0.35183415 -0.29918727 -0.2523931  -0.21421881 -0.21239267
 -0.22885045 -0.23943479 -0.23980486 -0.18662195 -0.09621359 -0.01962443
  0.06710088  0.17125945  0.31741583  0.44708422  0.55632424  0.68775177
  0.83704239  0.99355561  1.12460756  1.2606777   1.40019834  1.51760983
  1.6262753   1.72709799  1.83486319  1.91264927  1.95257246  1.94757032
  1.83163095  1.69817591  1.61938918  1.57634807  1.55804658  1.56381512
  1.5598731   1.55745518  1.53962243  1.5189923   1.43170977  1.26869154
  1.06216085  0.8713547   0.74091315  0.65822083  0.65750426  0.72581297
  0.80753493  0.93440849  1.10063493  1.18220949  1.11908793  0.94111109
  0.71511853  0.48080778  0.26662228  0.05132284 -0.16860372 -0.37531659
 -0.55628824 -0.71170616 -0.85489202 -0.96996909 -1.05473137 -1.10324728
 -1.12493932 -1.1303314  -1.12979579 -1.12968647 -1.13993573 -1.17581511
 -1.24237978 -1.33229721 -1.43996286 -1.54453409 -1.63087714 -1.69692087
 -1.74228895 -1.77422369 -1.79592788 -1.81092215 -1.82159853 -1.82966077
 -1.83636439 -1.84202528 -1.84714484 -1.85148287 -1.85475683 -1.85799491
 -1.86123359 -1.86349857 -1.86620092 -1.86926258 -1.87141967 -1.87343049
 -1.87566173 -1.87796235 -1.88003981]
[-7.74916291e-01 -8.47795963e-01 -8.85709107e-01 -9.03990507e-01
 -9.09994304e-01 -8.96983564e-01 -8.76956105e-01 -8.75776649e-01
 -9.05481696e-01 -9.44350302e-01 -9.77638781e-01 -9.90507960e-01
 -9.90715981e-01 -9.96794879e-01 -1.00413239e+00 -1.01292992e+00
 -1.03013325e+00 -1.05385399e+00 -1.08110559e+00 -1.09572017e+00
 -1.09263539e+00 -1.07841539e+00 -1.06294525e+00 -1.06808293e+00
 -1.08152175e+00 -1.07463574e+00 -1.06249189e+00 -1.05787027e+00
 -1.05450881e+00 -1.04788053e+00 -1.03003490e+00 -1.00598836e+00
 -9.69954908e-01 -9.17110622e-01 -8.59417677e-01 -7.95447290e-01
 -7.13101208e-01 -6.14574850e-01 -5.13715088e-01 -4.49676126e-01
 -4.37134922e-01 -4.49228406e-01 -4.66005743e-01 -4.74463701e-01
 -4.76282716e-01 -4.69690174e-01 -4.33233261e-01 -3.74450892e-01
 -2.80230343e-01 -1.60893351e-01 -2.17979271e-02  1.22906156e-01
  2.50850886e-01  3.53346735e-01  4.00103569e-01  4.40554202e-01
  4.64154422e-01  4.93351072e-01  5.46855807e-01  5.76717198e-01
  6.03077829e-01  6.35482252e-01  6.95802212e-01  7.67461419e-01
  8.08245659e-01  8.24292541e-01  8.34666252e-01  8.39859188e-01
  7.80907214e-01  6.95680261e-01  6.30314231e-01  5.77171028e-01
  5.65020442e-01  5.81885338e-01  6.28535628e-01  6.95689976e-01
  7.27356076e-01  7.02777624e-01  6.62567437e-01  6.02600634e-01
  5.60667396e-01  5.60310364e-01  5.60303926e-01  6.01097405e-01
  6.89995944e-01  7.52123356e-01  7.63613999e-01  7.47307718e-01
  6.90592229e-01  6.60174787e-01  6.37164772e-01  5.96361995e-01
  5.66522598e-01  5.29012203e-01  4.68539059e-01  3.61904919e-01
  2.71582931e-01  2.38306299e-01  2.23000169e-01  2.21418992e-01
  2.29079500e-01  2.16663092e-01  1.97513148e-01  2.15122834e-01
  2.83006132e-01  3.98920178e-01  5.11980593e-01  5.74863315e-01
  6.11981392e-01  6.58508480e-01  7.17166841e-01  7.81765342e-01
  8.46697032e-01  8.79105926e-01  9.21783805e-01  9.59457278e-01
  9.77075756e-01  9.90859151e-01  1.00385714e+00  1.01698852e+00
  9.44186389e-01  8.12783062e-01  6.81062520e-01  5.91091335e-01
  5.26450217e-01  4.44108814e-01  3.79347742e-01  3.34320724e-01
  3.07997227e-01  2.86076993e-01  2.57975250e-01  2.29583547e-01
  2.06821680e-01  1.85534239e-01  1.92341834e-01  2.56974012e-01
  3.35366189e-01  4.22900409e-01  5.40746093e-01  6.70754194e-01
  7.64643848e-01  8.20668340e-01  8.67242873e-01  8.27048779e-01
  7.88064063e-01  8.59105408e-01  8.96703601e-01  8.95342886e-01
  9.13114667e-01  9.25308585e-01  9.20409143e-01  8.80670011e-01
  8.25234652e-01  7.41032720e-01  6.47670388e-01  5.87122023e-01
  5.48162818e-01  5.40177763e-01  5.59726596e-01  5.36651075e-01
  5.15643239e-01  5.08524716e-01  4.65874523e-01  3.68157297e-01
  2.79529482e-01  1.59623101e-01  2.88875122e-02 -1.01389542e-01
 -2.18101442e-01 -2.98700750e-01 -3.34929883e-01 -3.23232055e-01
 -3.07430029e-01 -3.07286173e-01 -3.05579066e-01 -2.98290759e-01
 -1.84492096e-01 -5.96646480e-02  7.42338505e-03  2.33211070e-02
  1.34826452e-03 -5.50425462e-02 -1.30503759e-01 -1.79067269e-01
 -1.81936383e-01 -9.28332061e-02  1.60795487e-02  1.39217079e-01
  2.42709085e-01  3.11466128e-01  3.54974777e-01  3.90216023e-01
  4.81846213e-01  5.79013765e-01  7.57025123e-01  9.23340499e-01
  1.04230273e+00  1.14641738e+00  1.27104092e+00  1.39423919e+00
  1.48229897e+00  1.55944729e+00  1.56034577e+00  1.54262125e+00
  1.50499678e+00  1.37911773e+00  1.29961169e+00  1.25186229e+00
  1.20335174e+00  1.25370300e+00  1.43391907e+00  1.50756979e+00
  1.60862541e+00  1.73688114e+00  1.96624172e+00  2.05601931e+00
  1.87055790e+00  1.58324063e+00  1.31349933e+00  1.13018942e+00
  1.00465906e+00  9.62305188e-01  1.08317673e+00  1.24131513e+00
  1.38772643e+00  1.56976438e+00  1.80701363e+00  1.93953681e+00
  1.76585066e+00  1.35536885e+00  8.07022393e-01  3.70399565e-01
  4.94330414e-02 -2.49333352e-01 -4.87402469e-01 -7.01981843e-01
 -8.63590002e-01 -1.01465905e+00 -1.12689912e+00 -1.21379435e+00
 -1.26531625e+00 -1.29328620e+00 -1.30029631e+00 -1.29738605e+00
 -1.28788400e+00 -1.28103518e+00 -1.29327726e+00 -1.32583570e+00
 -1.38201153e+00 -1.45473814e+00 -1.53925002e+00 -1.60948861e+00
 -1.66785514e+00 -1.70928812e+00 -1.73717153e+00 -1.75714505e+00
 -1.77039659e+00 -1.78005040e+00 -1.78767931e+00 -1.79402065e+00
 -1.79894590e+00 -1.80384934e+00 -1.80837202e+00 -1.81176424e+00
 -1.81422722e+00 -1.81635535e+00 -1.81854165e+00 -1.82098925e+00
 -1.82399273e+00 -1.82703078e+00 -1.82943511e+00 -1.83185732e+00
 -1.83471787e+00 -1.83766294e+00 -1.84055400e+00 -1.84361744e+00
 -1.84628415e+00 -1.84838080e+00 -1.85006571e+00]
[-0.54490954 -0.61530632 -0.70606208 -0.78926158 -0.84573555 -0.88335967
 -0.90178442 -0.91101468 -0.92180598 -0.92616642 -0.93052411 -0.94112211
 -0.95123273 -0.96021181 -0.96755153 -0.9652791  -0.95232445 -0.94763732
 -0.95899194 -0.97705126 -0.99800128 -1.0152179  -1.02321935 -1.01623738
 -1.01195252 -1.01928711 -1.03902626 -1.05675662 -1.05804133 -1.04810405
 -1.03719234 -1.02822948 -1.01044667 -0.98675251 -0.95699579 -0.91880941
 -0.86955738 -0.81943816 -0.78202826 -0.74528295 -0.6967572  -0.64346761
 -0.59831703 -0.57270402 -0.55764627 -0.5307036  -0.48828983 -0.44083726
 -0.37597317 -0.29753017 -0.21653537 -0.12381165 -0.0172272   0.09395933
  0.20838289  0.31767461  0.40398124  0.46907192  0.51099992  0.54938167
  0.60458833  0.66205806  0.7124961   0.76821131  0.82198238  0.87086689
  0.9446497   1.01218069  1.07016778  1.09629858  1.07815468  1.08568799
  1.05743885  0.97218835  0.8693679   0.79561031  0.77942306  0.80117452
  0.83559746  0.81840259  0.73628891  0.66740596  0.62450099  0.59659064
  0.60902131  0.63663989  0.6520322   0.66163456  0.66116911  0.63658708
  0.59225637  0.53876668  0.49759066  0.48135152  0.45139334  0.40499374
  0.35960364  0.30465621  0.26118329  0.24578026  0.24431965  0.24552278
  0.25594774  0.24226592  0.21789689  0.21750878  0.23771791  0.28414094
  0.33785793  0.38352552  0.42416152  0.46826801  0.50822711  0.55351502
  0.60486966  0.64747393  0.68161631  0.70573878  0.71984047  0.72753555
  0.74089289  0.72835076  0.67404741  0.60745239  0.5487954   0.49565727
  0.44816029  0.41374424  0.37104911  0.32361329  0.2906394   0.25621024
  0.23078421  0.22758244  0.23322217  0.24573399  0.25971159  0.28111127
  0.32232222  0.39690015  0.5054062   0.6107167   0.70336348  0.79348832
  0.88861787  0.92878932  0.91871375  0.98428142  1.07778788  1.11376846
  1.11140251  1.09164512  1.08630073  1.10373342  1.10326457  1.05973458
  1.00249863  0.94886833  0.87944341  0.800888    0.73468047  0.69496757
  0.66431814  0.61026645  0.53730077  0.46356067  0.36192372  0.22948
  0.09806458 -0.02354713 -0.15174055 -0.26308417 -0.34907225 -0.40243641
 -0.4203673  -0.42475009 -0.42397526 -0.42447573 -0.39126083 -0.32269719
 -0.27224672 -0.22831847 -0.18766254 -0.18418767 -0.20966734 -0.22946815
 -0.2305816  -0.175644   -0.08195345 -0.00255815  0.07797261  0.17310579
  0.30559221  0.43284386  0.54754144  0.67293435  0.81391293  0.9691534
  1.09220219  1.22113144  1.35958886  1.46543992  1.56286705  1.66533077
  1.76899505  1.84731686  1.88166773  1.87801075  1.79099607  1.67656958
  1.60463655  1.57397616  1.57723045  1.56491137  1.55064833  1.56106567
  1.56833506  1.55990851  1.47009051  1.3122046   1.09616792  0.89430028
  0.77126235  0.69538462  0.70070422  0.77048129  0.85212612  0.97740978
  1.14180207  1.24556339  1.18119168  0.99451536  0.74846196  0.50744396
  0.29483899  0.07521202 -0.14711241 -0.36012566 -0.54937512 -0.71044344
 -0.85517573 -0.97211879 -1.05903518 -1.10955966 -1.1323204  -1.13991594
 -1.14036155 -1.14014244 -1.1515038  -1.18801093 -1.25500941 -1.34437335
 -1.4523201  -1.55679154 -1.64393187 -1.70994627 -1.75668585 -1.78641224
 -1.8092016  -1.82436764 -1.83537936 -1.84370041 -1.85065651 -1.85678756
 -1.86224711 -1.86648428 -1.86995959 -1.87316966 -1.87620127 -1.87876594
 -1.88170934 -1.88487625 -1.88725102 -1.88921571 -1.89136446 -1.89376605
 -1.89608991 -1.89816475 -1.89989746]
[-8.68813872e-01 -8.97643566e-01 -9.10108268e-01 -9.04888332e-01
 -8.85592937e-01 -8.74486148e-01 -8.88082385e-01 -9.22490478e-01
 -9.60988939e-01 -9.84524786e-01 -9.90561962e-01 -9.93987203e-01
 -1.00228608e+00 -1.01058674e+00 -1.02145851e+00 -1.04244339e+00
 -1.06971538e+00 -1.09180784e+00 -1.09960687e+00 -1.08974886e+00
 -1.07349908e+00 -1.06792247e+00 -1.07553089e+00 -1.08080220e+00
 -1.07087100e+00 -1.06075513e+00 -1.05978286e+00 -1.05613661e+00
 -1.04449940e+00 -1.02562201e+00 -9.94991004e-01 -9.50102150e-01
 -8.94722044e-01 -8.35996926e-01 -7.62405217e-01 -6.68549001e-01
 -5.62246740e-01 -4.76232082e-01 -4.39837277e-01 -4.41907972e-01
 -4.57161546e-01 -4.71315116e-01 -4.80717659e-01 -4.80851918e-01
 -4.61943001e-01 -4.15158212e-01 -3.39203984e-01 -2.30545282e-01
 -1.00857154e-01  4.50429395e-02  1.91682234e-01  3.06980342e-01
  3.78095359e-01  4.19909894e-01  4.54957902e-01  4.84242827e-01
  5.25741041e-01  5.71298361e-01  5.97460032e-01  6.18664086e-01
  6.71411633e-01  7.44643092e-01  7.85781384e-01  8.14683020e-01
  8.34830463e-01  8.31566572e-01  8.02073598e-01  7.26869226e-01
  6.46789074e-01  5.86089790e-01  5.60514450e-01  5.67090869e-01
  6.00787103e-01  6.63788319e-01  7.11435616e-01  7.12329805e-01
  6.85418010e-01  6.31766677e-01  5.82406700e-01  5.60263574e-01
  5.56113362e-01  5.83045006e-01  6.46522641e-01  7.19729424e-01
  7.64620841e-01  7.65143871e-01  7.22159803e-01  6.80430651e-01
  6.55799031e-01  6.18492126e-01  5.84496558e-01  5.57677031e-01
  5.01485884e-01  4.18283790e-01  3.22559834e-01  2.50139982e-01
  2.20129207e-01  2.13073984e-01  2.15545252e-01  2.22309589e-01
  2.06813172e-01  1.98027238e-01  2.43864834e-01  3.35511684e-01
  4.56876099e-01  5.52696586e-01  6.01304471e-01  6.41044080e-01
  6.98387206e-01  7.57651269e-01  8.17037046e-01  8.74325216e-01
  9.22179401e-01  9.60361123e-01  9.85200226e-01  1.00279629e+00
  1.01177907e+00  1.03231847e+00  1.01105809e+00  9.04445767e-01
  7.58812845e-01  6.42458558e-01  5.69854200e-01  4.87495393e-01
  4.09368962e-01  3.61259162e-01  3.20707917e-01  2.91700184e-01
  2.68205106e-01  2.38566726e-01  2.08435416e-01  1.83199361e-01
  1.80343032e-01  2.14756787e-01  2.83429265e-01  3.68176401e-01
  4.73811507e-01  6.11209393e-01  7.29740560e-01  8.03163588e-01
  8.48513901e-01  8.49825621e-01  8.10810745e-01  8.15865099e-01
  8.71662199e-01  8.89252305e-01  8.85419726e-01  9.02790606e-01
  9.12391782e-01  8.83453012e-01  8.31559002e-01  7.65690446e-01
  6.77154243e-01  5.91057003e-01  5.38766205e-01  5.23674607e-01
  5.31396568e-01  5.29897869e-01  5.04970074e-01  4.92901444e-01
  4.81790185e-01  4.09171432e-01  3.17639112e-01  2.13557959e-01
  8.82154703e-02 -4.18118425e-02 -1.67502403e-01 -2.65028626e-01
 -3.24661613e-01 -3.39791149e-01 -3.25946182e-01 -3.13633591e-01
 -3.13584715e-01 -3.14263731e-01 -2.52445072e-01 -1.27605706e-01
 -2.77419612e-02  9.60277766e-03  1.71992637e-03 -3.30762938e-02
 -9.31244269e-02 -1.63973019e-01 -1.99808925e-01 -1.53918251e-01
 -5.43564186e-02  6.57462180e-02  1.83049142e-01  2.76551783e-01
  3.26573640e-01  3.58308613e-01  4.18289125e-01  5.13624549e-01
  6.59739912e-01  8.37804139e-01  9.90059197e-01  1.10850072e+00
  1.22251642e+00  1.34639192e+00  1.45317578e+00  1.53301871e+00
  1.57513523e+00  1.56055963e+00  1.51422930e+00  1.42506588e+00
  1.32359874e+00  1.26949167e+00  1.22941184e+00  1.21023941e+00
  1.30852056e+00  1.45797658e+00  1.57322502e+00  1.68285978e+00
  1.87615490e+00  2.03834534e+00  2.01077890e+00  1.77708805e+00
  1.47577274e+00  1.23895252e+00  1.07275200e+00  9.87380445e-01
  1.02191389e+00  1.17047393e+00  1.33402610e+00  1.48328900e+00
  1.70470846e+00  1.89666486e+00  1.89660656e+00  1.61445546e+00
  1.10198081e+00  5.87302804e-01  2.01817691e-01 -1.12325355e-01
 -3.80160898e-01 -6.08540654e-01 -7.94600070e-01 -9.52534497e-01
 -1.08479357e+00 -1.18406451e+00 -1.25296521e+00 -1.29435456e+00
 -1.31448305e+00 -1.31635869e+00 -1.31059611e+00 -1.30215168e+00
 -1.30069768e+00 -1.31830382e+00 -1.35800028e+00 -1.41463614e+00
 -1.48722315e+00 -1.56079543e+00 -1.62254095e+00 -1.67268074e+00
 -1.70717430e+00 -1.73119760e+00 -1.74755633e+00 -1.75912809e+00
 -1.76816523e+00 -1.77489531e+00 -1.78011703e+00 -1.78466678e+00
 -1.78898203e+00 -1.79310048e+00 -1.79611444e+00 -1.79846430e+00
 -1.80063283e+00 -1.80280709e+00 -1.80555594e+00 -1.80857980e+00
 -1.81128013e+00 -1.81387424e+00 -1.81670821e+00 -1.81968474e+00
 -1.82258701e+00 -1.82560003e+00 -1.82833064e+00 -1.83056998e+00
 -1.83252335e+00 -1.83413637e+00 -1.83557701e+00]
[-5.19810081e-01 -4.79428977e-01 -4.86045599e-01 -5.54610074e-01
 -6.38850749e-01 -7.30719805e-01 -8.07796359e-01 -8.46482635e-01
 -8.67252886e-01 -8.74911547e-01 -8.69463205e-01 -8.58782947e-01
 -8.60813439e-01 -8.88880432e-01 -9.25471008e-01 -9.54679847e-01
 -9.67920601e-01 -9.65531886e-01 -9.66893315e-01 -9.72176313e-01
 -9.82046604e-01 -1.00166881e+00 -1.02552032e+00 -1.05024517e+00
 -1.06599879e+00 -1.06485224e+00 -1.05147922e+00 -1.03891993e+00
 -1.04678822e+00 -1.06401646e+00 -1.06386876e+00 -1.05041444e+00
 -1.04448092e+00 -1.04178870e+00 -1.03084791e+00 -1.00992751e+00
 -9.82674241e-01 -9.44960356e-01 -8.92773926e-01 -8.34821582e-01
 -7.71928132e-01 -7.01966822e-01 -6.17590725e-01 -5.26474953e-01
 -4.66303140e-01 -4.48575646e-01 -4.55137670e-01 -4.70429063e-01
 -4.72649306e-01 -4.64383334e-01 -4.51426715e-01 -4.09833074e-01
 -3.49970996e-01 -2.61182070e-01 -1.47082716e-01 -2.47096140e-02
  1.04787163e-01  2.16882333e-01  3.05987209e-01  3.65406662e-01
  4.13772196e-01  4.37633127e-01  4.61505562e-01  5.09646475e-01
  5.31874299e-01  5.74613512e-01  6.25227153e-01  6.73534572e-01
  7.44379520e-01  7.89437056e-01  8.05013657e-01  8.28964949e-01
  8.48623395e-01  8.09215844e-01  7.59104311e-01  7.11102128e-01
  6.49259388e-01  6.24414980e-01  6.25401199e-01  6.41522944e-01
  6.90938354e-01  7.40779400e-01  7.22766936e-01  6.65932655e-01
  6.02436006e-01  5.70865929e-01  5.72665393e-01  5.64300537e-01
  5.91682434e-01  6.54177487e-01  7.06757247e-01  7.36039102e-01
  7.32174039e-01  6.76058710e-01  6.29325092e-01  6.07318580e-01
  5.85572243e-01  5.53385317e-01  5.08528173e-01  4.54149842e-01
  3.71598482e-01  2.89309800e-01  2.60800987e-01  2.58635759e-01
  2.55788207e-01  2.57966340e-01  2.43080795e-01  2.22930178e-01
  2.32823849e-01  2.87492096e-01  3.87553036e-01  4.93010342e-01
  5.45254767e-01  5.68478227e-01  6.08687401e-01  6.68154716e-01
  7.23709166e-01  7.74615645e-01  8.16302180e-01  8.59693646e-01
  8.92201781e-01  9.03552234e-01  9.21333849e-01  9.39864099e-01
  9.39022124e-01  8.80110443e-01  7.72702217e-01  6.54765129e-01
  5.71003497e-01  5.15175045e-01  4.48623419e-01  3.89848113e-01
  3.44277889e-01  3.16218793e-01  2.99072772e-01  2.77333140e-01
  2.59221762e-01  2.42779881e-01  2.24089727e-01  2.26238132e-01
  2.71565676e-01  3.41162026e-01  4.21225309e-01  5.25409460e-01
  6.49056196e-01  7.39533722e-01  7.90207088e-01  8.30516696e-01
  8.02574337e-01  7.78789997e-01  8.71736586e-01  9.26216781e-01
  9.19076562e-01  9.25105751e-01  9.42220807e-01  9.61101770e-01
  9.35856700e-01  8.95454764e-01  8.21406007e-01  7.29875922e-01
  6.77932143e-01  6.44155085e-01  6.21298909e-01  6.14287138e-01
  5.93402445e-01  5.75121105e-01  5.64972520e-01  5.27733803e-01
  4.44391251e-01  3.42363656e-01  2.07140222e-01  8.29456300e-02
 -4.49773818e-02 -1.59896985e-01 -2.41360396e-01 -2.91688263e-01
 -2.92365819e-01 -2.79337853e-01 -2.78055608e-01 -2.81135440e-01
 -2.76796013e-01 -1.79356962e-01 -7.30751157e-02 -1.33602722e-02
  8.12453125e-03  9.59189609e-04 -4.55088206e-02 -1.15947001e-01
 -1.54851720e-01 -1.40473187e-01 -5.68331629e-02  4.00397032e-02
  1.47997707e-01  2.38085225e-01  3.05903286e-01  3.54403526e-01
  4.04167116e-01  4.98546779e-01  5.81966698e-01  7.27340341e-01
  8.69192004e-01  9.87969577e-01  1.08883846e+00  1.18907392e+00
  1.30923116e+00  1.40164590e+00  1.47564602e+00  1.51200557e+00
  1.49743783e+00  1.46787620e+00  1.41953707e+00  1.38083386e+00
  1.32227588e+00  1.26748312e+00  1.30811357e+00  1.43121135e+00
  1.49165535e+00  1.58351552e+00  1.69546819e+00  1.87219417e+00
  1.94445813e+00  1.81379211e+00  1.55596685e+00  1.28457797e+00
  1.12625468e+00  1.01144516e+00  9.53901052e-01  1.06285119e+00
  1.20491147e+00  1.29754627e+00  1.43877316e+00  1.68545043e+00
  1.81783068e+00  1.68506169e+00  1.32822025e+00  8.53510559e-01
  4.80338812e-01  1.88650280e-01 -9.86048579e-02 -3.45940590e-01
 -5.77833235e-01 -7.54898667e-01 -9.18649912e-01 -1.04439294e+00
 -1.14301014e+00 -1.20449185e+00 -1.23993480e+00 -1.24906647e+00
 -1.24736285e+00 -1.23926055e+00 -1.23347545e+00 -1.24957013e+00
 -1.29074478e+00 -1.36038220e+00 -1.44949579e+00 -1.54969978e+00
 -1.63698137e+00 -1.70938003e+00 -1.75961888e+00 -1.79299736e+00
 -1.81763291e+00 -1.83407676e+00 -1.84682882e+00 -1.85539567e+00
 -1.86264396e+00 -1.86890733e+00 -1.87469184e+00 -1.87955487e+00
 -1.88361466e+00 -1.88700294e+00 -1.88993120e+00 -1.89245725e+00
 -1.89518404e+00 -1.89857149e+00 -1.90186381e+00 -1.90456557e+00
 -1.90726137e+00 -1.91009140e+00 -1.91312003e+00]
[-0.87711078 -0.91226673 -0.92724091 -0.94174016 -0.95509446 -0.9601258
 -0.96430969 -0.96980721 -0.97091895 -0.97639233 -0.98277748 -0.97557002
 -0.95878404 -0.95139611 -0.95812577 -0.9675954  -0.98062527 -0.99515557
 -0.99838907 -0.99053776 -0.98332566 -0.98694843 -1.00234354 -1.01907957
 -1.02965629 -1.02767372 -1.01806581 -1.01009536 -0.9993549  -0.97956908
 -0.95648319 -0.92857254 -0.89056373 -0.84813195 -0.81873333 -0.79674023
 -0.76344448 -0.71115947 -0.65107375 -0.60662854 -0.57691371 -0.54483783
 -0.49383765 -0.43791169 -0.38409483 -0.31632918 -0.23504293 -0.14178655
 -0.03268142  0.08942783  0.22513439  0.3604404   0.48009357  0.56691909
  0.6137045   0.6472823   0.69194716  0.75705236  0.83772761  0.92173702
  0.96165353  0.98821819  1.07199907  1.16015589  1.20995378  1.22539437
  1.20514119  1.19607258  1.17632961  1.09759748  0.98724455  0.89752662
  0.85250348  0.85907155  0.89115012  0.87621051  0.8020069   0.72173685
  0.64915729  0.59719133  0.58434898  0.58385736  0.58462179  0.58176243
  0.5874458   0.57089967  0.51374257  0.43462932  0.38490495  0.37250024
  0.34549269  0.29751101  0.25116166  0.20702972  0.17924356  0.17698613
  0.18111047  0.19419602  0.21108995  0.20011355  0.18746728  0.18590117
  0.18778138  0.20632887  0.23880698  0.28762117  0.34138608  0.39329287
  0.43108669  0.47236317  0.51647329  0.55504018  0.5887875   0.60975981
  0.61773443  0.62869096  0.65133351  0.63097012  0.57466298  0.51722127
  0.47860345  0.43611524  0.39217252  0.37626427  0.34336609  0.28579241
  0.24404816  0.21168658  0.18885988  0.19131289  0.20041211  0.21008994
  0.22920874  0.25526255  0.29286292  0.36149058  0.4661817   0.58109945
  0.70264065  0.83055371  0.94063115  0.99971598  1.00560629  1.04523623
  1.12967324  1.21272063  1.23592234  1.18550622  1.14285553  1.15200281
  1.162323    1.13815212  1.08937764  1.01525283  0.91708016  0.82644576
  0.74853039  0.6893757   0.64754546  0.58107078  0.50213546  0.43577415
  0.34254962  0.21107474  0.07405748 -0.05415622 -0.17506078 -0.2859298
 -0.37929565 -0.45085868 -0.48857668 -0.49837375 -0.49380428 -0.49418381
 -0.4870137  -0.45458645 -0.40851745 -0.36156255 -0.31478241 -0.29386735
 -0.29746515 -0.29965222 -0.29510236 -0.26131538 -0.19324316 -0.11193052
 -0.02676761  0.07726396  0.23157202  0.3860473   0.53705108  0.6748293
  0.84052902  1.01244605  1.16680133  1.32048988  1.4828167   1.65196598
  1.81828177  1.9477824   2.05386186  2.14338326  2.19893813  2.22163749
  2.15233207  1.99357617  1.83647037  1.73321724  1.65865767  1.60154331
  1.59196484  1.59435248  1.54376805  1.48990309  1.36830461  1.19321322
  0.99212128  0.77737743  0.62070894  0.51724285  0.48982394  0.53701228
  0.6367296   0.75089991  0.84883511  0.9407922   0.93313664  0.81775886
  0.64469105  0.43536809  0.22877273  0.03283272 -0.1624836  -0.36155346
 -0.54211795 -0.70070505 -0.83912939 -0.95882726 -1.05144119 -1.11641502
 -1.15710807 -1.18464601 -1.20146561 -1.21109629 -1.22484839 -1.25302374
 -1.29980862 -1.36284256 -1.43682003 -1.51089466 -1.57425988 -1.62479794
 -1.66124535 -1.68695986 -1.70413733 -1.71698749 -1.72606957 -1.73269641
 -1.73820567 -1.74314833 -1.74764931 -1.75150585 -1.75441742 -1.75664353
 -1.75890148 -1.76110446 -1.76311743 -1.76528728 -1.76703513 -1.76832271
 -1.76983821 -1.77170908 -1.77357209 -1.77505815 -1.77637315 -1.7779671
 -1.77931762 -1.78049934 -1.78162086]
[-0.70477706 -0.79350859 -0.85252345 -0.89182836 -0.9125616  -0.92370814
 -0.93670428 -0.94424319 -0.94699895 -0.95388931 -0.95886117 -0.96478385
 -0.97094846 -0.96966779 -0.95681381 -0.94963878 -0.95843053 -0.97163588
 -0.99110204 -1.01173973 -1.02073705 -1.01580691 -1.00949693 -1.01728737
 -1.03767478 -1.05485487 -1.05891633 -1.04986429 -1.03901327 -1.02809381
 -1.01373994 -0.99167675 -0.96269852 -0.9272061  -0.88468546 -0.83357656
 -0.79580617 -0.76502407 -0.72060663 -0.67074764 -0.62706614 -0.59617347
 -0.5750491  -0.54787493 -0.50251669 -0.45364001 -0.38591367 -0.30188739
 -0.22128977 -0.13067926 -0.02085562  0.09553463  0.2091738   0.32487041
  0.42659557  0.49835104  0.53868842  0.57371843  0.62908679  0.68689179
  0.74548942  0.80186504  0.85673505  0.90769255  0.98092824  1.05681884
  1.11423564  1.14700949  1.13384151  1.14756715  1.12963736  1.03748035
  0.92685163  0.84600836  0.8081429   0.82183969  0.85651344  0.84548813
  0.77598846  0.69571561  0.64816362  0.61180097  0.60972899  0.63914752
  0.65744847  0.65869528  0.64525366  0.61888951  0.57709837  0.52091295
  0.47106728  0.45434463  0.43253848  0.38967869  0.34568354  0.28770682
  0.24086834  0.22732733  0.22633351  0.23214631  0.24942178  0.23801611
  0.21326351  0.20883174  0.22298536  0.2595858   0.31357148  0.36095232
  0.39794666  0.44180629  0.4804759   0.52392793  0.5715512   0.6105836
  0.64767289  0.6764847   0.68209946  0.69157785  0.71214104  0.69935548
  0.64837903  0.58218229  0.52749038  0.48223403  0.43966839  0.4085868
  0.371198    0.31786606  0.28139079  0.24980123  0.22140431  0.2190835
  0.22014053  0.23026958  0.25082958  0.27131879  0.31017178  0.38089502
  0.48399743  0.59045553  0.69119298  0.79104877  0.89226836  0.94203424
  0.93379307  0.98932081  1.07499397  1.12745583  1.14494693  1.12260699
  1.10477579  1.115031    1.12079036  1.08484471  1.03347111  0.97932923
  0.9038474   0.8154996   0.73673034  0.6956898   0.66932839  0.6098305
  0.53236061  0.46136713  0.36058813  0.23282419  0.1014827  -0.01984543
 -0.14615758 -0.26123837 -0.34957007 -0.40842372 -0.43645722 -0.44759151
 -0.44460341 -0.440896   -0.41907945 -0.36361757 -0.31548637 -0.27062026
 -0.22426549 -0.21389171 -0.23027067 -0.24439244 -0.24680339 -0.20214936
 -0.11277507 -0.03460604  0.04305911  0.14566571  0.28307334  0.41116115
  0.53231001  0.65708822  0.80786175  0.97226334  1.10298395  1.22824323
  1.36959577  1.49759054  1.6025399   1.71377265  1.82480872  1.90219295
  1.94785869  1.9564985   1.86889184  1.72903442  1.64938259  1.6081239
  1.58341098  1.56800544  1.56903148  1.55809629  1.5486095   1.546965
  1.4412266   1.29253876  1.09541368  0.89325219  0.76133209  0.65992463
  0.63782263  0.6981914   0.77965957  0.90197599  1.05870485  1.16702378
  1.11539233  0.95145291  0.73456001  0.51109982  0.30383301  0.08553073
 -0.12972476 -0.33748153 -0.5204587  -0.68020475 -0.8250708  -0.94574046
 -1.03710699 -1.09244883 -1.11765277 -1.12629902 -1.12785888 -1.12746823
 -1.13382161 -1.16518378 -1.2276628  -1.31352508 -1.41987514 -1.52623725
 -1.61512625 -1.68513119 -1.73420775 -1.76707888 -1.79068446 -1.80639839
 -1.81738234 -1.82588995 -1.83280253 -1.83875906 -1.84406722 -1.84851086
 -1.85189104 -1.85539031 -1.85874522 -1.86117375 -1.86402082 -1.86712754
 -1.86931908 -1.87130439 -1.87330329 -1.875247   -1.87739336 -1.8793267
 -1.88086069 -1.88275349 -1.88445628]
[-0.56482446 -0.63880599 -0.72563756 -0.8072387  -0.86536628 -0.89359123
 -0.90640938 -0.90330708 -0.88596219 -0.87481683 -0.88806421 -0.92163992
 -0.95925599 -0.9834398  -0.9903971  -0.99262196 -1.00051856 -1.00933754
 -1.02072954 -1.04040289 -1.0676868  -1.08827186 -1.09575689 -1.08611655
 -1.07031512 -1.0651778  -1.0728389  -1.07926607 -1.06919503 -1.06022477
 -1.05838621 -1.05305707 -1.0421164  -1.02154934 -0.99273026 -0.94840944
 -0.89320403 -0.83375847 -0.76179564 -0.67038774 -0.56685674 -0.48163474
 -0.44238663 -0.44192961 -0.45661789 -0.4691292  -0.47530067 -0.47419065
 -0.45435807 -0.40820822 -0.33509687 -0.22657195 -0.09758994  0.04280555
  0.18606517  0.30295202  0.37566608  0.4180018   0.4565497   0.48675814
  0.52596968  0.56743604  0.59327352  0.61826056  0.66942072  0.7409597
  0.78703171  0.81881481  0.8394047   0.83574259  0.80651915  0.73809695
  0.66298944  0.60053498  0.57054764  0.57251853  0.60444784  0.66427767
  0.71271992  0.71691573  0.68941975  0.6356343   0.58312422  0.56237519
  0.55872315  0.58085275  0.64234376  0.71580875  0.76196867  0.76249164
  0.71985835  0.67571408  0.65050101  0.61636442  0.58324528  0.55364251
  0.49906504  0.41865864  0.32310647  0.25173098  0.2238033   0.21713722
  0.21855454  0.2235548   0.20909508  0.20207261  0.24400416  0.3317956
  0.44883308  0.54135221  0.59037441  0.63018614  0.68632644  0.74594212
  0.80754304  0.86360759  0.90855348  0.94914979  0.97272432  0.98697126
  0.99959254  1.01754582  0.99629402  0.89445263  0.7545982   0.64145094
  0.56641662  0.48660642  0.41102105  0.36167923  0.3217051   0.2928448
  0.26918378  0.24067569  0.21392877  0.19096377  0.18579951  0.21787511
  0.28537753  0.36998785  0.47315559  0.60419458  0.72025317  0.79733264
  0.84915537  0.85384774  0.81375718  0.82077241  0.87947112  0.89998937
  0.89826649  0.91468823  0.92548138  0.90051389  0.85133028  0.78479135
  0.696495    0.61400956  0.56190091  0.54420155  0.54921883  0.54358506
  0.51859885  0.50465381  0.48879442  0.41883227  0.32839304  0.22091272
  0.09434297 -0.03392676 -0.15887667 -0.25889218 -0.32187065 -0.33860371
 -0.32623243 -0.31469539 -0.31417727 -0.31468803 -0.25457957 -0.13452257
 -0.03599325  0.00721068  0.00293218 -0.03208808 -0.09392788 -0.16319008
 -0.19601972 -0.15166259 -0.05323272  0.06513875  0.17955701  0.27463797
  0.32930842  0.36376765  0.42655316  0.52139354  0.66279966  0.83780706
  0.98780644  1.10472095  1.2186383   1.3413192   1.44434619  1.52477777
  1.57446349  1.56616676  1.5266577   1.44497848  1.34128058  1.28376424
  1.24259448  1.22747135  1.32738638  1.45990324  1.5616771   1.66970181
  1.84935558  2.00919867  1.98174381  1.75287139  1.46088243  1.22711217
  1.06207359  0.97637224  1.01115203  1.15500844  1.31368339  1.46156681
  1.67867732  1.86773217  1.86287892  1.5864805   1.09631467  0.59544706
  0.21469298 -0.09679583 -0.3653267  -0.59284168 -0.77863401 -0.93804848
 -1.07203722 -1.17352772 -1.24380577 -1.28656387 -1.30675423 -1.30970788
 -1.30522668 -1.29745114 -1.29689753 -1.3158139  -1.35623968 -1.41570365
 -1.48988068 -1.56474185 -1.62805593 -1.67860293 -1.71430874 -1.73717892
 -1.75425732 -1.76566553 -1.77443492 -1.78126228 -1.78645456 -1.79123986
 -1.79592657 -1.79989743 -1.80287194 -1.80518496 -1.80732524 -1.80958474
 -1.81235266 -1.8154161  -1.81817245 -1.82060182 -1.82328486 -1.82611203
 -1.82895362 -1.83193314 -1.83467054]
[-0.54358959 -0.5461337  -0.59938276 -0.674909   -0.76242858 -0.83670557
 -0.88126582 -0.9039914  -0.91256976 -0.90222389 -0.88280082 -0.87759817
 -0.90242624 -0.93875694 -0.97399086 -0.99149489 -0.99464434 -1.00006485
 -1.00741279 -1.01684439 -1.03112769 -1.05354011 -1.07884455 -1.09540713
 -1.09585035 -1.08303738 -1.06682634 -1.06814015 -1.08068705 -1.07806957
 -1.06795442 -1.06154251 -1.05846965 -1.0515455  -1.03606915 -1.01395762
 -0.9811334  -0.93109953 -0.87370694 -0.81233925 -0.73440093 -0.63821292
 -0.53772199 -0.46627727 -0.44504708 -0.45027485 -0.46493164 -0.47325113
 -0.47559148 -0.47417581 -0.44637242 -0.39034665 -0.30253911 -0.18819237
 -0.05448873  0.0839556   0.21906607  0.32799372  0.38335019  0.42667842
  0.45816043  0.49246812  0.53939253  0.57356733  0.60613602  0.62755901
  0.67569077  0.74847692  0.78450233  0.81229687  0.83286881  0.8258689
  0.7748394   0.69303435  0.63118535  0.57380772  0.55398208  0.56715995
  0.60931903  0.67837268  0.71617758  0.69758379  0.65718853  0.60549742
  0.56444442  0.55565262  0.55340028  0.58997875  0.66954881  0.74537611
  0.77613443  0.75716698  0.69996858  0.66683924  0.64860553  0.61077714
  0.56948262  0.53207958  0.48073533  0.38291392  0.28845793  0.24122089
  0.21883565  0.21403673  0.21775153  0.21330577  0.19530259  0.20135926
  0.26319516  0.37153071  0.48303825  0.5554806   0.60059899  0.6454221
  0.70806539  0.77327257  0.8359198   0.88200653  0.92193049  0.9568339
  0.98070526  0.99516696  1.00892913  1.02365887  0.96698612  0.83893347
  0.70130444  0.60599929  0.53532881  0.45243314  0.38685325  0.34084761
  0.30810508  0.28332755  0.25607789  0.22859986  0.20488431  0.18358144
  0.18757856  0.24077053  0.31506479  0.40513471  0.52264959  0.65284055
  0.75083405  0.81429899  0.86314207  0.8412286   0.80489433  0.85759151
  0.90262491  0.89777488  0.90996456  0.93065512  0.93103594  0.891258
  0.83694398  0.75958359  0.66665101  0.59963906  0.56225961  0.55085504
  0.55937093  0.5393095   0.51811075  0.51391584  0.47750464  0.38530368
  0.28965774  0.17613472  0.04849994 -0.08226151 -0.20014548 -0.2894862
 -0.33815756 -0.33704114 -0.32098678 -0.31603104 -0.31645525 -0.310857
 -0.21540214 -0.09115417 -0.01278584  0.01346393  0.00209061 -0.04661982
 -0.1177568  -0.17196646 -0.18405569 -0.11392339 -0.00835238  0.11332713
  0.22142191  0.29499978  0.3475149   0.39064312  0.46939343  0.56833136
  0.73624724  0.90424675  1.0355252   1.14657021  1.26812136  1.39124906
  1.47862685  1.56183398  1.58617961  1.56575716  1.52993834  1.43121779
  1.34076202  1.27751589  1.22881043  1.2633481   1.40753114  1.50589061
  1.6148665   1.73889697  1.92491066  2.03936553  1.91859746  1.64255702
  1.36242616  1.16098273  1.01936901  0.97033274  1.058393    1.19955564
  1.34870839  1.52530789  1.75608289  1.90666699  1.79212189  1.42673516
  0.90043896  0.44127271  0.09812349 -0.20374998 -0.45387527 -0.67192155
 -0.84320498 -0.99485439 -1.11336279 -1.20342028 -1.26082981 -1.29364383
 -1.30565453 -1.30514717 -1.29933667 -1.29246843 -1.30086696 -1.32925785
 -1.37906325 -1.44592905 -1.5222528  -1.59149098 -1.64972878 -1.69135189
 -1.72057462 -1.74178386 -1.75591898 -1.76655507 -1.77414417 -1.77986825
 -1.78456724 -1.78929901 -1.79359484 -1.79734087 -1.80011499 -1.80227292
 -1.80424821 -1.80669153 -1.80952191 -1.81253672 -1.81491804 -1.81731451
 -1.82004642 -1.82282913 -1.82565391]
[-0.83225614 -0.86895108 -0.88888645 -0.89895093 -0.90904236 -0.91542196
 -0.92356879 -0.9367134  -0.94731724 -0.95552504 -0.96228999 -0.96155566
 -0.95179003 -0.9472509  -0.95904678 -0.97693866 -0.99709111 -1.01683104
 -1.02644122 -1.01974642 -1.01195991 -1.02069199 -1.04465258 -1.06168485
 -1.06243932 -1.05071664 -1.03957176 -1.03003871 -1.01230121 -0.98781461
 -0.95590413 -0.91506553 -0.86686265 -0.81234688 -0.76951915 -0.73102099
 -0.67990708 -0.62989712 -0.5892123  -0.56428409 -0.55154866 -0.52751881
 -0.48869696 -0.44709894 -0.38000429 -0.2954095  -0.21826001 -0.12373587
 -0.01722783  0.08372623  0.19179694  0.29316825  0.37895679  0.4475427
  0.48903248  0.52667642  0.57977301  0.6278742   0.67743319  0.72283465
  0.77510834  0.84051096  0.91107094  0.97645068  1.0300988   1.05815411
  1.05117643  1.06187654  1.04098129  0.95509315  0.8570143   0.79006374
  0.76802218  0.77875578  0.81322885  0.80914885  0.7382673   0.66253197
  0.61865133  0.60146892  0.61151755  0.6369043   0.6651023   0.68099356
  0.67108887  0.64487219  0.60682517  0.56001818  0.51790416  0.49922559
  0.47307825  0.42797452  0.38626724  0.32949993  0.27278906  0.25354779
  0.2580249   0.26317972  0.26918361  0.25321296  0.2267645   0.22383849
  0.24403211  0.29127309  0.35282046  0.40004143  0.43295771  0.46977067
  0.51424176  0.56384301  0.6132164   0.65194589  0.68308395  0.7154308
  0.73163611  0.73715109  0.75607336  0.74525815  0.69182771  0.6197691
  0.55821699  0.51426369  0.46470878  0.42198399  0.3826288   0.33551124
  0.29943681  0.27035734  0.2454713   0.23880707  0.24241409  0.25523955
  0.27172419  0.28846425  0.32862824  0.40101981  0.5011934   0.60366112
  0.6911996   0.78202689  0.87292176  0.89831823  0.88311356  0.96093082
  1.06164801  1.08969271  1.08886433  1.0800581   1.08293939  1.09679008
  1.09565842  1.05504739  0.99550259  0.9467569   0.89739645  0.82780492
  0.75246024  0.70300186  0.68005294  0.6360113   0.56559402  0.48787117
  0.38581052  0.25244355  0.12095911  0.00258998 -0.1238103  -0.23797056
 -0.32608297 -0.37621513 -0.39289206 -0.39781362 -0.39853936 -0.40072337
 -0.36293131 -0.29423696 -0.24411102 -0.19787225 -0.15527865 -0.15279858
 -0.18445909 -0.21030574 -0.20828111 -0.15095416 -0.057947    0.02379764
  0.09798606  0.18913084  0.31292659  0.43061852  0.54427701  0.66029948
  0.8002975   0.9434135   1.05768812  1.18230891  1.31033242  1.41264021
  1.48962486  1.58131838  1.69495404  1.77116489  1.80669379  1.811795
  1.74097598  1.63215494  1.56258464  1.54481816  1.56618619  1.55296659
  1.54567289  1.54793775  1.5692302   1.57680213  1.47717881  1.33001888
  1.13029563  0.93375659  0.82043821  0.73989266  0.73374581  0.81406009
  0.88953173  0.98983079  1.16702926  1.29476368  1.22372341  1.02485979
  0.77510631  0.5429858   0.33793491  0.11376992 -0.11404908 -0.3342647
 -0.52322978 -0.6889956  -0.83662885 -0.95870262 -1.04983425 -1.10259414
 -1.12410736 -1.12798083 -1.12618685 -1.12245429 -1.12982547 -1.16634548
 -1.23474264 -1.32875824 -1.44400108 -1.55824685 -1.6539371  -1.72788179
 -1.7784934  -1.81311059 -1.83738518 -1.85320842 -1.86463022 -1.87333965
 -1.87999153 -1.88634443 -1.89232397 -1.89680719 -1.90059328 -1.90422249
 -1.9076544  -1.91053307 -1.91357088 -1.91699409 -1.91960907 -1.9216764
 -1.92386043 -1.92640674 -1.929389   -1.93186212 -1.93350041 -1.93541443
 -1.93749738 -1.93939996 -1.94109857]
[-0.67313683 -0.76144081 -0.83201438 -0.87030512 -0.88749349 -0.89275324
 -0.88469023 -0.8678782  -0.86895645 -0.89870387 -0.93752754 -0.97017843
 -0.98190743 -0.98030567 -0.98250353 -0.98974282 -1.00092769 -1.02049685
 -1.0437268  -1.06633782 -1.08026659 -1.07701886 -1.06104243 -1.04750955
 -1.05537403 -1.0716027  -1.06874108 -1.05531907 -1.04913867 -1.04605865
 -1.03693211 -1.0185113  -0.99249101 -0.95487857 -0.90088886 -0.84404969
 -0.78237921 -0.70590657 -0.61363518 -0.51733381 -0.45805615 -0.44289112
 -0.44993079 -0.4629629  -0.46711317 -0.46613881 -0.45648417 -0.41935062
 -0.35838041 -0.26602536 -0.14931509 -0.01979664  0.11238133  0.23310973
  0.33070692  0.37994331  0.42444885  0.456671    0.48533976  0.53566039
  0.55946338  0.58678621  0.62348014  0.67942858  0.74775076  0.79463941
  0.821293    0.83225954  0.83463436  0.78573936  0.72539395  0.66610527
  0.6032185   0.59280318  0.60367942  0.63672608  0.69654393  0.72855932
  0.70450407  0.65696436  0.59808403  0.56416273  0.56581336  0.56494999
  0.59453368  0.67265421  0.74314708  0.75977886  0.73938662  0.68434787
  0.651142    0.63207513  0.59245878  0.55489647  0.51610863  0.45991299
  0.36992633  0.28420356  0.25049484  0.24185771  0.24087338  0.24410751
  0.2274887   0.20833933  0.22552663  0.28814226  0.39269856  0.5004288
  0.56074744  0.59054023  0.6365698   0.6964736   0.75708282  0.81965536
  0.85505301  0.89448947  0.92789894  0.94034374  0.95600754  0.97277987
  0.9769758   0.90942818  0.7842629   0.65723884  0.57278019  0.51253009
  0.43955681  0.38228306  0.33653867  0.30475339  0.28519398  0.26441431
  0.24435988  0.22559486  0.20953135  0.21356429  0.26526842  0.34430534
  0.43540367  0.54797131  0.66841531  0.7558893   0.81462353  0.85865444
  0.82084298  0.79778087  0.87969828  0.91785693  0.90716594  0.91843837
  0.94238484  0.94715863  0.91234064  0.86379355  0.77990782  0.6897127
  0.63944679  0.60806602  0.59199649  0.59114772  0.56929618  0.55337566
  0.53943694  0.49872607  0.40589309  0.30299848  0.17311692  0.04462606
 -0.08255213 -0.1973426  -0.28028449 -0.32459226 -0.31452933 -0.29650548
 -0.30010173 -0.30179051 -0.28729662 -0.17615925 -0.06476299 -0.00354911
  0.01823305  0.00218652 -0.05346466 -0.12702072 -0.17131148 -0.15808219
 -0.065689    0.03475665  0.14555867  0.23644343  0.31489277  0.3660619
  0.40689817  0.50190997  0.59461486  0.75860661  0.91103369  1.02889776
  1.13551974  1.23941493  1.35078454  1.44758213  1.531093    1.54848325
  1.52821529  1.49357188  1.40450335  1.34677994  1.2972014   1.24619484
  1.28869998  1.44088745  1.50803649  1.60551405  1.71766698  1.91554999
  1.9888972   1.82022333  1.53016186  1.26625216  1.11012757  0.99519438
  0.95708907  1.07281625  1.21652877  1.34037638  1.50427794  1.74345505
  1.87001789  1.70337534  1.30715418  0.80060536  0.40765056  0.103505
 -0.18567403 -0.4293437  -0.65424848 -0.82221389 -0.97889084 -1.09632683
 -1.18662441 -1.24114144 -1.27426243 -1.28322852 -1.28319919 -1.27641308
 -1.27163708 -1.28760767 -1.32489455 -1.38632047 -1.46503806 -1.55405021
 -1.62866473 -1.6896522  -1.73380125 -1.762725   -1.78347504 -1.79837358
 -1.80935168 -1.8174392  -1.82378781 -1.82857442 -1.83340824 -1.83805525
 -1.8415519  -1.8443948  -1.84704673 -1.84944499 -1.85227215 -1.85554922
 -1.85851562 -1.86098218 -1.86381876 -1.86665201 -1.86965835 -1.87277114
 -1.87544072 -1.87778628 -1.88007808]
