[-0.1180893  -0.11002703 -0.11798498 -0.06716248 -0.05253213 -0.05282266
 -0.0565917  -0.05169968 -0.06268801 -0.08287697 -0.09850072 -0.1070914
 -0.10291493 -0.09517763 -0.11561229]
[-0.71345341 -0.74276894 -0.69405681 -0.69669795 -0.69887948 -0.75843281
 -0.70285642 -0.60430956 -0.56792223 -0.58510202 -0.69076014 -0.62250352
 -0.7076692  -0.83821136 -0.83225352 -0.77363008 -0.71055061 -0.7770828
 -0.89369249 -0.99375665 -0.97779918 -0.97237134 -1.00407946 -1.00877845
 -1.00480819 -0.96882057 -1.00216901 -1.03757989 -1.01315653 -0.95126003
 -0.89675409 -0.88885659 -0.8255831  -0.72371531 -0.6177091  -0.51870149
 -0.4909445  -0.4093968  -0.32299176 -0.24021778]
[ 0.52059996  0.34487087  0.11237656  0.0357758   0.03992451  0.03527614
  0.01711347  0.13480499  0.32357821  0.50735581  0.57372242  0.62561876
  0.71768016  0.73376858  0.73499817  0.81245375  0.84994298  0.89819896
  0.96846306  1.05061281  1.01457262  0.99936527  0.99107075  0.99488044
  0.95077318  0.87633985  0.77551913  0.66646081  0.55708891  0.43108669
  0.32658589  0.29813743  0.16517723  0.03060934 -0.02034636  0.01920398
  0.11923196  0.24489222  0.35301918  0.45055833]
[-3.31739694e-01 -4.11468744e-01 -4.58181739e-01 -3.09519202e-01
 -1.96093515e-01 -8.96796212e-02  1.11013532e-01  2.04717770e-01
  2.89303541e-01  3.43046039e-01  4.16592598e-01  5.03193974e-01
  5.49514771e-01  6.04703963e-01  6.26475453e-01  6.68492734e-01
  7.33994067e-01  8.03120553e-01  8.25729489e-01  7.87567556e-01
  7.98914969e-01  8.27148378e-01  8.17644417e-01  8.29188228e-01
  8.41228545e-01  8.24992359e-01  8.13566983e-01  8.01997662e-01
  8.02961051e-01  7.39431739e-01  7.03713775e-01  6.58984363e-01
  5.51747739e-01  4.33968157e-01  3.45648676e-01  2.79875398e-01
  2.18113363e-01  1.64221346e-01  4.88407211e-04 -1.79383621e-01
 -2.64817715e-01 -2.99150079e-01 -3.05035621e-01 -3.01291466e-01
 -3.11867774e-01]
[ 7.19935238e-01  7.20137298e-01  8.19081306e-01  9.84608650e-01
  1.00803792e+00  9.98683989e-01  1.02880871e+00  1.12681890e+00
  1.15262043e+00  1.14284801e+00  1.08553576e+00  1.01685190e+00
  1.05342734e+00  1.10479617e+00  1.07529771e+00  1.02015257e+00
  9.27698076e-01  8.55696797e-01  8.01451981e-01  7.77255595e-01
  7.40348756e-01  6.67864978e-01  6.34634435e-01  6.18062615e-01
  5.64802766e-01  4.95295584e-01  4.77422595e-01  4.55640525e-01
  4.25240725e-01  3.56498897e-01  3.09912175e-01  2.59383291e-01
  2.18477294e-01  1.96756333e-01  1.92811549e-01  1.83284611e-01
  1.47256598e-01  6.68753386e-02  3.28467116e-02  1.46605754e-02
 -8.12353790e-02 -1.61139607e-01 -2.50203609e-01 -2.93739945e-01
 -2.95566767e-01 -2.08100423e-01 -1.08822756e-01  5.07898978e-04
  1.33957207e-01  2.89742589e-01  4.49744105e-01  6.36751652e-01
  8.14464509e-01  1.00385785e+00  1.18569314e+00  1.38204157e+00
  1.61774516e+00  1.79964006e+00  2.02793074e+00  2.19098949e+00
  2.30009103e+00  2.40949512e+00  2.51414776e+00]
[-0.59315199 -0.54660022 -0.49625072 -0.48941138 -0.45529711 -0.40594959
 -0.40172675 -0.39457023 -0.36375436 -0.35965815 -0.39592692 -0.43218142
 -0.46756876 -0.4068656  -0.39318684 -0.42098013 -0.41096768 -0.41744831
 -0.38479602 -0.34510738 -0.3419368  -0.36192599 -0.35230327 -0.30664146
 -0.30149764 -0.37120301 -0.39918029 -0.37620074 -0.37795019 -0.46447596
 -0.50688869 -0.53072906 -0.54083091 -0.5580433  -0.63123757 -0.6926257
 -0.69959414 -0.69082093 -0.72992611 -0.76210368 -0.80096084 -0.82069337
 -0.83238488 -0.84066701 -0.83060813 -0.76627558 -0.68851739 -0.65833968
 -0.64871484 -0.59741604 -0.52214336 -0.44937223 -0.41910797 -0.38769707
 -0.35382691 -0.32500124 -0.2313741  -0.17285232 -0.13136519 -0.07552211
 -0.00349306  0.07175054  0.13163511]
[ 1.14615083  1.11744523  1.09166574  1.06304276  1.03347659  1.00912511
  0.98255527  0.95630324  0.93657142  0.91318429  0.88852239  0.86143023
  0.83450711  0.81208193  0.78698868  0.75788677  0.72767365  0.69868541
  0.66857916  0.63787258  0.60585946  0.57211536  0.53798938  0.50011802
  0.46297967  0.4276641   0.39123142  0.3506777   0.30869809  0.2689566
  0.23137791  0.18898125  0.14484398  0.1070412   0.06851714  0.02969036
 -0.01230937 -0.05004696 -0.08691418 -0.12392855 -0.16277327 -0.20091483
 -0.24220459 -0.28104141 -0.3153953  -0.34820879 -0.3816126  -0.41629672
 -0.45487338 -0.49418613 -0.52822524 -0.55675524 -0.58568889 -0.61812359
 -0.65302455 -0.68780279 -0.71307659 -0.73938692 -0.76337093 -0.78905088
 -0.82097214 -0.84964633 -0.86907881 -0.88705987 -0.90321535 -0.92536658
 -0.95015568 -0.97032487 -0.9848845  -0.99394178 -1.00861144 -1.02580726
 -1.04286349 -1.05339134 -1.06137657 -1.07192492 -1.08023596 -1.09122729
 -1.09627986 -1.0993576  -1.10179484 -1.10207319 -1.10169482 -1.10071647
 -1.09227395 -1.08564019 -1.08130562 -1.07356238 -1.06850851 -1.05875397
 -1.05019653 -1.03898609 -1.02191782 -0.9953807  -0.97706258 -0.96688652
 -0.95178241 -0.93523276 -0.91162431 -0.8882159  -0.86834502 -0.84800285
 -0.8176887  -0.78718311 -0.76537108 -0.73936445 -0.70880103 -0.68050426
 -0.65354306 -0.6221016  -0.58657342 -0.54831475 -0.51269531 -0.47958273]
[-0.55090803 -0.58142817 -0.61555326 -0.65307927 -0.68177766 -0.70954889
 -0.73228645 -0.75867742 -0.78857464 -0.8104679  -0.83474076 -0.85724181
 -0.8762632  -0.89187461 -0.91798294 -0.93530488 -0.94951862 -0.9593789
 -0.97054785 -0.98161519 -1.00214612 -1.01390445 -1.01797855 -1.02275848
 -1.03351092 -1.0451473  -1.05634558 -1.06248569 -1.06551504 -1.06799209
 -1.07202172 -1.07699239 -1.07635319 -1.07390404 -1.0703752  -1.06602263
 -1.06033564 -1.05298603 -1.04082906 -1.02813435 -1.01774776 -1.00643575
 -0.99365216 -0.98080528 -0.97063994 -0.95851952 -0.93842894 -0.91340667
 -0.89465523 -0.87729609 -0.86416703 -0.83974713 -0.81436497 -0.79043686
 -0.76887017 -0.74499416 -0.71232402 -0.68424422 -0.66097736 -0.63162088
 -0.59621757 -0.5636484  -0.53916854 -0.50769913 -0.46725297 -0.42659491
 -0.39147231 -0.35917512 -0.3253431  -0.28491527 -0.24278767 -0.20466609
 -0.16891778 -0.13044889 -0.08898845 -0.0483104  -0.00855742  0.03336668
  0.07870196  0.12064887  0.16357329  0.20697103  0.25134894  0.29469687
  0.33631933  0.37788042  0.41917899  0.46119139  0.5028336   0.54223418
  0.58074367  0.6160323   0.65208071  0.68494391  0.71768939  0.75200492
  0.78453857  0.81279397  0.84163404  0.8709721   0.89807808  0.92280054
  0.94990855  0.97695911  1.00284982  1.02764904  1.05276108  1.08068621
  1.10987115  1.13542581  1.15750849  1.18304896  1.20602131  1.23010862]
[0.34984055 0.42774075 0.46794558 0.48921746 0.5296272  0.58271641
 0.64257324 0.66945606 0.69551194 0.70768011 0.73165226 0.75950152
 0.78104025 0.80601048 0.83712918 0.86465651 0.88702685 0.88974589
 0.878111   0.89557815 0.91403943 0.90634048 0.91201878 0.91238058
 0.93399858 0.9463557  0.94340044 0.93342489 0.93566334 0.95580292
 0.95660722 0.94597399 0.93216729 0.91679984 0.92442769 0.91156524
 0.88741672 0.88440323 0.87445563 0.80998033 0.82241678 0.83083826
 0.82585782 0.84194833 0.8581112  0.87319601 0.88828635 0.90081918
 0.90885174 0.9103772  0.91582966 0.92183411 0.91554713 0.9143008
 0.8793     0.85318261 0.8551088  0.87684387 0.89139122 0.95283681
 0.97425568 0.97147453 0.95208007 0.94324827 0.93586659 0.92936659
 0.91769922 0.90142775 0.88796419 0.87108767 0.854379   0.84635955
 0.86013848 0.85060185 0.88557041 0.93437684 0.94168204 0.9617362
 0.9646585  0.95055461 0.96884596 0.97269392 0.96180743 0.93100727
 0.92129308 0.9134441  0.90897691 0.89148718 0.8662886  0.85911667
 0.83745348 0.8187294  0.81294191 0.79999834 0.79028428 0.78660834
 0.77648294 0.76613778 0.74264872 0.72286421 0.72011244 0.69458443
 0.68045729 0.65841693 0.62606782 0.59466368 0.54763258 0.51478583
 0.50033855 0.47512642 0.4309558  0.37151796 0.30748963 0.2759254 ]
[ 0.19340073  0.17234445  0.14846349  0.12517586  0.11007839  0.08781184
  0.05806477  0.03032574  0.01065428 -0.00368481 -0.01570425 -0.04353997
 -0.07889202 -0.11224508 -0.13392892 -0.15526642 -0.17884347 -0.19736525
 -0.21955425 -0.22284563 -0.23025963 -0.23649585 -0.24632441 -0.25537729
 -0.26668918 -0.2668331  -0.24952692 -0.25844562 -0.26927227 -0.26015437
 -0.24889898 -0.24297138 -0.22497556 -0.21672376 -0.23572908 -0.22916415
 -0.20877257 -0.19142948 -0.19553131 -0.19479866 -0.11607893 -0.09748185
 -0.08608271 -0.06061621 -0.04036414 -0.04342439 -0.00774976  0.05519232
  0.09642752  0.10779838  0.12095498  0.0978175   0.11644417  0.16700228
  0.16388887  0.14710513  0.14339502  0.15244995  0.16005372  0.15129626
  0.1436369   0.13639881  0.13917267  0.1543415   0.14722145  0.14099614
  0.14516295  0.1561362   0.15903006  0.16909666  0.18423744  0.18981364
  0.18666039  0.19427456  0.1776026   0.13992685  0.09172714  0.11580409
  0.13133171  0.09917542  0.08376533  0.04619829  0.04311953  0.03110262
  0.01266959 -0.0131296  -0.01877045 -0.00550891 -0.02667295 -0.05970358
 -0.09814497 -0.09908657 -0.10114539 -0.12548709 -0.13053662 -0.12144728
 -0.1240363  -0.13266449 -0.16093904 -0.17975169 -0.17801063 -0.15869893
 -0.16238634 -0.1757883  -0.18527181 -0.18688779 -0.17199372 -0.1497163
 -0.1428301  -0.13363253 -0.12334442 -0.10575285 -0.0879302  -0.0701925
 -0.04631845 -0.03201745 -0.01180072  0.00935293  0.02137823  0.03429366
  0.0550199   0.06328562  0.06419922  0.08098727  0.0876084   0.09973417
  0.11623258  0.12594961  0.1346644   0.14839685]
[ 0.20325306  0.17892496  0.14790578  0.12772371  0.10462428  0.09429652
  0.07040532  0.05129076  0.05535464  0.03485897  0.00783212 -0.00812711
 -0.01686584 -0.02423135 -0.03451813 -0.05654484 -0.08501764 -0.11517407
 -0.1300457  -0.15303411 -0.170856   -0.18466945 -0.19764271 -0.18878107
 -0.19616449 -0.20242065 -0.20743331 -0.21847729 -0.23042823 -0.21133174
 -0.20401724 -0.21640915 -0.21813706 -0.20322506 -0.19458202 -0.19422038
 -0.18492489 -0.17477503 -0.186042   -0.18163782 -0.15539421 -0.14685933
 -0.16851981 -0.14105338 -0.05598229 -0.04384083 -0.04201386 -0.04336375
 -0.02152739 -0.00068183  0.01620885  0.09106953  0.12043243  0.1332707
  0.13777989  0.11092965  0.161874    0.19694373  0.16377749  0.13960858
  0.14456268  0.15169711  0.15273166  0.15415718  0.14861511  0.12858674
  0.11502068  0.12886356  0.13762751  0.14264296  0.13505156  0.13062765
  0.13383712  0.15620019  0.18124238  0.1723756   0.16442515  0.16591816
  0.16228278  0.11690941  0.07732116  0.10885073  0.12666808  0.07985137
  0.04169434  0.03114333  0.02681211  0.01705058 -0.00514874 -0.01746586
 -0.00312103 -0.01847527 -0.02517227 -0.06587835 -0.1036421  -0.09759142
 -0.10295597 -0.10228097 -0.10975081 -0.12222713 -0.10130339 -0.11453474
 -0.14508422 -0.14544399 -0.14017773 -0.13250823 -0.13445407 -0.15794829
 -0.16651808 -0.15776004 -0.13374588 -0.12087837 -0.10850995 -0.10109002
 -0.0873775  -0.07457594 -0.06233399 -0.04602259 -0.02591909 -0.0119399
  0.00962205  0.03146918  0.0314728   0.04113246  0.06751748  0.0697225
  0.06499998  0.07812184  0.08724156  0.09837627  0.10719814  0.11544744
  0.12567678  0.13058545  0.14153311  0.15505417  0.17764181]
[ 0.17949022  0.13634458  0.09505702  0.06580909  0.03774311  0.00693659
 -0.02714637 -0.05906099 -0.08198245 -0.10799384 -0.14040077 -0.17353293
 -0.20072255 -0.22174898 -0.24770176 -0.27211559 -0.30405593 -0.33421841
 -0.35524285 -0.38470334 -0.40873301 -0.42922667 -0.46035957 -0.48835135
 -0.51198953 -0.53401482 -0.56560391 -0.5956766  -0.62548524 -0.64401484
 -0.65990496 -0.68862343 -0.71692145 -0.73599213 -0.76320308 -0.79522264
 -0.81913334 -0.83301407 -0.84975678 -0.87630212 -0.89624268 -0.90660977
 -0.92180347 -0.93683904 -0.94544661 -0.957407   -0.96040434 -0.95182532
 -0.94819576 -0.93791699 -0.93721741 -0.93604851 -0.92901319 -0.91560781
 -0.90496135 -0.89531314 -0.87927485 -0.85911578 -0.83702064 -0.82314938
 -0.8138411  -0.79797983 -0.77838886 -0.75187171 -0.7349503  -0.71397829
 -0.68180591 -0.64863914 -0.6223166  -0.59925067 -0.56677818 -0.52384889
 -0.47731608 -0.44319493 -0.41044715 -0.37751794 -0.33560854 -0.29604882
 -0.26955745 -0.24255358 -0.20254053 -0.16051254 -0.13262357 -0.10501563
 -0.07085705 -0.03291244 -0.00589048  0.01984147  0.04138459  0.07111455
  0.10897675  0.13288461  0.15586084  0.18108521  0.20330095  0.23207992
  0.25586799  0.2767908   0.2995806   0.32168424  0.33873352  0.36077085
  0.38217762  0.40387416  0.41641149  0.43015712  0.44734585  0.46782574
  0.47941947  0.49901903  0.52178055  0.53376538  0.54859889  0.56248975
  0.57650506  0.59296715  0.6026715   0.61579067  0.62798166  0.63412803
  0.63591647  0.64091086  0.64442933  0.64954561  0.64335412  0.64592046
  0.64598244  0.6537841   0.66844314  0.6835897   0.69245547  0.70047456
  0.70891052  0.7312668   0.75782442  0.77462161  0.79075873  0.80351233
  0.81481326  0.83818471]
[ 0.75741535  0.80021894  0.84184217  0.8640486   0.87610406  0.89012325
  0.90668905  0.91335362  0.92132372  0.9271881   0.93429226  0.95054108
  0.95574391  0.9457581   0.93338007  0.92767727  0.92071748  0.90043432
  0.87585348  0.8499862   0.82973933  0.81101388  0.78505379  0.75926059
  0.73890376  0.71669239  0.6872648   0.67681146  0.67892003  0.67859745
  0.68880248  0.7070803   0.73639274  0.77043575  0.79490387  0.82070744
  0.84363484  0.87147629  0.92853713  0.99493325  1.04944992  1.09578466
  1.10920155  1.12081885  1.09869885  1.06513238  1.02426481  0.96432453
  0.89002299  0.80635798  0.72665823  0.664442    0.60560745  0.54193038
  0.49488926  0.46101555  0.42511305  0.38162366  0.35408407  0.35116643
  0.35961577  0.38103887  0.40612581  0.42622668  0.43936208  0.43654254
  0.45167923  0.47182152  0.47994909  0.48266441  0.48358938  0.48703629
  0.48700452  0.4869265   0.48315972  0.47924891  0.47012022  0.453926
  0.44453555  0.43132091  0.41416615  0.39932483  0.39262661  0.3826369
  0.36545861  0.34975049  0.33715641  0.32084817  0.30387649  0.28060198
  0.25727472  0.23758037  0.21061198  0.18134119  0.16710356  0.15760468
  0.13189626  0.09365243  0.04844762  0.01455337 -0.00141936 -0.01388714
 -0.04198236 -0.07778369 -0.10941695 -0.14796226 -0.18684429 -0.22035709
 -0.2473308  -0.27712849 -0.29279533 -0.32257998 -0.34913781 -0.40105528
 -0.4455764  -0.48282048 -0.52272761 -0.57154739 -0.60872626 -0.62987602
 -0.6430065  -0.66300076 -0.67718768 -0.69828641 -0.7310077  -0.7551294
 -0.77153379 -0.78183997 -0.80262047 -0.84409356 -0.87341189 -0.88327909
 -0.89040685 -0.90247256 -0.90127283 -0.90382385 -0.92713588 -0.94899935
 -0.95335543 -0.9513579 ]
[ 0.27523664  0.23098332  0.19343004  0.17802733  0.13772003  0.09980778
  0.08251701  0.069324    0.04303106  0.01996976  0.00755788 -0.00747214
 -0.00729904 -0.01034502 -0.01847154 -0.02844098 -0.02519705 -0.0181992
 -0.0262846  -0.03179831 -0.03446519 -0.04667598 -0.03963922 -0.03449763
 -0.05288956 -0.06905559 -0.08695565 -0.09622733 -0.09801613 -0.12234577
 -0.13879687 -0.14130834 -0.14418367 -0.14877482 -0.15086785 -0.13535556
 -0.13241825 -0.13750178 -0.13838379 -0.15059221 -0.14728293 -0.15267722
 -0.14244585 -0.11492078 -0.10710052 -0.10494126 -0.1047188  -0.13531205
 -0.12604901 -0.09611337 -0.07345501 -0.06246783 -0.09101961 -0.05318594
 -0.04084311 -0.01735909  0.02064759  0.03227889  0.00585192  0.02286597
  0.06608176  0.10266059  0.12137702  0.13460438  0.09596876  0.11907766
  0.17479299  0.15645653  0.15820457  0.14132448  0.11467231  0.11039931
  0.11523597  0.11932039  0.10370971  0.07259292  0.07144048  0.07693122
  0.08389882  0.08076419  0.07735564  0.08686781  0.11222894  0.12840636
  0.12597138  0.12367488  0.1126283   0.09242304  0.09897649  0.05433886
  0.05707822  0.09217546  0.06622496  0.04772567  0.00363045  0.01202087
  0.02252565  0.0121064  -0.01474151 -0.0270624  -0.01399569 -0.02812216
 -0.03895548 -0.03681631 -0.05421428 -0.06983767 -0.10364419 -0.10461421
 -0.05995179 -0.05256572 -0.05794929 -0.07809294 -0.09741327 -0.09256465
 -0.07284334 -0.06603137 -0.07994598 -0.08948565 -0.0905712  -0.08678607
 -0.07821813 -0.0751076  -0.05982139 -0.04057308 -0.02635558 -0.01868306
 -0.0123293  -0.00749873  0.00425757  0.00825483  0.00469183  0.01555906
  0.02610015  0.03316733  0.03356367  0.02733332  0.02211966  0.00667252
  0.00985675  0.0215804   0.01780865  0.00586035  0.00751288  0.01515832
  0.01602198  0.01514511  0.02829415  0.04546367  0.05964768  0.07665483
  0.10642333  0.14586034  0.19671984  0.24929786]
[ 3.59251618e-01  3.31000060e-01  2.99379587e-01  2.77364522e-01
  2.47207940e-01  2.23177835e-01  2.24078581e-01  1.97809637e-01
  1.63860366e-01  1.51757643e-01  1.38700962e-01  1.07725590e-01
  9.03860629e-02  8.79293978e-02  8.27865452e-02  7.97119588e-02
  7.37472251e-02  6.18964210e-02  4.86114547e-02  4.75236438e-02
  4.31745797e-02  3.89645137e-02  3.18425372e-02  2.98692826e-02
  2.84847487e-02  2.03304291e-02  1.98389236e-02  2.63064634e-02
  2.39542555e-02  2.24531088e-02  1.77528318e-02  6.65229559e-03
 -9.29747242e-03 -1.67701486e-02 -1.38760367e-02 -8.95416923e-03
 -1.54420519e-02 -2.47983932e-02 -2.23171208e-02 -1.30171934e-02
 -3.36193223e-03 -1.32148173e-02 -2.15990283e-02 -1.06690759e-02
 -6.74345577e-03 -5.55187289e-04 -4.57094656e-03  6.31226692e-03
  2.56454349e-02  1.30180307e-02  7.16148643e-03  2.16233414e-02
  2.08433252e-02  1.92049239e-02  1.31976176e-02  4.79960348e-03
  5.47238998e-03  1.08368909e-02  7.33033335e-03  2.94806082e-02
  6.67030141e-02  4.24160920e-02  3.47210653e-02  4.70058881e-02
  6.13913573e-02  6.53937310e-02  7.53888562e-02  8.92242566e-02
  8.92719328e-02  8.80898461e-02  9.32583511e-02  8.40589479e-02
  8.82662982e-02  9.65986326e-02  7.94207603e-02  7.88104981e-02
  7.87299797e-02  7.73884133e-02  7.47527480e-02  7.25587085e-02
  7.01983497e-02  6.32142648e-02  5.61928265e-02  5.42908013e-02
  5.82861789e-02  6.37025312e-02  7.32954741e-02  8.50127786e-02
  9.09654051e-02  9.32224989e-02  9.60457548e-02  9.58105922e-02
  9.81259570e-02  1.04488954e-01  8.64629596e-02  8.68458971e-02
  7.94176981e-02  7.73406774e-02  7.01508522e-02  5.24633601e-02
  4.65430729e-02  3.10347974e-02  4.53078337e-02  5.96131310e-02
  6.08619899e-02  3.98293398e-02  3.02450079e-02  3.01994514e-02
  1.01769613e-02 -1.36868954e-02 -1.25634614e-02 -1.59139105e-04
  2.69097649e-03 -2.33784933e-02 -3.78363542e-02 -2.18040738e-02
 -2.94301230e-02 -4.36215065e-02 -5.96228018e-02 -6.79691881e-02
 -5.91613613e-02 -6.20246679e-02 -7.51859546e-02 -8.82543623e-02
 -8.90548080e-02 -7.70764500e-02 -7.67738223e-02 -7.57005736e-02
 -6.93210885e-02 -7.46528357e-02 -7.66436830e-02 -7.13254362e-02
 -6.45709559e-02 -5.65419905e-02 -4.96203676e-02 -4.32364009e-02
 -3.62556912e-02 -3.12135220e-02 -2.67991200e-02 -2.33240332e-02
 -1.96496025e-02 -2.45645400e-02 -2.01764181e-02 -1.17814112e-02
 -1.37795163e-02 -8.19037668e-03 -1.58221379e-03 -1.78901467e-03
 -3.79349780e-03 -8.52493744e-04  6.39256882e-03  1.51869329e-02
  2.14073416e-02  2.91234497e-02  3.71399596e-02  6.71361610e-02
  1.06465042e-01  1.27284482e-01  1.46276161e-01  1.66257083e-01
  1.64090380e-01  1.85906857e-01  2.10330188e-01  2.67703652e-01
  3.19601029e-01  3.51132631e-01]
[-0.66072273 -0.66253942 -0.66848969 -0.64058977 -0.5998171  -0.59346384
 -0.583336   -0.54624784 -0.50080103 -0.47833085 -0.47389844 -0.44813663
 -0.40217122 -0.3693659  -0.32770118 -0.28312001 -0.24117275 -0.19141388
 -0.1525261  -0.11996885 -0.08300416 -0.02910187 -0.00649819  0.01902792
  0.0485566   0.08150582  0.11808385  0.13972989  0.16805135  0.21643181
  0.2610853   0.30036181  0.32741815  0.34561011  0.36427873  0.38960877
  0.40998894  0.42962316  0.45164469  0.47045338  0.48131123  0.49986428
  0.52217597  0.53760183  0.55528933  0.57372701  0.59236449  0.60167295
  0.60120302  0.59627664  0.57683128  0.56406152  0.5658986   0.56977916
  0.57864726  0.58148265  0.56573957  0.55727494  0.549914    0.53796673
  0.52813643  0.51240861  0.49865225  0.47977331  0.4514294   0.41676924
  0.3962675   0.38699764  0.36726618  0.34716919  0.32674828  0.27481669
  0.22709128  0.21183844  0.19782223  0.16558421  0.1435861   0.14027631
  0.13096459  0.12621662  0.13016416  0.14040639  0.13385877  0.14688069
  0.16791233  0.19949143  0.23604369  0.26942474  0.30307749  0.35088217
  0.40007287  0.4396286   0.4748151   0.52223492  0.57561034  0.61446834
  0.63068509  0.63845736  0.64745426  0.635131    0.59217793  0.54349089
  0.48328197  0.42010257  0.36479917  0.32461318  0.28451511  0.22559556
  0.1737422   0.13089356  0.08671113  0.05302291  0.05209816  0.07094275
  0.08151697  0.11473561  0.13900825  0.16518335  0.20515987  0.22945836
  0.26053658  0.29034108  0.30542663  0.32427335  0.35353976  0.38549945
  0.41996861  0.45498821  0.49311903  0.53136796  0.54802191  0.56349206
  0.5928635   0.61510736  0.62648338  0.63288414  0.6462788   0.65925038
  0.66967374  0.67469847  0.69094604  0.70216334  0.69569403  0.68476164
  0.68268412  0.68289357  0.67687386  0.66469699  0.65292138  0.63188201
  0.60831809  0.59034586  0.57599866  0.55690777  0.53511196  0.50909501
  0.47615871  0.43945599  0.40385404  0.36555788  0.32165632  0.28620467
  0.25430694  0.20654121  0.1543877   0.09749287  0.03513428 -0.01029367
 -0.04776479 -0.0828375  -0.11544047 -0.14374524 -0.19556504 -0.26482716
 -0.29716298 -0.33678234 -0.36698043 -0.39270523 -0.43350738 -0.48472416
 -0.53368759 -0.5748992  -0.59990531 -0.6289171  -0.64961559 -0.68082589
 -0.72998995 -0.7830137  -0.79851973 -0.80249721 -0.81420726]
[-0.43160659 -0.42598292 -0.41829538 -0.39730808 -0.37532631 -0.36420882
 -0.363426   -0.36049366 -0.35402712 -0.33643028 -0.30947694 -0.29775658
 -0.28379995 -0.26439428 -0.25417599 -0.24396956 -0.22948927 -0.21021721
 -0.18850087 -0.17167734 -0.15067181 -0.12170494 -0.09188379 -0.07054683
 -0.05420272 -0.03444845 -0.01779921  0.00786271  0.03818617  0.06588043
  0.08229233  0.09878493  0.11492873  0.13415292  0.1600814   0.17918532
  0.19595334  0.21551394  0.23650487  0.25950721  0.27744067  0.28749692
  0.29286557  0.29899025  0.30944261  0.3263922   0.336687    0.3416701
  0.34917998  0.35938185  0.37075096  0.36871353  0.36299366  0.3601273
  0.36315835  0.35455093  0.35507709  0.35080448  0.34409267  0.33726776
  0.32610193  0.31175473  0.29646915  0.28237066  0.26957601  0.24547487
  0.21970864  0.19542356  0.17619315  0.15214443  0.13146725  0.11167341
  0.08902112  0.07106892  0.05609254  0.05436148  0.05976284  0.07467747
  0.10124392  0.1219125   0.14168747  0.17500867  0.21436954  0.2616154
  0.315422    0.3666482   0.40641886  0.44321722  0.48443598  0.51804632
  0.51896024  0.50008941  0.46855327  0.44172293  0.41322976  0.37077823
  0.3316479   0.29888976  0.26223245  0.2329977   0.20893082  0.18649454
  0.16379951  0.14178488  0.12457053  0.11127625  0.10277553  0.11616244
  0.13789193  0.15922438  0.18839602  0.20945567  0.23912148  0.25651109
  0.27486244  0.29109028  0.30740234  0.32538271  0.34185573  0.35578603
  0.36854434  0.37693781  0.38447896  0.39455989  0.40149581  0.40428108
  0.41353899  0.41865352  0.43175265  0.43606135  0.43244445  0.43543765
  0.43788484  0.44063064  0.44455224  0.44235414  0.43775654  0.43347019
  0.43196654  0.42542073  0.41454491  0.40492365  0.39696991  0.3896718
  0.37835786  0.36890888  0.35085392  0.33039236  0.31436947  0.29611266
  0.27590597  0.25329521  0.23343433  0.22001049  0.20239915  0.17741691
  0.15428589  0.13531578  0.11015953  0.0790192   0.0458846   0.00713863
 -0.0239091  -0.04859248 -0.06928588 -0.09645337 -0.12274386 -0.14352393
 -0.16601293 -0.20763281 -0.25595823 -0.28503919 -0.30863422 -0.34300944
 -0.37163529 -0.39797035 -0.42384243 -0.4663029  -0.50081927 -0.50933385
 -0.5214166  -0.54273534 -0.56173295 -0.56477612 -0.5844481  -0.6016354
 -0.61112922 -0.6174702  -0.62276131 -0.62594259 -0.62498212 -0.62987989
 -0.63676029 -0.63276398 -0.6269654  -0.62814349 -0.61818206 -0.6087904
 -0.60373312 -0.59458357 -0.57553405 -0.55745709 -0.54961383 -0.54470372
 -0.52661526]
[-0.54341024 -0.53395033 -0.52601027 -0.51935065 -0.51151294 -0.50140125
 -0.49183238 -0.48104364 -0.47145391 -0.45756286 -0.44299713 -0.43195766
 -0.42233694 -0.41049734 -0.39583653 -0.38105062 -0.36769053 -0.3517963
 -0.33258054 -0.31189042 -0.2922256  -0.27337033 -0.25773394 -0.24423492
 -0.22483313 -0.20144047 -0.17981552 -0.16082883 -0.1437622  -0.12671888
 -0.10857339 -0.09033867 -0.07050433 -0.04952508 -0.02996678 -0.01129319
  0.00643591  0.02486447  0.04872112  0.07424145  0.09361445  0.10950419
  0.12503517  0.14162931  0.16060856  0.17592536  0.19337544  0.21454209
  0.23374914  0.24810363  0.25905323  0.27208981  0.28447637  0.29621106
  0.30412567  0.31117788  0.31777331  0.32231545  0.3235068   0.32340279
  0.32285672  0.32117933  0.31888992  0.31400281  0.30338448  0.29446599
  0.28483698  0.27092963  0.2601119   0.24958037  0.23960629  0.22854073
  0.22174077  0.22169308  0.22687458  0.2365327   0.25219145  0.27249354
  0.29496676  0.32003462  0.35017741  0.38527679  0.42611924  0.46996129
  0.51673377  0.56007582  0.59868956  0.62551588  0.63691545  0.63357913
  0.62744689  0.61425495  0.58721226  0.54857081  0.50809026  0.46769667
  0.42626312  0.38705462  0.35028988  0.31475312  0.2812956   0.2479637
  0.21575028  0.18700999  0.17104459  0.1653512   0.16000146  0.16067959
  0.16804248  0.17499198  0.18116637  0.19258898  0.20398574  0.21506239
  0.22543192  0.23344789  0.24071969  0.25027463  0.25992787  0.26575795
  0.2705217   0.2744396   0.2779507   0.27965188  0.28095144  0.28284031
  0.28384635  0.28270888  0.2812846   0.28145644  0.2795516   0.27670348
  0.27364615  0.27174646  0.26885384  0.26351041  0.25917557  0.25402194
  0.24749334  0.2398376   0.23113324  0.22311296  0.21527903  0.20580567
  0.19527422  0.18399483  0.17126569  0.15774743  0.14502133  0.13151753
  0.11628918  0.10298973  0.09303399  0.08243335  0.0687056   0.05719274
  0.04392193  0.02603858  0.00275631 -0.02167952 -0.03967523 -0.05234624
 -0.06857947 -0.08316606 -0.09798779 -0.11406565 -0.13118307 -0.1550923
 -0.18062477 -0.20506336 -0.22581127 -0.24637055 -0.26960459 -0.28921121
 -0.31089714 -0.32379639 -0.33731145 -0.34986073 -0.35813943 -0.36822754
 -0.37887287 -0.38865519 -0.39938876 -0.4067235  -0.41739631 -0.42482138
 -0.4290466  -0.43246397 -0.43897843 -0.4457525  -0.44997078 -0.44907275
 -0.44911772 -0.45078024 -0.45044377 -0.44567534 -0.44551069 -0.44418082
 -0.4361845  -0.4312917  -0.42543724 -0.41933659 -0.41205123 -0.40133718
 -0.39026952 -0.37825    -0.36752337 -0.35465801 -0.34255743 -0.33068603
 -0.32145581 -0.3109577 ]
[-1.07158196e+00 -1.06182301e+00 -1.04772604e+00 -1.03235483e+00
 -1.01294816e+00 -9.98153806e-01 -9.80503142e-01 -9.59647059e-01
 -9.35169160e-01 -9.10066485e-01 -8.84085357e-01 -8.59421074e-01
 -8.34590495e-01 -8.09381247e-01 -7.83358216e-01 -7.54839957e-01
 -7.26213336e-01 -6.96621597e-01 -6.67378426e-01 -6.38000846e-01
 -6.07702017e-01 -5.75729489e-01 -5.39274991e-01 -4.99951810e-01
 -4.67081726e-01 -4.31622177e-01 -3.96299750e-01 -3.58555734e-01
 -3.19520473e-01 -2.83682674e-01 -2.44860336e-01 -2.03038067e-01
 -1.63286090e-01 -1.25618309e-01 -9.05696079e-02 -5.26973344e-02
 -1.26675488e-02  2.45039258e-02  6.48614690e-02  1.04495279e-01
  1.44327402e-01  1.83305860e-01  2.18954191e-01  2.57666796e-01
  2.97452867e-01  3.36687952e-01  3.75323296e-01  4.10482019e-01
  4.51147735e-01  4.90804523e-01  5.27398944e-01  5.63411534e-01
  5.99452734e-01  6.35088444e-01  6.73312008e-01  7.06761956e-01
  7.36389995e-01  7.67667651e-01  7.99714923e-01  8.26474965e-01
  8.50987792e-01  8.79492760e-01  9.04376864e-01  9.26312804e-01
  9.47416961e-01  9.71864283e-01  9.94758606e-01  1.01632655e+00
  1.03698599e+00  1.05786669e+00  1.07739413e+00  1.09513438e+00
  1.11126721e+00  1.12618649e+00  1.14533865e+00  1.16228437e+00
  1.17986596e+00  1.19097936e+00  1.20004189e+00  1.20462644e+00
  1.20673656e+00  1.20738244e+00  1.20239234e+00  1.20060611e+00
  1.18916893e+00  1.17310357e+00  1.15825355e+00  1.14002740e+00
  1.12544239e+00  1.11141860e+00  1.09107339e+00  1.07119370e+00
  1.05281329e+00  1.03480959e+00  1.01442480e+00  9.93060052e-01
  9.74757075e-01  9.55019712e-01  9.33103204e-01  9.16111767e-01
  8.92866075e-01  8.72320414e-01  8.45677853e-01  8.16776037e-01
  7.92023897e-01  7.61833906e-01  7.29679942e-01  6.96620107e-01
  6.60448790e-01  6.24957561e-01  5.88735878e-01  5.50278127e-01
  5.10637760e-01  4.72551048e-01  4.31436539e-01  3.91569376e-01
  3.52274776e-01  3.14561248e-01  2.77625114e-01  2.37371415e-01
  1.99402630e-01  1.61777169e-01  1.23029061e-01  8.40914845e-02
  4.76477928e-02  1.22557580e-02 -2.26983260e-02 -6.10595345e-02
 -9.71752927e-02 -1.33162692e-01 -1.70692444e-01 -2.07089975e-01
 -2.40424588e-01 -2.74768293e-01 -3.10324609e-01 -3.46435934e-01
 -3.79886061e-01 -4.11524177e-01 -4.43942636e-01 -4.75307614e-01
 -5.07983446e-01 -5.41488826e-01 -5.72371483e-01 -6.03455007e-01
 -6.33236945e-01 -6.59745574e-01 -6.85332596e-01 -7.12569833e-01
 -7.40024567e-01 -7.65490294e-01 -7.91822314e-01 -8.20096850e-01
 -8.43138099e-01 -8.62489045e-01 -8.84592712e-01 -9.06400561e-01
 -9.27353501e-01 -9.45406675e-01 -9.59293365e-01 -9.69449222e-01
 -9.77617085e-01 -9.94537115e-01 -1.00716007e+00 -1.01658452e+00
 -1.02434981e+00 -1.03389716e+00 -1.04406965e+00 -1.05373240e+00
 -1.05801702e+00 -1.06024706e+00 -1.06291568e+00 -1.06548142e+00
 -1.06349170e+00 -1.06182587e+00 -1.06214011e+00 -1.05852473e+00
 -1.05407786e+00 -1.04834318e+00 -1.04279912e+00 -1.03281939e+00
 -1.02526617e+00 -1.01339006e+00 -1.00329590e+00 -9.86864984e-01
 -9.68886495e-01 -9.49299812e-01 -9.31274056e-01 -9.09831166e-01
 -8.86639297e-01 -8.61615002e-01 -8.38453054e-01 -8.14222753e-01
 -7.86901891e-01 -7.57363200e-01 -7.30657101e-01 -7.05345929e-01
 -6.73593044e-01 -6.41769230e-01 -6.09919965e-01 -5.76205850e-01
 -5.41754127e-01 -5.06904244e-01 -4.71881032e-01 -4.34703827e-01
 -3.99809092e-01 -3.63648832e-01 -3.26229811e-01 -2.88582861e-01
 -2.47016564e-01 -2.03947186e-01 -1.64305255e-01 -1.25351056e-01
 -8.30646381e-02 -4.06620316e-02  1.11474283e-03  4.27099839e-02
  8.47955346e-02  1.27921209e-01  1.70777529e-01  2.14134231e-01
  2.56557733e-01  3.00018758e-01  3.45370382e-01  3.87089372e-01
  4.28457856e-01  4.73617703e-01]
[ 0.37784484  0.33503157  0.29006612  0.24506031  0.20097314  0.15662467
  0.11298274  0.0698939   0.02619478 -0.01683867 -0.05848555 -0.09980977
 -0.14080833 -0.18268655 -0.22120813 -0.26289421 -0.30494285 -0.34508193
 -0.38355932 -0.4201864  -0.45645875 -0.49266657 -0.53165591 -0.56763512
 -0.60022241 -0.63430542 -0.67101252 -0.69992667 -0.73015422 -0.76109654
 -0.79422939 -0.82228917 -0.84781158 -0.87798721 -0.90376073 -0.92931598
 -0.94975358 -0.97397286 -0.99548304 -1.01297379 -1.02568233 -1.04206944
 -1.06191194 -1.07493472 -1.08284223 -1.09529591 -1.10233867 -1.10532928
 -1.10872555 -1.11435807 -1.11499619 -1.11312139 -1.11034977 -1.10835469
 -1.10586357 -1.09709144 -1.09162104 -1.08257771 -1.0738169  -1.06401861
 -1.05324173 -1.04010439 -1.02333915 -1.01157868 -0.99349743 -0.97526407
 -0.9565782  -0.93791121 -0.91943395 -0.8940168  -0.86691725 -0.84452707
 -0.81753224 -0.78885424 -0.75541574 -0.72935355 -0.70243943 -0.67083389
 -0.63659066 -0.60714459 -0.57648754 -0.54605675 -0.50926363 -0.47436261
 -0.44195879 -0.40909845 -0.36806422 -0.33073583 -0.29740199 -0.26272073
 -0.22482814 -0.18666932 -0.14958651 -0.11275541 -0.07810043 -0.04185236
 -0.00370459  0.0344538   0.07139658  0.10724606  0.14643513  0.1852055
  0.2242295   0.26127073  0.29768354  0.3367981   0.37618008  0.41261497
  0.44991967  0.48840541  0.52665108  0.56548977  0.60028917  0.63432109
  0.66977084  0.70416611  0.73568767  0.76643586  0.7950564   0.82130951
  0.8466233   0.87097657  0.89551562  0.91520685  0.93578434  0.94923818
  0.96942633  0.98870045  1.0059092   1.02384031  1.04139066  1.05705273
  1.0713197   1.08399451  1.09653759  1.10747981  1.11730385  1.12551332
  1.1289326   1.13430381  1.13874018  1.13889575  1.14168429  1.14449525
  1.14829516  1.1481843   1.14547431  1.13632393  1.12456203  1.11288452
  1.09977198  1.08483839  1.06920099  1.05210805  1.03337002  1.01264191
  0.99154395  0.96972495  0.94817078  0.92277682  0.90100473  0.88042653
  0.85628039  0.82822609  0.80246925  0.7715379   0.7407077   0.71127033
  0.67707491  0.64051896  0.60473555  0.56753588  0.53143591  0.49297211
  0.45384753  0.41397309  0.37485507  0.33411747  0.29714879  0.25801158
  0.22022919  0.18306123  0.14486264  0.10698703  0.0701126   0.03322168
 -0.00273083 -0.03828852 -0.0740986  -0.10998628 -0.14855367 -0.1854064
 -0.22169337 -0.25555766 -0.28887066 -0.32228106 -0.35859203 -0.39568344
 -0.42887148 -0.46169269 -0.49354526 -0.53098786 -0.56570613 -0.59539109
 -0.62830073 -0.65813082 -0.69126791 -0.72032744 -0.75118691 -0.77809644
 -0.80853194 -0.83497828 -0.86312371 -0.88885915 -0.90979844 -0.93055356
 -0.96006131 -0.98320264 -1.00355029 -1.01808918 -1.02891922 -1.04044425
 -1.05661845 -1.07061362 -1.08019102 -1.08993316]
[-0.29128346 -0.31997129 -0.34232205 -0.36474758 -0.3876276  -0.40842479
 -0.42728993 -0.44531775 -0.46364436 -0.48297417 -0.50245082 -0.51878113
 -0.53529841 -0.54688126 -0.55761158 -0.57194096 -0.58684766 -0.59832877
 -0.60551143 -0.61441815 -0.62547171 -0.63202208 -0.64095503 -0.65191299
 -0.66076684 -0.66699213 -0.67294323 -0.67836195 -0.68288726 -0.68549627
 -0.68731987 -0.68937427 -0.68991828 -0.6891548  -0.68734324 -0.6849944
 -0.68203098 -0.67789209 -0.67326003 -0.6666289  -0.66022438 -0.6547516
 -0.64888787 -0.63866562 -0.62278676 -0.60858035 -0.59893477 -0.58937269
 -0.57957411 -0.56671923 -0.55784267 -0.54454017 -0.52753443 -0.51162702
 -0.4974263  -0.47906065 -0.46079707 -0.44036821 -0.42150971 -0.39763075
 -0.37439945 -0.35079357 -0.33123952 -0.30703533 -0.2781153  -0.25195786
 -0.22635505 -0.19816273 -0.16969886 -0.14111124 -0.11341032 -0.08451951
 -0.05618026 -0.02879288 -0.00311696  0.02146013  0.04965485  0.07685766
  0.10128722  0.12738763  0.15441728  0.18015817  0.20450352  0.22815812
  0.25193563  0.27663857  0.29855523  0.3188659   0.3403084   0.36100435
  0.37966883  0.39721251  0.41594413  0.43352816  0.44916639  0.46447292
  0.4791652   0.4943997   0.50804448  0.52085274  0.53391945  0.54810196
  0.56085151  0.57273942  0.58498222  0.59546524  0.60660112  0.61775708
  0.62799221  0.63823432  0.65166712  0.6655634   0.68056214  0.69005013
  0.70088667  0.71529007  0.72857624  0.73924804  0.7383557   0.73042566
  0.71778631  0.70245892  0.68861884  0.6764912   0.66621637  0.65559125
  0.6407975   0.62886274  0.61835104  0.60762894  0.59747064  0.5858146
  0.57250708  0.55942822  0.54636949  0.53415674  0.51949149  0.50514299
  0.49174982  0.47702897  0.46203417  0.44711003  0.43072388  0.41399917
  0.39756623  0.38193294  0.36287063  0.34398893  0.32450041  0.3041029
  0.28401375  0.26349413  0.2418714   0.22088963  0.19896829  0.17472474
  0.15039906  0.12585655  0.10142546  0.07735355  0.05277679  0.02896705
  0.00478488 -0.02071526 -0.04794789 -0.07436911 -0.09780178 -0.1225219
 -0.14681163 -0.17277312 -0.19908631 -0.22510213 -0.24855523 -0.26891255
 -0.29281294 -0.31713092 -0.34025362 -0.35773298 -0.37618139 -0.39899924
 -0.41660205 -0.42923999 -0.44259527 -0.45913517 -0.47220296 -0.486626
 -0.49606305 -0.50732732 -0.5151341  -0.52426392 -0.53760326 -0.55126834
 -0.55567056 -0.55759841 -0.56039149 -0.5650211  -0.57102424 -0.57750261
 -0.58210665 -0.585527   -0.58978891 -0.59398395 -0.59644985 -0.59860295
 -0.59851927 -0.59787244 -0.59700197 -0.59563673 -0.59353274 -0.58974612
 -0.5848043  -0.58012086 -0.57395881 -0.56872582 -0.56371504 -0.5589686
 -0.55874795 -0.55453277 -0.54715294 -0.53538924 -0.52638072 -0.51949632
 -0.50676966 -0.49433213 -0.48458451 -0.47277999 -0.45985404 -0.44350204
 -0.4308337  -0.41565198 -0.40061823 -0.38390392 -0.36595261 -0.34940153
 -0.3263272  -0.30280295 -0.27944297 -0.25500813 -0.23396493]
[-2.90212363e-01 -3.18103880e-01 -3.48322988e-01 -3.71429354e-01
 -3.95848960e-01 -4.19274330e-01 -4.40172255e-01 -4.59949434e-01
 -4.80554998e-01 -4.98586178e-01 -5.20351887e-01 -5.42534709e-01
 -5.58688343e-01 -5.75666547e-01 -5.88304877e-01 -5.99737585e-01
 -6.14774883e-01 -6.29500985e-01 -6.41651213e-01 -6.50195360e-01
 -6.59348965e-01 -6.69360816e-01 -6.76418424e-01 -6.85482502e-01
 -6.94444120e-01 -7.03248680e-01 -7.09758937e-01 -7.14562237e-01
 -7.18346715e-01 -7.21370339e-01 -7.23395646e-01 -7.24622726e-01
 -7.24677682e-01 -7.24024177e-01 -7.22620547e-01 -7.20271885e-01
 -7.16864884e-01 -7.12313592e-01 -7.07219183e-01 -7.00989962e-01
 -6.94126546e-01 -6.85801566e-01 -6.78817451e-01 -6.71290696e-01
 -6.60667717e-01 -6.43955886e-01 -6.27411783e-01 -6.16307855e-01
 -6.05391324e-01 -5.93513012e-01 -5.78704476e-01 -5.68963289e-01
 -5.53448737e-01 -5.34917593e-01 -5.18054366e-01 -5.02099037e-01
 -4.82458174e-01 -4.63599443e-01 -4.42170709e-01 -4.21842635e-01
 -3.96594137e-01 -3.72732729e-01 -3.48056585e-01 -3.27092111e-01
 -3.00012231e-01 -2.69652456e-01 -2.43926689e-01 -2.17482626e-01
 -1.87503487e-01 -1.56475872e-01 -1.26233980e-01 -9.76487994e-02
 -6.74448162e-02 -3.73977758e-02 -8.71217716e-03  1.76875908e-02
  4.39365208e-02  7.40173087e-02  1.02338254e-01  1.28036186e-01
  1.54316440e-01  1.81185380e-01  2.07507238e-01  2.32403442e-01
  2.55659968e-01  2.79893458e-01  3.04130942e-01  3.26191187e-01
  3.46049130e-01  3.66692126e-01  3.87102664e-01  4.05420512e-01
  4.22904134e-01  4.41213876e-01  4.58277345e-01  4.73358244e-01
  4.87966359e-01  5.03016591e-01  5.17824113e-01  5.30970812e-01
  5.43950438e-01  5.57147801e-01  5.69878280e-01  5.83390117e-01
  5.96128821e-01  6.08921409e-01  6.20352447e-01  6.32329643e-01
  6.45613670e-01  6.56781614e-01  6.66247964e-01  6.80462122e-01
  6.95595860e-01  7.11544096e-01  7.21939385e-01  7.32803524e-01
  7.47776449e-01  7.60811627e-01  7.71445930e-01  7.70135403e-01
  7.61953771e-01  7.48853087e-01  7.33813763e-01  7.20056236e-01
  7.07064033e-01  6.94009960e-01  6.82252347e-01  6.67023480e-01
  6.53245926e-01  6.40577197e-01  6.29508436e-01  6.18265152e-01
  6.05009258e-01  5.90118706e-01  5.76242387e-01  5.63474476e-01
  5.50350070e-01  5.36316037e-01  5.23472369e-01  5.10493815e-01
  4.96287495e-01  4.81985092e-01  4.67593670e-01  4.52556491e-01
  4.36389327e-01  4.20006394e-01  4.04364556e-01  3.85758847e-01
  3.67209136e-01  3.48377377e-01  3.28249067e-01  3.07811201e-01
  2.87387222e-01  2.65894324e-01  2.44851261e-01  2.23075241e-01
  1.98564187e-01  1.73793316e-01  1.49140999e-01  1.24373615e-01
  9.97576714e-02  7.44032264e-02  5.04739694e-02  2.62703169e-02
 -2.29693047e-04 -2.81707533e-02 -5.57435490e-02 -8.07576329e-02
 -1.06642261e-01 -1.31709665e-01 -1.58331797e-01 -1.85714215e-01
 -2.12269798e-01 -2.36950979e-01 -2.59960294e-01 -2.84815699e-01
 -3.08934242e-01 -3.32824230e-01 -3.51862043e-01 -3.71882230e-01
 -3.95860583e-01 -4.15076166e-01 -4.29363757e-01 -4.43612278e-01
 -4.61376876e-01 -4.76314008e-01 -4.92281049e-01 -5.02705514e-01
 -5.16235352e-01 -5.26544034e-01 -5.39010823e-01 -5.54492950e-01
 -5.68779767e-01 -5.75648606e-01 -5.79659402e-01 -5.85329771e-01
 -5.90868354e-01 -5.97511232e-01 -6.04483664e-01 -6.10997498e-01
 -6.16696239e-01 -6.22237027e-01 -6.27993464e-01 -6.32136643e-01
 -6.34680808e-01 -6.36537135e-01 -6.37907982e-01 -6.38583124e-01
 -6.38126671e-01 -6.35437429e-01 -6.31958723e-01 -6.29496694e-01
 -6.26065612e-01 -6.21877134e-01 -6.16474867e-01 -6.11094713e-01
 -6.08195245e-01 -6.08057261e-01 -6.00935400e-01 -5.92863023e-01
 -5.83242476e-01 -5.74732900e-01 -5.67066848e-01 -5.52404523e-01
 -5.38926423e-01 -5.27773321e-01 -5.16170800e-01 -5.02024174e-01
 -4.84532982e-01 -4.70484465e-01 -4.54067290e-01 -4.37797278e-01
 -4.19912696e-01 -4.00938779e-01 -3.82856846e-01 -3.58852893e-01
 -3.33670169e-01 -3.09921056e-01 -2.85651118e-01 -2.63042092e-01
 -2.39675745e-01 -2.15838596e-01]
[-1.10670304 -1.12113714 -1.13356638 -1.14606738 -1.1542635  -1.1620481
 -1.16934323 -1.1752789  -1.17826104 -1.17997539 -1.18271685 -1.18242013
 -1.18082035 -1.17846739 -1.17580724 -1.17169893 -1.16526127 -1.15605283
 -1.14548409 -1.13620126 -1.12548995 -1.11226428 -1.09904957 -1.0824796
 -1.06560433 -1.04859781 -1.02685118 -1.00476038 -0.98428893 -0.96141708
 -0.93719298 -0.91326827 -0.88537687 -0.85883427 -0.83227009 -0.80469167
 -0.77540833 -0.74651134 -0.71511412 -0.68392915 -0.64848477 -0.6122238
 -0.57887083 -0.54485333 -0.50855786 -0.47174251 -0.43377507 -0.39734209
 -0.3583259  -0.31834146 -0.27884531 -0.23897718 -0.20106827 -0.16076437
 -0.11943562 -0.07792714 -0.03638776  0.0042755   0.04495743  0.08566173
  0.1265166   0.16806798  0.21058971  0.25234047  0.29417863  0.33590311
  0.37851942  0.42086315  0.46247885  0.50456446  0.54638708  0.58767188
  0.63076794  0.67397594  0.71544456  0.75616896  0.79647738  0.83793443
  0.87729979  0.91400915  0.95143771  0.98843229  1.0225544   1.05362463
  1.08464646  1.11494637  1.14139378  1.16708326  1.1891619   1.21157026
  1.22830784  1.24469173  1.26577365  1.28071463  1.29160595  1.29859519
  1.30393243  1.3094368   1.31013477  1.30886161  1.309582    1.30859578
  1.30832255  1.30413628  1.29684591  1.28573954  1.27662098  1.26514101
  1.24948132  1.23267114  1.21308351  1.19441497  1.17311406  1.14840794
  1.12080169  1.09557223  1.06689632  1.03596997  1.00066388  0.969096
  0.93344188  0.89574921  0.85764939  0.81829846  0.7767942   0.7347942
  0.69124627  0.6480208   0.60534126  0.56124413  0.5175699   0.47368172
  0.42985061  0.38560006  0.34287372  0.30126068  0.26064852  0.21853106
  0.17686124  0.13561063  0.09401101  0.0522957   0.0115757  -0.02706403
 -0.06598171 -0.1056518  -0.14482358 -0.18320562 -0.22298157 -0.26187116
 -0.30008578 -0.33743054 -0.37457895 -0.41135085 -0.44602272 -0.479812
 -0.51393294 -0.54744774 -0.5813899  -0.61626279 -0.64911044 -0.67915183
 -0.70815045 -0.73530066 -0.76586634 -0.79430532 -0.82246387 -0.84784251
 -0.87470233 -0.89989299 -0.92431569 -0.94725657 -0.96675545 -0.98421657
 -1.00351417 -1.02389634 -1.04096913 -1.05084896 -1.06314194 -1.07522643
 -1.08860159 -1.09924185 -1.10819912 -1.11498594 -1.12062955 -1.12703931
 -1.13288498 -1.13510942 -1.13563263 -1.135198   -1.13539159 -1.13392043
 -1.13228524 -1.12796211 -1.12190974 -1.11463916 -1.10636985 -1.09649837
 -1.08700109 -1.07440174 -1.06007349 -1.04574347 -1.02884543 -1.00910878
 -0.9890666  -0.96915597 -0.94564784 -0.91972435 -0.89411271 -0.86895418
 -0.84066063 -0.81080192 -0.7830413  -0.75521749 -0.72182864 -0.68851572
 -0.65559936 -0.62245244 -0.58691108 -0.55102587 -0.51278907 -0.475108
 -0.43852958 -0.39999968 -0.35922259 -0.31852296 -0.27790257 -0.23631433
 -0.19368297 -0.15023479 -0.10658427 -0.06227954 -0.01768124  0.02674831
  0.07158586  0.11662693  0.16159216  0.20686831  0.25231668  0.29747173
  0.34440169  0.38993257  0.43506667  0.48156965  0.52795953  0.57231039
  0.61948794  0.66504067  0.70836002  0.75243604  0.79691046]
[ 7.03839302e-01  6.57378018e-01  6.10297024e-01  5.62578917e-01
  5.14471173e-01  4.66633946e-01  4.18439806e-01  3.69354218e-01
  3.20974827e-01  2.73609877e-01  2.26765081e-01  1.80151820e-01
  1.33499771e-01  8.61413330e-02  3.93313244e-02 -7.98814744e-03
 -5.36917113e-02 -9.76007357e-02 -1.43122986e-01 -1.88698754e-01
 -2.33689427e-01 -2.76126504e-01 -3.17816675e-01 -3.61660451e-01
 -4.04801279e-01 -4.46601152e-01 -4.85637814e-01 -5.25589526e-01
 -5.66508293e-01 -6.03281200e-01 -6.38795972e-01 -6.76617444e-01
 -7.12377846e-01 -7.45230138e-01 -7.76690066e-01 -8.08054984e-01
 -8.38260412e-01 -8.67156565e-01 -8.96876872e-01 -9.26594853e-01
 -9.55310643e-01 -9.80085135e-01 -1.00198770e+00 -1.02356422e+00
 -1.04573822e+00 -1.06555927e+00 -1.08239257e+00 -1.09843278e+00
 -1.11487150e+00 -1.12964797e+00 -1.13996398e+00 -1.15132499e+00
 -1.16278076e+00 -1.17071450e+00 -1.17616439e+00 -1.18057430e+00
 -1.18557727e+00 -1.18879759e+00 -1.18873584e+00 -1.18715298e+00
 -1.18635690e+00 -1.18385696e+00 -1.17841041e+00 -1.17355859e+00
 -1.16636682e+00 -1.15823519e+00 -1.15003419e+00 -1.13918281e+00
 -1.12732446e+00 -1.11415899e+00 -1.10042465e+00 -1.08411407e+00
 -1.06808507e+00 -1.05044663e+00 -1.02841437e+00 -1.00441265e+00
 -9.84337807e-01 -9.61827517e-01 -9.39391077e-01 -9.14209247e-01
 -8.87727499e-01 -8.61884952e-01 -8.35368931e-01 -8.08191895e-01
 -7.78961957e-01 -7.49888122e-01 -7.19319880e-01 -6.87986672e-01
 -6.53644681e-01 -6.16956830e-01 -5.83661437e-01 -5.49627542e-01
 -5.14410019e-01 -4.77453411e-01 -4.38453048e-01 -4.02538657e-01
 -3.64138693e-01 -3.23911816e-01 -2.83093303e-01 -2.43209064e-01
 -2.05119431e-01 -1.64472014e-01 -1.23103134e-01 -8.21981356e-02
 -4.10437733e-02 -1.27716584e-03  3.93270887e-02  8.10499638e-02
  1.22121319e-01  1.64241210e-01  2.06877977e-01  2.49198928e-01
  2.92128950e-01  3.34691525e-01  3.77140820e-01  4.20402497e-01
  4.62707520e-01  5.06016612e-01  5.49120307e-01  5.90833724e-01
  6.33595169e-01  6.78215146e-01  7.20594645e-01  7.61521637e-01
  8.01755488e-01  8.41327906e-01  8.78668010e-01  9.16363239e-01
  9.52314734e-01  9.86752808e-01  1.01946950e+00  1.05077910e+00
  1.08086801e+00  1.10842252e+00  1.13501453e+00  1.16180825e+00
  1.18454504e+00  1.20679319e+00  1.22594535e+00  1.24273562e+00
  1.26437998e+00  1.28272402e+00  1.29704905e+00  1.30570912e+00
  1.31365001e+00  1.32221961e+00  1.32727873e+00  1.33157635e+00
  1.33426571e+00  1.33286011e+00  1.32911026e+00  1.32141030e+00
  1.31152034e+00  1.29978573e+00  1.28836906e+00  1.27552223e+00
  1.25572157e+00  1.23738170e+00  1.21881485e+00  1.19755101e+00
  1.17488384e+00  1.14995480e+00  1.12320495e+00  1.09453118e+00
  1.06363857e+00  1.03343070e+00  9.99051988e-01  9.64517951e-01
  9.30998087e-01  8.93398046e-01  8.56130779e-01  8.17358077e-01
  7.75905728e-01  7.35513687e-01  6.92321539e-01  6.48034096e-01
  6.04328930e-01  5.60273528e-01  5.16608715e-01  4.72684979e-01
  4.28874552e-01  3.85193735e-01  3.42199147e-01  3.00880343e-01
  2.59431720e-01  2.17553735e-01  1.75606936e-01  1.34127527e-01
  9.26259309e-02  5.13789393e-02  1.07557485e-02 -2.78448593e-02
 -6.62893951e-02 -1.05812050e-01 -1.45405084e-01 -1.84150830e-01
 -2.23356515e-01 -2.61728972e-01 -2.99317241e-01 -3.37109745e-01
 -3.74473542e-01 -4.10967112e-01 -4.44369137e-01 -4.76765305e-01
 -5.11527240e-01 -5.45767426e-01 -5.79700947e-01 -6.12778366e-01
 -6.44787192e-01 -6.75462067e-01 -7.03797877e-01 -7.29946613e-01
 -7.59207845e-01 -7.86817372e-01 -8.13912928e-01 -8.39944780e-01
 -8.65059018e-01 -8.88540685e-01 -9.11730051e-01 -9.33381379e-01
 -9.53721702e-01 -9.72702146e-01 -9.92307246e-01 -1.01135039e+00
 -1.02646041e+00 -1.03527188e+00 -1.04568279e+00 -1.05746329e+00
 -1.06886709e+00 -1.07931852e+00 -1.08920193e+00 -1.09689188e+00
 -1.10339093e+00 -1.10825467e+00 -1.11264718e+00 -1.11711788e+00
 -1.11976957e+00 -1.12068403e+00 -1.11930549e+00 -1.11683404e+00
 -1.11361456e+00 -1.11045706e+00 -1.10618532e+00 -1.09935975e+00
 -1.09067822e+00 -1.08268225e+00 -1.07672858e+00 -1.06531775e+00
 -1.05049348e+00 -1.03494799e+00 -1.01889777e+00]
[-0.1130329  -0.14533086 -0.17870712 -0.21394947 -0.246985   -0.28014678
 -0.31322891 -0.34084576 -0.36926794 -0.40056884 -0.4293437  -0.45448837
 -0.47919431 -0.50477064 -0.52789205 -0.54744941 -0.57159764 -0.59389317
 -0.61087441 -0.63034004 -0.64846051 -0.66527462 -0.67941153 -0.69346189
 -0.71124321 -0.72863501 -0.738383   -0.74824452 -0.7581827  -0.77121288
 -0.7803759  -0.79016155 -0.80139977 -0.80732191 -0.81367379 -0.82201791
 -0.83016294 -0.83465117 -0.83711952 -0.84096235 -0.84291136 -0.84469819
 -0.8423906  -0.84083605 -0.83939028 -0.83624852 -0.83337593 -0.82610399
 -0.81932408 -0.81139135 -0.80392402 -0.79563677 -0.78012818 -0.76645321
 -0.7566011  -0.74572587 -0.73217762 -0.71878183 -0.70376098 -0.6910404
 -0.67314577 -0.65551829 -0.63727766 -0.62080634 -0.59923387 -0.57648557
 -0.5516026  -0.52865815 -0.50512159 -0.47929531 -0.45209619 -0.42734581
 -0.39880717 -0.36834428 -0.33697903 -0.30600742 -0.27510718 -0.24286729
 -0.21131818 -0.17601679 -0.13967882 -0.10471376 -0.06939496 -0.03353928
  0.00125986  0.03568453  0.06993724  0.10599961  0.14221427  0.17700475
  0.20988518  0.24307863  0.27598941  0.30825883  0.33887827  0.36744207
  0.39717284  0.42656782  0.45539358  0.48287469  0.50809675  0.53466219
  0.56016958  0.58494049  0.60839576  0.6308769   0.65214336  0.67432171
  0.69428074  0.71494478  0.73456812  0.75091946  0.76647139  0.78206658
  0.79524165  0.80680245  0.81720012  0.82765502  0.84129637  0.85265309
  0.86367506  0.868536    0.87394524  0.88035077  0.8848381   0.89027196
  0.89690465  0.89524919  0.89033043  0.88280541  0.87321484  0.86626041
  0.86081147  0.85647148  0.84628469  0.83584797  0.82713091  0.81749195
  0.80560768  0.79297853  0.78003091  0.76575673  0.74782187  0.73099542
  0.71125513  0.68882167  0.66753703  0.64688057  0.62313783  0.60217124
  0.57769591  0.55241156  0.52716595  0.50247282  0.47725359  0.44985005
  0.42241678  0.39419383  0.36495632  0.33491176  0.30486333  0.27695593
  0.24516803  0.21357429  0.18078557  0.14720753  0.11272755  0.0776925
  0.04506146  0.01163389 -0.02218466 -0.05787726 -0.09337063 -0.12842633
 -0.16279517 -0.19600157 -0.2277635  -0.25965559 -0.29316247 -0.32670221
 -0.35501671 -0.38017306 -0.40591681 -0.43418178 -0.46166751 -0.48837149
 -0.50902766 -0.5300203  -0.55221444 -0.56926703 -0.58869618 -0.60529578
 -0.62434638 -0.63985687 -0.65654379 -0.66996312 -0.68311977 -0.69291615
 -0.70515645 -0.71780562 -0.72874439 -0.73446053 -0.73990202 -0.74367011
 -0.75079441 -0.75926548 -0.76582974 -0.76916695 -0.77289873 -0.77588761
 -0.77860564 -0.78084463 -0.78039235 -0.77877671 -0.77646226 -0.77499974
 -0.77299809 -0.76977962 -0.76556581 -0.7592333  -0.74988514 -0.74243927
 -0.73560286 -0.72754049 -0.72136086 -0.71606612 -0.70716262 -0.69637793
 -0.67927563 -0.66719306 -0.65848011 -0.64281386 -0.62746733 -0.61285985
 -0.5978061  -0.57957929 -0.55953735 -0.54103416 -0.52324271 -0.50372505
 -0.48047096 -0.45682499 -0.43463621 -0.4096126  -0.38191962 -0.3543928
 -0.32486296 -0.29789957 -0.27268532 -0.24293259 -0.21148711 -0.17973822
 -0.14705536 -0.1145064  -0.08316389 -0.05194398]
[-1.17816865 -1.19304264 -1.20242536 -1.21031463 -1.21677244 -1.22803628
 -1.23790586 -1.24101758 -1.24304557 -1.24654114 -1.24792922 -1.24623513
 -1.24187124 -1.23745537 -1.23394942 -1.22616982 -1.2171036  -1.2051307
 -1.19408536 -1.18253314 -1.17067313 -1.15332294 -1.13451564 -1.1181277
 -1.09691286 -1.07614434 -1.05871606 -1.03722954 -1.01300979 -0.98751771
 -0.9618395  -0.93714172 -0.91289395 -0.88884121 -0.86021924 -0.82858121
 -0.79711199 -0.76738268 -0.73511827 -0.70062822 -0.66616696 -0.63289821
 -0.59860939 -0.56088287 -0.52147186 -0.48345831 -0.44535515 -0.40658194
 -0.3645882  -0.32163674 -0.27970651 -0.23732577 -0.19268756 -0.14568807
 -0.10180186 -0.05963842 -0.0160272   0.03145387  0.07888021  0.12582578
  0.17204724  0.22008279  0.26755172  0.31495908  0.36039314  0.40640175
  0.4536601   0.50121903  0.54881102  0.59534639  0.64196819  0.69103622
  0.73958445  0.78856707  0.83373314  0.88120937  0.92733747  0.97318542
  1.02024126  1.06599844  1.11029494  1.15140963  1.19426107  1.23645496
  1.27621174  1.31087208  1.34577453  1.37993443  1.40700352  1.4364754
  1.46285152  1.48505247  1.50355649  1.51232922  1.52035534  1.52925408
  1.53472435  1.53596389  1.5372529   1.53292227  1.52756357  1.52078116
  1.50536215  1.48766077  1.47216904  1.45240593  1.42247331  1.39140093
  1.36298823  1.32783961  1.2912935   1.25273204  1.20956624  1.16634142
  1.11863399  1.06660008  1.02027583  0.97341883  0.92523968  0.87970585
  0.8304143   0.78283602  0.73457795  0.68854034  0.6410082   0.59324181
  0.54643536  0.50000691  0.45345941  0.40590557  0.35870457  0.31266543
  0.2649321   0.21998101  0.17560041  0.12907276  0.08196102  0.03503118
 -0.01101183 -0.05686015 -0.10262839 -0.1457893  -0.18942821 -0.23249544
 -0.27496031 -0.31814784 -0.3592751  -0.3988879  -0.44008118 -0.48248678
 -0.52213526 -0.55766803 -0.59219044 -0.62487864 -0.6612426  -0.69707739
 -0.73076028 -0.76258498 -0.79202062 -0.82168031 -0.84768391 -0.87364638
 -0.90269703 -0.92815316 -0.95261347 -0.97721779 -0.99953604 -1.01903379
 -1.0392611  -1.05901539 -1.07384956 -1.08715606 -1.10619867 -1.11996329
 -1.13389635 -1.14409304 -1.15445566 -1.1623913  -1.17123353 -1.17920268
 -1.18585861 -1.18929172 -1.19173396 -1.19194591 -1.19334245 -1.19364035
 -1.19271159 -1.19019914 -1.18681896 -1.18374741 -1.17517209 -1.16711676
 -1.15883863 -1.14569354 -1.13147509 -1.12129557 -1.11307526 -1.10061765
 -1.08136129 -1.06282938 -1.04491425 -1.02478123 -1.0044651  -0.98321587
 -0.95967299 -0.93333834 -0.90548354 -0.87756485 -0.84996998 -0.81991667
 -0.79134536 -0.76117992 -0.72731823 -0.69402695 -0.65973788 -0.62219685
 -0.5845964  -0.54546171 -0.50514287 -0.46662185 -0.42761213 -0.38503247
 -0.34099159 -0.29693735 -0.2548514  -0.21202429 -0.16611233 -0.11901753
 -0.07306675 -0.02605963  0.02180447  0.06976668  0.11811704  0.16526343
  0.21361552  0.26240346  0.31183878  0.36109585  0.4087182   0.45622149
  0.50382149  0.55117947  0.59996158  0.64958346  0.6981945   0.74452937
  0.79025507  0.83684772  0.88303101  0.92849237  0.97447377  1.01771939
  1.06255949  1.10568857  1.14883316  1.19122708  1.23158336  1.26708138]
[ 1.16949213  1.12662947  1.08233428  1.0360533   0.98646426  0.9367094
  0.8864724   0.83721167  0.78763688  0.73683625  0.68613762  0.63635021
  0.58601868  0.53495973  0.48456255  0.43422678  0.38360569  0.33428594
  0.28465986  0.23515636  0.18773548  0.13852726  0.08926104  0.04115916
 -0.00588894 -0.05308928 -0.10187601 -0.15003817 -0.19669156 -0.24125347
 -0.28701138 -0.33097327 -0.37308696 -0.41642493 -0.45835915 -0.50086695
 -0.54275453 -0.58145815 -0.61813062 -0.65813917 -0.6936301  -0.7273578
 -0.76035213 -0.79556549 -0.82688349 -0.8563177  -0.88601446 -0.92004538
 -0.94809705 -0.97279519 -0.99649602 -1.02061296 -1.04440212 -1.06730378
 -1.08974242 -1.11347449 -1.13004994 -1.14178741 -1.15798819 -1.17503011
 -1.18825877 -1.19802237 -1.20985508 -1.21809423 -1.22501314 -1.2314769
 -1.23708975 -1.24151695 -1.24440479 -1.24464321 -1.24380422 -1.24205303
 -1.23972857 -1.23480022 -1.22759771 -1.21926665 -1.21012759 -1.19966447
 -1.18872881 -1.17648959 -1.16125917 -1.14456666 -1.12351859 -1.1021539
 -1.08407032 -1.06660068 -1.04552901 -1.02285063 -1.00079703 -0.97534132
 -0.94966799 -0.92421424 -0.89956313 -0.87264949 -0.84443265 -0.81355131
 -0.78068584 -0.74546748 -0.71376359 -0.68250781 -0.64779145 -0.61284864
 -0.5763678  -0.53956324 -0.50151247 -0.46196219 -0.42300639 -0.38256282
 -0.34375077 -0.3024258  -0.25950086 -0.21679117 -0.17210922 -0.12847419
 -0.0827532  -0.040019    0.00297232  0.04859829  0.09486747  0.14230379
  0.18882486  0.23443455  0.28106529  0.32925588  0.37307933  0.4178088
  0.46390095  0.51093811  0.55859214  0.60743105  0.65493894  0.70316017
  0.7495048   0.79842114  0.84697634  0.89622486  0.94252205  0.98994398
  1.03863442  1.08652568  1.13591158  1.17953742  1.22216356  1.26273739
  1.2995491   1.33243763  1.36258733  1.39053667  1.4211303   1.44512904
  1.46766412  1.48008478  1.488325    1.49710929  1.50122666  1.50338733
  1.50265574  1.50151658  1.4991405   1.49565315  1.48955393  1.47900999
  1.4680928   1.45809102  1.44143379  1.42071009  1.39855969  1.37483537
  1.3463546   1.31399286  1.28001952  1.24480987  1.20462143  1.15988135
  1.11415696  1.06774819  1.01909161  0.96749216  0.91959184  0.87131518
  0.82284498  0.77449846  0.72479945  0.67617553  0.62793195  0.58157182
  0.53427595  0.48660693  0.43927509  0.3920747   0.345236    0.30096465
  0.25688046  0.2116686   0.16645823  0.12089305  0.0744089   0.02789371
 -0.01828709 -0.0613859  -0.10292315 -0.14800175 -0.1926465  -0.23355551
 -0.27524573 -0.31797934 -0.35809132 -0.39872158 -0.4398227  -0.47987312
 -0.51602721 -0.55020952 -0.58550417 -0.62024236 -0.65575927 -0.69195867
 -0.72566974 -0.75485742 -0.78409463 -0.8101024  -0.83850938 -0.86693704
 -0.89358222 -0.91948938 -0.94363397 -0.96864712 -0.99137062 -1.01206267
 -1.03397202 -1.05065525 -1.06269586 -1.07954752 -1.09653592 -1.10897052
 -1.11918235 -1.13076544 -1.14387858 -1.15445173 -1.16040814 -1.16530097
 -1.16959572 -1.17404842 -1.18016839 -1.18213189 -1.18322861 -1.18060291
 -1.17911875 -1.17706513 -1.17673528 -1.17434275 -1.16522336 -1.15520382
 -1.14565587 -1.13781929 -1.12990117 -1.1179961  -1.10568404 -1.09214926]
[-0.2833277  -0.32649532 -0.36734894 -0.41106462 -0.45398492 -0.49619204
 -0.53798014 -0.5762068  -0.61342573 -0.65063423 -0.68691063 -0.72219312
 -0.75416929 -0.78654695 -0.81847972 -0.84713137 -0.87807786 -0.91155583
 -0.93629813 -0.96187335 -0.98708743 -1.00926375 -1.0326066  -1.05411553
 -1.07944822 -1.10343087 -1.12011087 -1.13044131 -1.1450603  -1.16235673
 -1.1769923  -1.1905452  -1.2012279  -1.20623827 -1.21413481 -1.22383177
 -1.23301744 -1.23710382 -1.23822391 -1.24128377 -1.24224567 -1.2436415
 -1.23888695 -1.23404431 -1.2291168  -1.22207606 -1.21556282 -1.20304048
 -1.19201589 -1.17896223 -1.16486037 -1.14928401 -1.12626743 -1.10724735
 -1.09067416 -1.07374346 -1.05507791 -1.03253186 -1.00960886 -0.98402691
 -0.9584024  -0.9344576  -0.91051471 -0.88405955 -0.85594034 -0.82492101
 -0.79248792 -0.75756943 -0.72611374 -0.6958552  -0.66107947 -0.62579083
 -0.58965963 -0.55233437 -0.5139432  -0.47378957 -0.43488792 -0.39490846
 -0.35565743 -0.31391877 -0.26986328 -0.22657435 -0.18061845 -0.13447447
 -0.09090704 -0.04940327 -0.00691418  0.04055809  0.08915329  0.13596188
  0.18137975  0.22869511  0.27671319  0.32483229  0.3697277   0.41371319
  0.46221438  0.51084304  0.56001437  0.6103043   0.6591171   0.70813227
  0.75847095  0.8085562   0.85838926  0.90732569  0.95447081  1.00417352
  1.05304277  1.10099339  1.14825583  1.19091594  1.23056769  1.27020049
  1.30654943  1.33648753  1.36343038  1.3900013   1.41495907  1.44003546
  1.46283805  1.47143388  1.47804511  1.48452592  1.48433685  1.48718762
  1.49071801  1.4907037   1.49024785  1.48962581  1.48403788  1.47689223
  1.46930945  1.46079826  1.44456065  1.42429161  1.40180671  1.37754822
  1.34787023  1.31416237  1.27978826  1.24452615  1.20030499  1.1560688
  1.10846293  1.05766642  1.00941312  0.96162325  0.9104591   0.86504233
  0.81537032  0.76471311  0.71656114  0.66842401  0.6209017   0.57236511
  0.52416188  0.47647694  0.42864028  0.38029501  0.33199117  0.28948009
  0.24326321  0.19796376  0.15251048  0.10619556  0.05890352  0.01120173
 -0.03495704 -0.07881381 -0.12076817 -0.16614991 -0.21069643 -0.25221112
 -0.29352814 -0.33734187 -0.37646848 -0.41579047 -0.4574753  -0.49953288
 -0.53476495 -0.56674391 -0.60134643 -0.63620406 -0.67201072 -0.7082811
 -0.74065483 -0.76855493 -0.79764777 -0.82207477 -0.84754676 -0.8751213
 -0.90199572 -0.9277938  -0.95230615 -0.97723389 -0.99958211 -1.01584995
 -1.03802681 -1.05160797 -1.06415725 -1.08058596 -1.09717774 -1.1053257
 -1.11637056 -1.12856138 -1.13932073 -1.14608371 -1.15410483 -1.15940535
 -1.16281021 -1.16782308 -1.17036188 -1.17120242 -1.16976213 -1.16929066
 -1.16849554 -1.16503584 -1.16330647 -1.16091144 -1.15019977 -1.14156103
 -1.13343692 -1.12340033 -1.11346078 -1.10073102 -1.09114754 -1.0776937
 -1.0557642  -1.03744137 -1.02100921 -1.00466716 -0.98299092 -0.95955235
 -0.93644243 -0.90990102 -0.88433969 -0.85628188 -0.82908732 -0.7994535
 -0.77004212 -0.73791921 -0.70419014 -0.67351127 -0.63824147 -0.60117173
 -0.56248719 -0.52401578 -0.48834854 -0.44882497 -0.40639129 -0.36255237
 -0.31842044 -0.27550426 -0.23458034 -0.19246395 -0.14672557 -0.10092123]
[-1.11532009 -1.12972391 -1.1436069  -1.15975344 -1.17519009 -1.1889745
 -1.19864762 -1.20587468 -1.21251464 -1.22449672 -1.23275769 -1.23581362
 -1.23817801 -1.24162936 -1.24363101 -1.23945999 -1.23439717 -1.23023438
 -1.22871709 -1.22324264 -1.21242416 -1.20051885 -1.18959785 -1.17632794
 -1.1629132  -1.14668417 -1.12932587 -1.1084491  -1.08843207 -1.07251394
 -1.05345118 -1.03144729 -1.00722921 -0.98423362 -0.95952946 -0.93294126
 -0.90811592 -0.8841148  -0.85569078 -0.82530081 -0.79497564 -0.76367813
 -0.72934282 -0.69698936 -0.6622749  -0.63017881 -0.59518427 -0.55555856
 -0.51819742 -0.47937793 -0.44061705 -0.4011735  -0.35991514 -0.31880444
 -0.27489197 -0.23062898 -0.18552029 -0.14005336 -0.09700227 -0.05430322
 -0.00831851  0.03799645  0.0854969   0.13334399  0.18201433  0.22861548
  0.27639487  0.32542643  0.37103659  0.41702712  0.4651705   0.51321787
  0.56069934  0.60887825  0.65841615  0.70726228  0.75577307  0.80288428
  0.85117215  0.89798415  0.94510299  0.99087399  1.03650749  1.08282745
  1.12764609  1.17031658  1.21083391  1.25197423  1.29132378  1.32482541
  1.35733783  1.38849556  1.41560853  1.44652104  1.47171032  1.49082601
  1.50229764  1.51232946  1.51938093  1.52666104  1.53205681  1.53234076
  1.53194821  1.5244925   1.51824403  1.5100565   1.49513781  1.47947431
  1.4634347   1.43729484  1.4087534   1.38195908  1.35066414  1.316787
  1.27902818  1.24057603  1.19535184  1.14969063  1.10172987  1.05019128
  1.00350738  0.95485246  0.90774012  0.85966158  0.81088018  0.76275033
  0.71466082  0.66691703  0.61938727  0.57169092  0.52533418  0.4772962
  0.43017763  0.3820011   0.33544692  0.28803316  0.24278457  0.19653343
  0.15002774  0.10380585  0.05686897  0.00977381 -0.03647161 -0.08302529
 -0.12660012 -0.17056189 -0.21550138 -0.25852868 -0.30114844 -0.34293979
 -0.38237417 -0.42300767 -0.46641654 -0.50746822 -0.54536504 -0.57948405
 -0.61181659 -0.64811295 -0.68387645 -0.71883494 -0.75019115 -0.78082335
 -0.81174672 -0.83821082 -0.86298186 -0.88959557 -0.9179945  -0.94124693
 -0.96505809 -0.98900878 -1.00941443 -1.02793396 -1.04759181 -1.06771839
 -1.0814923  -1.0928278  -1.10894895 -1.12436891 -1.13489091 -1.14429092
 -1.15666962 -1.16348028 -1.16971505 -1.17657769 -1.18312252 -1.18546402
 -1.18688703 -1.18466747 -1.18655002 -1.18695176 -1.18449855 -1.17998266
 -1.17799222 -1.17195022 -1.16426194 -1.1544441  -1.14392078 -1.13258398
 -1.11972702 -1.11253989 -1.10004008 -1.08425152 -1.06443453 -1.0459398
 -1.02946746 -1.00948155 -0.98730904 -0.96540743 -0.94315362 -0.91770178
 -0.88912141 -0.86146647 -0.83302104 -0.80495507 -0.77460086 -0.74204361
 -0.70980704 -0.67649972 -0.64009595 -0.60334241 -0.56572223 -0.52614999
 -0.48855999 -0.44985107 -0.40804526 -0.36513761 -0.32066754 -0.27623719
 -0.2346971  -0.1922231  -0.14614086 -0.09865172 -0.05253798 -0.00500517
  0.04271354  0.09171654  0.14007531  0.18841255  0.23610732  0.28488019
  0.33443889  0.3827374   0.42941853  0.47756994  0.52576858  0.57298201
  0.62292588  0.67052293  0.71819097  0.76503676  0.8099336   0.8565855
  0.9027012   0.94759911  0.99095672  1.03553557  1.08078325  1.12303722
  1.16481149  1.20502329  1.24454236]
[-0.15911064 -0.20628172 -0.25141042 -0.29670498 -0.34118375 -0.38452747
 -0.4286949  -0.47095349 -0.51242524 -0.55354458 -0.59358722 -0.63261056
 -0.67119622 -0.70764661 -0.74264944 -0.776824   -0.80990899 -0.8418631
 -0.87270737 -0.9023785  -0.9366945  -0.9651019  -0.9908374  -1.01620555
 -1.03987062 -1.06354833 -1.08802414 -1.11009789 -1.13079524 -1.14832103
 -1.16196501 -1.17788458 -1.19398677 -1.20823038 -1.21826982 -1.22785699
 -1.23487198 -1.24179435 -1.2481178  -1.25345278 -1.2566725  -1.2578994
 -1.25810826 -1.25592625 -1.25257719 -1.24794459 -1.24200809 -1.23466289
 -1.22619987 -1.2156322  -1.20374608 -1.19006538 -1.17681611 -1.16128051
 -1.14388347 -1.12100041 -1.09819138 -1.08066738 -1.06099975 -1.03823161
 -1.01468813 -0.99053735 -0.96414232 -0.93703455 -0.91038591 -0.88465458
 -0.8568244  -0.82750648 -0.7958715  -0.7628864  -0.72734028 -0.69471848
 -0.66253024 -0.62739736 -0.59056002 -0.55276251 -0.5160169  -0.47785968
 -0.43747419 -0.39742672 -0.35684836 -0.31728053 -0.27591273 -0.23286052
 -0.18991621 -0.14623702 -0.10252767 -0.05767193 -0.01530723  0.02732204
  0.07211561  0.11824147  0.16443348  0.20939824  0.25377858  0.30026132
  0.34594092  0.38945219  0.43295035  0.47855228  0.52423435  0.5705204
  0.61796302  0.6651836   0.71154994  0.75667882  0.80327868  0.85054904
  0.89699805  0.94208783  0.98763418  1.03299606  1.07871151  1.12440288
  1.16718435  1.20923913  1.24919629  1.2871784   1.32105339  1.34988821
  1.37869275  1.41008079  1.43599296  1.46218765  1.47534251  1.48531926
  1.49839878  1.50406063  1.50954688  1.51181984  1.51153922  1.51026988
  1.50625539  1.49912214  1.48738289  1.47529566  1.46201956  1.44139683
  1.41782916  1.39313817  1.36722279  1.33581209  1.301826    1.26639843
  1.22886395  1.18681085  1.14284623  1.09755778  1.05237627  1.00529361
  0.96026736  0.91455257  0.86890906  0.82380879  0.77574337  0.7296418
  0.68324405  0.63716435  0.5915525   0.54550344  0.4991594   0.45364779
  0.40816739  0.36194754  0.3185136   0.27534053  0.23017775  0.18598869
  0.14113712  0.09548716  0.05003846  0.00475082 -0.03798914 -0.07937822
 -0.12397507 -0.16736412 -0.20859018 -0.24968772 -0.29209998 -0.33250403
 -0.37253147 -0.4130469  -0.45265052 -0.48906925 -0.52267754 -0.55836976
 -0.59403837 -0.62991649 -0.66574478 -0.69945711 -0.73031771 -0.75952822
 -0.78581053 -0.81458503 -0.84403229 -0.87124509 -0.89856994 -0.92518795
 -0.95181763 -0.97540069 -0.99667031 -1.01843214 -1.03692675 -1.0522604
 -1.07112885 -1.09060705 -1.10315585 -1.11291373 -1.12609661 -1.13978493
 -1.15013301 -1.15887666 -1.16775751 -1.17411304 -1.17998636 -1.18573463
 -1.18871415 -1.19084227 -1.19155955 -1.19067323 -1.18974018 -1.18915486
 -1.18760335 -1.18253231 -1.17400789 -1.16591263 -1.15781891 -1.14938068
 -1.13818049 -1.1252172  -1.11216652 -1.09390128 -1.07470262 -1.05587339
 -1.03851712 -1.0162307  -0.99257499 -0.96833688 -0.94226897 -0.91516191
 -0.8881135  -0.86009437 -0.83017725 -0.79907191 -0.76675695 -0.73280734
 -0.69942409 -0.6647107  -0.62879056 -0.59037215 -0.55093163 -0.51437861
 -0.47474191 -0.43245211 -0.38954499 -0.34539217 -0.30186293 -0.25969708
 -0.21590322 -0.17099266 -0.12517455]
[ 1.21825528e+00  1.17349315e+00  1.12964785e+00  1.08317053e+00
  1.03485048e+00  9.85195816e-01  9.35718358e-01  8.85888994e-01
  8.36143255e-01  7.86730707e-01  7.36101449e-01  6.86189830e-01
  6.36149645e-01  5.85359991e-01  5.34212112e-01  4.84141320e-01
  4.34024900e-01  3.82930934e-01  3.32719356e-01  2.83507138e-01
  2.34392226e-01  1.86226234e-01  1.38090521e-01  8.93464088e-02
  4.09077927e-02 -7.68039050e-03 -5.50917387e-02 -1.02080911e-01
 -1.50016084e-01 -1.97136581e-01 -2.43231177e-01 -2.87696511e-01
 -3.31227988e-01 -3.74342680e-01 -4.18265790e-01 -4.62005228e-01
 -5.02909124e-01 -5.43785512e-01 -5.84308982e-01 -6.22117519e-01
 -6.60218060e-01 -6.98135197e-01 -7.32289672e-01 -7.66685307e-01
 -8.00604582e-01 -8.33228588e-01 -8.64022851e-01 -8.93281162e-01
 -9.24483299e-01 -9.54857290e-01 -9.82029378e-01 -1.00666225e+00
 -1.03142607e+00 -1.05473328e+00 -1.07687998e+00 -1.09874380e+00
 -1.12159359e+00 -1.13986921e+00 -1.15369964e+00 -1.16868854e+00
 -1.18664074e+00 -1.20035028e+00 -1.21054995e+00 -1.22043180e+00
 -1.22994959e+00 -1.23825657e+00 -1.24441099e+00 -1.24941111e+00
 -1.25371456e+00 -1.25576949e+00 -1.25592482e+00 -1.25475848e+00
 -1.25121427e+00 -1.24688959e+00 -1.24142015e+00 -1.23490238e+00
 -1.22568429e+00 -1.21636462e+00 -1.20508099e+00 -1.19267344e+00
 -1.17872870e+00 -1.16385293e+00 -1.14768112e+00 -1.12904656e+00
 -1.10612404e+00 -1.08506286e+00 -1.06659710e+00 -1.04544222e+00
 -1.02140188e+00 -9.97994483e-01 -9.73535359e-01 -9.47856605e-01
 -9.21504796e-01 -8.95299017e-01 -8.67798924e-01 -8.39342356e-01
 -8.09197724e-01 -7.77722836e-01 -7.43460536e-01 -7.08724380e-01
 -6.76304042e-01 -6.41968489e-01 -6.07737958e-01 -5.71585178e-01
 -5.33541739e-01 -4.96377259e-01 -4.57636535e-01 -4.17904079e-01
 -3.77049387e-01 -3.36429238e-01 -2.96112478e-01 -2.53553718e-01
 -2.10527584e-01 -1.66271180e-01 -1.22415379e-01 -7.89266080e-02
 -3.51631418e-02  9.26693715e-03  5.40953949e-02  9.98485684e-02
  1.46548420e-01  1.93109557e-01  2.38994569e-01  2.84683138e-01
  3.31912875e-01  3.76769453e-01  4.21549082e-01  4.66796130e-01
  5.11797547e-01  5.58459640e-01  6.05624557e-01  6.52108133e-01
  6.99110389e-01  7.44983494e-01  7.90757656e-01  8.38490307e-01
  8.84309113e-01  9.30121660e-01  9.77400959e-01  1.02543843e+00
  1.07068300e+00  1.11675930e+00  1.16171908e+00  1.20504880e+00
  1.24735725e+00  1.28764594e+00  1.32490110e+00  1.35699582e+00
  1.38840234e+00  1.42140818e+00  1.45040894e+00  1.47760665e+00
  1.49762142e+00  1.51086187e+00  1.52155924e+00  1.53097451e+00
  1.53820074e+00  1.54029608e+00  1.54073095e+00  1.53716207e+00
  1.53200102e+00  1.52250731e+00  1.50901914e+00  1.49227357e+00
  1.47625494e+00  1.45908654e+00  1.43363011e+00  1.40791821e+00
  1.38075399e+00  1.35082781e+00  1.31671810e+00  1.28015888e+00
  1.24486768e+00  1.20204329e+00  1.15848660e+00  1.11158741e+00
  1.06484354e+00  1.01733351e+00  9.67685938e-01  9.21130717e-01
  8.74985635e-01  8.27617884e-01  7.80728817e-01  7.33109534e-01
  6.85715079e-01  6.38879299e-01  5.92775941e-01  5.47219694e-01
  5.00577152e-01  4.53861386e-01  4.07491535e-01  3.61837119e-01
  3.16313326e-01  2.72197455e-01  2.27893904e-01  1.82591870e-01
  1.37197837e-01  9.09784138e-02  4.52308767e-02 -4.91195184e-04
 -4.49475646e-02 -8.69096071e-02 -1.29936144e-01 -1.74567431e-01
 -2.16637537e-01 -2.58600503e-01 -3.01175296e-01 -3.41814607e-01
 -3.82362664e-01 -4.23417062e-01 -4.63654310e-01 -5.01568139e-01
 -5.37037492e-01 -5.71300209e-01 -6.07263744e-01 -6.42875254e-01
 -6.78492248e-01 -7.12097108e-01 -7.42555857e-01 -7.74439752e-01
 -8.02935064e-01 -8.29613864e-01 -8.58107388e-01 -8.85403216e-01
 -9.11984563e-01 -9.36618567e-01 -9.62115228e-01 -9.86185908e-01
 -1.00830853e+00 -1.03020608e+00 -1.04823017e+00 -1.06525588e+00
 -1.08268321e+00 -1.10009825e+00 -1.11600661e+00 -1.12575746e+00
 -1.13671696e+00 -1.14958751e+00 -1.16072345e+00 -1.17050898e+00
 -1.17654800e+00 -1.18329263e+00 -1.18937564e+00 -1.19386327e+00
 -1.19746077e+00 -1.19908178e+00 -1.19800377e+00 -1.19669402e+00
 -1.19438100e+00 -1.19363952e+00 -1.19171500e+00 -1.18488812e+00
 -1.17582214e+00 -1.16606021e+00 -1.15783679e+00 -1.14765418e+00
 -1.13883376e+00 -1.12685156e+00 -1.11283374e+00 -1.09528279e+00
 -1.07530105e+00]
[ 0.54429883  0.49969384  0.45399138  0.40625113  0.35913351  0.31280628
  0.26634744  0.22106317  0.1747205   0.12949045  0.08526423  0.0396377
 -0.00548492 -0.05059118 -0.09457636 -0.13899088 -0.18125477 -0.22341317
 -0.26344055 -0.30203462 -0.34208235 -0.38251168 -0.42101425 -0.45920378
 -0.49604768 -0.53073329 -0.56473404 -0.59859663 -0.63152122 -0.66141117
 -0.69281495 -0.72243816 -0.74937689 -0.77798027 -0.80687565 -0.83062267
 -0.85408598 -0.87677646 -0.89808589 -0.91902131 -0.93802702 -0.95950866
 -0.98100495 -0.99516064 -1.00575089 -1.01904285 -1.03457522 -1.04826319
 -1.05868983 -1.06900358 -1.07352138 -1.0795083  -1.0889889  -1.09697902
 -1.10089648 -1.10224211 -1.10527253 -1.10635591 -1.10721326 -1.10373056
 -1.10076702 -1.09770298 -1.09246755 -1.08716726 -1.07730281 -1.06791651
 -1.05693305 -1.04541707 -1.03194165 -1.01482642 -0.99917108 -0.98474193
 -0.96886063 -0.95116985 -0.93116623 -0.91096371 -0.88872617 -0.86598593
 -0.84364128 -0.82069331 -0.795847   -0.76988912 -0.74027932 -0.70997709
 -0.67793071 -0.64726222 -0.61765164 -0.58407807 -0.55131161 -0.51701719
 -0.48077989 -0.44461992 -0.40733343 -0.3707383  -0.33308002 -0.29539588
 -0.25672388 -0.21616979 -0.1761573  -0.13364278 -0.09068844 -0.05077043
 -0.01214836  0.02813654  0.0716171   0.11605427  0.15944588  0.20224667
  0.24691378  0.29150414  0.33672789  0.3795017   0.4215714   0.46739641
  0.51248342  0.55736518  0.60330892  0.64788431  0.69202417  0.73542982
  0.7797038   0.82116735  0.86179447  0.89852089  0.93708235  0.97241527
  1.0064559   1.03732502  1.06617701  1.09123158  1.11612844  1.13652849
  1.1547482   1.1696645   1.18271971  1.19690526  1.20940375  1.22120655
  1.22492206  1.22565448  1.22667301  1.22359502  1.222893    1.22314525
  1.22198045  1.2213887   1.22112155  1.21745038  1.21430457  1.20983398
  1.20542216  1.19779611  1.18660212  1.17412293  1.16171598  1.1458348
  1.12783635  1.10863471  1.08864474  1.06263173  1.03754044  1.00465357
  0.97038871  0.93665349  0.90316194  0.86489481  0.82947516  0.78966612
  0.74940819  0.70765203  0.66525179  0.62200004  0.5781585   0.53197736
  0.48599052  0.43938729  0.3925153   0.34540319  0.3017883   0.25628567
  0.21246254  0.16851279  0.12434503  0.07980655  0.03522212 -0.0079862
 -0.05012406 -0.08976223 -0.13108055 -0.1717924  -0.20995365 -0.24786644
 -0.28803942 -0.32502016 -0.36187398 -0.40010533 -0.43820053 -0.47157699
 -0.5029273  -0.53511399 -0.56794083 -0.6012212  -0.63456869 -0.66516006
 -0.69242996 -0.72059131 -0.74569535 -0.77038556 -0.79683673 -0.8211934
 -0.84485918 -0.86735076 -0.89021355 -0.9103086  -0.92655987 -0.94463027
 -0.95924091 -0.97147995 -0.9856087  -1.0004319  -1.00882328 -1.01799309
 -1.02819812 -1.03830838 -1.04416096 -1.05079043 -1.05432951 -1.05713427
 -1.06102753 -1.06216145 -1.06130469 -1.05968666 -1.05894578 -1.05716312
 -1.05345011 -1.05044198 -1.04595006 -1.03595006 -1.0267508  -1.01827598
 -1.00835848 -0.99684322 -0.98754609 -0.9766522  -0.96360189 -0.94362706
 -0.92678142 -0.91043222 -0.89417303 -0.87429816 -0.85281438 -0.83174676
 -0.807895   -0.7845124  -0.75873977 -0.73250133 -0.70479345 -0.67773765
 -0.64753395 -0.61653179 -0.58734506 -0.55437702 -0.52046961 -0.4848128
 -0.44911283 -0.41486946 -0.3787908  -0.34046289 -0.30044898 -0.26027694
 -0.22089489 -0.18292366 -0.14365889 -0.10150582 -0.0595389  -0.01567287
  0.02762543  0.07062024  0.11461332  0.1591498   0.20243585  0.24612077
  0.29020059  0.33506367  0.37987545  0.42277825  0.46572101  0.51027364
  0.55340022  0.59685558  0.64053506]
[ 1.49597716e+00  1.45783246e+00  1.41347933e+00  1.36712623e+00
  1.32269740e+00  1.27641296e+00  1.22750068e+00  1.17974031e+00
  1.13126647e+00  1.08159363e+00  1.03238916e+00  9.81040657e-01
  9.30096745e-01  8.79252791e-01  8.29180241e-01  7.78630972e-01
  7.28451967e-01  6.78182781e-01  6.28529310e-01  5.77759206e-01
  5.26438773e-01  4.76426750e-01  4.26319301e-01  3.74757916e-01
  3.24451536e-01  2.74823278e-01  2.25370511e-01  1.76828653e-01
  1.27282053e-01  7.83454627e-02  3.01734582e-02 -1.81489103e-02
 -6.65285215e-02 -1.13743320e-01 -1.61345810e-01 -2.08941475e-01
 -2.55806416e-01 -3.00599366e-01 -3.43302101e-01 -3.86650950e-01
 -4.30213124e-01 -4.74529475e-01 -5.16222179e-01 -5.57814658e-01
 -5.98725021e-01 -6.36508465e-01 -6.73447013e-01 -7.11977243e-01
 -7.48895049e-01 -7.82537997e-01 -8.15377057e-01 -8.49978268e-01
 -8.80804956e-01 -9.10642147e-01 -9.42937613e-01 -9.71748352e-01
 -9.99576271e-01 -1.02560520e+00 -1.04967868e+00 -1.07478142e+00
 -1.09668267e+00 -1.11772311e+00 -1.14052927e+00 -1.15911710e+00
 -1.17381227e+00 -1.18922567e+00 -1.20600986e+00 -1.21910965e+00
 -1.23294270e+00 -1.24721050e+00 -1.25452507e+00 -1.26187837e+00
 -1.26970303e+00 -1.27687836e+00 -1.28119612e+00 -1.28263378e+00
 -1.28338230e+00 -1.28492558e+00 -1.28449237e+00 -1.27847195e+00
 -1.27186799e+00 -1.26373041e+00 -1.25506580e+00 -1.24523580e+00
 -1.23246515e+00 -1.21714199e+00 -1.20289111e+00 -1.18669116e+00
 -1.16836751e+00 -1.14799297e+00 -1.12473655e+00 -1.10261667e+00
 -1.08367610e+00 -1.06098497e+00 -1.03738737e+00 -1.01368582e+00
 -9.88139987e-01 -9.63054478e-01 -9.37114060e-01 -9.10790563e-01
 -8.83097947e-01 -8.54523718e-01 -8.23772967e-01 -7.92479992e-01
 -7.59929717e-01 -7.26304471e-01 -6.94361567e-01 -6.59687459e-01
 -6.25795722e-01 -5.90065897e-01 -5.51276326e-01 -5.13134718e-01
 -4.73944098e-01 -4.34093148e-01 -3.93578142e-01 -3.52579862e-01
 -3.11405867e-01 -2.68224537e-01 -2.24429488e-01 -1.78889364e-01
 -1.32523969e-01 -8.81457031e-02 -4.42084260e-02  1.22520898e-03
  4.77112234e-02  9.56838056e-02  1.44345447e-01  1.92187458e-01
  2.40453526e-01  2.88630605e-01  3.38069677e-01  3.85846317e-01
  4.32543844e-01  4.81289655e-01  5.29306889e-01  5.78092992e-01
  6.25571311e-01  6.72473371e-01  7.19431400e-01  7.65855134e-01
  8.11617672e-01  8.57598007e-01  9.01678383e-01  9.44442391e-01
  9.90256131e-01  1.03475261e+00  1.07891071e+00  1.12322474e+00
  1.16655648e+00  1.20938039e+00  1.25197709e+00  1.29315412e+00
  1.33175862e+00  1.36989844e+00  1.40988374e+00  1.44717658e+00
  1.48431504e+00  1.52237225e+00  1.55791783e+00  1.58207214e+00
  1.60685182e+00  1.62508523e+00  1.64245200e+00  1.65300727e+00
  1.65822589e+00  1.65656781e+00  1.65182960e+00  1.63964999e+00
  1.62205172e+00  1.60042286e+00  1.57553470e+00  1.54731286e+00
  1.50843346e+00  1.46971643e+00  1.42562449e+00  1.38024676e+00
  1.33264256e+00  1.28501749e+00  1.23895299e+00  1.19147921e+00
  1.14263058e+00  1.09412587e+00  1.04489732e+00  9.96145129e-01
  9.48613942e-01  9.01672959e-01  8.55464518e-01  8.08373630e-01
  7.62359023e-01  7.16868818e-01  6.70031428e-01  6.25468493e-01
  5.79033852e-01  5.33627450e-01  4.86970842e-01  4.40159261e-01
  3.93178850e-01  3.45509201e-01  2.99317896e-01  2.53583282e-01
  2.08191022e-01  1.61738113e-01  1.15842260e-01  6.82990104e-02
  2.12095939e-02 -2.52457149e-02 -7.11239651e-02 -1.15453340e-01
 -1.59711272e-01 -2.04057515e-01 -2.47423574e-01 -2.90760070e-01
 -3.34115624e-01 -3.75092417e-01 -4.16207403e-01 -4.58157718e-01
 -4.99310523e-01 -5.38553536e-01 -5.74843168e-01 -6.09622180e-01
 -6.45770252e-01 -6.82640254e-01 -7.19398558e-01 -7.53082335e-01
 -7.83308506e-01 -8.15173090e-01 -8.44137490e-01 -8.70758653e-01
 -8.98429036e-01 -9.25561965e-01 -9.51451898e-01 -9.76354778e-01
 -1.00110364e+00 -1.02437103e+00 -1.04433560e+00 -1.06535196e+00
 -1.08372247e+00 -1.09876347e+00 -1.11429381e+00 -1.13000131e+00
 -1.14562917e+00 -1.15700281e+00 -1.16974556e+00 -1.18309307e+00
 -1.19357574e+00 -1.20205986e+00 -1.21115768e+00 -1.21735549e+00
 -1.22263157e+00 -1.22902238e+00 -1.23033869e+00 -1.23037732e+00
 -1.23165929e+00 -1.22987282e+00 -1.22657359e+00 -1.22278309e+00
 -1.21749902e+00 -1.20880437e+00 -1.19894159e+00 -1.18947780e+00
 -1.17951810e+00 -1.16375041e+00 -1.15290391e+00 -1.14014041e+00
 -1.12517059e+00 -1.10458088e+00 -1.08500719e+00 -1.06643212e+00
 -1.04885936e+00 -1.02660477e+00 -1.00262225e+00 -9.79915738e-01
 -9.53864336e-01 -9.26264107e-01 -8.99328649e-01 -8.69159043e-01
 -8.39443445e-01 -8.09144378e-01 -7.76005030e-01 -7.42747486e-01
 -7.07754493e-01 -6.70824230e-01 -6.34404242e-01 -5.95750391e-01
 -5.55225134e-01 -5.15879631e-01 -4.76495266e-01 -4.33600307e-01
 -3.89790803e-01 -3.44907314e-01 -3.00351053e-01 -2.57531047e-01
 -2.12998033e-01 -1.66818172e-01 -1.20898381e-01 -7.30973482e-02
 -2.46014465e-02  2.41064131e-02  7.32558668e-02  1.22512326e-01
  1.71892509e-01  2.20758304e-01  2.70715594e-01  3.20656329e-01
  3.70517015e-01  4.19297308e-01  4.67841089e-01  5.17810524e-01
  5.66660702e-01  6.16128206e-01  6.65198207e-01  7.14019477e-01
  7.62006760e-01  8.09567511e-01  8.57345283e-01  9.05385375e-01
  9.51921165e-01  9.97895479e-01  1.04301751e+00  1.08871222e+00
  1.13414860e+00  1.17673266e+00  1.21827042e+00  1.25943744e+00
  1.29780304e+00  1.33806920e+00  1.37645805e+00  1.40933263e+00
  1.44574213e+00  1.47976935e+00  1.50873828e+00]
[ 1.84271109  1.84147239  1.82060158  1.77231538  1.72298324  1.67521334
  1.62085009  1.56403565  1.51044595  1.45774901  1.40227926  1.34757054
  1.29238045  1.23821306  1.18690419  1.13665259  1.08574438  1.03524184
  0.98613763  0.93842131  0.88967419  0.83721387  0.78662997  0.73977637
  0.69146937  0.6421532   0.59270149  0.54202551  0.492845    0.44142425
  0.38980362  0.33890647  0.28861818  0.23913501  0.19071627  0.13867012
  0.08837342  0.04031491 -0.00971827 -0.0589129  -0.1075841  -0.15618014
 -0.20583956 -0.25359058 -0.299963   -0.34927994 -0.39620903 -0.43884081
 -0.48123085 -0.52187818 -0.56909657 -0.616422   -0.65848035 -0.69296318
 -0.72862703 -0.77209133 -0.81108445 -0.84384459 -0.87928551 -0.91618371
 -0.9466877  -0.97761559 -1.00846267 -1.03877842 -1.06360912 -1.08810377
 -1.1141516  -1.1382916  -1.15298831 -1.17214692 -1.19809425 -1.22210121
 -1.23462164 -1.2421931  -1.25569773 -1.27001071 -1.2773875  -1.28484344
 -1.29901469 -1.30940628 -1.31374669 -1.31532311 -1.31627977 -1.31791997
 -1.31638372 -1.31059825 -1.3018688  -1.29325581 -1.28513372 -1.2716521
 -1.25815248 -1.24322307 -1.22692919 -1.20780885 -1.18254364 -1.16042161
 -1.14347732 -1.12542856 -1.10091031 -1.07805216 -1.05469394 -1.02712131
 -0.99900103 -0.97151756 -0.94376552 -0.92133754 -0.89388376 -0.86369288
 -0.8329854  -0.80713123 -0.78034681 -0.74319142 -0.70568472 -0.67741942
 -0.64449239 -0.60423297 -0.56558871 -0.53028154 -0.49426994 -0.45385271
 -0.41183266 -0.37031698 -0.33083361 -0.29286823 -0.2497251  -0.20480807
 -0.15986171 -0.11785232 -0.08028011 -0.0385378   0.00683265  0.05449248
  0.10231005  0.14350294  0.18744367  0.23626702  0.28259185  0.32641074
  0.37110457  0.41783571  0.46300089  0.50550497  0.5470928   0.58889389
  0.63214594  0.67352813  0.71268946  0.75124377  0.78748149  0.82131207
  0.85588771  0.89348871  0.93077129  0.966645    0.99753875  1.03713226
  1.08450902  1.12976611  1.17842662  1.2288444   1.2800684   1.33154213
  1.38480389  1.43776441  1.49128044  1.546332    1.59684992  1.65174389
  1.70123827  1.74428535  1.78762639  1.82096505  1.83373952  1.81858969
  1.7939043   1.75569594  1.70220137  1.64911866  1.59810388  1.54764736
  1.49268842  1.4366895   1.38311446  1.32980061  1.27648878  1.22337353
  1.17207932  1.12609994  1.07750297  1.03196919  1.00136864  0.96859384
  0.92854339  0.88896275  0.85112172  0.81666988  0.78033441  0.74037987
  0.69867635  0.65838766  0.61731845  0.57653737  0.53728396  0.49373347
  0.44851074  0.40566504  0.36263284  0.31906167  0.27459392  0.22951587
  0.18418054  0.14177875  0.0985749   0.05132794  0.00577308 -0.035823
 -0.07986425 -0.12603816 -0.17049763 -0.21439475 -0.25374195 -0.29520196
 -0.3356182  -0.37459782 -0.41613272 -0.45728901 -0.49593011 -0.53408748
 -0.56864858 -0.60545617 -0.6440357  -0.68008053 -0.71055377 -0.74069875
 -0.77188247 -0.80273879 -0.83115262 -0.85896116 -0.89005232 -0.91482687
 -0.93722057 -0.95852262 -0.97963375 -1.00569117 -1.03395844 -1.06368136
 -1.08743548 -1.0955745  -1.10781407 -1.12174296 -1.13638306 -1.15322876
 -1.17851245 -1.19867134 -1.21216691 -1.22442138 -1.23291099 -1.24229705
 -1.25208926 -1.26421106 -1.26836467 -1.26644278 -1.2621268  -1.2542212
 -1.25379455 -1.25387681 -1.24492884 -1.23001635 -1.22229815 -1.21655297
 -1.2102592  -1.19604063 -1.17859662 -1.1696682  -1.15108347 -1.13205349
 -1.11241317 -1.09550405 -1.07342136 -1.04801977 -1.0257076  -1.00212824
 -0.97375762 -0.94256544 -0.91536415 -0.88458544 -0.84968191 -0.8151983
 -0.78248131 -0.74621022 -0.7087602  -0.6692785  -0.62619823 -0.5868116
 -0.54890198 -0.5069285  -0.46243691 -0.41675559 -0.36789653 -0.31946397
 -0.27515259 -0.23285176 -0.18872797 -0.14160518 -0.09403542 -0.04297384
  0.00819726  0.05720692  0.10772251  0.15769926  0.20684467  0.25684407
  0.30759427  0.35683599  0.40376168  0.45266965  0.50102341  0.54827744
  0.59713894  0.64533496  0.69407821  0.74444485  0.79320592  0.84068209
  0.88901269  0.93619663  0.98434275  1.03465652  1.08410656  1.13543344
  1.18750119  1.23974407  1.29306662  1.34787905  1.40286207  1.45678675
  1.51024628  1.56392121  1.61769915  1.67124403  1.721524    1.77085578
  1.80954731  1.81875658]
