[-0.0413315  -0.03670667 -0.00245506 -0.0048814  -0.00470698 -0.00551488
 -0.0059525  -0.01238059 -0.03168956 -0.05349915]
[-0.08187862 -0.09036947 -0.08193291 -0.06663184  0.01321497  0.00949094
  0.00837501 -0.0015073   0.00980048  0.0084918  -0.05405821 -0.09025832
 -0.07904486 -0.08282131 -0.07653599]
[-3.72300267e-01 -3.18689108e-01 -2.01995999e-01 -1.12794608e-01
 -2.17972305e-02  1.59612194e-01  2.83601612e-01  3.73555571e-01
  4.26967829e-01  4.65997785e-01  5.47127962e-01  6.14829779e-01
  6.89265132e-01  7.66234696e-01  7.86181748e-01  8.09541583e-01
  8.48564804e-01  9.00568783e-01  8.86141956e-01  9.24852550e-01
  9.12518084e-01  9.26266849e-01  9.08671021e-01  9.15047348e-01
  8.91756773e-01  8.42723966e-01  8.09398949e-01  7.78540194e-01
  7.06605315e-01  6.17909312e-01  5.17892838e-01  3.75759929e-01
  2.35816091e-01  1.68264583e-01  9.22997966e-02  7.81462644e-04
 -1.26062661e-01 -2.53220648e-01 -3.06126714e-01 -3.15189451e-01]
[ 0.48725581  0.43796447  0.3891831   0.36253941  0.33780402  0.28215998
  0.21486768  0.15104215  0.08595652  0.00987613 -0.05308572 -0.08867446
 -0.13733527 -0.19409908 -0.22847065 -0.28123063 -0.36182579 -0.41292307
 -0.43131936 -0.45188779 -0.49022636 -0.53995293 -0.56749177 -0.62196082
 -0.64846325 -0.6099695  -0.62885278 -0.68273759 -0.69510597 -0.70232993
 -0.63753128 -0.61094034 -0.62734467 -0.59374732 -0.51145822 -0.45228675
 -0.46440169 -0.44109404 -0.42628458 -0.33755863 -0.28831461 -0.22528841
 -0.19335134 -0.21611729 -0.1925088  -0.12784439 -0.0978764  -0.04581588
 -0.03135826 -0.07902395 -0.1423824  -0.14931127 -0.13693427 -0.11858033
 -0.13115069 -0.15547897 -0.14411791 -0.13231668 -0.13724402 -0.13867675
 -0.09923059 -0.10229437 -0.09020904 -0.06393557 -0.0272485   0.00945924
  0.01274508 -0.03071805 -0.090122   -0.12747683 -0.14285097 -0.15451369
 -0.15461743 -0.20341015]
[-0.19770588 -0.2582553  -0.29944044 -0.30198669 -0.31038409 -0.35474208
 -0.38934448 -0.40074757 -0.41242826 -0.41911852 -0.42843708 -0.44262642
 -0.43624812 -0.43354428 -0.42967862 -0.42035303 -0.39926049 -0.39843401
 -0.42385927 -0.41045418 -0.39665261 -0.37336048 -0.37568027 -0.32765457
 -0.21916424 -0.21044137 -0.20382029 -0.18831056 -0.10326021 -0.0685269
 -0.03048841  0.01633235  0.0572269   0.08991762  0.12300081  0.09668021
  0.14948536  0.21108447  0.22773825  0.20904841  0.20818748  0.21641202
  0.22134218  0.21684451  0.20890076  0.22224368  0.22636054  0.22035477
  0.2240542   0.22410668  0.23454456  0.24490313  0.23732054  0.24174432
  0.26472378  0.28632531  0.30283123  0.31443021  0.27815199  0.20599422
  0.14991081  0.14640823  0.13668482  0.11833866  0.1002866   0.04062594
  0.02758041  0.0136023  -0.02360842 -0.08888972 -0.09871729 -0.08928012
 -0.11415739 -0.2084797  -0.25804707 -0.23561303 -0.22274433 -0.28647125
 -0.32553643 -0.30948982 -0.3019627  -0.32713473 -0.36667094 -0.39639524
 -0.37840921 -0.36238611 -0.37285921 -0.39267808 -0.38759804 -0.37349439
 -0.35731152 -0.34179336 -0.32437426 -0.31115142 -0.28682357 -0.25764281
 -0.23143022 -0.19153433 -0.15490413 -0.1302876 ]
[ 0.11144932  0.0794412   0.05327103 -0.00051123 -0.05380249 -0.10288364
 -0.1397974  -0.17110778 -0.192742   -0.23488317 -0.27976686 -0.28608215
 -0.29705921 -0.31698284 -0.35000739 -0.37607041 -0.38008496 -0.35379109
 -0.36887804 -0.39184734 -0.40184933 -0.38412386 -0.36981991 -0.36714298
 -0.35019487 -0.34141737 -0.35280675 -0.34567124 -0.3228792  -0.30783385
 -0.32534498 -0.29933453 -0.19883688 -0.17381853 -0.17741862 -0.16516329
 -0.09516577 -0.04724446 -0.01454278  0.04843622  0.05545693  0.06261165
  0.0823313   0.07290284  0.13261551  0.18027209  0.16887374  0.17225948
  0.18620868  0.19130313  0.17820139  0.17426117  0.17947125  0.20413159
  0.21374378  0.19965854  0.1885037   0.20220333  0.21270829  0.22371927
  0.21810718  0.22361089  0.24475166  0.2447018   0.25691557  0.24659567
  0.23438811  0.18119968  0.13528836  0.14868054  0.14491932  0.0994762
  0.07360852  0.04559467  0.02229618  0.00199603 -0.02848619 -0.06374064
 -0.06132182 -0.07353023 -0.08313014 -0.13522343 -0.18734285 -0.17976913
 -0.1761663  -0.18732439 -0.21389309 -0.2405339  -0.21521749 -0.23567708
 -0.27134839 -0.29400453 -0.29644322 -0.27572903 -0.26836598 -0.28503847
 -0.3042483  -0.29414386 -0.26154286 -0.25736481 -0.25283769 -0.23515977
 -0.21027528 -0.18594995 -0.1716226  -0.1447086  -0.10642015 -0.08608664
 -0.06644177 -0.04139858 -0.0349449  -0.01817113  0.01565876  0.02115449]
[ 0.19462289  0.17331178  0.15040453  0.12768917  0.11258042  0.09085392
  0.06111667  0.03418867  0.01235175 -0.00225428 -0.01454908 -0.03883378
 -0.07365577 -0.10510899 -0.13006586 -0.15262136 -0.17504705 -0.19409665
 -0.21602751 -0.22360635 -0.23042156 -0.23872273 -0.24827889 -0.25888395
 -0.2709648  -0.27379933 -0.25979209 -0.26489359 -0.27722457 -0.27405307
 -0.26054239 -0.25460148 -0.24073292 -0.23216042 -0.2473077  -0.24139683
 -0.22172858 -0.20487835 -0.20476733 -0.20388538 -0.13581894 -0.11078784
 -0.10019506 -0.07613479 -0.05254785 -0.05271835 -0.01836243  0.04268496
  0.08374045  0.09855269  0.11332215  0.09657253  0.11279198  0.16264288
  0.16483891  0.15092835  0.15129051  0.15843275  0.16509584  0.15947318
  0.15313116  0.14723936  0.15252334  0.16629624  0.16312298  0.15696675
  0.1592285   0.16934869  0.17412312  0.18013445  0.1947846   0.19766453
  0.19623822  0.20311061  0.18660405  0.15112159  0.10405101  0.1186194
  0.13262564  0.10343411  0.0875426   0.05016036  0.03990645  0.02706176
  0.00589169 -0.0214648  -0.03292638 -0.02058945 -0.03893258 -0.07144032
 -0.10781166 -0.11200435 -0.11182825 -0.13572773 -0.14257258 -0.13392431
 -0.13658004 -0.14452283 -0.16788083 -0.18650104 -0.18607184 -0.16892053
 -0.16942789 -0.18048951 -0.18882689 -0.19091263 -0.17616645 -0.15545543
 -0.14837436 -0.14098644 -0.12831116 -0.11004762 -0.09194749 -0.07490297
 -0.05063205 -0.03422616 -0.01446998  0.00553119  0.01701613  0.02948892
  0.04880295  0.05816072  0.06046943  0.07602262  0.08397962  0.09426071
  0.10880556  0.11733864  0.12631686  0.13845111]
[-0.03027385 -0.06197092 -0.0950354  -0.121655   -0.15574242 -0.17745155
 -0.19499558 -0.23071095 -0.27416244 -0.30252963 -0.33425701 -0.37005135
 -0.41166002 -0.45369017 -0.49351585 -0.51503032 -0.55591756 -0.60535526
 -0.65009624 -0.68567753 -0.71863985 -0.75067121 -0.80267388 -0.85836405
 -0.88435251 -0.91035527 -0.92344981 -0.95356774 -1.01476884 -1.0305891
 -1.05407512 -1.04850698 -1.06447172 -1.06586647 -1.05688953 -1.07310557
 -1.06699359 -1.06216323 -1.04761267 -1.03443301 -1.04031003 -1.03827989
 -1.03247154 -1.0038296  -0.97507739 -0.97211194 -0.95728511 -0.93540347
 -0.8851189  -0.87553298 -0.86582255 -0.84230465 -0.80614817 -0.7623567
 -0.7205376  -0.67311192 -0.62555975 -0.57767904 -0.53772044 -0.48903018
 -0.42167026 -0.36950484 -0.30998367 -0.26241702 -0.20918573 -0.15754004
 -0.11385036 -0.07335213 -0.01847029  0.02006011  0.04451296  0.0929134
  0.13219373  0.16536841  0.18970878  0.22230521  0.26564872  0.3004922
  0.32590327  0.34586093  0.37018532  0.39261794  0.41109383  0.43468076
  0.46295124  0.47675863  0.48874095  0.49405774  0.49740133  0.51159459
  0.50695616  0.51550275  0.52515006  0.53209579  0.53769267  0.53960681
  0.55585015  0.56729609  0.57111418  0.56919378  0.57763892  0.58556515
  0.59555292  0.59598845  0.59722221  0.59615797  0.59026831  0.58550698
  0.5704115   0.54967237  0.53059012  0.49532792  0.45653233  0.43716395
  0.39019006  0.34553266  0.31265929  0.29278755  0.27022099  0.25891179
  0.25542474  0.25524497  0.2578983   0.26470777  0.28011155  0.30600986
  0.35596988  0.44484031  0.5588342   0.68296409  0.80723912  0.91759241
  1.00242293  1.06162     1.09754395  1.12109625  1.1204077   1.10740972
  1.09070647  1.07428503]
[ 0.81392217  0.80268264  0.81605703  0.80922204  0.8209492   0.8383162
  0.84827733  0.87462723  0.90408546  0.93301618  0.96087372  0.99734503
  1.04394293  1.06268895  1.08268476  1.1177305   1.17650127  1.22065341
  1.20768142  1.19117427  1.16067731  1.14381301  1.07560825  0.99104917
  0.89887249  0.81194061  0.72721505  0.65799618  0.59395403  0.5346067
  0.48233572  0.43468454  0.38709837  0.34630609  0.33241332  0.3350248
  0.3234891   0.33256188  0.34533018  0.37080374  0.36540249  0.35886765
  0.38348126  0.39196745  0.385782    0.38390309  0.38632333  0.38607484
  0.38616872  0.38444844  0.38308123  0.37900689  0.36112893  0.3564375
  0.35214075  0.34585014  0.33453903  0.31339115  0.30369639  0.29946369
  0.28069532  0.251775    0.24838556  0.23257259  0.21208575  0.17935531
  0.16631684  0.15921639  0.13985595  0.11038412  0.08924487  0.05308308
  0.01903777 -0.00711242 -0.02996593 -0.05584187 -0.08360601 -0.12347874
 -0.15625501 -0.17497537 -0.19218807 -0.21323456 -0.24655755 -0.27488047
 -0.30930337 -0.34532085 -0.36100045 -0.37356678 -0.40034491 -0.43939367
 -0.47179186 -0.48894143 -0.52124983 -0.54356319 -0.5729031  -0.60209233
 -0.62449598 -0.65266335 -0.66345525 -0.69206458 -0.71953708 -0.73312289
 -0.73686123 -0.74345154 -0.77535677 -0.79535329 -0.82414848 -0.83169574
 -0.83773369 -0.84841335 -0.85866016 -0.86814225 -0.87997991 -0.86860353
 -0.87434971 -0.88280612 -0.88233054 -0.89628017 -0.89548016 -0.89059973
 -0.89897698 -0.88992566 -0.86864525 -0.84957922 -0.85510862 -0.85404545
 -0.83580095 -0.79225302 -0.75403863 -0.74699426 -0.72467405 -0.68955666
 -0.66875857 -0.65988541 -0.63268071 -0.59277731 -0.58955604 -0.5760048
 -0.53581291 -0.4925155 ]
[ 0.194497    0.17010595  0.1454158   0.12490501  0.10598289  0.08556545
  0.06979231  0.05871208  0.03985041  0.02867229  0.02551091  0.01760128
  0.00298058 -0.01402372 -0.02818488 -0.02951356 -0.03426255 -0.05333979
 -0.07521962 -0.10289977 -0.11148128 -0.13100994 -0.15656444 -0.17502223
 -0.18574627 -0.17665793 -0.1807922  -0.19206439 -0.19432804 -0.19521499
 -0.20475115 -0.20713307 -0.19952142 -0.20897238 -0.21343967 -0.19708365
 -0.18970175 -0.18933007 -0.17372774 -0.1741915  -0.19631191 -0.18943417
 -0.16609785 -0.14245006 -0.14913291 -0.15583684 -0.07688864 -0.06670227
 -0.05248197 -0.03598943 -0.02320813 -0.02422334  0.00560456  0.04558575
  0.09400412  0.12297894  0.13495885  0.10602458  0.13042681  0.18740906
  0.18227206  0.16608369  0.14715245  0.14105271  0.1439548   0.14921862
  0.14917582  0.13196239  0.11246064  0.11095305  0.12228654  0.13969599
  0.13476728  0.12818258  0.12138624  0.14340127  0.17442203  0.17620903
  0.16768298  0.15497267  0.15116084  0.13540329  0.08094454  0.09108745
  0.12012305  0.09842282  0.06999208  0.02835491  0.03268957  0.02042643
  0.00485407 -0.02265273 -0.02858811 -0.01502383 -0.03265893 -0.05917569
 -0.0971565  -0.097395   -0.10113166 -0.1249603  -0.12910968 -0.11878396
 -0.10653032 -0.10870206 -0.14043258 -0.15473172 -0.1439088  -0.12001935
 -0.12537608 -0.1464186  -0.15979855 -0.1503665  -0.13399054 -0.12073337
 -0.11129421 -0.09762843 -0.08718096 -0.07445199 -0.06267321 -0.04362648
 -0.02755246 -0.01417828 -0.00332605  0.01389317  0.02894984  0.03550535
  0.05017907  0.05434896  0.04790175  0.05624974  0.05502202  0.06433022
  0.07632949  0.07952432  0.07442772  0.08183465  0.0929282   0.09976166
  0.11219802  0.12724555  0.14593326]
[-0.13721646 -0.10016782 -0.0804534  -0.03788281 -0.01484809  0.01792266
  0.05990293  0.08138657  0.09463067  0.13044888  0.14502868  0.15458792
  0.16685255  0.19086818  0.20765632  0.25339767  0.2830973   0.31336325
  0.32987112  0.35452384  0.37408313  0.38814208  0.40602532  0.43413919
  0.45870069  0.47949412  0.4963249   0.51311582  0.52215493  0.52851433
  0.54011309  0.55189401  0.55676925  0.57287097  0.58495635  0.58188593
  0.57349932  0.55869806  0.56405878  0.56762946  0.57652247  0.56670147
  0.55275989  0.55311263  0.54923773  0.54836226  0.52463484  0.50163692
  0.49972507  0.4735353   0.44448736  0.43018988  0.40517762  0.37661526
  0.3636376   0.33626977  0.29853761  0.25004658  0.19270986  0.1894927
  0.16949923  0.09132666  0.0475843   0.03773488  0.02445664  0.008776
  0.01937771  0.00127576 -0.01938573  0.01530289  0.0518216   0.08298022
  0.11778942  0.16083354  0.21068409  0.25964564  0.3044427   0.33928886
  0.39020425  0.4340575   0.49388105  0.55238533  0.58004755  0.59930921
  0.59110355  0.5843488   0.5255695   0.45798737  0.39930156  0.35071018
  0.28942919  0.24156703  0.20627542  0.18010291  0.15259825  0.11985398
  0.0869651   0.06139175  0.04022149  0.05110825  0.07091524  0.11815109
  0.17125405  0.22336154  0.26576912  0.28415582  0.3162894   0.33641571
  0.33747932  0.32899565  0.34726796  0.38031992  0.42049551  0.4237211
  0.43723038  0.4670735   0.48416445  0.50217938  0.51985204  0.52370536
  0.54249609  0.55763561  0.5579415   0.55501485  0.55831867  0.57953322
  0.61373073  0.61400026  0.61409736  0.60867369  0.60988265  0.60436797
  0.59805566  0.5997135   0.59528404  0.5750249   0.56206638  0.5491367
  0.53460479  0.52231157  0.50126725  0.47504976  0.45375356  0.42925885
  0.39832234  0.37262198  0.3558085   0.33888823  0.30767453  0.27151653
  0.235468    0.18799202  0.11614826  0.06969316  0.05185093  0.05158228
  0.0432859   0.01614327 -0.02836695 -0.0668752  -0.09577961 -0.12504643
 -0.14409731 -0.15827003 -0.17353202 -0.18190439]
[-0.97541219 -0.91923857 -0.91292423 -0.87244451 -0.80747676 -0.70259202
 -0.63434398 -0.58546317 -0.53089207 -0.4450312  -0.33129793 -0.29545367
 -0.26121822 -0.1724326  -0.03819716  0.03196846  0.08073822  0.15109301
  0.18597524  0.21254365  0.26955688  0.33745885  0.4013271   0.47390398
  0.54722357  0.61336869  0.66193259  0.7155996   0.76147753  0.80032861
  0.83835709  0.87015957  0.92035991  0.96589702  0.99956053  1.02317667
  1.05426383  1.06725538  1.08721924  1.12029839  1.14787042  1.18091655
  1.19199812  1.18058121  1.16095638  1.14278853  1.10093212  1.0885092
  1.10967302  1.09284723  1.09191251  1.0737201   1.04825377  1.03322148
  0.98508871  0.90463895  0.88655007  0.85667062  0.81646442  0.77575845
  0.71630615  0.64177871  0.59631026  0.55869883  0.53338182  0.47065806
  0.35337049  0.26987994  0.22951995  0.13252307  0.07906792  0.05440398
  0.03543331  0.00466753  0.01755172 -0.0209207  -0.00647083  0.06856173
  0.1251734   0.18092085  0.25882468  0.35541189  0.43616208  0.52111232
  0.62327731  0.72800094  0.81114012  0.89837831  0.9975512   1.11541116
  1.16611981  1.19282699  1.14743268  1.10736382  1.05146468  0.92861438
  0.78852123  0.672342    0.56584197  0.46051735  0.37503016  0.29366294
  0.23356453  0.18481787  0.13117123  0.08038409  0.02911678  0.01998002
  0.09607804  0.16050643  0.24122007  0.32436943  0.40489125  0.4453038
  0.51178491  0.55337936  0.57606161  0.60724789  0.64037353  0.6675669
  0.71070498  0.73544031  0.78581405  0.84496713  0.89604723  0.93027782
  0.99576372  1.01158774  1.03346419  1.07358205  1.09746933  1.11170876
  1.12154305  1.15032077  1.20770252  1.20997953  1.21264732  1.21453822
  1.2162025   1.22592151  1.21919549  1.20864284  1.19061518  1.17446136
  1.14077914  1.09903145  1.06172669  1.04102445  1.01568627  0.96689099
  0.92987412  0.8742339   0.81250858  0.74620461  0.66846031  0.61492437
  0.53439856  0.46841261  0.39572263  0.31439248  0.19282047  0.06055865
 -0.01230145 -0.04429969 -0.07176878 -0.11677478 -0.25916931 -0.37682891
 -0.42650312 -0.4610565  -0.51698923 -0.57146281 -0.62435848 -0.70471394
 -0.77048779 -0.80075634 -0.93022889 -0.990933   -1.05784297 -1.08941483
 -1.1291784  -1.18720138 -1.25038695 -1.28041518 -1.35155344 -1.36952877]
[ 0.34546104  0.30081478  0.25700611  0.21349534  0.1696181   0.12446237
  0.08163714  0.03750338 -0.00578278 -0.04919619 -0.08944488 -0.12970582
 -0.1713365  -0.21409361 -0.2537342  -0.29447934 -0.33785039 -0.37983763
 -0.41745454 -0.45312396 -0.48876643 -0.52827078 -0.57008713 -0.60273087
 -0.63755137 -0.67437893 -0.70943284 -0.73959482 -0.77084714 -0.80136228
 -0.83379698 -0.86201572 -0.89055359 -0.92092007 -0.94864911 -0.97112644
 -0.99860817 -1.01959372 -1.03732336 -1.05032206 -1.06348038 -1.08556759
 -1.10953283 -1.11198485 -1.11716783 -1.13239479 -1.13926244 -1.1359756
 -1.13911998 -1.14278889 -1.1417141  -1.13505208 -1.12748146 -1.12589085
 -1.12168109 -1.10913789 -1.09788859 -1.08477306 -1.07774711 -1.06572652
 -1.04983962 -1.03558707 -1.01633    -1.00409639 -0.97848231 -0.96103966
 -0.93875164 -0.92194974 -0.89823818 -0.86738873 -0.83597559 -0.81089389
 -0.78117049 -0.75147247 -0.71826351 -0.68983376 -0.65677655 -0.62216163
 -0.58824438 -0.55846637 -0.5257988  -0.49330008 -0.45605415 -0.41811582
 -0.38413739 -0.3460933  -0.30706769 -0.26926768 -0.23448634 -0.19783372
 -0.15872908 -0.12005505 -0.08066153 -0.04328221 -0.00997748  0.02771295
  0.06353688  0.1015529   0.13795039  0.17338254  0.21336354  0.25177887
  0.28989455  0.32498428  0.35795802  0.39576158  0.43330836  0.46628252
  0.50315183  0.53926402  0.57710898  0.60930002  0.63871753  0.66874999
  0.70060742  0.72960424  0.75663549  0.78344935  0.80466533  0.82159871
  0.84563512  0.8643111   0.87895393  0.89584345  0.91037631  0.9190436
  0.93669534  0.9530775   0.97137904  0.9894191   1.00675058  1.02374768
  1.03850043  1.05275798  1.06739604  1.08361721  1.09932661  1.1121968
  1.1186763   1.12921584  1.13431847  1.14224541  1.14494646  1.14642811
  1.14330304  1.14146173  1.13599813  1.11716545  1.10115016  1.08627152
  1.06877434  1.0490917   1.03054738  1.01234007  0.99122304  0.96783483
  0.94625205  0.92436129  0.90536463  0.88091511  0.86451668  0.85184318
  0.83012497  0.80769646  0.78495157  0.7567544   0.73438841  0.70619535
  0.67534178  0.64271152  0.60850906  0.57457608  0.54296905  0.50740522
  0.46881551  0.43137199  0.3952775   0.35792458  0.32249159  0.28582054
  0.25131896  0.21619722  0.18092062  0.1437761   0.10832714  0.07430407
  0.04367515  0.00655854 -0.02818606 -0.06207623 -0.10015667 -0.13440304
 -0.16894749 -0.20186117 -0.23578069 -0.26839176 -0.30676422 -0.34269285
 -0.37404776 -0.40516472 -0.43811435 -0.47833055 -0.5115028  -0.54232198
 -0.57612896 -0.60778952 -0.63941514 -0.66848218 -0.70155817 -0.73218811
 -0.76130903 -0.78882474 -0.81702065 -0.84689337 -0.87245327 -0.89705241
 -0.92754954 -0.94941831 -0.97115445 -0.98587817 -0.99659652 -1.0075115
 -1.02957749 -1.04819942 -1.05969322 -1.06867456]
[-1.06198585 -1.04601252 -1.03120232 -1.01463461 -0.99741942 -0.9786815
 -0.95850557 -0.93447304 -0.91029376 -0.88551486 -0.85856575 -0.83590072
 -0.80897951 -0.78191376 -0.75600463 -0.72850448 -0.69871247 -0.67001903
 -0.64027727 -0.61005336 -0.57630467 -0.54008859 -0.50344425 -0.47063985
 -0.43388599 -0.39736235 -0.36071852 -0.32303697 -0.28573021 -0.24624568
 -0.20645659 -0.16676289 -0.12940651 -0.09307491 -0.05517576 -0.01576207
  0.02375985  0.0635194   0.1034923   0.14261664  0.18144678  0.21887483
  0.25924027  0.29800731  0.33782154  0.37590072  0.41393715  0.45491436
  0.49346903  0.53098851  0.56785357  0.60494328  0.6428287   0.67998827
  0.71537668  0.7480967   0.78144675  0.81247264  0.84396923  0.8709197
  0.89952618  0.92667854  0.94840127  0.97365665  0.99746311  1.02040601
  1.04237103  1.06340837  1.08327127  1.10064662  1.11653161  1.13145661
  1.14629531  1.16311491  1.17699349  1.18981874  1.19714653  1.20225656
  1.20452237  1.20310318  1.20002294  1.19459879  1.19248605  1.18130088
  1.1678704   1.15349734  1.13877594  1.12570012  1.1110332   1.09179842
  1.07328784  1.05565929  1.03700328  1.01633799  0.99525547  0.97626078
  0.95510781  0.93406898  0.91435802  0.88812375  0.86584312  0.83796877
  0.81060314  0.78253239  0.75174344  0.71739346  0.68235707  0.64717394
  0.61067212  0.573686    0.53466964  0.49537119  0.45667559  0.41517222
  0.37568524  0.3349025   0.2980383   0.2598865   0.22069547  0.18161723
  0.14263593  0.10381284  0.06536411  0.02813458 -0.00734511 -0.04313909
 -0.0803967  -0.11599668 -0.1535897  -0.19153495 -0.22835293 -0.26161426
 -0.29606494 -0.33154732 -0.36711755 -0.40092793 -0.43213552 -0.46494105
 -0.49679211 -0.5310753  -0.56428695 -0.59421736 -0.6242671  -0.65173924
 -0.67981797 -0.70741212 -0.73596692 -0.76085413 -0.78687739 -0.81360137
 -0.83938706 -0.86145252 -0.88108867 -0.90280235 -0.92444783 -0.94444555
 -0.96012938 -0.97177899 -0.98181421 -0.99257696 -1.00751925 -1.0192647
 -1.0279386  -1.03574967 -1.04320538 -1.05304575 -1.06114578 -1.06400895
 -1.06588519 -1.06793594 -1.06869292 -1.06677079 -1.06811523 -1.06580544
 -1.05843532 -1.05387735 -1.05087042 -1.04172468 -1.0297004  -1.02187705
 -1.01218569 -0.99859768 -0.98073238 -0.96070588 -0.94197416 -0.92458314
 -0.90194261 -0.87796932 -0.85293961 -0.82970858 -0.80435997 -0.77654564
 -0.7475791  -0.72203809 -0.69327605 -0.6611526  -0.6289838  -0.59816515
 -0.56405592 -0.53039181 -0.4949545  -0.45705953 -0.42133018 -0.38687578
 -0.34948504 -0.31156242 -0.27324247 -0.23197532 -0.18979494 -0.14912198
 -0.10848516 -0.06627151 -0.02405328  0.01815981  0.05992984  0.10265329
  0.14526157  0.18854246  0.2320224   0.27476388  0.31907254  0.363875
  0.40513012  0.44857588  0.49342638  0.53515089]
[ 0.42470253  0.38015661  0.3345663   0.28868762  0.24368465  0.19886689
  0.15401049  0.10995729  0.06568845  0.02125248 -0.0227025  -0.06506787
 -0.10716734 -0.1497391  -0.19286831 -0.23392144 -0.27526969 -0.31621724
 -0.35733557 -0.39676949 -0.43461329 -0.47135988 -0.50970691 -0.5494833
 -0.584328   -0.61771661 -0.65266806 -0.68838352 -0.71959448 -0.74915159
 -0.77915376 -0.81090122 -0.83959043 -0.8665514  -0.89477432 -0.92062861
 -0.94524735 -0.9682371  -0.98959565 -1.00970423 -1.02699018 -1.04060233
 -1.05815351 -1.07735848 -1.08747327 -1.0961864  -1.10770643 -1.11492312
 -1.11909509 -1.12184906 -1.12752402 -1.12901306 -1.12823772 -1.12555289
 -1.12383831 -1.12207913 -1.11530983 -1.10987067 -1.10088122 -1.0928396
 -1.08309591 -1.07248998 -1.06017661 -1.04450262 -1.03258336 -1.0153563
 -0.99777848 -0.9798339  -0.9615109  -0.94099206 -0.91625458 -0.88972324
 -0.86654419 -0.84292346 -0.81541234 -0.78487825 -0.75889003 -0.73007214
 -0.69968605 -0.66935843 -0.64009029 -0.60843438 -0.57620054 -0.54217494
 -0.50681818 -0.47400931 -0.43902797 -0.4008655  -0.36422664 -0.3288978
 -0.29205772 -0.25397673 -0.21611305 -0.17784545 -0.14001749 -0.10417098
 -0.06537198 -0.02714548  0.01130797  0.04945283  0.08638384  0.12666768
  0.1663902   0.20587343  0.24438645  0.28302094  0.32337004  0.36413613
  0.40226221  0.44128966  0.48190841  0.52238411  0.56203812  0.59922236
  0.63586259  0.67442733  0.71066827  0.74532127  0.77891761  0.81019211
  0.83905876  0.86713982  0.8939811   0.92062318  0.94251215  0.96552169
  0.98243243  1.00434124  1.02452862  1.04348814  1.06157124  1.07885814
  1.09419465  1.10819674  1.12123263  1.13439858  1.14612639  1.15643275
  1.16292727  1.16594958  1.1716969   1.17582047  1.17814279  1.18102658
  1.18362296  1.1843158   1.18119943  1.1755991   1.16437721  1.15313554
  1.14124     1.12559605  1.10942125  1.09283447  1.07462835  1.05420518
  1.03240931  1.01038611  0.98667938  0.96235621  0.93520987  0.91069734
  0.88717949  0.86090654  0.83109856  0.80338603  0.77104765  0.73788977
  0.70533758  0.6697734   0.63242263  0.5936622   0.55465543  0.51679057
  0.47654879  0.43543577  0.39446414  0.3549529   0.31376195  0.27623311
  0.23598255  0.19714677  0.15897202  0.11995871  0.08140874  0.04293165
  0.00589512 -0.03054963 -0.06709311 -0.10312884 -0.13926937 -0.17855366
 -0.21532591 -0.250613   -0.28569815 -0.31983095 -0.35350993 -0.39063931
 -0.42497021 -0.45715171 -0.48987713 -0.52314645 -0.55945611 -0.59122431
 -0.62080383 -0.651959   -0.6813525  -0.71122599 -0.73900479 -0.76826102
 -0.79668003 -0.82372433 -0.84690821 -0.8728742  -0.89690369 -0.91727442
 -0.93914068 -0.96309566 -0.98303086 -1.00032151 -1.01303685 -1.02346551
 -1.03435719 -1.0481286  -1.06093609 -1.07012093 -1.07834053 -1.08501017
 -1.08860385 -1.09622014 -1.09984267]
[-1.12612581 -1.10614109 -1.08978438 -1.07706857 -1.06689847 -1.05083573
 -1.03295231 -1.01050055 -0.99352002 -0.97390372 -0.94919747 -0.9229489
 -0.89602077 -0.86477959 -0.83717054 -0.81006163 -0.78214979 -0.75377727
 -0.72250205 -0.69059944 -0.65706402 -0.62536132 -0.59498239 -0.56504571
 -0.52995259 -0.49077523 -0.44973192 -0.41624549 -0.37816539 -0.34084868
 -0.30277303 -0.26439202 -0.22833242 -0.18856414 -0.14459294 -0.10508633
 -0.06891031 -0.03473725  0.00184589  0.04128093  0.0763188   0.11723756
  0.15722491  0.19614294  0.2331426   0.26606262  0.3029052   0.34067151
  0.37724099  0.41378787  0.44593525  0.48517221  0.52292812  0.55664986
  0.58953947  0.62229896  0.65551943  0.69200474  0.7216112   0.7471351
  0.77714592  0.8089928   0.83330482  0.85525733  0.88441503  0.90835899
  0.9279651   0.9487505   0.97525346  0.99811667  1.02050745  1.04344249
  1.0672406   1.08860028  1.10876703  1.12701046  1.14271033  1.16220403
  1.17814851  1.19771218  1.21272707  1.22187448  1.22451961  1.22420871
  1.2241534   1.21752989  1.21805954  1.20480025  1.1857686   1.16852319
  1.15028763  1.13118827  1.11474836  1.09505653  1.07463264  1.05390143
  1.03560972  1.01407433  0.99105752  0.97422248  0.95666194  0.9357335
  0.92352068  0.90264302  0.88488501  0.85893387  0.83015102  0.80875045
  0.77921474  0.74813163  0.71580994  0.67998427  0.64688677  0.6122036
  0.57525295  0.53688163  0.50169754  0.46156958  0.42364234  0.3859655
  0.34968841  0.31441748  0.275188    0.23981923  0.20455582  0.16737284
  0.12914534  0.09464046  0.06007447  0.02659032 -0.01134998 -0.04676988
 -0.08272397 -0.12133174 -0.15940851 -0.19135982 -0.22477446 -0.26031572
 -0.29878464 -0.33488032 -0.36940581 -0.40260091 -0.43429208 -0.46875119
 -0.50519085 -0.5388388  -0.57201731 -0.60694444 -0.6379658  -0.66502428
 -0.69532442 -0.72498465 -0.75486857 -0.78561753 -0.81975025 -0.84555668
 -0.8661322  -0.89263648 -0.92003739 -0.94596124 -0.96827638 -0.98358208
 -0.99776554 -1.00843215 -1.03007102 -1.04449558 -1.05524969 -1.06517875
 -1.07886398 -1.09236693 -1.10492074 -1.11207819 -1.11530387 -1.11957955
 -1.12571728 -1.12350595 -1.12322366 -1.12639368 -1.12495589 -1.12191808
 -1.11743641 -1.1125232  -1.10128045 -1.0896157  -1.07600129 -1.06940615
 -1.051965   -1.03258455 -1.00958204 -0.99007183 -0.96671039 -0.94198853
 -0.91469526 -0.89123046 -0.86507285 -0.83595878 -0.80482662 -0.77545059
 -0.74921769 -0.71455556 -0.68134904 -0.64835161 -0.61404115 -0.5786112
 -0.54301304 -0.5077495  -0.46763784 -0.43086836 -0.39483327 -0.35791898
 -0.32058161 -0.27589038 -0.2306065  -0.19053355 -0.15216866 -0.10807689
 -0.06480628 -0.02383108  0.01788336  0.0606442   0.10454237  0.14777736
  0.19115809  0.23232494  0.27664611  0.32375005  0.36668974  0.408667
  0.45596844  0.49875867  0.54203755]
[-0.4511947  -0.46846232 -0.48900613 -0.50405729 -0.52286696 -0.55132341
 -0.57471812 -0.59121853 -0.60622066 -0.61804575 -0.62754571 -0.63419122
 -0.64630419 -0.66285592 -0.67068195 -0.67375046 -0.67900288 -0.68227118
 -0.68484414 -0.69320023 -0.70537353 -0.70491433 -0.69579083 -0.68936801
 -0.68941885 -0.68678665 -0.67718458 -0.66754526 -0.66177678 -0.65558523
 -0.64860684 -0.63360053 -0.62191397 -0.61029553 -0.60385102 -0.5899778
 -0.57794482 -0.56638581 -0.55747324 -0.54312629 -0.52022362 -0.49278215
 -0.4749907  -0.45836091 -0.44035017 -0.42915729 -0.41642272 -0.39310905
 -0.36634052 -0.34827554 -0.32761174 -0.30733198 -0.28953239 -0.26936379
 -0.24554043 -0.21628229 -0.18687454 -0.16639492 -0.14155297 -0.11251285
 -0.08572232 -0.06020058 -0.03564707 -0.00581732  0.02563007  0.05422111
  0.07851297  0.09925501  0.12172987  0.14013481  0.15816921  0.18630607
  0.21322674  0.23423336  0.25090453  0.26436985  0.28413215  0.30296189
  0.31703207  0.3335543   0.34647638  0.3653923   0.37960491  0.38739622
  0.39485994  0.4026705   0.40763679  0.41333646  0.4188287   0.41914326
  0.41808105  0.42325899  0.42605898  0.42428574  0.42630106  0.42874929
  0.42478409  0.43150225  0.44072738  0.44948909  0.46053049  0.4737995
  0.49367535  0.51489341  0.53060961  0.54412651  0.56277376  0.58914435
  0.62280041  0.65771306  0.68551493  0.71497762  0.73795009  0.74535751
  0.73666173  0.71129501  0.68818629  0.65988982  0.63265872  0.60111588
  0.56481129  0.54155743  0.52321893  0.49402124  0.47192982  0.4605819
  0.44728234  0.42824891  0.41067019  0.405103    0.39982423  0.39924622
  0.40383965  0.40119711  0.40216017  0.39744216  0.39223552  0.39630818
  0.39340049  0.38788456  0.38346836  0.37690568  0.36949044  0.36238417
  0.35215899  0.34100658  0.33246526  0.31798717  0.30356562  0.28989163
  0.27404431  0.25815597  0.24257581  0.22737332  0.21231283  0.19456753
  0.17698786  0.16189533  0.14456244  0.12562564  0.10178377  0.08263645
  0.06404599  0.04250225  0.02304917  0.0051995  -0.01380723 -0.03923094
 -0.06662827 -0.09144682 -0.10848971 -0.12670347 -0.14289062 -0.16360386
 -0.191625   -0.21791835 -0.24161796 -0.25761333 -0.27186921 -0.28902736
 -0.30690667 -0.32198885 -0.3340902  -0.35254788 -0.37537283 -0.39770323
 -0.42179915 -0.44142228 -0.4480066  -0.45608214 -0.46929076 -0.48288554
 -0.48940438 -0.49782753 -0.51623428 -0.5270294  -0.53880215 -0.55008608
 -0.55690879 -0.57044595 -0.58216    -0.58787853 -0.59106243 -0.59264815
 -0.58883542 -0.58845073 -0.59417218 -0.60137033 -0.59940892 -0.59646505
 -0.60108471 -0.60117787 -0.5948717  -0.58886594 -0.58934486 -0.59070057
 -0.58278322 -0.56872839 -0.55085653 -0.54111385 -0.53145975 -0.52191633
 -0.50772035 -0.49278527 -0.48044884 -0.46419689 -0.4435696  -0.42901933
 -0.41857782 -0.39775565 -0.36760113 -0.34323871 -0.32450995]
[-0.30628568 -0.33671376 -0.36424822 -0.38589022 -0.41157472 -0.4340556
 -0.45430118 -0.47332993 -0.49377981 -0.51357198 -0.53422821 -0.55565166
 -0.57059497 -0.58666247 -0.59782529 -0.60968697 -0.62324423 -0.63641053
 -0.6482451  -0.65784627 -0.66589606 -0.67447853 -0.67984957 -0.68882751
 -0.69686627 -0.70589334 -0.71094018 -0.71351069 -0.7155146  -0.71775037
 -0.71901011 -0.7181654  -0.71664286 -0.71434319 -0.71166301 -0.70817852
 -0.70299566 -0.69747657 -0.690319   -0.68359613 -0.67526549 -0.66577238
 -0.65821481 -0.64999694 -0.63492519 -0.61772656 -0.60202032 -0.59065992
 -0.57767957 -0.56456852 -0.54937875 -0.54027122 -0.52253807 -0.50122947
 -0.4829143  -0.46758616 -0.44696251 -0.42781109 -0.4039402  -0.38170132
 -0.35805604 -0.33341265 -0.30923444 -0.28643936 -0.25809187 -0.23034059
 -0.20371893 -0.17585087 -0.14611284 -0.11636897 -0.08856332 -0.06005652
 -0.03048379 -0.00195918  0.02271499  0.04582409  0.07354955  0.10330225
  0.1287771   0.15352948  0.17890081  0.20479642  0.22953762  0.25150868
  0.27486783  0.29781213  0.32012218  0.34130824  0.35926852  0.37794957
  0.3969757   0.4137094   0.42850009  0.44442666  0.45925701  0.47195637
  0.48450106  0.49764892  0.51025867  0.52063489  0.53141952  0.54162765
  0.5535816   0.56610531  0.57739669  0.58909798  0.60009086  0.61207116
  0.62607521  0.63840306  0.65140814  0.66692197  0.68223625  0.69587082
  0.71023887  0.72621471  0.74457616  0.75738043  0.7680378   0.76614034
  0.755624    0.73944694  0.72223121  0.7070986   0.69460118  0.67893106
  0.66139805  0.64777505  0.6343739   0.61995304  0.60932708  0.59752679
  0.58339238  0.56784421  0.55463314  0.54229128  0.53074306  0.52020717
  0.50923139  0.49752751  0.48471901  0.47047403  0.45765257  0.44377261
  0.42840365  0.41327536  0.39815065  0.38013002  0.3622129   0.34356228
  0.32389531  0.30442393  0.28408235  0.26406181  0.24419919  0.22099364
  0.19652607  0.17284341  0.14963363  0.12633944  0.10251086  0.07928719
  0.05602237  0.03085271  0.00514941 -0.02269338 -0.04961779 -0.07390914
 -0.09942547 -0.12419299 -0.15056127 -0.17681061 -0.20266429 -0.22643566
 -0.25164539 -0.27674729 -0.30022395 -0.32316783 -0.34125203 -0.36348483
 -0.38574955 -0.40345159 -0.42132935 -0.43539852 -0.45330054 -0.46725932
 -0.48370355 -0.49335861 -0.50646925 -0.51827729 -0.53100282 -0.54912174
 -0.56429678 -0.56862003 -0.57271409 -0.57577491 -0.58386254 -0.5924865
 -0.59967113 -0.60775048 -0.61327201 -0.61962557 -0.6259011  -0.62936038
 -0.63320601 -0.63568091 -0.63729566 -0.63748926 -0.63750577 -0.63406217
 -0.62996405 -0.62775153 -0.62544656 -0.62071353 -0.61494881 -0.61052936
 -0.61083883 -0.60832131 -0.59720761 -0.58930856 -0.58063763 -0.57162023
 -0.56399441 -0.54690516 -0.53302848 -0.52176321 -0.51107299 -0.49662676
 -0.47771412 -0.4631241  -0.44890442 -0.43278939 -0.41141549 -0.3929581
 -0.37538964 -0.35004762 -0.32409516 -0.30026159 -0.27645284 -0.25432202]
[-0.19538406 -0.22677942 -0.25780821 -0.29052836 -0.31987259 -0.34692773
 -0.37800887 -0.40921631 -0.43462992 -0.45907906 -0.4840892  -0.50779122
 -0.53014052 -0.55113953 -0.57249796 -0.59441495 -0.61465198 -0.63262242
 -0.65063953 -0.66594368 -0.67832768 -0.6939984  -0.70891017 -0.72211003
 -0.73185587 -0.7416873  -0.75194126 -0.75991827 -0.76931542 -0.77811825
 -0.78622413 -0.79228634 -0.79693568 -0.80096489 -0.80410385 -0.80626553
 -0.80725312 -0.8069976  -0.80601162 -0.80378795 -0.80079162 -0.79701757
 -0.79223496 -0.78632289 -0.77922797 -0.77141958 -0.76253444 -0.75397891
 -0.7447437  -0.73149401 -0.7149545  -0.69956195 -0.68556261 -0.67283213
 -0.65886217 -0.64242017 -0.62817562 -0.61177838 -0.59288579 -0.57369775
 -0.55404228 -0.53356564 -0.51303941 -0.48949707 -0.46573594 -0.44063625
 -0.41497281 -0.3883768  -0.36315826 -0.33451334 -0.30501756 -0.27580294
 -0.24563251 -0.21381618 -0.18244323 -0.15092823 -0.11877109 -0.08537236
 -0.05224036 -0.01949671  0.0116316   0.04239989  0.07594424  0.10809829
  0.13847944  0.16923974  0.19994457  0.22967435  0.25820863  0.28578478
  0.3134262   0.34089276  0.36650455  0.39023566  0.41434309  0.43793368
  0.46040565  0.48110881  0.50252986  0.5231176   0.54129922  0.55888957
  0.57670099  0.59459883  0.61018169  0.62510854  0.64028352  0.65492493
  0.66970062  0.68365389  0.69745177  0.70980966  0.72230327  0.73443824
  0.74546194  0.75767285  0.77057791  0.78347731  0.79554111  0.80441821
  0.81439316  0.82615936  0.83733171  0.84527868  0.8446154   0.8388828
  0.83044094  0.81978691  0.80790567  0.79743338  0.7882728   0.77652144
  0.76278317  0.75155205  0.74014652  0.7278176   0.71582353  0.70227438
  0.68737102  0.67251712  0.65729129  0.64207649  0.62674874  0.61137384
  0.59552139  0.57902443  0.56170261  0.543603    0.52545965  0.50599223
  0.48577076  0.46653342  0.44409502  0.42166862  0.39926544  0.37515897
  0.35074276  0.32646534  0.30100936  0.27569658  0.24875881  0.22030827
  0.19165242  0.16238111  0.13293748  0.10327817  0.07416808  0.04501036
  0.01520629 -0.01603546 -0.04801435 -0.080049   -0.10976115 -0.14104109
 -0.17111516 -0.20132647 -0.23219585 -0.26132372 -0.28831032 -0.31447875
 -0.34094161 -0.36754209 -0.39307559 -0.41576353 -0.43733054 -0.46114194
 -0.48099256 -0.49846941 -0.51609594 -0.53550059 -0.55321217 -0.5695852
 -0.58349824 -0.59913796 -0.61081868 -0.62458795 -0.63952106 -0.65440953
 -0.66520071 -0.67103934 -0.67699486 -0.68426275 -0.69243491 -0.70019674
 -0.70726335 -0.71321744 -0.71872002 -0.72401625 -0.72846776 -0.7311312
 -0.73310268 -0.73426533 -0.73462373 -0.73394626 -0.73242122 -0.72930211
 -0.72518736 -0.72111428 -0.7159375  -0.70981848 -0.70387816 -0.6991834
 -0.69552481 -0.68870497 -0.67885286 -0.66723335 -0.65632391 -0.64509344
 -0.63077158 -0.61705321 -0.60361117 -0.58716714 -0.57110071 -0.55281454
 -0.53616267 -0.51744372 -0.49941626 -0.47877491 -0.45676565 -0.43521217
 -0.40977418 -0.38452944 -0.35882989 -0.33170775 -0.3063027  -0.28008071
 -0.25380921 -0.22544056 -0.19633009 -0.16600437 -0.13526894]
[-0.18912815 -0.22036114 -0.25186321 -0.28483284 -0.31408343 -0.34135374
 -0.37242404 -0.40204707 -0.42803773 -0.45261818 -0.47746947 -0.50122714
 -0.52345264 -0.54514092 -0.5684517  -0.58918041 -0.60798502 -0.62591982
 -0.64445341 -0.66002524 -0.67305291 -0.68958753 -0.70589596 -0.71880108
 -0.72718924 -0.73809916 -0.75017393 -0.75851452 -0.76839966 -0.77812552
 -0.78594041 -0.79227543 -0.79858404 -0.8042236  -0.80851495 -0.81134081
 -0.81348652 -0.81501216 -0.81481659 -0.81370127 -0.81176096 -0.80878621
 -0.80536276 -0.80073118 -0.79469341 -0.78704602 -0.77934808 -0.7714622
 -0.76271689 -0.74832672 -0.73352087 -0.72125471 -0.7082395  -0.6957407
 -0.68242508 -0.66682863 -0.65243268 -0.63596094 -0.61794835 -0.60014796
 -0.58116287 -0.5608483  -0.54007119 -0.51601487 -0.49174577 -0.46825016
 -0.44359714 -0.41700533 -0.39115962 -0.36241415 -0.33346254 -0.30343887
 -0.27260226 -0.24088885 -0.20978092 -0.17864904 -0.14528407 -0.11086399
 -0.07691974 -0.04315188 -0.01069964  0.02230783  0.0560869   0.08856007
  0.1210798   0.15414841  0.18714204  0.21832007  0.24843822  0.27861336
  0.308258    0.33667001  0.36344904  0.38934502  0.41549218  0.44132167
  0.46605918  0.48830178  0.51131564  0.53360379  0.55468643  0.57426131
  0.59305322  0.61256486  0.63082659  0.64742154  0.66382629  0.68104756
  0.69602597  0.71012723  0.72420543  0.7362532   0.74787402  0.75868875
  0.76898855  0.78130084  0.79347801  0.80524242  0.813178    0.82038164
  0.8287676   0.83722901  0.8456232   0.85216933  0.85128719  0.84653956
  0.840119    0.83040035  0.82110691  0.81364316  0.80707169  0.79618341
  0.78507781  0.77517295  0.76477051  0.75323045  0.74108207  0.72806036
  0.71391416  0.69881171  0.68245006  0.66564453  0.64858514  0.63047874
  0.61245686  0.59304363  0.57401073  0.55406672  0.53310239  0.51153344
  0.48934385  0.46796089  0.44394329  0.41993135  0.39555672  0.37015888
  0.34461328  0.31842157  0.2933642   0.26685268  0.2388214   0.20965406
  0.17979208  0.14977075  0.11909481  0.08804236  0.05871681  0.02907677
 -0.00299001 -0.03530949 -0.06763396 -0.099551   -0.13058506 -0.162728
 -0.19347706 -0.22472423 -0.25661507 -0.28542715 -0.31200555 -0.33940241
 -0.36610389 -0.3932927  -0.41977471 -0.44259328 -0.46389803 -0.48681772
 -0.50607932 -0.52430987 -0.54205739 -0.56140447 -0.57899833 -0.59524906
 -0.60958326 -0.62501276 -0.63545239 -0.64900184 -0.66320658 -0.67678779
 -0.68622702 -0.69253922 -0.69718999 -0.70423084 -0.71260065 -0.72008604
 -0.72675055 -0.73185486 -0.73700178 -0.74132562 -0.74439639 -0.74677289
 -0.7473194  -0.74769604 -0.74707574 -0.74597591 -0.74393666 -0.74077094
 -0.73698944 -0.7317031  -0.72487593 -0.71856475 -0.71254724 -0.7076304
 -0.7022779  -0.69467521 -0.68498737 -0.67216921 -0.65982676 -0.64839977
 -0.63452685 -0.62087286 -0.6066249  -0.59013373 -0.57361478 -0.55484718
 -0.53787667 -0.51877189 -0.50000656 -0.47874874 -0.45664251 -0.43435273
 -0.40887806 -0.38348866 -0.35707203 -0.32929328 -0.30306551 -0.27703315
 -0.24973403 -0.22031298 -0.19049884 -0.15915169 -0.12740566 -0.09699251]
[-1.21821487 -1.22565782 -1.23226118 -1.23620856 -1.23830044 -1.2399745
 -1.24046719 -1.23917997 -1.23507106 -1.2295382  -1.22489119 -1.21904337
 -1.20906556 -1.19799685 -1.18656325 -1.17438114 -1.15931952 -1.14342022
 -1.12780309 -1.10925114 -1.08751881 -1.06568253 -1.04757237 -1.02514637
 -1.002514   -0.97674143 -0.95115542 -0.92509979 -0.89793217 -0.87079835
 -0.84391421 -0.81494498 -0.78365242 -0.75215876 -0.71936065 -0.68400365
 -0.65118474 -0.61676824 -0.58245468 -0.54568428 -0.50681603 -0.46953765
 -0.430408   -0.39088055 -0.35097066 -0.30997393 -0.2696645  -0.22673239
 -0.18299915 -0.13854064 -0.09476529 -0.05223488 -0.00947489  0.0351794
  0.08029156  0.12594894  0.1718948   0.21801735  0.26351666  0.30942813
  0.3554779   0.40009481  0.44468695  0.49019712  0.53620166  0.58140934
  0.62717289  0.67514747  0.72089142  0.76696229  0.81257796  0.85734695
  0.902224    0.94542575  0.98940796  1.03536725  1.07771766  1.11807191
  1.15900981  1.19943476  1.23803031  1.27623272  1.30885053  1.33981776
  1.3701427   1.39856076  1.42504787  1.45013547  1.46783924  1.48219299
  1.49307227  1.50085759  1.50750566  1.51224446  1.5124321   1.51096857
  1.50540841  1.49881876  1.48928964  1.47100663  1.45729935  1.43921494
  1.41550374  1.38638294  1.35646141  1.32770455  1.29211891  1.25605905
  1.21625364  1.17477763  1.13107836  1.0854845   1.03800869  0.99287522
  0.94655514  0.90056562  0.85528409  0.80942452  0.76258296  0.71622396
  0.67028016  0.62447315  0.5791083   0.5337593   0.48795441  0.44176838
  0.39564881  0.34984156  0.3041603   0.26018161  0.21594489  0.17067558
  0.12529586  0.08007827  0.03487334 -0.01073966 -0.05547424 -0.09777869
 -0.14023359 -0.18387638 -0.22639315 -0.26795712 -0.30965203 -0.35016984
 -0.39049235 -0.43170369 -0.47180691 -0.51033336 -0.54562676 -0.57955229
 -0.61499858 -0.65079904 -0.68576103 -0.71913511 -0.75138628 -0.78231543
 -0.81072599 -0.83647293 -0.86547953 -0.89416844 -0.92008811 -0.94596434
 -0.96994412 -0.99319547 -1.01363993 -1.03577256 -1.05536032 -1.07255125
 -1.09022164 -1.10814607 -1.12440622 -1.13512504 -1.14572597 -1.15749156
 -1.16812062 -1.17711437 -1.18500555 -1.19099748 -1.19491041 -1.19826639
 -1.20038891 -1.20188034 -1.20236051 -1.20182073 -1.20021021 -1.19754398
 -1.19198787 -1.18578923 -1.17799246 -1.16725647 -1.15399051 -1.14404297
 -1.1350441  -1.12247241 -1.10578275 -1.08706725 -1.06850922 -1.04772294
 -1.02663541 -1.00583196 -0.9813931  -0.95728463 -0.92981839 -0.90150064
 -0.87270325 -0.8432557  -0.814161   -0.78379029 -0.75021565 -0.71624893
 -0.68181199 -0.64600605 -0.60966474 -0.57199597 -0.5321368  -0.49260312
 -0.45359528 -0.41210407 -0.36928806 -0.32556972 -0.28184295 -0.23889543
 -0.19524896 -0.14917071 -0.10280183 -0.05653438 -0.00926172  0.03812094
  0.08616142  0.13384774  0.18181145  0.22963873  0.2779285   0.32712257
  0.3755053   0.42237273  0.47050253  0.51859772  0.56681895  0.6147182
  0.66337961  0.71138716  0.75814837  0.80359942  0.84986681  0.89661342
  0.94182181  0.98575968  1.0314945   1.07359052  1.11789906  1.16016257
  1.19998789]
[ 1.12094998  1.07668471  1.03095698  0.98161817  0.93218923  0.88224173
  0.83322394  0.78420526  0.7335102   0.6833635   0.63323593  0.58232188
  0.53121084  0.48180667  0.43215355  0.38112751  0.33144921  0.28210905
  0.23305401  0.18505524  0.13712844  0.08908197  0.04175891 -0.0065193
 -0.05354416 -0.10000913 -0.14729179 -0.19371423 -0.23957276 -0.28449434
 -0.32710466 -0.36925563 -0.41241917 -0.45604047 -0.49690956 -0.53708088
 -0.57752144 -0.61459219 -0.65123338 -0.68943989 -0.72554928 -0.75875854
 -0.79253125 -0.82424438 -0.85521793 -0.88462359 -0.91526705 -0.94556689
 -0.97283113 -0.99684006 -1.02138722 -1.04525733 -1.06831801 -1.0906179
 -1.11281741 -1.13109016 -1.14390409 -1.16087794 -1.17778563 -1.19123089
 -1.20014191 -1.21145868 -1.21923423 -1.22604537 -1.23258996 -1.23744917
 -1.24087334 -1.24355209 -1.24325907 -1.24237561 -1.2408334  -1.23698676
 -1.23188281 -1.2243216  -1.21527922 -1.20623279 -1.19474351 -1.18307304
 -1.16904092 -1.15523338 -1.13790238 -1.12064099 -1.0988878  -1.07719362
 -1.05928433 -1.0378226  -1.01351607 -0.99052811 -0.96491271 -0.93783009
 -0.91131222 -0.88509727 -0.85775191 -0.82891083 -0.79770434 -0.76616663
 -0.73224264 -0.69723123 -0.66512734 -0.63011938 -0.59638482 -0.55968052
 -0.52036309 -0.4834297  -0.44508362 -0.40572643 -0.36526394 -0.32456765
 -0.28453591 -0.24271229 -0.20019282 -0.15557693 -0.11144841 -0.06854198
 -0.02529468  0.01887306  0.06331583  0.10819723  0.1541395   0.20038456
  0.24627851  0.2912567   0.33823866  0.38274494  0.42704955  0.47276825
  0.51879448  0.56487894  0.61244291  0.66026157  0.70760435  0.75386286
  0.80126727  0.84879273  0.89692068  0.94229579  0.98834777  1.03594673
  1.08144033  1.12602031  1.16987133  1.21077681  1.25002623  1.28553164
  1.3178407   1.34620976  1.3728838   1.39799619  1.42366469  1.44564784
  1.46129453  1.46848917  1.4765873   1.48197126  1.4847548   1.48530185
  1.48315752  1.48200715  1.47752619  1.4721384   1.46133208  1.44743514
  1.43598783  1.4234041   1.40219724  1.37816906  1.35499752  1.32733464
  1.297979    1.26627767  1.23221469  1.19485831  1.15452325  1.10999072
  1.06489813  1.01847053  0.96725196  0.92033905  0.87337458  0.82529503
  0.77812833  0.72955525  0.68189162  0.63436049  0.58691537  0.54057533
  0.49375108  0.44641516  0.39977944  0.35397309  0.30867383  0.2647956
  0.22142082  0.17685398  0.13207325  0.08649287  0.04130955 -0.00361412
 -0.04830713 -0.09012127 -0.13256334 -0.176349   -0.21718857 -0.2583845
 -0.30055806 -0.34050864 -0.38094893 -0.42152292 -0.46129203 -0.49853423
 -0.53410113 -0.56795883 -0.60306311 -0.63849992 -0.6738295  -0.70776856
 -0.738415   -0.76973885 -0.79808903 -0.82376605 -0.85324734 -0.88092321
 -0.90778488 -0.93292874 -0.95888573 -0.98216343 -1.00184417 -1.02562571
 -1.04313278 -1.05806208 -1.07679391 -1.09410524 -1.10961115 -1.11985767
 -1.13073814 -1.14403415 -1.15489268 -1.16337693 -1.16911745 -1.1751188
 -1.18009222 -1.18521702 -1.18728054 -1.18836617 -1.18792391 -1.18622339
 -1.18437505 -1.18301713 -1.1796447  -1.17143142 -1.16346598 -1.1536684
 -1.14483333]
[-0.39193022 -0.43716261 -0.47869155 -0.52015191 -0.56083858 -0.59637958
 -0.63240689 -0.6697728  -0.7079764  -0.74191332 -0.77199972 -0.80388451
 -0.8336885  -0.86222672 -0.89455253 -0.92531353 -0.94965929 -0.97419643
 -0.99529225 -1.0188396  -1.04086959 -1.06478214 -1.08892024 -1.1081363
 -1.11841142 -1.13130021 -1.15022099 -1.16349423 -1.17686868 -1.18696344
 -1.19514358 -1.20196414 -1.20901668 -1.21784365 -1.22408283 -1.22627175
 -1.22691667 -1.22962272 -1.22901714 -1.22627354 -1.22168851 -1.21683562
 -1.21125138 -1.20232022 -1.19398952 -1.18135166 -1.17098534 -1.15745664
 -1.14226818 -1.12384474 -1.10286605 -1.08576453 -1.06876254 -1.04874384
 -1.02868021 -1.00686061 -0.9816221  -0.95681    -0.93142724 -0.90861815
 -0.88389921 -0.85691023 -0.8263815  -0.79509699 -0.76128793 -0.72834396
 -0.69796616 -0.6653862  -0.63184351 -0.59603381 -0.55865109 -0.52139181
 -0.48159122 -0.44262475 -0.4047775  -0.36516389 -0.32511804 -0.28093114
 -0.23707914 -0.19465384 -0.14987999 -0.10531128 -0.06370772 -0.02057837
  0.02395321  0.07125733  0.11983817  0.16523032  0.2096875   0.25702187
  0.30422443  0.34984893  0.39420775  0.44088396  0.48903218  0.53716564
  0.58597761  0.63442647  0.68315399  0.73141032  0.78164744  0.83299214
  0.88045847  0.92851079  0.97747242  1.02590537  1.07263875  1.12196219
  1.16457319  1.20660353  1.24620843  1.2816081   1.3134979   1.3420589
  1.36653602  1.3914783   1.41762221  1.43886054  1.45201027  1.45962214
  1.4671061   1.47310317  1.4766953   1.4773258   1.47892523  1.47729897
  1.47555661  1.46957564  1.46278203  1.45031106  1.44194961  1.43002367
  1.41228855  1.38789654  1.36717021  1.34288144  1.31395292  1.28270483
  1.24928164  1.21212041  1.16802144  1.12391365  1.07582021  1.02683425
  0.97998464  0.93125033  0.8836692   0.83711481  0.78635281  0.73826396
  0.69017422  0.64220011  0.59390056  0.54648256  0.49811894  0.45041177
  0.40301961  0.3548452   0.30993971  0.26550364  0.22006252  0.1746242
  0.12872842  0.08203458  0.03530292 -0.01148407 -0.05605786 -0.09895346
 -0.1436861  -0.18748346 -0.23029186 -0.27202311 -0.31523216 -0.35584375
 -0.39552894 -0.4364565  -0.47748226 -0.51692241 -0.55074996 -0.58323812
 -0.61769819 -0.65399981 -0.69026381 -0.72420895 -0.75455254 -0.78277862
 -0.80853599 -0.83397418 -0.86152047 -0.89014894 -0.91625386 -0.93909448
 -0.96386659 -0.98597479 -1.00608099 -1.02478182 -1.04593563 -1.06077063
 -1.07227087 -1.08789682 -1.10121465 -1.1091212  -1.11995995 -1.13303578
 -1.14168036 -1.1472683  -1.15517759 -1.16000485 -1.1616019  -1.16655779
 -1.16652083 -1.16620088 -1.1658144  -1.16428137 -1.16188574 -1.16132557
 -1.1569674  -1.1489706  -1.13828576 -1.13119853 -1.12243855 -1.10923302
 -1.10145175 -1.09134066 -1.07991242 -1.06009364 -1.03912818 -1.02189863
 -1.00669062 -0.98820597 -0.96312469 -0.94026726 -0.91620094 -0.88926023
 -0.86204046 -0.83359212 -0.80677146 -0.77917075 -0.7478286  -0.71508282
 -0.68198502 -0.64929819 -0.61365098 -0.57492185 -0.5363974  -0.49889335
 -0.46261331 -0.42180598 -0.37943867 -0.33547345 -0.29167521 -0.25152391
 -0.209307  ]
[-1.23985958 -1.24926496 -1.25733364 -1.26320589 -1.26603365 -1.26846921
 -1.27026343 -1.27004457 -1.2673198  -1.26225758 -1.2572341  -1.25174057
 -1.24335527 -1.23242915 -1.21901143 -1.20501053 -1.18990088 -1.17525184
 -1.1568923  -1.13770628 -1.11615789 -1.0939033  -1.07329834 -1.05272412
 -1.02916276 -1.00502622 -0.97877437 -0.95199645 -0.92602354 -0.89954424
 -0.87299311 -0.84492642 -0.81420225 -0.78240937 -0.74889863 -0.71449882
 -0.68147177 -0.64769858 -0.61386389 -0.57693529 -0.53791392 -0.50006378
 -0.46065876 -0.42109111 -0.38233611 -0.34124386 -0.30031121 -0.25655046
 -0.21239516 -0.1686859  -0.12341068 -0.08059705 -0.03738238  0.00783409
  0.05361175  0.10083581  0.14801221  0.19505581  0.24226284  0.28908569
  0.33738914  0.3841756   0.43065053  0.47778082  0.52497852  0.57164645
  0.61874551  0.66546029  0.71239156  0.75813085  0.80477411  0.85000908
  0.8976354   0.94271797  0.98738939  1.03169811  1.07738113  1.12182701
  1.1642313   1.20507038  1.2470597   1.28880656  1.32697845  1.36282146
  1.39971817  1.4353466   1.47230375  1.50580609  1.53141785  1.5533309
  1.56832266  1.58261585  1.59297574  1.59977663  1.60271239  1.60142708
  1.59399426  1.58499837  1.57358325  1.55007029  1.53086245  1.50700569
  1.47374642  1.43628454  1.4010005   1.36317778  1.32248843  1.28121078
  1.23853195  1.19285583  1.1475358   1.10092437  1.05178595  1.00494599
  0.95873678  0.91223592  0.86722881  0.82023215  0.77391946  0.72878724
  0.68225282  0.63667005  0.59031928  0.54372311  0.49717593  0.45028809
  0.40292227  0.35621318  0.30944353  0.26319572  0.21767154  0.17107698
  0.12496027  0.07864963  0.03209496 -0.01393966 -0.05928821 -0.10414197
 -0.14791051 -0.19266804 -0.23585221 -0.27833351 -0.32129088 -0.36223632
 -0.4035846  -0.44571438 -0.48661727 -0.52511978 -0.5618403  -0.59703827
 -0.63253427 -0.66871816 -0.70521182 -0.73980784 -0.77211803 -0.80316418
 -0.83226418 -0.85876632 -0.88764411 -0.91775501 -0.94557589 -0.97056091
 -0.99648237 -1.01814187 -1.04001689 -1.06127036 -1.08379185 -1.10048807
 -1.11801159 -1.13393652 -1.15099776 -1.16258585 -1.17374885 -1.18726301
 -1.1977495  -1.20789516 -1.21691442 -1.22286248 -1.22705042 -1.23134041
 -1.23410928 -1.23585343 -1.23665869 -1.2354039  -1.23275697 -1.230304
 -1.22545016 -1.21676219 -1.20739281 -1.19675279 -1.18471467 -1.17249393
 -1.16099858 -1.14728475 -1.13281417 -1.11351943 -1.09314132 -1.07092392
 -1.05102837 -1.03052795 -1.00701332 -0.98183483 -0.95539761 -0.92671078
 -0.89717877 -0.86773902 -0.83666867 -0.80564791 -0.77103871 -0.73764616
 -0.70252389 -0.6658029  -0.62808335 -0.59020174 -0.54928046 -0.50763184
 -0.46917686 -0.42807949 -0.38473886 -0.33953127 -0.29422027 -0.25158098
 -0.20777962 -0.16052438 -0.11283786 -0.06623718 -0.01841157  0.02992256
  0.07842083  0.12702009  0.17547475  0.22404332  0.27295491  0.32282504
  0.37256631  0.42082459  0.46921441  0.51876408  0.56707686  0.61659557
  0.66562498  0.71493125  0.76309395  0.81056112  0.85874712  0.90605211
  0.95215297  0.99811226  1.0462234   1.08914435  1.13415062  1.17687321
  1.21824551  1.2559557   1.29658651  1.33376098  1.37028575  1.40478134]
[ 1.32604074  1.28833258  1.243734    1.19876373  1.15233886  1.10524416
  1.05752981  1.00737393  0.95801169  0.90760934  0.85802263  0.80869234
  0.75741673  0.7057547   0.6563012   0.60631943  0.55525708  0.50520617
  0.45442754  0.40282044  0.35222277  0.30232781  0.25168434  0.20242482
  0.15444751  0.10591607  0.05750528  0.00749937 -0.04072988 -0.08904449
 -0.13803242 -0.18604249 -0.23249666 -0.27853736 -0.32151088 -0.3648383
 -0.40878856 -0.45487109 -0.49685293 -0.53866583 -0.58011597 -0.61700636
 -0.65517509 -0.69425702 -0.73012704 -0.76421446 -0.79864806 -0.83106887
 -0.862409   -0.89130616 -0.92355001 -0.95552921 -0.9823876  -1.00640965
 -1.03015792 -1.05254781 -1.07657254 -1.09938323 -1.12103677 -1.13956881
 -1.15515101 -1.16752374 -1.18769991 -1.20519507 -1.21771705 -1.2257272
 -1.23605275 -1.24540281 -1.25141943 -1.25899017 -1.26479697 -1.26916945
 -1.27018213 -1.26811707 -1.26795077 -1.2638936  -1.26166248 -1.25407922
 -1.24668431 -1.23769593 -1.2276125  -1.21701944 -1.20054579 -1.18787968
 -1.16995585 -1.15140295 -1.12917686 -1.10862076 -1.09114897 -1.07217276
 -1.04825401 -1.02452481 -0.99983466 -0.97584033 -0.95066589 -0.92730808
 -0.90167826 -0.87433577 -0.84281003 -0.81222475 -0.77803576 -0.74445862
 -0.71321476 -0.67813259 -0.64517576 -0.61004108 -0.57155645 -0.53427625
 -0.49572492 -0.45692423 -0.41705203 -0.37613484 -0.33582401 -0.29216707
 -0.24889469 -0.20378186 -0.15803756 -0.11387243 -0.06913099 -0.02453889
  0.02106573  0.06792079  0.11603651  0.16444202  0.21213494  0.25908944
  0.30823445  0.35526827  0.40062332  0.44736639  0.49471056  0.5435161
  0.59173691  0.63906229  0.68661839  0.73266417  0.77952886  0.82833529
  0.87640101  0.92301804  0.97105235  1.01754999  1.06587362  1.11344254
  1.16303098  1.20850301  1.2525754   1.29450893  1.33414412  1.37252462
  1.40864253  1.44242561  1.47862375  1.51228762  1.53741622  1.55309737
  1.56493318  1.57940018  1.58654881  1.59095061  1.59084857  1.59001732
  1.58547521  1.57713735  1.56420183  1.54424107  1.5311209   1.51364529
  1.48483038  1.45295763  1.42390132  1.38886547  1.34897912  1.31060791
  1.27043426  1.22569478  1.17991865  1.12957585  1.08221793  1.0336585
  0.98363912  0.9354043   0.88841081  0.83853889  0.79160362  0.74358785
  0.69487989  0.64741981  0.60022515  0.55419487  0.50696528  0.45921859
  0.4117288   0.3641521   0.31828836  0.27179185  0.22790127  0.18123902
  0.13480668  0.08709968  0.04036407 -0.0065069  -0.05272293 -0.09641732
 -0.14028582 -0.18544088 -0.22832763 -0.27086663 -0.31505519 -0.35559475
 -0.3979314  -0.43960217 -0.48086777 -0.51941168 -0.55586487 -0.58914047
 -0.62442172 -0.66212165 -0.69886851 -0.73309338 -0.76307803 -0.79351282
 -0.82198519 -0.84735715 -0.87658536 -0.90236264 -0.9292472  -0.95362091
 -0.97863346 -1.00030947 -1.02205431 -1.04331672 -1.06112659 -1.0759232
 -1.09257996 -1.10893929 -1.1236968  -1.13077295 -1.14220512 -1.15661275
 -1.16952157 -1.17611015 -1.18254483 -1.18876946 -1.19486272 -1.19970548
 -1.20304561 -1.20331275 -1.20261467 -1.19856548 -1.1962893  -1.19603622
 -1.19372809 -1.18709624 -1.17716002 -1.16521764 -1.15755486 -1.14924812]
[-0.73670161 -0.76775813 -0.80148304 -0.83451599 -0.86471212 -0.89540666
 -0.92533201 -0.94888341 -0.97578347 -1.0025053  -1.02265632 -1.04357386
 -1.06784666 -1.09455013 -1.11479414 -1.12765348 -1.14194882 -1.16018677
 -1.17725384 -1.1911453  -1.2045207  -1.2161684  -1.22096503 -1.23102808
 -1.24372089 -1.25217867 -1.25577235 -1.26011682 -1.26330602 -1.26567936
 -1.26268101 -1.25880611 -1.25287867 -1.25248897 -1.24743176 -1.23667395
 -1.22312284 -1.21136844 -1.19923222 -1.18401659 -1.16573739 -1.14429367
 -1.12582445 -1.11102116 -1.09304142 -1.07351303 -1.05236673 -1.02781236
 -1.00380218 -0.97943765 -0.9574852  -0.93302315 -0.90779519 -0.87973326
 -0.84782821 -0.81518412 -0.78265607 -0.75313538 -0.72177225 -0.68545884
 -0.6521588  -0.61759335 -0.58052999 -0.54082489 -0.50100511 -0.46274662
 -0.42306727 -0.38443705 -0.34010684 -0.29444751 -0.24969271 -0.20402017
 -0.15720189 -0.11388443 -0.07261665 -0.02668906  0.02168116  0.0719459
  0.12018564  0.16900234  0.21823809  0.26662883  0.3175649   0.36300373
  0.4096939   0.46009666  0.51060069  0.55982524  0.61041456  0.66058856
  0.71221823  0.76388735  0.81478602  0.86337095  0.91463727  0.96611816
  1.01433229  1.06390607  1.11730516  1.1644249   1.21007562  1.25607133
  1.29844046  1.3403883   1.3775382   1.41124308  1.44327486  1.47930431
  1.51048017  1.53766561  1.55507386  1.56280804  1.57262039  1.57753384
  1.58322465  1.58705688  1.58838868  1.5891273   1.57889736  1.57268882
  1.55889714  1.54330361  1.53047872  1.506109    1.47628641  1.44719398
  1.41594791  1.3771944   1.33567929  1.29754388  1.25660288  1.20899844
  1.15986097  1.11041343  1.05663896  1.00757837  0.95404381  0.90699112
  0.86033356  0.80811775  0.75784177  0.7093662   0.6614154   0.61289573
  0.56359452  0.51480609  0.46573114  0.41662103  0.36575395  0.31911814
  0.2717683   0.22377692  0.17546013  0.12817736  0.08047432  0.03152826
 -0.01769276 -0.06438834 -0.10926808 -0.15519644 -0.2015294  -0.24738258
 -0.28908196 -0.33284456 -0.37612018 -0.41607961 -0.457964   -0.50245363
 -0.54404926 -0.57954574 -0.61165261 -0.64455616 -0.68109107 -0.71786517
 -0.75446159 -0.78630936 -0.81470919 -0.84349185 -0.86687964 -0.8936308
 -0.92081147 -0.94693327 -0.97106987 -0.99524373 -1.01815951 -1.03631055
 -1.05379343 -1.07178712 -1.08908391 -1.09957898 -1.11611819 -1.13096499
 -1.14224505 -1.1528753  -1.16206026 -1.17447639 -1.17839789 -1.18670928
 -1.19308197 -1.19705915 -1.19957197 -1.19745612 -1.197294   -1.19803202
 -1.19650173 -1.19192934 -1.19011736 -1.18908083 -1.18039358 -1.16835785
 -1.15913236 -1.14698708 -1.13477898 -1.12591875 -1.1155293  -1.10223246
 -1.08675647 -1.06385589 -1.04394388 -1.02631366 -1.00977814 -0.98739392
 -0.96589476 -0.94227463 -0.91767156 -0.88909799 -0.86020905 -0.83451396
 -0.80703807 -0.77515095 -0.7394073  -0.70659602 -0.67566288 -0.63873667
 -0.60101175 -0.56064153 -0.52167696 -0.48556048 -0.44535992 -0.40169352
 -0.35743111 -0.3129209  -0.26888427 -0.22719103 -0.18493263 -0.13694715
 -0.08952373 -0.0426823   0.00581181  0.0544748   0.10360906  0.15232596
  0.20114812  0.2499572   0.29917923  0.35029706  0.39853671  0.445667  ]
[ 0.23565876  0.18781321  0.13788411  0.08841839  0.04045489 -0.00769195
 -0.05669476 -0.1060434  -0.15434486 -0.20156738 -0.24822058 -0.29306293
 -0.33666265 -0.37868896 -0.42222446 -0.46548554 -0.50838059 -0.54971349
 -0.58934325 -0.62787586 -0.66580051 -0.70104384 -0.73395103 -0.76866341
 -0.80162591 -0.8342135  -0.86327159 -0.89293051 -0.92907327 -0.95553184
 -0.97852057 -1.00233066 -1.02724576 -1.05089211 -1.07297432 -1.09607124
 -1.12045276 -1.13914955 -1.14852023 -1.16581059 -1.18378758 -1.19875681
 -1.21045625 -1.22208416 -1.23171234 -1.23720717 -1.24630594 -1.25470936
 -1.26195168 -1.26594174 -1.26560557 -1.26774013 -1.26486361 -1.26367676
 -1.25835407 -1.2523818  -1.24484301 -1.23572099 -1.2270993  -1.2124778
 -1.20076609 -1.18561637 -1.16738236 -1.14575326 -1.12401378 -1.10801959
 -1.09065878 -1.06900716 -1.04648829 -1.02569044 -1.00110257 -0.97552121
 -0.95093131 -0.9282912  -0.90206784 -0.87409806 -0.84269196 -0.81041503
 -0.77584279 -0.74425554 -0.71274489 -0.67721313 -0.64347875 -0.60751098
 -0.5701068  -0.5318734  -0.49182096 -0.45259613 -0.41214868 -0.37218231
 -0.33004013 -0.28588071 -0.24223973 -0.19623469 -0.15018363 -0.10298701
 -0.06069944 -0.01725266  0.02937626  0.0786118   0.12757321  0.17520604
  0.22258656  0.27316001  0.32273835  0.36813697  0.41371953  0.46130541
  0.51100129  0.56043953  0.61040986  0.66008967  0.70875317  0.75758386
  0.80667919  0.85719675  0.90646356  0.95415264  1.00331545  1.0557518
  1.10513389  1.15693021  1.20216048  1.24632514  1.29030418  1.33238506
  1.37039876  1.40559411  1.43990171  1.47464657  1.50689578  1.53653419
  1.55108452  1.56098938  1.57530856  1.57807338  1.57927239  1.5779016
  1.57634127  1.57319498  1.56694627  1.55890584  1.54217649  1.52674508
  1.51159024  1.48762691  1.46061826  1.43210506  1.40064788  1.36668503
  1.32654297  1.28746665  1.2494359   1.20553875  1.15775847  1.1103555
  1.06151867  1.0099864   0.96043533  0.91197807  0.86192375  0.8138054
  0.76511139  0.71487373  0.66600627  0.61737323  0.56908691  0.52176011
  0.4728846   0.42409584  0.37528804  0.32613316  0.27949563  0.2346954
  0.18596423  0.14029819  0.09283905  0.04430441 -0.00349977 -0.05221575
 -0.09748851 -0.14036427 -0.18615685 -0.2313115  -0.27357429 -0.31634295
 -0.36019629 -0.40157947 -0.44211292 -0.48408708 -0.52527171 -0.56218845
 -0.59476024 -0.62998372 -0.66498291 -0.70057303 -0.73667979 -0.76900864
 -0.79701018 -0.82709426 -0.85282516 -0.87921089 -0.90602726 -0.9314968
 -0.95659995 -0.98006588 -1.00477731 -1.02818537 -1.04509795 -1.0649091
 -1.08111656 -1.09318328 -1.10793221 -1.12359869 -1.13486183 -1.14498138
 -1.15699005 -1.16976678 -1.17725933 -1.1833601  -1.18951917 -1.1923281
 -1.19567657 -1.19995844 -1.19836533 -1.19934285 -1.1952343  -1.19307756
 -1.18944287 -1.1878742  -1.18444502 -1.17447484 -1.16042519 -1.15210938
 -1.14512086 -1.13435912 -1.11834419 -1.10705101 -1.09517968 -1.07474148
 -1.05096722 -1.03383362 -1.01721072 -0.9960317  -0.9718461  -0.94766623
 -0.92124504 -0.89414591 -0.87042999 -0.84116125 -0.80978608 -0.77860135
 -0.74694973 -0.71394151 -0.68047088 -0.6443134  -0.60758638 -0.56824744]
[-0.04868346 -0.08458151 -0.12058429 -0.15513639 -0.18965122 -0.22625056
 -0.26086128 -0.29524827 -0.32971001 -0.35933599 -0.3884868  -0.41971353
 -0.44925231 -0.47590622 -0.50174165 -0.52818274 -0.55170685 -0.57253081
 -0.59775364 -0.62118191 -0.63917303 -0.65948743 -0.6781075  -0.6953072
 -0.71052265 -0.72539335 -0.7439127  -0.76265895 -0.77304572 -0.78253192
 -0.79314703 -0.80690694 -0.81713063 -0.82735807 -0.83876973 -0.8446812
 -0.85096675 -0.85987139 -0.86834514 -0.87327993 -0.87568933 -0.8797586
 -0.88186932 -0.88417202 -0.88199914 -0.88081664 -0.87952191 -0.87631464
 -0.8738023  -0.86627024 -0.85924405 -0.85096788 -0.84322828 -0.83446699
 -0.81892687 -0.80521578 -0.79462111 -0.78389698 -0.77015936 -0.75572693
 -0.74014682 -0.72544807 -0.70675403 -0.68851256 -0.67029232 -0.65282428
 -0.63038069 -0.60675269 -0.58104515 -0.55630511 -0.53181887 -0.50662911
 -0.47874582 -0.45312494 -0.42408288 -0.39317521 -0.36138132 -0.32958898
 -0.29801196 -0.26491192 -0.23241191 -0.1969185  -0.1599288  -0.12390274
 -0.08668995 -0.04888612 -0.01248014  0.02307421  0.05916777  0.09813982
  0.13727194  0.1749285   0.21072166  0.2472561   0.2830838   0.3184596
  0.35135362  0.382195    0.4148398   0.44729951  0.47858959  0.50836229
  0.53641611  0.56447452  0.59181279  0.61876124  0.6444363   0.66869467
  0.69106048  0.71506786  0.7369988   0.75905734  0.77971983  0.79680234
  0.81327266  0.82937819  0.8429535   0.85408831  0.86453533  0.87471551
  0.88721693  0.89834619  0.90899724  0.91243017  0.91612619  0.92077774
  0.92255378  0.92581427  0.93104827  0.9298526   0.92680395  0.92181283
  0.9146803   0.910016    0.90624219  0.90262163  0.89418817  0.88519478
  0.87642151  0.86689186  0.85576457  0.84263337  0.82897979  0.81451434
  0.79528886  0.77712244  0.75561726  0.73103666  0.70799446  0.68568838
  0.65969378  0.63704133  0.61106926  0.58358818  0.55698484  0.53019482
  0.50289959  0.47364187  0.44427899  0.41433084  0.38336933  0.3516669
  0.31910935  0.28988633  0.25639677  0.22301278  0.18858634  0.15361966
  0.11755566  0.0804823   0.04503551  0.00899987 -0.02675959 -0.06455637
 -0.10209549 -0.13838941 -0.17392001 -0.20950696 -0.24220385 -0.27497572
 -0.30980563 -0.34492925 -0.37434727 -0.40044391 -0.42735019 -0.45582816
 -0.48400629 -0.51200378 -0.53450036 -0.5566352  -0.57936972 -0.59765619
 -0.61719269 -0.63558757 -0.65561289 -0.67221498 -0.6904552  -0.70536524
 -0.72021842 -0.73066914 -0.74417371 -0.7564823  -0.76677734 -0.77375627
 -0.78067976 -0.78572822 -0.79334176 -0.80188447 -0.80887723 -0.81270278
 -0.81663156 -0.81909657 -0.82176393 -0.82400709 -0.82377845 -0.82210678
 -0.81930465 -0.81787592 -0.81576669 -0.8119905  -0.8081736  -0.80310553
 -0.79344708 -0.78577584 -0.77864718 -0.77008575 -0.76269299 -0.75594246
 -0.74654657 -0.73613721 -0.71838289 -0.70556843 -0.69558227 -0.68014777
 -0.66384137 -0.64783931 -0.63268143 -0.61352682 -0.59338802 -0.5736953
 -0.55477595 -0.53336221 -0.50973278 -0.48553973 -0.46209133 -0.43701115
 -0.40827671 -0.37961376 -0.3492367  -0.32106158 -0.29466897 -0.26410848
 -0.23147146 -0.19818048 -0.16407011 -0.13045682 -0.09855802 -0.06608026
 -0.03064914  0.00407294  0.03968318]
[ 0.63068342  0.58440667  0.53704119  0.49081156  0.44368908  0.39537281
  0.34757644  0.30080691  0.25431049  0.20873721  0.16182931  0.11634105
  0.0721004   0.02637194 -0.01885566 -0.06414568 -0.10823188 -0.15262464
 -0.19452071 -0.23695755 -0.27733114 -0.31607801 -0.35626388 -0.39616683
 -0.43509731 -0.47364038 -0.50976366 -0.54451388 -0.5791887  -0.61251974
 -0.64560479 -0.67625421 -0.70737082 -0.73718375 -0.76462692 -0.79364145
 -0.82266957 -0.84621119 -0.87012744 -0.89311498 -0.91436988 -0.93504709
 -0.95471257 -0.97609317 -0.99745095 -1.01130223 -1.02310991 -1.03508687
 -1.05203545 -1.06534994 -1.07524669 -1.0861882  -1.09097433 -1.09769893
 -1.10604799 -1.11373854 -1.11764932 -1.11939347 -1.12297583 -1.12393665
 -1.124892   -1.12121904 -1.11785805 -1.11413717 -1.10851383 -1.102947
 -1.09274471 -1.08307314 -1.07211196 -1.05956125 -1.04599166 -1.02829015
 -1.01238418 -0.99758351 -0.98111933 -0.96323836 -0.94292277 -0.92226505
 -0.89950401 -0.87590641 -0.85295933 -0.82946116 -0.80389833 -0.77676702
 -0.74686354 -0.71577984 -0.68343216 -0.65269816 -0.62231791 -0.58840847
 -0.55491954 -0.5203833  -0.48439419 -0.44769818 -0.4099614  -0.37309438
 -0.33511573 -0.29742479 -0.25798503 -0.21689759 -0.1764683  -0.13378
 -0.09051782 -0.04975305 -0.01112934  0.02931205  0.07360529  0.11831734
  0.16188264  0.20492062  0.24994601  0.29520348  0.34112802  0.38438991
  0.4270134   0.47346455  0.51959181  0.56509584  0.61152023  0.65687865
  0.7020213   0.74728626  0.79208076  0.83523744  0.87609488  0.91506362
  0.95524079  0.99186778  1.02728212  1.06027412  1.08752644  1.11535025
  1.14028227  1.1623621   1.18079901  1.1968106   1.2118752   1.22709811
  1.23998952  1.25196958  1.25545585  1.25701785  1.25856042  1.25582302
  1.25511611  1.25577831  1.25508976  1.25452697  1.25448847  1.25126565
  1.24807727  1.24408948  1.23963594  1.23099303  1.22019172  1.20745087
  1.19426477  1.17771888  1.15792     1.13698649  1.11514878  1.08858371
  1.05755556  1.0253861   0.9893828   0.95391583  0.91730171  0.8769297
  0.83866149  0.79705656  0.75271118  0.70986551  0.66488904  0.61935467
  0.57293767  0.52585667  0.4784947   0.43124935  0.3840912   0.33709067
  0.29406679  0.24833529  0.20400633  0.16013448  0.11612238  0.07136048
  0.02689977 -0.0159326  -0.05792186 -0.0979021  -0.139726   -0.18056995
 -0.21918775 -0.25783786 -0.29853317 -0.33559379 -0.37260935 -0.41136816
 -0.45011523 -0.48380131 -0.51537961 -0.54818398 -0.58146358 -0.61449951
 -0.64802247 -0.67911029 -0.70691198 -0.73567188 -0.76107347 -0.78651971
 -0.81292593 -0.83788186 -0.86183178 -0.88538051 -0.90880233 -0.92948568
 -0.94596982 -0.96401393 -0.97909141 -0.99133056 -1.00574267 -1.02096295
 -1.03042364 -1.04148078 -1.05198216 -1.06117117 -1.06795478 -1.07442021
 -1.07850266 -1.08170521 -1.08498514 -1.0863111  -1.08559787 -1.08418989
 -1.08366263 -1.08196008 -1.07799339 -1.07524288 -1.07023096 -1.06018484
 -1.05140483 -1.04329133 -1.03242183 -1.02125061 -1.0109576  -0.99912286
 -0.98560429 -0.96549499 -0.94793403 -0.93144387 -0.91414452 -0.8933571
 -0.87126642 -0.85000658 -0.82553214 -0.80100965 -0.77431244 -0.74776238
 -0.71922469 -0.6906662  -0.65979695 -0.62834537 -0.59820563 -0.56413525
 -0.52887666 -0.49282196 -0.45672035 -0.42226511 -0.38518965 -0.34610519
 -0.30548126 -0.26436266 -0.22398852 -0.18503456 -0.14506809 -0.10217351
 -0.05932831 -0.01503615  0.02901565  0.07295015  0.11770144  0.16263936
  0.20660648  0.25131434  0.29629177  0.34187216  0.38720924  0.43065459
  0.4749561   0.52018464  0.564722    0.6089046   0.65359145  0.69684142]
[ 1.05589378  1.01020074  0.96267849  0.91430151  0.86570764  0.81700033
  0.76764446  0.71791977  0.66894168  0.61919808  0.56840396  0.51852483
  0.4694311   0.41867402  0.36882296  0.31934294  0.27059284  0.22230157
  0.17528248  0.12760377  0.07971673  0.03215748 -0.01496884 -0.06158374
 -0.10865502 -0.15505011 -0.20144497 -0.24513605 -0.28868327 -0.33103198
 -0.37330949 -0.41665047 -0.45830023 -0.49899101 -0.54009783 -0.57874483
 -0.61537308 -0.65135682 -0.68840915 -0.72442603 -0.75687063 -0.78884506
 -0.81926644 -0.84820718 -0.88096303 -0.91058981 -0.93793362 -0.96329516
 -0.98687947 -1.00956094 -1.03509653 -1.05654705 -1.08012652 -1.10195303
 -1.11698639 -1.12886429 -1.14511967 -1.16077936 -1.17418587 -1.18329537
 -1.19296145 -1.20038307 -1.20764172 -1.21445918 -1.22079003 -1.22292316
 -1.22427011 -1.22534549 -1.22476149 -1.22301865 -1.21887612 -1.21259487
 -1.20634735 -1.19758737 -1.18903613 -1.17728341 -1.16471052 -1.15158558
 -1.13572717 -1.11979568 -1.09984565 -1.07988071 -1.061203   -1.04142439
 -1.02121115 -0.99825954 -0.97377688 -0.94831312 -0.92232585 -0.89702713
 -0.87261117 -0.84504604 -0.81406063 -0.78273064 -0.75036085 -0.71548086
 -0.68284845 -0.65140808 -0.61798388 -0.58186394 -0.54363251 -0.5061754
 -0.46843681 -0.42947233 -0.39105684 -0.35053128 -0.31021592 -0.26879039
 -0.22608674 -0.18329276 -0.13905892 -0.09530152 -0.05193843 -0.00874099
  0.03455183  0.08044444  0.12704147  0.17252277  0.21735641  0.26366296
  0.3098433   0.35546124  0.39944512  0.44416347  0.49069676  0.53720659
  0.58350521  0.63028389  0.67691934  0.72339231  0.76902068  0.81564724
  0.86201751  0.90621102  0.95070535  0.99634826  1.04097772  1.08505893
  1.12700486  1.1664232   1.20288849  1.2398845   1.27476096  1.30218601
  1.33155298  1.35602224  1.38119423  1.40294695  1.42087352  1.43160522
  1.43967462  1.44781733  1.45092154  1.45410371  1.45518601  1.45476949
  1.45251966  1.44873595  1.44206059  1.43361557  1.42291856  1.41170573
  1.39562929  1.37441528  1.35232484  1.32874238  1.30343711  1.27345228
  1.24324882  1.20841515  1.17049658  1.13050079  1.08674502  1.04030597
  0.99401641  0.94797456  0.89937013  0.85179853  0.80456698  0.75598001
  0.70932889  0.66053718  0.61295176  0.56667578  0.51911092  0.47163391
  0.42488083  0.37833297  0.33219442  0.28889132  0.2448667   0.20098051
  0.15608312  0.11074033  0.06586388  0.02052131 -0.02375935 -0.06706431
 -0.10863885 -0.15221187 -0.19398087 -0.23495001 -0.27681252 -0.31882998
 -0.35860345 -0.39796698 -0.4381485  -0.47802481 -0.51293397 -0.54644853
 -0.5821085  -0.61714369 -0.65211207 -0.68696249 -0.71958327 -0.74912924
 -0.77817655 -0.80535066 -0.83257747 -0.86049509 -0.88773108 -0.91312444
 -0.93750501 -0.96107709 -0.98322457 -1.00322723 -1.0242089  -1.04230869
 -1.0576638  -1.07235169 -1.08972919 -1.10053086 -1.11156571 -1.12536669
 -1.1370573  -1.14459419 -1.15277386 -1.15871739 -1.16348875 -1.16839707
 -1.170102   -1.17177117 -1.17170262 -1.17127156 -1.16967523 -1.16795492
 -1.16513085 -1.15974164 -1.15020978 -1.14206946 -1.13368571 -1.12300158
 -1.11277938 -1.10289872 -1.0901134  -1.07503974 -1.05528331 -1.03709638
 -1.02107179 -1.0023824  -0.97738564 -0.95284349 -0.92883819 -0.90328318
 -0.87703449 -0.84806436 -0.82017553 -0.790456   -0.76044017 -0.72857279
 -0.69629127 -0.66285962 -0.62587374 -0.58939719 -0.55117774 -0.51360512
 -0.47659752 -0.43725556 -0.39526555 -0.35226315 -0.30904159 -0.26779535
 -0.22597937 -0.18157443 -0.13603619 -0.09093096 -0.0443507   0.00221699
  0.04874392  0.09618392  0.14339271  0.18982825  0.23799613  0.28631666
  0.33427989  0.3819648   0.42880785  0.47609678  0.52384818  0.57146186
  0.61931145  0.66689461  0.71363056  0.75888878  0.80384278  0.85009009
  0.89579654  0.93991619  0.9833312   1.02570772  1.06987536  1.11202264]
[ 1.15053761  1.10670316  1.06015682  1.01180875  0.96240985  0.91269362
  0.86376601  0.81393534  0.76376557  0.71386278  0.66470557  0.6143654
  0.56361729  0.51344424  0.46343789  0.41267544  0.36283344  0.31328133
  0.26444259  0.21570677  0.16811155  0.12027644  0.07227184  0.02453666
 -0.02294129 -0.06985666 -0.11715209 -0.16382702 -0.21052326 -0.25447947
 -0.29838854 -0.34141067 -0.38414153 -0.42749789 -0.46933508 -0.5106523
 -0.55247098 -0.59073883 -0.62719744 -0.66526365 -0.70241052 -0.73716903
 -0.77036989 -0.8041237  -0.83418208 -0.86447126 -0.89634681 -0.92832178
 -0.95566744 -0.98141485 -1.00471556 -1.02849174 -1.05338669 -1.07598472
 -1.09872985 -1.11941874 -1.13622308 -1.14981449 -1.16527987 -1.18135202
 -1.19471967 -1.20342386 -1.21283221 -1.22134221 -1.22984958 -1.236256
 -1.24136317 -1.24361527 -1.24440646 -1.2449677  -1.24420178 -1.24184847
 -1.23706436 -1.22980046 -1.22224951 -1.2137574  -1.20366657 -1.19111049
 -1.17797422 -1.16406989 -1.1471796  -1.13020301 -1.1094135  -1.08944762
 -1.06976855 -1.04942715 -1.02807069 -1.00400698 -0.97898525 -0.95343459
 -0.92664146 -0.90055054 -0.87535495 -0.84752041 -0.81645358 -0.78469706
 -0.75175089 -0.71705359 -0.68379754 -0.65142536 -0.61786586 -0.58160311
 -0.54316777 -0.50535816 -0.46725067 -0.42810938 -0.38950714 -0.34849262
 -0.30792806 -0.26641104 -0.22366861 -0.18032463 -0.13564619 -0.09182632
 -0.04847015 -0.00498416  0.03883836  0.08501893  0.13181782  0.17790587
  0.22331573  0.26962376  0.31596485  0.36171556  0.4062179   0.45118463
  0.49745777  0.54290164  0.58910662  0.63562489  0.68190134  0.72870404
  0.7741223   0.82092816  0.86570197  0.91115057  0.95479339  0.99997723
  1.04486871  1.08892715  1.13095212  1.17027926  1.20769036  1.24603164
  1.28351641  1.31612492  1.34650528  1.37553895  1.40336859  1.42872095
  1.44859219  1.46287298  1.4733026   1.48258626  1.48852909  1.49293792
  1.49539101  1.49555981  1.49357986  1.48930359  1.4812994   1.47012818
  1.45796573  1.44438398  1.42551243  1.40192294  1.37695277  1.35338557
  1.32157731  1.28995001  1.25705707  1.21967816  1.17713869  1.13389087
  1.08643854  1.03830814  0.9916963   0.94505304  0.89593452  0.84931397
  0.80254817  0.75390083  0.7072171   0.6598528   0.61254555  0.5660547
  0.51951319  0.47321072  0.42703763  0.38076931  0.33507144  0.29230034
  0.24838455  0.20423673  0.15927602  0.11398975  0.06898464  0.02370946
 -0.02081367 -0.06413341 -0.10574929 -0.14911674 -0.19112138 -0.23243444
 -0.27442709 -0.31668797 -0.35671142 -0.3965162  -0.43681732 -0.4764882
 -0.51186323 -0.5459435  -0.58216578 -0.61748928 -0.65251392 -0.68742269
 -0.72016674 -0.75057065 -0.78013122 -0.8077746  -0.83576763 -0.86454064
 -0.89181858 -0.91774857 -0.94242656 -0.96557957 -0.9879564  -1.00898397
 -1.03102589 -1.04986644 -1.06469607 -1.08334231 -1.10042667 -1.1111629
 -1.1234988  -1.13681269 -1.14816272 -1.1572504  -1.1659317  -1.17231119
 -1.17786026 -1.18282735 -1.18524885 -1.18812525 -1.18866336 -1.18930149
 -1.1877768  -1.18623352 -1.18317604 -1.17782617 -1.1695689  -1.16142023
 -1.15283108 -1.14240742 -1.13198459 -1.1210171  -1.10733843 -1.09247971
 -1.07256114 -1.05406451 -1.03866625 -1.01799405 -0.99359357 -0.96934032
 -0.94498736 -0.91839653 -0.89121217 -0.86305636 -0.83529127 -0.8057667
 -0.77440381 -0.74206841 -0.70878732 -0.67476141 -0.63795614 -0.60063636
 -0.56241083 -0.52440315 -0.48716283 -0.44750127 -0.40550992 -0.3622264
 -0.31886414 -0.27715951 -0.23420216 -0.18932112 -0.14337046 -0.09768862
 -0.05083429 -0.00375973  0.04339513  0.09107181  0.13850611  0.18526208
  0.2335626   0.28223115  0.33071768  0.37902284  0.42658141  0.47459057
  0.52270263  0.5706237   0.61884534  0.66702777  0.7147491   0.76069117
  0.80668265  0.85316569  0.89940488  0.94373035  0.98829967  1.03134191
  1.07488024  1.11888015  1.16074693  1.20026672]
[ 1.17368019e+00  1.13143027e+00  1.08663082e+00  1.03962719e+00
  9.89553213e-01  9.40388441e-01  8.90377343e-01  8.41555655e-01
  7.91824102e-01  7.41332054e-01  6.91306293e-01  6.41953051e-01
  5.91496587e-01  5.40838480e-01  4.90526617e-01  4.41135049e-01
  3.90359879e-01  3.40434164e-01  2.91150391e-01  2.42236346e-01
  1.93903700e-01  1.46074086e-01  9.85165834e-02  5.15271723e-02
  4.03605634e-03 -4.38519716e-02 -9.09080133e-02 -1.37487590e-01
 -1.83726698e-01 -2.30620921e-01 -2.74321347e-01 -3.16620976e-01
 -3.58547479e-01 -4.00715500e-01 -4.44802523e-01 -4.85925347e-01
 -5.26964486e-01 -5.66696823e-01 -6.03396237e-01 -6.39645696e-01
 -6.77399993e-01 -7.14267433e-01 -7.47790277e-01 -7.79495299e-01
 -8.12373698e-01 -8.43799233e-01 -8.72460842e-01 -9.03818011e-01
 -9.33275163e-01 -9.58562911e-01 -9.83040750e-01 -1.00643313e+00
 -1.02958608e+00 -1.05220068e+00 -1.07514858e+00 -1.09803617e+00
 -1.11904120e+00 -1.12975526e+00 -1.14649987e+00 -1.16328180e+00
 -1.17444932e+00 -1.18685281e+00 -1.20079315e+00 -1.20800817e+00
 -1.21392870e+00 -1.22289932e+00 -1.23002815e+00 -1.23506570e+00
 -1.23594606e+00 -1.23592603e+00 -1.23745966e+00 -1.23678374e+00
 -1.23328567e+00 -1.22847927e+00 -1.22128654e+00 -1.21438432e+00
 -1.20485198e+00 -1.19515145e+00 -1.18205273e+00 -1.16959393e+00
 -1.15430784e+00 -1.13765633e+00 -1.11975694e+00 -1.09970140e+00
 -1.08148980e+00 -1.06367207e+00 -1.04256737e+00 -1.02098978e+00
 -9.97510910e-01 -9.72092450e-01 -9.46540892e-01 -9.20543790e-01
 -8.95997167e-01 -8.70002210e-01 -8.42045605e-01 -8.11217070e-01
 -7.79870868e-01 -7.46872246e-01 -7.13101625e-01 -6.81020319e-01
 -6.47380948e-01 -6.13695920e-01 -5.78133166e-01 -5.40369272e-01
 -5.03392398e-01 -4.64392066e-01 -4.25555974e-01 -3.86863619e-01
 -3.46565753e-01 -3.06228787e-01 -2.63184249e-01 -2.19905987e-01
 -1.76496834e-01 -1.31362572e-01 -8.68145823e-02 -4.43353243e-02
 -1.38712028e-04  4.46922816e-02  9.16499272e-02  1.40041158e-01
  1.86500341e-01  2.32180789e-01  2.79712230e-01  3.26768070e-01
  3.72691602e-01  4.17686105e-01  4.64482844e-01  5.11340976e-01
  5.58401465e-01  6.06097102e-01  6.53553009e-01  7.00174510e-01
  7.47085750e-01  7.94401348e-01  8.43966246e-01  8.88419271e-01
  9.34980690e-01  9.81345117e-01  1.02664351e+00  1.07070088e+00
  1.11850405e+00  1.16047204e+00  1.20018828e+00  1.24025285e+00
  1.27924037e+00  1.31351721e+00  1.34679043e+00  1.37595797e+00
  1.40328252e+00  1.43219864e+00  1.45539761e+00  1.47177351e+00
  1.48351157e+00  1.49401438e+00  1.50003374e+00  1.50497699e+00
  1.50678313e+00  1.50767732e+00  1.50614440e+00  1.50349367e+00
  1.49608374e+00  1.48755109e+00  1.47430658e+00  1.46026444e+00
  1.44576728e+00  1.42459857e+00  1.39872384e+00  1.37358677e+00
  1.34662592e+00  1.31554580e+00  1.28082132e+00  1.24476743e+00
  1.20549476e+00  1.16202772e+00  1.11627734e+00  1.06672859e+00
  1.01713967e+00  9.68923330e-01  9.20012832e-01  8.71930599e-01
  8.24361861e-01  7.73862064e-01  7.25868344e-01  6.77561820e-01
  6.30203903e-01  5.82738936e-01  5.36011815e-01  4.88578737e-01
  4.41970676e-01  3.95367444e-01  3.47922862e-01  3.03048909e-01
  2.58384228e-01  2.13157907e-01  1.67786002e-01  1.22142024e-01
  7.60595948e-02  2.98614725e-02 -1.59565583e-02 -6.07133359e-02
 -1.03769004e-01 -1.47965774e-01 -1.91340178e-01 -2.34058931e-01
 -2.75797307e-01 -3.18304360e-01 -3.59142959e-01 -3.99409741e-01
 -4.40341055e-01 -4.80947345e-01 -5.20422399e-01 -5.55406213e-01
 -5.89247525e-01 -6.24609768e-01 -6.60322547e-01 -6.95807397e-01
 -7.29514599e-01 -7.60367930e-01 -7.91226506e-01 -8.19534004e-01
 -8.46540630e-01 -8.74217749e-01 -9.02199328e-01 -9.28587735e-01
 -9.51758742e-01 -9.76639628e-01 -9.99767780e-01 -1.01991010e+00
 -1.04068422e+00 -1.05912375e+00 -1.07491243e+00 -1.08847141e+00
 -1.10739827e+00 -1.12304819e+00 -1.13476360e+00 -1.14513326e+00
 -1.15722883e+00 -1.16609883e+00 -1.17257762e+00 -1.18071747e+00
 -1.18554842e+00 -1.18808556e+00 -1.19282758e+00 -1.19323850e+00
 -1.19306827e+00 -1.19198108e+00 -1.19122624e+00 -1.18795216e+00
 -1.18500018e+00 -1.18096304e+00 -1.17266560e+00 -1.16210032e+00
 -1.15374732e+00 -1.14397609e+00 -1.12963641e+00 -1.11989129e+00
 -1.10857069e+00 -1.09546888e+00 -1.07627904e+00 -1.05547774e+00
 -1.03682899e+00 -1.01915741e+00 -9.98788118e-01 -9.73957300e-01
 -9.49917436e-01 -9.24586236e-01 -8.97218287e-01 -8.69969189e-01
 -8.40292215e-01 -8.12085092e-01 -7.82863677e-01 -7.50970066e-01
 -7.17766643e-01 -6.83049679e-01 -6.49146676e-01 -6.12318695e-01
 -5.73839188e-01 -5.35621345e-01 -4.96627837e-01 -4.58582610e-01
 -4.17644262e-01 -3.75562787e-01 -3.31609845e-01 -2.88129240e-01
 -2.46291161e-01 -2.02986434e-01 -1.57630891e-01 -1.11150503e-01
 -6.45096526e-02 -1.75513625e-02  2.97833774e-02  7.73313344e-02
  1.24985710e-01  1.73052102e-01  2.20173135e-01  2.69067138e-01
  3.17969054e-01  3.67149144e-01  4.15573329e-01  4.63193804e-01
  5.11580050e-01  5.59417963e-01  6.07286632e-01  6.55781090e-01
  7.04343677e-01  7.51185179e-01  7.97194898e-01  8.43210638e-01
  8.89946282e-01  9.34790909e-01  9.79208052e-01  1.02334690e+00
  1.06686878e+00  1.11076224e+00  1.15235543e+00  1.19223475e+00
  1.23101342e+00]
[ 1.20032620e+00  1.15783072e+00  1.11198092e+00  1.06390905e+00
  1.01497638e+00  9.65375125e-01  9.15621281e-01  8.66170764e-01
  8.16391885e-01  7.66187370e-01  7.15667069e-01  6.65954173e-01
  6.15837932e-01  5.64497471e-01  5.14385521e-01  4.64704335e-01
  4.13742244e-01  3.63633722e-01  3.14009905e-01  2.65051723e-01
  2.16159016e-01  1.68463469e-01  1.20087646e-01  7.21844137e-02
  2.47272328e-02 -2.28024945e-02 -7.01752305e-02 -1.17837295e-01
 -1.64624438e-01 -2.11451262e-01 -2.55666316e-01 -2.99363554e-01
 -3.41949254e-01 -3.84526014e-01 -4.28576708e-01 -4.70437676e-01
 -5.11628509e-01 -5.53097725e-01 -5.92105269e-01 -6.28401518e-01
 -6.65531814e-01 -7.03494608e-01 -7.37868428e-01 -7.71408081e-01
 -8.04964066e-01 -8.35570693e-01 -8.65366518e-01 -8.98006201e-01
 -9.28579330e-01 -9.56067562e-01 -9.81734991e-01 -1.00479758e+00
 -1.02879584e+00 -1.05372047e+00 -1.07524729e+00 -1.09974527e+00
 -1.12063372e+00 -1.13671517e+00 -1.15230203e+00 -1.16761637e+00
 -1.18300939e+00 -1.19511867e+00 -1.20465755e+00 -1.21565557e+00
 -1.22300339e+00 -1.23119044e+00 -1.23876703e+00 -1.24456584e+00
 -1.24796855e+00 -1.24810290e+00 -1.24959660e+00 -1.24863100e+00
 -1.24622023e+00 -1.24125934e+00 -1.23406291e+00 -1.22745836e+00
 -1.21889663e+00 -1.21010745e+00 -1.19728088e+00 -1.18402338e+00
 -1.16977656e+00 -1.15237534e+00 -1.13497448e+00 -1.11482513e+00
 -1.09567475e+00 -1.07670879e+00 -1.05654907e+00 -1.03555143e+00
 -1.01143515e+00 -9.86329436e-01 -9.60040390e-01 -9.33332503e-01
 -9.08004344e-01 -8.83459151e-01 -8.56113315e-01 -8.24985504e-01
 -7.93303132e-01 -7.60869622e-01 -7.25912929e-01 -6.92830682e-01
 -6.60710156e-01 -6.27230823e-01 -5.91421127e-01 -5.53544044e-01
 -5.16366065e-01 -4.78233874e-01 -4.39004451e-01 -4.00648564e-01
 -3.59780103e-01 -3.19361776e-01 -2.77849764e-01 -2.34568402e-01
 -1.90995753e-01 -1.45966649e-01 -1.01653203e-01 -5.80642968e-02
 -1.46293147e-02  2.93129701e-02  7.60485679e-02  1.23559363e-01
  1.70074984e-01  2.15901121e-01  2.62941360e-01  3.09693813e-01
  3.55786055e-01  4.00563091e-01  4.45799887e-01  4.93031263e-01
  5.39829135e-01  5.85895658e-01  6.33269250e-01  6.80150092e-01
  7.26524293e-01  7.73415387e-01  8.21077704e-01  8.67087960e-01
  9.13072705e-01  9.57226276e-01  1.00428998e+00  1.04927766e+00
  1.09479511e+00  1.13821018e+00  1.17911768e+00  1.21943760e+00
  1.25760508e+00  1.29359150e+00  1.32934141e+00  1.36262941e+00
  1.39135182e+00  1.42235065e+00  1.44843876e+00  1.47085011e+00
  1.48412347e+00  1.49473226e+00  1.50489092e+00  1.50945652e+00
  1.51377726e+00  1.51599836e+00  1.51614964e+00  1.51417291e+00
  1.51053452e+00  1.50234568e+00  1.49128675e+00  1.47845769e+00
  1.46500063e+00  1.44457281e+00  1.42072058e+00  1.39402366e+00
  1.36782360e+00  1.33595824e+00  1.30313981e+00  1.26813996e+00
  1.22811937e+00  1.18411255e+00  1.13905287e+00  1.09075630e+00
  1.04164815e+00  9.93077278e-01  9.46058214e-01  8.96932662e-01
  8.49816680e-01  8.02426040e-01  7.53213823e-01  7.06186891e-01
  6.58336103e-01  6.10838771e-01  5.64725161e-01  5.17701805e-01
  4.70695734e-01  4.24334973e-01  3.77642572e-01  3.31394702e-01
  2.87771851e-01  2.43072644e-01  1.98570713e-01  1.53221488e-01
  1.07330620e-01  6.16421066e-02  1.55261895e-02 -2.93297879e-02
 -7.32237697e-02 -1.15557887e-01 -1.59631789e-01 -2.01884791e-01
 -2.43519887e-01 -2.86018729e-01 -3.28944027e-01 -3.69096994e-01
 -4.09087718e-01 -4.50093776e-01 -4.90451455e-01 -5.25454044e-01
 -5.59752166e-01 -5.96326888e-01 -6.32137120e-01 -6.67431355e-01
 -7.02281117e-01 -7.35101521e-01 -7.64855862e-01 -7.94266403e-01
 -8.22337925e-01 -8.50650907e-01 -8.79664838e-01 -9.06665087e-01
 -9.32015538e-01 -9.56510484e-01 -9.80157733e-01 -1.00213909e+00
 -1.02371836e+00 -1.04463935e+00 -1.06240654e+00 -1.07677448e+00
 -1.09526598e+00 -1.11181021e+00 -1.12271500e+00 -1.13534594e+00
 -1.14925170e+00 -1.16006446e+00 -1.16804338e+00 -1.17703509e+00
 -1.18272412e+00 -1.18760026e+00 -1.19267821e+00 -1.19439936e+00
 -1.19736397e+00 -1.19693744e+00 -1.19599330e+00 -1.19371986e+00
 -1.19123673e+00 -1.18881571e+00 -1.18380821e+00 -1.17387462e+00
 -1.16640329e+00 -1.15724003e+00 -1.14590120e+00 -1.13488793e+00
 -1.12258565e+00 -1.10975051e+00 -1.09489310e+00 -1.07435954e+00
 -1.05517793e+00 -1.03825474e+00 -1.01922500e+00 -9.95103300e-01
 -9.70275104e-01 -9.46135581e-01 -9.19355810e-01 -8.92282963e-01
 -8.63730311e-01 -8.35933268e-01 -8.06340396e-01 -7.74555862e-01
 -7.42757857e-01 -7.09032714e-01 -6.75100744e-01 -6.38277709e-01
 -6.01301193e-01 -5.62365472e-01 -5.23829281e-01 -4.87046152e-01
 -4.46809649e-01 -4.04800862e-01 -3.61343890e-01 -3.17236483e-01
 -2.75635540e-01 -2.32917696e-01 -1.88063279e-01 -1.41756326e-01
 -9.59173664e-02 -4.85486798e-02 -1.11048180e-03  4.60930131e-02
  9.40725505e-02  1.41647875e-01  1.88184395e-01  2.36904144e-01
  2.85908401e-01  3.34859550e-01  3.83515120e-01  4.31379855e-01
  4.79596585e-01  5.27509749e-01  5.75775862e-01  6.24689877e-01
  6.73535764e-01  7.21552908e-01  7.67823756e-01  8.13745737e-01
  8.60820413e-01  9.07128274e-01  9.52048302e-01  9.97379184e-01
  1.04236305e+00  1.08422577e+00  1.12770855e+00  1.17097270e+00
  1.21309006e+00  1.24957240e+00]
[ 1.34036779  1.29948413  1.25614333  1.20913589  1.16294134  1.11448371
  1.06510067  1.01567495  0.96733439  0.91675901  0.86685717  0.81631565
  0.76574129  0.71528232  0.66553128  0.61510307  0.56442142  0.51391387
  0.46415973  0.41302487  0.36255637  0.31290534  0.26362148  0.21470176
  0.16657594  0.11771765  0.06887156  0.02064511 -0.02764659 -0.07487131
 -0.12229705 -0.16928481 -0.21643335 -0.26162243 -0.30554095 -0.34832457
 -0.39115912 -0.4353331  -0.47788754 -0.51922816 -0.5610705  -0.59977573
 -0.6368432  -0.6736902  -0.71174031 -0.74734235 -0.78205514 -0.81485254
 -0.8462137  -0.87503618 -0.90851623 -0.94024569 -0.96649563 -0.99270904
 -1.0171926  -1.04074299 -1.06414723 -1.08588898 -1.10945439 -1.13176739
 -1.14768159 -1.16355431 -1.17919362 -1.19558227 -1.2098614  -1.21977448
 -1.23107982 -1.23903227 -1.24604285 -1.2536124  -1.26011598 -1.26385307
 -1.26469886 -1.26526821 -1.2644757  -1.26196504 -1.25701988 -1.2509445
 -1.24428785 -1.23617661 -1.2262671  -1.21264613 -1.19868505 -1.18387091
 -1.1674372  -1.15001869 -1.12876332 -1.10889757 -1.08838105 -1.06781304
 -1.04476881 -1.02165222 -0.99726564 -0.97276175 -0.94630772 -0.92038405
 -0.89491951 -0.86837929 -0.83749896 -0.8058579  -0.77359706 -0.74045402
 -0.7073639  -0.67475331 -0.64108658 -0.60648429 -0.56889832 -0.53066516
 -0.49268889 -0.45399877 -0.41539642 -0.37430248 -0.3330631  -0.29105598
 -0.24761775 -0.20378557 -0.15895905 -0.11442225 -0.07057835 -0.02592082
  0.01935808  0.06662754  0.11441261  0.16150166  0.20834285  0.25651062
  0.30421257  0.35162872  0.39791644  0.4441427   0.49205163  0.53925747
  0.58653957  0.63398778  0.67983133  0.72559726  0.77214891  0.8193112
  0.86519998  0.91096693  0.95498705  1.00123835  1.04627752  1.09123993
  1.13496077  1.1770643   1.21903539  1.25904334  1.29758811  1.33381975
  1.37034917  1.4080236   1.4435606   1.47642827  1.50643086  1.52854168
  1.54802895  1.56487572  1.57591558  1.58409047  1.59049988  1.59188008
  1.58915281  1.58166289  1.57069623  1.55587864  1.5392592   1.52003729
  1.49395967  1.46318269  1.43137574  1.39676368  1.35865331  1.31947482
  1.27573657  1.23015964  1.18296242  1.13552797  1.08632171  1.03566635
  0.98840839  0.9412756   0.89171481  0.84591275  0.79857874  0.75005054
  0.70341951  0.65691251  0.61079717  0.56450129  0.51838255  0.47183943
  0.42542124  0.37866813  0.33190262  0.28792614  0.24210331  0.19652076
  0.15009852  0.10358027  0.05765687  0.0113491  -0.03373397 -0.07859106
 -0.12195336 -0.16654052 -0.21002369 -0.25300172 -0.29596499 -0.33876431
 -0.37944597 -0.41971642 -0.46079016 -0.50174439 -0.5384357  -0.57409227
 -0.6097405  -0.6459204  -0.68177843 -0.71694314 -0.74926078 -0.77906394
 -0.80930221 -0.83731472 -0.86523497 -0.89289582 -0.92040443 -0.94586861
 -0.97119182 -0.99333847 -1.01519883 -1.03608537 -1.05669689 -1.07505774
 -1.0915724  -1.10719621 -1.1214329  -1.13282645 -1.14656484 -1.16077161
 -1.17311025 -1.18208098 -1.19105577 -1.19848895 -1.20464087 -1.21056354
 -1.21331763 -1.21426475 -1.21365464 -1.21375525 -1.21174598 -1.20919609
 -1.20646429 -1.20134115 -1.19215    -1.18246996 -1.17302668 -1.16234803
 -1.15066135 -1.13871217 -1.12486577 -1.1090759  -1.08856678 -1.07018816
 -1.05218017 -1.03195238 -1.00828636 -0.98392838 -0.9611606  -0.93555379
 -0.90858918 -0.88035965 -0.85134739 -0.82061672 -0.7895233  -0.75707585
 -0.72437543 -0.68954533 -0.65233791 -0.61438054 -0.5754897  -0.53548133
 -0.49900454 -0.45830262 -0.41547102 -0.3720372  -0.32785314 -0.28461903
 -0.24144453 -0.1961572  -0.14932972 -0.10313629 -0.05559441 -0.00775283
  0.04005677  0.08863192  0.13725509  0.18514757  0.23456824  0.28398523
  0.33340058  0.38235253  0.42985737  0.47837898  0.52694756  0.57588261
  0.62600154  0.67455018  0.72252601  0.77040195  0.81684858  0.86343336
  0.91047043  0.95583487  1.00146568  1.04767442  1.09025705  1.13292849
  1.17659092  1.21840692  1.25666213  1.2956562   1.33579516  1.37052858]
