[-0.80162871 -0.78939313 -0.80479467 -0.78774863]
[0.94737607 0.97396988 0.98416579 0.99917948]
[-0.05138025 -0.04786673 -0.00249863 -0.00152384  0.0112916   0.00737751
  0.00316154 -0.01192081 -0.03742348 -0.06833372]
[-0.07767457 -0.11654427 -0.1107615  -0.08064888 -0.08271722 -0.01986551
  0.00958092  0.00343693 -0.01409711 -0.00828026 -0.01900014 -0.02764618
 -0.05989959 -0.04479766 -0.03864461 -0.08051885 -0.11418623 -0.14734779]
[-0.10618088 -0.13798517 -0.13412067 -0.11409671 -0.12187625 -0.05884755
 -0.03460175 -0.00707841 -0.03231955 -0.01201956 -0.01984759 -0.0565928
 -0.05409649 -0.0620355  -0.05806936 -0.07390179 -0.11275525 -0.14649022
 -0.18544745]
[-0.04378031 -0.02616923  0.00612864  0.04333063  0.08401512  0.11536632
  0.13276464  0.14756143  0.17039822  0.19288942  0.21647567  0.23888715
  0.25038806  0.26362807  0.27097595  0.28952178  0.31335944  0.31589296
  0.33209547  0.3387157   0.33323649  0.31817988  0.29412335  0.28621364
  0.27214029  0.23264539  0.17860936  0.14300564  0.10252166  0.05020111
  0.00160452 -0.05696348 -0.13994239 -0.23245144]
[-0.30031621 -0.2507377  -0.14735818 -0.04579744  0.04489258  0.19489641
  0.31396249  0.39312428  0.44152749  0.47389275  0.54225022  0.59612411
  0.66345197  0.73350596  0.75408196  0.78030723  0.81529731  0.85745054
  0.84244406  0.87457931  0.86673653  0.87354535  0.85657543  0.86159974
  0.84329385  0.8016355   0.77657014  0.74881971  0.68916941  0.60944986
  0.52068198  0.40643534  0.28505     0.21141194  0.1298863   0.05015009
 -0.05879667 -0.17928588 -0.24377275 -0.26660675]
[-0.62522119 -0.77087063 -0.86008781 -0.9036144  -0.98818612 -0.97324336
 -0.78737545 -0.65734786 -0.43409383 -0.11526081  0.10310082  0.15778805
  0.24169858  0.32327813  0.36254478  0.45410129  0.54676437  0.60931474
  0.67452264  0.76924032  0.83717167  0.85718179  0.84843743  0.84115785
  0.83919275  0.82625413  0.89294046  0.91963291  0.85376674  0.82179481
  0.8393625   0.87318659  0.84045053  0.83346796  0.78719205  0.74960256
  0.7011531   0.65466207  0.60115284  0.52444619  0.46991083  0.47967717
  0.38328025  0.22000876  0.11836432  0.06433512 -0.03308352 -0.08983091
 -0.13687147 -0.24183495 -0.40964371 -0.54200995 -0.59963161 -0.63553941
 -0.73910683 -0.82871938 -0.91995627 -0.98748881]
[-0.25763926 -0.19873212 -0.21240278 -0.24461365 -0.18638733 -0.06312941
  0.03796228  0.03496735  0.0339449  -0.00521699 -0.0411878  -0.07938811
 -0.13313694 -0.12987657 -0.12724389 -0.11091124 -0.09143784 -0.09451874
 -0.05685665 -0.07511614 -0.10636648 -0.0901475  -0.05367581 -0.03647729
  0.02228277  0.0424693   0.01050127 -0.07249656 -0.14355971 -0.22711137
 -0.25221023 -0.21651837 -0.23753299 -0.30908331 -0.40029511 -0.46482533
 -0.49508056 -0.53259057 -0.57229185 -0.61105174 -0.63466877 -0.66866887
 -0.69982791 -0.72359574 -0.68829083 -0.68122    -0.68166196 -0.69195896
 -0.66772205 -0.614263   -0.59667116 -0.62200999 -0.60028356 -0.53680241
 -0.52293009 -0.46673796 -0.38918296 -0.35153887 -0.30944061 -0.23421666
 -0.14773528 -0.10739759 -0.04775674  0.02855347  0.11370797  0.20039684
  0.2334916   0.27625123  0.31564119  0.37399131  0.46471453  0.47587788
  0.49931264  0.52613491]
[-0.14431743 -0.17535155 -0.2270887  -0.27751803 -0.28032929 -0.29489696
 -0.31441221 -0.34958827 -0.37425929 -0.39622694 -0.40396315 -0.37238523
 -0.40333676 -0.41191077 -0.3844738  -0.39255771 -0.40403461 -0.35579014
 -0.34706447 -0.38044003 -0.36939353 -0.36122206 -0.33255377 -0.34356064
 -0.3281697  -0.19880286 -0.17471589 -0.16965695 -0.16487721 -0.0807308
 -0.05703662 -0.01537067  0.01861413  0.08176821  0.11512362  0.13932069
  0.11183331  0.14057995  0.20118408  0.23152465  0.20855795  0.19342546
  0.20774601  0.21987695  0.21422343  0.19787285  0.18838036  0.19926539
  0.20689584  0.20097901  0.19422357  0.20256865  0.2189974   0.21592319
  0.22132416  0.24632472  0.26451346  0.27573118  0.2933946   0.29952934
  0.21345255  0.12088611  0.13123086  0.12490034  0.10668554  0.09545585
  0.02464086  0.02823752  0.01440345 -0.01880057 -0.08204265 -0.0951302
 -0.07544599 -0.09179389 -0.17246458 -0.25057286 -0.22998416 -0.2116356
 -0.26385173 -0.29555631 -0.30303004 -0.28865471 -0.29711971 -0.34255731
 -0.38243112 -0.37933683 -0.34512103 -0.35712892 -0.38069993 -0.38303614
 -0.3807838  -0.3512232  -0.33183724 -0.3317118  -0.3085154  -0.28458172
 -0.25651205 -0.23465636 -0.20153421 -0.15635379]
[-0.14604773 -0.1741766  -0.21895944 -0.26453689 -0.27302143 -0.28597853
 -0.30000281 -0.33276874 -0.35849383 -0.37583074 -0.3818064  -0.35084358
 -0.37495714 -0.38569158 -0.36513916 -0.37422016 -0.37569726 -0.32550442
 -0.32184482 -0.35136291 -0.34627327 -0.3396104  -0.30445206 -0.31797895
 -0.31473193 -0.19231793 -0.15966211 -0.15693352 -0.15720803 -0.08180225
 -0.05490905 -0.0141469   0.01625437  0.07855488  0.10267171  0.11738998
  0.10162959  0.12844086  0.17888017  0.20966825  0.19594574  0.18468924
  0.19377896  0.19991873  0.20056985  0.18910725  0.17341569  0.18674548
  0.19849291  0.19837365  0.18815958  0.18745069  0.20188743  0.20788279
  0.21687141  0.229268    0.24195503  0.25377256  0.27007487  0.2806184
  0.19368537  0.10634011  0.12684934  0.12557836  0.10234868  0.08744988
  0.02919323  0.03285997  0.01779039 -0.01314309 -0.07082331 -0.083266
 -0.06175111 -0.07411763 -0.14311361 -0.21960938 -0.20542185 -0.18628336
 -0.23167592 -0.25947133 -0.26756439 -0.2548922  -0.26560047 -0.30931881
 -0.34922329 -0.34556913 -0.31080857 -0.32212558 -0.34399605 -0.35297137
 -0.34666571 -0.31622353 -0.30337977 -0.30374765 -0.28125393 -0.25621319
 -0.22969587 -0.21273707 -0.18429025 -0.13731579 -0.11143827]
[ 0.22030039  0.19653507  0.17017497  0.14724107  0.12950142  0.1075276
  0.08961338  0.07658476  0.05607673  0.04365968  0.03811995  0.03012261
  0.01455784 -0.00311615 -0.01766712 -0.02247341 -0.02831259 -0.04820982
 -0.07029661 -0.0992462  -0.10806469 -0.1258651  -0.15121841 -0.17201263
 -0.18403275 -0.17594725 -0.17894009 -0.18946964 -0.19317104 -0.19409192
 -0.2022379  -0.20550629 -0.19698557 -0.20634268 -0.21094064 -0.19389558
 -0.18792991 -0.18698786 -0.16857119 -0.16733043 -0.19018239 -0.18508697
 -0.16448124 -0.13920097 -0.14169502 -0.14976214 -0.07822692 -0.06275951
 -0.04716914 -0.03144627 -0.01606287 -0.01740484  0.0093717   0.04514672
  0.0942933   0.12516537  0.13887005  0.1096461   0.12824251  0.18105735
  0.18250634  0.16833279  0.14882159  0.14114337  0.144389    0.15012756
  0.151944    0.13644315  0.11599588  0.113469    0.12278706  0.14358634
  0.13960084  0.13323486  0.12592627  0.14580223  0.17698294  0.18173084
  0.17324831  0.16021828  0.15622167  0.1388568   0.08497842  0.09043721
  0.11988399  0.10635977  0.07722885  0.03299196  0.03501035  0.02912786
  0.01622906 -0.01291912 -0.02132716 -0.00836018 -0.02073092 -0.05013736
 -0.08743764 -0.0898926  -0.09059547 -0.1163279  -0.12309606 -0.11296944
 -0.10122261 -0.10018065 -0.1325781  -0.15172942 -0.14434482 -0.11990771
 -0.12270147 -0.14345731 -0.15666211 -0.14943103 -0.13441509 -0.12186308
 -0.11328893 -0.0977425  -0.08666854 -0.07454047 -0.0637202  -0.04456284
 -0.02759811 -0.01438369 -0.00327452  0.01349974  0.03127767  0.03881253
  0.05191403  0.05976024  0.05342555  0.06012313  0.06088462  0.06936955
  0.08214473  0.08702601  0.08200048  0.08986788  0.10170102  0.10904773
  0.1206186   0.13684934  0.15670198]
[-6.77505851e-01 -6.73516572e-01 -6.79263949e-01 -6.58405244e-01
 -6.35986149e-01 -6.09427154e-01 -5.84144175e-01 -5.71011126e-01
 -5.58211148e-01 -5.13655305e-01 -4.83652353e-01 -4.56838340e-01
 -4.34982330e-01 -4.20972109e-01 -4.01586235e-01 -3.51310343e-01
 -2.96397030e-01 -2.59610653e-01 -2.27826208e-01 -1.88444823e-01
 -1.56328395e-01 -1.29081830e-01 -1.03866450e-01 -6.64872378e-02
 -3.21774110e-02 -6.46668673e-03  3.13861184e-02  5.54933771e-02
  7.36560374e-02  1.19598188e-01  1.73123047e-01  2.10795954e-01
  2.36868128e-01  2.60025650e-01  2.93763876e-01  3.28102350e-01
  3.56692195e-01  3.74859482e-01  4.03765351e-01  4.27548140e-01
  4.42601085e-01  4.64743733e-01  4.87121940e-01  5.00926673e-01
  5.18642545e-01  5.38414776e-01  5.61223388e-01  5.80978274e-01
  5.83252013e-01  5.84730983e-01  5.92914879e-01  6.02106631e-01
  5.87737501e-01  5.81902862e-01  5.90892613e-01  6.01878047e-01
  6.05381310e-01  5.89992046e-01  5.79922616e-01  5.77210069e-01
  5.65331221e-01  5.37813723e-01  5.29136419e-01  5.25636792e-01
  5.07858038e-01  4.88050133e-01  4.61447537e-01  4.28891450e-01
  4.04534340e-01  3.90277535e-01  3.77341419e-01  3.34999800e-01
  2.75232255e-01  2.39929348e-01  2.14632392e-01  1.60927489e-01
  1.33174717e-01  1.06798090e-01  9.28040296e-02  8.40613842e-02
  8.36936533e-02  7.18720704e-02  7.48729706e-02  9.84498784e-02
  1.25474006e-01  1.55409828e-01  2.01407149e-01  2.45686397e-01
  2.86035776e-01  3.28547388e-01  3.79624456e-01  4.34730589e-01
  4.49650288e-01  4.77582902e-01  5.43917120e-01  6.00414634e-01
  6.15062177e-01  6.33090198e-01  6.20566607e-01  5.92488050e-01
  5.76624334e-01  5.19657552e-01  4.65944946e-01  4.03499544e-01
  3.43684822e-01  2.95239717e-01  2.50543773e-01  2.04331040e-01
  1.72948062e-01  1.44947156e-01  1.13904484e-01  8.37979913e-02
  6.69103935e-02  6.66252226e-02  9.75626037e-02  1.32347137e-01
  1.75298020e-01  1.99471876e-01  2.46193916e-01  2.67939389e-01
  2.82883286e-01  3.12801450e-01  3.36173832e-01  3.62662613e-01
  3.88931602e-01  4.10653055e-01  4.36109036e-01  4.45925117e-01
  4.74447787e-01  5.09852111e-01  5.37940681e-01  5.50505877e-01
  5.78910410e-01  5.86954772e-01  5.95687866e-01  6.20429039e-01
  6.23123646e-01  6.21777356e-01  6.26398325e-01  6.43587112e-01
  6.62182510e-01  6.55666947e-01  6.56113923e-01  6.65557384e-01
  6.61457539e-01  6.52926326e-01  6.41054749e-01  6.27247572e-01
  6.10612690e-01  6.06438518e-01  5.86833060e-01  5.64282835e-01
  5.46450138e-01  5.21401882e-01  5.04309475e-01  4.84278172e-01
  4.49897498e-01  4.12816405e-01  3.86751145e-01  3.59607309e-01
  3.21489334e-01  2.91376382e-01  2.58068472e-01  2.20768467e-01
  1.68852657e-01  1.23387679e-01  6.87096640e-02 -4.97099129e-04
 -3.41141708e-02 -6.74832463e-02 -9.52765271e-02 -1.14337191e-01
 -1.73775703e-01 -2.41294727e-01 -2.80874461e-01 -3.17705423e-01
 -3.70606750e-01 -3.95155996e-01 -4.22535598e-01 -4.38854516e-01
 -4.73182589e-01 -5.08004427e-01 -5.81136942e-01 -6.26135468e-01
 -6.47484243e-01 -6.58302426e-01 -6.81734324e-01 -7.13003516e-01
 -7.59952426e-01 -7.86795259e-01 -8.09590280e-01 -7.99948573e-01
 -8.17935169e-01 -8.51162016e-01 -8.51361871e-01 -8.59059513e-01
 -8.67547154e-01 -8.98937881e-01 -8.98831487e-01 -8.95386100e-01
 -8.87307465e-01]
[-0.60696137 -0.60235089 -0.59387702 -0.56996822 -0.54001373 -0.51066011
 -0.49342322 -0.48010895 -0.45135772 -0.4087345  -0.38091347 -0.37474084
 -0.35766432 -0.34591532 -0.29862913 -0.25394291 -0.23027191 -0.19240746
 -0.16912039 -0.14541551 -0.12332115 -0.08840685 -0.05166724 -0.00445037
  0.01296669  0.01976125  0.05032888  0.08490174  0.11758726  0.16386254
  0.19486193  0.23121651  0.26046005  0.28672487  0.30981508  0.34274372
  0.37640661  0.39371628  0.41091734  0.42745745  0.44164282  0.46533418
  0.4838571   0.50104362  0.51784843  0.53729177  0.54935014  0.55828267
  0.5705418   0.57757795  0.58571893  0.58407843  0.58470589  0.58013433
  0.57841051  0.58057535  0.57593995  0.56676483  0.55705512  0.54233479
  0.53255981  0.51447469  0.49968049  0.48816654  0.47262478  0.45322365
  0.43224403  0.39844635  0.37197521  0.33966357  0.29954073  0.25350675
  0.20734689  0.16491459  0.13809435  0.11195824  0.08639988  0.06618635
  0.04882321  0.06174053  0.0771517   0.09656885  0.11834446  0.15225871
  0.18358108  0.22519056  0.28030989  0.33968082  0.38271645  0.41857019
  0.46035895  0.51176232  0.55780882  0.59477633  0.62452745  0.61818957
  0.58472133  0.55719751  0.51834601  0.4775933   0.42662084  0.36527333
  0.32294628  0.28001258  0.23754211  0.20345387  0.17120263  0.14391711
  0.12240725  0.0990101   0.08146618  0.07668193  0.09410073  0.14125949
  0.17702141  0.21346688  0.24887584  0.28452018  0.30392852  0.30519336
  0.31722891  0.3390362   0.36668187  0.39180145  0.407563    0.42560512
  0.44269624  0.46322399  0.48459587  0.50966722  0.54078406  0.5634886
  0.57349968  0.57336867  0.58251822  0.59586591  0.60307336  0.61797351
  0.62914556  0.62563187  0.62643212  0.62960285  0.63403183  0.63119894
  0.62136602  0.60501248  0.59474415  0.58348686  0.56560552  0.54424393
  0.52198875  0.50362438  0.49087515  0.47375506  0.44329166  0.40907255
  0.37380302  0.34227338  0.31931347  0.29599151  0.27527708  0.23233752
  0.17927584  0.13580854  0.09635764  0.04669555  0.00525262 -0.02409388
 -0.05317533 -0.10384392 -0.14836776 -0.19106796 -0.23285751 -0.28575438
 -0.32961386 -0.37632531 -0.38717633 -0.4163166  -0.45508608 -0.49592224
 -0.53136802 -0.56718147 -0.62192857 -0.66102755 -0.68737936 -0.70409471
 -0.71726668 -0.73222011 -0.76635081 -0.81335878 -0.83327287 -0.83547401
 -0.85478896 -0.85700196 -0.86603922 -0.86837494 -0.89638019 -0.89854205
 -0.88187987 -0.86866975 -0.86095136 -0.86282879 -0.84661895]
[ 0.4853228   0.44115737  0.39646223  0.35033059  0.30284896  0.25699744
  0.21259175  0.16705877  0.12184495  0.07715154  0.03337136 -0.01195318
 -0.05590545 -0.09827455 -0.14056511 -0.18377714 -0.2263016  -0.26676807
 -0.30779266 -0.35010085 -0.39063638 -0.4301503  -0.46671534 -0.50317448
 -0.54283452 -0.58096039 -0.61409599 -0.64890838 -0.68434775 -0.71773833
 -0.74592304 -0.7763595  -0.80846018 -0.83758593 -0.86370862 -0.89285582
 -0.92055106 -0.94642723 -0.96565074 -0.9886899  -1.01157737 -1.02822447
 -1.04091489 -1.05773461 -1.07607269 -1.09079576 -1.09906495 -1.1101799
 -1.11959279 -1.12480259 -1.12883162 -1.13309622 -1.13494217 -1.13622677
 -1.13660574 -1.13396657 -1.13102114 -1.1257304  -1.12142134 -1.11421251
 -1.10474503 -1.09519017 -1.08491004 -1.07399857 -1.0613662  -1.04624414
 -1.02943361 -1.01276636 -0.99582595 -0.97752988 -0.95747465 -0.93492222
 -0.91117895 -0.88625389 -0.86071664 -0.83376557 -0.80546927 -0.77869475
 -0.75202149 -0.72286189 -0.69087327 -0.66084653 -0.62998176 -0.59891129
 -0.56413877 -0.52801359 -0.49457365 -0.46107239 -0.42310056 -0.38536337
 -0.34860009 -0.3134923  -0.27607077 -0.23690659 -0.19711581 -0.15893018
 -0.12292738 -0.08502318 -0.0457808  -0.00697859  0.03284122  0.07019694
  0.10917748  0.14961849  0.18927741  0.22991884  0.2684361   0.30814141
  0.34919322  0.38957596  0.42792624  0.46921632  0.50965101  0.55032122
  0.58891898  0.62611854  0.66367555  0.70247257  0.73790509  0.77278513
  0.80593878  0.83615696  0.86364561  0.89160526  0.91820276  0.94139087
  0.96396911  0.98177135  1.00251615  1.02373886  1.043203    1.06228232
  1.07997322  1.09650517  1.1113646   1.12480795  1.14001322  1.153072
  1.16585386  1.17389071  1.1808989   1.18699455  1.19042838  1.192734
  1.19770467  1.1984185   1.19820893  1.19433284  1.18758655  1.17922044
  1.16789877  1.15657926  1.14055121  1.12493443  1.10889399  1.0912081
  1.07218695  1.05099392  1.02831781  1.00485957  0.98183131  0.95457727
  0.9273473   0.90335011  0.87595433  0.84658957  0.8165378   0.78507793
  0.74964291  0.71716231  0.68202156  0.64246547  0.60330671  0.56337166
  0.52294046  0.48217198  0.44053081  0.39903012  0.35883072  0.31890029
  0.27913228  0.24031885  0.20006242  0.16138488  0.12297293  0.08492117
  0.04562279  0.00777672 -0.028348   -0.06422523 -0.1013132  -0.13778777
 -0.17584337 -0.21198137 -0.2475816  -0.28292879 -0.31776193 -0.35316983
 -0.38664883 -0.4202446  -0.45451507 -0.48757678 -0.51943332 -0.55355436
 -0.58754379 -0.61731905 -0.64669728 -0.67582411 -0.70653689 -0.73412192
 -0.76118398 -0.78840691 -0.81487674 -0.83848727 -0.86527246 -0.88679212
 -0.9087044  -0.92907959 -0.95189232 -0.97274923 -0.98999327 -1.00195479
 -1.0138042  -1.02500999 -1.03731334 -1.05146646 -1.06110668 -1.0684309
 -1.07608807 -1.08158553 -1.08759689 -1.09115028 -1.09638798 -1.09852505]
[-1.13324916 -1.13100994 -1.12702096 -1.11842477 -1.10344255 -1.08991802
 -1.08106816 -1.07034218 -1.05628896 -1.04105937 -1.02114475 -1.00372088
 -0.98503238 -0.96537727 -0.94164896 -0.91626722 -0.89017135 -0.86490756
 -0.84011596 -0.8119269  -0.78334826 -0.75650132 -0.72782177 -0.6965766
 -0.66656238 -0.63641739 -0.60548395 -0.57153469 -0.53549999 -0.49752921
 -0.46456638 -0.42727259 -0.39089367 -0.35452724 -0.31609812 -0.27929637
 -0.24043369 -0.19958533 -0.15982319 -0.12262139 -0.08702597 -0.04901284
 -0.01055704  0.02829244  0.06886687  0.10890206  0.14726084  0.1859027
  0.22264051  0.26133588  0.29960191  0.33999813  0.37811163  0.41443947
  0.45510933  0.49415714  0.53114498  0.56821233  0.60501724  0.64132929
  0.67808408  0.71370786  0.7465862   0.78004831  0.81191272  0.84371096
  0.8708235   0.89991271  0.92730802  0.95202768  0.97564298  1.00078583
  1.02582884  1.04761326  1.06973422  1.09120202  1.10991883  1.1277492
  1.14371181  1.15714598  1.17323852  1.18780077  1.20338285  1.21235132
  1.21945786  1.2203896   1.22044933  1.22090948  1.21757388  1.21690321
  1.20771337  1.19453156  1.18131316  1.16658127  1.15302861  1.13970447
  1.12157559  1.10347807  1.0850687   1.06694484  1.04664493  1.02432775
  1.00571573  0.98450202  0.96239245  0.94421834  0.91779894  0.89482468
  0.86522603  0.83614373  0.80728042  0.77334112  0.7387619   0.70292938
  0.6635983   0.62687218  0.58804339  0.54864162  0.50878292  0.46946114
  0.42750534  0.38814861  0.34718686  0.30995002  0.27164194  0.23170531
  0.19335081  0.15477903  0.11590954  0.07831856  0.03996599  0.00409519
 -0.03114222 -0.06855955 -0.10476594 -0.14320165 -0.18212946 -0.21961178
 -0.25282174 -0.28740451 -0.32393166 -0.36089039 -0.39608565 -0.428527
 -0.46178883 -0.49400693 -0.52896833 -0.56399924 -0.59486735 -0.62698448
 -0.65826911 -0.68773443 -0.71465784 -0.74316281 -0.77096874 -0.79857701
 -0.82618117 -0.85495162 -0.87852168 -0.89867324 -0.9208746  -0.94513905
 -0.96722341 -0.98502344 -0.9992941  -1.01144886 -1.02121186 -1.03819335
 -1.05190837 -1.06122041 -1.06776929 -1.07753313 -1.08801556 -1.09956026
 -1.10120118 -1.10263443 -1.10461044 -1.10750306 -1.10521245 -1.10603404
 -1.10352027 -1.09961116 -1.09472072 -1.08861065 -1.08145618 -1.06812525
 -1.05794907 -1.04606223 -1.0351038  -1.01698303 -0.99652159 -0.97740215
 -0.9585892  -0.9339081  -0.90905631 -0.88313878 -0.86017644 -0.83276474
 -0.80353135 -0.77391207 -0.74697167 -0.71754134 -0.68295735 -0.65153801
 -0.6194163  -0.58411688 -0.54972088 -0.5142113  -0.47632596 -0.43826488
 -0.40285143 -0.36529678 -0.32729092 -0.28860685 -0.24613462 -0.20296526
 -0.16168717 -0.12169687 -0.07880924 -0.0357075   0.00710883  0.04923174
  0.09211157  0.13539313  0.17979652  0.22311145  0.26580039  0.31073174
  0.35713795  0.39952895  0.44265276  0.48877534  0.53138787  0.57527226]
[ 0.52972192  0.48450696  0.43934783  0.39277339  0.34577811  0.29817498
  0.25224185  0.20705342  0.16058898  0.1146706   0.06845281  0.023225
 -0.02312328 -0.06787755 -0.11048254 -0.15402751 -0.19893244 -0.24262121
 -0.28312936 -0.32488343 -0.36962774 -0.41221699 -0.45226219 -0.48929429
 -0.52738142 -0.56855243 -0.60625017 -0.64068466 -0.67834395 -0.71472949
 -0.74836558 -0.77695036 -0.80764472 -0.83999538 -0.86963797 -0.8958649
 -0.9264642  -0.95517039 -0.98176867 -1.00088406 -1.02405179 -1.04538703
 -1.06282032 -1.07445073 -1.0914197  -1.11101139 -1.12450886 -1.13172829
 -1.14253259 -1.15248525 -1.15766907 -1.16170418 -1.16587758 -1.16721392
 -1.16793287 -1.16791606 -1.16422999 -1.16143274 -1.15647221 -1.15153587
 -1.14305949 -1.13222206 -1.12233782 -1.11170304 -1.10088229 -1.08802068
 -1.07168078 -1.05384696 -1.03699076 -1.01991999 -1.00185454 -0.97992253
 -0.95537865 -0.93054414 -0.90579182 -0.88051558 -0.85276353 -0.8251695
 -0.79842937 -0.77119243 -0.74128169 -0.70916057 -0.67866218 -0.64817655
 -0.61663193 -0.58137619 -0.54380751 -0.50959414 -0.47586915 -0.43769157
 -0.39882895 -0.36056051 -0.32479784 -0.28666183 -0.24597649 -0.20493123
 -0.16539435 -0.12830153 -0.08908425 -0.04846617 -0.00935681  0.03051225
  0.0672309   0.10731398  0.14846738  0.18819404  0.229187    0.26786786
  0.30767331  0.34897897  0.38939604  0.42711058  0.46936485  0.50982839
  0.55007279  0.5884186   0.62605077  0.66376024  0.70189542  0.73873436
  0.77467644  0.80788016  0.83866704  0.86712486  0.89775616  0.92534101
  0.94893622  0.97318202  0.99132121  1.01546967  1.03840029  1.05949044
  1.08145189  1.10195827  1.12124896  1.13855362  1.15504467  1.1740371
  1.19023407  1.20762038  1.21933746  1.22929716  1.23993456  1.24798191
  1.25437319  1.25978041  1.25750124  1.25339794  1.24478614  1.23393273
  1.22133434  1.20650661  1.19096243  1.1700213   1.15093219  1.13175476
  1.11106038  1.08984447  1.0654695   1.03975248  1.01463377  0.98959374
  0.96085137  0.93253452  0.90957844  0.88221961  0.85272902  0.82224381
  0.79024059  0.75456142  0.72235137  0.68600661  0.64621657  0.60632068
  0.56586713  0.52629024  0.48588637  0.44382435  0.40244961  0.36299217
  0.3235082   0.28367963  0.24437745  0.20389833  0.16564743  0.12758027
  0.09006661  0.05137987  0.01371403 -0.02234602 -0.05802032 -0.09636994
 -0.13365141 -0.17087261 -0.20737861 -0.24255893 -0.2780253  -0.31332451
 -0.34954873 -0.38243616 -0.41495937 -0.44948947 -0.48247501 -0.51381725
 -0.54715663 -0.58172911 -0.61174339 -0.64092422 -0.66839051 -0.69812083
 -0.72614866 -0.75340015 -0.7802791  -0.80543685 -0.82884568 -0.85454303
 -0.87607223 -0.89993417 -0.92191041 -0.9446106  -0.96403742 -0.97985494
 -0.99108338 -1.00333357 -1.01452172 -1.02697563 -1.04240036 -1.05342877
 -1.06193566 -1.07041812 -1.07671583 -1.08392751 -1.08799648 -1.09428513
 -1.09750319 -1.09798455 -1.09473848 -1.09078145 -1.09247637]
[-1.17826438 -1.17605591 -1.17106998 -1.16237593 -1.15921462 -1.15490758
 -1.14675188 -1.1306442  -1.11575902 -1.10630608 -1.09556711 -1.08089459
 -1.06549108 -1.04580152 -1.02767837 -1.00865805 -0.98853338 -0.96368802
 -0.93755341 -0.9116196  -0.88570476 -0.85919809 -0.82989091 -0.80119157
 -0.77464318 -0.74528211 -0.71285433 -0.68189806 -0.65135491 -0.6200121
 -0.58535492 -0.54851508 -0.51022142 -0.47676408 -0.43844694 -0.40093717
 -0.36388281 -0.32524768 -0.28763181 -0.24779704 -0.206424   -0.16587812
 -0.12805152 -0.09198151 -0.05344084 -0.01394928  0.02612913  0.06733772
  0.1076281   0.14616302  0.1853919   0.22282085  0.26209265  0.3006874
  0.34164393  0.38003477  0.41671833  0.45762104  0.49746239  0.53516895
  0.57248223  0.60967851  0.64737076  0.68524241  0.72187257  0.75644201
  0.79130393  0.82614458  0.86122787  0.8910569   0.92257839  0.95356673
  0.98087472  1.00694954  1.03547192  1.06156623  1.08518076  1.10971808
  1.13263357  1.15266824  1.17119908  1.18735003  1.2017709   1.21858561
  1.23284507  1.24800384  1.25637627  1.26218224  1.26214135  1.26115167
  1.26108587  1.25662565  1.25546408  1.24544394  1.23179984  1.21780777
  1.20173526  1.18767333  1.17349958  1.15400612  1.1342777   1.11446011
  1.09443343  1.07226932  1.0479095   1.02642214  1.0032196   0.97947973
  0.95883203  0.9292897   0.90404046  0.87248743  0.84082907  0.80959857
  0.77398551  0.73750246  0.70042962  0.65975744  0.62135297  0.58148026
  0.54149407  0.50108212  0.46141326  0.41922718  0.37966973  0.33826792
  0.30072322  0.26235127  0.22235833  0.1839814   0.14536385  0.10608265
  0.06833605  0.02979666 -0.00640383 -0.04244287 -0.08041251 -0.11666399
 -0.15493982 -0.19423687 -0.23208007 -0.2659854  -0.30084512 -0.33740857
 -0.37451306 -0.40977469 -0.44203407 -0.47545335 -0.50794923 -0.54339421
 -0.5781253  -0.60887766 -0.6412338  -0.67238122 -0.70163411 -0.7292133
 -0.75895065 -0.78691983 -0.814722   -0.84281212 -0.87177378 -0.89584583
 -0.9158085  -0.93725961 -0.96197653 -0.98503107 -1.00240993 -1.01642573
 -1.02832782 -1.03860772 -1.05527115 -1.06909406 -1.07908547 -1.08593047
 -1.09529746 -1.10489964 -1.11658216 -1.11925149 -1.12121665 -1.12344241
 -1.12578404 -1.12381244 -1.12603462 -1.12262428 -1.1177851  -1.11293268
 -1.10764778 -1.10017991 -1.08692515 -1.07664704 -1.06480706 -1.05275929
 -1.03421748 -1.0138967  -0.99434924 -0.97550881 -0.95069754 -0.9251498
 -0.89855462 -0.87507492 -0.84747034 -0.8178941  -0.78722328 -0.75961691
 -0.73015767 -0.69505483 -0.66238755 -0.62958723 -0.5946734  -0.55920273
 -0.52294701 -0.48406947 -0.44592422 -0.41019681 -0.37201211 -0.33265722
 -0.2934362  -0.25058648 -0.20722452 -0.16513662 -0.12424342 -0.08080389
 -0.0372068   0.00625195  0.04893354  0.09261553  0.13642657  0.18106852
  0.22544676  0.26896399  0.31429145  0.361166    0.40427521  0.44853345
  0.49564061  0.53912002  0.58473969  0.63039136  0.67466843]
[-0.29840392 -0.32343441 -0.3537153  -0.38303229 -0.4060384  -0.4321568
 -0.45507029 -0.47587195 -0.49641737 -0.51662695 -0.53679645 -0.55974919
 -0.58155972 -0.59635586 -0.6132136  -0.62560481 -0.63800102 -0.65136904
 -0.66440344 -0.67737931 -0.68749654 -0.6957494  -0.7040301  -0.70990354
 -0.71849132 -0.72523451 -0.73430103 -0.73955816 -0.74157232 -0.74242157
 -0.74381435 -0.74492103 -0.74353355 -0.74155712 -0.73810041 -0.73498207
 -0.73146677 -0.72523463 -0.71875387 -0.71047491 -0.70374089 -0.69491351
 -0.68461055 -0.6761266  -0.66679108 -0.65296006 -0.6344564  -0.61622262
 -0.60371697 -0.58987314 -0.57554597 -0.55944407 -0.54871559 -0.53042954
 -0.50844049 -0.48961201 -0.47299859 -0.45162249 -0.43182051 -0.40844011
 -0.38576192 -0.3599419  -0.33468193 -0.31028193 -0.28671455 -0.25722146
 -0.22801737 -0.20162828 -0.17335871 -0.14242797 -0.11139353 -0.08150522
 -0.05242473 -0.02221745  0.00757807  0.03382209  0.05835312  0.08694134
  0.11803401  0.14519367  0.17018542  0.19552265  0.22202453  0.24781121
  0.27005523  0.29308292  0.31574103  0.33848298  0.35999843  0.37812275
  0.39627329  0.4147262   0.43109053  0.44644091  0.46177915  0.4760389
  0.48833936  0.50038862  0.51294202  0.52530175  0.53486162  0.54547137
  0.55466014  0.56589413  0.57827705  0.58962125  0.60157448  0.61275738
  0.62521976  0.6395936   0.6521697   0.66426378  0.68028384  0.69580775
  0.71183759  0.72590184  0.74098235  0.75998962  0.77294475  0.7829259
  0.78148365  0.77209026  0.75737643  0.74140859  0.72680318  0.71338874
  0.6974628   0.68177408  0.66738862  0.6529361   0.63831073  0.62786663
  0.61637467  0.60238552  0.58643162  0.57353574  0.56114846  0.5499869
  0.5400036   0.52905566  0.51725805  0.50499636  0.49036843  0.47790903
  0.46468171  0.44901711  0.43358773  0.41790506  0.40009117  0.38235128
  0.36364546  0.3439455   0.32425359  0.30393595  0.28258076  0.26284292
  0.24013583  0.21538468  0.19131567  0.16724083  0.14327058  0.11852413
  0.09421188  0.07018155  0.04496786  0.01885009 -0.0096162  -0.03752701
 -0.06244245 -0.08871862 -0.11469629 -0.14169796 -0.16826181 -0.19537944
 -0.22092794 -0.24677686 -0.27232522 -0.29627612 -0.31964424 -0.33919019
 -0.36222881 -0.38557622 -0.40516183 -0.42296803 -0.43850562 -0.45693967
 -0.47227362 -0.48971289 -0.50078863 -0.5153659  -0.5291481  -0.54254496
 -0.56134105 -0.57778072 -0.58448428 -0.59040082 -0.59571153 -0.603342
 -0.6117664  -0.6197086  -0.62921691 -0.63529956 -0.6423524  -0.64913064
 -0.65306187 -0.65820271 -0.66121835 -0.66382611 -0.66440898 -0.66481966
 -0.66168284 -0.65809339 -0.65654403 -0.6555146  -0.65095919 -0.64521682
 -0.6407668  -0.6400575  -0.63745558 -0.62671703 -0.61851859 -0.61064017
 -0.60113204 -0.59243268 -0.57513767 -0.56041753 -0.54805708 -0.53613675
 -0.52099299 -0.50162971 -0.48652402 -0.47059837 -0.45371518 -0.43269277
 -0.41370955 -0.39546821 -0.36913562 -0.34267038 -0.31870389 -0.29499468
 -0.27157524 -0.24806376 -0.22315106]
[-0.20200223 -0.23342782 -0.26339808 -0.29525399 -0.32586578 -0.35361987
 -0.38410637 -0.41556457 -0.4414084  -0.46618044 -0.49229977 -0.51641154
 -0.53941286 -0.56118393 -0.581101   -0.60365117 -0.62583232 -0.64473063
 -0.66323286 -0.67901289 -0.69235647 -0.70766038 -0.72153729 -0.73486716
 -0.74612838 -0.75689036 -0.7665112  -0.77515215 -0.78349167 -0.79200751
 -0.8002516  -0.80688059 -0.81106567 -0.81377691 -0.8157149  -0.81759185
 -0.81838059 -0.81715995 -0.81512064 -0.81251729 -0.80907863 -0.80474341
 -0.7989589  -0.79251826 -0.78458601 -0.77684009 -0.76689225 -0.75755221
 -0.7474122  -0.73560715 -0.71880037 -0.70181972 -0.68646085 -0.67282069
 -0.6575852  -0.64000118 -0.62483054 -0.60841703 -0.58907676 -0.56812096
 -0.54689437 -0.52553719 -0.50451058 -0.48116428 -0.45752025 -0.43070835
 -0.40451339 -0.37730655 -0.35187683 -0.32351702 -0.29267329 -0.26406074
 -0.2345127  -0.20247647 -0.16988763 -0.13771579 -0.10579319 -0.07320855
 -0.04032613 -0.00666345  0.02452829  0.05470962  0.08874187  0.12155183
  0.15182722  0.18195248  0.21204621  0.24213859  0.2713694   0.29808307
  0.32546747  0.35276675  0.37848544  0.40225741  0.42589077  0.44864187
  0.47048488  0.49121121  0.51178819  0.53186345  0.54964989  0.56605279
  0.58350617  0.6010052   0.61617172  0.6310482   0.64581907  0.65918744
  0.67415887  0.68852776  0.70270616  0.71565169  0.72918671  0.74225616
  0.75393021  0.76576805  0.77853817  0.79191715  0.8063041   0.81569105
  0.82561564  0.8374244   0.84853297  0.85656428  0.85627717  0.851071
  0.84246749  0.83194882  0.81977594  0.80890095  0.79817891  0.78659332
  0.77178764  0.76006591  0.74807423  0.73441774  0.72237635  0.70845318
  0.69296885  0.67790347  0.66336524  0.64820743  0.63337404  0.61897373
  0.60341126  0.58734083  0.57022393  0.55199134  0.53458649  0.51547229
  0.49530199  0.4758485   0.45382664  0.43143055  0.40905812  0.38520521
  0.36102265  0.33717343  0.31160811  0.28617045  0.26002201  0.23183815
  0.20331314  0.17451456  0.145538    0.11619435  0.08687097  0.05781544
  0.02876092 -0.00251104 -0.03423396 -0.06625815 -0.09619439 -0.12727238
 -0.1576941  -0.18841881 -0.21883503 -0.24833041 -0.27699736 -0.30368537
 -0.33090788 -0.35741138 -0.38313952 -0.4065313  -0.42874676 -0.45418441
 -0.4762719  -0.49440384 -0.51299518 -0.53248823 -0.55129498 -0.5693025
 -0.58442765 -0.60104299 -0.61462158 -0.62998366 -0.64528394 -0.66147059
 -0.67484045 -0.68245441 -0.69123131 -0.69926381 -0.70754445 -0.71567702
 -0.72402197 -0.73167402 -0.73749542 -0.74329418 -0.74874336 -0.75188315
 -0.75529134 -0.75759739 -0.75855672 -0.75826645 -0.75703806 -0.75389063
 -0.75018102 -0.74675494 -0.74278331 -0.73664337 -0.7304045  -0.72569489
 -0.72124916 -0.71401894 -0.70287871 -0.69174016 -0.68106478 -0.66906106
 -0.6538552  -0.63872808 -0.62482923 -0.60815018 -0.59145051 -0.57261723
 -0.55516243 -0.53516465 -0.51605135 -0.49521446 -0.47261918 -0.45026773
 -0.42488793 -0.39841959 -0.37189949 -0.34487092 -0.31864774 -0.29147825
 -0.26448989 -0.23574907 -0.20624551 -0.17617685 -0.14537877]
[-2.24303201e-01 -2.55318493e-01 -2.86020994e-01 -3.18079323e-01
 -3.49576712e-01 -3.78462315e-01 -4.09770787e-01 -4.41017717e-01
 -4.67272967e-01 -4.95336235e-01 -5.19788921e-01 -5.43578029e-01
 -5.67335486e-01 -5.88810503e-01 -6.10753953e-01 -6.36712909e-01
 -6.59899592e-01 -6.77262127e-01 -6.95379257e-01 -7.10975230e-01
 -7.26850212e-01 -7.40719140e-01 -7.53160954e-01 -7.68133402e-01
 -7.80216098e-01 -7.91205585e-01 -7.99399793e-01 -8.07014763e-01
 -8.15495491e-01 -8.20998371e-01 -8.29808176e-01 -8.35591078e-01
 -8.36889803e-01 -8.36475968e-01 -8.37599337e-01 -8.38970006e-01
 -8.36861193e-01 -8.34323585e-01 -8.29546154e-01 -8.27187717e-01
 -8.22115183e-01 -8.15038264e-01 -8.07279766e-01 -7.97128499e-01
 -7.89813042e-01 -7.79949725e-01 -7.69441426e-01 -7.58221507e-01
 -7.46411145e-01 -7.32978582e-01 -7.13331759e-01 -6.93020284e-01
 -6.77759469e-01 -6.61544442e-01 -6.44235134e-01 -6.24659956e-01
 -6.08557343e-01 -5.88684618e-01 -5.65326929e-01 -5.43916047e-01
 -5.23067951e-01 -5.00185847e-01 -4.78019923e-01 -4.53845412e-01
 -4.27928030e-01 -3.99382651e-01 -3.72301012e-01 -3.45247775e-01
 -3.17748666e-01 -2.86889702e-01 -2.56115556e-01 -2.27711380e-01
 -1.96755201e-01 -1.63526699e-01 -1.29982188e-01 -9.71455351e-02
 -6.59981370e-02 -3.33825536e-02  1.74496367e-04  3.13782431e-02
  6.11080565e-02  9.42157060e-02  1.29457071e-01  1.61721870e-01
  1.90709263e-01  2.20227316e-01  2.50537366e-01  2.80684948e-01
  3.07430297e-01  3.33657384e-01  3.59998643e-01  3.86193991e-01
  4.11356151e-01  4.32542861e-01  4.53984350e-01  4.74874139e-01
  4.94147092e-01  5.13421476e-01  5.31684279e-01  5.48679948e-01
  5.63628316e-01  5.78716457e-01  5.93796849e-01  6.08624697e-01
  6.20194316e-01  6.32967651e-01  6.44286454e-01  6.56440079e-01
  6.70853972e-01  6.84129417e-01  6.96698129e-01  7.09565163e-01
  7.23134160e-01  7.37576127e-01  7.49993682e-01  7.61051118e-01
  7.76090384e-01  7.90196657e-01  8.05400610e-01  8.16257179e-01
  8.27981234e-01  8.43192697e-01  8.52746546e-01  8.58003616e-01
  8.57461452e-01  8.51746380e-01  8.41318965e-01  8.30384612e-01
  8.17359030e-01  8.04061711e-01  7.89572954e-01  7.76405990e-01
  7.61791587e-01  7.47155786e-01  7.32957244e-01  7.21060574e-01
  7.08081603e-01  6.93287432e-01  6.76906288e-01  6.63518012e-01
  6.49051785e-01  6.35759592e-01  6.24022305e-01  6.11330867e-01
  5.96985400e-01  5.83664477e-01  5.66489875e-01  5.51361084e-01
  5.35668254e-01  5.17687559e-01  4.99264270e-01  4.80082273e-01
  4.59670007e-01  4.39060807e-01  4.17402446e-01  3.95169556e-01
  3.72399956e-01  3.49245578e-01  3.23824406e-01  3.01508248e-01
  2.75836796e-01  2.48361379e-01  2.21162811e-01  1.94076627e-01
  1.66766524e-01  1.37807295e-01  1.09254055e-01  8.14298093e-02
  5.33951484e-02  2.32285764e-02 -8.64905771e-03 -4.02901657e-02
 -7.01574683e-02 -1.01505034e-01 -1.31619439e-01 -1.61327362e-01
 -1.89974084e-01 -2.20534086e-01 -2.49598831e-01 -2.77414262e-01
 -3.05026859e-01 -3.31310332e-01 -3.56664747e-01 -3.80807579e-01
 -4.06686217e-01 -4.31681216e-01 -4.54453528e-01 -4.74673957e-01
 -4.94664371e-01 -5.15381515e-01 -5.34791946e-01 -5.54363489e-01
 -5.70288658e-01 -5.87463439e-01 -6.06161535e-01 -6.23157740e-01
 -6.42525017e-01 -6.59917057e-01 -6.71962202e-01 -6.83505654e-01
 -6.93458200e-01 -7.01743245e-01 -7.10631967e-01 -7.20228255e-01
 -7.30937064e-01 -7.39347875e-01 -7.47989953e-01 -7.55148292e-01
 -7.60109186e-01 -7.65676439e-01 -7.70575643e-01 -7.74911761e-01
 -7.76156008e-01 -7.76287794e-01 -7.74743378e-01 -7.71908402e-01
 -7.70231366e-01 -7.70091414e-01 -7.65997410e-01 -7.59548128e-01
 -7.54190981e-01 -7.51435637e-01 -7.46371686e-01 -7.34533906e-01
 -7.24487007e-01 -7.17265844e-01 -7.04975724e-01 -6.91343486e-01
 -6.74359679e-01 -6.58628583e-01 -6.43196881e-01 -6.26920223e-01
 -6.09093666e-01 -5.88214040e-01 -5.69815874e-01 -5.49916208e-01
 -5.29770851e-01 -5.07315159e-01 -4.84847933e-01 -4.61762935e-01
 -4.34484601e-01 -4.07296300e-01 -3.81081015e-01 -3.54656368e-01
 -3.27363938e-01 -2.99590230e-01 -2.72304416e-01 -2.43473232e-01
 -2.14379251e-01 -1.83783695e-01 -1.51757807e-01 -1.20170526e-01]
[-0.12184354 -0.15629305 -0.19187647 -0.22778498 -0.25970283 -0.29330042
 -0.32773575 -0.35633844 -0.38542613 -0.41871572 -0.44847062 -0.47369531
 -0.49988043 -0.52522683 -0.54890102 -0.57067657 -0.5940569  -0.618007
 -0.63898021 -0.65947938 -0.67769873 -0.69530714 -0.70985454 -0.72493684
 -0.74084026 -0.75530851 -0.76779187 -0.77905244 -0.78948587 -0.80023342
 -0.80870831 -0.81803066 -0.82635731 -0.83393198 -0.84006757 -0.84510487
 -0.84913671 -0.85206008 -0.8537721  -0.85468102 -0.85470682 -0.8534922
 -0.85097754 -0.84767658 -0.84352332 -0.83799869 -0.83148944 -0.82427442
 -0.81576121 -0.80614656 -0.79677206 -0.78661436 -0.76972026 -0.75285423
 -0.73931867 -0.72617418 -0.71063322 -0.69518346 -0.67768103 -0.66293454
 -0.64403641 -0.62346828 -0.60340047 -0.58450836 -0.56193268 -0.53923166
 -0.51323211 -0.48754522 -0.46235862 -0.43532977 -0.40790245 -0.38085413
 -0.35022086 -0.32026014 -0.28895625 -0.25671035 -0.22378826 -0.1906191
 -0.15900922 -0.12449255 -0.08891267 -0.05397899 -0.02045077  0.01224986
  0.04742811  0.0830596   0.1165019   0.15023026  0.18404843  0.21719728
  0.2490768   0.27908885  0.30960372  0.33943647  0.36724466  0.39422622
  0.42003751  0.44547027  0.47085246  0.49485582  0.51703119  0.53904188
  0.56016785  0.57995576  0.59876317  0.6172716   0.63530105  0.65218914
  0.66821933  0.68391258  0.69993901  0.71559459  0.73035181  0.74431968
  0.75720143  0.76970559  0.781596    0.79336709  0.80844724  0.8224172
  0.83580053  0.84431583  0.85305727  0.86391896  0.87439996  0.8822602
  0.88871098  0.88802952  0.88262975  0.87321293  0.86296642  0.8522014
  0.84396529  0.83557963  0.82123077  0.80887973  0.79876292  0.78710616
  0.77467251  0.76172453  0.74760538  0.73191851  0.71615034  0.70017564
  0.6833322   0.66719741  0.65028727  0.63258725  0.61425811  0.59510392
  0.57519943  0.55443442  0.53273261  0.5108065   0.4884094   0.4641231
  0.43977639  0.41445425  0.38808456  0.36147234  0.33469501  0.3081651
  0.28058875  0.25061905  0.22001952  0.18888707  0.15749742  0.12565212
  0.09395365  0.06321973  0.03178477 -0.00190195 -0.03581916 -0.07022451
 -0.10416249 -0.13597083 -0.16811943 -0.19967887 -0.23157209 -0.26273194
 -0.29128507 -0.3171559  -0.3442685  -0.37213132 -0.3989692  -0.42499691
 -0.44712391 -0.47019765 -0.49229786 -0.51025319 -0.53102398 -0.54934722
 -0.56881547 -0.58602542 -0.60436422 -0.61883658 -0.6339426  -0.64741516
 -0.66182232 -0.67723662 -0.69160724 -0.70044416 -0.70819867 -0.7128855
 -0.72083038 -0.73000354 -0.73832047 -0.74558777 -0.75180393 -0.75771248
 -0.76286525 -0.7664637  -0.76906258 -0.77087659 -0.77211952 -0.77219301
 -0.77152675 -0.77001512 -0.76704049 -0.76302636 -0.75842702 -0.75287014
 -0.74665493 -0.7408908  -0.73860538 -0.7334069  -0.72342587 -0.71314377
 -0.70110559 -0.68913442 -0.67847484 -0.66266513 -0.64759374 -0.63298362
 -0.61725515 -0.59956992 -0.57930869 -0.56123883 -0.54366249 -0.52469778
 -0.50092703 -0.47784567 -0.45527548 -0.42900804 -0.40186283 -0.37504092
 -0.34694061 -0.32007378 -0.29465544 -0.26570842 -0.23511447 -0.20486242
 -0.17314182 -0.1405576  -0.10861372 -0.07682267]
[ 0.31864953  0.27564818  0.23319349  0.18871404  0.14527166  0.10285182
  0.05933568  0.01607093 -0.02714851 -0.06919774 -0.11193252 -0.152312
 -0.1926886  -0.23139665 -0.26821956 -0.30661392 -0.34481484 -0.38205904
 -0.41896424 -0.45350188 -0.48610109 -0.51866227 -0.5507108  -0.58169788
 -0.60994005 -0.63897622 -0.66685963 -0.69226021 -0.71888101 -0.74593151
 -0.76796228 -0.78969091 -0.81118393 -0.83081096 -0.85019845 -0.86793238
 -0.88788128 -0.90750325 -0.92053264 -0.9310717  -0.94366968 -0.95804363
 -0.97004235 -0.97973841 -0.98991603 -0.9956038  -1.00195527 -1.01092887
 -1.0187819  -1.02279794 -1.02461565 -1.02770936 -1.02924967 -1.03060234
 -1.02743208 -1.02486956 -1.02222455 -1.01700473 -1.01261139 -1.00419712
 -0.99541551 -0.98514467 -0.97417045 -0.96237719 -0.94644809 -0.93159354
 -0.91834211 -0.90358704 -0.88701069 -0.86845046 -0.84975916 -0.8287099
 -0.80716842 -0.78616869 -0.76436079 -0.7409445  -0.71617669 -0.68854403
 -0.66010708 -0.62956089 -0.60073036 -0.57218391 -0.54065704 -0.50950158
 -0.47698027 -0.44311646 -0.40848142 -0.37281051 -0.33781648 -0.30235165
 -0.26688737 -0.22989008 -0.19121297 -0.15270734 -0.11193309 -0.07078099
 -0.03194891  0.00552198  0.04458251  0.08702154  0.1300285   0.17210279
  0.21327077  0.25595111  0.29880747  0.34198698  0.38272205  0.42273986
  0.46527645  0.50729293  0.54807794  0.5890885   0.62773013  0.66584253
  0.7021687   0.7379238   0.77221149  0.80459821  0.83447397  0.86579096
  0.89484322  0.92250443  0.94837415  0.97027463  0.99103713  1.01066923
  1.02746022  1.04164588  1.05407989  1.06542158  1.07836246  1.08998108
  1.10040283  1.1029985   1.10403359  1.10559571  1.10329962  1.10340714
  1.104491    1.10405838  1.10357964  1.10367751  1.10139513  1.09906888
  1.096614    1.09370542  1.08683193  1.07844794  1.06825662  1.05812192
  1.04530013  1.0296464   1.01348889  0.99662369  0.97443622  0.95197642
  0.92573214  0.89649451  0.86835635  0.83949941  0.80730903  0.77695817
  0.74300867  0.70776457  0.67306316  0.63630593  0.59905279  0.56073451
  0.52157271  0.4813965   0.43999013  0.39780834  0.35444757  0.31399909
  0.27073151  0.22828786  0.18581887  0.14277714  0.09939583  0.05605071
  0.01404254 -0.02692927 -0.06608508 -0.10669596 -0.14656717 -0.18443221
 -0.22163357 -0.26002178 -0.29553372 -0.33086261 -0.36762547 -0.40451628
 -0.436483   -0.46637589 -0.49744186 -0.52860928 -0.56052125 -0.5923332
 -0.62157327 -0.64752918 -0.67376447 -0.69786745 -0.72095585 -0.74476194
 -0.76844233 -0.79094374 -0.81221879 -0.83361363 -0.85252762 -0.86719841
 -0.88459212 -0.89844376 -0.90986669 -0.92335993 -0.93567342 -0.94502151
 -0.95395029 -0.96356642 -0.97243601 -0.97805661 -0.98364758 -0.98779529
 -0.99113822 -0.99432927 -0.99529153 -0.99450773 -0.99266195 -0.99136937
 -0.98927134 -0.98529369 -0.98229283 -0.97764724 -0.96771944 -0.95942354
 -0.9511885  -0.94154471 -0.93079656 -0.91962308 -0.90934432 -0.89696521
 -0.87782031 -0.86170733 -0.84609258 -0.83045441 -0.81123722 -0.79072505
 -0.7703706  -0.74743241 -0.72488755 -0.7003935  -0.67606789 -0.64967859
 -0.6232937  -0.59522557 -0.56601679 -0.53799534 -0.50651801 -0.47435626
 -0.44073817 -0.40696704 -0.37434474 -0.3395507  -0.30270791 -0.26444674
 -0.22587046 -0.18829256 -0.15189388 -0.11448362 -0.07453043 -0.03473051
  0.00644459  0.0474965   0.08856467  0.13046063  0.17261276  0.21364194
  0.25519562  0.29686034  0.33941367  0.38087037]
[ 0.51615083  0.47171029  0.42493182  0.37789813  0.33113119  0.28474316
  0.23900723  0.19428577  0.14948146  0.10486001  0.05959512  0.01405379
 -0.03073558 -0.07511815 -0.11858178 -0.16305354 -0.20400187 -0.24370399
 -0.28275871 -0.32190838 -0.36381018 -0.40242648 -0.44060409 -0.47835016
 -0.51247627 -0.54584628 -0.58018571 -0.61458844 -0.6463604  -0.67559201
 -0.70594841 -0.73371643 -0.76026559 -0.79088855 -0.8184675  -0.8400169
 -0.8616035  -0.88325638 -0.90404475 -0.92478466 -0.94479054 -0.96557724
 -0.98306578 -0.99427944 -1.0072093  -1.02303672 -1.03521407 -1.04734683
 -1.05678809 -1.06386352 -1.07031715 -1.07842612 -1.08618426 -1.09211886
 -1.09460509 -1.09601307 -1.09908295 -1.09919441 -1.09886932 -1.09628654
 -1.09227109 -1.08716536 -1.08028102 -1.07444191 -1.06430018 -1.05643332
 -1.04478717 -1.03094518 -1.01621866 -0.99959826 -0.98443305 -0.97048324
 -0.95267576 -0.93354231 -0.91436964 -0.89176363 -0.86849463 -0.84510809
 -0.82428205 -0.80148262 -0.77562076 -0.74642253 -0.71730649 -0.68540305
 -0.65364242 -0.6237511  -0.59229988 -0.56061149 -0.52663904 -0.49091902
 -0.45536968 -0.41802287 -0.38110659 -0.34531966 -0.30727804 -0.26966813
 -0.22917788 -0.18859427 -0.14835715 -0.10622541 -0.06477904 -0.02619794
  0.01379815  0.05530292  0.09952372  0.14456068  0.18723118  0.22953801
  0.27428877  0.31888643  0.36190346  0.40451318  0.44851312  0.49359241
  0.53827375  0.58410329  0.62873197  0.67286932  0.71603328  0.7588554
  0.80191535  0.84204918  0.87883252  0.91634744  0.95294237  0.98632061
  1.02098441  1.04858649  1.07407439  1.09736574  1.11928713  1.13784373
  1.15286672  1.16711247  1.18012738  1.19572985  1.20681655  1.21271479
  1.21522248  1.2159853   1.21598029  1.2143935   1.2126615   1.21329677
  1.21320295  1.21321917  1.21224797  1.20961666  1.2025789   1.19900155
  1.19466746  1.1844188   1.17033958  1.15828013  1.14552629  1.12778413
  1.11040735  1.09112906  1.06751466  1.04213119  1.0128715   0.98007184
  0.94706202  0.91271454  0.87679982  0.83993536  0.80400944  0.76329392
  0.72266918  0.68047273  0.63787299  0.59427983  0.54984683  0.50365382
  0.45805776  0.41207594  0.36515188  0.31987867  0.27626655  0.23181936
  0.18789321  0.14352383  0.09930836  0.05553751  0.01150675 -0.0309838
 -0.07146146 -0.11200896 -0.15239623 -0.19178355 -0.22992264 -0.26937836
 -0.30721775 -0.34445262 -0.38185823 -0.41934308 -0.4561207  -0.48841041
 -0.51941609 -0.55141735 -0.58496511 -0.61840451 -0.65043509 -0.680022
 -0.70705146 -0.73302001 -0.75753421 -0.78378755 -0.81002015 -0.83395582
 -0.85506767 -0.87855613 -0.89846367 -0.91694355 -0.93419433 -0.95234478
 -0.96527338 -0.97592926 -0.99146044 -1.00535703 -1.01207507 -1.02099037
 -1.03200626 -1.03986096 -1.04550004 -1.05212533 -1.05608737 -1.05727208
 -1.06125486 -1.06040871 -1.05962157 -1.05730247 -1.05543816 -1.05282724
 -1.05149484 -1.04736567 -1.03897572 -1.02777719 -1.01992846 -1.01096404
 -0.9981215  -0.9891727  -0.97865808 -0.96779394 -0.95073402 -0.93158782
 -0.91420728 -0.89908755 -0.88149768 -0.86042261 -0.83886355 -0.81559181
 -0.79151201 -0.76694077 -0.74017638 -0.71328324 -0.6870892  -0.65857458
 -0.62791735 -0.59635419 -0.56587112 -0.53288269 -0.49774629 -0.46133739
 -0.42567319 -0.391462   -0.35416043 -0.31503457 -0.27497029 -0.23530357
 -0.19842555 -0.15924138 -0.11732288 -0.07475703 -0.03246912  0.01123983
  0.05424721  0.09730837  0.14077422  0.18489206  0.22793956  0.27246019
  0.31672165  0.36149976  0.40573609  0.44857931  0.49220204  0.53537083
  0.5790801   0.62271202]
[ 0.54377389  0.49905539  0.45346957  0.4056952   0.35827273  0.31146023
  0.26516968  0.21930803  0.17381947  0.12886892  0.08438522  0.03844229
 -0.00683978 -0.05111177 -0.09530653 -0.13986811 -0.18392058 -0.22520159
 -0.26457745 -0.3036924  -0.34404618 -0.3855252  -0.42429259 -0.46228644
 -0.49913022 -0.53386891 -0.56775481 -0.60302877 -0.63763553 -0.66823864
 -0.6984725  -0.72822738 -0.75575912 -0.78356177 -0.81227106 -0.83929217
 -0.86310023 -0.88544631 -0.90616226 -0.92702973 -0.94748056 -0.96873325
 -0.98856008 -1.00496507 -1.01754415 -1.02931297 -1.04471815 -1.05774832
 -1.06695342 -1.07695448 -1.08243179 -1.08939993 -1.09754384 -1.10411859
 -1.10841334 -1.11092818 -1.11300695 -1.11364412 -1.11378312 -1.11071467
 -1.10705221 -1.10290647 -1.0967139  -1.0900054  -1.08132136 -1.07235527
 -1.06078577 -1.04804873 -1.03455615 -1.01834881 -1.00098479 -0.98429894
 -0.9682976  -0.94998294 -0.92971832 -0.90877622 -0.8856982  -0.86182475
 -0.83824062 -0.81456608 -0.79079747 -0.76405263 -0.73448229 -0.70502412
 -0.67314279 -0.63944185 -0.60877562 -0.5771994  -0.54479253 -0.51018041
 -0.47256038 -0.4369837  -0.39950937 -0.36235169 -0.32531947 -0.28687102
 -0.24897453 -0.20852825 -0.16802491 -0.12669557 -0.08396021 -0.04438277
 -0.00565922  0.03513531  0.07731101  0.12093164  0.16494201  0.20794579
  0.2511411   0.29513577  0.3393364   0.38196415  0.42380556  0.4688893
  0.51330429  0.5573079   0.60226285  0.64721256  0.69041592  0.73250312
  0.77549106  0.81670707  0.85641229  0.8923496   0.92901725  0.96374452
  0.99767762  1.0284642   1.05766535  1.08199382  1.10627604  1.12828994
  1.14602613  1.16215312  1.17665792  1.18890238  1.20524168  1.21739161
  1.22326553  1.22624302  1.22784686  1.22709501  1.22743595  1.22759414
  1.22754228  1.22743344  1.2273792   1.2250582   1.22292733  1.21664143
  1.2101171   1.20463836  1.19287622  1.17735195  1.16412592  1.14996386
  1.1303612   1.11144543  1.09065628  1.06570399  1.03948319  1.00812924
  0.9737404   0.9413926   0.90783602  0.87109333  0.83534712  0.79778153
  0.75683838  0.7161836   0.67464584  0.63210845  0.5873186   0.54227424
  0.49684852  0.45082667  0.40464622  0.35799885  0.31410611  0.27004531
  0.22687015  0.18294618  0.13921009  0.09554861  0.05163511  0.0088312
 -0.03332739 -0.07286475 -0.11313619 -0.15350966 -0.19274147 -0.23053773
 -0.2700761  -0.30729166 -0.34417838 -0.38214639 -0.41994512 -0.45553342
 -0.48748231 -0.51836646 -0.55145419 -0.58473772 -0.61768258 -0.64916426
 -0.67878729 -0.70717144 -0.73250592 -0.7568242  -0.78315943 -0.81049693
 -0.83443844 -0.85643226 -0.87986135 -0.90080142 -0.91823816 -0.93692464
 -0.95437121 -0.96665859 -0.98071569 -0.99627763 -1.0096395  -1.01838303
 -1.02710092 -1.03761744 -1.04466379 -1.05165958 -1.05778027 -1.06261969
 -1.06530654 -1.06671715 -1.06752121 -1.06685984 -1.06622541 -1.06469381
 -1.0617764  -1.06006992 -1.0553242  -1.04644895 -1.03792655 -1.02966774
 -1.01897252 -1.00632811 -0.99800432 -0.98826247 -0.97637528 -0.95769083
 -0.94038939 -0.92261642 -0.90558517 -0.88676035 -0.86584955 -0.84471989
 -0.82101309 -0.79697871 -0.77014178 -0.74297345 -0.71632284 -0.68962282
 -0.65971726 -0.62829149 -0.597754   -0.56571406 -0.53184557 -0.496328
 -0.46002159 -0.42425007 -0.38912377 -0.35133967 -0.31174338 -0.27175236
 -0.23236383 -0.19405609 -0.15429015 -0.11176729 -0.06895557 -0.02619594
  0.01686769  0.05997998  0.10389556  0.14806357  0.19139281  0.23501047
  0.27942887  0.32416517  0.36932114  0.4125421   0.4560461   0.50036108
  0.54351974  0.58709413  0.63074493]
[ 0.87910479  0.83361226  0.78614992  0.73747903  0.68890256  0.64122248
  0.59223139  0.54268426  0.49370661  0.44499689  0.39492562  0.34588167
  0.29753262  0.24944767  0.20170319  0.15489481  0.10784597  0.06113536
  0.01390198 -0.03264847 -0.07834811 -0.12430716 -0.16968326 -0.21566114
 -0.25883853 -0.30070525 -0.34313557 -0.38527936 -0.42815056 -0.46829444
 -0.509233   -0.54897732 -0.58501559 -0.62038362 -0.65790004 -0.69483805
 -0.72767019 -0.75887811 -0.78968728 -0.82060838 -0.84926146 -0.88027072
 -0.91010237 -0.93590885 -0.9606005  -0.9830699  -1.00536513 -1.02786839
 -1.04917395 -1.07029688 -1.08766162 -1.10138929 -1.11671507 -1.13114417
 -1.142627   -1.15423393 -1.16253734 -1.17087948 -1.17846787 -1.18397331
 -1.18912458 -1.19369054 -1.19554031 -1.19713318 -1.19628239 -1.1954
 -1.19221222 -1.18715382 -1.18081331 -1.17307818 -1.16421545 -1.15442228
 -1.14212906 -1.13035417 -1.11612415 -1.10069299 -1.08345497 -1.06258702
 -1.0437485  -1.02586102 -1.0059464  -0.98379838 -0.96076667 -0.93614358
 -0.91051388 -0.88468921 -0.85951954 -0.83277237 -0.80440235 -0.77418178
 -0.74337196 -0.71000671 -0.67566109 -0.6433422  -0.60980928 -0.57567519
 -0.53946632 -0.50161779 -0.46490115 -0.4259305  -0.38634613 -0.34744
 -0.3074775  -0.26813602 -0.22622901 -0.18362902 -0.14143483 -0.09841949
 -0.05623521 -0.01452294  0.02802665  0.07101375  0.11539245  0.1606679
  0.20466134  0.24834591  0.29274538  0.33756599  0.38174966  0.42522192
  0.46981889  0.5149197   0.56009054  0.60509479  0.65092188  0.69584048
  0.74007434  0.78595209  0.83000773  0.87336922  0.91595799  0.95896447
  1.00164855  1.0435127   1.08239448  1.11878061  1.15348732  1.18849742
  1.21923077  1.24465811  1.26980972  1.29014564  1.31199217  1.33134091
  1.35132754  1.36222923  1.37171328  1.37673998  1.38200331  1.38585877
  1.3868376   1.38695502  1.38487196  1.38215458  1.37695825  1.36946166
  1.35804176  1.34894681  1.33794248  1.32177591  1.29960132  1.28318202
  1.2617346   1.23661852  1.21061766  1.18467593  1.15286076  1.11980307
  1.08408678  1.04419076  1.00310802  0.96262282  0.91985512  0.87503666
  0.83040828  0.78381008  0.73711431  0.69049579  0.64397877  0.59690595
  0.55038416  0.50500256  0.45805448  0.41190538  0.36586648  0.32110035
  0.27768022  0.23417343  0.19033304  0.14662986  0.10316683  0.05959198
  0.01594301 -0.02699257 -0.06807993 -0.10930675 -0.15105781 -0.19202308
 -0.23217705 -0.27302101 -0.31238702 -0.35111493 -0.38999689 -0.42878106
 -0.46654582 -0.50096345 -0.53404194 -0.56874126 -0.6036225  -0.63785315
 -0.67079329 -0.70176411 -0.73147357 -0.75965065 -0.78629494 -0.81387532
 -0.84183103 -0.86815178 -0.89266157 -0.91589499 -0.93960726 -0.96114862
 -0.98196411 -1.00184679 -1.01849926 -1.03388762 -1.04942393 -1.06458497
 -1.07395232 -1.08445442 -1.09616721 -1.10642791 -1.11410403 -1.12252319
 -1.12940764 -1.13326693 -1.1380012  -1.14003515 -1.14071524 -1.14163756
 -1.14090872 -1.13945532 -1.13750064 -1.13469958 -1.12892234 -1.12114716
 -1.11308897 -1.10341823 -1.09294176 -1.08456922 -1.07382977 -1.06122327
 -1.04510355 -1.02697098 -1.00752699 -0.9899919  -0.97056669 -0.94826257
 -0.92496586 -0.90059042 -0.87429506 -0.84699959 -0.81870747 -0.79142314
 -0.76287782 -0.73181379 -0.69945765 -0.66654623 -0.63381904 -0.59879148
 -0.56160551 -0.52409416 -0.48611981 -0.44943646 -0.41014999 -0.36894649
 -0.32671124 -0.28455102 -0.24364781 -0.20158006 -0.15778303 -0.11334994
 -0.06858987 -0.02319393  0.02255807  0.06855753  0.11499027  0.16163023
  0.20802481  0.25523013  0.30234784  0.34966254  0.39600569  0.4415285
  0.48841313  0.5345273   0.57993162  0.62736011  0.67379439  0.71883458
  0.76403052  0.80830991  0.85412592  0.89830065  0.94009155]
[ 1.06367433  1.01990891  0.97452682  0.92591089  0.87664151  0.8278169
  0.77864611  0.72885555  0.67969507  0.63006681  0.58011675  0.5293473
  0.48067367  0.43138525  0.38053027  0.3310506   0.28268811  0.23440745
  0.18717723  0.13944571  0.09216785  0.0459212  -0.00177412 -0.04853999
 -0.09441573 -0.14023413 -0.18655863 -0.2319065  -0.27605581 -0.31707299
 -0.35808471 -0.40043437 -0.44372737 -0.48393306 -0.52395314 -0.56335157
 -0.59997386 -0.63582242 -0.67312801 -0.70859492 -0.74162853 -0.7742126
 -0.80569983 -0.834907   -0.8650986  -0.89450622 -0.92315739 -0.94897246
 -0.97462308 -0.99741769 -1.02049172 -1.04366148 -1.06714058 -1.08885396
 -1.10513008 -1.11875701 -1.13187122 -1.14715576 -1.16279507 -1.17459309
 -1.18538666 -1.19037008 -1.19758677 -1.20588958 -1.21230793 -1.21660173
 -1.21769762 -1.21896112 -1.21835649 -1.21673143 -1.21189308 -1.20674086
 -1.20126498 -1.19372773 -1.18575907 -1.1746881  -1.16268504 -1.14886689
 -1.13497543 -1.11977315 -1.10193968 -1.08137178 -1.06256497 -1.04465735
 -1.02403677 -1.00115311 -0.97812849 -0.95307523 -0.92741275 -0.90262508
 -0.8767491  -0.84940749 -0.82068717 -0.78951734 -0.75850904 -0.72566622
 -0.6919179  -0.66030341 -0.62530291 -0.59170187 -0.55609238 -0.51750237
 -0.4803572  -0.44233164 -0.40383738 -0.36417764 -0.32400447 -0.28363878
 -0.24150617 -0.19916864 -0.15439862 -0.1091465  -0.0669533  -0.02508086
  0.01860018  0.06395988  0.11006293  0.15568846  0.20092005  0.24745907
  0.29352868  0.34023896  0.38489699  0.42895511  0.47565752  0.52276462
  0.56959009  0.61704803  0.66365135  0.71119815  0.75799531  0.80499965
  0.85134703  0.89711756  0.94140416  0.98738378  1.03263998  1.07699668
  1.11946154  1.15838003  1.19788539  1.23694074  1.26960564  1.29981613
  1.32872617  1.35257471  1.37426782  1.39815152  1.4165796   1.43008161
  1.43818438  1.44443107  1.44716501  1.45075405  1.45333648  1.45353615
  1.45129406  1.44896626  1.44243371  1.43616354  1.42625999  1.41585839
  1.40132904  1.38281775  1.36124969  1.34016716  1.31403685  1.28420651
  1.25325584  1.22224236  1.18374038  1.14433372  1.09994435  1.05270565
  1.00629807  0.9589619   0.91031283  0.86418802  0.81442147  0.7658875
  0.71748078  0.67007244  0.62238294  0.57538915  0.52752805  0.48024902
  0.43316549  0.38628343  0.3396315   0.29540294  0.2501424   0.20648593
  0.16192807  0.11692519  0.07139434  0.02574128 -0.01885941 -0.06324727
 -0.10536487 -0.14810908 -0.19135663 -0.23299728 -0.27413681 -0.3164784
 -0.35612771 -0.39559457 -0.43621975 -0.47675791 -0.51378059 -0.54851413
 -0.58240616 -0.61752409 -0.65274793 -0.68828011 -0.72152889 -0.75160724
 -0.78285372 -0.81088787 -0.83650315 -0.86447209 -0.89193654 -0.91815937
 -0.94308263 -0.96777207 -0.99093539 -1.01025236 -1.03075361 -1.04919744
 -1.06263065 -1.07880104 -1.09709203 -1.11095273 -1.12156069 -1.13301337
 -1.14429116 -1.15299284 -1.16031551 -1.16614997 -1.17084694 -1.17602718
 -1.1780479  -1.17913651 -1.17876351 -1.17892432 -1.17789054 -1.17460012
 -1.1718744  -1.16680861 -1.15681982 -1.14795256 -1.13946855 -1.12897456
 -1.1163981  -1.10532224 -1.09468162 -1.07928216 -1.059237   -1.04089165
 -1.02279139 -1.004125   -0.98049134 -0.95706022 -0.93277425 -0.90643829
 -0.87996382 -0.8520593  -0.8225432  -0.79208899 -0.76277453 -0.73087561
 -0.69778943 -0.66547644 -0.62970012 -0.59312141 -0.55501664 -0.51701373
 -0.47900841 -0.44024357 -0.39957392 -0.35681996 -0.3136825  -0.2710444
 -0.22955264 -0.18696167 -0.14170903 -0.09631097 -0.04967068 -0.00346827
  0.04295247  0.09020661  0.13792193  0.18474586  0.23224121  0.27981871
  0.32805979  0.37669811  0.42351496  0.47046164  0.51886839  0.56693065
  0.6143223   0.66174817  0.70846772  0.7545144   0.79968262  0.84513062
  0.89163053  0.93572485  0.97916603  1.02179837  1.06538165  1.106534  ]
[ 1.53074908  1.49516559  1.45323324  1.40483105  1.35476208  1.30970848
  1.26374173  1.21509278  1.166417    1.11807179  1.06692111  1.01664519
  0.9665491   0.91532689  0.86476439  0.81528062  0.76552534  0.71553499
  0.66510522  0.61572069  0.56465977  0.51340294  0.46324372  0.41282704
  0.36119533  0.31118718  0.26198125  0.21197824  0.16269429  0.11320652
  0.06386422  0.01488088 -0.03419746 -0.08226343 -0.12941329 -0.17699642
 -0.2249797  -0.27233282 -0.31791723 -0.36094734 -0.40503687 -0.44924915
 -0.493595   -0.53466111 -0.57634062 -0.61702621 -0.65567476 -0.69461286
 -0.7333535  -0.7697143  -0.80428636 -0.83919668 -0.87047106 -0.9024511
 -0.93116379 -0.96091485 -0.99175912 -1.01954281 -1.04485297 -1.07150817
 -1.09391594 -1.11381125 -1.13624322 -1.15896595 -1.17695308 -1.18948531
 -1.20642042 -1.22192788 -1.23439264 -1.24667609 -1.26054752 -1.26802659
 -1.27522409 -1.28294146 -1.28811085 -1.29083812 -1.29145634 -1.29245007
 -1.29140186 -1.2892381  -1.28226948 -1.27458549 -1.26472354 -1.25380647
 -1.24345291 -1.22854686 -1.21262288 -1.19780135 -1.18206775 -1.16313958
 -1.14192045 -1.11734021 -1.09432006 -1.07336128 -1.05042017 -1.02736568
 -1.00308228 -0.97881985 -0.95210606 -0.92482072 -0.89762199 -0.86936867
 -0.84087437 -0.81090045 -0.77925617 -0.74619526 -0.7116816  -0.6778844
 -0.64307737 -0.60967863 -0.57355183 -0.53400475 -0.49593878 -0.45676315
 -0.41666919 -0.37615338 -0.33486387 -0.29366347 -0.25025609 -0.20609413
 -0.16094869 -0.11611003 -0.07241727 -0.02771476  0.0180778   0.064002
  0.11070634  0.15805963  0.20493646  0.252381    0.29947975  0.34768423
  0.39515072  0.44092724  0.48714289  0.53362876  0.58108461  0.62592846
  0.67093253  0.71647435  0.76084501  0.80376589  0.84788007  0.8919512
  0.9357655   0.97999173  1.02304864  1.06719005  1.11393607  1.15830219
  1.20417702  1.2495116   1.2939204   1.33597493  1.37801397  1.42100382
  1.46439743  1.50881565  1.54844344  1.58123565  1.61178112  1.63456786
  1.65534234  1.66990829  1.68049669  1.68207574  1.6774621   1.6694572
  1.65368593  1.63379884  1.6053642   1.57533753  1.54278338  1.49796808
  1.45464993  1.40980971  1.36416316  1.31708384  1.26934433  1.22410095
  1.17640769  1.12847197  1.08116543  1.03233075  0.98753411  0.94246858
  0.8962878   0.85248792  0.80790317  0.76359671  0.71984684  0.67549485
  0.63122529  0.58617938  0.54119831  0.49525449  0.44940096  0.40362853
  0.35714972  0.3119019   0.2662597   0.22181293  0.17564166  0.12936528
  0.08272432  0.03610997 -0.01021541 -0.05563492 -0.09917825 -0.14270546
 -0.1870185  -0.23053378 -0.27324861 -0.31581408 -0.35727158 -0.39813912
 -0.43970099 -0.48145023 -0.52026701 -0.55647051 -0.59161818 -0.62753838
 -0.66341811 -0.69970673 -0.73323125 -0.76438016 -0.79659051 -0.82584107
 -0.85253716 -0.88003844 -0.90878665 -0.93568826 -0.96013629 -0.98489946
 -1.00652564 -1.02824068 -1.04873943 -1.06870449 -1.08769584 -1.10432148
 -1.12017381 -1.13628757 -1.14934647 -1.16328049 -1.17774463 -1.19026721
 -1.20094514 -1.21026444 -1.21797121 -1.22504997 -1.23062193 -1.23393035
 -1.23606038 -1.23759353 -1.23624778 -1.23301315 -1.22861421 -1.22298241
 -1.21556759 -1.20715082 -1.19772756 -1.18737841 -1.17412364 -1.16202343
 -1.15132821 -1.13630068 -1.11748993 -1.09977531 -1.08311689 -1.06409264
 -1.04123616 -1.01877499 -0.99422324 -0.96905112 -0.94184637 -0.91475087
 -0.88500464 -0.85572511 -0.82561725 -0.79295182 -0.75962645 -0.72426206
 -0.68863237 -0.65080267 -0.61023563 -0.57105798 -0.5312134  -0.49110836
 -0.44947901 -0.40589216 -0.36130086 -0.31661281 -0.27252346 -0.22791916
 -0.18207793 -0.1356703  -0.08758958 -0.03957236  0.00932424  0.05833485
  0.10737899  0.15626541  0.20528503  0.25452653  0.30428389  0.35457069
  0.40328345  0.45137462  0.50158036  0.55102867  0.59946036  0.6496194
  0.6978513   0.74635136  0.79459864  0.8417806   0.89139605  0.94012427]
[ 0.86767966  0.81825757  0.7678771   0.71732056  0.66768682  0.6167165
  0.56481797  0.51354086  0.46354991  0.41141072  0.36042812  0.30963594
  0.25998467  0.21019383  0.16128772  0.11145091  0.06181582  0.01379076
 -0.03455192 -0.08263154 -0.13128324 -0.17887172 -0.22652943 -0.27025315
 -0.31459293 -0.35788217 -0.40115711 -0.44617954 -0.48775879 -0.529607
 -0.56990206 -0.60809118 -0.64558643 -0.68299735 -0.72111344 -0.75670367
 -0.78924954 -0.82127458 -0.85215247 -0.88195717 -0.91587466 -0.9456625
 -0.97175533 -0.99871981 -1.02415919 -1.04683256 -1.07055402 -1.0906446
 -1.11613297 -1.13720274 -1.15270674 -1.16609061 -1.18437862 -1.20147121
 -1.21548951 -1.22860396 -1.23914695 -1.24796641 -1.25714803 -1.26509964
 -1.27241743 -1.27644062 -1.27721941 -1.27979302 -1.27944934 -1.27868927
 -1.27405989 -1.26774478 -1.25918746 -1.24903357 -1.23869514 -1.22437918
 -1.21207201 -1.19622874 -1.1793828  -1.16236866 -1.13982415 -1.11916137
 -1.10001028 -1.08052337 -1.05921102 -1.03694475 -1.01126409 -0.98799813
 -0.96242076 -0.93789858 -0.91248691 -0.88511145 -0.85413754 -0.82331169
 -0.79162365 -0.7584424  -0.72680849 -0.69479698 -0.66130382 -0.62592673
 -0.58765984 -0.54991072 -0.51183879 -0.47249886 -0.43268612 -0.3911441
 -0.3505919  -0.30859089 -0.26489207 -0.2204382  -0.17489977 -0.12985016
 -0.08552784 -0.04057305  0.00505702  0.05359058  0.1028388   0.15101822
  0.19901128  0.24857962  0.29828689  0.34709728  0.39469346  0.44260046
  0.49265444  0.54261553  0.59107196  0.63926095  0.68743527  0.73457664
  0.78228194  0.82961541  0.87604535  0.92097962  0.96575344  1.01469755
  1.05867302  1.10691988  1.15072381  1.19452929  1.23808181  1.28120005
  1.32281125  1.36297345  1.40467143  1.44262111  1.48340178  1.52384007
  1.5567112   1.58801448  1.61283648  1.63548827  1.6542691   1.66577029
  1.67454243  1.67451608  1.66842997  1.65697396  1.64053977  1.61747754
  1.59399724  1.56145155  1.52643609  1.4856292   1.44381726  1.40153039
  1.35825539  1.31449747  1.27006662  1.22378719  1.17597425  1.12921774
  1.07979763  1.02978837  0.98292488  0.93707472  0.88782668  0.84330732
  0.79648197  0.74862331  0.70274132  0.65522987  0.6090728   0.56146252
  0.51337779  0.46536893  0.41683322  0.36822018  0.31929672  0.27356833
  0.22619866  0.17936055  0.13109505  0.08255359  0.03470688 -0.01354553
 -0.06065731 -0.10572428 -0.14988229 -0.19583701 -0.24035116 -0.28462088
 -0.32901955 -0.37189278 -0.41268277 -0.45390061 -0.49583665 -0.53723305
 -0.57389277 -0.6083017  -0.64473349 -0.68188936 -0.71842313 -0.75398278
 -0.78528738 -0.81509072 -0.84588826 -0.87339854 -0.90107036 -0.92897004
 -0.95473939 -0.97853786 -1.00273836 -1.0252738  -1.04807353 -1.06784034
 -1.08700955 -1.10565674 -1.1196605  -1.13652945 -1.15080214 -1.16129696
 -1.17524719 -1.18985271 -1.20000648 -1.20877504 -1.21829295 -1.22567427
 -1.23131692 -1.23788655 -1.23990321 -1.24160945 -1.23984921 -1.23852611
 -1.23569477 -1.23134983 -1.22627389 -1.21878433 -1.20707405 -1.19797289
 -1.18707728 -1.17208362 -1.16138363 -1.15004039 -1.13605988 -1.11812127
 -1.09621847 -1.0769577  -1.0609473  -1.04074574 -1.01608682 -0.99129212
 -0.96794671 -0.9400999  -0.91378468 -0.88434166 -0.85543883 -0.82503104
 -0.79269648 -0.75864881 -0.7233302  -0.68788892 -0.64912957 -0.61051887
 -0.57090348 -0.53125101 -0.49330145 -0.45133534 -0.4069241  -0.36212859
 -0.31670347 -0.27346519 -0.22983961 -0.18398502 -0.13615391 -0.08909644
 -0.0407484   0.00754063  0.05572664  0.10493191  0.15464726  0.20361754
  0.25419739  0.30470026  0.35474476  0.40446532  0.45259801  0.50130498
  0.55028468  0.5998742   0.64967489  0.69908381  0.74768347  0.79571998
  0.84255743  0.89036614  0.93816864  0.98494965  1.032184    1.07734501
  1.12125123  1.1657902   1.21072245  1.25313461  1.29365313  1.33341289
  1.36929989  1.40714049  1.44545269  1.47689581  1.51077402  1.53787935]
[ 1.57388818  1.53559065  1.49618328  1.45223784  1.40273619  1.35294902
  1.30718362  1.2594583   1.21129835  1.16393518  1.11477792  1.06529546
  1.01542342  0.96351945  0.91244477  0.86248666  0.81274545  0.76309001
  0.71293706  0.66273916  0.61271828  0.56186497  0.51052356  0.46004292
  0.40972355  0.35778713  0.30719039  0.25796288  0.20840897  0.1593007
  0.10981556  0.06048772  0.01179074 -0.03734228 -0.08581747 -0.13315126
 -0.18057598 -0.22806895 -0.27463451 -0.32070419 -0.36456051 -0.40791631
 -0.45228663 -0.49583882 -0.53756887 -0.57890689 -0.61957812 -0.65848595
 -0.69600213 -0.73383141 -0.77101147 -0.80584657 -0.84099996 -0.8738547
 -0.9045015  -0.93421721 -0.96467841 -0.99358535 -1.02248967 -1.04797423
 -1.07351303 -1.09884512 -1.12098706 -1.14281523 -1.16483355 -1.18218601
 -1.19616103 -1.21106458 -1.22580659 -1.24058878 -1.25358593 -1.26469326
 -1.27210498 -1.27823544 -1.28515506 -1.29269004 -1.29669464 -1.29688156
 -1.29861832 -1.296556   -1.29233885 -1.28579533 -1.2780503  -1.26854634
 -1.25725782 -1.24518347 -1.22945452 -1.21274114 -1.19687605 -1.1797936
 -1.16050482 -1.14080298 -1.11692476 -1.0927093  -1.07147121 -1.04698884
 -1.02328813 -0.999991   -0.97332281 -0.94563508 -0.91883653 -0.89157975
 -0.86343759 -0.83445221 -0.80367559 -0.77187634 -0.73884785 -0.70388097
 -0.67037296 -0.635782   -0.60128868 -0.56426507 -0.5246622  -0.48664558
 -0.44772762 -0.40761274 -0.36673415 -0.32574663 -0.28460291 -0.24172069
 -0.197815   -0.15281144 -0.10814375 -0.06423827 -0.01995566  0.02546681
  0.07152734  0.11792684  0.16457641  0.21119067  0.25873476  0.30575284
  0.35322252  0.3995074   0.44492     0.49151394  0.53811288  0.583314
  0.62889117  0.67449164  0.71906847  0.76171482  0.80470651  0.84757358
  0.89028466  0.93359303  0.97761828  1.02002072  1.06355464  1.10996878
  1.15440893  1.20054758  1.24652302  1.28997219  1.33449924  1.37886763
  1.42318475  1.46692908  1.51140642  1.55433095  1.59086919  1.62143064
  1.64798939  1.66675067  1.68227661  1.69158185  1.69502223  1.69053996
  1.6810962   1.6677047   1.64427149  1.61369491  1.58088136  1.54514313
  1.49959147  1.45396674  1.40774786  1.36032116  1.31204176  1.26518071
  1.21918678  1.17134893  1.12387621  1.07760954  1.03085327  0.98656565
  0.94193357  0.89734918  0.85455388  0.81083995  0.76798379  0.72481656
  0.68007028  0.63580149  0.59136009  0.54676199  0.50132     0.45523837
  0.40962437  0.3632628   0.31838986  0.27321041  0.22863826  0.18280362
  0.13644801  0.08987319  0.04348347 -0.00278957 -0.04861135 -0.09229716
 -0.135583   -0.17920996 -0.22215073 -0.26520285 -0.30844998 -0.34982479
 -0.39036626 -0.43190846 -0.47304231 -0.51195467 -0.54887104 -0.584499
 -0.6208092  -0.65775895 -0.69358605 -0.72705311 -0.75935686 -0.79189873
 -0.82157445 -0.84863943 -0.87736809 -0.9056983  -0.93319178 -0.95930922
 -0.98507035 -1.00838912 -1.02951539 -1.05043185 -1.07000637 -1.09037423
 -1.10921013 -1.12613714 -1.14277804 -1.15674281 -1.17101729 -1.18564844
 -1.19936204 -1.2096988  -1.21939397 -1.22826862 -1.23623204 -1.24266183
 -1.24689734 -1.24933267 -1.2509594  -1.25056267 -1.24750531 -1.24316883
 -1.2383821  -1.22996485 -1.22113752 -1.21167409 -1.20137012 -1.18883157
 -1.17651689 -1.16484165 -1.14968777 -1.13208866 -1.11461544 -1.09804285
 -1.07647741 -1.05418217 -1.03219271 -1.00619054 -0.97974068 -0.9514817
 -0.92421234 -0.89457083 -0.86411077 -0.83309489 -0.80013174 -0.76641905
 -0.73282361 -0.69598329 -0.656946   -0.61698437 -0.57692301 -0.53636479
 -0.49577782 -0.45333874 -0.40961334 -0.36520207 -0.32070512 -0.27695253
 -0.23224542 -0.18582295 -0.13890064 -0.09053598 -0.04236825  0.00621053
  0.05483657  0.10333557  0.15228395  0.20132825  0.25090966  0.30086705
  0.3512724   0.39996618  0.44866094  0.49829602  0.54790813  0.59661508
  0.64586109  0.69481063  0.74275416  0.7909835   0.83998138  0.88920206
  0.93811941  0.9864518   1.03381228  1.08311105  1.13254583]
[ 1.05129874e+00  1.00276494e+00  9.52929020e-01  9.02603507e-01
  8.53572845e-01  8.03336442e-01  7.52491891e-01  7.02013910e-01
  6.51780128e-01  6.00821733e-01  5.48496604e-01  4.97593939e-01
  4.46900725e-01  3.94707859e-01  3.43421102e-01  2.92923719e-01
  2.43217334e-01  1.93985105e-01  1.44344106e-01  9.54905227e-02
  4.72532734e-02 -1.77360256e-03 -5.07041700e-02 -9.80394036e-02
 -1.45323768e-01 -1.92965776e-01 -2.41228580e-01 -2.86386907e-01
 -3.28771532e-01 -3.70498449e-01 -4.12959814e-01 -4.57921058e-01
 -4.99728054e-01 -5.41158557e-01 -5.81312060e-01 -6.18275046e-01
 -6.54763520e-01 -6.93662763e-01 -7.31302261e-01 -7.64188647e-01
 -7.96049237e-01 -8.28824282e-01 -8.59652340e-01 -8.89780283e-01
 -9.20455217e-01 -9.50370312e-01 -9.77683365e-01 -1.00278175e+00
 -1.02504110e+00 -1.05016661e+00 -1.07270646e+00 -1.09732699e+00
 -1.12065256e+00 -1.13914692e+00 -1.15443885e+00 -1.16807747e+00
 -1.18653798e+00 -1.20134127e+00 -1.21650922e+00 -1.23133898e+00
 -1.23840606e+00 -1.24743712e+00 -1.25857365e+00 -1.26807499e+00
 -1.27481103e+00 -1.27698016e+00 -1.27990246e+00 -1.28195715e+00
 -1.28367281e+00 -1.27942169e+00 -1.27434504e+00 -1.26850903e+00
 -1.25972879e+00 -1.24956143e+00 -1.23793566e+00 -1.22437012e+00
 -1.21195412e+00 -1.19563723e+00 -1.17798007e+00 -1.15866530e+00
 -1.13724363e+00 -1.11724150e+00 -1.10016882e+00 -1.08020699e+00
 -1.05855703e+00 -1.03564727e+00 -1.01030827e+00 -9.86349285e-01
 -9.61622596e-01 -9.36605394e-01 -9.10039485e-01 -8.82806242e-01
 -8.53391409e-01 -8.22833180e-01 -7.90711522e-01 -7.57850289e-01
 -7.26777852e-01 -6.93028510e-01 -6.59980059e-01 -6.24552965e-01
 -5.86248279e-01 -5.48748732e-01 -5.09607911e-01 -4.70260024e-01
 -4.30607647e-01 -3.89375508e-01 -3.47710550e-01 -3.04365098e-01
 -2.61071026e-01 -2.16568530e-01 -1.68864936e-01 -1.23290986e-01
 -7.99719393e-02 -3.47557105e-02  1.19903032e-02  6.14476539e-02
  1.11719407e-01  1.60643682e-01  2.09709674e-01  2.60585308e-01
  3.11032563e-01  3.59739035e-01  4.07272011e-01  4.57770437e-01
  5.08555233e-01  5.58808029e-01  6.09358728e-01  6.58984423e-01
  7.07900465e-01  7.56083488e-01  8.04322302e-01  8.53512406e-01
  9.00896966e-01  9.44397271e-01  9.91162837e-01  1.03872514e+00
  1.08504844e+00  1.13283718e+00  1.17616963e+00  1.22069883e+00
  1.26530707e+00  1.30896270e+00  1.34990108e+00  1.38985026e+00
  1.42945397e+00  1.46912050e+00  1.50943160e+00  1.54708230e+00
  1.57910144e+00  1.60451651e+00  1.63216722e+00  1.65297425e+00
  1.67069018e+00  1.68111312e+00  1.68868172e+00  1.68660665e+00
  1.68147695e+00  1.66613770e+00  1.64697754e+00  1.62019622e+00
  1.59026825e+00  1.55804646e+00  1.52067721e+00  1.47873449e+00
  1.43590224e+00  1.39418685e+00  1.34791148e+00  1.30298674e+00
  1.25751555e+00  1.20994914e+00  1.16231370e+00  1.11458135e+00
  1.06069052e+00  1.01107132e+00  9.64113176e-01  9.17364776e-01
  8.70092690e-01  8.23124528e-01  7.74181545e-01  7.27340698e-01
  6.78776324e-01  6.31498337e-01  5.83279073e-01  5.35326064e-01
  4.86834884e-01  4.37750816e-01  3.88287097e-01  3.38382810e-01
  2.91025430e-01  2.43113935e-01  1.95377618e-01  1.46968648e-01
  9.91412178e-02  5.00734746e-02  1.42811274e-03 -4.61409204e-02
 -9.35688168e-02 -1.39184102e-01 -1.85274169e-01 -2.30635434e-01
 -2.75320917e-01 -3.19489688e-01 -3.64033163e-01 -4.05208915e-01
 -4.45965290e-01 -4.88229156e-01 -5.30399203e-01 -5.71651340e-01
 -6.07154667e-01 -6.41131878e-01 -6.77554905e-01 -7.14337945e-01
 -7.51242399e-01 -7.85617650e-01 -8.15678418e-01 -8.47594619e-01
 -8.75749230e-01 -9.02605414e-01 -9.28648472e-01 -9.56658721e-01
 -9.82808709e-01 -1.00521314e+00 -1.02909076e+00 -1.05129373e+00
 -1.07035565e+00 -1.09030414e+00 -1.10798466e+00 -1.12370467e+00
 -1.13504040e+00 -1.15007424e+00 -1.16580892e+00 -1.17734134e+00
 -1.18989813e+00 -1.20385969e+00 -1.21193206e+00 -1.21869314e+00
 -1.22696841e+00 -1.23423886e+00 -1.23917532e+00 -1.24471605e+00
 -1.24528348e+00 -1.24262071e+00 -1.24206042e+00 -1.23981082e+00
 -1.23601007e+00 -1.23308122e+00 -1.22406757e+00 -1.21177876e+00
 -1.19912219e+00 -1.18900716e+00 -1.17703176e+00 -1.15966761e+00
 -1.15084982e+00 -1.13980484e+00 -1.12583983e+00 -1.10242391e+00
 -1.08176243e+00 -1.06394923e+00 -1.04546177e+00 -1.02418232e+00
 -9.99509394e-01 -9.76022780e-01 -9.50384796e-01 -9.23248351e-01
 -8.95024717e-01 -8.63877237e-01 -8.34950030e-01 -8.04724336e-01
 -7.71026909e-01 -7.37256050e-01 -7.02521443e-01 -6.65489316e-01
 -6.27565205e-01 -5.87136507e-01 -5.47200620e-01 -5.08063197e-01
 -4.69230175e-01 -4.25717980e-01 -3.81064355e-01 -3.35162520e-01
 -2.90178388e-01 -2.47267365e-01 -2.02701643e-01 -1.56172842e-01
 -1.09203793e-01 -6.16791770e-02 -1.40353050e-02  3.44239250e-02
  8.40257779e-02  1.33840337e-01  1.83668911e-01  2.33114302e-01
  2.83955604e-01  3.34613740e-01  3.85176778e-01  4.34319109e-01
  4.82966572e-01  5.32599211e-01  5.81429660e-01  6.30748808e-01
  6.80133224e-01  7.29713082e-01  7.77352810e-01  8.24694753e-01
  8.72311532e-01  9.21099722e-01  9.67963278e-01  1.01464450e+00
  1.06199098e+00  1.10648751e+00  1.15162861e+00  1.19482195e+00
  1.23810446e+00  1.28053880e+00  1.31926048e+00  1.35402405e+00
  1.39388633e+00  1.42776322e+00  1.46162796e+00  1.49279678e+00
  1.52278626e+00  1.54694879e+00  1.57034111e+00]
[ 1.47744119e+00  1.43759334e+00  1.39569616e+00  1.35046947e+00
  1.30443323e+00  1.25838423e+00  1.20984030e+00  1.16294229e+00
  1.11299706e+00  1.06301606e+00  1.01345563e+00  9.64585543e-01
  9.13675904e-01  8.63535166e-01  8.13339174e-01  7.62800455e-01
  7.11905897e-01  6.62068963e-01  6.12010956e-01  5.60832024e-01
  5.10583282e-01  4.60291177e-01  4.08710480e-01  3.58457088e-01
  3.08520555e-01  2.58951247e-01  2.09394738e-01  1.60710514e-01
  1.11368477e-01  6.25548810e-02  1.44751621e-02 -3.36702280e-02
 -8.14615190e-02 -1.29706636e-01 -1.77263156e-01 -2.24241152e-01
 -2.68611670e-01 -3.12998742e-01 -3.55726212e-01 -3.99042130e-01
 -4.43367451e-01 -4.85712975e-01 -5.28148651e-01 -5.68273425e-01
 -6.06908023e-01 -6.44067824e-01 -6.82394564e-01 -7.19919741e-01
 -7.54687369e-01 -7.88341582e-01 -8.21964085e-01 -8.52696359e-01
 -8.83707821e-01 -9.16704893e-01 -9.46460009e-01 -9.73015130e-01
 -1.00065708e+00 -1.02656353e+00 -1.04835713e+00 -1.07303524e+00
 -1.09324718e+00 -1.11679578e+00 -1.13907039e+00 -1.15560961e+00
 -1.16802120e+00 -1.18577290e+00 -1.20245254e+00 -1.21712542e+00
 -1.22969925e+00 -1.24062538e+00 -1.24828684e+00 -1.25739264e+00
 -1.26564145e+00 -1.27178442e+00 -1.27367842e+00 -1.27551174e+00
 -1.27808583e+00 -1.27746356e+00 -1.27599669e+00 -1.27134788e+00
 -1.26390481e+00 -1.25663030e+00 -1.24703300e+00 -1.23707473e+00
 -1.22258103e+00 -1.20805764e+00 -1.19342840e+00 -1.17677295e+00
 -1.15888536e+00 -1.13713717e+00 -1.11702585e+00 -1.09559333e+00
 -1.07569849e+00 -1.05442095e+00 -1.03040564e+00 -1.00488865e+00
 -9.81180787e-01 -9.54890668e-01 -9.29390013e-01 -9.04005587e-01
 -8.76515329e-01 -8.45617890e-01 -8.14595640e-01 -7.82859981e-01
 -7.49825299e-01 -7.17479169e-01 -6.85012341e-01 -6.51576698e-01
 -6.16412997e-01 -5.79235911e-01 -5.41228414e-01 -5.02880037e-01
 -4.63202089e-01 -4.23911363e-01 -3.83197069e-01 -3.42437983e-01
 -2.99884409e-01 -2.56185591e-01 -2.11476803e-01 -1.65893942e-01
 -1.20670319e-01 -7.62361065e-02 -3.16033252e-02  1.34672867e-02
  6.14314303e-02  1.10424258e-01  1.58716843e-01  2.06019521e-01
  2.54741490e-01  3.03308547e-01  3.52359176e-01  3.99680465e-01
  4.47002381e-01  4.96011049e-01  5.44712245e-01  5.92873216e-01
  6.41074777e-01  6.87624633e-01  7.34182775e-01  7.80757010e-01
  8.27703655e-01  8.73069704e-01  9.17534828e-01  9.61784124e-01
  1.00830650e+00  1.05248272e+00  1.09799027e+00  1.14210045e+00
  1.18516982e+00  1.22818053e+00  1.26929569e+00  1.30795991e+00
  1.34558582e+00  1.38398933e+00  1.42138278e+00  1.46145248e+00
  1.49964750e+00  1.53391838e+00  1.56410897e+00  1.58599162e+00
  1.61040676e+00  1.62349534e+00  1.63769126e+00  1.64690173e+00
  1.64820552e+00  1.64578509e+00  1.63653982e+00  1.62380004e+00
  1.60674787e+00  1.58673561e+00  1.56058609e+00  1.53164363e+00
  1.49070323e+00  1.45037234e+00  1.40931368e+00  1.36515069e+00
  1.32011902e+00  1.27393055e+00  1.22665036e+00  1.17735636e+00
  1.13047957e+00  1.08099127e+00  1.03088081e+00  9.81321156e-01
  9.33807313e-01  8.85160744e-01  8.38889778e-01  7.92086422e-01
  7.44846880e-01  6.98326766e-01  6.52769387e-01  6.07210577e-01
  5.61280966e-01  5.14017940e-01  4.66882318e-01  4.19570863e-01
  3.72360826e-01  3.25012475e-01  2.80233145e-01  2.33632669e-01
  1.87697694e-01  1.40906185e-01  9.36466455e-02  4.66884673e-02
 -7.33020657e-04 -4.65288386e-02 -9.16387364e-02 -1.35494456e-01
 -1.81071609e-01 -2.25152627e-01 -2.68572062e-01 -3.11860770e-01
 -3.54459494e-01 -3.95443261e-01 -4.36450005e-01 -4.78311181e-01
 -5.19892097e-01 -5.56677938e-01 -5.90476453e-01 -6.27126276e-01
 -6.64181888e-01 -7.00286865e-01 -7.35773563e-01 -7.67795920e-01
 -7.97903419e-01 -8.28269899e-01 -8.56070340e-01 -8.83193791e-01
 -9.11237597e-01 -9.38147306e-01 -9.63167310e-01 -9.87426400e-01
 -1.01025975e+00 -1.03216648e+00 -1.05147922e+00 -1.07303321e+00
 -1.09115267e+00 -1.10415387e+00 -1.12092423e+00 -1.13652420e+00
 -1.14779341e+00 -1.16080010e+00 -1.17514718e+00 -1.18734264e+00
 -1.19611084e+00 -1.20692444e+00 -1.21496844e+00 -1.22053838e+00
 -1.22586656e+00 -1.22731030e+00 -1.23011661e+00 -1.23017848e+00
 -1.22960389e+00 -1.22641039e+00 -1.22275984e+00 -1.21879351e+00
 -1.21316707e+00 -1.20211661e+00 -1.19313836e+00 -1.18374848e+00
 -1.17179561e+00 -1.15905154e+00 -1.14670753e+00 -1.13353908e+00
 -1.11672151e+00 -1.09432232e+00 -1.07489979e+00 -1.05826664e+00
 -1.03928590e+00 -1.01670754e+00 -9.91722167e-01 -9.68770742e-01
 -9.41807747e-01 -9.15265679e-01 -8.85805070e-01 -8.56700957e-01
 -8.26543927e-01 -7.95044422e-01 -7.61293173e-01 -7.27055311e-01
 -6.92086279e-01 -6.54899657e-01 -6.17361605e-01 -5.78091323e-01
 -5.37978232e-01 -4.99849945e-01 -4.57882911e-01 -4.14367497e-01
 -3.69945198e-01 -3.25341314e-01 -2.82424808e-01 -2.39140615e-01
 -1.93489298e-01 -1.46492496e-01 -1.00215346e-01 -5.22871837e-02
 -3.77630466e-03  4.51179259e-02  9.45988670e-02  1.43956244e-01
  1.92187488e-01  2.42118225e-01  2.91931897e-01  3.41494322e-01
  3.90897036e-01  4.38930809e-01  4.87884074e-01  5.37378967e-01
  5.86547494e-01  6.35063291e-01  6.84415519e-01  7.32932568e-01
  7.80585289e-01  8.28106463e-01  8.75643015e-01  9.23135936e-01
  9.68766510e-01  1.01382315e+00  1.05994821e+00  1.10517120e+00
  1.14840317e+00  1.19080901e+00  1.23341453e+00  1.27351546e+00
  1.30817175e+00  1.34783435e+00  1.38617051e+00  1.42034113e+00
  1.45666957e+00  1.48811233e+00]
