[ 1.45598686 -5.95110989 -3.68183899 -2.99034429  3.28440928  0.36185488]
[0.05909152 0.09058476 0.15065232 0.16386537 0.12184422 0.08472195]
[-0.00975369 -0.00497733 -0.03632556 -0.04379284 -0.01317111 -0.03171059
 -0.05365158]
[0.01745285 0.01188525 0.03212399 0.03941867 0.05500401 0.0365528
 0.03209458 0.0272739  0.01893105]
[ 8.73913616e-02  8.07115436e-02  9.75828916e-02  9.14604887e-02
  8.03850666e-02  6.30199611e-02  5.06877080e-02  5.52405566e-02
  6.16314337e-02  6.46173060e-02  7.83430561e-02  4.68790755e-02
  4.37750854e-02  4.11186293e-02  5.19942157e-02  4.31514345e-02
  2.49480046e-02  2.99135502e-02  5.17722033e-02  5.42318225e-02
  7.05518723e-02  6.94203302e-02  2.91422885e-02  1.65761579e-02
  4.17084154e-03 -2.52796593e-03 -7.05745677e-03 -9.46715372e-05
 -1.22561923e-03  3.15253227e-03 -3.28671676e-03  1.69651711e-03
  6.24366384e-03  4.34999121e-03  3.54505442e-02  4.23227325e-02]
[ 0.06129592  0.05491188  0.05934661  0.05028874  0.05779997  0.05867888
  0.07216418  0.07979501  0.07593063  0.07725272  0.0761951   0.06932762
  0.07200865  0.05531518  0.07170828  0.05687673  0.04250922  0.03879456
  0.03592097  0.05478432  0.07539376  0.07156575  0.06228166  0.05077042
  0.02509724  0.02650316  0.03048997  0.0254281   0.01403086  0.00265894
  0.00253686  0.00915689  0.00035839 -0.00211221  0.00813371  0.00570332
  0.00635427  0.01928295]
[ 0.05109848  0.04858761  0.05004278  0.06943164  0.06839875  0.0690162
  0.06631337  0.07019877  0.06334601  0.0598572   0.06836773  0.07132287
  0.05940026  0.05237766  0.02394679  0.02996035  0.04356122  0.05445689
  0.05191806  0.04066683  0.04630678  0.05317948  0.04667713  0.04083715
  0.03273344  0.01809197  0.02277282  0.02198544  0.02451214  0.02396102
  0.0144274   0.00465445  0.00771937  0.0095772   0.01897845  0.02214459
  0.00175451 -0.01791167 -0.01412381]
[0.05589356 0.06986029 0.080465   0.09352306 0.10218551 0.08326032
 0.1042112  0.10388865 0.1030063  0.10129292 0.08194505 0.08675727
 0.07161298 0.07050593 0.06831726 0.05247715 0.0565799  0.03681441
 0.04823627 0.04875743 0.06073072 0.05804959 0.0359615  0.03302437
 0.0670328  0.08868716 0.11575299 0.13318935 0.07811125 0.04047829
 0.01561866 0.01050185 0.01594973 0.01226818 0.01979094 0.03497525
 0.03014708 0.036452   0.02821856 0.00631516 0.0257719  0.03059004]
[-0.54937065 -0.8198995  -0.89934206 -0.92779052 -0.99490851 -0.96639812
 -1.02292502 -1.02291811 -0.93230242 -0.9127636  -0.86604065 -0.79295361
 -0.8198356  -0.72345805 -0.72262335 -0.67527777 -0.65746737 -0.64712524
 -0.59764552 -0.64845687 -0.66587228 -0.61225063 -0.40422854 -0.0663542
  0.16677541  0.39034763  0.61388361  0.75131857  0.79702938  0.79408658
  0.71399099  0.75356352  0.81318575  0.77575314  1.01704419  1.06337976
  1.13053954  1.1538341   1.15593827  1.26184404  1.31247103  1.30878079
  1.36704254  1.28261626  1.22336411  1.13932562  0.93525946  0.65085644
  0.12797183]
[ 0.28664851  0.33534536  0.36073691  0.37230316  0.37659273  0.37129387
  0.36266845  0.36338139  0.35350394  0.35176805  0.34493601  0.34421325
  0.34009722  0.34016693  0.33037981  0.32487518  0.31100619  0.30878413
  0.30391124  0.30091897  0.30016273  0.27679759  0.19664775  0.08767519
 -0.01636868 -0.08646052 -0.14214659 -0.18739623 -0.24283335 -0.27557683
 -0.27626452 -0.27239582 -0.28380308 -0.29665625 -0.30516377 -0.3124125
 -0.31356934 -0.3072587  -0.31795341 -0.31226695 -0.30343115 -0.29355577
 -0.27360982 -0.268327   -0.25870505 -0.25303626 -0.22777587 -0.18959637
 -0.17670989]
[ 0.05408201 -0.42932111 -0.7820155  -1.03690338 -0.89690292 -0.79481989
 -0.59239429 -0.45660633 -0.27694467 -0.16944475 -0.22935632 -0.27984169
 -0.23878263 -0.28866616 -0.29213572 -0.21800135 -0.26057646 -0.33132178
 -0.29430872 -0.31630436 -0.32444078 -0.4188703  -0.21450704 -0.4118866
 -0.44387081 -0.29755071 -0.35624048 -0.33827919 -0.16624568 -0.14442579
 -0.06927714  0.00873934  0.06133278 -0.06808391 -0.08918709 -0.04007331
  0.02241541  0.05036919  0.04688373 -0.00836803 -0.05613913  0.06488582
  0.16394304  0.41904932  0.61853665  0.58562362  0.47458008  0.48605227
  0.50822723  0.01210642  0.07260804  0.05294007 -0.34281957 -0.77324498
  1.59639943]
[ 6.7618413   2.20604372  0.18638343 -0.99539697 -1.51687407 -1.68666005
 -1.78965724 -1.85878336 -1.6014384  -1.01661336 -0.59916902 -0.28072557
 -0.4242774  -0.50087941 -0.50136793 -0.74562466 -0.87399518 -0.52116126
 -0.49868795 -0.33848482 -0.02606155 -0.27054691 -0.47803307 -0.82853281
 -0.42900613 -0.8217321  -0.63014364  0.03547414  0.24887738  0.05310882
  0.39676821  0.11572105  0.04794917  0.3005231  -0.15352832 -0.29441196
 -0.1230592   0.26794577  0.11581804  0.29144514  0.44037172  0.70606786
  0.50826102  0.49688184  0.87762469  1.61681437  1.63396752  1.68129182
  1.62132299  1.62217462  1.54267609  0.70062447  0.43982065 -0.01661604
 -0.88743335  0.0539693   0.96989918]
[-0.45249349 -0.36800334 -0.32600683 -0.29866055 -0.27579603 -0.25360885
 -0.25494415 -0.20962791 -0.19230299 -0.16486771 -0.1260248  -0.04548011
  0.02039058  0.1042724   0.19909257  0.25156718  0.29633528  0.24544676
  0.19806826  0.11882704  0.07569438  0.0241577  -0.02939519 -0.10396058
 -0.08068501 -0.07685494 -0.02627163  0.01206076  0.03844028  0.07437258
  0.10011847  0.08260404  0.08666154  0.11479532  0.1082307   0.09153071
  0.0826654   0.07175834  0.13072854  0.15268528  0.21072105  0.23794276
  0.23229218  0.24365968  0.25103796  0.22207539  0.22584862  0.22718027
  0.20205012  0.20290697  0.24128091  0.18581967  0.16523005  0.17112967
  0.19616327  0.19911923  0.25423199  0.28942779  0.32401657  0.31714174
  0.36364517  0.39919695  0.39830598]
[-0.38730809 -0.3507137  -0.3479645  -0.32041225 -0.29771522 -0.26529491
 -0.2071836  -0.13648303 -0.03446371  0.03447895  0.1395697   0.21609223
  0.28922999  0.30783892  0.27419993  0.19931118  0.08168115 -0.02269121
 -0.13120633 -0.18453167 -0.19730671 -0.15253    -0.10516821 -0.08378211
 -0.05474118 -0.01731913  0.0300086   0.03703246  0.04383481  0.07808167
  0.08740767  0.10997897  0.12489178  0.11639935  0.10696861  0.1189533
  0.09375834  0.09915474  0.12530179  0.23735332  0.30435517  0.32677692
  0.34800193  0.33478624  0.3416692   0.32886398  0.32571653  0.31175607
  0.29332134  0.28175452  0.28629595  0.26734138  0.23824514  0.22894186
  0.25998947  0.2855356   0.32669631  0.35461599  0.39261329  0.44007921
  0.53019869  0.58843374  0.63981456  0.64566642]
[-4.48315501e-01 -3.97559732e-01 -3.52427930e-01 -3.48718554e-01
 -3.31358671e-01 -3.04596215e-01 -2.61591017e-01 -2.21780837e-01
 -1.78992555e-01 -1.44645810e-01 -6.37951791e-02  1.37705545e-04
  1.15707211e-01  2.11061075e-01  2.84323633e-01  3.29985708e-01
  2.85283357e-01  2.10295632e-01  9.92694348e-02  1.02325086e-03
 -9.17273462e-02 -1.47241995e-01 -1.52271926e-01 -1.36971191e-01
 -9.12035853e-02 -7.27866665e-02 -3.71983945e-02  6.20604493e-03
  6.58795089e-02  7.90299401e-02  6.81931749e-02  9.20098498e-02
  1.12590499e-01  1.23474158e-01  1.35909110e-01  1.26984656e-01
  1.40507534e-01  1.39582410e-01  8.59311223e-02  6.94081038e-02
  8.36306810e-02  1.72443211e-01  2.57523894e-01  2.70402312e-01
  2.79393941e-01  2.88910121e-01  3.04847360e-01  2.68171281e-01
  2.62856424e-01  2.74337828e-01  2.54405528e-01  2.33899400e-01
  2.19250768e-01  2.06946641e-01  2.32574433e-01  2.41059959e-01
  2.88279057e-01  3.08130175e-01  3.41690302e-01  3.66633713e-01
  4.01002675e-01  4.21404302e-01  4.90420043e-01  5.33576965e-01
  6.00079298e-01  6.31408036e-01]
[-0.63149118 -0.47023061 -0.42909235 -0.41527957 -0.38315952 -0.35410917
 -0.33672383 -0.31275573 -0.28114951 -0.24954078 -0.21157248 -0.14142329
 -0.01272324  0.06514543  0.1621318   0.24166064  0.2920031   0.31937107
  0.26704904  0.19763169  0.10562671  0.00656332 -0.08549367 -0.15739194
 -0.16412105 -0.13684401 -0.0842884  -0.05306635  0.00178636  0.06034045
  0.11146892  0.10694864  0.0805318   0.09480903  0.12732895  0.11780769
  0.15276377  0.12829511  0.13462633  0.14056258  0.1076867   0.09935442
  0.13350825  0.21851277  0.30402675  0.30327037  0.32489184  0.31680399
  0.31873447  0.29799771  0.30498126  0.29948121  0.2560004   0.22312403
  0.25407007  0.26614285  0.30013293  0.30974171  0.36361447  0.37479597
  0.4050411   0.41738218  0.42207849  0.41813549  0.48656258  0.56216764
  0.66295409  0.71777284]
[-0.2323727   0.0966726   0.1573886  -0.35141212 -0.8420077  -0.88621247
 -0.63861597 -0.47699699 -0.6299451  -0.457816   -1.19381618 -0.82761937
 -1.20403278 -2.58093882 -2.34558582 -2.0959096  -1.00205827 -0.0857719
  0.41323712  0.70388067  0.75484705  0.72949469  0.50570899  0.21223937
 -0.10892108 -0.31823006 -0.3485336  -0.20986146  0.08314284  0.46956408
  0.78254873  1.13624036  1.43792248  1.73962712  1.95098495  2.05936408
  2.139925    2.03484035  1.81947064  1.33278155  0.64772224 -0.21557705
 -0.88096189 -1.19252181 -1.16478395 -0.95314974 -0.48688316 -0.26346213
 -0.10034859  0.04264921  0.13642886  0.04168992  0.06489476  0.10300034
  0.11538319  0.10967964  0.08030878  0.12127238  0.05505658  0.06093714
  0.04317986  0.00887782  0.0215634   0.09401368 -0.0197988   0.05226597
 -0.00831992  0.15936807  0.3728835   0.34549665]
[-1.00398374 -0.93526834 -0.84808713 -0.66227067 -0.41136456 -0.21157147
 -0.07198413  0.01861364  0.09421093  0.12110934  0.17812535  0.23260617
  0.30088779  0.37553188  0.46755028  0.56167579  0.66035587  0.74497813
  0.81996751  0.85556012  0.85567057  0.83170521  0.75592506  0.6611411
  0.53890234  0.45922107  0.40912259  0.41566074  0.42200527  0.42430598
  0.39581946  0.32522351  0.24148661  0.16982283  0.09031777  0.01701944
 -0.02361702 -0.03727179 -0.05526456 -0.05911107 -0.06759921 -0.06190052
 -0.02679815  0.0606021   0.11635935  0.01040146 -0.1952792  -0.41398606
 -0.57822883 -0.65220177 -0.7168873  -0.79125214 -0.82089972 -0.77917624
 -0.67356765 -0.54904902 -0.4609198  -0.35576555 -0.25588787 -0.16500142
 -0.11094178 -0.06435114 -0.03224525 -0.01348961 -0.00104767  0.03484203
  0.06636297  0.12930545  0.22862493  0.26392341]
[-0.25437397 -0.18453233 -0.07998403  0.15401517  0.15412024  0.22383252
  0.35148069  0.78720868  1.22367871  1.33399439  1.37662482  1.14163876
  1.00619674  0.9622705   0.7123363   0.29928562 -0.46382418 -0.83901983
 -0.88091505 -0.37183046 -0.1766046  -0.30837896 -0.66349667  0.08629578
 -1.28603745 -0.93803769 -1.41580355 -2.84684229 -2.70500946 -2.5469017
 -1.4576956  -0.67118174 -0.36004323 -0.16984674 -0.13523363  0.05500487
 -0.12234912  0.25324619  0.1842507   0.37373212  0.72656506  0.65990067
  0.72187692  1.03665507  1.07890558  1.45187879  1.79400325  2.17925978
  2.31379223  2.4803412   2.63478231  2.44783211  1.96408081  0.90620017
  0.03157363 -0.8814097  -1.46318495 -1.92393053 -1.78556204 -1.30306089
 -0.60163462 -0.18518956  0.31623405  0.50726014  0.30323279  0.31553769
  0.23201588  0.22678755  0.10126022 -0.15826742]
[-0.10732067  0.00225315  0.12751724  0.235466    0.38002115  0.5139184
  0.70170569  1.03326595  1.31039298  1.53896797  1.71934831  1.81833041
  1.60691953  1.37856102  0.84717667  0.2761797  -0.28985608 -0.82000208
 -1.19332933 -1.2719841  -1.15638602 -0.95043766 -0.5754354  -0.36219254
 -0.22885554 -0.15528682 -0.15058638  0.09517538  0.16784865 -0.16635661
 -0.43474406 -0.67126095 -0.41608316 -0.10145271 -0.10411298 -0.42293382
  0.09288311 -0.5197978  -0.54426306 -0.61839247 -1.11232543 -0.73448318
 -0.73426163 -0.50958562 -0.57206023 -0.69598716 -0.47511822 -0.30558425
 -0.14961781 -0.06181655  0.10379886  0.17466903  0.22714651  0.31527776
  0.46437135  0.4958086   0.64112133  0.78344572  1.22275651  1.40867364
  1.61973274  1.72696543  1.89620399  1.90528953  1.65157342  1.4712199
  1.25803649  0.75007337  0.10195191 -0.42200285]
[ 1.04267240e-01  1.16891190e-01  1.23251624e-01  8.68070275e-02
  8.52723792e-02  9.41600502e-02  5.69175221e-02  2.95788031e-02
 -1.00752395e-02  2.47504730e-02 -1.18213128e-02  9.67207248e-04
  4.54923691e-04 -1.20314239e-02 -3.91950458e-02 -2.85377484e-02
 -1.70544889e-02 -3.79916243e-02 -2.06141397e-02 -2.54538450e-02
 -1.19996350e-02  4.27177362e-02  2.98511032e-02  4.44575362e-02
  1.41928149e-02  3.25762033e-02 -3.92455328e-03 -1.07094748e-02
  2.54364568e-03 -9.58334934e-03 -2.21711695e-02 -1.13368973e-01
  1.27265742e-02  5.41184284e-02  2.96356492e-02 -1.28666982e-02
 -9.55604091e-02  6.31354097e-03  4.77356762e-02  7.76835307e-02
  2.07612291e-02 -1.53884396e-01 -4.38892990e-01 -7.59852052e-01
 -9.43666220e-01 -8.80124032e-01 -8.96809697e-01 -9.24464107e-01
 -9.60430682e-01 -1.47958422e+00 -1.20273626e+00 -1.99982417e+00
 -2.61666226e+00 -2.28105044e+00 -2.00620794e+00 -1.29456067e+00
 -8.62460494e-01 -6.19356275e-01 -4.19570535e-01 -2.32496917e-01
 -7.48406127e-02  3.93916061e-03  1.74808398e-01  2.61978835e-01
  3.50436449e-01  4.52943742e-01  6.08231783e-01  7.69252837e-01
  9.68181968e-01  1.12176991e+00  1.40190947e+00  1.64185023e+00
  1.88954222e+00  2.00800753e+00  2.10096216e+00  2.05518174e+00
  1.86382985e+00  1.59352350e+00  1.08356607e+00  5.45190632e-01
 -1.38082672e-02 -4.20578957e-01 -5.21704555e-01 -4.42846298e-01
 -2.47334331e-01 -8.89727399e-02  2.96264198e-02  7.19041899e-02
  9.71607044e-02  6.64447844e-02  4.07889523e-02  6.02505356e-02
  5.49715385e-02  6.54207319e-02  5.71592227e-02  1.44865848e-02
  4.14953120e-02 -3.81284137e-03 -2.27344129e-02 -1.64316818e-02
 -7.38908052e-02 -1.42026311e-02 -3.60593982e-02 -5.77364415e-02
  1.86748523e-02 -6.03877790e-02 -5.17047942e-02 -3.25560383e-02
 -6.58693016e-02 -8.10090601e-02 -5.34204617e-02 -5.44635206e-02
 -6.15932047e-02 -7.37874284e-02 -2.56520864e-02 -7.60423094e-02
 -6.22720793e-02 -3.27991135e-02 -4.15527113e-02 -8.25678185e-02
 -4.26391512e-02 -2.21474860e-02  9.94963720e-02  2.00032324e-01]
