[ 0.01320198 -0.02064265  0.00114169  0.02333369]
[ 0.00816456 -0.00627349  0.0090577   0.0119018   0.02711551  0.03121155
  0.03814721]
[-0.00060404  0.00186382 -0.00272173  0.01406188 -0.00333814 -0.02225586
 -0.01973224 -0.03287877 -0.04979248 -0.06742443]
[ 0.08036571  0.09878278  0.09637908  0.09508131  0.08688872  0.10388052
  0.11860466  0.09802373  0.11518358  0.07972273  0.11701469  0.13934293
  0.11471697  0.087772    0.11176316  0.0589497   0.09873849  0.08258697
  0.11775842  0.19729994  0.13995437  0.08409499  0.04786371  0.01095543
 -0.01578006 -0.06921314 -0.04015788  0.01990098 -0.04005943 -0.02245292
 -0.00571572 -0.00555454  0.00297353  0.0269758 ]
[ 0.04630809  0.07521638  0.05745019  0.05602378  0.07333241  0.07648796
  0.08015896  0.08981342  0.11088485  0.11423547  0.10180819  0.12129831
  0.08953228  0.08226071  0.12997742  0.07149539  0.06631026  0.04586031
  0.04732543  0.09607331  0.11964322  0.14435585  0.20666295  0.13964099
  0.03728638 -0.0078241  -0.00953322  0.01128887 -0.03803039 -0.01606592
  0.00485491  0.00678654 -0.01021742  0.02525101  0.00889346]
[ 0.35219255  0.28052247  0.28098932  0.28504977  0.2872763   0.29026881
  0.2917974   0.32311961  0.29917714  0.29442707  0.31177542  0.32044616
  0.33505249  0.3149187   0.27559382  0.21086548  0.15513529  0.09671192
  0.00234109 -0.06106644 -0.13541205 -0.15905443 -0.14954861 -0.14680643
 -0.17798562 -0.14689478 -0.13486926 -0.15991421 -0.18413882 -0.23520407
 -0.20629652 -0.21985613 -0.19249879 -0.22538014 -0.21010648 -0.22748454
 -0.19942254 -0.20734486]
[-2.21940041  0.84597605  1.26019883  0.56789947  1.02856529  1.43382406
  0.58617538 -0.01987359 -0.59593868 -1.38084269 -1.08454359 -0.67671353
 -0.92045772 -0.88258439 -0.83035922 -0.86389256 -0.46466392 -0.69273794
 -0.74494624 -0.55476379 -0.48229989 -0.2219805   0.74368143  1.14382112
  2.57254052  3.6580174   5.60966635  6.81189919  7.21574879  6.07712078
  4.39817095  2.50883055  1.20984924  0.42165947 -0.04849475 -0.17908858
 -0.12987001 -0.2393239 ]
[ 0.01703135  0.05126182  0.08008381  0.06889831  0.08949663  0.1008524
  0.10741341  0.10861208  0.07160176  0.07835922  0.08178038  0.08523878
  0.09797945  0.06134165  0.06138355  0.11394396  0.09565325  0.07186952
  0.05431158  0.06229249  0.07108945  0.08671926  0.07905994  0.08180746
  0.10218061  0.1010234   0.05282164  0.07751388  0.11799756  0.07135866
  0.09225611  0.07481827  0.12160806  0.21483515  0.2024788   0.17627543
  0.1589416   0.13934335  0.09360292  0.00654438  0.04086568  0.02547542
 -0.0069     -0.04049746 -0.00514792 -0.00341321  0.01754308  0.08953263
  0.17419897]
[-0.28013104 -0.36837977 -0.37245575 -0.28178853 -0.17725325 -0.08558093
 -0.02033452  0.01201603  0.05307591  0.03551041  0.03040515  0.03569847
  0.04727152  0.03686381  0.07123287  0.03207481  0.02399044 -0.0015463
  0.00352558 -0.0048503  -0.02743788  0.02481571  0.00356771 -0.02122527
  0.02490859  0.00827717  0.00911583  0.03646469  0.0158547   0.02409492
  0.05962984  0.03477162 -0.04604457 -0.06555425 -0.03830453 -0.03715855
  0.02942497 -0.01400673 -0.05699455 -0.0906707  -0.01643573  0.01844774
  0.15095203  0.20481692  0.25342569  0.16483442  0.12704208  0.09127317
 -0.04639383 -0.09298555 -0.11578184 -0.18445498 -0.29312974 -0.08623885]
[-6.20098948e-01 -7.56500304e-01 -1.01849067e+00 -1.01069927e+00
 -7.67327130e-01 -5.31416178e-01 -3.15317482e-01 -1.84991658e-01
 -1.16650201e-01 -1.91271827e-02 -5.84254526e-02  1.52040226e-02
 -1.45776998e-02  1.92184616e-02 -7.00137615e-02  2.19057518e-04
 -7.55476058e-02 -1.31615639e-01 -1.73669338e-01 -2.21512616e-01
 -1.93986788e-01 -2.55033970e-01 -1.13822468e-01 -2.58910865e-01
 -2.84104675e-01 -1.68009251e-01 -2.30215505e-01 -2.07598656e-01
 -6.53416589e-02 -8.65442306e-02 -7.74190668e-03  5.42948432e-02
  3.34057137e-02 -5.70400655e-02 -4.18446809e-02  1.16304569e-01
  2.29812097e-02  3.44271213e-02 -1.66868612e-01 -2.24471718e-01
 -1.90838516e-01 -6.00808021e-03  8.75925571e-02  3.07717711e-01
  5.25542378e-01  5.01105368e-01  3.29258353e-01  2.82139242e-01
  2.28283763e-01 -1.38333350e-01 -1.82541117e-01 -1.29237726e-01
 -2.78654337e-01 -3.76564980e-01  4.06050265e-01]
[ 0.5426175   0.40476689 -0.29607177 -0.70227218 -0.80033511 -0.64247805
 -0.38699469 -0.15300803  0.0029649   0.09900061  0.12120537  0.15990858
  0.05247869  0.05695393  0.07245939 -0.00480556  0.09661295 -0.0324095
 -0.07346272 -0.11773547 -0.04785389 -0.08714192 -0.18974893 -0.12939166
 -0.21978539 -0.2349764  -0.1197612  -0.00649101  0.15465149  0.38677225
  0.37981671  0.43045291  0.55798966  0.52903497  0.21586694  0.3491725
  0.48746979  0.38252249  0.36113337  0.23254216  0.45441297  0.49095881
  0.60991341  0.71994913  1.16859651  1.37211156  1.31780505  1.07455564
  1.04013264  0.88044447  0.4306868   0.40785292  0.14850429 -0.44684207
  0.68458545  0.15271181]
[ 0.10337295  0.14427504  0.14035256  0.14371791  0.15672049  0.1277218
  0.16822337  0.06658269  0.09297022  0.07687946  0.10966766  0.15928161
  0.18750598  0.19330782  0.16505674  0.15493824  0.18000981  0.14880529
  0.09881741  0.03834529  0.03470255  0.02375693 -0.00687314 -0.05076111
 -0.00795991  0.10010537  0.17049988  0.02507477 -0.34573039 -0.67319047
 -0.71080875 -0.79786235 -0.87256926 -0.87527394 -0.90173501 -0.93715185
 -0.89493293 -0.79653394 -0.85742313 -1.16815472 -1.22635031 -0.97914052
 -0.60864776 -0.20608449 -0.00294214  0.14168149  0.23235068  0.27426887
  0.34266531  0.41880593  0.52794439  0.62465662  0.6937772   0.85380924
  0.96033317  1.12556553  1.32086647  1.42978239  1.58327055  1.77575135
  1.84907675  1.70951462  1.43670344]
[-1.26034677 -0.69404024 -0.28968647 -0.06164114  0.07513553  0.16904208
  0.23261477  0.28292099  0.3014631   0.35498872  0.36862385  0.39668015
  0.43539342  0.4409804   0.43239701  0.38322487  0.35752407  0.34232256
  0.29657984  0.27859113  0.29456192  0.3603164   0.4350915   0.44292736
  0.36126444  0.27961236  0.17251626  0.13691443  0.1356878   0.16164948
  0.17588016  0.15266338  0.08186992  0.05876268  0.00838001 -0.01747515
 -0.00503889  0.03822955  0.09476538  0.14051923  0.07275687 -0.02601664
 -0.17372559 -0.25347951 -0.30232805 -0.35164985 -0.35108361 -0.33275631
 -0.35451365 -0.34463784 -0.33087766 -0.33214393 -0.36614153 -0.35492364
 -0.29916781 -0.20224316 -0.16250955 -0.02895736  0.02592134  0.11469842
  0.16658773  0.25424045  0.27294448]
[-0.05486995 -0.07116779 -0.13577034 -0.19940123 -0.23944299 -0.25943744
 -0.26598865 -0.26465157 -0.28144795 -0.29609543 -0.29825634 -0.28860259
 -0.21687387 -0.05552559  0.03957581 -0.07991784 -0.47983554 -0.92737406
 -1.03046238 -1.61493611 -2.42741799 -2.70330286 -2.26640058 -1.84473383
 -1.47961986 -1.39768827 -1.42559397 -1.35252619 -1.00601685 -0.60555112
 -0.30435461 -0.07056641  0.05021529  0.10960913  0.19202523  0.24897908
  0.32836479  0.43469131  0.5223121   0.66737157  0.81238264  0.99110889
  1.16990268  1.36703098  1.55039775  1.72395658  1.83323371  1.89571607
  1.90996277  1.85136807  1.75388098  1.61561728  1.4467622   1.24393225
  1.0213517   0.81918609  0.60334408  0.43265155  0.26109058  0.13816492
  0.0757706   0.04479079  0.01955749]
[-0.28577    -0.20009865 -0.74286389 -1.04919851 -0.52025956 -0.28647223
 -0.29880399 -0.23851462 -0.33218095 -0.4971658  -0.47734079 -0.55944794
 -0.75487506 -1.00256753 -1.33695412 -1.39706266 -1.24372256 -1.2149663
 -1.23118579 -1.11457968 -1.08252919 -0.88660973 -0.47219518 -0.10495631
  0.74937713  1.63913691  2.69295096  3.34646082  3.58253598  3.18129754
  2.61494732  2.11759734  1.87399554  1.86023736  1.85281801  1.71860647
  1.5263499   1.22100782  0.9335801   0.651604    0.49225387  0.34792632
  0.31304076  0.23497674  0.08601536 -0.04034086  0.01041908 -0.21054757
 -0.30297118 -0.38565478 -0.5069952  -0.58347273 -0.49764869 -0.66223454
 -0.5655303  -0.55561763 -0.65798062 -0.73733336 -0.58914942 -0.60048264
 -0.73634684 -0.69706994 -0.76607376]
[-1.14674842 -0.56224662 -0.19624752 -0.15358938 -0.19916619 -0.1659001
 -0.1190153  -0.19662617 -0.13720869 -0.14440811 -0.07810725 -0.04881472
  0.05205768  0.16151121  0.21389915  0.33562428  0.43959236  0.45639533
  0.48558018  0.34886098  0.13757126 -0.04282765 -0.08656758 -0.19696045
 -0.2093876  -0.31061059 -0.23372646 -0.14253373 -0.01286802  0.16632691
  0.2722185   0.26837605  0.28917569  0.24833547  0.29792136  0.2867879
  0.4344807   0.52576905  0.52635872  0.3685188   0.37744623  0.40501294
  0.55040252  0.61666399  0.82482815  0.81534302  0.97286242  0.89901894
  0.91469383  0.94550574  0.85815352  0.78166401  0.81749254  0.73514903
  0.75673944  0.71048123  0.83735847  0.81526887  0.81129265  0.86832237
  0.88871574  0.87750286  0.96455693  0.9070608   1.07764816  1.32356775
  1.58041716  1.76175046  1.44360673  1.02590394  0.62580478]
[ 0.00766998  0.01580676  0.01805952  0.01133803  0.03865963  0.01068958
  0.00577923 -0.01296936  0.01197688 -0.07304436 -0.07471208 -0.10813404
 -0.15306634 -0.25573447 -0.35348713 -0.34043506 -0.32302439 -0.37460285
 -0.37997577 -0.32730648 -0.27855048 -0.26610589 -0.24616762 -0.25139895
 -0.28541499 -0.36767375 -0.4864603  -0.6823864  -0.77772188 -0.81061518
 -0.80147195 -0.96154428 -0.94218558 -1.01107872 -1.00894308 -1.52247095
 -1.32038462 -1.09543884 -0.62410706 -0.25501859 -0.04529721  0.02300693
  0.0707643   0.08142267  0.11599916  0.18675464  0.21568419  0.1774286
  0.20778054  0.21124601  0.21146162  0.20503826  0.21391332  0.29874286
  0.44212514  0.55875522  0.64504558  0.72027469  0.72391737  0.69945538
  0.60936677  0.36043382  0.1372683  -0.09399217 -0.18979757 -0.11882301
  0.04432584  0.23308803  0.39055741  0.48342708  0.53588623  0.57669735
  0.57804298  0.55655152  0.53591746  0.53908157  0.53002638  0.49991456
  0.42780784  0.39695013  0.3683404   0.32087862  0.25398138  0.19363141
  0.21071637  0.15105037  0.12363366  0.15034083  0.10606094  0.09099875
  0.0630997   0.05039239  0.03692968  0.05613657]
[ 0.0207826   0.0111047   0.02787294  0.03156262  0.02220318  0.02280775
  0.01557649  0.02103187  0.02567448 -0.00562518 -0.0133098  -0.01824569
 -0.05263517 -0.08222047 -0.08898377 -0.07706138 -0.02289465 -0.01899645
 -0.04339875 -0.00648362 -0.09709112 -0.18418781 -0.24881268 -0.32220799
 -0.31369746 -0.35213187 -0.40324646 -0.41968754 -0.43447068 -0.49081099
 -0.60232127 -0.73546404 -0.81662858 -0.86438584 -0.84237432 -0.95139885
 -0.90003383 -0.87929219 -1.21523929 -1.07150602 -1.04521251 -0.85485494
 -0.52486998 -0.29242754 -0.23229294 -0.21097821 -0.17353442 -0.13616291
 -0.0592651   0.00217403  0.00327008  0.03573769  0.06122483  0.13820615
  0.28289625  0.38606057  0.47760311  0.59091073  0.70027244  0.78832549
  0.86075997  0.88865149  0.87583393  0.82113308  0.71030241  0.56219
  0.38229257  0.26201406  0.23510587  0.30366299  0.40735552  0.52295339
  0.58699453  0.62237054  0.62569797  0.61817157  0.5911324   0.54912746
  0.53523755  0.47386998  0.4403255   0.36556605  0.29802331  0.23958786
  0.18318473  0.13961047  0.07305329  0.04824155  0.02968526  0.00323236
  0.00642074  0.00593171 -0.00701085  0.00625979 -0.01211829 -0.02259002
 -0.02128828 -0.01679194 -0.03798087 -0.04023328 -0.0375215  -0.06245465
 -0.05307404]
[ 0.08607246  0.04033967  0.06171389 -0.02828499  0.01849494 -0.0191435
  0.00776363  0.01223104  0.02558498  0.00390842 -0.00520317  0.01487429
  0.02627862  0.02523592  0.06225006  0.03458491  0.08297544  0.06501901
  0.04984279  0.02279376  0.04514277 -0.03921679 -0.0741387  -0.12932599
 -0.06073027 -0.01204568 -0.0511213  -0.10637316  0.01927326  0.04320708
  0.02581536 -0.04095292 -0.12235458 -0.1374618  -0.21105599 -0.31499022
 -0.40609851 -0.51751471 -0.59996331 -0.82702273 -0.95902067 -1.0750283
 -1.18080461 -1.26392579 -1.52673185 -1.49962282 -1.45511794 -2.41646218
 -1.98724556 -1.97772706 -1.64019644 -1.17103493 -0.80352873 -0.65617394
 -0.43974546 -0.25569367 -0.11004515  0.12180367  0.33049741  0.42969874
  0.59433931  0.71142447  0.82075733  0.98231435  1.05438006  1.12990522
  1.25574088  1.34965789  1.35660326  1.37072766  1.32194746  1.18046463
  1.06173289  0.78818882  0.55267709  0.18838614 -0.00253479 -0.03757503
  0.08454415  0.25240591  0.39736825  0.47867528  0.49879473  0.44995731
  0.38339591  0.29137272  0.23826464  0.20128851  0.13761233  0.11751957
  0.07996036  0.05133921  0.02423114  0.00921286  0.0578317  -0.01626178
  0.04451871  0.03227695  0.04380817  0.0958843   0.06893739  0.05541401
  0.09802405  0.0658875   0.0398096   0.03673353  0.09898336  0.034407
  0.03625805  0.06070023  0.0143394   0.04086928  0.04722055  0.06813391
  0.0053881 ]
[ 4.60454077e-02  3.21603306e-02  1.76560339e-02  1.70568638e-02
  3.31956055e-03  5.68753993e-03 -2.10150518e-03 -3.07855802e-03
 -8.05665459e-03 -1.13902790e-02 -1.56953894e-02 -1.85859054e-02
 -2.18030009e-02 -2.08662804e-02 -2.56546531e-02 -2.52368078e-02
 -2.33751554e-02 -1.30792866e-02 -8.64413008e-03 -1.92196912e-03
 -2.29764148e-04  9.42283217e-03  3.72818043e-03 -6.41499832e-03
 -1.76659673e-02 -1.23729128e-02 -2.05800906e-02 -3.64798568e-02
 -4.87044789e-02 -5.01254722e-02 -6.19133376e-02 -8.17622393e-02
 -9.27571654e-02 -9.64521244e-02 -8.40362757e-02 -5.41052893e-02
 -6.53096940e-03  2.05518398e-02 -4.39944938e-02 -2.06832781e-01
 -4.45799351e-01 -6.92676544e-01 -8.45067739e-01 -1.04669368e+00
 -1.19434309e+00 -1.15393591e+00 -1.19665563e+00 -1.35261869e+00
 -1.49961174e+00 -1.37545705e+00 -1.22319448e+00 -1.09886801e+00
 -1.04850972e+00 -1.00273156e+00 -8.84422958e-01 -7.00396776e-01
 -5.25255859e-01 -3.51222903e-01 -1.71291396e-01 -5.47143118e-03
  1.34070501e-01  2.51239747e-01  3.46977383e-01  4.43809479e-01
  5.48924327e-01  6.53418362e-01  7.74054945e-01  9.02467072e-01
  1.03332841e+00  1.16515875e+00  1.27345955e+00  1.37446856e+00
  1.44061577e+00  1.47598517e+00  1.45912659e+00  1.39216244e+00
  1.27093506e+00  1.14011037e+00  1.02089763e+00  9.25676823e-01
  8.37605000e-01  7.47392654e-01  6.47481322e-01  5.37495315e-01
  4.20856595e-01  3.14211696e-01  2.15602666e-01  1.38024911e-01
  8.32495540e-02  4.31478433e-02  1.61065105e-02  7.31120468e-04
 -1.14159109e-02 -1.74574368e-02 -2.64012031e-02 -2.50563808e-02
 -3.33352759e-02 -3.19627188e-02 -4.33452278e-02 -4.59824540e-02
 -5.21834120e-02 -6.22271560e-02 -7.31242001e-02 -8.04615393e-02
 -9.75167453e-02 -1.11312531e-01 -1.14448637e-01 -1.32366359e-01
 -1.44965008e-01 -1.48876637e-01 -1.52721435e-01 -1.63968995e-01
 -1.60310552e-01 -1.64018765e-01 -1.66805461e-01 -1.77815527e-01
 -1.78954095e-01 -1.80364445e-01 -1.65102303e-01 -1.57803282e-01
 -1.61266774e-01 -1.70640469e-01]
[ 0.05264558  0.09860113  0.06988593  0.04683367  0.06311613  0.09097945
  0.04872055  0.04581967 -0.04452836  0.03257016 -0.05479037  0.03317574
  0.01640538  0.01411842 -0.01166203 -0.01885058  0.04010584 -0.00923203
  0.00594454  0.05387009  0.03135332  0.13581406  0.07537902  0.10884429
  0.06364128  0.10240015 -0.00554946 -0.08662277 -0.07846984  0.02513027
  0.03263515 -0.15426725 -0.07491746 -0.04217707 -0.07923286 -0.10820128
 -0.141734    0.06918     0.1939133   0.26374984  0.21505083  0.03127413
 -0.19384448 -0.42502227 -0.96428257 -1.37277508 -1.44756413 -1.6696192
 -2.04140377 -2.21428823 -2.04533601 -2.97742534 -3.40436125 -3.1461277
 -2.79606724 -1.85634959 -1.06218064 -0.50695741 -0.26085591 -0.01639058
  0.13326673  0.20258109  0.40752345  0.45893696  0.49409109  0.57212341
  0.70981985  0.86301661  1.06809068  1.16657138  1.38418603  1.58003891
  1.80399334  1.84877765  1.92467427  1.84994578  1.63989174  1.42516994
  0.9558351   0.49276188 -0.01140442 -0.33087903 -0.36622894 -0.21533969
 -0.01359783  0.10518686  0.21343246  0.2104926   0.21146008  0.15507236
  0.1250461   0.13503364  0.13321328  0.11680719  0.14211161  0.09033221
  0.10664358  0.05878634  0.08065367  0.09791175  0.01372374  0.12262032
  0.09377237  0.09376448  0.17438272  0.12031709  0.11951898  0.16942069
  0.08393246  0.06593997  0.14253646  0.12325459  0.11211962  0.08431323
  0.13935405  0.08882038  0.13925917  0.14635232  0.135837    0.08168488
  0.16256556  0.19363831  0.39707786  0.51083612]
