[ 3.864645   -5.77159214 -3.31351185 -3.77087426  1.07419944  1.26729417
  0.74171364  0.63870138  0.570907  ]
[1.06691349 1.18875277 1.2940855  1.30763352 1.36496842 1.43873978
 1.17384815 0.92715001 0.63404858]
[-8.26171562e-02 -5.79290874e-02 -2.16261744e-02 -1.46268329e-04
  4.70212242e-03 -4.30265851e-02 -9.77178365e-02 -1.55575991e-01
 -1.78788289e-01]
[-0.14282757 -0.15531017 -0.1761791  -0.20239609 -0.21635175 -0.21191639
 -0.21148114 -0.20821688 -0.21795557 -0.2141436  -0.21409465 -0.23015036
 -0.21147302]
[0.81883383 0.90996552 1.10157764 1.18604136 1.18524432 1.19026577
 1.13376975 1.10403752 0.94858575 0.82372165 0.70227271 0.5832507
 0.36409885]
[ 0.06236792  0.0547134   0.05014713  0.04751328  0.05235552  0.04307109
  0.040668    0.03445169  0.03113068  0.04285331  0.05561183  0.06450899
  0.05948753  0.04770201  0.06084323  0.0648326   0.06331407  0.04745362
  0.03280011  0.03229897  0.03090469  0.03465727  0.0450708   0.04096196
  0.04307755  0.05043155  0.06337993  0.06785383  0.06053905  0.05563387
  0.04987994  0.04483527  0.04231309  0.04462359  0.04329971  0.04394788
  0.03768618  0.03179691  0.02642833  0.02096118  0.01667878  0.01720337
  0.00495285 -0.00090665 -0.00019943  0.00809716  0.0203152   0.01973282]
[ 0.03499552  0.0470811   0.06297738  0.06008076  0.06958497  0.06370817
  0.05397661  0.05477846  0.05121522  0.05178283  0.04865609  0.04102024
  0.05264699  0.05146605  0.06201641  0.07708289  0.07276475  0.06519625
  0.06038184  0.05965752  0.06620609  0.06874315  0.06404526  0.06413978
  0.0763211   0.08391576  0.07134325  0.07554708  0.08154234  0.05594208
  0.05630969  0.05662889  0.07054862  0.08563381  0.06631556  0.05246809
  0.04999755  0.04655628  0.03735872 -0.00049654  0.00664427  0.007742
  0.00870107  0.0044668  -0.00734183 -0.0094576   0.00983726  0.02782203
  0.03291136]
[ 0.13292377  0.09800982 -0.1132676  -0.20853645 -0.18994774 -0.07516459
  0.02616861  0.09977469  0.13755859  0.14489314  0.12566662  0.10651701
  0.04522751  0.05006612  0.05019818  0.06146663  0.09161868  0.08436486
  0.08873291  0.09052161  0.08493696  0.06686471  0.06276544  0.04219979
 -0.01413318 -0.02314073  0.07459919  0.16528052  0.25268891  0.25960809
  0.14809684  0.02512951 -0.05693641 -0.14521414 -0.24926709 -0.2769601
 -0.26481649 -0.34794253 -0.37213334 -0.3726733  -0.31431136 -0.32100984
 -0.27745184 -0.26246274 -0.14645627 -0.06663747 -0.06167263 -0.13111289
 -0.1135406  -0.08638201 -0.19528611 -0.20003471 -0.30724281 -0.4013924
  0.03035339 -0.47651568]
[ 0.92681724  0.66324884  0.13894127 -0.37607351 -0.89783138 -1.10904634
 -1.16716444 -1.07158566 -0.87173265 -0.68142915 -0.55611968 -0.5522275
 -0.63843852 -0.57076156 -0.5438183  -0.46016631 -0.30158183 -0.32274649
 -0.25081706 -0.2318528  -0.30852965 -0.39226469 -0.40694654 -0.34152046
 -0.54666209 -0.60517204 -0.47326252 -0.39195365 -0.45974547 -0.1263113
  0.14636955  0.46777579  0.80110276  0.80744267  0.76951492  0.89926618
  1.09862792  1.09727108  1.04308534  1.02843642  1.13692355  1.08384144
  1.10511732  1.0770551   1.33008265  1.36560285  1.37671673  1.2222991
  1.27413881  1.25423014  0.93513262  0.84846115  0.5320971  -0.20751841
  1.66656613  1.25963116]
[ 1.70914876  0.54407877  0.04856955 -0.39139998 -0.71331435 -0.7990244
 -0.75448722 -0.6050002  -0.45673436 -0.28090975 -0.1387506  -0.06938349
 -0.14095771 -0.16317931 -0.18804957 -0.19927569 -0.25943473 -0.20784925
 -0.24681745 -0.27438533 -0.20434055 -0.22796148 -0.2383057  -0.33982792
 -0.25893608 -0.37409088 -0.28140834 -0.02729162  0.10608386  0.16264454
  0.29080558  0.20004807  0.21865988  0.32600686  0.20107299  0.14169638
  0.21446557  0.28015721  0.20127988  0.26042691  0.26762986  0.35079134
  0.3088094   0.34487745  0.45915931  0.69236016  0.76030362  0.76090127
  0.67632985  0.6381622   0.62197965  0.34700179  0.1828621  -0.08231305
 -0.13093495  0.4474034   0.85102481]
[-0.44462663 -0.34213299 -0.28948697 -0.26874086 -0.28050086 -0.25542414
 -0.15593253 -0.05563135  0.07988779  0.14999805  0.23487902  0.29511848
  0.34797001  0.36043766  0.3788209   0.39359039  0.38883391  0.388468
  0.35469112  0.33790681  0.33035946  0.31800827  0.29846418  0.25511244
  0.2207119   0.18978909  0.18444611  0.22132491  0.30030715  0.35938579
  0.32960939  0.21698469  0.07053545 -0.04295811 -0.12732686 -0.22072947
 -0.25206354 -0.29910144 -0.31402096 -0.34555885 -0.3585299  -0.34762037
 -0.29736686 -0.30693969 -0.28186578 -0.28945503 -0.28394035 -0.26496682
 -0.26433027 -0.25105336 -0.24136882 -0.27569547 -0.2808004  -0.22347249
 -0.14246534 -0.07009301  0.02251157  0.09957261  0.1814272   0.23556568
  0.321006    0.36631802]
[ 1.58104324  1.76719534  1.93445373  1.9945879   1.79813588  1.37487328
  0.45595133 -0.2890743  -0.95716834 -1.26092184 -1.27620292 -1.18967724
 -1.14047098 -1.11479068 -1.04541767 -1.0804522  -0.68886244 -1.1041379
 -1.06028962 -0.96917319 -1.27166653 -1.11328924 -0.88681322 -0.82377326
 -0.67661065 -0.59176737 -0.58698374 -0.65585315 -0.78599757 -0.63838518
 -0.69173503 -0.47245327 -0.08639605  0.14113763  0.15140368  0.33721909
  0.34997967  0.48015147  0.64667004  0.62412775  0.6690138   0.78457767
  0.93645996  0.99757528  0.96141416  0.93484384  0.79591131  0.4209539
  0.1327996  -0.03660013  0.20542453  0.50248361  0.81729281  0.9083038
  1.02179253  1.11386454  0.74220848  0.66171432  0.57001621  0.35807258
  0.23912956  0.11137906]
[ 0.15664311  0.12962165 -0.0600225   0.20657632  0.31875047  0.27490434
  0.12170468 -0.17258389 -0.02153102 -0.11074558 -0.04056112  0.01605444
  0.01282635  0.01740901  0.26815394  0.3619417   0.26434526 -0.19233637
 -0.91194808 -0.55258679 -1.60363162 -1.47789216 -3.65440726 -5.78397036
 -5.14277411 -4.3377471  -2.27267814 -1.02694106 -0.53932238 -0.32280183
 -0.19394511 -0.09544393 -0.12700994  0.100695    0.13533846  0.2020925
  0.30993235  0.48226035  0.73113275  1.03650951  1.28539145  1.8532455
  2.35062051  2.91938853  3.23128843  3.48786306  3.38921285  2.94118905
  2.21149373  0.85809726 -0.56719702 -2.00364971 -2.92694616 -3.13610053
 -2.70712471 -1.92737544 -1.17139769 -0.55937922 -0.20140988  0.00895154
  0.0904721   0.13893664  0.19527073]
[-1.44235265 -0.36948314  0.10803855  0.5671581   0.50347745  0.50566387
  0.23668505  0.02145096 -0.08381838 -0.16494907 -0.04070098  0.09872665
  0.08491779  0.03319629 -0.04803869 -0.13195673 -0.25659147 -0.46497902
 -0.7089631  -0.71367532 -0.73864686 -0.4758493   0.11110908  0.68770117
  1.85886669  3.0302      4.4620533   5.37553644  5.76331949  5.11696911
  3.99442148  2.65158868  1.66455042  1.00848925  0.66395795  0.3649188
  0.23161533  0.09384754 -0.05538705 -0.26814345 -0.19716406 -0.28183085
 -0.21039389 -0.21358033 -0.13138267 -0.1618342  -0.04874221 -0.14935035
 -0.197669   -0.2115919  -0.28697872 -0.35420647 -0.32404163 -0.4530271
 -0.41318381 -0.43788952 -0.46389285 -0.53890687 -0.46637076 -0.47722405
 -0.57108587 -0.56498325 -0.52992159]
[ 1.25427678e-01  1.66076705e-01  1.99472278e-01  2.38440514e-01
  2.65794516e-01  2.70191997e-01  2.59528428e-01  1.97639301e-01
  1.20301172e-01  3.30296159e-02 -5.09362109e-02 -1.20016389e-01
 -1.48722395e-01 -1.52968898e-01 -1.35265648e-01 -1.03851192e-01
 -6.27637953e-02 -5.04945852e-02 -5.42124622e-02 -6.32542297e-02
 -4.25189361e-02  1.50057647e-04  1.52854189e-01  3.15903783e-01
  1.99029073e-01 -3.13026667e-01 -7.82763124e-01 -1.25378597e+00
 -1.60180485e+00 -1.63691008e+00 -1.24528205e+00 -7.67656744e-01
 -3.77570331e-01  5.13394456e-03  2.47246876e-01  8.08716789e-02
 -2.97694892e-01 -6.91315293e-01 -8.63586903e-01 -1.16017032e+00
 -1.40471530e+00 -1.27134442e+00 -8.89805973e-01 -4.37327027e-01
 -1.37364030e-01  3.42457257e-02  1.71205372e-01  2.71654308e-01
  3.68581891e-01  4.70212251e-01  5.82708120e-01  7.09571004e-01
  8.23758662e-01  9.13726389e-01  9.69285965e-01  1.00089657e+00
  9.99327779e-01  9.20233250e-01  8.72095883e-01  8.17220330e-01
  7.66175926e-01  7.50377417e-01  7.48531103e-01]
[-0.01469034  0.06077586  0.11125557  0.16560332  0.20095009  0.24397965
  0.29585457  0.34713057  0.40360719  0.46231717  0.51583081  0.56569839
  0.60759944  0.62180656  0.63301015  0.61184305  0.58735013  0.55170274
  0.507999    0.48955485  0.47845924  0.46830592  0.45006424  0.40905607
  0.33887208  0.27167246  0.19887304  0.12553012  0.07880234  0.02921704
 -0.00384111 -0.02130834 -0.02710444 -0.0390147  -0.05510607 -0.05860696
 -0.05819502 -0.06941319 -0.02863505  0.0355642   0.06199767 -0.04107881
 -0.21335846 -0.37602773 -0.46666569 -0.52307475 -0.57716513 -0.62208748
 -0.61681777 -0.5910964  -0.59924227 -0.64482158 -0.66580456 -0.60590869
 -0.52327871 -0.44056937 -0.37836674 -0.30134979 -0.22288033 -0.13388813
 -0.06107721  0.00352821  0.04583679]
[-0.34790257 -0.33610693 -0.41487888 -0.29753608 -0.09691295  0.01710641
 -0.21742328 -0.30376217 -0.59899467 -1.61485231 -2.47683382 -2.11212659
 -1.71858501 -1.08449769 -0.97656435 -0.98207998 -0.97377688 -0.8705951
 -0.58435124 -0.39443466 -0.18140323 -0.03521188  0.07651204  0.24999388
  0.34785205  0.4929297   0.53239137  0.4881179   0.43654618  0.33222139
  0.27674574  0.30083016  0.3551721   0.47405821  0.68634927  0.99593258
  1.36253071  1.85643446  2.3633666   2.8631804   3.12354422  3.1136632
  2.73941326  2.14908028  1.5274415   1.08845592  0.64955515  0.38090611
  0.16890307  0.00914927 -0.07926387 -0.11211286 -0.20429589 -0.17628857
 -0.11359959 -0.16318834 -0.14624615 -0.07663125 -0.08530978 -0.10767115
 -0.08756164 -0.12012836 -0.11327848]
[ 1.66985933e-02 -4.43886705e-02 -1.68147739e-02  4.16352116e-02
  1.47875156e-02  4.56777066e-02  2.50204597e-02  3.61980833e-02
  5.20816483e-02  7.54341558e-02  1.31134659e-01  1.42884672e-01
  1.17805116e-01  2.92255916e-03  1.08483560e-01  1.56955928e-01
  1.08484775e-01  2.84874532e-02 -1.25933632e-01 -7.10413978e-02
 -8.00438821e-02 -1.27694951e-02  1.66744143e-02  3.67059046e-03
 -1.77154932e-02  1.71632450e-02  1.43245861e-01  3.58436704e-01
  3.20658565e-01 -4.31724101e-01 -1.12766981e+00 -1.99837422e+00
 -1.77811182e+00 -2.98715591e+00 -4.14722443e+00 -3.80171084e+00
 -3.34982085e+00 -2.00798607e+00 -9.84605372e-01 -4.93756533e-01
 -2.33505145e-01 -1.04854077e-01 -2.16540098e-02 -8.26202240e-03
  1.33376896e-01  1.39096305e-01  1.80975452e-01  2.76347339e-01
  3.85213852e-01  5.33193707e-01  7.29570925e-01  9.12930489e-01
  1.28885210e+00  1.64112353e+00  2.01767182e+00  2.32360649e+00
  2.60374594e+00  2.65009904e+00  2.56814623e+00  2.20426393e+00
  1.53571796e+00  6.16824865e-01 -3.76295358e-01]
[-5.14086545e-01 -3.78754050e-01 -3.38335842e-01 -3.08079362e-01
 -2.80608356e-01 -2.61014581e-01 -2.74079412e-01 -2.63475865e-01
 -2.32361898e-01 -2.10659951e-01 -1.87157899e-01 -1.46132022e-01
 -5.35762906e-02  5.80747100e-03  5.60908094e-02  1.18580274e-01
  1.69651702e-01  1.67306811e-01  1.51569650e-01  9.31247622e-02
  5.89000881e-02  7.02230912e-03 -6.07701242e-02 -1.34929493e-01
 -1.56265631e-01 -1.54295623e-01 -1.08409591e-01 -5.34685068e-02
  1.37826413e-04  4.92938757e-02  9.80935097e-02  1.07732400e-01
  1.07600249e-01  1.01974949e-01  1.05304196e-01  8.63523334e-02
  1.29421413e-01  1.41368628e-01  1.42729953e-01  1.41130865e-01
  1.47074342e-01  1.14917919e-01  1.51369050e-01  2.07240731e-01
  3.01583499e-01  3.14689666e-01  3.30761731e-01  3.32979351e-01
  3.48033011e-01  3.17642450e-01  3.25823307e-01  3.25225145e-01
  3.09502274e-01  2.72791713e-01  2.58054107e-01  2.62033671e-01
  2.85533339e-01  2.99048543e-01  3.39437306e-01  3.60957742e-01
  3.83997619e-01  3.99856925e-01  3.92430276e-01  3.86498839e-01
  4.17543381e-01  4.85854089e-01  5.62057853e-01  5.98124862e-01]
[-0.50434685 -0.38501704 -0.35528606 -0.33031946 -0.31854472 -0.30710942
 -0.26633534 -0.25450891 -0.25098759 -0.22650367 -0.20037271 -0.16203503
 -0.09838422 -0.04231238  0.01960706  0.08286822  0.13779075  0.1635154
  0.18217297  0.1704767   0.13005742  0.05602016 -0.04510416 -0.12023012
 -0.16079903 -0.16462904 -0.13995339 -0.09480129 -0.02221114  0.03424522
  0.07035413  0.097528    0.12486547  0.10714319  0.10430639  0.10405467
  0.10294573  0.10886449  0.1089353   0.1050211   0.12065353  0.11098046
  0.12506932  0.08963878  0.10049768  0.16057637  0.20720997  0.25294638
  0.28970173  0.28644934  0.27636787  0.29160982  0.29385927  0.27063355
  0.24445766  0.23076005  0.24951127  0.26933211  0.29858452  0.32414985
  0.34457958  0.36538264  0.35914302  0.34192911  0.35377723  0.38680565
  0.44341093  0.49577525  0.46873787  0.46267202]
[ 2.93734930e-02  2.13909131e-02  2.27380171e-02  2.40907427e-02
  1.78742614e-02  1.60210393e-02  6.88243099e-03  1.65463192e-03
  2.83008069e-03 -7.02304253e-03 -9.50121973e-03 -2.26448644e-02
 -2.49810703e-02 -3.34279276e-02 -4.02683094e-02 -3.15680765e-02
 -2.34205592e-02  4.58189612e-03 -5.46120852e-03 -2.61536688e-02
 -8.39651972e-02 -1.61717847e-01 -2.17452705e-01 -2.92926997e-01
 -3.47429067e-01 -4.21921521e-01 -4.64604974e-01 -4.93393183e-01
 -5.03728688e-01 -5.12531877e-01 -5.10153532e-01 -5.12070417e-01
 -5.40367246e-01 -5.58158517e-01 -5.50959110e-01 -4.78461653e-01
 -5.47110617e-01 -4.98600692e-01 -5.90128541e-01 -6.58315122e-01
 -6.08814061e-01 -5.72329044e-01 -4.57597256e-01 -3.75126272e-01
 -3.22730124e-01 -2.70025462e-01 -2.16299355e-01 -1.54968977e-01
 -1.04574502e-01 -4.67443801e-02 -2.63911113e-02 -2.32451577e-02
 -3.49422298e-05  7.77934417e-02  1.88614622e-01  3.02099824e-01
  3.94282877e-01  5.05296707e-01  6.00803137e-01  6.90538883e-01
  7.43743002e-01  7.75507212e-01  7.69908130e-01  7.38191605e-01
  6.85097396e-01  5.92569947e-01  4.87441093e-01  3.88673902e-01
  3.26380968e-01  3.23075742e-01  3.64519060e-01  4.30482090e-01
  4.90177393e-01  5.30287802e-01  5.46757460e-01  5.49526453e-01
  5.34575939e-01  5.09475589e-01  4.76194710e-01  4.38544452e-01
  3.96199375e-01  3.41547847e-01  2.77291834e-01  2.26419404e-01
  1.60684034e-01  1.04049027e-01  5.48520945e-02  5.17835375e-03
 -1.85785070e-02 -4.37876470e-02 -6.63369223e-02 -6.12683892e-02
 -7.90485963e-02 -7.78477564e-02 -7.83815831e-02 -8.86444673e-02
 -9.17946994e-02 -8.87457654e-02 -1.00559421e-01 -1.06565662e-01
 -1.11436635e-01 -1.09323010e-01 -1.24703363e-01]
