[0.00466303 0.01969652 0.01499981 0.02803764 0.03338332 0.02210147]
[-0.00285215  0.01625389 -0.00943999 -0.01962017 -0.03220345 -0.02864909
 -0.04054719]
[ 3.78785678e-03  2.81277044e-05 -6.31242059e-03 -3.77081381e-03
 -7.13068014e-03 -8.37584026e-03 -7.04920106e-03 -7.86048267e-03
 -2.01256573e-02]
[0.02465307 0.04238939 0.06553379 0.06324124 0.05601353 0.07636937
 0.09787102 0.10490481 0.08384395 0.10323057 0.08967598 0.09416471
 0.08074626 0.10416581 0.09333197 0.09690736 0.06900842 0.07100274
 0.07680502 0.13244566 0.15514544 0.10524344 0.09974379 0.04897461
 0.00835402 0.02240227 0.02934843 0.01122423 0.03698064 0.01497612
 0.03241777 0.03145736 0.03698894 0.03480347 0.03835239]
[ 0.04900304  0.03038949  0.0790554   0.09692956  0.08469698  0.08863688
  0.09681035  0.13308482  0.12593544  0.09376567  0.12058296  0.06214891
  0.08461269  0.09797576  0.06598853  0.08532944  0.06682131  0.04071298
  0.075779    0.10363074  0.14673671  0.22476882  0.15687355  0.06971411
  0.01247691 -0.00050234  0.034516   -0.01630432  0.01427948  0.02386731
  0.02584535 -0.00185677  0.04747206  0.01105245  0.05375967  0.01313413]
[ 0.04311685  0.06511441  0.09921308  0.09656648  0.12715299  0.11801647
  0.11370374  0.12379657  0.13314456  0.13219053  0.11034338  0.11935676
  0.1176217   0.0625277   0.07259047  0.04861916  0.05335735  0.06949157
  0.034044    0.03102502  0.06776331  0.06040196  0.08285619  0.15994662
  0.11335775  0.05858203  0.06125446  0.0235003   0.0405211  -0.00878618
  0.02935271  0.02768987  0.01010884  0.00836798  0.05438035  0.00744404
  0.02113231  0.00948407]
[-0.03753332 -0.00261696  0.04168036  0.03327879  0.04693574  0.07557786
  0.08574023  0.11358947  0.08506908  0.08572263  0.08672667  0.0781217
  0.10972344  0.05069489  0.05345986  0.1088532   0.08304334  0.05987811
  0.04820942  0.06815497  0.08391406  0.09207393  0.0817704   0.07987336
  0.103875    0.10180592  0.06301225  0.10493519  0.13434716  0.09121242
  0.13331811  0.10115197  0.14757861  0.23918729  0.20369487  0.17050911
  0.14003891  0.1230188   0.07670189 -0.01845122  0.03806629  0.02389821
 -0.01103046 -0.03422209  0.00516924  0.00917206  0.0179847   0.12780453
  0.24008021]
[ 0.05255022  0.04875532  0.05696322  0.04875746  0.0392226   0.03113738
  0.045823    0.05494271  0.04705766  0.0527747   0.05901273  0.06103442
  0.07929454  0.05970915  0.06415231  0.06479716  0.06441886  0.0736943
  0.0479662   0.0493154   0.05408645  0.0454611   0.07078943  0.06356237
  0.04425943  0.05409992  0.05079949  0.04964464  0.0309015   0.06199537
  0.07605784  0.04727078  0.03490352  0.02430674  0.04437249  0.0579517
  0.07170028  0.05659646  0.05170487  0.0072576  -0.01612587 -0.01699631
 -0.01418981 -0.04494216 -0.05206426 -0.00912819  0.01320173  0.02037337
  0.03755461  0.0827527   0.07993519]
[-0.24670354 -0.19377866 -0.11597019 -0.04132552  0.01105793  0.06113581
  0.07667113  0.0821066   0.08179725  0.07756136  0.08913978  0.08867262
  0.07615823  0.09581676  0.06758553  0.04906962  0.03127708  0.03989434
  0.03500986  0.00460777  0.03118096  0.03485744  0.02124068  0.05391526
  0.04471199  0.04006903  0.05374081  0.03696705  0.03687105  0.0505212
  0.05324333  0.00506699 -0.00485208  0.01348697 -0.00185284  0.02310356
  0.0303455   0.00578893 -0.03231661 -0.0062378  -0.00620691  0.04103759
  0.07179553  0.08952316  0.06254776  0.0357624   0.01431338 -0.04111395
 -0.07507458 -0.10666455 -0.15765859 -0.21387695 -0.05283811]
[ 3.95590782  2.11817288  1.27488244  0.08093101 -0.46395886 -1.10523021
 -1.45161247 -1.46956778 -1.19660699 -0.78400779 -0.38640755  0.06400356
  0.17470089  0.34905547  0.193809    0.07739355 -0.14630297 -0.18201703
 -0.42265829 -0.08303639 -0.1250242  -0.05179616 -0.31038129 -0.33797354
 -0.27864942 -0.46742627 -0.16708735 -0.06023496  0.06146821  0.43543354
  0.24543446  0.14553434  0.28808081  0.37832275  0.31010288  0.62694317
  0.6931054   0.62671423  0.62031561  0.94519633  0.56895816  0.93222511
  0.6778729   0.76153743  0.61209834  0.87901098  0.62060463  1.25531435
  1.2309643   1.27578485  0.92199659  1.1167742   0.83388191 -0.00472877
 -0.12292193  1.17129314  0.45902893  0.21596399 -0.24728097]
[ 1.09688294e+00  1.24864519e+00  1.28602648e+00  1.05142581e+00
  9.14296091e-01  3.64667922e-01  8.69547599e-04 -4.22018081e-01
 -7.14179873e-01 -7.50722706e-01 -6.08870566e-01 -5.72263002e-01
 -5.99040449e-01 -5.43201685e-01 -4.91656929e-01 -3.02791983e-01
 -3.09474081e-01 -2.85745770e-01 -2.20619023e-01 -1.80079773e-01
 -3.17260832e-01 -1.77601889e-01 -3.17582875e-01 -3.78409803e-01
 -4.27368134e-01 -3.63848567e-01 -2.97538996e-01 -2.38597944e-01
  6.46793172e-02  1.10792994e-01  1.56425342e-01  3.66651297e-01
  3.00204575e-01  2.00296506e-01  2.97718465e-01  2.95130789e-01
  4.33640122e-01  5.85221767e-01  6.42601013e-01  5.53430319e-01
  5.52778542e-01  7.18312204e-01  5.35277784e-01  5.91176331e-01
  5.36156297e-01  5.75841486e-01  5.15793443e-01  5.62330008e-01
  5.48489273e-01  8.15881550e-01  8.53580892e-01  8.57978344e-01
  6.51735306e-01  5.88860393e-01  6.34004712e-01  4.28016335e-01
  5.08112013e-01  5.04986107e-01  4.17631328e-01  3.08176517e-01
  1.11416347e-01]
[-0.14060669 -0.01112226  0.07348783  0.13953443  0.17949152  0.22455432
  0.25377637  0.30617741  0.34644389  0.38947108  0.41997913  0.46089706
  0.48929659  0.50318831  0.5183779   0.51889205  0.51672578  0.50294763
  0.48447973  0.46290115  0.4544608   0.44655278  0.42636785  0.40889305
  0.36158833  0.29800805  0.23946849  0.17275009  0.11256456  0.05737012
  0.01580887 -0.00569951 -0.01995511  0.0107089   0.03241559  0.00573605
 -0.09544909 -0.24056575 -0.37687513 -0.42890385 -0.44077027 -0.42683068
 -0.45860481 -0.47895077 -0.47675809 -0.47767913 -0.47390941 -0.44969228
 -0.43692368 -0.46528703 -0.46196997 -0.46769148 -0.4913626  -0.46222174
 -0.41474864 -0.31184891 -0.23414364 -0.13353363 -0.04525011  0.03138304
  0.11930203  0.19431812]
[ 1.49574018  1.40596879  1.47460508  1.41624618  1.05820704  0.83623677
  0.12574688 -0.35066539 -1.03302276 -1.38094878 -1.37993824 -1.05957055
 -0.73705637 -0.50179189 -0.10639834  0.20809019  0.30177721 -0.00775695
 -0.41934666 -0.57251066 -0.56506675 -0.50540459 -0.13313526 -0.07920311
 -0.3109346  -0.1240504  -0.35205665 -0.47518721 -0.82110471 -1.36178565
 -1.2783196  -1.2003243  -0.82355636 -0.74338251 -0.73965925 -0.57800531
 -0.48446682 -0.17807174  0.14079249  0.27525845  0.21177115  0.35896301
  0.63334131  0.56677836  0.80313754  0.83552289  0.91219908  0.95387769
  1.20645559  1.25366032  1.6054796   1.71162093  1.70741129  1.44120848
  1.29080009  0.99042124  0.32099536  0.0096448  -0.05483622  0.09136631
  0.11779959  0.18673131]
[-1.70954049  0.35513258  0.93645442  0.7464658   1.04045546  1.56292081
  0.94719344  0.50658399  0.04392138 -1.02625871 -0.99624258 -0.76553941
 -1.00374091 -1.02094471 -1.2388128  -1.51228774 -1.28842509 -1.45648706
 -1.46255267 -1.22960413 -1.17520928 -0.94237876 -0.04794021  0.30098155
  1.87594616  3.21047831  5.33120012  6.72658873  7.24709415  6.22847128
  4.34624577  2.37242174  1.0515058   0.27602518  0.04158321  0.0176347
  0.23450886  0.24552977  0.39576042  0.28756642  0.42889968  0.21190804
  0.39150393  0.37063912  0.29019853  0.14722523  0.35668886  0.03248878
 -0.22625329 -0.39278316 -0.50262684 -0.72531134 -0.53896558 -0.96041024
 -1.00592649 -0.76185638 -1.09697652 -1.3022306  -0.94678849 -0.63696188
 -1.01864588 -0.87244922]
[-0.67170811 -0.32267472 -0.20987371 -0.16087404 -0.1119686  -0.10873336
 -0.06628034 -0.0694691  -0.06707931 -0.0222038  -0.05892279  0.00179132
  0.07963359  0.09591194  0.09044993  0.12763327  0.230903    0.21928823
  0.26148677  0.22406334  0.23291849  0.2337447   0.15626818  0.04752353
 -0.00849337 -0.08203257 -0.05077084 -0.00580437  0.04855039  0.11906462
  0.15027855  0.11523663  0.17031223  0.11681684  0.07975132  0.05508976
  0.1145658   0.07984348  0.14486149  0.17421208  0.28098473  0.2687926
  0.31454936  0.29155326  0.27697533  0.31674996  0.31489563  0.2363884
  0.29812127  0.2826786   0.30149961  0.30966011  0.26863804  0.22596058
  0.2533592   0.24885012  0.31752342  0.32633954  0.33303338  0.3596321
  0.38616917  0.37764087  0.35682401]
[-0.26600614  0.02635726  0.14072317  0.21934825  0.2448958   0.2511006
  0.33104476  0.37010172  0.43793556  0.40671489  0.38408023  0.37632689
  0.22326817  0.14410567 -0.08565288 -0.10063959 -0.1773283  -0.12668276
 -0.04515955  0.1217681   0.19059181  0.22382328  0.19511704  0.05916283
 -0.03148639 -0.01301135  0.06023357  0.02941831 -0.22091296 -0.53420132
 -0.78219265 -0.89463836 -0.78006554 -0.69700915 -0.70724404 -0.58555967
 -0.71702856 -0.73561579 -0.87692052 -1.15263844 -1.04673421 -0.91110271
 -0.65028262 -0.50427383 -0.49045417 -0.57224095 -0.47863254 -0.26122066
 -0.00271748  0.15905163  0.38945374  0.42046833  0.58171767  0.63830197
  0.73246628  0.85587645  1.01931155  1.13869274  1.30185366  1.40873659
  1.5190599   1.49735081  1.54510939  1.49323881  1.39471877  1.29711723
  1.18705499  1.09370136  0.70195186  0.39747539]
[ 0.66009885  0.32455423 -0.20876907 -0.26241499 -0.24707006 -0.35718486
 -0.50074798 -0.62691903 -0.76751679 -0.4917922  -0.22794828 -0.16373782
 -0.08204485 -0.10722796 -0.15708426 -0.10751178 -0.26322174 -0.39447543
 -0.42635947 -0.48240998 -0.45997319 -0.19010122 -0.04430667  0.55743206
  1.15903306  2.05733681  2.71580195  3.04085636  2.82120442  2.25927281
  1.58842361  1.06100833  0.68733174  0.47001907  0.31267849  0.2493455
  0.12202173  0.09615073 -0.02381213 -0.05128687 -0.1370647  -0.07463167
 -0.06729637 -0.0375411  -0.02852162  0.0826355  -0.09526545 -0.26814315
 -0.45668837 -0.58712351 -0.72575092 -0.69671804 -0.86823058 -0.81691182
 -0.68138784 -0.6834504  -0.71143103 -0.51037484 -0.3720167  -0.45369887
 -0.37587407 -0.34650424 -0.36812234 -0.41434553 -0.28635669 -0.32374951
 -0.4131225  -0.48428658 -0.74671543 -0.90024793]
[-0.27921337 -0.29761979 -0.40683812 -0.35682961 -0.31194428 -0.28419167
 -0.25401616 -0.32601976 -0.45121619 -0.60609931 -0.84702426 -1.1099211
 -1.21151769 -1.27409363 -1.17959917 -0.7669403  -0.29386348 -0.40334103
 -0.87190121 -1.50404525 -1.03166354 -0.86201894 -0.50794178 -0.27798042
 -0.26108572 -0.24971391 -0.27421024 -0.35900739 -0.28687993 -0.14233994
 -0.07744591  0.0320162   0.13900235  0.18316983  0.27943575  0.37938634
  0.41324481  0.49222571  0.5484342   0.52850407  0.52045625  0.56819874
  0.61560804  0.6167376   0.73228341  1.01684427  1.28654397  1.68544066
  2.12533784  2.34675288  2.25874114  2.04149365  1.51545429  1.07174194
  0.74165225  0.42182845  0.21454482  0.07636832 -0.01477851 -0.1068024
 -0.21129015 -0.24996592 -0.25751695 -0.2543036  -0.2041678  -0.24262241
 -0.22797166 -0.26432469 -0.3546865  -0.32357308]
[-1.69712973e+00 -1.10763538e+00 -2.41877139e-01 -6.88133463e-02
 -1.69770241e-01 -2.76288986e-01 -1.47092447e-01 -1.64158076e-01
 -2.06810072e-01 -2.08059058e-01 -2.71212071e-01 -2.77413428e-01
 -2.84953505e-01 -3.32779288e-01 -3.43100816e-01 -2.48901486e-01
 -3.50953221e-01 -3.41788560e-01 -2.69452870e-01 -2.62449831e-01
 -3.20277691e-01 -2.72710443e-01 -3.95175368e-01 -4.75832134e-01
 -3.58747065e-01 -2.59406447e-01  8.03048536e-02  2.93756336e-01
  5.80422103e-01  6.88822269e-01  6.29077435e-01  4.46010947e-01
  2.64836848e-01  1.13905847e-01  4.01869044e-02 -1.23498179e-02
 -9.43971276e-02 -1.14137411e-01 -1.18285999e-01 -9.63908359e-02
 -1.45702615e-01 -1.17237657e-01 -1.72652155e-01 -1.20872103e-01
 -7.05290884e-02 -5.69341145e-03  1.63068622e-03 -3.42832389e-03
  9.98057798e-02  8.51270407e-02  2.70604670e-01  1.68256536e-02
  4.20884460e-01 -2.71570291e-02 -4.63942051e-01 -3.53216588e-01
 -1.53303951e-01  2.41786525e-01  3.44018549e-01  3.59334469e-01
  4.73331273e-01  4.53968823e-01  3.90919298e-01  4.54194874e-01
  3.95394444e-01  4.21611786e-01  3.99871051e-01  4.03953671e-01
  3.24964553e-01  3.01475018e-01  1.19572297e-01  2.77143233e-02
  1.38502866e-02  7.11113140e-02  8.93108100e-02  1.27536625e-01
  3.29912096e-01  3.37327838e-01  3.64366174e-01  3.70969117e-01
  5.84480226e-01  8.30987453e-01]
[ 1.01820268e-01  1.07332140e-01  1.25639543e-01  9.57911611e-02
  1.58290535e-01  1.08800709e-01  1.05956547e-01  7.56299421e-02
  9.46495384e-02  2.51350161e-02 -2.65486818e-02 -1.21983392e-02
 -9.07929614e-04 -4.01396006e-02 -2.57951796e-01 -2.70379305e-01
 -2.35498369e-01 -3.01140875e-01 -3.56617808e-01 -3.91778916e-01
 -2.74054378e-01 -1.95166692e-01 -1.70369029e-01 -1.63189724e-01
 -1.73181608e-01 -1.96932584e-01 -2.62915403e-01 -5.35673201e-01
 -7.78631091e-01 -8.50039124e-01 -9.76785123e-01 -1.10327685e+00
 -1.32973528e+00 -1.18124187e+00 -1.64353037e+00 -2.00709844e+00
 -1.90608990e+00 -1.72083151e+00 -1.09298062e+00 -4.84538794e-01
 -1.02023154e-01  2.85456609e-02  1.24380931e-01  1.47712842e-01
  1.25940010e-01  2.45123446e-01  2.43055880e-01  2.06873044e-01
  2.11135507e-01  2.65438199e-01  2.93236017e-01  3.40790033e-01
  2.74178147e-01  3.69462103e-01  5.05936980e-01  6.92730308e-01
  7.45178282e-01  8.64334702e-01  8.79127920e-01  8.12578857e-01
  7.15450883e-01  4.07907277e-01  5.68946078e-02 -3.26117694e-01
 -5.67190409e-01 -5.34166217e-01 -3.19820523e-01 -3.76562960e-02
  2.02400193e-01  3.96957994e-01  4.77941304e-01  5.38252831e-01
  5.34482718e-01  5.33160150e-01  5.11766255e-01  5.13101518e-01
  4.81184363e-01  4.88949716e-01  3.99344355e-01  3.64454329e-01
  2.97666848e-01  2.81365067e-01  2.38286525e-01  1.38384268e-01
  1.66076377e-01  1.30248219e-01  7.73296803e-02  1.29042670e-01
  6.25882670e-02  6.25034496e-02  8.34353939e-02  1.58539359e-02
  1.64903644e-02  4.06114534e-02  4.73035239e-02]
[ 1.54992267e-01  1.84687167e-01  1.53053924e-01  1.36668459e-01
  1.49264321e-01  1.65815935e-01  1.21157758e-01  1.35867894e-01
  5.16774170e-02  1.08025387e-01  3.34091112e-02  9.71969217e-02
  9.16833282e-02  8.63269642e-02  7.54045770e-02  5.43134324e-02
  9.82382819e-02  6.38837293e-02  6.72291592e-02  1.10655665e-01
  8.54091272e-02  1.67547747e-01  1.28438860e-01  1.47486672e-01
  1.22271277e-01  1.67103231e-01  7.18149915e-02 -1.66710019e-02
 -2.67439503e-02  6.55859932e-02  8.53108317e-02 -6.89809546e-02
 -3.44609469e-02 -5.97059308e-03 -3.51189449e-02 -8.37672502e-02
 -1.10380851e-01  1.79231260e-02  1.49594516e-01  2.49185875e-01
  3.18878263e-01  2.13914588e-01  5.54424711e-04 -2.99002677e-01
 -7.62266397e-01 -1.30586767e+00 -1.46333766e+00 -1.71807003e+00
 -1.98932767e+00 -2.16715121e+00 -2.05506158e+00 -2.85283566e+00
 -3.33389688e+00 -3.06381226e+00 -2.65701270e+00 -1.81885219e+00
 -1.08500218e+00 -5.38405299e-01 -2.86038190e-01 -4.11338173e-02
  1.04838118e-01  1.78643271e-01  3.48052353e-01  4.16039258e-01
  4.30679023e-01  5.05110800e-01  6.40606046e-01  7.69633234e-01
  9.73365009e-01  1.07240224e+00  1.28504074e+00  1.48532653e+00
  1.72527385e+00  1.80014849e+00  1.91885495e+00  1.91688216e+00
  1.77969611e+00  1.61510348e+00  1.20781434e+00  7.94324815e-01
  3.17077637e-01 -1.73806958e-02 -9.20660868e-02 -1.20333144e-02
  1.01653971e-01  1.43933222e-01  2.00185329e-01  1.67501360e-01
  1.44549295e-01  7.13910535e-02  4.29349169e-02  4.95450832e-02
  4.44781706e-02  2.50268467e-02  5.29074334e-02  2.27482058e-02
  2.58431062e-02 -2.53895763e-02 -4.42976877e-03  2.11620424e-02
 -5.98169006e-02  3.10126152e-02 -7.51207024e-03  2.45607737e-03
  5.30504622e-02  1.36803081e-02 -3.83511680e-04  4.83022593e-02
 -5.31442687e-02 -5.64219952e-02  6.27605105e-03  1.98331289e-03
 -7.30770035e-03 -5.06186858e-02  2.17833603e-03 -5.58998324e-02
  1.45101722e-03 -8.49924143e-03 -1.35596329e-02 -5.54257445e-02
  2.19375491e-02  2.96445154e-02  2.10072786e-01  3.03360999e-01
  3.50866258e-01]
