[-0.03455687 -0.03581874 -0.03510487 -0.02700001]
[-0.0076901  -0.01497255 -0.01411939 -0.01111161 -0.00430179]
[ 0.04744362  0.03686798  0.02790629  0.01000059  0.00068703 -0.00221082
 -0.00660573 -0.01826422 -0.01937047 -0.02935129 -0.03557488 -0.03790514
 -0.03852872 -0.04979392 -0.05770598 -0.06295452 -0.07161296 -0.07161172
 -0.0597313  -0.06084089 -0.05934913 -0.04596175 -0.04516981 -0.03708071
 -0.02834642 -0.02228622 -0.02246661 -0.01876474 -0.02182798]
[ 0.02482156  0.01110649 -0.01003794 -0.0215836  -0.01817159 -0.02420687
 -0.03273841 -0.04111992 -0.05602846 -0.06193004 -0.06017403 -0.0577711
 -0.07145463 -0.06548548 -0.05920877 -0.05062539 -0.04121369 -0.03202223
 -0.01730209 -0.0132539  -0.00903896  0.00033579  0.00256554  0.00418298
 -0.00023387  0.00534964  0.00704687  0.00111502 -0.00094773 -0.00404121
 -0.0082005  -0.01466002 -0.02391166 -0.03736886 -0.04579452 -0.02997588
 -0.04015132 -0.03330659 -0.03777667 -0.03770591 -0.04078822 -0.02633953
 -0.00835116 -0.0126076  -0.01074173 -0.00045353  0.00209804  0.01861154]
[ 0.01924223  0.00761483  0.00348026 -0.00020571 -0.01009514 -0.02491669
 -0.03572557 -0.0293171  -0.02842581 -0.03299925 -0.04180585 -0.04364024
 -0.04176038 -0.04160353 -0.03609594 -0.03556886 -0.04560004 -0.05019073
 -0.05102928 -0.05230856 -0.05386931 -0.05045059 -0.04942183 -0.04656174
 -0.04399141 -0.03107365 -0.02750521 -0.03098579 -0.0227725  -0.02009192
 -0.0234678  -0.01852149 -0.01380026 -0.01218865 -0.00683066 -0.01022235
 -0.01169103 -0.01891462 -0.01402129 -0.01591022 -0.01378717 -0.01356671
 -0.0172196  -0.01464399 -0.01082199 -0.00853989 -0.01903713 -0.01920062
 -0.0246232  -0.03322854 -0.03510848 -0.05305879 -0.06068113 -0.06301291
 -0.05416122 -0.06041364 -0.05938285 -0.06146909 -0.06638053 -0.0610089
 -0.05778867 -0.05791005 -0.06474499 -0.05609655 -0.05595873]
[-0.05322124 -0.02754226 -0.00915699 -0.01054799 -0.00869287  0.00785304
  0.01346937  0.01732871  0.01227072  0.01514763  0.00279154  0.0057068
  0.0079487   0.00440159 -0.00090322 -0.00072145  0.00360375  0.0185958
  0.0169629   0.01652183  0.01545294  0.02052796  0.02126606  0.02456816
  0.02372264  0.01418994 -0.01011061 -0.01435948 -0.01594926 -0.03038095
 -0.03399762 -0.04236864 -0.03981484 -0.03204112 -0.02741382 -0.02512206
 -0.01823115 -0.02025235 -0.02399961 -0.02822663 -0.01562249 -0.01030959
 -0.00813331 -0.00949187 -0.00719856 -0.01195547 -0.01689549 -0.02328595
 -0.02916778 -0.04018014 -0.05057027 -0.06549303 -0.07443096 -0.07336733
 -0.07926264 -0.07667632 -0.07994954 -0.06944271 -0.0728121  -0.07362629
 -0.06828021 -0.06350747 -0.06019233 -0.05235689 -0.04768782 -0.03602682
 -0.02741249 -0.02103041 -0.02181352 -0.02440136 -0.03141508 -0.05220126
 -0.06162616 -0.06362069 -0.083326   -0.09086218 -0.10323611 -0.10039374
 -0.10768704 -0.09527227 -0.09007841 -0.09294179 -0.0898122  -0.07514316
 -0.06507389 -0.05037788 -0.04340311 -0.04217991 -0.03340851 -0.03067972
 -0.02395582]
[-1.97232530e-01 -1.64172545e-01 -1.23441361e-01 -9.75974947e-02
 -3.68458442e-02 -5.47758257e-03  2.99773775e-02  5.61887063e-02
  7.27192163e-02  8.97743255e-02  1.06807277e-01  9.92543176e-02
  9.26396549e-02  8.90445486e-02  6.94113970e-02  6.83888644e-02
  7.15471357e-02  4.75810021e-02  2.27558091e-02  2.91151516e-02
  4.55928482e-02  5.26481830e-02  5.50526381e-02  6.61020130e-02
  7.92233646e-02  8.22142586e-02  8.88854712e-02  9.71714482e-02
  8.85798857e-02  6.56634867e-02  3.33010182e-02  1.56154260e-02
 -7.36199552e-03 -3.36168520e-02 -6.85122684e-02 -9.99029130e-02
 -1.39473796e-01 -1.56040639e-01 -1.76064059e-01 -1.98271006e-01
 -2.12956980e-01 -2.46698499e-01 -2.59802938e-01 -2.57384300e-01
 -2.46150300e-01 -2.35630199e-01 -2.35507116e-01 -2.21066207e-01
 -1.91517845e-01 -1.66044146e-01 -1.36063486e-01 -1.01660140e-01
 -7.33254626e-02 -4.98309843e-02 -1.27902571e-02  1.04544843e-02
  4.80241887e-02  7.56540224e-02  1.14915766e-01  1.36786714e-01
  1.48032546e-01  1.55182406e-01  1.51079699e-01  1.47674963e-01
  1.51804969e-01  1.47149473e-01  1.42621621e-01  1.51016414e-01
  1.61641687e-01  1.69315010e-01  1.84844941e-01  1.97506309e-01
  2.05064327e-01  1.87095389e-01  1.62397578e-01  1.25068516e-01
  8.57948139e-02  4.43286411e-02 -2.09459511e-04 -3.77619341e-02
 -6.98521584e-02 -1.14283383e-01 -1.33940503e-01 -1.53076023e-01
 -1.66429862e-01 -1.95787176e-01 -2.20264047e-01 -2.31150880e-01
 -2.41659030e-01 -2.58150041e-01 -2.76429862e-01 -2.92012960e-01
 -3.10438424e-01 -2.89989501e-01 -2.67797709e-01 -2.43852511e-01
 -2.39509746e-01]
[ 0.15679008  0.06525724 -0.00571523 -0.08938657 -0.16318455 -0.22751985
 -0.28284809 -0.32451752 -0.36361602 -0.37954608 -0.39040595 -0.39493939
 -0.3992368  -0.38493133 -0.36067179 -0.33857897 -0.32919005 -0.30523962
 -0.2933104  -0.28396946 -0.28172821 -0.28843793 -0.3028498  -0.31640214
 -0.3241277  -0.32599577 -0.33194703 -0.33714756 -0.33970547 -0.31836897
 -0.28778547 -0.23531473 -0.16640824 -0.08747892  0.01229434  0.12956175
  0.2651149   0.40037045  0.52496052  0.6357438   0.72852647  0.7977156
  0.84254009  0.85533911  0.82832825  0.78948677  0.71743965  0.63597363
  0.51109707  0.3944661   0.2656396   0.13738655  0.0148235  -0.12102868
 -0.23953895 -0.3619844  -0.46560043 -0.55219299 -0.62463558 -0.66406405
 -0.69410318 -0.69786799 -0.68970615 -0.67084712 -0.6403572  -0.61487204
 -0.57663006 -0.55767339 -0.55708039 -0.55118829 -0.55291849 -0.55309325
 -0.55940461 -0.55608231 -0.54909629 -0.5182938  -0.48468947 -0.43481943
 -0.36030808 -0.28899252 -0.19414341 -0.0938687   0.00516792  0.12628084
  0.23657753  0.35856324  0.47101736  0.5791164   0.67238557  0.73151183
  0.77833146  0.7759577   0.77575988  0.7183677   0.63804597  0.54245251
  0.41846329]
[ 0.01827488 -0.00898521 -0.03184689 -0.07994483 -0.10192761 -0.10605874
 -0.1132402  -0.1062528  -0.09995304 -0.08015112 -0.08117127 -0.06273811
 -0.06184426 -0.04176893 -0.04066293 -0.04777723 -0.02744108 -0.0121598
 -0.00903761 -0.0169844  -0.00240372 -0.01208259  0.00235362  0.00572795
  0.00561947  0.00529338  0.00219181  0.00262183  0.03176069  0.04252833
  0.02260759  0.02435769  0.04137361  0.0391393   0.03966854  0.05041299
  0.04080044  0.03262579  0.0228991   0.01266382 -0.00119382 -0.00513929
 -0.00504914 -0.01868951 -0.01342894 -0.01421434 -0.03050778 -0.03336332
 -0.03744749 -0.03694795 -0.04241883 -0.04933934 -0.05918298 -0.06535608
 -0.06956531 -0.06663354 -0.06042241 -0.05601356 -0.0581313  -0.0508616
 -0.05530603 -0.06820822 -0.0712083  -0.05657922 -0.04272542 -0.04239547
 -0.02437094 -0.03402694 -0.02671878 -0.02762095 -0.03691914 -0.03794629
 -0.03629363 -0.03326258 -0.04527251 -0.03313244 -0.03894335 -0.05053839
 -0.04527192 -0.02965662 -0.04111953 -0.04806246 -0.04956677 -0.04345449
 -0.04400814 -0.05190923 -0.06022635 -0.07889045 -0.07379186 -0.08133093
 -0.06916493 -0.08460461 -0.07842139 -0.08539043 -0.06029969 -0.04611683
 -0.02739399 -0.03666154 -0.03819158 -0.02684837 -0.02463309 -0.01520177]
[ 0.53635943  0.50030118  0.44680929  0.39398503  0.32120875  0.25582212
  0.18763399  0.12660848  0.03703416 -0.06148267 -0.14037623 -0.21825938
 -0.29464573 -0.36556935 -0.41230777 -0.45861265 -0.48772311 -0.50054651
 -0.49109071 -0.46870393 -0.43111336 -0.38752672 -0.33815622 -0.28909358
 -0.24543224 -0.21441571 -0.19656335 -0.19109209 -0.20118041 -0.22311354
 -0.25281841 -0.30085814 -0.34615895 -0.39964533 -0.43830544 -0.47504702
 -0.47390655 -0.46470618 -0.41959223 -0.34798914 -0.25771153 -0.14134337
 -0.01882901  0.14429793  0.29155084  0.46549213  0.60839546  0.76179898
  0.87695879  0.97386318  1.03172863  1.05530679  1.02717984  0.94649959
  0.85147011  0.68847549  0.52127594  0.32080272  0.11771191 -0.07679615
 -0.24645944 -0.39362377 -0.50911957 -0.59706098 -0.66037261 -0.6850462
 -0.68368816 -0.66654056 -0.64446414 -0.60529166 -0.58244419 -0.56233513
 -0.54188401 -0.54969794 -0.55560005 -0.58336228 -0.60346979 -0.64943725
 -0.67321312 -0.70939207 -0.72807568 -0.72013623 -0.69265074 -0.6406377
 -0.58530265 -0.49664608 -0.38466632 -0.26924303 -0.14239769  0.00337779
  0.13624914  0.28988957  0.43336093  0.57651526  0.70207864  0.81624055
  0.9029125   0.97894377  1.00647116  1.00812018  0.9566983   0.88040078
  0.7666679   0.61909467  0.45848325]
[-0.29250386 -0.35064012 -0.39750671 -0.43969512 -0.44571841 -0.46066579
 -0.45592588 -0.4306809  -0.4078089  -0.38257879 -0.34487531 -0.30999669
 -0.28664854 -0.27090487 -0.2587375  -0.2543585  -0.25805676 -0.27042323
 -0.28757873 -0.32299387 -0.36053187 -0.39051798 -0.43199441 -0.43041989
 -0.43237117 -0.40955675 -0.36464268 -0.30032384 -0.2045853  -0.08470247
  0.05060524  0.19804588  0.3604258   0.5253408   0.69625247  0.85730696
  0.98803741  1.09046364  1.15468431  1.1580137   1.12417507  1.04396498
  0.89046419  0.74334884  0.54417235  0.3229101   0.0938032  -0.10879222
 -0.29645729 -0.46175697 -0.57916427 -0.6835528  -0.74030769 -0.77711231
 -0.8061465  -0.79280031 -0.75562108 -0.72811389 -0.67194945 -0.63437539
 -0.62845904 -0.61591822 -0.62791359 -0.63284379 -0.65484512 -0.65836
 -0.69156134 -0.70671976 -0.71344006 -0.68061411 -0.66189563 -0.61190242
 -0.55071014 -0.47107476 -0.37992594 -0.27133399 -0.13550696  0.00247893
  0.14340268  0.28974539  0.42579266  0.55700541  0.6837768   0.76526415
  0.85925388  0.88680905  0.89397144  0.86311483  0.79947609  0.72044325
  0.60869187  0.48154238  0.30816942  0.15709201 -0.01912602 -0.15184426
 -0.3021071  -0.42301154 -0.54656804 -0.65189928 -0.75243163 -0.8097527
 -0.84714568 -0.85806614 -0.84862018]
[ 1.95139131e-04 -2.22263150e-02 -4.17761393e-02 -3.89446132e-02
 -5.61568253e-02 -5.83883114e-02 -4.09159362e-02 -3.86626609e-02
 -1.41714811e-02  2.76570898e-02  5.25705554e-02  6.00160845e-02
  8.78868178e-02  9.98378173e-02  9.58313048e-02  8.52243751e-02
  7.79198259e-02  6.50738701e-02  5.26412614e-02  4.33863178e-02
  2.85174232e-02  2.95285322e-03 -3.67028452e-02 -5.53046092e-02
 -6.36022836e-02 -8.32524672e-02 -1.08390674e-01 -1.31006703e-01
 -1.31218210e-01 -1.30507335e-01 -1.14542998e-01 -1.09782390e-01
 -1.17217697e-01 -9.84569639e-02 -8.90214443e-02 -9.04382989e-02
 -9.12713259e-02 -8.09522718e-02 -8.27140361e-02 -8.80448520e-02
 -8.82230625e-02 -1.10519469e-01 -1.07360639e-01 -1.10977434e-01
 -1.09443098e-01 -9.81911570e-02 -1.04202621e-01 -8.52410048e-02
 -7.31580406e-02 -5.53849451e-02 -4.20297757e-02 -2.12597493e-02
  7.56913447e-04  1.61858425e-02  3.31486054e-02  5.90716898e-02
  9.48251709e-02  1.03556439e-01  1.35475621e-01  1.73474565e-01
  2.06218317e-01  2.41839871e-01  2.56395102e-01  2.62891412e-01
  2.50044644e-01  2.52542198e-01  2.44016424e-01  2.24036857e-01
  1.95963487e-01  1.47287354e-01  1.01159677e-01  6.40624017e-02
  2.30231844e-02 -7.78859062e-03 -3.47112492e-02 -4.76393513e-02
 -4.11657430e-02 -3.83158997e-02 -2.68339440e-02 -3.54249589e-02
 -2.33800299e-02 -2.43210457e-02 -3.21291089e-02 -2.26932801e-02
 -4.16656248e-02 -6.03998415e-02 -9.27470475e-02 -9.55939665e-02
 -1.18485622e-01 -1.40206695e-01 -1.52950481e-01 -1.50406048e-01
 -1.54680476e-01 -1.49056971e-01 -1.38803661e-01 -1.12779506e-01
 -1.01194441e-01 -7.96380267e-02 -6.25136793e-02 -3.99715714e-02
 -3.51415239e-02 -8.94689839e-03 -1.08149452e-02  7.09907571e-03
  1.94756910e-02]
[-0.11675639 -0.08044231 -0.05812136 -0.03584819 -0.02824373 -0.02393432
 -0.04188554 -0.07512442 -0.11457276 -0.16396202 -0.19995621 -0.23089099
 -0.23887266 -0.23834777 -0.19995856 -0.139562   -0.06562357  0.0297394
  0.15332314  0.29074121  0.43415532  0.58511096  0.73777533  0.89284492
  1.01073122  1.11669159  1.15972412  1.18013549  1.14194918  1.07659686
  0.96574473  0.80331135  0.5926888   0.37327811  0.14117002 -0.07194265
 -0.25867802 -0.44863713 -0.5834949  -0.69005734 -0.72990274 -0.74907106
 -0.71989989 -0.6881972  -0.64870328 -0.576796   -0.53413928 -0.4980002
 -0.49594659 -0.49752179 -0.53438324 -0.57273269 -0.6279577  -0.67266899
 -0.70107633 -0.73801112 -0.74513954 -0.75519568 -0.72209418 -0.68886095
 -0.62549281 -0.55106944 -0.44609341 -0.34395069 -0.20402288 -0.07040165
  0.08793961  0.24517792  0.40803057  0.55469716  0.69931632  0.79907817
  0.88783139  0.9389571   0.94703013  0.93831402  0.87638837  0.7797792
  0.65789706  0.51262718  0.35294119  0.18429303  0.01586647 -0.14131187
 -0.28866482 -0.42217049 -0.5500282  -0.63788939 -0.72451651 -0.79306781
 -0.8265214  -0.85653532 -0.85663801 -0.84873885 -0.82398564 -0.78902793
 -0.74006921 -0.68868196 -0.60799104 -0.52370119 -0.39284989 -0.30761358
 -0.17656071 -0.02130175  0.14556503]
[ 2.38090586e-02  1.48019362e-02  1.63220353e-02 -6.80381025e-04
 -9.74070514e-04 -1.78467631e-02 -2.20285244e-02 -3.82585637e-02
 -4.54143584e-02 -4.53543030e-02 -5.41107059e-02 -6.39168397e-02
 -6.80356771e-02 -7.09286854e-02 -7.41126984e-02 -6.05268553e-02
 -6.19034767e-02 -5.79144359e-02 -4.97426577e-02 -3.52831930e-02
 -2.72849295e-02 -2.03642081e-02 -1.45863686e-02 -1.23095373e-02
 -2.56682560e-02 -2.22297665e-02 -1.82005614e-02  8.88341572e-03
  1.53033854e-03  5.67439897e-03  2.01066136e-02  2.81592794e-02
  3.45611311e-02  5.57122082e-02  5.60946949e-02  5.11930920e-02
  5.05386591e-02  4.67142500e-02  4.38863151e-02  4.19666246e-02
  2.69302018e-02  1.27727231e-02  7.59915775e-03  6.91998564e-03
 -8.93062024e-05  6.87142601e-03 -5.67409443e-03 -1.46607896e-02
 -2.63676737e-02 -1.33726019e-02 -1.06709283e-02 -2.51166243e-02
 -4.37616482e-02 -4.35951576e-02 -5.94469905e-02 -6.02161102e-02
 -7.34817088e-02 -6.71765879e-02 -6.75528422e-02 -7.26651102e-02
 -5.51988482e-02 -4.82012555e-02 -4.55203019e-02 -3.73223349e-02
 -3.73649932e-02 -3.80301960e-02 -3.12706120e-02 -2.62163170e-02
 -2.65554432e-02 -3.12304646e-02 -5.28502092e-02 -6.21504560e-02
 -7.21950904e-02 -8.08802173e-02 -8.93874690e-02 -9.02353451e-02
 -9.23503265e-02 -8.71731490e-02 -8.29492360e-02 -6.21420257e-02
 -4.78317328e-02 -4.26375493e-02 -2.70938538e-02 -1.85978357e-02
 -1.32319648e-02 -2.42241472e-03 -6.58653863e-03 -6.92660734e-03
 -2.00636964e-02 -2.70809047e-02 -1.66922230e-02 -9.21028573e-03
 -1.53807700e-02 -1.11492407e-02 -1.24542015e-02 -1.59511697e-02
 -1.34355854e-02 -7.52777979e-03 -9.17324051e-03 -2.72100177e-02
 -3.99779901e-02 -3.81770879e-02 -4.94681038e-02 -5.15300594e-02
 -4.77506518e-02 -2.72236019e-02 -2.37676594e-02 -2.97839027e-02
 -5.16191823e-03  1.79393888e-02  3.45362686e-02]
[ 0.04660422  0.03359611  0.03245101  0.01331676  0.00091953  0.00255151
  0.0069801   0.00732478  0.01213538  0.01182003  0.00768239  0.01030991
  0.01936247  0.01422023  0.00572079 -0.00332533 -0.01291731 -0.01279302
 -0.02645539 -0.03147495 -0.03115295 -0.03725063 -0.03951173 -0.04466274
 -0.04318191 -0.04866535 -0.04649595 -0.03101427 -0.03612718 -0.04232093
 -0.04447867 -0.05074364 -0.03924198 -0.032901   -0.03456728 -0.02307508
 -0.01164334  0.01294217  0.01333738  0.02988172  0.03424156  0.04584009
  0.02290602  0.01007754  0.01007162 -0.01680154 -0.02682556 -0.0140842
 -0.01831833 -0.0168606  -0.02041524 -0.01534572 -0.01684274 -0.00400031
 -0.00737911 -0.01356051 -0.02202708 -0.02942633 -0.02996829 -0.02765921
 -0.02506359 -0.03486159 -0.0358602  -0.04175675 -0.04211636 -0.04157499
 -0.03831082 -0.04356629 -0.03682669 -0.04278822 -0.04861495 -0.06393883
 -0.06559561 -0.05910664 -0.05471492 -0.06709409 -0.08092313 -0.09267192
 -0.1066234  -0.10730609 -0.10580965 -0.1072996  -0.11069067 -0.10074161
 -0.08255856 -0.06455617 -0.04901805 -0.04568115 -0.04584542 -0.03765354
 -0.03193747 -0.02614979 -0.03781309 -0.03887155 -0.0345567  -0.02473221
 -0.0186244  -0.00428604  0.00160216  0.00678817  0.01690235  0.02302518
  0.02014191  0.02829655  0.03476646  0.03590322  0.03689096  0.04133976
  0.03623274  0.03179268  0.02006054  0.01945974  0.01670496  0.00056167
  0.00319959  0.00017805 -0.00092957  0.00984029  0.01412829  0.02111309
  0.01324792  0.01118979  0.01692375  0.01008078  0.01727257  0.02539324
  0.03323373]
[ 9.41390544e-02  1.13829859e-01  1.36558264e-01  1.55281052e-01
  1.74186498e-01  1.95424095e-01  2.23224655e-01  2.38335013e-01
  2.63276219e-01  2.73136824e-01  2.76650757e-01  2.75836855e-01
  2.90047258e-01  2.83611119e-01  2.91295707e-01  2.89415151e-01
  2.92584538e-01  3.18255812e-01  3.41377944e-01  3.37331116e-01
  3.57948661e-01  3.68033260e-01  3.67174238e-01  3.55618715e-01
  3.64918590e-01  3.63641053e-01  3.32742006e-01  3.12353075e-01
  2.88957417e-01  2.71600157e-01  2.27558076e-01  1.88932076e-01
  1.37311906e-01  8.53271708e-02  3.64502780e-02  6.58108154e-03
 -5.40737472e-02 -9.34254304e-02 -1.46680832e-01 -2.00747088e-01
 -2.19742134e-01 -2.40012482e-01 -2.71063030e-01 -2.80350327e-01
 -3.00073832e-01 -2.97703207e-01 -2.91113287e-01 -2.65371919e-01
 -2.55189329e-01 -2.30810106e-01 -2.17777669e-01 -2.01173484e-01
 -1.86234206e-01 -1.96664065e-01 -1.96512491e-01 -2.00429872e-01
 -2.14754939e-01 -2.36535877e-01 -2.53031552e-01 -2.65433937e-01
 -2.61844128e-01 -2.57423252e-01 -2.50336081e-01 -2.30479509e-01
 -1.66660175e-01 -8.65917355e-02  2.07254011e-03  7.13374317e-02
  1.51799515e-01  2.21673965e-01  3.10219944e-01  4.02905464e-01
  4.77301359e-01  5.42063713e-01  5.68157494e-01  5.70844889e-01
  5.64324975e-01  5.31453133e-01  4.98003870e-01  4.14137781e-01
  3.17538083e-01  2.18573779e-01  9.98189002e-02  5.17328561e-04
 -1.13570541e-01 -2.05515951e-01 -3.16580892e-01 -3.74495596e-01
 -4.41230565e-01 -4.97063190e-01 -5.14865756e-01 -5.46904445e-01
 -5.51360488e-01 -5.52466452e-01 -5.42458296e-01 -5.33194423e-01
 -5.22870958e-01 -5.10724187e-01 -5.09105265e-01 -5.11203945e-01
 -5.29439330e-01 -5.60832024e-01 -5.84484518e-01 -5.91842175e-01
 -6.06818855e-01 -5.92927217e-01 -5.62160790e-01 -5.18105149e-01
 -4.56872195e-01 -3.68734628e-01 -2.54825711e-01 -1.41227365e-01
 -3.03013660e-02  8.62691328e-02  1.95432067e-01  3.41444522e-01
  4.67730165e-01  5.87225199e-01  6.88708186e-01  7.78745532e-01
  8.46475184e-01  9.00961101e-01  9.40078557e-01  9.29798305e-01
  8.90112877e-01  8.49990726e-01  7.88454771e-01  7.08287537e-01
  6.09466314e-01  4.80088055e-01  3.50819230e-01  1.80304468e-01
  5.09737805e-02 -1.48238063e-01 -3.11695784e-01 -5.05763233e-01
 -6.51008427e-01 -7.84847975e-01 -8.80479515e-01 -9.67545748e-01
 -9.84563112e-01 -9.93423581e-01 -9.66694176e-01 -8.98742795e-01
 -8.00427079e-01]
[ 0.03677953  0.01132343 -0.01545629 -0.03183852 -0.04842499 -0.06209662
 -0.07459344 -0.07896294 -0.08572808 -0.08217171 -0.08063705 -0.08264887
 -0.08153198 -0.07594981 -0.07368736 -0.07056472 -0.07384976 -0.06674537
 -0.07865245 -0.0780497  -0.08387412 -0.09161475 -0.09956452 -0.09963626
 -0.11093783 -0.1112074  -0.10443543 -0.08789374 -0.08303916 -0.0663624
 -0.04926755 -0.0362422  -0.01883753  0.00584719  0.01638539  0.03649364
  0.04996805  0.06118585  0.0703337   0.0696669   0.07566114  0.08358715
  0.08690116  0.08174063  0.0740792   0.06271446  0.05154591  0.05102619
  0.03864273  0.01914082  0.00518518 -0.00275843 -0.02232244 -0.0365454
 -0.04769265 -0.05271138 -0.06375519 -0.06767179 -0.06900883 -0.07101425
 -0.06286553 -0.0502893  -0.04500417 -0.04311027 -0.04168687 -0.04977298
 -0.04104568 -0.04169129 -0.04262972 -0.04775266 -0.07261173 -0.09993591
 -0.12381711 -0.13219343 -0.14694425 -0.16008604 -0.17147024 -0.17168105
 -0.1672506  -0.16211353 -0.1390857  -0.12625104 -0.10314284 -0.07982193
 -0.04789759 -0.02583135 -0.00785909  0.00731733  0.02903284  0.0522537
  0.06948247  0.07970017  0.08284151  0.08334619  0.08918024  0.08854934
  0.08940913  0.09623837  0.0871711   0.09178263  0.09897239  0.10404366
  0.1078987   0.11210613  0.12252478  0.11695644  0.12483508  0.12270882
  0.11988991  0.10957235  0.09102304  0.07458574  0.05081225  0.02177469
 -0.0099682  -0.04540161 -0.07804991 -0.10616829 -0.14338066 -0.16863765
 -0.19011149 -0.20692031 -0.21845244 -0.22172841 -0.22536407 -0.22799283
 -0.22189768 -0.21333969 -0.18597218 -0.17219783 -0.15021926 -0.12680237
 -0.09456624 -0.05832467 -0.02013272  0.04116597  0.07833706  0.10869593
  0.13355877  0.16274418  0.1855201   0.19036831  0.19847031  0.17413992
  0.16753636]
[ 0.05267514  0.03993034  0.02463034  0.02239326  0.00754904  0.00016551
 -0.01107529 -0.01188327 -0.01713586 -0.017971   -0.01325023 -0.01422412
 -0.01424784 -0.01053143 -0.00689934 -0.00660049 -0.00547167 -0.00270132
 -0.00187795 -0.00099278 -0.00200334 -0.00106466 -0.00127063 -0.00047837
 -0.00160085 -0.00022025 -0.00495086  0.00566984  0.00739687  0.00643386
  0.0087554   0.01390352  0.020305    0.02519531  0.0227393   0.03010556
  0.02238185  0.02371997  0.02715532  0.01772088  0.02023931  0.02369216
  0.00934264  0.01007601  0.01172106  0.01707422  0.01599824  0.02157247
  0.00695226 -0.0113013  -0.01795615 -0.03017461 -0.04521997 -0.0657239
 -0.08187332 -0.10397533 -0.10434989 -0.11653372 -0.11596184 -0.11501835
 -0.10844599 -0.10349437 -0.10795642 -0.08804081 -0.07664253 -0.07229221
 -0.06721064 -0.07175404 -0.0566982  -0.05622426 -0.04927105 -0.03618296
 -0.03141006 -0.03728327 -0.02776515 -0.01280767 -0.00378209  0.00287242
  0.00676524  0.00945214  0.00814719  0.01223688  0.01746591  0.01612838
  0.00704409  0.0041714  -0.00847607 -0.01134618 -0.01377291 -0.02183049
 -0.02768944 -0.03548602 -0.04453109 -0.0368163  -0.0257716  -0.02664152
 -0.0305383  -0.02710434 -0.02337307 -0.03085138 -0.03551459 -0.04434212
 -0.05203087 -0.06580947 -0.06102505 -0.06764041 -0.07374213 -0.06124705
 -0.05647039 -0.05075671 -0.04620283 -0.0444119  -0.03903531 -0.03611785
 -0.03283267 -0.03176957 -0.02581157 -0.01056032 -0.00963927  0.00305102
  0.01001734  0.02177275  0.02567138  0.02968248  0.031952    0.02818927
  0.03960617  0.03922754  0.03462239  0.03293899  0.02615381  0.02279759
  0.02223256  0.01911014  0.00955071 -0.00484513 -0.01309236 -0.02380687
 -0.02740481 -0.03351803 -0.04465505 -0.04349285 -0.04936364 -0.05803655
 -0.06345591 -0.06044524 -0.06757789 -0.07065213 -0.07649133 -0.07937044
 -0.08045784 -0.09108017 -0.07852902 -0.06629468 -0.05516712]
[ 6.11226913e-03  2.92972731e-03 -5.40964771e-03 -1.76966153e-02
 -2.63546128e-02 -3.57798561e-02 -4.19413894e-02 -3.03602312e-02
 -2.76443232e-02 -2.44482979e-02 -1.98101923e-02 -1.66525170e-02
 -1.99840814e-02 -2.52751596e-02 -1.84893459e-02 -1.92354247e-02
 -2.18968075e-02 -2.26682983e-02 -2.39529610e-02 -2.13697758e-02
 -1.80166066e-02 -1.29166516e-02 -6.50571054e-03 -6.01333613e-03
 -7.44675426e-03 -7.91372359e-03  8.42466950e-04  2.07990734e-03
 -3.01289116e-03 -1.05714693e-03 -8.15925840e-03 -4.36229957e-03
 -5.78162353e-03 -5.37348446e-03 -6.38002716e-03 -5.85946953e-03
 -5.87164750e-03 -9.65153985e-03 -7.23465811e-03 -2.15764041e-03
  1.93934201e-03  2.51193414e-03  4.51644231e-03  8.88782181e-03
  1.05721466e-02  1.53991412e-02  2.18096301e-02  2.33393814e-02
  1.25363264e-02  1.14472816e-02  5.17575257e-03  8.26336350e-03
  2.47834745e-04 -8.50434043e-03 -1.87319480e-02 -2.85279285e-02
 -4.15785052e-02 -3.29847708e-02 -3.19930948e-02 -2.98812762e-02
 -2.28472762e-02 -1.41110839e-02  3.48297320e-03  1.00987675e-02
  1.95132494e-02  1.31551903e-02  6.10648282e-03  1.18556581e-02
  7.63257407e-03  9.90610849e-03 -7.49996025e-03 -1.49200186e-02
 -2.72962395e-02 -3.21865901e-02 -4.09143865e-02 -5.00842221e-02
 -5.45119792e-02 -5.80745190e-02 -6.21823370e-02 -6.61383942e-02
 -6.37353063e-02 -5.95161207e-02 -5.09557873e-02 -4.47675437e-02
 -3.37829217e-02 -2.67353524e-02 -2.00283825e-02 -1.32459216e-02
 -9.28658992e-03 -7.13222474e-03 -3.26321507e-03 -1.17292544e-02
  1.16823976e-04  6.03818428e-03  3.79123259e-03 -2.03366717e-03
 -5.78713894e-04  1.24930646e-02  1.04121855e-02  9.33121424e-03
  1.12019777e-02  6.65308349e-03 -2.48074159e-03 -1.17000509e-02
 -5.69574628e-03 -1.35755930e-02 -1.29716136e-02 -9.45149828e-03
 -7.64122792e-03 -1.06105544e-02 -2.08575632e-02 -2.15516500e-02
 -2.42284238e-02 -2.40219496e-02 -3.29403728e-02 -4.23279218e-02
 -4.17169072e-02 -4.47438098e-02 -4.78119478e-02 -3.73666957e-02
 -3.92158777e-02 -4.06302698e-02 -4.28436100e-02 -3.30475308e-02
 -3.40362564e-02 -3.29705775e-02 -3.96064743e-02 -3.85650732e-02
 -3.92084718e-02 -3.70583311e-02 -3.26907150e-02 -4.00742628e-02
 -4.43325453e-02 -4.52742577e-02 -3.15993242e-02 -2.60140263e-02
 -2.48060096e-02 -2.42619365e-02 -2.04497501e-02 -6.31740596e-03
  7.53193954e-03  2.77443770e-02  2.77853068e-02  2.86713019e-02
  3.75250392e-02  4.22320962e-02  3.89956236e-02  2.83512790e-02
  1.85243245e-02 -2.36979453e-03 -1.61692239e-02 -1.98184960e-02
 -2.59238724e-02 -3.01678441e-02 -3.77797745e-02 -3.99547257e-02
 -3.95852104e-02 -4.64461297e-02 -5.01846448e-02 -5.36766686e-02
 -6.14465848e-02 -7.88160190e-02 -8.97886679e-02 -1.00637019e-01
 -1.11507155e-01 -1.22100137e-01 -1.27033010e-01 -1.37044504e-01
 -1.32477269e-01 -1.32243097e-01 -1.21815674e-01 -1.04465902e-01
 -1.03495829e-01 -8.56046081e-02 -7.96912014e-02 -5.82328737e-02
 -5.71441129e-02]
[ 6.76823929e-02  4.53868769e-02  3.07014417e-02  1.34066818e-02
 -6.15367608e-04 -9.92451981e-03 -2.35900506e-02 -2.72266492e-02
 -2.57529840e-02 -3.08735184e-02 -3.64592075e-02 -3.55259329e-02
 -3.54257785e-02 -3.43343727e-02 -3.56362462e-02 -3.53527777e-02
 -3.22164409e-02 -3.17397118e-02 -2.64988020e-02 -3.13205346e-02
 -2.71456800e-02 -2.53802296e-02 -2.20242329e-02 -2.12135874e-02
 -1.24157509e-02 -1.23828286e-02 -9.25779250e-03 -6.40380895e-03
 -7.44499033e-03 -5.91306621e-03 -5.39970957e-03 -5.52806631e-03
 -3.46219982e-03 -1.44747330e-03 -5.69902174e-03  2.38969643e-03
  3.24385997e-04  7.64747290e-03  3.83301638e-03  4.43130592e-03
 -7.56858243e-03 -1.02742221e-02 -1.71735492e-02 -2.22720355e-02
 -2.13503800e-02 -1.62797775e-02 -1.20324781e-02 -1.74958911e-02
 -1.65449940e-02 -1.27473827e-02 -4.48268559e-03 -3.77490744e-03
 -9.90170147e-03 -2.04863027e-02 -2.69137602e-02 -2.71063875e-02
 -2.62553487e-02 -2.13172249e-02 -2.31656153e-02 -2.07478069e-02
 -2.83031985e-02 -2.37342287e-02 -2.35990435e-02 -2.06859428e-02
 -1.79527309e-02 -2.14293282e-02 -1.73883773e-02 -1.48426183e-02
 -6.36482611e-03 -1.91220164e-03 -1.49341082e-04  3.30798654e-03
  5.78820566e-03  4.62607620e-03  5.80104627e-03  8.43999814e-03
  2.82279099e-04 -8.51571094e-04 -5.11065964e-03 -7.43614836e-03
 -1.32883191e-02 -1.82429012e-02 -2.15670634e-02 -2.47868020e-02
 -2.80926581e-02 -2.62938179e-02 -3.18696871e-02 -2.59188954e-02
 -2.67593134e-02 -2.54635848e-02 -2.69733611e-02 -2.25833822e-02
 -2.08633840e-02 -1.26372045e-02 -2.08912361e-02 -2.34140158e-02
 -2.45795883e-02 -2.04783417e-02 -1.02013024e-02 -1.16408635e-02
 -1.03961490e-02 -1.15553020e-02 -1.50857503e-02 -9.09310021e-03
 -5.25002042e-03  6.39512949e-03  1.03281960e-02  1.08891428e-02
  1.55603448e-02  1.93729140e-02  2.34781094e-02  1.92084014e-02
  1.66217852e-02  8.02809745e-03  2.05123541e-03  2.50955648e-03
 -9.75493249e-03 -1.37042310e-02 -9.61093977e-03 -1.42242927e-02
 -7.78247230e-03 -2.85020866e-03 -6.16134377e-04 -9.27825968e-05
  1.79718202e-03 -3.84281366e-03 -1.32225137e-02 -1.30113643e-02
 -2.49532517e-02 -2.61079893e-02 -3.50224450e-02 -4.45747487e-02
 -5.19214012e-02 -5.74540421e-02 -5.89659214e-02 -6.65747076e-02
 -7.02640414e-02 -7.71421343e-02 -7.17732534e-02 -6.95128441e-02
 -6.56277761e-02 -5.86204976e-02 -5.77105805e-02 -5.13690524e-02
 -3.29676121e-02 -2.16877032e-02 -1.08385915e-02 -7.27507705e-03
 -7.50603108e-03 -2.74399645e-03  3.48233129e-03  5.68020623e-03
  8.54040682e-03  6.81080529e-03 -1.52103556e-03  6.23441592e-04
 -1.53624837e-03 -1.90396968e-03 -4.06953087e-03 -5.76181943e-03
 -1.89556852e-02 -1.84700601e-02 -3.10744680e-02 -3.55033502e-02
 -3.93863581e-02 -4.40988354e-02 -4.81895134e-02 -5.42448610e-02
 -5.68518266e-02 -6.25921562e-02 -6.71838298e-02 -7.37482011e-02
 -8.31765831e-02 -9.60352719e-02 -1.05379321e-01 -1.06369436e-01
 -1.14047654e-01 -1.11486465e-01 -1.07090972e-01 -1.03153415e-01
 -9.66547653e-02 -8.71039554e-02 -8.72888491e-02 -7.69837722e-02
 -7.29074776e-02 -6.54951185e-02 -4.97151911e-02]
[ 5.34120873e-02  3.36398371e-02  3.95824341e-03 -1.09805102e-02
 -3.87088358e-02 -5.12318499e-02 -6.39156923e-02 -7.19761252e-02
 -8.57708156e-02 -9.37174484e-02 -1.00143835e-01 -9.90322828e-02
 -1.00012757e-01 -9.31003541e-02 -9.05464813e-02 -8.50090384e-02
 -7.88804218e-02 -7.21291080e-02 -6.98508620e-02 -6.33119121e-02
 -5.33664003e-02 -4.89432029e-02 -4.92462963e-02 -4.73718941e-02
 -4.51912098e-02 -4.08840254e-02 -3.93262319e-02 -3.58105451e-02
 -3.10012270e-02 -2.82345675e-02 -3.13088410e-02 -2.91729514e-02
 -2.72746738e-02 -2.29495484e-02 -2.34855190e-02 -1.71092916e-02
 -1.65053606e-02 -2.29043923e-02 -1.62212644e-02 -1.87413804e-02
 -1.00079691e-02 -1.01496419e-02 -9.04332497e-04  1.48673949e-04
  1.79956993e-03  1.05185518e-02  1.53402910e-02  2.40549874e-02
  1.90437958e-02  1.78891029e-02  9.42128152e-03  5.86355571e-03
 -8.76084529e-03 -1.69543996e-02 -3.09445634e-02 -4.43918891e-02
 -5.32926545e-02 -6.32574931e-02 -6.76790625e-02 -6.97162673e-02
 -7.46125877e-02 -8.04333463e-02 -8.60685036e-02 -8.83367732e-02
 -8.45626742e-02 -8.53228644e-02 -8.34460109e-02 -8.30669254e-02
 -8.32490176e-02 -8.91310349e-02 -8.95432606e-02 -8.77323449e-02
 -8.67958963e-02 -8.33217576e-02 -8.03927481e-02 -7.83567354e-02
 -7.68256336e-02 -7.52337277e-02 -7.26907030e-02 -6.73789829e-02
 -6.26201853e-02 -6.03437051e-02 -5.51609062e-02 -5.13278693e-02
 -5.02838977e-02 -4.38137986e-02 -3.42916697e-02 -3.18785161e-02
 -2.01993268e-02 -1.49004869e-02 -1.02583505e-02 -5.90574043e-03
 -5.29496174e-04 -3.59578589e-05  1.71976408e-03  4.30865027e-03
  5.33965742e-03  8.33872985e-03  1.05639789e-02  1.40485866e-02
  1.32892728e-02  1.33526037e-02  1.94694642e-02  2.61286274e-02
  2.91184094e-02  3.71279679e-02  5.09793423e-02  6.08494245e-02
  6.99726790e-02  8.12958851e-02  8.74311328e-02  8.86586756e-02
  9.77524370e-02  1.02823213e-01  9.97904688e-02  9.94378701e-02
  1.00394338e-01  9.61617082e-02  1.01882689e-01  1.07804462e-01
  1.12596057e-01  1.14511192e-01  1.15511678e-01  1.23739943e-01
  1.27210677e-01  1.22216642e-01  1.19848579e-01  1.13649026e-01
  1.02540478e-01  9.64419022e-02  8.97203907e-02  7.80290365e-02
  7.19037428e-02  5.75228073e-02  4.88356203e-02  3.71625684e-02
  1.71704981e-02  6.79245638e-03  2.85641802e-03 -1.99814490e-03
 -1.07373679e-02 -1.65039450e-02 -2.21144110e-02 -2.83667855e-02
 -3.27227786e-02 -3.34950350e-02 -3.65230851e-02 -4.10024785e-02
 -4.83342186e-02 -5.98068871e-02 -7.06583634e-02 -7.99566507e-02
 -8.47405419e-02 -8.46873000e-02 -8.27556029e-02 -8.35130885e-02
 -8.49521756e-02 -8.36608559e-02 -8.11597332e-02 -7.28608742e-02
 -6.83638304e-02 -5.95845021e-02 -5.71488738e-02 -4.87269089e-02
 -4.35155891e-02 -2.90891659e-02 -2.64062323e-02 -2.32663490e-02
 -1.75790284e-02 -1.52209243e-02 -1.68574080e-02 -1.75701175e-02
 -2.50855312e-02 -3.55497934e-02 -4.35913727e-02 -5.81538007e-02
 -5.94636500e-02 -6.55503646e-02 -6.78567290e-02 -7.17451051e-02
 -7.22092018e-02 -8.08356926e-02 -8.75573158e-02 -9.12331790e-02
 -8.82993117e-02 -9.32077542e-02 -9.70763415e-02 -1.06762260e-01
 -1.12618178e-01 -1.13905951e-01 -1.10745050e-01 -1.09032109e-01
 -1.07637852e-01 -1.10110067e-01 -1.07151248e-01 -1.06722020e-01
 -1.07467860e-01 -1.05281644e-01 -1.02020718e-01 -1.00721262e-01
 -9.49702635e-02 -9.32273939e-02 -7.90651068e-02 -7.26172775e-02
 -5.62995523e-02 -4.20210883e-02 -2.78825909e-02 -1.58084631e-02
 -8.62869062e-03 -4.50571906e-03  6.76297117e-04 -3.73868621e-03
 -7.57312961e-03 -2.60535963e-02 -3.27181704e-02 -4.83234599e-02
 -6.37245178e-02 -8.56129229e-02 -1.03891760e-01 -1.18354701e-01
 -1.32889166e-01 -1.42583907e-01 -1.50191769e-01 -1.54414594e-01
 -1.47660598e-01 -1.49897307e-01 -1.50462180e-01 -1.53108388e-01
 -1.52906358e-01 -1.60687149e-01 -1.63330168e-01 -1.69828072e-01
 -1.75568447e-01 -1.87809095e-01 -2.01052979e-01 -2.11635157e-01
 -2.10377127e-01 -2.05306470e-01 -2.05386266e-01 -1.85901910e-01
 -1.66870311e-01 -1.37418509e-01 -1.02303192e-01]
[ 0.08882265  0.05088783  0.01921006 -0.00568895 -0.03466651 -0.06285094
 -0.0757101  -0.08568172 -0.08711874 -0.09402483 -0.09427363 -0.0935741
 -0.09123807 -0.08785941 -0.08669417 -0.08056192 -0.07589325 -0.070834
 -0.06622621 -0.06201085 -0.05836698 -0.053221   -0.05330263 -0.0499991
 -0.05331925 -0.04736367 -0.04915932 -0.05066549 -0.0479237  -0.05262885
 -0.05707232 -0.05835361 -0.06350599 -0.06720034 -0.07075741 -0.07673652
 -0.07355887 -0.07685904 -0.06726128 -0.06568387 -0.05689442 -0.05259509
 -0.0416115  -0.03046804 -0.02724579 -0.02441002 -0.01970603 -0.02615687
 -0.02811161 -0.03847929 -0.05612237 -0.06839571 -0.08447261 -0.1004365
 -0.11200625 -0.12235646 -0.13661839 -0.14157341 -0.14712618 -0.15053733
 -0.15048435 -0.1481571  -0.14339831 -0.13996555 -0.13544312 -0.13332017
 -0.12615888 -0.11622496 -0.109292   -0.09955616 -0.09415127 -0.08997007
 -0.08281665 -0.07402527 -0.06633244 -0.05668651 -0.04748008 -0.03782474
 -0.03294596 -0.02784809 -0.02040329 -0.01381964 -0.00934181 -0.00637895
  0.00046908  0.002817    0.00438707  0.00415593  0.00454099  0.00630774
  0.00827516  0.0094019   0.00621959  0.00474645  0.00561321  0.00447016
  0.00614377  0.00923797  0.00869478  0.01246153  0.01357854  0.01910622
  0.02149676  0.02013294  0.02279963  0.02431148  0.0204299   0.01880666
  0.02064805  0.01706057  0.01611693  0.01867888  0.01666861  0.01748353
  0.02508479  0.03023708  0.03549837  0.04409853  0.05147482  0.06162703
  0.07515532  0.07904846  0.08745909  0.09231279  0.09109939  0.09126291
  0.09196766  0.0885198   0.08701096  0.08416055  0.08327784  0.08061852
  0.08314431  0.08315235  0.08507434  0.08479605  0.08690742  0.09240935
  0.09554601  0.09792183  0.10055292  0.10175977  0.09797148  0.0979575
  0.09495842  0.08943804  0.08464709  0.07864879  0.07284339  0.06530511
  0.05860018  0.05344486  0.04950901  0.04484655  0.03841612  0.03306131
  0.02481217  0.0148534   0.00451161 -0.00798848 -0.01734328 -0.02858761
 -0.04110929 -0.05331167 -0.06765687 -0.0815863  -0.09305605 -0.10211328
 -0.11381999 -0.11962476 -0.12460566 -0.13048758 -0.13191757 -0.12788138
 -0.12690693 -0.11848877 -0.11514417 -0.10346343 -0.09641138 -0.08369126
 -0.07334825 -0.05907569 -0.04529508 -0.03732716 -0.01980269 -0.01111342
  0.00156225  0.00949197  0.0165987   0.02199419  0.02246562  0.02018675
  0.01274428  0.00554069 -0.00531543 -0.01515317 -0.03166184 -0.04375146
 -0.06399234 -0.06739131 -0.07876759 -0.08162963 -0.09219505 -0.08948066
 -0.09885596 -0.10228743 -0.10415963 -0.10878947 -0.12082621 -0.13362172
 -0.14320563 -0.15596834 -0.17392707 -0.19488072 -0.20682804 -0.21841577
 -0.22926171 -0.23466238 -0.23189859 -0.22914615 -0.22749892 -0.21506478
 -0.20730984 -0.19005071 -0.1839484  -0.1661123  -0.17160049 -0.16402385
 -0.16460283 -0.15689403 -0.14950179 -0.14431906 -0.12882273 -0.11626899
 -0.10443066 -0.08346719 -0.07516556 -0.05612125 -0.04839204 -0.0342272
 -0.03690533 -0.03545992 -0.04591887 -0.05368973 -0.07193033 -0.0781002
 -0.08650988 -0.09414106 -0.09594323 -0.09313372 -0.0964877  -0.09144033
 -0.08676807 -0.07671434 -0.07533763 -0.07060775 -0.06025541 -0.05511704
 -0.05137883 -0.04854242 -0.05069881 -0.05053029 -0.04336071 -0.0294679
 -0.022021   -0.00128748]
[ 0.1205426   0.07401114  0.04959029  0.01338382 -0.0127297  -0.03834829
 -0.05081727 -0.06715877 -0.08098321 -0.08881351 -0.09349057 -0.08989019
 -0.0931483  -0.09184173 -0.09102924 -0.0894734  -0.08218713 -0.08345623
 -0.07796179 -0.07732534 -0.07246106 -0.0642596  -0.06228222 -0.05929775
 -0.06057879 -0.05965788 -0.05922939 -0.05570877 -0.05340806 -0.05045668
 -0.05246904 -0.05472085 -0.05542762 -0.05629975 -0.05882561 -0.05894901
 -0.05666679 -0.06460793 -0.06302971 -0.06443628 -0.06027392 -0.05623167
 -0.05186953 -0.04494021 -0.0476093  -0.04188538 -0.04031141 -0.04538085
 -0.04952405 -0.05786388 -0.07099269 -0.08237894 -0.09495248 -0.10966242
 -0.12541679 -0.13651879 -0.14709434 -0.15313178 -0.16205949 -0.16675131
 -0.1689364  -0.17112185 -0.17069122 -0.16625048 -0.15658838 -0.15419835
 -0.14630656 -0.13804142 -0.13008706 -0.11819528 -0.10858856 -0.09759101
 -0.09218181 -0.08215398 -0.07451266 -0.06575492 -0.05305293 -0.04925107
 -0.03983397 -0.03145665 -0.02783828 -0.02139724 -0.01674498 -0.01070861
 -0.00650847 -0.00106562  0.00649163  0.01331575  0.01638898  0.02310283
  0.02621837  0.03011636  0.03116068  0.03269441  0.03184125  0.02926241
  0.02653506  0.02568648  0.02700086  0.02547203  0.02839824  0.0310035
  0.03036659  0.03347157  0.03026248  0.03094837  0.0286344   0.02676569
  0.02158896  0.0190368   0.01461394  0.01625616  0.00846913  0.0149412
  0.01233926  0.0194016   0.02574543  0.04105909  0.04873802  0.06003756
  0.07158186  0.07971188  0.08699892  0.09180328  0.09215547  0.08761521
  0.07862952  0.073146    0.06933156  0.0595383   0.05573609  0.0475632
  0.04682251  0.04702844  0.05024518  0.05402268  0.06181883  0.0636195
  0.07261235  0.08101725  0.08583178  0.09288774  0.09748216  0.09924769
  0.09985427  0.10178873  0.09897452  0.09310758  0.09120947  0.0829394
  0.07929755  0.07485241  0.07123911  0.06739331  0.06585282  0.06708599
  0.05976032  0.05753186  0.05273486  0.04030263  0.02529852  0.01832457
  0.00260348 -0.00822847 -0.02173488 -0.03711385 -0.04817194 -0.06008363
 -0.06759945 -0.07574905 -0.08260687 -0.09304441 -0.09669942 -0.1008612
 -0.10686104 -0.10378691 -0.1106798  -0.10595463 -0.10652586 -0.1050621
 -0.10906877 -0.10559828 -0.10463302 -0.09584038 -0.09078537 -0.08202492
 -0.07690231 -0.0635208  -0.04668774 -0.0289463  -0.01937569 -0.01195921
 -0.00447218  0.000239    0.00752362  0.00667434  0.00529268 -0.00684478
 -0.00769344 -0.0172183  -0.02281538 -0.03584038 -0.04575567 -0.06321881
 -0.07366879 -0.08667911 -0.09990078 -0.11181106 -0.12041087 -0.12590249
 -0.13775373 -0.14297743 -0.1501642  -0.16138521 -0.17834757 -0.19034797
 -0.20169805 -0.21163982 -0.2182043  -0.22712687 -0.22493121 -0.23239928
 -0.23035462 -0.22896543 -0.22930218 -0.22512069 -0.22773242 -0.21701922
 -0.21321459 -0.2091406  -0.19383985 -0.17932005 -0.16863674 -0.14957084
 -0.14084198 -0.12069366 -0.10988626 -0.10003416 -0.0868829  -0.07547036
 -0.06661069 -0.04837214 -0.04792616 -0.03314018 -0.03494547 -0.02905832
 -0.02982855 -0.02547937 -0.03132891 -0.03362592 -0.03823491 -0.0453353
 -0.04359966 -0.04999834 -0.05150375 -0.05642122 -0.0553683  -0.0543899
 -0.06529027 -0.06540367 -0.06509837 -0.06039865 -0.06566727 -0.06746072
 -0.06910292 -0.06567664 -0.05022152 -0.0378813  -0.01452212 -0.00583647]
[ 0.20006579  0.15805966  0.12569623  0.0903831   0.0628112   0.0402485
  0.013862   -0.00134567 -0.01785032 -0.02315478 -0.03126106 -0.03541017
 -0.04001124 -0.0404934  -0.0433063  -0.04346605 -0.04845447 -0.05433757
 -0.058909   -0.06349315 -0.0597192  -0.05970406 -0.06187094 -0.06173953
 -0.05840745 -0.05669238 -0.06112279 -0.06074124 -0.05600742 -0.05067104
 -0.04803287 -0.04175853 -0.03969285 -0.03400623 -0.03270418 -0.02703556
 -0.03029147 -0.02956672 -0.02737368 -0.03026057 -0.02457716 -0.02185715
 -0.02107166 -0.02419034 -0.02944744 -0.03646113 -0.047256   -0.06966992
 -0.08593102 -0.11414886 -0.13382556 -0.15368631 -0.17161298 -0.18692274
 -0.20098181 -0.21771976 -0.22268504 -0.22527589 -0.22993551 -0.23124611
 -0.22787771 -0.22462617 -0.21828264 -0.20995134 -0.20384225 -0.19276962
 -0.17956416 -0.16878654 -0.15896088 -0.14814697 -0.13484117 -0.12474872
 -0.1108319  -0.10217401 -0.09365809 -0.08516815 -0.07633144 -0.06767724
 -0.06184998 -0.05322699 -0.05301805 -0.04628568 -0.04052206 -0.03256428
 -0.02416572 -0.01901057 -0.00994757  0.00121465  0.01269066  0.02221806
  0.03355585  0.04495195  0.05106728  0.06016982  0.06823184  0.0726761
  0.07298315  0.07282782  0.0731132   0.07027333  0.06655529  0.06213473
  0.054933    0.04680656  0.04056633  0.03448944  0.0224581   0.01819276
  0.01114441  0.00909261  0.00956065  0.01206398  0.01573523  0.02236092
  0.03454095  0.0508602   0.06145708  0.06821723  0.07272472  0.07518204
  0.07973594  0.08187322  0.07952658  0.07159571  0.06638868  0.05809279
  0.05212617  0.04550084  0.03331706  0.02497101  0.01681095  0.0159457
  0.01219048  0.01499329  0.01316275  0.0159694   0.01828055  0.02206662
  0.02969099  0.03293666  0.04115666  0.04605375  0.04735747  0.05327733
  0.05501699  0.06251475  0.06383292  0.06886929  0.07310395  0.08072272
  0.08532038  0.09026311  0.09446095  0.09900856  0.10332815  0.10169961
  0.09487908  0.08863596  0.08640136  0.07576907  0.06877086  0.05793915
  0.04619299  0.04048118  0.03233455  0.03144704  0.02668703  0.02333462
  0.01887391  0.01834504  0.01560797  0.01674838  0.01223017  0.01228668
  0.00631373 -0.00173303 -0.00973148 -0.01575185 -0.02463874 -0.03880162
 -0.05021756 -0.06458875 -0.07608327 -0.09483535 -0.10643469 -0.1172708
 -0.1283056  -0.13624707 -0.14533353 -0.14573978 -0.13946074 -0.12931103
 -0.12095112 -0.10944715 -0.09903698 -0.08021159 -0.06874733 -0.04549884
 -0.03855746 -0.01939509 -0.00960814 -0.00105538  0.00384778  0.00438984
  0.00892608 -0.00273335 -0.01243694 -0.02738738 -0.0440315  -0.05242494
 -0.06875749 -0.08468577 -0.09580961 -0.10974645 -0.12029624 -0.12787622
 -0.13604964 -0.1474483  -0.16192441 -0.17030875 -0.18190391 -0.19541703
 -0.2131734  -0.23256388 -0.25024822 -0.27668083 -0.29168507 -0.30770627
 -0.31752762 -0.32632625 -0.32569399 -0.32235655 -0.31472668 -0.30410594
 -0.28405195 -0.26601273 -0.23604977 -0.21581018 -0.18683879 -0.16277531
 -0.13805181 -0.11336872 -0.09074873 -0.07680558 -0.0664212  -0.06328265
 -0.05033083 -0.04216564 -0.03068438 -0.02327611 -0.00467246  0.00521668
  0.02487623  0.03873855  0.04957837  0.06202407  0.06755917  0.0684468
  0.06400144  0.06463503  0.04763564  0.03247229  0.02082068  0.00210552
 -0.01034823 -0.02980505 -0.04881675 -0.07285141 -0.10161303 -0.12239636
 -0.14335446 -0.17004301 -0.19960622 -0.21752319 -0.21989262 -0.21495654
 -0.1952524  -0.1550806  -0.10883094 -0.06680951]
[ 3.35264385e-01  2.91492522e-01  2.59397060e-01  2.14282870e-01
  1.78100556e-01  1.41654640e-01  1.17264338e-01  9.24661011e-02
  7.79605582e-02  6.04449026e-02  5.10236584e-02  4.81688604e-02
  4.16576527e-02  3.87103707e-02  3.47957201e-02  3.54572460e-02
  2.83210222e-02  2.94478741e-02  2.41522007e-02  2.43349746e-02
  1.89669412e-02  1.61185991e-02  1.40690133e-02  5.03111724e-03
  4.09441022e-03 -7.43635278e-03 -9.50210076e-03 -9.05478187e-03
 -1.57374945e-02 -1.95111316e-02 -1.99190564e-02 -2.15861108e-02
 -2.62310132e-02 -2.60630194e-02 -3.05158589e-02 -3.66788618e-02
 -4.07710373e-02 -4.42248434e-02 -4.48377728e-02 -4.36167791e-02
 -3.90764996e-02 -3.25080007e-02 -3.09970621e-02 -2.89129093e-02
 -3.30348015e-02 -3.28059457e-02 -3.34576182e-02 -4.62605469e-02
 -5.58401644e-02 -7.43010193e-02 -9.17085931e-02 -1.16980419e-01
 -1.40255943e-01 -1.68373019e-01 -1.94872171e-01 -2.21174732e-01
 -2.41263583e-01 -2.63098121e-01 -2.79519677e-01 -2.91833192e-01
 -3.01748008e-01 -3.07723850e-01 -3.12084079e-01 -3.11220437e-01
 -3.03741664e-01 -2.94577181e-01 -2.79211611e-01 -2.66178131e-01
 -2.44767144e-01 -2.27803588e-01 -2.07186624e-01 -1.89262256e-01
 -1.73138082e-01 -1.59539729e-01 -1.44332230e-01 -1.35442033e-01
 -1.25479460e-01 -1.15127541e-01 -1.08863153e-01 -1.00594699e-01
 -9.29856002e-02 -8.53009000e-02 -7.65101984e-02 -6.86167330e-02
 -6.02331161e-02 -4.87789027e-02 -4.04079631e-02 -2.55627725e-02
 -1.46445744e-02 -3.92824877e-03  2.35009310e-03  8.15355591e-03
  1.79674011e-02  2.20777076e-02  2.87478045e-02  2.92155184e-02
  3.65889594e-02  3.80336531e-02  4.67004962e-02  5.35012111e-02
  6.18397258e-02  6.86527640e-02  7.57096782e-02  8.54686350e-02
  8.96776766e-02  9.52463970e-02  9.38239023e-02  9.44127142e-02
  9.11619440e-02  9.25155208e-02  8.99000168e-02  8.12918991e-02
  7.44008720e-02  7.59313703e-02  7.44379908e-02  7.42000639e-02
  7.94287249e-02  8.31547305e-02  8.47171322e-02  9.16814953e-02
  1.00630589e-01  1.06517531e-01  1.11210346e-01  1.03806473e-01
  1.00922383e-01  9.62723941e-02  8.91438499e-02  7.62012079e-02
  6.41023591e-02  5.17455004e-02  3.81014906e-02  3.12959068e-02
  2.05780379e-02  1.45986918e-02  6.03404688e-03  2.64779199e-03
  2.86726863e-03 -3.21925292e-03 -2.43068254e-03 -3.26372159e-04
  1.41778053e-03  5.05234767e-03  2.70410860e-03  3.10601521e-04
  1.26316572e-05  1.74592168e-03  2.63418816e-03  7.30521604e-03
  7.08930800e-03  6.08061953e-03  9.04570986e-03  1.48710823e-02
  2.04668585e-02  2.49777921e-02  3.23997289e-02  3.78096402e-02
  4.28650640e-02  4.77434658e-02  5.41531220e-02  5.46953380e-02
  5.90942241e-02  5.99953607e-02  5.71205206e-02  5.98564632e-02
  6.50693327e-02  6.80935830e-02  7.44340643e-02  7.49624968e-02
  8.29540417e-02  8.78727362e-02  8.95045102e-02  9.67490152e-02
  9.61948484e-02  9.58167166e-02  9.28380415e-02  9.41043496e-02
  9.35577080e-02  9.23381671e-02  8.86984244e-02  8.39015916e-02
  8.27404484e-02  7.76716322e-02  7.34508410e-02  6.37942851e-02
  5.71704581e-02  4.70257960e-02  4.15855758e-02  3.25214751e-02
  2.02067923e-02  2.23879950e-04 -1.18919145e-02 -2.99204476e-02
 -4.89737988e-02 -6.56558350e-02 -8.81352276e-02 -1.09092116e-01
 -1.27616405e-01 -1.41884953e-01 -1.48637593e-01 -1.56797200e-01
 -1.59182385e-01 -1.65038601e-01 -1.67244360e-01 -1.64307579e-01
 -1.61872029e-01 -1.55411214e-01 -1.52259648e-01 -1.36717394e-01
 -1.33672357e-01 -1.25075132e-01 -1.15903497e-01 -1.01814374e-01
 -9.02079642e-02 -8.05826858e-02 -6.68003634e-02 -6.93468451e-02
 -6.50938153e-02 -6.55539781e-02 -7.11602196e-02 -8.49746540e-02
 -9.18240622e-02 -1.15230747e-01 -1.33956462e-01 -1.50262877e-01
 -1.78326786e-01 -1.91343799e-01 -2.11024597e-01 -2.27843508e-01
 -2.37594306e-01 -2.49069259e-01 -2.52660275e-01 -2.59275198e-01
 -2.60510623e-01 -2.61204183e-01 -2.58834273e-01 -2.63310373e-01
 -2.63135016e-01 -2.67142832e-01 -2.65816838e-01 -2.74271101e-01
 -2.78340727e-01 -2.75595844e-01 -2.74400502e-01 -2.76605368e-01
 -2.62230814e-01 -2.59929091e-01 -2.45151311e-01 -2.27533400e-01
 -2.04531163e-01 -1.80733040e-01 -1.49990022e-01 -1.22676671e-01
 -9.60850716e-02 -5.27913123e-02 -2.96132956e-02  8.11597856e-04
  3.02534681e-02  5.92761971e-02  7.62707293e-02  9.68227535e-02
  1.02648102e-01  1.03727035e-01  1.14222504e-01  1.12717219e-01
  1.13427535e-01  1.02263667e-01  9.10187289e-02  6.85306564e-02
  5.68952821e-02  2.90974453e-02  8.09189770e-03 -2.33218186e-02
 -5.68718463e-02 -7.94007555e-02 -1.10566661e-01 -1.28061637e-01
 -1.48012221e-01 -1.57565773e-01 -1.64642051e-01 -1.54370993e-01
 -1.56437472e-01 -1.47436768e-01 -1.41528666e-01 -1.25942394e-01
 -1.29037425e-01 -1.19655989e-01 -1.16195686e-01 -1.12718336e-01
 -9.73739624e-02 -7.74282441e-02 -3.66337523e-02 -5.98201482e-03
  5.05834520e-02]
