[-0.03543103 -0.03556377 -0.02948102 -0.02699371 -0.02464784]
[ 0.01769569  0.0156963   0.00383012 -0.00293978 -0.00413608 -0.00173288
 -0.00522624 -0.00980888 -0.00857673 -0.00615445 -0.00848678 -0.01476726
 -0.02069333 -0.02937617 -0.0322486  -0.03894935 -0.03385864 -0.04571133
 -0.05223383 -0.04041819 -0.03742449 -0.03243761 -0.03333224 -0.03251467
 -0.03682364 -0.03330997 -0.0308437  -0.04298889 -0.04502611 -0.03975377
 -0.03102411 -0.03375341 -0.02695769 -0.02016137 -0.02330199 -0.0159172
 -0.01104818 -0.0154671  -0.0215835  -0.01550296]
[ 0.15469906  0.1394653   0.14256364  0.13232696  0.13498282  0.13549477
  0.11841479  0.10787356  0.06114621  0.04219227  0.00913941 -0.01422831
 -0.06484906 -0.09847048 -0.13516507 -0.16741093 -0.19582929 -0.20520124
 -0.23385842 -0.26191592 -0.2594043  -0.27255127 -0.27401483 -0.28378668
 -0.30132189 -0.30691642 -0.30881193 -0.30140528 -0.2823073  -0.27027854
 -0.26452497 -0.22098677 -0.17995034 -0.13825063 -0.08198861 -0.02582869
  0.03836611  0.08598116  0.13213983  0.1715562   0.20807995  0.22675428
  0.25275648  0.25678253  0.25135958  0.23089722  0.20999882  0.20692179]
[-0.34360576 -0.35809162 -0.35794082 -0.36550528 -0.34966102 -0.34070289
 -0.3282232  -0.31326583 -0.28076062 -0.24500415 -0.20324373 -0.13330126
 -0.06278126  0.0302942   0.11714811  0.23386607  0.32841855  0.42678782
  0.52600044  0.62123656  0.69619709  0.75547284  0.80144763  0.84507054
  0.86209422  0.87215614  0.88466167  0.86553967  0.82495672  0.75645202
  0.67377275  0.57172751  0.43090981  0.28589711  0.12138744 -0.07065513
 -0.23547129 -0.43025094 -0.55179679 -0.65403843 -0.7528618  -0.81977117
 -0.85287565 -0.87388223 -0.83565599 -0.75840032 -0.69373566 -0.59682184]
[ 0.13324071  0.1248832   0.1115438   0.12045515  0.12240948  0.12589075
  0.11294088  0.10593299  0.11433218  0.11450583  0.11502409  0.12275621
  0.12017839  0.13478455  0.15264758  0.15672894  0.15591918  0.15228666
  0.14143746  0.13661423  0.11960047  0.1086669   0.10068102  0.0597684
  0.02064002 -0.02025574 -0.06046617 -0.07877812 -0.1079595  -0.13446578
 -0.17000401 -0.20158644 -0.2308058  -0.24469016 -0.26073205 -0.27556482
 -0.29171681 -0.29893318 -0.29708213 -0.29071045 -0.27582285 -0.26810792
 -0.23908903 -0.2058752  -0.16424817 -0.13143237 -0.08467915 -0.05155394
 -0.00070135  0.04013611  0.07740168  0.12239181  0.15118797  0.16374788
  0.19705191  0.20656262  0.20370424  0.19123913  0.19156006  0.174702
  0.16296993]
[-0.23212473 -0.30393922 -0.36591414 -0.40993872 -0.44959441 -0.47339258
 -0.49012741 -0.50389391 -0.5136531  -0.51608646 -0.50697392 -0.48954794
 -0.47778019 -0.46986401 -0.47098044 -0.45966807 -0.46103063 -0.46511319
 -0.46543366 -0.46173266 -0.45931146 -0.44018722 -0.38545045 -0.33467448
 -0.25310487 -0.15747814 -0.05833894  0.07221807  0.19091196  0.31130648
  0.43310231  0.54317415  0.63667291  0.70958298  0.77525538  0.82509458
  0.83711588  0.85219473  0.84577793  0.81281829  0.7671718   0.69617301
  0.61446995  0.49815941  0.37840471  0.22965276  0.09134045 -0.07263765
 -0.21702997 -0.37837243 -0.49882996 -0.61254382 -0.7029829  -0.77203274
 -0.81271708 -0.82338887 -0.80465215 -0.76035917 -0.6918925  -0.61896181
 -0.54691708]
[ 0.01482499 -0.00288782 -0.0067259  -0.01057921 -0.02190874 -0.03161186
 -0.04296699 -0.03796467 -0.0315664  -0.03402594 -0.03900883 -0.03622789
 -0.04015104 -0.04801975 -0.04972887 -0.04786856 -0.06076476 -0.06505463
 -0.06395881 -0.06913216 -0.07024234 -0.06518988 -0.05963269 -0.05412109
 -0.04663852 -0.03428587 -0.0262661  -0.03007762 -0.02098731 -0.01877446
 -0.01675809 -0.01862963 -0.00937098 -0.01126302 -0.0035293  -0.00959283
 -0.01127326 -0.01725301 -0.0147838  -0.01613328 -0.01011637 -0.00758297
 -0.01447041 -0.01244713 -0.01094795 -0.00927873 -0.01570031 -0.01398472
 -0.02142445 -0.03273451 -0.04070996 -0.05545232 -0.06684978 -0.06360222
 -0.06249448 -0.06255352 -0.06820901 -0.07293524 -0.07274283 -0.07066557
 -0.06633915 -0.07166351 -0.07489928 -0.06903108 -0.07123867]
[ 0.01526546 -0.00021342 -0.00622043 -0.016549   -0.02297757 -0.03145135
 -0.04253596 -0.04663962 -0.0422025  -0.03970847 -0.04633949 -0.05166765
 -0.05551132 -0.05732752 -0.06964201 -0.06883353 -0.07004545 -0.07891705
 -0.07396083 -0.07630491 -0.07258521 -0.06379131 -0.05750406 -0.06161349
 -0.04085962 -0.03051357 -0.02387495 -0.01798601 -0.01262635 -0.01880142
 -0.00920292 -0.01248302 -0.0008007   0.00473343  0.00270945  0.00720623
  0.00280929  0.00553807  0.00860526  0.0086086   0.00693477  0.00304056
 -0.00087374 -0.00737886 -0.00981492 -0.01654603 -0.02754644 -0.03139167
 -0.03748371 -0.04510859 -0.05306497 -0.06139029 -0.0718969  -0.07044981
 -0.06500096 -0.06149992 -0.06798662 -0.06913104 -0.07312429 -0.07078811
 -0.06706283 -0.06872963 -0.06888013 -0.07082015 -0.07270876 -0.05867582
 -0.05130176]
[ 0.04056428  0.03756937  0.03722212  0.03418966  0.03246604  0.02743175
  0.02258841  0.01362976  0.00824107  0.00331737  0.00532355 -0.00138552
 -0.01035914 -0.01405072 -0.02980313 -0.02961651 -0.0330526  -0.03242932
 -0.04416016 -0.05405804 -0.05516157 -0.04967177 -0.0554475  -0.05864727
 -0.05272748 -0.05138503 -0.03715564 -0.02316596 -0.01569853 -0.01239561
 -0.01301472 -0.0021822   0.00602909  0.00785182  0.00794418  0.00424234
 -0.00913049 -0.01275138 -0.02552217 -0.03475683 -0.04354675 -0.04413311
 -0.04834814 -0.04613662 -0.0438918  -0.03485901 -0.03597215 -0.02756975
 -0.02377656 -0.02912574 -0.02979022 -0.04095588 -0.05212448 -0.05265934
 -0.05613191 -0.06038388 -0.05211443 -0.04960219 -0.04874916 -0.0412458
 -0.04114708 -0.03222599 -0.03803678 -0.0383794  -0.05061976 -0.04469615
 -0.05113035 -0.05754263 -0.06220956 -0.07604475 -0.07994122 -0.09122296
 -0.0903023  -0.09645385 -0.10139494 -0.09439436 -0.09481955 -0.07675324
 -0.06975833 -0.06027794 -0.05301763 -0.05246126 -0.04167014 -0.0293328 ]
[-0.00500859 -0.01456334 -0.00669099 -0.00840469 -0.00498901  0.00305404
  0.00264203  0.00750273 -0.00816746 -0.01133473 -0.00773975 -0.00623551
 -0.00261485 -0.01258532 -0.0103896  -0.01640408 -0.00471962 -0.00282741
  0.00725099  0.0050678   0.00086554  0.00292058 -0.00677816 -0.00817758
 -0.020223   -0.01923306 -0.03188372 -0.03577254 -0.04018022 -0.03994044
 -0.0328187  -0.02280332 -0.02804188 -0.02710855 -0.02871589 -0.0259131
 -0.02261688 -0.02210327 -0.02768695 -0.03421723 -0.03255308 -0.02989309
 -0.02828497 -0.02390234 -0.03181035 -0.03695278 -0.05133637 -0.04536182
 -0.04041819 -0.04029671 -0.04133018 -0.04202969 -0.04677106 -0.03992
 -0.03446588 -0.03366988 -0.03400775 -0.03627611 -0.03678719 -0.03840873
 -0.032038   -0.03565039 -0.038748   -0.03921589 -0.03352267 -0.02807479
 -0.02750123 -0.03455795 -0.03938937 -0.0482896  -0.05290766 -0.05834106
 -0.06656588 -0.07657916 -0.08653828 -0.08607855 -0.09275252 -0.08928158
 -0.08740193 -0.08501189 -0.08051682 -0.06863199 -0.06195354 -0.05666205
 -0.05842539 -0.0458422  -0.05032621 -0.04925017]
[-0.30428255 -0.35021761 -0.39119205 -0.40838042 -0.42397171 -0.41509214
 -0.41213819 -0.3918018  -0.37656072 -0.34760737 -0.33410123 -0.31526726
 -0.2942014  -0.29109317 -0.27920339 -0.29087579 -0.29274991 -0.32192963
 -0.33820325 -0.35525128 -0.36363247 -0.37671682 -0.37658086 -0.35840827
 -0.32131526 -0.2557205  -0.18701592 -0.08129767  0.02440998  0.15217513
  0.30102745  0.4479056   0.6135776   0.74391448  0.87931025  0.97474831
  1.04578352  1.07078373  1.03818715  0.98695171  0.86596495  0.74222612
  0.56429088  0.37841904  0.1699609  -0.01433462 -0.19945578 -0.36888877
 -0.50650799 -0.62867677 -0.71557087 -0.77349228 -0.78879827 -0.77404457
 -0.75158709 -0.70194083 -0.64620245 -0.60060155 -0.55421591 -0.55470753
 -0.55319452 -0.58006984 -0.60265672 -0.64544255 -0.67816639 -0.69835091
 -0.70765662 -0.70017374 -0.66355872 -0.61220795 -0.55902594 -0.46772662
 -0.37426558 -0.23958948 -0.12889394  0.01022865  0.12526305  0.26916084
  0.3915478   0.52185202  0.62887436  0.71086723  0.78989697  0.81301713
  0.84407234  0.82025319  0.78903508  0.71265501  0.62834418  0.50600284
  0.36624444  0.21816516  0.07649138 -0.06985633 -0.21855776 -0.34584355
 -0.49854401 -0.61359471 -0.7098431  -0.77966982 -0.81755716 -0.82061589
 -0.84108067 -0.82356191 -0.76232791]
[-0.0092201  -0.01904931 -0.03816355 -0.0388315  -0.06248127 -0.07480549
 -0.07720976 -0.07228774 -0.05685525 -0.02524058  0.00436535  0.01204709
  0.0536323   0.07937696  0.09068467  0.0975545   0.11275231  0.1280708
  0.13770138  0.1495412   0.15654407  0.14500953  0.12323417  0.12949592
  0.12300013  0.10028104  0.06108736  0.03394985  0.00718476 -0.00439351
 -0.03443366 -0.06152904 -0.09299618 -0.10667256 -0.10340406 -0.10786159
 -0.11690725 -0.14265291 -0.16201155 -0.17541474 -0.18277302 -0.20447765
 -0.21948722 -0.21360706 -0.19971754 -0.2013506  -0.19576511 -0.17708534
 -0.16283625 -0.14827672 -0.12833087 -0.12486341 -0.09769544 -0.0924993
 -0.0791813  -0.0384936  -0.00237702  0.01268669  0.03402438  0.06560616
  0.09969089  0.1297861   0.16157112  0.19724679  0.20882533  0.22823347
  0.2561177   0.26259199  0.27327999  0.26436761  0.24564245  0.23061353
  0.20163366  0.16285774  0.13893448  0.10670207  0.07541574  0.06084732
  0.03201676  0.01548156 -0.00099611 -0.02130996 -0.05265662 -0.06278536
 -0.09342372 -0.10850365 -0.13656636 -0.1540844  -0.18113478 -0.2177363
 -0.23800893 -0.23812498 -0.26331407 -0.25187373 -0.2576476  -0.22133872
 -0.20782098 -0.16947383 -0.136646   -0.11484148 -0.09807891 -0.05795757
 -0.04028765 -0.02376596  0.00094922]
[ 0.54642659  0.522587    0.49382916  0.45570827  0.3700172   0.3043128
  0.21755007  0.15141983  0.05089529 -0.05037558 -0.14580001 -0.22264048
 -0.30125761 -0.35709843 -0.41136977 -0.45105091 -0.48784995 -0.49387103
 -0.49241826 -0.47573256 -0.44465855 -0.40226892 -0.35859844 -0.32185519
 -0.2814405  -0.25989294 -0.23764442 -0.22704269 -0.23058152 -0.23965527
 -0.25540471 -0.28334904 -0.31060681 -0.33354616 -0.36149377 -0.36984217
 -0.37962252 -0.35408637 -0.30510405 -0.24684148 -0.14439166 -0.0430457
  0.08818879  0.21820897  0.37494156  0.51626867  0.64935362  0.75857222
  0.85512501  0.91338891  0.94547796  0.93925273  0.90426481  0.81083018
  0.70383275  0.56958002  0.41639999  0.2424085   0.07526559 -0.09603415
 -0.24707434 -0.38904944 -0.49380264 -0.6022734  -0.65988213 -0.70925093
 -0.71972078 -0.70819479 -0.68232173 -0.62838346 -0.5779472  -0.55513567
 -0.53082383 -0.5099318  -0.52356619 -0.54940379 -0.58270627 -0.62344414
 -0.65998697 -0.68569839 -0.71860158 -0.69524491 -0.6700061  -0.60705096
 -0.53864497 -0.42875847 -0.33021221 -0.20433702 -0.08092597  0.05868547
  0.20396681  0.33303782  0.47524765  0.59992552  0.71809763  0.81536508
  0.90131617  0.94168168  0.9563691   0.9446913   0.88746655  0.82406962
  0.71268219  0.57679671  0.42008734]
[ 0.25011063  0.25775239  0.25684443  0.24759381  0.24270312  0.2437214
  0.25172082  0.26794121  0.29394376  0.32379296  0.36587346  0.40119207
  0.43290195  0.46474716  0.49711305  0.52160388  0.52154273  0.53031242
  0.51659244  0.49624136  0.45322803  0.39829376  0.33623382  0.27302289
  0.1763207   0.08374068 -0.01218566 -0.1239429  -0.20294201 -0.28807303
 -0.3654536  -0.42297232 -0.47838682 -0.48440713 -0.46560842 -0.4244222
 -0.39713091 -0.34185404 -0.27278703 -0.21716358 -0.13977154 -0.1053341
 -0.07844754 -0.08606835 -0.10357431 -0.13223356 -0.18034771 -0.23298335
 -0.31065151 -0.37836617 -0.43774369 -0.49236396 -0.51004958 -0.49775857
 -0.45700139 -0.39414245 -0.31483859 -0.21292958 -0.075467    0.07299542
  0.22454469  0.38714221  0.50888342  0.62993717  0.71556765  0.78611976
  0.8125152   0.79944855  0.7567628   0.67275614  0.59076387  0.45820886
  0.32364336  0.1992424   0.03209065 -0.09680077 -0.21256745 -0.32880676
 -0.41669497 -0.48280108 -0.52810794 -0.57362193 -0.58737272 -0.61444265
 -0.62481403 -0.62916815 -0.62297398 -0.62283224 -0.65065455 -0.65069437
 -0.66325635 -0.66631114 -0.66528893 -0.68840116 -0.69130242 -0.69233668
 -0.66962594 -0.64211798 -0.59574461 -0.53900903 -0.45699117 -0.35218427
 -0.23294434 -0.0916791   0.06934056  0.25133395  0.4291735   0.62215376
  0.80945569  0.97244865  1.11396194  1.21944368  1.2717824   1.31459987
  1.27812362  1.19427192  1.07305086  0.9111867   0.71876562  0.47823125
  0.25820541  0.03840981 -0.16501394 -0.32906577 -0.49868292 -0.61677825
 -0.73679888]
[-0.06761239 -0.06932402 -0.07246915 -0.0773962  -0.08272297 -0.08041016
 -0.06838434 -0.05395827 -0.04561971 -0.04504172 -0.0405821  -0.03913784
 -0.02905875 -0.02355927 -0.00947862 -0.00336999 -0.00115324  0.00975895
  0.01922436  0.02904954  0.04233583  0.05539115  0.0590468   0.0582224
  0.06782586  0.08429145  0.08181888  0.08642877  0.08430761  0.08230878
  0.07615453  0.06518767  0.04891661  0.03733227  0.01915738  0.00477753
 -0.01634308 -0.02028735 -0.03765079 -0.03755334 -0.06551693 -0.06124314
 -0.0880207  -0.09652097 -0.11021356 -0.12344377 -0.11764254 -0.12349124
 -0.1295348  -0.11866748 -0.11460921 -0.10540249 -0.11609441 -0.09809629
 -0.0987775  -0.10090014 -0.09107222 -0.09855533 -0.09527578 -0.10575403
 -0.09864376 -0.10398582 -0.08658565 -0.08281324 -0.08052438 -0.06307276
 -0.04707592 -0.02519559  0.01581465  0.04377602  0.07078013  0.09694814
  0.12992559  0.16218837  0.19051504  0.20502092  0.22242603  0.22844483
  0.23400649  0.22396909  0.19986363  0.17814645  0.1532518   0.12868239
  0.11151921  0.08506541  0.04297843  0.00845491 -0.02446373 -0.04385741
 -0.04906424 -0.0580835  -0.07391535 -0.07503071 -0.06632729 -0.05652531
 -0.05548199 -0.05942905 -0.05915837 -0.0692992  -0.08293588 -0.08799194
 -0.10866377 -0.10202403 -0.1046016  -0.11501925 -0.12127653 -0.11058165
 -0.10256673 -0.09419704 -0.09124609 -0.09442305 -0.08671883 -0.06397659
 -0.02955734 -0.00790294  0.0197871   0.04148404  0.07332869  0.11555762
  0.15131837  0.17133804  0.17952624  0.19116677  0.19544424  0.19283387
  0.17627268]
[ 0.05148071 -0.04279251 -0.11456712 -0.17172137 -0.22829993 -0.27706549
 -0.31161633 -0.34328708 -0.36157542 -0.36841536 -0.37702161 -0.36515665
 -0.36365727 -0.34797266 -0.32629594 -0.29908675 -0.26759204 -0.2492961
 -0.2277381  -0.21046069 -0.19918004 -0.19666032 -0.19619541 -0.2109119
 -0.22789188 -0.23907119 -0.25948009 -0.27696902 -0.28019786 -0.27330327
 -0.25454935 -0.20982552 -0.15977636 -0.06401804  0.03244536  0.1682494
  0.3082993   0.47164774  0.63267946  0.78708822  0.93575019  1.05231333
  1.12331223  1.16310215  1.14952779  1.07372785  0.97967958  0.83729142
  0.66305083  0.44801658  0.22163163  0.00565243 -0.20344886 -0.3976922
 -0.55422008 -0.66552109 -0.75316018 -0.79580611 -0.8023203  -0.78910154
 -0.7349748  -0.65390074 -0.58291566 -0.53290945 -0.47872448 -0.45299348
 -0.45226592 -0.47507846 -0.50642681 -0.56478459 -0.62176824 -0.70097703
 -0.77284318 -0.82902944 -0.86624521 -0.88403827 -0.84395009 -0.79109347
 -0.6957072  -0.57770211 -0.43960899 -0.27294916 -0.11024103  0.09930588
  0.28287998  0.46058476  0.62120843  0.75978792  0.87679332  0.95514554
  1.00249565  1.00204372  0.9616217   0.868218    0.75451654  0.58215868
  0.38758436  0.21485573  0.02231486 -0.15406358 -0.32041585 -0.43974257
 -0.56591308 -0.64341247 -0.69760078 -0.74492365 -0.76545316 -0.78410286
 -0.76625758 -0.77369291 -0.74668461 -0.72503436 -0.68412751 -0.62459373
 -0.58026677 -0.50009972 -0.42976969 -0.33352575 -0.23821655 -0.12680748
 -0.02829357  0.07638698  0.15851106  0.26009125  0.36475584  0.45473659
  0.56505722]
[ 0.32466456  0.3622568   0.39410242  0.4278473   0.43973428  0.43182185
  0.39341864  0.37247136  0.29946759  0.21955061  0.15693866  0.07569776
 -0.01767117 -0.09449938 -0.17463124 -0.24689922 -0.30696386 -0.36217177
 -0.40482411 -0.42257187 -0.42166352 -0.4169324  -0.40474436 -0.38126498
 -0.33574662 -0.28059787 -0.23505861 -0.19639619 -0.15312883 -0.13141331
 -0.11968169 -0.11640067 -0.12881851 -0.16341285 -0.19013461 -0.23698786
 -0.27707016 -0.30998212 -0.3350561  -0.35815367 -0.35621041 -0.34953886
 -0.29973733 -0.23667711 -0.16304897 -0.05988252  0.06588796  0.19601363
  0.32871699  0.47159523  0.60139966  0.71596986  0.81426686  0.88304126
  0.90904325  0.89483929  0.83858699  0.75964254  0.6340692   0.49119875
  0.31477687  0.13101034 -0.06641645 -0.23982261 -0.39709795 -0.52830899
 -0.61071056 -0.67339045 -0.68019485 -0.70715034 -0.67842215 -0.63744771
 -0.58908707 -0.54957443 -0.52661943 -0.51545388 -0.52295864 -0.53932822
 -0.56860101 -0.58760405 -0.64107382 -0.67248482 -0.68842578 -0.68563116
 -0.68196785 -0.64873248 -0.61536187 -0.56724966 -0.46230388 -0.37973863
 -0.26504892 -0.15000248 -0.0063131   0.14714627  0.32326218  0.49410564
  0.67042685  0.8113749   0.96114218  1.07656991  1.16806388  1.21815348
  1.23142266  1.18084705  1.11251998  0.99495983  0.83863407  0.6598987
  0.45674968  0.22108173 -0.00402769 -0.1968058  -0.40832514 -0.5631845
 -0.71896857 -0.82375848 -0.90850663 -0.95899916 -1.01401889 -1.02791727
 -1.04945564 -1.00514722 -0.97456306 -0.93058842 -0.85167068 -0.74019116
 -0.61441565]
[ 0.06045175  0.04593906  0.0302653   0.0152983   0.00665509 -0.00630768
 -0.01277215 -0.01545297 -0.01792121 -0.01829267 -0.02206854 -0.02311585
 -0.01984566 -0.0145326  -0.01685495 -0.01070252 -0.01756342 -0.01453165
 -0.02038164 -0.01203384 -0.00044624 -0.00197663 -0.00134745  0.00222172
  0.00595434  0.00451414  0.01129206  0.01144125  0.01260518  0.01825278
  0.01689376  0.01869538  0.01552816  0.0143108   0.01853019  0.01637107
  0.0154741   0.01833551  0.02651675  0.03496278  0.03950435  0.03385289
  0.02390063  0.00954485 -0.00776629 -0.0218909  -0.03882446 -0.07416847
 -0.09376851 -0.09727333 -0.10162968 -0.1082602  -0.09636535 -0.09562733
 -0.10352511 -0.07985453 -0.07577606 -0.07529674 -0.08296134 -0.08189845
 -0.07201734 -0.05803848 -0.05559794 -0.07165553 -0.06705306 -0.06182833
 -0.04172834 -0.0318542  -0.02117558 -0.01473802 -0.01727675 -0.01153805
 -0.00456691 -0.0052959  -0.00298975 -0.01739984 -0.01146774 -0.01098739
 -0.01917866 -0.03785204 -0.04307212 -0.05293814 -0.05434595 -0.05467176
 -0.05805432 -0.05632192 -0.05839558 -0.04779788 -0.03173011 -0.0326728
 -0.0412746  -0.04278058 -0.0386362  -0.04358976 -0.04476508 -0.05097336
 -0.0411149  -0.03916082 -0.040961   -0.03871806 -0.02657988 -0.03040477
 -0.02793162 -0.02739212 -0.03038836 -0.03524609 -0.03263255 -0.02412378
 -0.02613876 -0.0181157  -0.01320396 -0.00924857 -0.00257552 -0.00640291
  0.00567422  0.00404172  0.01863811  0.02582662  0.0302283   0.02985613
  0.0448846   0.04886507  0.05197203  0.04834825  0.03750619  0.01826005
  0.00241244 -0.00695743 -0.02231974 -0.03598798 -0.05199868 -0.05603243
 -0.05919893 -0.05801087 -0.05707869 -0.0521476  -0.0499195  -0.04614194
 -0.03494046 -0.0271388  -0.02913891 -0.04136876 -0.04015937 -0.03807295
 -0.03602213]
[ 0.04506239  0.03585992  0.01597895  0.00590364 -0.01447609 -0.01495964
 -0.01942983 -0.01855572 -0.02406428 -0.02116013 -0.01708285 -0.01735707
 -0.01438811 -0.0147123  -0.01852315 -0.00914994 -0.00966857 -0.00770917
 -0.00562577 -0.00032585 -0.0027057  -0.00295723 -0.00467163  0.00115019
  0.00364001  0.00380217  0.01242856  0.0145386   0.01499583  0.01592105
  0.02351563  0.02719058  0.03401856  0.0377053   0.03493882  0.03424566
  0.03164867  0.03503672  0.03430542  0.03106051  0.03555686  0.03446184
  0.03299197  0.03189078  0.02651635  0.02236204  0.00610427  0.00519776
  0.00494546 -0.00315993 -0.00599871 -0.01402089 -0.02282509 -0.03429385
 -0.04525469 -0.04498343 -0.04867551 -0.06265139 -0.07294449 -0.07820644
 -0.08224188 -0.08381373 -0.09312051 -0.09814397 -0.11041725 -0.10959783
 -0.11521478 -0.11116817 -0.10181596 -0.09192403 -0.08938661 -0.07341214
 -0.06255611 -0.04942916 -0.03038844 -0.02860568 -0.01966953 -0.01363327
 -0.00137951 -0.00570777  0.00458691  0.00387341  0.00306893  0.0052167
  0.00621513  0.00332093 -0.00815085 -0.00809413 -0.00548633 -0.00790135
 -0.0012406  -0.01232174 -0.00837491 -0.01327645 -0.01662936 -0.01572577
 -0.01324175 -0.01936015 -0.0281349  -0.03507372 -0.04190375 -0.04336948
 -0.0503675  -0.04575898 -0.04797716 -0.05769135 -0.06238861 -0.06495635
 -0.07183474 -0.07362906 -0.07685847 -0.08350502 -0.07636474 -0.06562668
 -0.06280495 -0.0495402  -0.04141424 -0.03597659 -0.02774436 -0.0167089
 -0.00773197 -0.00045803  0.00366239  0.00789924  0.01787203  0.02473608
  0.02917936  0.03891885  0.0401422   0.04325986  0.04561636  0.04468321
  0.04347923  0.04071805  0.03972955  0.03657927  0.04067815  0.02255533
  0.01488342  0.01215382  0.00395011 -0.00266342 -0.01495508 -0.02995007
 -0.04335563 -0.05991229 -0.06788787 -0.076511   -0.08193635 -0.09258402
 -0.10458115 -0.10861293 -0.10193453 -0.10014707 -0.09589639 -0.08872905
 -0.08247355 -0.07470353 -0.0586231  -0.04113667]
[ 4.54055257e-02  3.33519876e-02  2.05827747e-02  5.90121560e-03
 -6.06669812e-04 -1.29763335e-02 -2.31038779e-02 -2.24506687e-02
 -2.48661842e-02 -2.06181761e-02 -2.46215314e-02 -2.98035145e-02
 -3.24922949e-02 -3.03991828e-02 -3.39726508e-02 -3.10613587e-02
 -3.27427611e-02 -2.97695845e-02 -2.95492522e-02 -2.35218350e-02
 -1.74306780e-02 -1.31598311e-02 -8.13158415e-03 -4.71462356e-03
 -5.70520340e-03 -1.86528999e-03  5.50730096e-04  3.20052891e-03
  3.10050580e-03  9.80120734e-04 -5.31554571e-04  3.30967829e-03
 -1.10414438e-03  3.49937845e-03  2.65992666e-03 -1.28900004e-03
  7.50795065e-04 -1.01930078e-03 -8.90600902e-04  4.11617290e-03
  8.12803395e-03  4.77617560e-03 -1.65401853e-03 -7.01223267e-03
 -8.70931149e-03 -8.91360734e-03 -7.86625780e-03 -1.13501465e-02
 -1.34156989e-02 -2.13272274e-02 -2.50587035e-02 -2.30713189e-02
 -2.59915404e-02 -3.41652110e-02 -4.11777161e-02 -4.55327444e-02
 -4.92469482e-02 -5.00713848e-02 -4.96514887e-02 -4.92235124e-02
 -5.04087172e-02 -4.09272425e-02 -4.12033200e-02 -3.32821086e-02
 -3.20411846e-02 -2.80795321e-02 -1.93569437e-02 -8.16659443e-03
  1.18009828e-03  2.75260629e-03  7.58818584e-03  1.17775854e-02
  1.55211408e-02  1.89254098e-02  1.83819290e-02  1.68172643e-02
  1.15526179e-02  8.54276493e-03  8.25636275e-03  6.96903653e-03
  5.83162624e-03  3.36591271e-03  1.64610660e-03  2.75156577e-03
 -1.00102625e-03 -1.12625933e-03 -1.09496561e-03 -9.88492626e-04
 -2.36411579e-03 -3.53650562e-03 -1.23629821e-02 -1.60564166e-02
 -2.20925808e-02 -3.01888920e-02 -3.20165642e-02 -3.98744382e-02
 -4.36435305e-02 -5.14828190e-02 -5.06262183e-02 -4.34485711e-02
 -4.04249988e-02 -3.16751488e-02 -2.62812283e-02 -1.39908819e-02
 -6.64087990e-03 -3.41910898e-04  4.83150175e-03  6.62908191e-03
  9.48118139e-03  3.20847472e-03  7.70744495e-03  1.15443962e-02
  7.69197289e-03  9.00876429e-03  1.29292887e-02  8.29653535e-03
  1.23903127e-02  1.59956347e-02  1.71244536e-02  1.36670275e-02
  1.18238628e-02  3.00252810e-03  5.09480480e-03 -1.96070573e-03
 -1.00671554e-04 -6.94023445e-03 -1.87151283e-02 -1.85929500e-02
 -2.16056872e-02 -1.70944873e-02 -1.51166748e-02 -2.23742817e-02
 -2.48813611e-02 -2.61113755e-02 -2.53784638e-02 -2.12446209e-02
 -2.99167950e-02 -3.75806540e-02 -4.05765288e-02 -4.38940600e-02
 -4.35153991e-02 -5.05833626e-02 -5.67235313e-02 -6.67428672e-02
 -7.09554031e-02 -7.12448210e-02 -7.40411580e-02 -7.44350553e-02
 -7.78436363e-02 -7.46941566e-02 -6.93832934e-02 -6.74795806e-02
 -6.47153109e-02 -5.61966710e-02 -5.25435098e-02 -4.47829776e-02
 -3.79583612e-02 -2.62749642e-02 -1.66088138e-02 -6.43284153e-03
  6.23195316e-04  6.49088575e-03  7.87776057e-03  3.55247664e-03
 -3.67792160e-03 -3.42435157e-03 -1.30494405e-02 -1.65522322e-02
 -2.64447480e-02 -3.59959900e-02 -3.37888710e-02 -3.42205167e-02
 -3.83521654e-02 -4.38298136e-02 -5.54118082e-02 -6.64955974e-02
 -7.47357607e-02 -8.22521597e-02 -9.70547050e-02 -1.05110995e-01
 -1.11652941e-01 -1.21661797e-01 -1.18327960e-01 -1.14361897e-01
 -1.14108391e-01 -1.03468031e-01 -9.66816843e-02 -8.45556334e-02
 -6.97397515e-02 -4.35553491e-02 -2.23693680e-02]
[-0.00574732 -0.030959   -0.05080794 -0.06062128 -0.06042931 -0.07692283
 -0.08172572 -0.08134575 -0.08278289 -0.08290426 -0.08107242 -0.0790709
 -0.076265   -0.07453211 -0.07218549 -0.06907204 -0.06473855 -0.0596261
 -0.05122932 -0.05051744 -0.04701174 -0.04610753 -0.04415582 -0.03882751
 -0.03693458 -0.03390922 -0.03465477 -0.03526703 -0.03353743 -0.03044889
 -0.0322168  -0.02673808 -0.0168965  -0.01342869 -0.00671901 -0.00243942
  0.00687616  0.00790623  0.02427587  0.02752602  0.03464201  0.03572638
  0.04294645  0.03535285  0.0347305   0.03786094  0.03917669  0.0400799
  0.02844898  0.01878947  0.01587232 -0.00289611 -0.01426706 -0.02531666
 -0.04258248 -0.05368307 -0.07159676 -0.07983227 -0.09239037 -0.09365815
 -0.09533773 -0.09349788 -0.09345279 -0.09546857 -0.09789648 -0.09635233
 -0.09075853 -0.08352387 -0.08048838 -0.0839403  -0.08769607 -0.08262561
 -0.08822124 -0.082834   -0.08000196 -0.08362512 -0.08447525 -0.08150923
 -0.07600794 -0.06901064 -0.06124521 -0.04915915 -0.04206255 -0.03737655
 -0.0300046  -0.02444399 -0.02244406 -0.01298891 -0.00313525  0.00366608
  0.00743197  0.01299356  0.01696432  0.02397903  0.02527653  0.03083391
  0.03318533  0.03933494  0.03950531  0.04154311  0.04372489  0.05387885
  0.05357447  0.05524559  0.06837363  0.06985873  0.08029852  0.08467233
  0.08884447  0.09405187  0.09625536  0.10072438  0.10097373  0.10432439
  0.10956986  0.11465684  0.10729161  0.08984312  0.09414469  0.0838011
  0.08229821  0.08146832  0.07865257  0.07234175  0.06797106  0.05653188
  0.04544874  0.03966232  0.02752896  0.0196935   0.01183498 -0.00039829
 -0.00834431 -0.02302046 -0.02988314 -0.03712415 -0.04544315 -0.05656183
 -0.0623556  -0.07075036 -0.07106259 -0.07154647 -0.06927649 -0.06778923
 -0.05334863 -0.03888817 -0.02927654 -0.02397582 -0.02093017 -0.01545698
 -0.00844519 -0.00108257  0.00168034  0.00121684 -0.00166349 -0.00548585
 -0.01358925 -0.01586912 -0.02056278 -0.0296648  -0.0404607  -0.04202928
 -0.05105346 -0.06638376 -0.07620241 -0.08124985 -0.08699705 -0.09158206
 -0.0893155  -0.08600888 -0.09352381 -0.09058094 -0.09623381 -0.1001853
 -0.10297739 -0.10717089 -0.1110775  -0.11563728 -0.12711686 -0.12404809
 -0.11939233 -0.11256669 -0.1117131  -0.10538525 -0.1024491  -0.1047527
 -0.09252509 -0.08374278 -0.07739373 -0.07288349 -0.05698465 -0.0485577
 -0.04016459 -0.03242811 -0.02327543 -0.01435536 -0.01297727 -0.0054366
 -0.00951444 -0.01091318 -0.00847624  0.00191483  0.00278143  0.00913242
  0.01266202  0.01450803  0.01697375  0.020047    0.02191007  0.00898745
 -0.00465232 -0.02369609 -0.04177515 -0.06794811 -0.09375189 -0.12583652
 -0.1504989  -0.18411334 -0.20655131 -0.22109999 -0.24549022 -0.24479531
 -0.22706394 -0.23236555 -0.21366791 -0.20808779 -0.1885338  -0.18058263
 -0.15700403 -0.14607091 -0.12921165 -0.1058453 ]
[-2.67334819e-01 -2.69537181e-01 -2.74111390e-01 -2.67668724e-01
 -2.73807079e-01 -2.78922021e-01 -2.76197970e-01 -2.75160074e-01
 -2.68488437e-01 -2.49596968e-01 -2.31171623e-01 -2.07671404e-01
 -1.83311775e-01 -1.52641013e-01 -1.21691003e-01 -9.64927822e-02
 -6.64961860e-02 -4.16993089e-02 -9.32151824e-03  2.41881143e-02
  5.84065206e-02  8.74179900e-02  1.20284632e-01  1.51156053e-01
  1.90906852e-01  2.19736814e-01  2.44005695e-01  2.48312384e-01
  2.51218826e-01  2.28253096e-01  2.06402600e-01  1.64286301e-01
  1.18287720e-01  6.49567544e-02  2.03367062e-02 -2.43047345e-02
 -7.03818873e-02 -1.11703701e-01 -1.47875860e-01 -1.72249302e-01
 -1.92295089e-01 -2.04879239e-01 -2.08592311e-01 -2.23197222e-01
 -2.26734817e-01 -2.32166007e-01 -2.27236673e-01 -2.17506751e-01
 -2.08937034e-01 -1.95025533e-01 -1.93355814e-01 -1.83968365e-01
 -1.72059759e-01 -1.66312456e-01 -1.60100088e-01 -1.55706719e-01
 -1.49148956e-01 -1.44930586e-01 -1.41195938e-01 -1.40969813e-01
 -1.35455072e-01 -1.27685368e-01 -1.15711033e-01 -9.94951576e-02
 -9.14960876e-02 -7.95828626e-02 -6.60223514e-02 -4.54732217e-02
 -2.60693245e-02 -7.18060741e-03  9.85371415e-03  1.64617337e-02
  1.96902324e-02  2.43214965e-02  2.48607751e-02  2.40622554e-02
  2.43413188e-02  1.75747052e-02 -4.86416509e-04 -1.07809538e-02
 -1.30410511e-02 -1.43789807e-02 -1.30891753e-02 -9.06749535e-03
 -1.65859109e-03 -5.54420240e-03 -5.30843157e-03  1.10427779e-03
  2.70143640e-03  1.88674941e-03 -5.34968404e-03 -9.82501823e-03
 -1.78722292e-02 -2.12357845e-02 -2.28876714e-02 -2.34821402e-02
 -2.38144957e-02 -1.59882978e-02 -1.10567864e-02 -2.12925067e-03
  1.07748397e-02  2.37941798e-02  3.02916896e-02  3.63100842e-02
  4.20572087e-02  4.06473204e-02  3.60932238e-02  4.02797274e-02
  4.82397638e-02  4.64867800e-02  4.61464673e-02  4.20977399e-02
  3.76264043e-02  4.14864123e-02  4.25980911e-02  5.00670783e-02
  5.62925376e-02  6.24760278e-02  7.19930753e-02  9.25753266e-02
  1.01826720e-01  1.09780140e-01  1.13972433e-01  1.25358120e-01
  1.35739893e-01  1.40025377e-01  1.47105187e-01  1.49745449e-01
  1.51095524e-01  1.58454508e-01  1.65027246e-01  1.72628120e-01
  1.80642098e-01  1.83960930e-01  1.89594463e-01  1.93606839e-01
  1.99485049e-01  1.99623212e-01  2.09252834e-01  2.09141374e-01
  2.07578838e-01  2.04083219e-01  1.92085594e-01  1.74458250e-01
  1.57796353e-01  1.47112980e-01  1.28570139e-01  1.11870982e-01
  8.65802392e-02  6.20480925e-02  2.88574360e-02 -4.51685442e-03
 -4.18239832e-02 -6.86729029e-02 -9.73871797e-02 -1.28265679e-01
 -1.57917917e-01 -1.87730044e-01 -2.09700003e-01 -2.24151671e-01
 -2.36358792e-01 -2.49556631e-01 -2.54120588e-01 -2.54978627e-01
 -2.46071368e-01 -2.43697375e-01 -2.36435816e-01 -2.32056662e-01
 -2.34189451e-01 -2.25521430e-01 -2.19015941e-01 -2.16382682e-01
 -2.27019802e-01 -2.28730693e-01 -2.30942622e-01 -2.31596649e-01
 -2.25084081e-01 -2.21754268e-01 -2.13280648e-01 -2.03426659e-01
 -1.69746265e-01 -1.41147956e-01 -8.20705369e-02 -3.31339687e-02
  3.43455374e-02  1.12848960e-01  1.94654480e-01  2.69694299e-01
  3.53284389e-01  4.23733145e-01  4.91442174e-01  5.34840584e-01
  5.64979494e-01  5.66418231e-01  5.53076804e-01  5.28438032e-01
  4.86380249e-01  4.27554667e-01  3.47377211e-01  2.74406970e-01
  1.86398581e-01  1.11001454e-01  4.00059558e-02 -4.22262624e-02
 -1.23055905e-01 -2.20169708e-01 -3.02398115e-01 -3.85080338e-01
 -4.60517347e-01 -5.29293299e-01 -5.84173620e-01 -6.45883083e-01
 -6.83238924e-01 -7.10182548e-01 -7.34278381e-01 -7.49495685e-01
 -7.46957541e-01 -7.49112010e-01 -7.54303515e-01 -7.60784864e-01
 -7.54526436e-01 -7.52726138e-01 -7.37685680e-01 -7.16129303e-01
 -6.78560376e-01 -6.37329936e-01 -5.61866760e-01 -4.77079928e-01
 -3.81239891e-01 -2.61722714e-01 -1.25164911e-01  1.00649660e-02
  1.53190032e-01  2.91104078e-01  4.39238906e-01  5.77916920e-01
  7.01855838e-01  8.13240349e-01  8.91625166e-01  9.44826365e-01
  9.74613249e-01  9.75776196e-01  9.49272275e-01  8.89128923e-01
  8.09126198e-01  7.17862308e-01  6.11951172e-01  4.94398654e-01
  3.73398781e-01  2.30272472e-01  7.85124227e-02 -9.30992663e-02
 -2.64453501e-01 -4.25134957e-01 -5.89285612e-01 -7.35338867e-01
 -8.59557092e-01 -9.72073019e-01 -1.04769301e+00 -1.11042523e+00
 -1.12103999e+00 -1.07059729e+00 -1.00847173e+00 -9.26927507e-01
 -7.79371738e-01 -6.60849988e-01]
[ 3.97436589e-01  3.43466818e-01  2.74344742e-01  2.29989111e-01
  1.73919678e-01  1.48464769e-01  1.13467090e-01  9.02571529e-02
  7.19218776e-02  4.94733080e-02  3.54661345e-02  1.79422088e-02
  2.07416457e-03 -2.06950083e-02 -4.30916324e-02 -6.57576844e-02
 -8.43719095e-02 -1.06611036e-01 -1.24942571e-01 -1.53509155e-01
 -1.76812381e-01 -1.96168810e-01 -2.13737264e-01 -2.20503673e-01
 -2.26549655e-01 -2.31871724e-01 -2.43152291e-01 -2.50268638e-01
 -2.42165193e-01 -2.26851210e-01 -2.12528765e-01 -1.94855109e-01
 -1.73717588e-01 -1.44856930e-01 -1.16425805e-01 -8.48195478e-02
 -5.45957424e-02 -2.08793450e-02  1.30687654e-02  4.09488007e-02
  6.41666651e-02  9.06852558e-02  1.06872149e-01  1.27728313e-01
  1.27687424e-01  1.32089168e-01  1.24517009e-01  1.08852483e-01
  8.87738094e-02  6.04054257e-02  3.83378454e-02  3.81037360e-04
 -3.19960974e-02 -6.91719800e-02 -9.85205695e-02 -1.29876867e-01
 -1.49352461e-01 -1.74799606e-01 -1.86670721e-01 -1.90105945e-01
 -1.90609008e-01 -1.87274083e-01 -1.74508110e-01 -1.71045557e-01
 -1.68688253e-01 -1.63540199e-01 -1.71707854e-01 -1.67640090e-01
 -1.65594012e-01 -1.74449250e-01 -1.71384439e-01 -1.70010865e-01
 -1.66302070e-01 -1.53588817e-01 -1.52217135e-01 -1.40649468e-01
 -1.25134662e-01 -1.04119152e-01 -8.55639577e-02 -6.76318407e-02
 -4.94371243e-02 -3.91394198e-02 -2.53136400e-02 -9.65856481e-03
  8.88909306e-03  1.27815800e-02  1.55326575e-02  2.67658643e-02
  2.93315258e-02  2.60227714e-02  3.09636667e-02  3.66433486e-02
  3.96110229e-02  3.65104601e-02  2.91434303e-02  2.40542181e-02
  2.73789018e-02  2.09707394e-02  1.77921653e-02  2.12967861e-02
  1.43184224e-02  1.60802770e-02  1.35440389e-02  1.39208175e-02
  1.63010098e-02  1.45532927e-02  1.52405556e-02  1.30755389e-02
  1.23644201e-02  1.39588760e-02  1.41188074e-02  2.04550028e-02
  2.70157866e-02  2.74045337e-02  3.27401496e-02  3.23687866e-02
  3.83164398e-02  4.29977514e-02  4.99816351e-02  5.49797229e-02
  6.16064444e-02  5.85154593e-02  5.33843450e-02  5.71549386e-02
  5.38770892e-02  4.66001071e-02  3.73159796e-02  3.35411578e-02
  2.75994688e-02  1.62469018e-02  1.29903546e-02  7.66076474e-03
  3.41742998e-03  2.40871054e-03  7.54956389e-03  1.05765034e-02
  7.57394684e-03  1.28740603e-02  1.32009285e-02  2.00152863e-02
  2.41810214e-02  3.06430198e-02  3.20782363e-02  3.39217074e-02
  4.03018035e-02  4.40698601e-02  4.88401018e-02  5.58980405e-02
  6.43033311e-02  7.80708268e-02  9.21377614e-02  1.06231265e-01
  1.12068892e-01  1.26065820e-01  1.34782299e-01  1.44971222e-01
  1.55137196e-01  1.62587225e-01  1.70296773e-01  1.63843051e-01
  1.57247841e-01  1.48037598e-01  1.37456611e-01  1.17519423e-01
  9.90720093e-02  7.87976310e-02  5.64715452e-02  3.34263481e-02
  1.51442345e-02 -3.94702470e-03 -2.44309325e-02 -3.44185196e-02
 -4.72315140e-02 -5.04151694e-02 -5.30688949e-02 -4.97265384e-02
 -4.47621271e-02 -4.11348343e-02 -3.38601880e-02 -2.72418857e-02
 -2.60048285e-02 -2.60954201e-02 -3.46922353e-02 -5.07893898e-02
 -7.90486559e-02 -1.04813777e-01 -1.39222488e-01 -1.66703403e-01
 -2.09440410e-01 -2.49665752e-01 -2.89709866e-01 -3.31003100e-01
 -3.63208175e-01 -3.95222574e-01 -4.12563622e-01 -4.33942527e-01
 -4.36069757e-01 -4.34104204e-01 -4.15582418e-01 -3.81665885e-01
 -3.38952631e-01 -2.81917602e-01 -2.23625913e-01 -1.59710482e-01
 -8.96520689e-02 -8.33141152e-03  6.77765161e-02  1.42489970e-01
  2.05233335e-01  2.54760027e-01  2.87427217e-01  3.09873223e-01
  3.10911119e-01  3.02382886e-01  2.82293975e-01  2.44451046e-01
  2.21922413e-01  1.84436888e-01  1.55523494e-01  1.26362905e-01
  1.05110943e-01  8.71641189e-02  8.89103338e-02  7.35900030e-02
  7.38317221e-02  6.32907823e-02  5.34310490e-02  1.87227838e-02
 -6.74967607e-03 -6.29590601e-02 -1.29235327e-01 -2.06244990e-01
 -2.97593564e-01 -3.88842106e-01 -4.94536966e-01 -5.83689988e-01
 -6.77296162e-01 -7.44550824e-01 -8.07234704e-01 -8.40839326e-01
 -8.58514547e-01 -8.57557595e-01 -8.32590759e-01 -7.83283710e-01
 -7.10990131e-01 -6.52802229e-01 -5.61281025e-01 -4.68151331e-01
 -3.76767606e-01 -2.80098021e-01 -1.68451414e-01 -5.92192225e-02
  6.63345233e-02  1.79144487e-01  3.08395267e-01  4.25322682e-01
  5.35679340e-01  6.30430579e-01  7.04033613e-01  7.42248833e-01
  7.53651381e-01  7.45759249e-01  7.16667235e-01  6.72923505e-01
  6.23097360e-01  5.46171904e-01]
[ 0.46922892  0.40118212  0.35517704  0.30231425  0.26253095  0.23916771
  0.19980702  0.15964027  0.13281481  0.10607343  0.09256779  0.07854763
  0.06826725  0.05064669  0.03536506  0.01292654 -0.00722262 -0.03073982
 -0.0540268  -0.07506587 -0.09210034 -0.11269797 -0.12868053 -0.15130635
 -0.16940807 -0.18204135 -0.19459943 -0.21260497 -0.22932456 -0.24319656
 -0.25394511 -0.25575495 -0.2522181  -0.24431625 -0.22719522 -0.20521058
 -0.1763889  -0.14241388 -0.11265686 -0.07505187 -0.04417686 -0.00618007
  0.02710147  0.04616465  0.06692129  0.08941516  0.10056628  0.10331874
  0.08878295  0.07954545  0.05990486  0.02249989 -0.00909695 -0.04249297
 -0.07503564 -0.10957589 -0.14097944 -0.16067377 -0.18483834 -0.20476432
 -0.20976296 -0.21339785 -0.21260966 -0.21332139 -0.20090194 -0.19481565
 -0.18273304 -0.17042683 -0.1645069  -0.16303816 -0.15409519 -0.14943026
 -0.14860906 -0.14655845 -0.1453893  -0.14401788 -0.13571265 -0.12418526
 -0.10671433 -0.09772898 -0.08043062 -0.05850819 -0.03769332 -0.02078707
 -0.00415818  0.01187938  0.02226596  0.03335996  0.03671651  0.04328264
  0.0469001   0.04695858  0.0482367   0.05093268  0.05205155  0.05589205
  0.05502369  0.05678549  0.0544178   0.05583363  0.04974911  0.0422912
  0.03792709  0.03415757  0.02604545  0.02133593  0.0143551   0.00755396
  0.00601317  0.00658197  0.00876813  0.01593231  0.02065295  0.0295295
  0.03610343  0.04946518  0.05965148  0.07394332  0.08072946  0.0841355
  0.0863888   0.08587215  0.08342127  0.07543256  0.05910041  0.04709729
  0.03567019  0.0200219   0.01732223  0.01116371  0.00272905 -0.0080561
 -0.01362616 -0.01751276 -0.02081411 -0.01974729 -0.01577728 -0.00907444
 -0.00257798  0.00483254  0.01340543  0.02234233  0.02451823  0.02796176
  0.03034042  0.03249938  0.02921029  0.02468004  0.02375961  0.02277105
  0.0239263   0.03117645  0.04010704  0.05279888  0.06733257  0.08229908
  0.09912758  0.11285857  0.12968901  0.14694652  0.15267061  0.15944768
  0.15555525  0.14747536  0.14369693  0.13617216  0.1253223   0.11257641
  0.09826518  0.07977436  0.06893612  0.05106784  0.04291622  0.02781046
  0.01375121 -0.00134323 -0.0081163  -0.01603098 -0.01983193 -0.02034936
 -0.01682313 -0.01612818 -0.01169714 -0.00443016 -0.00313088 -0.00475571
 -0.01167595 -0.02941823 -0.06456208 -0.10105122 -0.1414248  -0.18847941
 -0.24192914 -0.30287904 -0.35926905 -0.40879035 -0.4358789  -0.46402493
 -0.47354385 -0.47863555 -0.46618086 -0.44430283 -0.41012344 -0.36974499
 -0.32010162 -0.27049839 -0.223759   -0.16209637 -0.1002737  -0.03313035
  0.02687092  0.08193175  0.13475214  0.17556342  0.21257786  0.23656215
  0.24700414  0.22750214  0.21835423  0.19918185  0.17765035  0.15944083
  0.13754845  0.12117337  0.11946461  0.11677799  0.12616032  0.13228624
  0.13771506  0.13011889  0.10526943  0.05728617  0.01010324 -0.05146819
 -0.13068677 -0.22185352 -0.32354599 -0.42706984 -0.517147   -0.62600029
 -0.7081477  -0.78234309 -0.82285339 -0.85095853 -0.86014116 -0.84063518
 -0.80895674 -0.76186556 -0.70545763 -0.62631536 -0.55719668 -0.46954083
 -0.38334772 -0.26645413 -0.15230283 -0.02773321  0.11950198  0.25382578
  0.39175418  0.51092929  0.61561638  0.69666225  0.75373346  0.78253418
  0.77803767  0.76418298  0.72402447  0.6831876   0.61523139  0.53368402]
[-2.79404581e-01 -3.01408112e-01 -3.11908424e-01 -3.25847358e-01
 -3.29500437e-01 -3.37082088e-01 -3.44382465e-01 -3.38740706e-01
 -3.35338891e-01 -3.31269294e-01 -3.26514453e-01 -3.12588602e-01
 -3.02386671e-01 -2.75399446e-01 -2.48559281e-01 -2.11743206e-01
 -1.83750197e-01 -1.56278804e-01 -1.22116625e-01 -9.95953009e-02
 -7.29616284e-02 -5.22180386e-02 -2.15076264e-02  1.70214835e-03
  2.36662030e-02  5.08645922e-02  7.62764066e-02  9.83873755e-02
  1.41938731e-01  1.64214462e-01  1.88233048e-01  1.99775010e-01
  2.04297766e-01  1.95640773e-01  1.79239213e-01  1.59026086e-01
  1.24045730e-01  8.89595002e-02  4.57515791e-02  1.05988747e-02
 -2.72870082e-02 -7.23642856e-02 -1.17203340e-01 -1.40398920e-01
 -1.72600970e-01 -1.96888939e-01 -2.04164401e-01 -2.21489266e-01
 -2.31947035e-01 -2.40295768e-01 -2.31223822e-01 -2.23606795e-01
 -2.05380663e-01 -1.87353283e-01 -1.69988781e-01 -1.61644742e-01
 -1.47580817e-01 -1.37822792e-01 -1.31363228e-01 -1.22666404e-01
 -1.20715953e-01 -1.19558588e-01 -1.21340118e-01 -1.25675917e-01
 -1.17896907e-01 -1.15430243e-01 -1.04969315e-01 -9.23801959e-02
 -7.85922036e-02 -6.88779205e-02 -5.33209518e-02 -3.75338234e-02
 -1.93657968e-02 -4.73365933e-03  1.28484396e-02  1.99467931e-02
  2.11953465e-02  2.67170817e-02  2.36986503e-02  2.42951680e-02
  1.66443456e-02  1.76948924e-02  2.83021014e-03 -3.87219799e-04
 -2.03280873e-03 -2.21150066e-03  3.17842653e-03  6.01266185e-03
  1.19960140e-02  1.31126298e-02  1.58635620e-02  1.95809584e-02
  2.10215803e-02  1.82772614e-02  1.41869262e-02  7.25116068e-03
 -3.21329059e-03 -8.61819182e-03 -9.39908810e-03 -1.31763220e-02
 -1.47076249e-02 -5.76658733e-03 -4.25683847e-03  1.26043812e-03
  4.94535314e-03  1.65237430e-02  1.27912667e-02  2.07112972e-02
  2.98328586e-02  3.01817581e-02  2.43059341e-02  2.48017404e-02
  3.23075056e-02  3.65759097e-02  4.42682207e-02  4.50431444e-02
  4.63841259e-02  4.30658311e-02  4.61591966e-02  5.44447005e-02
  6.35172799e-02  6.84637129e-02  7.74694979e-02  9.41412151e-02
  9.81197283e-02  1.07440040e-01  1.13377467e-01  1.26044035e-01
  1.34050041e-01  1.34609729e-01  1.40485883e-01  1.47048637e-01
  1.55539721e-01  1.59759179e-01  1.75266862e-01  1.83117345e-01
  1.89716637e-01  1.97109714e-01  2.04559669e-01  2.06530556e-01
  2.14059517e-01  2.11394057e-01  2.15804964e-01  2.14863524e-01
  2.11311311e-01  2.09826708e-01  1.99297875e-01  1.87637776e-01
  1.68783113e-01  1.62219852e-01  1.42796129e-01  1.30565569e-01
  1.06570147e-01  8.43473673e-02  5.63266650e-02  1.80722028e-02
 -1.62314177e-02 -4.71928753e-02 -7.60401711e-02 -1.13475055e-01
 -1.44549623e-01 -1.80417314e-01 -2.07695842e-01 -2.31961086e-01
 -2.45745435e-01 -2.60663003e-01 -2.66655505e-01 -2.70195752e-01
 -2.66278535e-01 -2.60380387e-01 -2.56581515e-01 -2.54060626e-01
 -2.49547794e-01 -2.45120734e-01 -2.40721956e-01 -2.33064622e-01
 -2.40529135e-01 -2.49839246e-01 -2.53656596e-01 -2.48753890e-01
 -2.46964961e-01 -2.36422241e-01 -2.30826601e-01 -2.07844496e-01
 -1.75047547e-01 -1.40145227e-01 -8.95881206e-02 -3.42698880e-02
  3.32310908e-02  1.08714372e-01  1.88613415e-01  2.64136791e-01
  3.39060545e-01  4.00515646e-01  4.70559627e-01  5.14532685e-01
  5.47995865e-01  5.53464532e-01  5.49371660e-01  5.28023422e-01
  4.87187594e-01  4.32615370e-01  3.73835921e-01  2.89254248e-01
  2.10711852e-01  1.17744930e-01  4.46650311e-02 -5.23381382e-02
 -1.30713657e-01 -2.18528554e-01 -3.12961102e-01 -3.88170749e-01
 -4.63722706e-01 -5.23509562e-01 -5.82771420e-01 -6.32767260e-01
 -6.68845475e-01 -7.00195849e-01 -7.22989142e-01 -7.30763853e-01
 -7.36633956e-01 -7.29884446e-01 -7.26900876e-01 -7.28393972e-01
 -7.23358035e-01 -7.21481800e-01 -6.99987531e-01 -6.89345419e-01
 -6.57524347e-01 -6.16162539e-01 -5.46033859e-01 -4.65951085e-01
 -3.65494877e-01 -2.51449764e-01 -1.20456770e-01  1.66943911e-02
  1.66318521e-01  3.02190334e-01  4.33971435e-01  5.71609080e-01
  7.04655170e-01  7.97129333e-01  8.87823582e-01  9.32549536e-01
  9.63004947e-01  9.67837632e-01  9.45964396e-01  8.92409980e-01
  8.25511277e-01  7.37076759e-01  6.27353668e-01  5.26395321e-01
  3.89716983e-01  2.49591500e-01  1.04874603e-01 -6.07769042e-02
 -2.56048620e-01 -4.13509429e-01 -5.76245725e-01 -7.36931622e-01
 -8.57018411e-01 -9.73944068e-01 -1.04731035e+00 -1.10289872e+00
 -1.12105227e+00 -1.07630551e+00 -1.01471376e+00 -9.38350141e-01
 -8.25026989e-01 -6.94417477e-01]
