[-0.00658685 -0.01598444 -0.02326014 -0.02739662 -0.02669304 -0.03098944
 -0.03643232 -0.03745352 -0.04396782 -0.0449672  -0.0411291  -0.04029752
 -0.04318622 -0.04184232 -0.03606782 -0.0227342 ]
[ 0.03928724  0.02790486  0.01409642  0.00035168 -0.00366649 -0.01516909
 -0.02289646 -0.03043493 -0.03067074 -0.03645558 -0.03766323 -0.04219037
 -0.03960887 -0.05088894 -0.05757067 -0.06403689 -0.07391405 -0.0814544
 -0.07591406 -0.07404374 -0.08123684 -0.07409707 -0.07433148 -0.06255651
 -0.05498213 -0.04255695 -0.03928553 -0.02575264 -0.0156877 ]
[ 2.14076694e-02  2.18136199e-02  7.74963666e-03  6.65801438e-03
  6.19960157e-03  1.24788121e-03  3.73122930e-05 -4.84518614e-03
 -3.25708231e-03 -6.68074703e-03 -1.33383619e-02 -2.01064777e-02
 -2.91644651e-02 -3.18051837e-02 -3.24529707e-02 -2.88344137e-02
 -3.52217704e-02 -4.87234592e-02 -3.89785245e-02 -3.85169946e-02
 -3.23538594e-02 -3.63572948e-02 -2.54175551e-02 -2.53394023e-02
 -3.04757990e-02 -2.60264520e-02 -3.35498564e-02 -4.00985517e-02
 -4.06474881e-02 -3.53686363e-02 -3.28178518e-02 -3.50738019e-02
 -2.77188662e-02 -2.86103394e-02 -2.50198431e-02 -1.37695679e-02
 -1.80444457e-02 -1.86743774e-02 -1.47996079e-02]
[ 0.01288094 -0.0006791  -0.01026681 -0.0240207  -0.03443588 -0.038782
 -0.04522723 -0.04623406 -0.03895025 -0.04092539 -0.03783802 -0.03682588
 -0.03652453 -0.03197796 -0.03644179 -0.03512626 -0.04543873 -0.04661997
 -0.04962945 -0.05713522 -0.05559572 -0.05009591 -0.05189685 -0.05310819
 -0.04656394 -0.03832719 -0.02468935 -0.02145909 -0.01318801 -0.00194295
 -0.00885697 -0.00945632  0.00177244 -0.00407951 -0.01029622 -0.0117294
 -0.01552197 -0.01706438 -0.01838444 -0.01948728 -0.01967282 -0.0152317
 -0.01994904 -0.01538878 -0.020105   -0.02127968 -0.02900224 -0.03185014
 -0.03325418 -0.04597896 -0.05610877 -0.06156692 -0.05900718 -0.05204706
 -0.04290231 -0.04466388 -0.04480928 -0.04595796 -0.04313285 -0.04395616
 -0.0385701  -0.0358204 ]
[ 0.02244277  0.02201207  0.03072113  0.03452058  0.02688488  0.02131534
  0.01924417  0.01622     0.01689687  0.00276507 -0.00283416 -0.01996912
 -0.02535871 -0.03213158 -0.03654195 -0.04851518 -0.05790958 -0.05855524
 -0.05296138 -0.0411412  -0.04018982 -0.034313   -0.02498622 -0.02425037
 -0.02499693 -0.02137435 -0.02200561 -0.03928204 -0.04441151 -0.04763155
 -0.04651073 -0.05099228 -0.05095886 -0.04573105 -0.038786   -0.03601578
 -0.03057932 -0.01753892 -0.01567422 -0.0078513  -0.01006164  0.00253934
  0.00026242  0.00711599  0.01065714  0.01407033  0.00508082 -0.00181642
 -0.00348557 -0.00235132 -0.01205067 -0.02096487 -0.03623124 -0.03732944
 -0.03493445 -0.04200421 -0.04716663 -0.06278373 -0.06552555 -0.07205059
 -0.07700567 -0.0841224  -0.08732317 -0.0985774  -0.10306513 -0.09102356
 -0.08795704 -0.08018728 -0.07683211 -0.06945741 -0.06718745 -0.05990096
 -0.057105   -0.04943548 -0.04527932 -0.03896267 -0.02308086]
[-0.04756117 -0.04572872 -0.05213043 -0.04657281 -0.04253354 -0.02817209
  0.00551066  0.05110587  0.10437495  0.1729928   0.24313572  0.32232806
  0.40228549  0.46417809  0.5424788   0.59094971  0.6439814   0.65880102
  0.65183944  0.6315431   0.60429686  0.56389189  0.50968915  0.42086172
  0.31721544  0.22468141  0.11558478  0.02852327 -0.08373925 -0.1858024
 -0.27166742 -0.3522594  -0.40441889 -0.45281798 -0.49357811 -0.50456005
 -0.52462715 -0.54907805 -0.54410225 -0.54119062 -0.52442914 -0.50400543
 -0.50702065 -0.50724196 -0.50065225 -0.51345396 -0.50872207 -0.51539975
 -0.49663725 -0.47814837 -0.44253269 -0.40495571 -0.34834605 -0.27715409
 -0.20312673 -0.10793072 -0.01773431  0.09260137  0.1938981   0.30880469
  0.40668255  0.51764131  0.61207664  0.68234289  0.73473895  0.76225895
  0.7892465   0.77713835  0.75868481  0.71054614  0.65363288  0.57921338
  0.47871605  0.37960327  0.25026107  0.08698718 -0.05203767 -0.2440538
 -0.37391856 -0.55162793 -0.66288489 -0.78956783 -0.83748645 -0.88718563
 -0.89263672 -0.86730617 -0.80987507 -0.74537373 -0.63519663 -0.57521975
 -0.44842046]
[-0.03785493 -0.01696146 -0.0041112  -0.00989847 -0.01230973  0.0034767
  0.00125919 -0.00808992 -0.02416654 -0.05111377 -0.08464033 -0.10684788
 -0.115266   -0.1390873  -0.16742593 -0.1959901  -0.21656011 -0.22131699
 -0.21825895 -0.21264984 -0.20652869 -0.19283737 -0.15875806 -0.1350497
 -0.10020138 -0.07313192 -0.0548538  -0.03321994 -0.00709038  0.01616887
  0.03424167  0.05718629  0.07443023  0.0915746   0.10671349  0.1233534
  0.13630176  0.14016604  0.13589609  0.13042803  0.12521468  0.12872076
  0.13241024  0.14161275  0.14508042  0.1372238   0.13629901  0.12446631
  0.12324955  0.10824358  0.08250618  0.06325229  0.02928188  0.00878246
 -0.01533508 -0.0383084  -0.0584819  -0.08456189 -0.11169969 -0.14791505
 -0.17280327 -0.20375794 -0.23333149 -0.24984406 -0.25632778 -0.26145658
 -0.25484395 -0.24803326 -0.23486926 -0.22333153 -0.19903116 -0.18832703
 -0.18290719 -0.15707994 -0.13485333 -0.11783244 -0.08773617 -0.05628508
 -0.01995737  0.0151354   0.05434445  0.08387092  0.11182722  0.136437
  0.15474592  0.17257157  0.16792451  0.15415311  0.13285036  0.12336592
  0.09871422]
[ 0.50845879  0.3953636   0.3030073   0.18835947  0.07233217 -0.03740634
 -0.14229944 -0.25532767 -0.34269071 -0.41536817 -0.45275751 -0.493525
 -0.51996434 -0.52062672 -0.51166224 -0.48586404 -0.45129335 -0.40844253
 -0.35223296 -0.29887122 -0.25743464 -0.23439874 -0.22377336 -0.24149592
 -0.25076377 -0.27590778 -0.32083666 -0.37063968 -0.41908154 -0.47206265
 -0.51895875 -0.52564394 -0.52025378 -0.50447011 -0.45325252 -0.38430774
 -0.28382418 -0.15707538 -0.00641177  0.16255184  0.3477267   0.53881443
  0.72253335  0.89525652  1.03870678  1.15776956  1.23127866  1.25471807
  1.20450163  1.11779213  0.95752847  0.78563643  0.55176806  0.30993578
  0.01308416 -0.20849141 -0.4283402  -0.62067014 -0.74772888 -0.83536828
 -0.87032002 -0.8786664  -0.83229208 -0.76887071 -0.68290329 -0.61863875
 -0.568156   -0.51336575 -0.49503118 -0.4767122  -0.47669306 -0.49931869
 -0.54086417 -0.60179943 -0.6527335  -0.69395989 -0.71560901 -0.73265433
 -0.71603715 -0.6740182  -0.60284358 -0.53182447 -0.40437078 -0.26321417
 -0.11649413  0.04834909  0.18650733  0.34690726  0.4878163   0.62459379
  0.7481004   0.84586012  0.92715508  0.97462636  0.98398757  0.95759517
  0.89767182  0.80322272  0.65904844  0.51132154  0.32371566  0.13465786
 -0.05325766 -0.20603621 -0.37434742]
[ 3.05978894e-01  3.28233004e-01  3.49375546e-01  3.94093126e-01
  4.26114261e-01  4.84945089e-01  4.68441784e-01  4.83017176e-01
  4.73727167e-01  4.18101907e-01  3.82715434e-01  3.31677616e-01
  2.79982805e-01  2.14304641e-01  1.27611265e-01  4.50010970e-02
 -5.37483208e-02 -1.52173296e-01 -2.34649166e-01 -3.09302181e-01
 -3.71728510e-01 -4.27058607e-01 -4.59049702e-01 -4.78835315e-01
 -4.75014448e-01 -4.54912186e-01 -4.02668923e-01 -3.56911182e-01
 -2.93496966e-01 -2.55922109e-01 -2.06650957e-01 -1.82203069e-01
 -1.47355437e-01 -1.40637696e-01 -1.49829552e-01 -1.88828915e-01
 -2.37756923e-01 -2.91066259e-01 -3.82724881e-01 -4.54015613e-01
 -4.97914881e-01 -5.13653457e-01 -5.19498765e-01 -4.88928527e-01
 -4.32654113e-01 -3.77308697e-01 -2.77150154e-01 -1.30671084e-01
  8.93340539e-03  1.30120412e-01  2.23456338e-01  3.54483038e-01
  4.70901400e-01  5.94519675e-01  7.09943891e-01  7.82369673e-01
  8.54866564e-01  9.02854145e-01  9.04872894e-01  9.00034785e-01
  8.27920854e-01  7.17138052e-01  5.74589372e-01  4.43162352e-01
  2.50288397e-01  7.09626079e-02 -1.06080979e-01 -2.78220356e-01
 -4.03736651e-01 -5.19457161e-01 -6.08351648e-01 -6.63733840e-01
 -6.72962725e-01 -6.78443730e-01 -6.21561825e-01 -5.82351685e-01
 -5.47756553e-01 -5.03273070e-01 -4.78616774e-01 -4.86327082e-01
 -4.95691091e-01 -5.27709842e-01 -5.72470725e-01 -6.14628911e-01
 -6.98259234e-01 -7.59680212e-01 -7.86675632e-01 -7.83842325e-01
 -7.78968215e-01 -7.49387324e-01 -6.80036485e-01 -5.86941600e-01
 -4.77475703e-01 -3.11021924e-01 -1.65103704e-01 -9.94506991e-04
  1.53939202e-01  3.51182491e-01  5.31826377e-01  6.92984402e-01
  8.25426340e-01  9.40107822e-01  1.03753781e+00  1.10169148e+00
  1.13423300e+00]
[-0.01160907 -0.03023189 -0.03596135 -0.04948744 -0.05943222 -0.06555021
 -0.05861558 -0.04699445 -0.02829713 -0.00358584  0.02351879  0.02753098
  0.05670804  0.07383849  0.08391801  0.08904154  0.09411455  0.10212072
  0.09193859  0.09347931  0.08152243  0.04930446  0.03345212  0.0343055
  0.02385044 -0.01103305 -0.04499501 -0.05936949 -0.04589697 -0.05360848
 -0.04904391 -0.08373482 -0.09350944 -0.09467752 -0.08664274 -0.09089872
 -0.08287796 -0.07468317 -0.07872948 -0.07423375 -0.05298598 -0.05393566
 -0.04759568 -0.0588026  -0.04680711 -0.05151209 -0.06151825 -0.05272823
 -0.0480762  -0.03743197 -0.04044741 -0.03574191 -0.02324    -0.02001568
 -0.01638715  0.0051147   0.02185956  0.02525123  0.0509969   0.06494376
  0.08488762  0.10805643  0.12160502  0.15012604  0.16705462  0.18767095
  0.1975323   0.19416304  0.18665054  0.18127267  0.15954609  0.14533135
  0.10917316  0.08148783  0.04200787  0.02630129  0.01382118  0.01076758
  0.0105731   0.00833958  0.02348964  0.02742271  0.02576613  0.03463134
  0.02985064  0.0286662   0.01102715  0.00465978 -0.00589689 -0.0325374
 -0.03886695 -0.05140897 -0.07770371 -0.0929085  -0.09270995 -0.09098081
 -0.09741831 -0.10895761 -0.117409   -0.11122684 -0.11981906 -0.10570412
 -0.10851701 -0.11634683 -0.11592851]
[-0.19333944 -0.1763757  -0.16509312 -0.16288401 -0.18366885 -0.1903553
 -0.22153261 -0.27398977 -0.30723166 -0.3453691  -0.36522979 -0.35752612
 -0.34854117 -0.30923617 -0.25046092 -0.15954226 -0.06624351  0.07011243
  0.20890644  0.36280978  0.53357297  0.7085793   0.87846673  1.02499068
  1.12942684  1.20286214  1.20178533  1.16407621  1.06369829  0.91428816
  0.70401657  0.4793838   0.20229217 -0.04481386 -0.29727072 -0.49711421
 -0.67080998 -0.80058342 -0.89571154 -0.92269737 -0.93078357 -0.86273122
 -0.78276682 -0.67166466 -0.59663105 -0.51998121 -0.47694683 -0.46926579
 -0.44757262 -0.49313852 -0.54583079 -0.59591371 -0.65029109 -0.71053827
 -0.73006618 -0.75310349 -0.75444299 -0.74178594 -0.69791323 -0.6314137
 -0.5507378  -0.43866736 -0.31148586 -0.15400355  0.0084763   0.20672597
  0.38268197  0.56445789  0.72310472  0.88843316  0.99283761  1.08954108
  1.14051116  1.13675702  1.0953604   1.00837898  0.88379282  0.70835996
  0.48395979  0.28239456  0.06172642 -0.12714081 -0.31700224 -0.47034055
 -0.59226543 -0.66697502 -0.73121488 -0.77210236 -0.80993545 -0.82895333
 -0.86374944 -0.8717649  -0.89697158 -0.89985067 -0.88617313 -0.85211164
 -0.79775804 -0.72304934 -0.5930261  -0.47298631 -0.28322616 -0.12224209
  0.05198349  0.20215096  0.33186194]
[-0.42748564 -0.45133209 -0.46015036 -0.44660863 -0.43271035 -0.39654526
 -0.37169644 -0.334427   -0.28143895 -0.25063825 -0.22985584 -0.21676689
 -0.22349933 -0.24184047 -0.25490969 -0.30118743 -0.34549177 -0.38041726
 -0.41270769 -0.42927161 -0.44468662 -0.42631555 -0.40484747 -0.35758504
 -0.28764179 -0.20707279 -0.10134854  0.02574014  0.1615151   0.33376959
  0.49640527  0.67700106  0.84506184  0.99284548  1.11453819  1.18992758
  1.21811903  1.16770375  1.08418572  0.94978863  0.79200047  0.5943408
  0.36856499  0.13459837 -0.10012524 -0.29457223 -0.47931862 -0.59956264
 -0.71606827 -0.76523864 -0.81182706 -0.81365985 -0.8073231  -0.77368248
 -0.71951514 -0.67578363 -0.61765695 -0.58375841 -0.56707346 -0.57249391
 -0.55659628 -0.56010115 -0.5794785  -0.60489923 -0.64693421 -0.67535532
 -0.69147289 -0.69361001 -0.67587072 -0.64597851 -0.58708978 -0.51573473
 -0.40542477 -0.28047043 -0.13561626  0.02831403  0.175892    0.34045216
  0.48492002  0.61395961  0.73457485  0.82876158  0.88737297  0.91893882
  0.91473293  0.87577844  0.81397265  0.71380895  0.5791229   0.43601215
  0.26358461  0.11748933 -0.04482818 -0.19382198 -0.32298326 -0.46520856
 -0.56477803 -0.66951692 -0.75185311 -0.81457144 -0.83999801 -0.88527203
 -0.8920545  -0.86731744 -0.80703861]
[ 0.04825277  0.04243863  0.02396375  0.00799847  0.00734507  0.00969222
  0.01234644  0.01298036  0.01919584  0.02057709  0.01794779  0.02159933
  0.02333751  0.02292779  0.01345053  0.00136255 -0.0012014  -0.00344337
 -0.01567307 -0.01460681 -0.02053756 -0.02328251 -0.03730415 -0.03867488
 -0.03578525 -0.03775216 -0.02884732 -0.03512008 -0.03779206 -0.04424108
 -0.04530885 -0.04159024 -0.03929023 -0.03064801 -0.02370178 -0.01487322
  0.00762204  0.0153539   0.02762422  0.02151295  0.03916388  0.02790765
  0.00720793  0.00227522 -0.01116912 -0.02449965 -0.02123446 -0.02445401
 -0.0247876  -0.0223112  -0.02121671 -0.02071582 -0.01232532 -0.01484724
 -0.02708872 -0.02961952 -0.03718316 -0.03540679 -0.04206542 -0.04533223
 -0.05694923 -0.04944015 -0.05246163 -0.05582628 -0.05021445 -0.04916444
 -0.03858081 -0.03447606 -0.0286705  -0.03905747 -0.04479984 -0.04923563
 -0.04185052 -0.04862481 -0.05500309 -0.0681244  -0.09066666 -0.09700688
 -0.10573117 -0.10730737 -0.1102726  -0.10564721 -0.10042331 -0.07918148
 -0.06412093 -0.05551076 -0.05302457 -0.04836699 -0.04799007 -0.03956993
 -0.03123477 -0.02832841 -0.03491043 -0.02708623 -0.01682688 -0.00171851
  0.00393143  0.01291248  0.01373725  0.01137261  0.00987822  0.01024178
  0.01397161  0.01540456  0.0100396   0.00603007  0.00749473  0.01105497
  0.01467397  0.00778698 -0.00213992 -0.00523818 -0.00852061 -0.00821783
 -0.00732785 -0.01590517 -0.00960712 -0.00707083  0.00778241  0.00822881
  0.00044936  0.0020798   0.01785197  0.02821185  0.03604622  0.05087787]
[ 0.03289149  0.01636709  0.01516112 -0.00258018 -0.00403713 -0.00375588
  0.00355404  0.00360867  0.0115245   0.0138135   0.00892923  0.01743649
  0.01941268  0.01493048  0.00393417 -0.00540646 -0.01540543 -0.01771777
 -0.02296582 -0.03254605 -0.02974247 -0.03829973 -0.03363468 -0.04197053
 -0.03753663 -0.03983293 -0.0381192  -0.02067923 -0.02999501 -0.03143202
 -0.03853491 -0.04182447 -0.03348443 -0.0298814  -0.02906039 -0.01155429
 -0.00022394  0.02028263  0.01887919  0.03297721  0.03899359  0.04756346
  0.02575096  0.01003296  0.01832917 -0.00876625 -0.01812631 -0.00728032
 -0.01595925 -0.01309594 -0.01619517 -0.01754056 -0.02853146 -0.02065452
 -0.02440742 -0.03515554 -0.04293622 -0.05209993 -0.05218093 -0.05405394
 -0.05112963 -0.05776035 -0.05925592 -0.05777507 -0.05621475 -0.0481711
 -0.03766901 -0.038668   -0.03358309 -0.03514976 -0.03853804 -0.05059931
 -0.051213   -0.05362965 -0.0484886  -0.07106978 -0.08253253 -0.09187242
 -0.10747827 -0.11539097 -0.11970431 -0.12119697 -0.11900731 -0.10394856
 -0.08467098 -0.06323865 -0.0469432  -0.03963475 -0.02998487 -0.01940846
 -0.00451267  0.00193849 -0.00743813 -0.00696866 -0.00039706  0.00494393
  0.0058925   0.00990049  0.00070544 -0.00579822 -0.00587361 -0.0035798
 -0.01140501 -0.00841709 -0.001333    0.00257158  0.01308479  0.02221717
  0.01898126  0.02280986  0.02211678  0.02743072  0.0208035   0.01032724
  0.00542027 -0.0003474   0.00457036  0.01245635  0.01719615  0.02253967
  0.02354625  0.02124317  0.03034453  0.03398725  0.03677641  0.04009035
  0.04845286]
[ 0.05759257  0.05263162  0.02847818  0.01875404  0.00210232 -0.00072119
 -0.01417629 -0.01651097 -0.02093411 -0.02287794 -0.0154216  -0.01594388
 -0.01122109 -0.01407566 -0.01886905 -0.01086569 -0.01197951 -0.00744068
 -0.00873779 -0.01045435 -0.01205211 -0.01317683 -0.01799587 -0.01324209
 -0.01260462 -0.01179791 -0.00322787 -0.00216545 -0.00032381  0.00560966
  0.0101087   0.01693413  0.02631539  0.02745069  0.02424077  0.02164979
  0.02162752  0.02529488  0.02902668  0.02547701  0.03285614  0.03233584
  0.03563761  0.03933546  0.03510883  0.03754954  0.02351903  0.01548331
  0.01132104  0.00632002  0.00139529 -0.00725143 -0.01717059 -0.0308021
 -0.04363908 -0.04023791 -0.04101712 -0.05121613 -0.0569242  -0.06902532
 -0.0776648  -0.0765807  -0.08682311 -0.0920103  -0.10361384 -0.10742146
 -0.11816525 -0.12481594 -0.11523203 -0.10283387 -0.1003451  -0.08589662
 -0.07735195 -0.06275263 -0.04223446 -0.03264736 -0.01850642 -0.00918633
  0.00265266 -0.00373537  0.01015698  0.00561164  0.00731217  0.01131169
  0.01513854  0.00850284  0.00171645  0.00616613  0.00734346  0.00904833
  0.01199829  0.00458396  0.0045511   0.00252966 -0.00279581 -0.01056527
 -0.01366306 -0.02117176 -0.0244129  -0.03542907 -0.0394229  -0.04911298
 -0.05482342 -0.05130925 -0.04826497 -0.05500282 -0.05481283 -0.05927394
 -0.06112685 -0.05897638 -0.06247966 -0.06294392 -0.05030004 -0.04980321
 -0.04770815 -0.04138319 -0.03391344 -0.02864379 -0.01995026 -0.01263634
 -0.00563577  0.00192693 -0.00039653  0.00373008  0.01576753  0.01301418
  0.01987158  0.02121428  0.01654394  0.01444165  0.01812565  0.01887862
  0.01760386  0.01627292  0.01987186  0.02071922  0.02834109  0.0209326
  0.01783171  0.01213994  0.00535847 -0.0015405  -0.01625105 -0.023494
 -0.0410445  -0.06291214 -0.06907021 -0.07616359 -0.08448865 -0.08771565
 -0.08661439 -0.09056548 -0.08548729 -0.08315811 -0.0722642  -0.06110674
 -0.05304794 -0.04061355 -0.0381203  -0.03183939]
[ 0.04335077  0.03652687  0.01581958  0.00386019 -0.01662896 -0.02385799
 -0.03565397 -0.03753481 -0.03766046 -0.03349921 -0.03527677 -0.02796521
 -0.02544293 -0.02052691 -0.01400856 -0.00682599 -0.0024649  -0.0080143
 -0.01076188 -0.0098629  -0.00992075 -0.01041732 -0.00838135 -0.00799596
 -0.01078651 -0.01228574 -0.00652522  0.00168845  0.00383051  0.00701018
  0.00893129  0.00965299  0.01366729  0.00985687  0.0166031   0.0154354
  0.0245796   0.03101029  0.04311587  0.04583879  0.0437237   0.05159346
  0.05183398  0.05114343  0.04777553  0.04510976  0.02563601  0.02069135
  0.00806831 -0.00456303 -0.01738495 -0.02925603 -0.035291   -0.04180523
 -0.04311509 -0.05179759 -0.0506233  -0.04413439 -0.03784057 -0.02661224
 -0.03942047 -0.04959842 -0.04902995 -0.05409441 -0.07312418 -0.09078046
 -0.10532115 -0.11200945 -0.12168483 -0.12283776 -0.11356192 -0.10503339
 -0.09203301 -0.07977824 -0.06043385 -0.04388104 -0.03804416 -0.02904901
 -0.01920083 -0.01951241 -0.01461156 -0.00891392 -0.00447747 -0.00863279
 -0.00750775 -0.00428725 -0.00251303 -0.00356856 -0.00067279  0.00275928
  0.00470898 -0.00065091  0.00375926  0.00571514  0.00831827  0.00732374
  0.00770247  0.0037398  -0.00879067 -0.0220858  -0.0263565  -0.0353167
 -0.04445284 -0.05679729 -0.06299479 -0.07475571 -0.069847   -0.06624566
 -0.06428117 -0.05942888 -0.06509882 -0.05638987 -0.05846482 -0.05027484
 -0.05475974 -0.04667784 -0.04278065 -0.03903124 -0.03819972 -0.03115354
 -0.03074914 -0.02423329 -0.02426585 -0.02085281 -0.01295373 -0.00656355
  0.00345684  0.01046863  0.01602282  0.01911542  0.02927395  0.03015782
  0.03131704  0.03119386  0.02616716  0.02063524  0.0224838   0.01999315
  0.01842561  0.02400238  0.03104466  0.03024936  0.03573969  0.02557888
  0.01651779 -0.00223993 -0.01124136 -0.03107533 -0.04715689 -0.08085687
 -0.0983711  -0.11153214 -0.11228261 -0.11478682 -0.10585753 -0.10387961
 -0.09020893 -0.07943416 -0.06647732 -0.0616467  -0.06904053 -0.07260448
 -0.06596237 -0.06174368]
[ 2.36114562e-02  1.21370880e-02 -5.55156823e-03 -1.58205796e-02
 -2.63908282e-02 -3.30164060e-02 -3.72486450e-02 -3.49147841e-02
 -3.92822959e-02 -3.60119976e-02 -2.61200648e-02 -2.08804011e-02
 -1.58712957e-02 -6.65639201e-03 -3.84291518e-03 -7.93596637e-03
 -7.91946147e-03 -7.21987151e-03 -8.75413790e-03 -6.69769989e-03
 -4.95860958e-03 -7.01421546e-03 -4.84955078e-03 -5.95809566e-03
 -2.92111933e-03 -1.25054771e-03  3.20213311e-03  8.16187635e-03
  6.43633213e-03  1.60395540e-02  1.45705538e-02  1.65727586e-02
  2.44765654e-02  2.05123480e-02  2.79375780e-02  2.10222825e-02
  2.05590334e-02  1.99858956e-02  1.31415017e-02  5.54389926e-03
  3.01673077e-03 -4.51785186e-03 -1.40499808e-02 -1.61486585e-02
 -2.06876025e-02 -1.96544845e-02 -2.44170241e-02 -2.66952664e-02
 -3.61779258e-02 -3.70197929e-02 -4.50491905e-02 -5.08555546e-02
 -5.97372167e-02 -5.85316755e-02 -6.07841164e-02 -6.35588840e-02
 -6.49642497e-02 -6.55571297e-02 -6.14903122e-02 -6.29616082e-02
 -5.73103018e-02 -5.22801466e-02 -5.36472388e-02 -5.17076515e-02
 -4.78971712e-02 -4.40569520e-02 -3.91341224e-02 -3.37917060e-02
 -3.03771496e-02 -2.83962935e-02 -2.06989404e-02 -1.83243323e-02
 -1.67140719e-02 -8.91547371e-03 -5.89901535e-03 -4.41925181e-03
 -3.56543693e-03  9.89045133e-04  3.56749911e-03  3.74003965e-03
  8.43338203e-03  1.11042159e-02  1.14752315e-02  1.69218313e-02
  1.50202001e-02  1.77523531e-02  2.05597747e-02  2.10553445e-02
  1.82700660e-02  1.36480043e-02  8.48315563e-03  2.90046586e-03
 -8.61769004e-05 -5.94129134e-03 -1.04104904e-02 -1.71438195e-02
 -2.70686708e-02 -2.73327995e-02 -3.23507525e-02 -3.23077813e-02
 -3.39760594e-02 -3.84601839e-02 -3.56084481e-02 -3.41162160e-02
 -2.89119855e-02 -2.55244635e-02 -1.98280178e-02 -1.43401418e-02
 -6.86884439e-03  4.55849717e-04  9.74100491e-04  5.56477532e-03
  3.82657745e-03  7.34752044e-03  5.24603995e-03  3.20082484e-03
  8.24142527e-03  1.68983657e-02  2.48738322e-02  2.63685696e-02
  3.38050947e-02  4.05180380e-02  4.24714722e-02  4.57544737e-02
  4.53512929e-02  3.57979164e-02  2.54647601e-02  9.69746616e-03
  1.27590215e-02 -1.45229464e-03 -1.83903310e-03 -1.67186689e-02
 -2.48880628e-02 -3.59948240e-02 -3.29210982e-02 -3.77978571e-02
 -4.64415103e-02 -5.72847910e-02 -5.99132888e-02 -6.26193359e-02
 -6.27622306e-02 -6.27608448e-02 -7.09676072e-02 -7.80121461e-02
 -8.31590742e-02 -8.23053494e-02 -7.69724324e-02 -8.30152556e-02
 -8.50452557e-02 -9.29742008e-02 -8.97342861e-02 -9.38010588e-02
 -8.99414420e-02 -8.62111598e-02 -8.56722519e-02 -7.37596750e-02
 -6.45337179e-02 -6.10242076e-02 -5.45422062e-02 -4.96418327e-02
 -5.01202382e-02 -3.60592157e-02 -3.27575244e-02 -2.80052945e-02
 -2.08749250e-02 -1.81124974e-02 -1.32201239e-02 -1.16421189e-02
 -1.13845225e-02 -9.90516879e-03 -1.65893268e-02 -1.80359520e-02
 -2.12563407e-02 -2.50602365e-02 -3.06121260e-02 -3.22939605e-02
 -3.35149430e-02 -3.81938629e-02 -3.87480408e-02 -4.36963215e-02
 -4.86385487e-02 -5.50803989e-02 -6.08425885e-02 -6.50099367e-02
 -7.37753883e-02 -8.02058429e-02 -8.81071091e-02 -8.82962197e-02
 -9.38891098e-02 -9.04686153e-02 -8.81384909e-02 -8.62629414e-02
 -7.64617994e-02 -6.43068850e-02 -5.51240556e-02 -3.51598822e-02
 -2.10758392e-02]
[ 0.02679381  0.0137754   0.00422783 -0.00792504 -0.01611919 -0.02553535
 -0.02911689 -0.02673662 -0.02327213 -0.02338105 -0.01731016 -0.01480081
 -0.0111298  -0.0099892  -0.00971902 -0.00455436 -0.0070743  -0.01285764
 -0.01400626 -0.00829884 -0.01212762 -0.00993713 -0.0101944  -0.01243913
 -0.01689815 -0.01674554 -0.01632978 -0.01773787 -0.01081343 -0.00633894
  0.00141182  0.00846287  0.01038275  0.01002733  0.02184532  0.02008262
  0.02220243  0.0180497   0.01802538  0.01160143  0.00847174  0.00609312
  0.00566424 -0.00210281 -0.01490967 -0.01136857 -0.01957997 -0.01541155
 -0.02713342 -0.03033195 -0.0416683  -0.04095709 -0.05372006 -0.05732177
 -0.06242312 -0.06680484 -0.06641768 -0.06577356 -0.06368452 -0.06095913
 -0.06055365 -0.05483169 -0.0531848  -0.0475807  -0.04772848 -0.03804353
 -0.04049845 -0.03944009 -0.03834696 -0.0316185  -0.03081972 -0.02631255
 -0.02292216 -0.0189208  -0.01385586 -0.01397794 -0.00398178  0.00397088
  0.0043194   0.01033755  0.01332033  0.01576382  0.01786486  0.02023445
  0.01806058  0.02617741  0.02972933  0.03016541  0.03071802  0.03098159
  0.02769678  0.02564311  0.02234023  0.01653241  0.00779649  0.0022498
 -0.0082251  -0.01404737 -0.01997738 -0.02858395 -0.03390142 -0.03781653
 -0.04399002 -0.04288769 -0.04081915 -0.03860167 -0.03313939 -0.02900783
 -0.02593019 -0.01925099 -0.01108495 -0.00425867 -0.0049662  -0.00124329
 -0.00495791 -0.00759352 -0.00916266 -0.0099735  -0.00119848  0.01151951
  0.01671445  0.0203097   0.02926325  0.03625086  0.0424119   0.04164203
  0.04418497  0.04356068  0.03788311  0.02994826  0.02634572  0.01873945
  0.00343262 -0.00535105 -0.01085239 -0.01589825 -0.03089242 -0.03444792
 -0.0452547  -0.05247423 -0.05448842 -0.04795996 -0.04417813 -0.04829466
 -0.05088028 -0.05402936 -0.05588354 -0.0579303  -0.06094908 -0.06994207
 -0.07676495 -0.08678841 -0.09393542 -0.09760333 -0.1058169  -0.1003642
 -0.10242797 -0.08987701 -0.08398    -0.07617041 -0.07251041 -0.06613386
 -0.06051884 -0.05371443 -0.04619322 -0.04009281 -0.03764732 -0.03758627
 -0.02797164 -0.03008142 -0.02886784 -0.0224815  -0.01804131 -0.01471831
 -0.00653477 -0.00115913  0.00183789  0.00665489  0.00961808  0.01135195
  0.00339504 -0.00340533 -0.0173914  -0.03527205 -0.04381996 -0.05440596
 -0.05964643 -0.07173683 -0.08522144 -0.08710845 -0.091322   -0.09084316
 -0.09249827 -0.0818853  -0.08306669 -0.07839252 -0.06884657 -0.05818051
 -0.04182503]
[ 0.26535523  0.20416394  0.15696949  0.09688969  0.04062022 -0.01088602
 -0.06317993 -0.10752247 -0.14802186 -0.18224777 -0.20851426 -0.22594029
 -0.24629252 -0.25968003 -0.26544634 -0.27387896 -0.28075528 -0.27844125
 -0.2732192  -0.26099804 -0.24411312 -0.22855638 -0.21714127 -0.20111571
 -0.18823895 -0.17316388 -0.15831943 -0.14497273 -0.13376364 -0.13221999
 -0.1264836  -0.12220213 -0.11592573 -0.10862555 -0.09872165 -0.07945698
 -0.0551248  -0.02386767  0.01594155  0.06282234  0.10731427  0.14525931
  0.18322566  0.21355432  0.23063721  0.24358571  0.24523418  0.2362393
  0.22252068  0.20301735  0.1861501   0.15518819  0.1171925   0.08946218
  0.05451538  0.02494988 -0.00842466 -0.03263498 -0.05539842 -0.07439408
 -0.08289085 -0.09757327 -0.09835759 -0.09891591 -0.10194089 -0.09363586
 -0.08367336 -0.08086005 -0.07042719 -0.06678978 -0.05695691 -0.04978045
 -0.05116659 -0.0480041  -0.0452005  -0.05251901 -0.0536517  -0.05403571
 -0.06278597 -0.07495353 -0.08458845 -0.08570671 -0.08789217 -0.08384763
 -0.08276802 -0.07023953 -0.05733567 -0.0425173  -0.02776314 -0.0102211
  0.01016218  0.02603603  0.03461531  0.04088842  0.04873301  0.05214084
  0.05809487  0.06070751  0.05302516  0.04451622  0.0426394   0.04634919
  0.05084028  0.05473683  0.05839854  0.06839345  0.08294038  0.09182034
  0.10855205  0.12665333  0.13631228  0.14131622  0.1460955   0.14609186
  0.14249633  0.13436079  0.131872    0.13002308  0.13093397  0.12301947
  0.11695785  0.11173853  0.10052114  0.08869299  0.08471772  0.06601379
  0.04702756  0.02725848  0.00395091 -0.02153835 -0.04306035 -0.06610619
 -0.07931962 -0.09728957 -0.11847018 -0.13909818 -0.14739996 -0.15301567
 -0.15851654 -0.16171096 -0.16337888 -0.16610946 -0.17371798 -0.16969435
 -0.1677904  -0.16868314 -0.16259505 -0.16283245 -0.14739797 -0.15141656
 -0.14663301 -0.13698442 -0.1256057  -0.10990032 -0.08305223 -0.05660102
 -0.02832712  0.01316531  0.05827941  0.10482333  0.14943372  0.18617722
  0.22060134  0.24141364  0.25849664  0.26352301  0.26546386  0.27494776
  0.26598945  0.26712543  0.25449088  0.23471722  0.21943441  0.20218115
  0.17397147  0.12756908  0.07437766  0.0124645  -0.06089947 -0.13746822
 -0.22242209 -0.30604282 -0.38352653 -0.4527635  -0.50369316 -0.54845893
 -0.5685581  -0.58768702 -0.58834273 -0.58923268 -0.58581704 -0.57683778
 -0.55821395 -0.55179381 -0.54060668 -0.51218301 -0.49223685 -0.45022121
 -0.39901859 -0.3315357  -0.246141   -0.15053749 -0.03775726  0.07544577
  0.2103081   0.31847492  0.44121116  0.54103094  0.64554697  0.72533858
  0.79031461  0.82208973  0.8407256   0.83594346  0.79610372  0.74786109
  0.68163091  0.5859257 ]
[-1.29593179e-01 -1.13404639e-01 -9.78691280e-02 -8.06284249e-02
 -5.78622967e-02 -3.68112400e-02 -1.20077636e-02  1.58805680e-02
  3.28147709e-02  5.18990122e-02  7.23527521e-02  8.13191161e-02
  9.76814330e-02  1.04175203e-01  1.14728630e-01  1.17353082e-01
  1.22103050e-01  1.24403015e-01  1.24749050e-01  1.22082867e-01
  1.04690723e-01  9.99909118e-02  9.20295417e-02  8.70575085e-02
  8.83479044e-02  8.80468190e-02  9.41311717e-02  9.18865651e-02
  1.01951867e-01  1.14977233e-01  1.25167727e-01  1.42908126e-01
  1.36906847e-01  1.39609918e-01  1.32009923e-01  1.24552280e-01
  1.06958650e-01  9.65052545e-02  6.71560392e-02  3.45747471e-02
  9.49099846e-03 -3.00624613e-02 -5.78204058e-02 -9.92724895e-02
 -1.21333040e-01 -1.46084592e-01 -1.64384484e-01 -1.81399748e-01
 -1.85660690e-01 -1.88715145e-01 -1.85596377e-01 -1.86403275e-01
 -1.78477168e-01 -1.68130934e-01 -1.54986784e-01 -1.41217157e-01
 -1.33417815e-01 -1.25578836e-01 -1.14387162e-01 -1.08044319e-01
 -1.00986548e-01 -1.01302698e-01 -1.01611696e-01 -9.95395482e-02
 -9.90810543e-02 -1.02358401e-01 -9.97629091e-02 -1.00471437e-01
 -1.05159506e-01 -1.07388109e-01 -1.03700884e-01 -9.80938673e-02
 -8.96307379e-02 -8.48307833e-02 -8.08275789e-02 -7.56939948e-02
 -6.96886405e-02 -5.44207394e-02 -3.48898768e-02 -1.64950863e-02
  4.15896211e-04  1.69775933e-02  2.92818658e-02  5.12704104e-02
  6.62621036e-02  8.31635818e-02  8.96041095e-02  9.98210683e-02
  1.06037505e-01  1.05171576e-01  1.05525576e-01  1.02009550e-01
  9.30821523e-02  8.55198801e-02  7.98129961e-02  6.71241283e-02
  5.11173122e-02  4.51605916e-02  3.81451249e-02  3.71061526e-02
  4.34451289e-02  4.59025092e-02  5.39782085e-02  5.28079867e-02
  5.38990460e-02  4.70324270e-02  4.48792018e-02  3.92865837e-02
  2.50787549e-02  6.41131122e-03 -4.38719243e-03 -1.37530919e-02
 -3.26055512e-02 -2.87851710e-02 -3.43678594e-02 -3.83511521e-02
 -5.18450141e-02 -5.77037036e-02 -6.35702536e-02 -5.96595816e-02
 -7.03518018e-02 -7.46984333e-02 -7.28560835e-02 -7.23993853e-02
 -7.90288597e-02 -8.07375237e-02 -7.73958713e-02 -7.53826723e-02
 -7.41328746e-02 -6.36746734e-02 -5.29630072e-02 -4.35848497e-02
 -3.67814712e-02 -2.65877172e-02 -6.11895171e-04  1.80194527e-02
  5.23325242e-02  7.45913386e-02  9.93710980e-02  1.19956449e-01
  1.37578964e-01  1.51551828e-01  1.62014440e-01  1.71067312e-01
  1.71089634e-01  1.71856239e-01  1.52474120e-01  1.45376727e-01
  1.15637787e-01  9.79910865e-02  7.74848461e-02  5.83613217e-02
  2.58011166e-02 -1.07250251e-02 -4.72660623e-02 -8.85635838e-02
 -1.25226378e-01 -1.68332160e-01 -2.04976916e-01 -2.53608495e-01
 -2.87092835e-01 -3.20123672e-01 -3.47765028e-01 -3.76861066e-01
 -3.92835617e-01 -4.11164850e-01 -4.15795594e-01 -4.17666942e-01
 -4.10136521e-01 -3.98857713e-01 -3.75822127e-01 -3.56506288e-01
 -3.21981102e-01 -2.87305206e-01 -2.58791298e-01 -2.10989445e-01
 -1.64912462e-01 -1.08906142e-01 -4.95678820e-02  2.23115571e-02
  8.29143971e-02  1.51558831e-01  2.12284282e-01  2.74016410e-01
  3.17487955e-01  3.58228207e-01  3.83589178e-01  4.10876274e-01
  4.15597171e-01  4.28085566e-01  4.26823705e-01  4.11815673e-01
  4.01680052e-01  3.84483755e-01  3.67842555e-01  3.32362175e-01
  3.07374090e-01  2.67765701e-01  2.23415077e-01  1.61177903e-01
  9.26208124e-02  2.58242302e-02 -6.66927770e-02 -1.61708862e-01
 -2.59740770e-01 -3.57300311e-01 -4.60941344e-01 -5.50857663e-01
 -6.45661533e-01 -7.28635788e-01 -7.79695988e-01 -8.07359517e-01
 -8.18640769e-01 -8.06403100e-01 -7.75909960e-01 -7.15353131e-01
 -6.46032155e-01 -5.66509187e-01]
[-1.32628709e-01 -1.16753832e-01 -1.01163678e-01 -8.16823617e-02
 -7.06475303e-02 -5.41889668e-02 -3.10926344e-02 -1.29706478e-02
  1.03511652e-02  2.34003756e-02  4.28000130e-02  5.38196899e-02
  6.40796795e-02  8.67360458e-02  1.10370897e-01  1.26834601e-01
  1.40784368e-01  1.58599541e-01  1.58186957e-01  1.70942485e-01
  1.75418720e-01  1.86580375e-01  1.71132028e-01  1.60936803e-01
  1.50992990e-01  1.45177349e-01  1.47893757e-01  1.39362678e-01
  1.41641244e-01  1.34332836e-01  1.34862944e-01  1.30970702e-01
  1.31315857e-01  1.22897990e-01  1.11606665e-01  9.98727977e-02
  8.75517800e-02  6.29805252e-02  4.52076346e-02  1.56997386e-02
 -1.18680643e-02 -4.38847281e-02 -7.23704770e-02 -1.00969449e-01
 -1.33396164e-01 -1.44069552e-01 -1.58272237e-01 -1.69035986e-01
 -1.79219455e-01 -1.88994914e-01 -1.93644956e-01 -1.88924715e-01
 -1.89775109e-01 -1.87868014e-01 -1.81751966e-01 -1.77450418e-01
 -1.67148128e-01 -1.62289828e-01 -1.49189726e-01 -1.34803504e-01
 -1.27290681e-01 -1.15990512e-01 -1.13713183e-01 -1.00640081e-01
 -9.15926024e-02 -8.83741677e-02 -8.60768184e-02 -7.84019008e-02
 -7.72885680e-02 -7.92630240e-02 -7.13586956e-02 -6.59483001e-02
 -7.19976798e-02 -7.09825084e-02 -6.73705786e-02 -6.13102540e-02
 -5.10882027e-02 -3.96213122e-02 -1.99180972e-02 -4.54355078e-03
  1.99725106e-03  1.25875864e-02  3.01291067e-02  4.78172489e-02
  5.41074462e-02  6.49945885e-02  6.94306940e-02  6.99783042e-02
  7.31232017e-02  7.25993589e-02  6.86925948e-02  7.03815967e-02
  6.18034452e-02  5.49883246e-02  5.23230359e-02  4.46555689e-02
  3.90790291e-02  3.62216942e-02  4.18532193e-02  4.57376987e-02
  5.09116277e-02  5.51289059e-02  5.38784564e-02  5.29315062e-02
  5.14479540e-02  5.28457463e-02  4.09816094e-02  2.70628482e-02
  5.67197334e-03 -1.07692257e-02 -2.18662713e-02 -2.30127219e-02
 -3.21638808e-02 -4.10063379e-02 -3.85890789e-02 -4.17715721e-02
 -3.81020866e-02 -3.88084054e-02 -3.20724100e-02 -2.03278624e-02
 -1.62102897e-02 -1.14857676e-02 -6.68753870e-03 -3.23707378e-03
 -4.60608257e-03 -2.67313560e-03 -6.78424118e-03 -1.48012667e-04
 -6.31847745e-03 -7.63797946e-03 -1.66112185e-02 -1.12304250e-02
 -4.51959996e-03  7.51623139e-03  2.81532742e-02  5.79643101e-02
  8.03675056e-02  1.04735881e-01  1.21322550e-01  1.41266525e-01
  1.56808034e-01  1.71061888e-01  1.88408136e-01  1.84381917e-01
  1.84323043e-01  1.66408494e-01  1.58418313e-01  1.40298098e-01
  1.28570706e-01  9.10106525e-02  6.45079911e-02  1.18882889e-02
 -2.91214604e-02 -8.48092064e-02 -1.33961499e-01 -1.85615823e-01
 -2.33335555e-01 -2.80704021e-01 -3.24381530e-01 -3.56149256e-01
 -3.74879241e-01 -4.01003510e-01 -4.12999809e-01 -4.19438452e-01
 -4.15491968e-01 -3.98083240e-01 -3.91228616e-01 -3.88932735e-01
 -3.82259279e-01 -3.69492203e-01 -3.57450038e-01 -3.27013850e-01
 -3.02100629e-01 -2.69987017e-01 -2.36386776e-01 -1.82823718e-01
 -1.24016486e-01 -5.42389192e-02  1.67755634e-02  9.60943848e-02
  1.68372139e-01  2.33856395e-01  3.03804398e-01  3.60844851e-01
  4.07826155e-01  4.54185039e-01  4.83364820e-01  5.05822659e-01
  5.11424482e-01  5.20437479e-01  5.01237214e-01  4.92368996e-01
  4.56222385e-01  4.33622837e-01  3.89008075e-01  3.37396860e-01
  2.79922009e-01  2.20152304e-01  1.45479321e-01  5.67215979e-02
 -3.62715349e-02 -1.45276234e-01 -2.47491539e-01 -3.46576393e-01
 -4.40073878e-01 -5.39219677e-01 -6.15041971e-01 -6.94884419e-01
 -7.49212384e-01 -7.69533217e-01 -8.03390086e-01 -8.01480234e-01
 -7.88907409e-01 -7.71373272e-01 -7.43877232e-01 -7.00924754e-01
 -6.49544597e-01 -5.76072097e-01 -4.95148778e-01 -4.05361950e-01
 -3.19103599e-01 -2.03209087e-01]
[ 0.19280639  0.14989181  0.09559006  0.04389935  0.00341751 -0.02534119
 -0.07370101 -0.10100874 -0.12423132 -0.1504485  -0.17393464 -0.18828891
 -0.20574892 -0.21976244 -0.24034984 -0.25241482 -0.27004969 -0.27347612
 -0.27461079 -0.27416927 -0.27763435 -0.26605308 -0.2557289  -0.2417718
 -0.22131638 -0.20553225 -0.18865058 -0.16775848 -0.14357162 -0.12780553
 -0.10706755 -0.08591246 -0.07654333 -0.0564377  -0.04208189 -0.01802137
  0.00550915  0.02733652  0.05570987  0.07457943  0.10885228  0.12715234
  0.15619032  0.1687382   0.18307352  0.18176678  0.19457851  0.17867863
  0.17005715  0.15883756  0.14895953  0.13261561  0.11160985  0.09403913
  0.06828407  0.04626645  0.02333427 -0.00412938 -0.03952976 -0.06452349
 -0.09333296 -0.10733884 -0.12782729 -0.13653676 -0.13819538 -0.13398461
 -0.13031444 -0.11715948 -0.1131601  -0.1011927  -0.08744247 -0.07442866
 -0.06115716 -0.05529232 -0.05751258 -0.05574576 -0.06248222 -0.06621804
 -0.0700238  -0.07659036 -0.08778387 -0.09679448 -0.09762887 -0.09608028
 -0.08470803 -0.08184569 -0.05928556 -0.04103815 -0.01802766  0.00411051
  0.02809478  0.04713109  0.06402014  0.08075076  0.08724692  0.08794444
  0.08988202  0.08514478  0.07744237  0.07098982  0.06480829  0.05816162
  0.05679737  0.06221502  0.07196388  0.08751761  0.0951421   0.1173664
  0.14106758  0.1577163   0.17251673  0.18393995  0.18512353  0.17861032
  0.16792175  0.15203413  0.14243439  0.12185111  0.09784286  0.0902258
  0.07155508  0.04779663  0.03620122  0.0178701   0.00164968 -0.0114033
 -0.03230077 -0.04640579 -0.05783216 -0.07658585 -0.09148366 -0.10024828
 -0.11719622 -0.12230318 -0.14081752 -0.15497054 -0.16882892 -0.1780723
 -0.17966223 -0.18624656 -0.19450654 -0.2013353  -0.19242945 -0.18922423
 -0.17752457 -0.16172424 -0.1566245  -0.14346346 -0.12324988 -0.10792378
 -0.06947953 -0.04020567 -0.01389839  0.0226497   0.06016662  0.09879649
  0.13201593  0.17270894  0.20810927  0.23137565  0.23960367  0.25385261
  0.25978813  0.25527376  0.2403346   0.23645544  0.210704    0.20086268
  0.17402565  0.17136794  0.15113133  0.12697965  0.10623789  0.07791191
  0.0441892  -0.01045151 -0.06272568 -0.12926041 -0.20494291 -0.27614406
 -0.35045233 -0.41232765 -0.4796809  -0.52958888 -0.57019377 -0.59277791
 -0.61232454 -0.6204024  -0.61217082 -0.60785776 -0.58601564 -0.55829263
 -0.53049779 -0.49035773 -0.44415617 -0.38207379 -0.31391129 -0.24600534
 -0.16337033 -0.07396412  0.01380268  0.11129396  0.20837981  0.29235804
  0.38032201  0.47037223  0.5339542   0.59601814  0.63715374  0.6701839
  0.6732192   0.67275822  0.66255105  0.62239236  0.57055235  0.49946576
  0.43678588  0.3492212   0.26795056  0.189417    0.09953155 -0.01978848]
[ 3.48887771e-01  2.68059254e-01  1.63196534e-01  7.94198141e-02
 -1.76683161e-03 -6.85880333e-02 -1.37546360e-01 -1.85453057e-01
 -2.29942128e-01 -2.80872792e-01 -3.06673795e-01 -3.26373041e-01
 -3.35888982e-01 -3.45709652e-01 -3.44869107e-01 -3.43435556e-01
 -3.46300900e-01 -3.45665216e-01 -3.46171170e-01 -3.40876758e-01
 -3.41477752e-01 -3.31439912e-01 -3.24473143e-01 -3.20492297e-01
 -3.12220424e-01 -3.03268939e-01 -2.93943286e-01 -2.79868096e-01
 -2.57414281e-01 -2.43035093e-01 -2.14264587e-01 -1.80243760e-01
 -1.45155504e-01 -1.03179991e-01 -5.54350950e-02 -1.70155726e-02
  3.88892554e-02  8.12204927e-02  1.26717463e-01  1.56489387e-01
  1.96294472e-01  2.24882782e-01  2.51389116e-01  2.60438263e-01
  2.65407532e-01  2.59552121e-01  2.37203240e-01  2.02443868e-01
  1.59171999e-01  1.11401521e-01  4.96149138e-02 -1.41268445e-03
 -4.93128411e-02 -9.75293517e-02 -1.44043356e-01 -1.76962093e-01
 -2.06468388e-01 -2.21611500e-01 -2.31978819e-01 -2.37370387e-01
 -2.43467480e-01 -2.48989984e-01 -2.46825784e-01 -2.31076986e-01
 -2.15272501e-01 -1.93970501e-01 -1.72465146e-01 -1.57535791e-01
 -1.45690069e-01 -1.33178696e-01 -1.21047802e-01 -1.20253041e-01
 -1.14669733e-01 -1.14633031e-01 -1.17436215e-01 -1.21819653e-01
 -1.18080981e-01 -1.17050931e-01 -1.15965575e-01 -1.08816445e-01
 -9.64952931e-02 -8.25628191e-02 -6.78248182e-02 -4.67780009e-02
 -1.95009429e-02 -2.71049049e-03  1.74329691e-02  3.07240002e-02
  5.09114936e-02  5.91797121e-02  7.04977512e-02  8.00685808e-02
  7.70587921e-02  6.47816584e-02  5.62557168e-02  4.63005267e-02
  3.70659307e-02  1.92662235e-02  4.69946908e-03 -8.65549129e-03
 -1.18641220e-02 -1.68857444e-02 -2.36954149e-02 -2.13878360e-02
 -1.01269875e-02 -1.53992884e-02 -1.08931269e-02 -3.54278414e-03
 -3.75412707e-03 -2.91973306e-03  3.14932433e-03  3.93277872e-03
  1.61209460e-02  1.82656087e-02  1.44237736e-02  1.64093282e-02
  2.64320113e-02  3.07245161e-02  3.36091369e-02  4.01435792e-02
  3.94080542e-02  3.95587981e-02  3.79838124e-02  3.51152495e-02
  3.90919186e-02  3.80440317e-02  4.04654332e-02  4.01088446e-02
  3.89678963e-02  3.02507505e-02  2.70549934e-02  3.81972529e-02
  4.29594293e-02  5.14834225e-02  6.06483221e-02  7.32069016e-02
  7.93484971e-02  9.36961174e-02  1.07692100e-01  1.11629710e-01
  1.31352842e-01  1.42766953e-01  1.49050638e-01  1.50737271e-01
  1.54233396e-01  1.54774442e-01  1.66584253e-01  1.79488897e-01
  1.95253313e-01  2.05185860e-01  2.07781076e-01  2.13839859e-01
  2.23876163e-01  2.37110838e-01  2.46536672e-01  2.53097981e-01
  2.44032979e-01  2.39040315e-01  2.27622867e-01  2.12107942e-01
  1.97158456e-01  1.77485451e-01  1.54728547e-01  1.32699639e-01
  1.13011487e-01  8.64000618e-02  6.02136254e-02  2.89862808e-02
 -9.56578273e-03 -3.99857238e-02 -7.56453797e-02 -1.03942908e-01
 -1.32986501e-01 -1.64812878e-01 -1.92350343e-01 -2.22613081e-01
 -2.38611326e-01 -2.44478434e-01 -2.44980067e-01 -2.53751814e-01
 -2.58830935e-01 -2.64386535e-01 -2.64894068e-01 -2.68198699e-01
 -2.70298511e-01 -2.75985241e-01 -2.78284609e-01 -2.84559637e-01
 -2.87789077e-01 -2.82852679e-01 -2.82959312e-01 -2.81101495e-01
 -2.63584882e-01 -2.50438333e-01 -2.38705605e-01 -2.18322739e-01
 -1.92812055e-01 -1.62149906e-01 -1.19602665e-01 -6.36168346e-02
  4.21086006e-04  6.57413378e-02  1.49248809e-01  2.26190135e-01
  3.18023533e-01  3.85555297e-01  4.59054351e-01  5.18964589e-01
  5.57255447e-01  5.81082702e-01  5.81728876e-01  5.67148626e-01
  5.31213641e-01  4.80616957e-01  4.14194733e-01  3.32861096e-01
  2.46544838e-01  1.63300261e-01  7.26698861e-02 -3.74654261e-03
 -9.76007730e-02 -1.77042082e-01 -2.67765969e-01 -3.47574651e-01
 -4.27176803e-01 -4.85557228e-01 -5.56538820e-01 -6.22080743e-01
 -6.58891618e-01 -6.90626562e-01 -7.02094316e-01 -7.15315521e-01
 -7.24364221e-01 -7.27463126e-01 -7.27680326e-01 -7.37411797e-01
 -7.38811791e-01 -7.42454886e-01 -7.38412499e-01 -7.30256379e-01
 -7.11605608e-01 -6.79161370e-01 -6.19641900e-01 -5.31724155e-01
 -4.35358196e-01 -3.06954920e-01 -1.90878704e-01 -3.73558439e-02
  1.06426671e-01  2.61148840e-01  4.04230237e-01  5.46772480e-01
  6.74629450e-01  7.89757431e-01  8.89701843e-01  9.57308710e-01
  9.98392999e-01  1.02184784e+00  1.00427294e+00  9.63295400e-01
  8.94966900e-01  8.07679951e-01  6.87807798e-01  5.77594578e-01
  4.28337932e-01  2.83829540e-01  1.10315785e-01 -4.38007303e-02
 -2.34464139e-01 -3.81036490e-01 -5.60620248e-01 -6.89313233e-01
 -8.31727624e-01 -9.31959927e-01 -1.01201999e+00 -1.05375409e+00
 -1.07158530e+00 -1.04405570e+00 -9.66943324e-01 -8.89300644e-01]
[-8.12097220e-04  4.86388942e-03  2.16479637e-02  3.83118428e-02
  7.08883032e-02  9.15943533e-02  1.20562896e-01  1.50477812e-01
  1.75529584e-01  2.01980814e-01  2.28715375e-01  2.43311062e-01
  2.41714031e-01  2.41755590e-01  2.43764862e-01  2.40593299e-01
  2.35516503e-01  2.31706962e-01  2.28862360e-01  2.25006089e-01
  2.24519670e-01  2.22266555e-01  2.25231946e-01  2.21817777e-01
  2.13601500e-01  2.13906005e-01  2.13610694e-01  2.07662582e-01
  1.99196026e-01  1.80574819e-01  1.61151469e-01  1.31473616e-01
  9.94281396e-02  5.45815937e-02  1.66476034e-02 -2.58368831e-02
 -7.18673542e-02 -1.23799853e-01 -1.62514433e-01 -1.90883175e-01
 -2.22418785e-01 -2.55859226e-01 -2.86881357e-01 -3.10646296e-01
 -3.31478119e-01 -3.37910295e-01 -3.38179380e-01 -3.33674163e-01
 -3.22624862e-01 -3.12628627e-01 -2.98550457e-01 -2.84526885e-01
 -2.72367746e-01 -2.57844120e-01 -2.44429275e-01 -2.32109696e-01
 -2.19609097e-01 -2.16523871e-01 -2.09347144e-01 -2.03161895e-01
 -1.98161811e-01 -1.93571821e-01 -1.86536640e-01 -1.89447522e-01
 -1.90548182e-01 -1.91731140e-01 -1.92499086e-01 -1.92913651e-01
 -1.82572767e-01 -1.74657315e-01 -1.66812345e-01 -1.52426943e-01
 -1.33833870e-01 -1.18540578e-01 -1.01693735e-01 -8.52670893e-02
 -7.81754702e-02 -6.79766163e-02 -6.06137440e-02 -5.54803833e-02
 -5.41533530e-02 -5.34926765e-02 -5.35185300e-02 -5.59499823e-02
 -5.47147281e-02 -5.43500371e-02 -5.02530262e-02 -4.37516831e-02
 -2.87859812e-02 -1.47743421e-02  4.75710584e-03  1.78004447e-02
  4.11162190e-02  5.82985021e-02  7.80548006e-02  9.47102085e-02
  1.12864941e-01  1.21049017e-01  1.34889752e-01  1.34981915e-01
  1.33446261e-01  1.25404701e-01  1.16259873e-01  1.10450633e-01
  1.00262485e-01  9.23114046e-02  8.57480839e-02  7.97971636e-02
  7.05757886e-02  7.10722953e-02  6.71794489e-02  6.72305599e-02
  6.68755025e-02  7.34768733e-02  7.69231319e-02  9.01241004e-02
  9.18408185e-02  9.53834504e-02  1.04474485e-01  1.15954816e-01
  1.25408739e-01  1.29616722e-01  1.30616546e-01  1.27087340e-01
  1.21875674e-01  1.13851860e-01  1.04987569e-01  9.37712267e-02
  7.73224607e-02  7.30678141e-02  5.83201684e-02  4.77492809e-02
  2.91405618e-02  2.00420003e-02  1.21082580e-02 -3.01945965e-05
 -9.06899199e-03 -1.42709967e-02 -1.66935977e-02 -2.00230759e-02
 -2.45287605e-02 -2.39316598e-02 -2.50159781e-02 -2.54727025e-02
 -2.39207484e-02 -1.83010027e-02 -2.35598944e-02 -2.46325526e-02
 -2.76508033e-02 -3.18365023e-02 -3.39352340e-02 -3.78403515e-02
 -3.93918306e-02 -4.21805270e-02 -4.62014563e-02 -5.04262783e-02
 -5.01329042e-02 -5.65095916e-02 -6.52034506e-02 -6.39340878e-02
 -6.85994327e-02 -7.67836422e-02 -7.58475661e-02 -6.96285218e-02
 -6.63250610e-02 -5.81215546e-02 -3.78575101e-02 -1.52664259e-02
  1.60967484e-02  4.56942208e-02  8.13947693e-02  1.09488390e-01
  1.40280098e-01  1.65650040e-01  1.90785825e-01  2.06852540e-01
  2.10184023e-01  2.06070930e-01  1.92845941e-01  1.80664822e-01
  1.62392870e-01  1.45744488e-01  1.25739902e-01  1.06913738e-01
  8.74009356e-02  8.14720169e-02  7.65604675e-02  7.06478506e-02
  7.38229305e-02  7.71021098e-02  8.80092606e-02  9.56926048e-02
  1.11153997e-01  1.17185146e-01  1.22457169e-01  1.31769121e-01
  1.18540742e-01  1.04750320e-01  7.73066729e-02  4.76150140e-02
 -5.65854926e-03 -5.48791438e-02 -1.31503761e-01 -2.07578540e-01
 -2.85662025e-01 -3.77204180e-01 -4.42663610e-01 -5.22313535e-01
 -5.86239398e-01 -6.54828012e-01 -6.75873578e-01 -7.17637062e-01
 -7.21358359e-01 -7.18717873e-01 -7.00381160e-01 -6.72578335e-01
 -6.42783701e-01 -5.95075607e-01 -5.45496285e-01 -5.00393867e-01
 -4.37620491e-01 -3.74545574e-01 -2.95468062e-01 -2.26889983e-01
 -1.47446170e-01 -8.41283724e-02 -2.60188654e-02  3.01489811e-02
  8.56401548e-02  1.24751993e-01  1.48108006e-01  1.82256922e-01
  1.97659284e-01  2.23227039e-01  2.42046520e-01  2.78015256e-01
  3.16414535e-01  3.56706798e-01  3.85280490e-01  4.14662570e-01
  4.38135743e-01  4.38704729e-01  4.09853756e-01  3.65670025e-01
  2.85798609e-01  2.02754349e-01  9.36041474e-02 -2.13925261e-02
 -1.39765903e-01 -2.78566927e-01 -4.11036760e-01 -5.20658135e-01
 -6.23360813e-01 -7.15971172e-01 -7.75325477e-01 -8.34681690e-01
 -8.56409013e-01 -8.79383981e-01 -8.57019365e-01 -8.10877621e-01
 -7.45932579e-01 -6.74207866e-01 -5.94658077e-01 -5.18351853e-01
 -4.33778018e-01 -3.42813849e-01 -2.50422269e-01 -1.52501717e-01
 -4.00681831e-02  5.28950095e-02  1.57782361e-01  2.57897317e-01
  3.61716807e-01  4.37929392e-01  5.38083732e-01  5.94042063e-01
  6.55505180e-01  6.83197439e-01  7.35315442e-01  7.61844397e-01]
[ 0.11798243  0.07146809  0.04397803  0.0274511   0.02398372  0.02801605
  0.04203524  0.05826985  0.07559513  0.0954363   0.11756559  0.13476393
  0.14891407  0.16029024  0.16699491  0.17077476  0.17649497  0.17612673
  0.17417006  0.17310239  0.16508697  0.15957327  0.14490488  0.13652481
  0.12542719  0.11617154  0.10646331  0.10476632  0.10274983  0.10221954
  0.0990565   0.09819346  0.09378792  0.09446958  0.09418911  0.09185262
  0.09288298  0.09188695  0.08942769  0.08553617  0.07870301  0.0683782
  0.05339554  0.03832638  0.01284434 -0.01016553 -0.03063739 -0.05487
 -0.08011951 -0.11135968 -0.1448562  -0.17714565 -0.21114285 -0.24065982
 -0.26876977 -0.29599848 -0.31190905 -0.3263182  -0.33185425 -0.33568361
 -0.33275393 -0.33212516 -0.32638881 -0.32164839 -0.31300944 -0.30308697
 -0.29358059 -0.28488311 -0.28053677 -0.27310029 -0.26534331 -0.26059636
 -0.26004717 -0.25672537 -0.25654599 -0.25766322 -0.24904874 -0.23721389
 -0.22721942 -0.20979403 -0.18804723 -0.17147173 -0.15068629 -0.12823386
 -0.1059776  -0.08897228 -0.07236541 -0.05524639 -0.04073901 -0.02831416
 -0.01867365 -0.00915776 -0.00504284 -0.00042824  0.00298311  0.00691064
  0.00464836  0.00588271  0.01187047  0.0187788   0.02060783  0.02405169
  0.03158745  0.03066769  0.03914907  0.04258481  0.04711353  0.048258
  0.04779598  0.05012792  0.06309887  0.07353677  0.08429712  0.10070381
  0.11918818  0.1366068   0.15411745  0.16847534  0.17929941  0.18889415
  0.19087346  0.19485079  0.18982613  0.18070939  0.16220914  0.15141694
  0.13898511  0.12094138  0.10090122  0.08429652  0.06935669  0.05974879
  0.05200393  0.04126677  0.03657191  0.03260539  0.03257017  0.03414394
  0.03518715  0.03140495  0.02779809  0.02713544  0.02118317  0.02134299
  0.01480592  0.00724063 -0.00052471 -0.00397755 -0.00322339 -0.00801344
 -0.01392199 -0.01438003 -0.01800443 -0.02268765 -0.02436777 -0.03181339
 -0.03705218 -0.04411802 -0.04648409 -0.04767974 -0.04907927 -0.04571456
 -0.04639561 -0.04404812 -0.03899265 -0.02711935 -0.01808462 -0.00737781
  0.0057695   0.01683312  0.03276636  0.04956954  0.0657689   0.0819646
  0.09371633  0.10812262  0.12305608  0.13905616  0.15081716  0.15980187
  0.16736138  0.1733388   0.17379086  0.17164509  0.16993906  0.16034359
  0.15416926  0.1468156   0.13515244  0.12640201  0.11748592  0.10873428
  0.10246804  0.09844168  0.09202708  0.08504973  0.07648031  0.06582323
  0.05942893  0.04977696  0.03946304  0.02196676  0.005731   -0.01520943
 -0.03825031 -0.06840583 -0.0913126  -0.1195335  -0.14734299 -0.1715223
 -0.20210688 -0.22590572 -0.24789421 -0.26137418 -0.27235717 -0.27471626
 -0.27965143 -0.28499815 -0.28292647 -0.28543043 -0.27780601 -0.27224949
 -0.26452971 -0.25127345 -0.24308516 -0.23072213 -0.21498981 -0.2051502
 -0.18838495 -0.17676489 -0.16251735 -0.15691552 -0.15496564 -0.16118257
 -0.16401316 -0.17135304 -0.18095416 -0.19205862 -0.20528892 -0.21936692
 -0.23162793 -0.23763396 -0.23169248 -0.2407023  -0.23249644 -0.23254848
 -0.21672231 -0.20552729 -0.1960447  -0.1804896  -0.17309865 -0.17264643
 -0.16726638 -0.15815429 -0.15311603 -0.13674906 -0.11704259 -0.10352222
 -0.08781775 -0.06678302 -0.04889954 -0.04367098 -0.0309748  -0.01655806
 -0.01779841 -0.01578829 -0.01620685 -0.0302914  -0.03268883 -0.04400209
 -0.04483131 -0.06344654 -0.07503647 -0.08138017 -0.08115484 -0.073285
 -0.05870486 -0.0387076  -0.019112   -0.00114857  0.01593647  0.02946762
  0.04110647  0.03997697  0.03327501  0.02561511  0.00967928 -0.00782314
 -0.01503851 -0.02841435 -0.03819347 -0.05148895 -0.05588332 -0.05313974
 -0.06057743 -0.06288958 -0.05107931 -0.03985304 -0.0377572  -0.02638759
 -0.01244939  0.02019709  0.04933173  0.09440386  0.13589852  0.17780724]
