[-0.98520744 -0.72014803 -0.46391502 -0.25901842 -0.10703406 -0.07133688
 -0.20005602 -0.41449285 -0.60625243 -0.63263661]
[1.8301599  1.62585914 1.3997364  1.35572863 1.38006389 1.45242655
 1.5170579  1.66286051 1.65416217 1.65227318]
[-1.04083848 -0.83969271 -0.67318755 -0.52417892 -0.38298005 -0.22249338
 -0.08808745 -0.00117271 -0.07606527 -0.2883288  -0.56605053 -0.78757375
 -0.82735157]
[2.11169529 1.78348458 1.46167946 1.28726685 1.17130435 1.1197747
 1.14589715 1.18624508 1.29462397 1.50372362 1.64831591 1.80518425
 1.87105584]
[0.62724936 0.45403138 0.38602325 0.39485168 0.47253573 0.56928372
 0.70745409 0.77069974 0.86374801 0.75850809 0.52196509 0.32713464
 0.19905213]
[ 0.69717479  0.20823552  0.01696562 -0.18684226 -0.33992091 -0.44777724
 -0.4390786  -0.35949433 -0.23089013 -0.13088527 -0.05280016 -0.02641345
 -0.08216898 -0.03855122]
[-0.73156208 -0.62726831 -0.56639969 -0.50663024 -0.46945766 -0.41146573
 -0.30726796 -0.16564788 -0.06078417 -0.08537229 -0.20822775 -0.42168662
 -0.60394168 -0.56097215 -0.33843374]
[1.77002788 1.64936221 1.51194382 1.39264095 1.29959714 1.2327404
 1.19558597 1.21183944 1.25939083 1.35154057 1.47301245 1.58288026
 1.6218859  1.62380362 1.59304667]
[-0.75688416 -0.63140422 -0.5433135  -0.49746087 -0.45442224 -0.43127358
 -0.37643173 -0.27353188 -0.14520031 -0.05589525 -0.09300423 -0.23030376
 -0.45478195 -0.62355834 -0.55539924 -0.30791509]
[1.76535356 1.65642607 1.51869857 1.40869284 1.29623175 1.2091198
 1.14402568 1.11533475 1.15449035 1.23688853 1.34976876 1.48322189
 1.58616614 1.62839758 1.62062967 1.57781959]
[ 0.00446341 -0.00667811 -0.07361063 -0.14639349 -0.25307363 -0.35014084
 -0.42903474 -0.45848331 -0.41305318 -0.34552073 -0.32427797 -0.3484273
 -0.43702409 -0.54205745 -0.50192744 -0.38166586 -0.18465687 -0.14769456
  0.05718462  0.51621252  1.11675799]
[-0.5719071  -0.30866024 -0.08136813  0.10596938  0.26705876  0.39342424
  0.48683977  0.55021387  0.57917958  0.58194506  0.54802907  0.48906276
  0.42488036  0.35665509  0.3142069   0.27685741  0.23153934  0.18687762
  0.12991697  0.05720631 -0.00771119 -0.06697953 -0.09237735 -0.0978356
 -0.07217667 -0.00117635  0.15570532  0.32157847  0.38433272  0.38676816
  0.3813625   0.4292894   0.54788095]
[-0.62843257 -0.33416247 -0.07449661  0.12429439  0.28536126  0.40919176
  0.4833115   0.52138352  0.54569274  0.55482125  0.53498638  0.48158243
  0.41399002  0.34295878  0.28546557  0.25667575  0.23503217  0.22139814
  0.21631995  0.18419318  0.11905608  0.04452347 -0.01949105 -0.07767538
 -0.10056688 -0.09701343 -0.06392164  0.00322176  0.19325954  0.3564378
  0.42235669  0.41308838  0.38327739  0.41325495  0.52548504]
[-0.65838897 -0.3442207  -0.06902703  0.14305182  0.31236234  0.43230373
  0.49691319  0.52541685  0.53792518  0.53786153  0.5235551   0.47186217
  0.4059594   0.33437437  0.2755093   0.2413711   0.21419543  0.21934858
  0.22289869  0.22204505  0.17706056  0.10766311  0.02613042 -0.04342238
 -0.09885008 -0.1153169  -0.11009098 -0.0696192   0.00422559  0.21947278
  0.38522094  0.45308915  0.43590128  0.39751124  0.4246875   0.53542727]
[-0.50012356 -0.20680195  0.05358287  0.25632319  0.38902378  0.4853462
  0.52325302  0.50250411  0.49911496  0.48025396  0.44856945  0.42873532
  0.36052477  0.2984134   0.25903055  0.24458151  0.19595067  0.21938346
  0.22626168  0.24047124  0.21083595  0.16106451  0.08211374 -0.01329915
 -0.08317234 -0.12798077 -0.15273461 -0.11400386 -0.05454149  0.06677616
  0.29860345  0.46834525  0.50275701  0.49871501  0.47726557  0.52409333
  0.67062378]
[ 0.0967279   0.29027337  0.44023228  0.56250155  0.63097912  0.62340087
  0.59550887  0.53260624  0.43049058  0.31192222  0.23271601  0.14908254
  0.10482343  0.11092994  0.13262944  0.13213871  0.18335627  0.20481184
  0.23406976  0.24832742  0.26155499  0.27040628  0.25802046  0.22521582
  0.1747154   0.07344104 -0.02940834 -0.13496636 -0.20141853 -0.22966993
 -0.21947072 -0.1766417  -0.08383942  0.09243324  0.39836138  0.64028203
  0.72890604  0.72801226  0.70683765  0.73354203  0.85177302  1.05899858]
[ 0.13212237  0.07196299 -0.00649113 -0.09449288 -0.19712079 -0.29349613
 -0.36450031 -0.39218041 -0.40478438 -0.40133142 -0.39420786 -0.39083007
 -0.33112633 -0.13201523  0.02304731  0.04904539  0.0099162   0.08992023
  0.25321594  0.54169106  0.84244943  1.08456004  1.23350406  1.25428629
  1.18524694  1.06507564  0.94781154  0.86602193  0.82854593  0.8290171
  0.8195715   0.83377117  0.84354335  0.85441172  0.86808693  0.8821426
  0.88986236  0.90152025  0.91005725  0.90879393  0.9100439   0.90465713
  0.89905155  0.89210927  0.87851548  0.86880577  0.86792219  0.88179606
  0.92372364  0.98895109  1.05102336]
[ 0.84382701  0.82596773  0.81148803  0.79576182  0.79764587  0.81034589
  0.83550721  0.87412804  0.92198932  0.96336627  0.98688751  0.97884113
  0.95318711  0.88476145  0.78613281  0.67306888  0.57644767  0.49609905
  0.43524119  0.37303492  0.31814313  0.24746175  0.18874687  0.11554316
  0.04890447 -0.02850355 -0.11584214 -0.1958458  -0.26617011 -0.3221823
 -0.35940945 -0.38457689 -0.3963666  -0.39912325 -0.40085259 -0.40370569
 -0.41147959 -0.41922766 -0.42953753 -0.44768333 -0.47401077 -0.5076248
 -0.55100834 -0.59643263 -0.64066833 -0.67703283 -0.7118935  -0.74114287
 -0.76851422 -0.8004663  -0.83550489]
[-0.00739935  0.19172351  0.35537434  0.50167817  0.59017879  0.64677542
  0.63483143  0.59716159  0.53740376  0.42804071  0.37653956  0.29215398
  0.21462332  0.16825454  0.14458252  0.08875087  0.09667967  0.07301109
  0.07363486  0.0683014   0.08408197  0.11130821  0.13747795  0.16471259
  0.16520293  0.13957927  0.11979569  0.09342919  0.09749888  0.10689295
  0.1134352   0.12020209  0.14092571  0.14650027  0.15291321  0.17396058
  0.18471812  0.15620421  0.08827944 -0.02357286 -0.15942983 -0.29091993
 -0.36935103 -0.40290827 -0.37028086 -0.27555299 -0.15052477  0.05280088
  0.30102691  0.57040286  0.75607884  0.80498481  0.80643517  0.81660771
  0.91727096  1.12298656  1.39518845]
[-2.80287862 -2.78252316 -2.6971755  -2.57445526 -2.4302671  -2.29423618
 -2.17519736 -2.08987379 -1.98806381 -1.88579237 -1.77896821 -1.68578327
 -1.58537388 -1.48796165 -1.38794875 -1.2501756  -1.06289387 -0.80163407
 -0.53404236 -0.32757369 -0.27715084 -0.33344766 -0.5366922  -0.80516243
 -1.19518685 -1.59604597 -2.13535595 -2.80876541 -3.48906255 -4.14683867
 -4.75228453 -5.24350643 -5.50236177 -5.5388484  -5.46260786 -5.32186747
 -5.0176487  -4.4026866  -3.03266311 -2.31108665 -1.76489592 -1.07712233
 -0.7751689   0.1188176   1.09133136  2.11802554  2.96475649  3.5334096
  3.74844313  3.55487943  3.17629099  2.68464756  2.2963655   2.10277057
  2.01089096  2.01317668  1.97940671  1.96681857  1.93146145  1.94201982
  1.90817285  1.90041471  1.90117145]
[2.31085539 2.61820078 2.76161289 2.99582863 3.23651004 3.37970996
 3.44163609 3.37307477 3.1521666  2.83262968 2.49007559 2.19495106
 1.92152393 1.73868072 1.60658526 1.50539947 1.42347872 1.33268356
 1.24382234 1.16816604 1.10334241 1.04728138 0.98932797 0.94396245
 0.9258551  0.90628767 0.90066034 0.91579944 0.92898029 0.93849963
 0.94925135 0.9672851  0.99696392 1.03544033 1.10720587 1.16797209
 1.2491591  1.34558749 1.42793846 1.49970984 1.53112507 1.58490241
 1.62978351 1.79140854 1.89164007 2.08330703 2.26201177 2.43509817
 2.56655335 2.67195201 2.70971966 2.66626811 2.56636119 2.39787269
 2.17637897 1.90147018 1.5988102  1.28911185 0.99733591 0.73424768
 0.48030752 0.24889745 0.04855201]
[ 1.29905033  1.29929352  1.29483759  1.28502166  1.26643181  1.24619925
  1.2267375   1.20151091  1.17654538  1.14720738  1.12162483  1.09727967
  1.08333015  1.06919742  1.08783448  1.1159941   1.12717986  1.1295085
  1.09608841  1.02352631  0.91555357  0.77569264  0.58667409  0.44009092
  0.28768721  0.2627309   0.19263086  0.11635154  0.06111605  0.01484178
 -0.00969419 -0.04100989 -0.08155458 -0.13147359 -0.17391878 -0.22308658
 -0.25920871 -0.30831367 -0.34926429 -0.38418466 -0.40765834 -0.43804863
 -0.47011837 -0.49784583 -0.52194041 -0.54686755 -0.56954557 -0.5999614
 -0.64064163 -0.68453574 -0.73677498 -0.79232121 -0.85023731 -0.91142923
 -0.96481419 -1.01380217 -1.05403149 -1.09096169 -1.12716126 -1.16148162
 -1.18817091 -1.20322704 -1.20919824]
[-0.420977   -0.39703399 -0.38078728 -0.3550922  -0.32454747 -0.30513147
 -0.30861464 -0.32973766 -0.35155928 -0.36752933 -0.36572704 -0.36534977
 -0.34980732 -0.31947419 -0.2705079  -0.18309189  0.06299432  0.15257894
  0.18324541  0.34761098  0.39285341  0.60037941  0.85237348  1.09791088
  1.30115604  1.42596889  1.46626711  1.46433425  1.42336738  1.36172307
  1.30590963  1.27110302  1.25002551  1.24237728  1.23781037  1.23722267
  1.23645616  1.23642385  1.22913492  1.2347734   1.23522985  1.22362804
  1.22124434  1.2134515   1.20936298  1.20802987  1.1975795   1.1926558
  1.18830752  1.17954028  1.19058084  1.21071565  1.24562037  1.30943441
  1.38903844  1.46110141  1.52706456  1.56787741  1.59547615  1.62871754
  1.66121709  1.66832554  1.71606326]
[-1.19787216 -1.22096038 -1.22465098 -1.21673024 -1.1948595  -1.16725123
 -1.14873326 -1.14535046 -1.14446497 -1.14626861 -1.14795899 -1.14865184
 -1.15173018 -1.14710486 -1.14047778 -1.11776948 -1.07749486 -1.00446928
 -0.92537647 -0.85664672 -0.82932997 -0.83315408 -0.88442028 -0.96147454
 -1.06892562 -1.17501855 -1.30738437 -1.46423841 -1.6050297  -1.72676015
 -1.82592976 -1.89406455 -1.9174906  -1.89507091 -1.84778595 -1.77196038
 -1.62921941 -1.43130958 -1.18412602 -0.86279351 -0.50740194 -0.14237157
  0.18587217  0.51194274  0.77131176  0.99557197  1.16763091  1.31192541
  1.42104876  1.95881963  1.71950662  2.08031321  1.96580005  2.09176755
  2.20072675  2.28090024  2.28529906  2.17162538  2.01848674  1.88719893
  1.73030543  1.6002177   1.49223602  1.40663755  1.35048342  1.31117344
  1.27976298  1.26307929  1.25968409  1.25516391  1.24630713  1.24480176
  1.24082816  1.23739696  1.24429905  1.23267233  1.22905922  1.22534597
  1.22052574  1.22052634  1.21498179  1.2169522   1.20921528  1.20131505
  1.19399166  1.18564439  1.1865983   1.18429971  1.18197584  1.18958533
  1.18227899  1.16764009  1.17581761  1.15782869  1.17448819  1.20921552
  1.2131319   1.28921854  1.33155167  1.32608378  1.35201859  1.297158
  1.27229536  1.1903559   1.09184837  0.96370643  0.8144483   0.63344932
  0.45361295  0.26350102  0.1000427  -0.05481806 -0.18496919 -0.29240546
 -0.36980227 -0.43368885 -0.48397022 -0.53485519 -0.58130163 -0.63205916
 -0.69416112 -0.75337076 -0.81593943 -0.88013232 -0.94198245 -0.99661237
 -1.03588653 -1.06406832 -1.07763016 -1.09248662 -1.1008333  -1.11071467
 -1.12333345 -1.14391983 -1.16435993 -1.19759142 -1.23708844 -1.27068067
 -1.30050588 -1.32384241 -1.33579695 -1.3410573  -1.33672142 -1.32539475
 -1.29999948 -1.27438855 -1.24975753 -1.22059298]
