[ 0.60145342 -0.01533606 -0.26720506 -0.46816847 -0.52301145 -0.42878306
 -0.25162449 -0.08866654 -0.03975594  0.04940294]
[2.17051959 2.00629544 1.78177893 1.77499747 1.76989746 1.71550345
 1.62117732 1.75053346 1.71756792 1.83796597 1.97926879]
[-1.34594107 -1.23512888 -1.19197929 -1.16734517 -1.15565538 -1.17393243
 -1.23315871 -1.31886959 -1.42231035 -1.53100061 -1.63181865]
[ 0.74270558  0.38785148  0.08002391 -0.36510837 -0.68308842 -0.74982053
 -0.62181044 -0.44368449 -0.10131126  0.61286688  1.61751616]
[-1.2079711  -0.85511959 -0.51285094 -0.20962223  0.05855234  0.16713646
  0.03320523 -0.32125652 -0.63729078 -0.79744798 -0.51740539]
[1.10293341 0.76813281 0.55161667 0.46962729 0.47460192 0.54258132
 0.69951624 0.80666602 0.99045461 0.865798   0.54764998]
[ 0.79436135  0.22442041 -0.17315979 -0.44838512 -0.64866787 -0.64678252
 -0.48590341 -0.29226807 -0.08411846  0.00814493 -0.00330219  0.07488396]
[ 0.84497303  0.25029671 -0.12326208 -0.41841599 -0.63884664 -0.67653853
 -0.57391924 -0.39588168 -0.18638504 -0.02089129  0.05568217 -0.00513975
 -0.02743693]
[ 0.84037012  0.26658946 -0.06199258 -0.36826831 -0.6055553  -0.67169893
 -0.64252502 -0.49748677 -0.3696005  -0.22160046 -0.10699861 -0.01797334
  0.00725215 -0.13388842 -0.10288507]
[2.11149073 1.96303165 1.78485715 1.71404481 1.68357444 1.64978313
 1.61695552 1.56769168 1.56501138 1.58400345 1.57160032 1.60903955
 1.67290688 1.72451448 1.79716146 1.93924928]
[-0.90175891 -0.68091971 -0.57519656 -0.49916223 -0.49110028 -0.47027326
 -0.41835898 -0.25249603 -0.02922644  0.15940109  0.23559289  0.10898009
 -0.1741849  -0.5593375  -0.88352501 -0.88630927]
[0.79707497 0.68831623 0.58125055 0.47674558 0.40848368 0.40824249
 0.44346279 0.51488161 0.60164583 0.76483577 0.78836119 0.79924661
 0.68483466 0.56451613 0.48547587 0.36765417]
[0.06285579 0.15380232 0.21578325 0.24349293 0.27063492 0.29219893
 0.30539787 0.32583949 0.34654111 0.36340967 0.38027716 0.39155146
 0.39207599 0.40951261 0.43864    0.40616781 0.33152586 0.24806556
 0.18524499 0.1565592 ]
[-0.60913926 -0.28601494 -0.00682632  0.23436765  0.443831    0.60369051
  0.67302507  0.69241339  0.67472935  0.63104737  0.5324685   0.43738854
  0.33114451  0.23745771  0.16896848  0.10553242  0.01080312 -0.02260346
 -0.05101936 -0.04623156 -0.03141395  0.02064643  0.11448409  0.18194303
  0.36573836  0.49474382  0.48558164  0.43448985  0.37309423  0.3967028
  0.51714563]
[-0.79699308 -0.39771745 -0.05885262  0.20465033  0.41819149  0.59329039
  0.67523682  0.72472781  0.73913419  0.70581847  0.61821157  0.51628917
  0.39776701  0.28784385  0.22347073  0.19205382  0.13523646  0.11290576
  0.072701    0.01912711 -0.04402117 -0.08743677 -0.10270776 -0.09319609
 -0.05119789  0.02387158  0.10665058  0.30429479  0.43929672  0.46817702
  0.44404823  0.4112241   0.45277646  0.6056605 ]
[ 0.88477612  0.82440877  0.76105815  0.70847833  0.64629185  0.60122937
  0.50302672  0.42483008  0.31725433  0.19500777  0.12236799  0.05291266
  0.01960546  0.01929826  0.03494055  0.07516499  0.1460579   0.20181496
  0.26091859  0.30920342  0.34302819  0.35963494  0.34868678  0.31756738
  0.26496926  0.206844    0.11732993  0.02029322 -0.076477   -0.16142848
 -0.23747474 -0.28253853 -0.2738466  -0.23293431 -0.10064818  0.14962462
  0.50477266  0.77284348  0.86387604  0.87248647  0.87256742  0.91029805
  1.01459885  1.16697764]
[ 3.16896796e-01  2.29257539e-01  1.24973111e-01 -1.02361129e-03
 -1.25064820e-01 -2.24446192e-01 -2.81669974e-01 -3.01565796e-01
 -3.09776634e-01 -3.21665049e-01 -3.47892702e-01 -3.62423956e-01
 -3.20982367e-01 -1.71597168e-01 -6.96567670e-02 -1.00515038e-01
 -6.68975562e-02  5.25914058e-02  3.31479013e-01  6.79858744e-01
  1.00816751e+00  1.24918914e+00  1.38133252e+00  1.38668680e+00
  1.31737185e+00  1.20913839e+00  1.12860668e+00  1.07785642e+00
  1.07941556e+00  1.07577467e+00  1.08468330e+00  1.09815049e+00
  1.10747814e+00  1.11850059e+00  1.13059890e+00  1.13800848e+00
  1.14680862e+00  1.15645051e+00  1.16019583e+00  1.15250719e+00
  1.14819455e+00  1.13555479e+00  1.12951720e+00  1.11106539e+00
  1.08990431e+00  1.07620716e+00  1.06983364e+00  1.08159912e+00
  1.13781583e+00  1.18817222e+00]
[ 0.99768537  0.98771185  0.99162686  1.00950575  1.03576386  1.07987928
  1.13325536  1.17608321  1.19480073  1.1692524   1.11566281  1.00588381
  0.85628724  0.66559982  0.52258837  0.37771747  0.29769516  0.21350695
  0.12820257  0.04895932 -0.01292027 -0.06521501 -0.10401023 -0.14907688
 -0.20686769 -0.24418589 -0.28486601 -0.30446529 -0.31027916 -0.31393883
 -0.30237934 -0.28508472 -0.27517265 -0.27830604 -0.28751993 -0.30280715
 -0.31387711 -0.33101556 -0.35571501 -0.3847096  -0.42686588 -0.47356033
 -0.52377665 -0.57091391 -0.61230606 -0.65237236 -0.68726164 -0.71977752
 -0.75730062 -0.79009724]
[ 0.4877561   0.60187101  0.66642416  0.70115966  0.69737178  0.66948497
  0.60087669  0.53457063  0.43150282  0.31923899  0.23747854  0.17974089
  0.13453677  0.11650806  0.08378176  0.0744497   0.08164301  0.08663008
  0.09615874  0.12459838  0.17016053  0.20797393  0.24521761  0.25928554
  0.24007793  0.2109721   0.16287914  0.12665582  0.10747013  0.09621828
  0.08268077  0.08320804  0.10502724  0.12772986  0.15625674  0.19910322
  0.22282287  0.21337284  0.16593494  0.07754226 -0.04166491 -0.16837768
 -0.25820297 -0.29851347 -0.28884101 -0.22290388 -0.12336197  0.04943949
  0.30897248  0.59391046  0.78157389  0.83389181  0.83758932  0.84603089
  0.93694925  1.09300673  1.30022717]
[0.14920048 0.14289585 0.15747038 0.16597027 0.17752552 0.19755526
 0.21622232 0.21192656 0.25413176 0.2635361  0.30391565 0.32974204
 0.35499784 0.38522452 0.41179189 0.4364818  0.4621481  0.48990998
 0.52217859 0.55829883 0.59181827 0.62381327 0.64700329 0.66182756
 0.67024815 0.67610806 0.68139583 0.68363827 0.68596435 0.68459541
 0.68362325 0.68183416 0.67877603 0.67578936 0.6734516  0.66997242
 0.66604376 0.66111392 0.6565637  0.64926082 0.64344203 0.63508785
 0.62399894 0.60919303 0.59057933 0.56614542 0.54214001 0.51318794
 0.48564368 0.45827624 0.43380404 0.40956241 0.38925251 0.36560243
 0.34791812 0.31385678 0.27660152 0.24298634 0.20473975 0.16494823
 0.12444228 0.08288311 0.04204825 0.00446918]
[-0.65068561 -0.62025255 -0.59662133 -0.57557422 -0.56677932 -0.56507069
 -0.5801509  -0.61024219 -0.66105789 -0.73101324 -0.80722594 -0.85810947
 -0.85199416 -0.78151399 -0.64596158 -0.47297159 -0.27486816 -0.0261729
  0.25171438  0.46958691  0.70605683  0.8966158   1.0675447   1.27146959
  1.44055462  1.57218146  1.70531011  1.79311907  1.85559762  1.85914207
  1.80606151  1.69348526  1.56596744  1.41624629  1.29175365  1.18449676
  1.12231374  1.09406245  1.09317803  1.09622574  1.10154438  1.10623384
  1.11510301  1.1162529   1.12260127  1.1323849   1.13400626  1.13356328
  1.1290096   1.1245265   1.11178005  1.0933038   1.07498658  1.0552659
  1.04099774  1.03269219  1.02991545  1.03882158  1.04937136  1.07334006
  1.10128903  1.12321079  1.14473581  1.16338885  1.20080328  1.24800503
  1.27778232  1.30367827  1.32471418  1.36906624  1.43499744  1.45025325
  1.4455955   1.41118932  1.340891    1.2290405   1.06861031  0.88364935
  0.65593535  0.41513446  0.1619473  -0.07934882 -0.29878932 -0.49718702
 -0.66522008 -0.78883952 -0.87648976 -0.93065792 -0.93592352 -0.91304135
 -0.86775076 -0.80593687 -0.74594241 -0.69099414 -0.6333431  -0.58928084
 -0.55887645 -0.53594542 -0.52052468 -0.51213694]
[-0.7038694  -0.66597033 -0.64535928 -0.62669629 -0.61472052 -0.6083656
 -0.60323209 -0.61372888 -0.63806641 -0.68408155 -0.74888515 -0.82198
 -0.87609613 -0.87814981 -0.8186745  -0.69887555 -0.53376263 -0.3331587
 -0.1184464   0.19716306  0.40426514  0.6647712   0.88402092  1.04368567
  1.23187327  1.41866803  1.55070341  1.66995227  1.78532541  1.86212027
  1.88720095  1.85781157  1.75947666  1.63935888  1.49707389  1.36410856
  1.25485277  1.17527127  1.13227737  1.1196382   1.12249637  1.12800205
  1.13195443  1.14268601  1.14700663  1.14941895  1.16284287  1.168239
  1.16623878  1.16661906  1.16178262  1.15255964  1.13681161  1.11682999
  1.09935081  1.08208954  1.07294619  1.06611514  1.07092023  1.07987678
  1.09468842  1.12248647  1.14264846  1.16536844  1.17586839  1.20662093
  1.24697244  1.28430367  1.30911946  1.33578598  1.35859549  1.41493273
  1.45599294  1.44441164  1.4144702   1.35933816  1.25530326  1.10943437
  0.93034399  0.71471906  0.47232282  0.2253294  -0.02322418 -0.24734828
 -0.46085986 -0.63991022 -0.78225732 -0.88200319 -0.95199478 -0.96797764
 -0.95461053 -0.92044532 -0.86479896 -0.80493945 -0.75348592 -0.70031768
 -0.6578874  -0.62680107 -0.6042487  -0.58492863 -0.57187486 -0.56134808
 -0.56275558]
[-0.82175118 -0.79032785 -0.76005179 -0.73608798 -0.7310878  -0.73859978
 -0.74707609 -0.7566644  -0.75266582 -0.74609572 -0.73262691 -0.72482634
 -0.72809684 -0.74995691 -0.78086305 -0.82991308 -0.88195449 -0.92764455
 -0.92841601 -0.87537849 -0.77132094 -0.61115927 -0.40536261 -0.19307534
  0.0166198   0.32647637  0.54062951  0.78115153  0.96332979  1.14102244
  1.30508602  1.45156503  1.52830863  1.65748918  1.75547159  1.81247663
  1.83713603  1.80815053  1.74262083  1.64062607  1.52036047  1.41334403
  1.31426299  1.24702978  1.20833838  1.20756626  1.2101419   1.21882606
  1.23473239  1.24475789  1.25429988  1.26694143  1.28277767  1.28591311
  1.29442143  1.2916472   1.29153275  1.28051734  1.26375377  1.24621999
  1.22643077  1.20632946  1.18700695  1.17581034  1.16986787  1.16832197
  1.18608904  1.20712495  1.23242736  1.24871624  1.26015472  1.28352284
  1.3027395   1.31040847  1.30618584  1.31481826  1.30887175  1.36434877
  1.3651787   1.35666561  1.31858325  1.22383392  1.10591137  0.94821316
  0.74768251  0.51461762  0.27542782  0.02549308 -0.20616268 -0.43434972
 -0.63361222 -0.79881555 -0.91553789 -1.00468922 -1.03795886 -1.04150593
 -1.01629555 -0.97026926 -0.91439492 -0.86863601 -0.82723618 -0.79782403
 -0.78635842 -0.78412712 -0.78841954 -0.80094266 -0.80860102 -0.81624091
 -0.81927681 -0.82186037 -0.82921207 -0.84000719 -0.84478253 -0.84315491]
[-1.2638005  -1.25523782 -1.23817384 -1.22035861 -1.19603443 -1.16646159
 -1.133407   -1.10051429 -1.06023574 -1.00966966 -0.95447993 -0.89257979
 -0.82329601 -0.74556392 -0.66623354 -0.57124567 -0.46329319 -0.3621563
 -0.30073172 -0.32350263 -0.45893276 -0.68983126 -1.00393081 -1.34791017
 -1.71099246 -2.05127501 -2.40703869 -2.76559711 -3.07222509 -3.29215264
 -3.47827125 -3.57454443 -3.53636456 -3.34974647 -3.03114581 -2.62490177
 -2.1491704  -1.63190961 -0.9154197  -0.27334756  0.21650824  0.70006716
  1.0165379   1.46678782  1.78228712  2.17950511  2.48651648  2.78561711
  3.01514864  3.1216321   3.10433173  2.96288109  2.71204734  2.46036935
  2.20490694  2.03764129  1.89781415  1.81543243  1.75980091  1.72541237
  1.66892087  1.61203885  1.56004381  1.51751173  1.47575569  1.45050526
  1.44103789  1.43265378  1.41767335  1.40288019  1.37831569  1.36646497
  1.34520757  1.3266418   1.32858217  1.313079    1.32008016  1.35702074
  1.39555836  1.44446111  1.47799194  1.52150714  1.52520645  1.54884076
  1.57773042  1.64263201  1.68393528  1.77141452  1.87149751  2.05188704
  2.19435143  2.31132364  2.40161347  2.45550585  2.47493172  2.46902227
  2.4248302   2.34359145  2.19791913  2.03542495  1.84050286  1.63888681
  1.42761385  1.17704439  0.92917866  0.6830501   0.44721144  0.20634727
 -0.01260444 -0.22504479 -0.39781725 -0.56694698 -0.71650183 -0.86624455
 -0.99702305 -1.1141572  -1.21455264 -1.3005197  -1.35167813 -1.39007545]
[-0.72619432 -0.76520401 -0.80821872 -0.85060817 -0.87130791 -0.88077509
 -0.89599246 -0.92188859 -0.96122718 -1.01479602 -1.08382475 -1.14441931
 -1.18455231 -1.17169523 -1.10529721 -0.96058446 -0.76098585 -0.51429498
 -0.26047221 -0.00886261  0.24205551  0.65106916  0.81033534  1.08494294
  1.23857367  1.43162167  1.53607166  1.69163382  1.83531678  1.91509354
  2.00548124  2.07266545  2.08982658  2.02835894  1.91926444  1.78745866
  1.64732635  1.53297651  1.45932233  1.43481052  1.43096256  1.43197966
  1.43112433  1.42914295  1.42541265  1.42575014  1.42736244  1.42403662
  1.42131293  1.41852772  1.41354847  1.41250134  1.40025568  1.39333653
  1.38256204  1.37138689  1.35778546  1.34497774  1.34689176  1.35492456
  1.37684751  1.40508986  1.4249233   1.44375396  1.44985151  1.45641851
  1.46142924  1.46201956  1.44381452  1.43223464  1.42375243  1.44343483
  1.45439494  1.40164411  1.37480593  1.27905846  1.1582284   1.01361775
  0.81894368  0.58232409  0.32247284  0.05578936 -0.20921753 -0.45763481
 -0.69550776 -0.89334434 -1.05317628 -1.16406882 -1.22838116 -1.23756504
 -1.21570337 -1.158517   -1.08527005 -1.01071143 -0.95350212 -0.91011328
 -0.88749903 -0.87215918 -0.87214786 -0.88219285 -0.8945924  -0.90989774
 -0.93361354 -0.96087557 -0.99436206 -1.02370179 -1.04018605 -1.04927564
 -1.05404127 -1.05633807 -1.07082963 -1.09234166 -1.11772084 -1.14169121
 -1.16396856 -1.18494034 -1.19377303 -1.19827616 -1.19554842 -1.1930275 ]
