[-1.19617355 -0.84990668 -0.50896704 -0.20913433  0.05031809  0.17354377
  0.04941568 -0.28081501 -0.59854406 -0.78015792 -0.54267126]
[2.02591634 1.84040105 1.63429713 1.6652596  1.6704551  1.64452255
 1.54198098 1.65558636 1.67172277 1.77744079 1.92585635]
[ 0.27531001  0.22437221 -0.1351185  -0.18755421 -0.22756945 -0.26768088
 -0.07851025  0.15288229  0.48434195  0.81637961  1.08380127]
[2.00949025 1.78945112 1.55833292 1.5391053  1.5568943  1.55635369
 1.52121973 1.67652333 1.66342652 1.75573003 1.83119273]
[-1.31312501 -1.21948099 -1.2527287  -1.30825377 -1.34479105 -1.38242388
 -1.42796373 -1.50390232 -1.58442843 -1.66043854 -1.7417388 ]
[ 0.94103462  0.54179746  0.18413755 -0.16059102 -0.34616894 -0.3316471
 -0.24836484 -0.12438878  0.00310579  0.16495429  0.35228485]
[-1.24221325 -0.93192905 -0.64464283 -0.36434442 -0.11370809  0.11371923
  0.21361156  0.06411596 -0.26941285 -0.63009775 -0.88447267 -0.77029586]
[2.00230551 1.77452779 1.60591948 1.51802206 1.53814268 1.55156469
 1.55597603 1.56850839 1.65723777 1.68574548 1.74433136 1.79047036]
[1.98955762 1.7795614  1.60902321 1.53182805 1.5172317  1.51444006
 1.52647996 1.52224886 1.57977903 1.65103269 1.69699514 1.75963306
 1.76263499]
[-0.90460742 -0.72650284 -0.58785069 -0.45050153 -0.26255542 -0.06180599
  0.13973959  0.14316589 -0.05108396 -0.3583633  -0.67543614 -0.70558941
 -0.40476272]
[-0.75291318 -0.60997248 -0.52172101 -0.49241579 -0.4502635  -0.41012582
 -0.3107985  -0.11323746  0.08170024  0.21212488  0.15542527 -0.0587648
 -0.406672   -0.70134455 -0.67146552 -0.36611909]
[1.86382627 1.74390554 1.59576356 1.51071227 1.4472245  1.41302311
 1.4082303  1.41426897 1.45348859 1.52819979 1.59273255 1.67557108
 1.73001802 1.73022449 1.70445299 1.60990715]
[ 0.20534256  0.15669371  0.03227846 -0.116909   -0.26608726 -0.3479571
 -0.31653935 -0.16725075 -0.08616753 -0.07472129 -0.25266358 -0.54541272
 -0.61814409 -0.51496089 -0.25066787 -0.19293122  0.01266856  0.54576665
  1.44086933]
[ 0.1891907   0.1354721   0.0594115  -0.07164764 -0.20483141 -0.32922494
 -0.3755894  -0.31023583 -0.16280422 -0.09160592 -0.10456464 -0.28689513
 -0.54293501 -0.60924006 -0.49595106 -0.23638597 -0.18001595  0.02433044
  0.56126225  1.42769372]
[-0.84555614 -0.44677982 -0.09548275  0.17275868  0.3940475   0.56183612
  0.65552306  0.69543612  0.71564466  0.69346446  0.62558436  0.52756244
  0.41381145  0.30795604  0.22862941  0.19225165  0.15555435  0.14550896
  0.1329959   0.0991312   0.04271223 -0.02421945 -0.07160971 -0.1006384
 -0.10086592 -0.06569412 -0.01092596  0.07451829  0.26942629  0.41554603
  0.45893502  0.44643319  0.41184902  0.45926714  0.58671957]
[-0.89187706 -0.45999232 -0.07906213  0.21590427  0.44289273  0.60720003
  0.68569219  0.70624644  0.71407562  0.6823923   0.62869734  0.53001255
  0.40795013  0.29760343  0.22364539  0.174825    0.13022858  0.13738693
  0.14413376  0.14605945  0.10676955  0.05249502 -0.01124452 -0.06443547
 -0.10058476 -0.10304865 -0.08250054 -0.01982092  0.07882527  0.29241881
  0.45226881  0.49450085  0.46601713  0.43305159  0.46685022  0.59721261]
[ 0.66836417  0.68965173  0.69592106  0.68996525  0.65872359  0.62519723
  0.54441237  0.46719581  0.35562295  0.22995402  0.1421492   0.06790161
  0.03156348  0.03376789  0.05591323  0.08828379  0.14764774  0.1974639
  0.24384299  0.28264916  0.31056881  0.32527077  0.32084078  0.28705153
  0.2394141   0.16924554  0.07315846 -0.02780743 -0.11023746 -0.19060951
 -0.2299145  -0.2471994  -0.2195649  -0.12981813  0.07643621  0.41327849
  0.69600958  0.8149339   0.83417332  0.84693253  0.89385206  0.99785674
  1.14965904]
[ 1.36546969  1.3776691   1.38495827  1.38701141  1.38459706  1.37375855
  1.35460889  1.33577311  1.31315517  1.28848112  1.26511252  1.23219585
  1.21140957  1.1893059   1.17263198  1.16511297  1.1841768   1.20719695
  1.22740412  1.20812821  1.15265262  1.05571365  0.91130984  0.71692902
  0.53623325  0.30586269  0.19924515  0.12791617  0.06661692 -0.00693972
 -0.08344141 -0.10733412 -0.11081922 -0.12449926 -0.14603946 -0.17157432
 -0.18988816 -0.21046513 -0.22704093 -0.25018194 -0.26422095 -0.27214992
 -0.2794992  -0.29608068 -0.31552318 -0.33756    -0.36140901 -0.38372743
 -0.40584096 -0.43211028 -0.47542074 -0.52319074 -0.57950562 -0.64038593
 -0.7071749  -0.77635688 -0.84188402 -0.90312785 -0.96111602 -1.01729465
 -1.06545973 -1.11032081 -1.14748168]
[0.54993582 1.0947746  1.02354598 1.341681   1.65121877 1.92003298
 2.2253108  2.45015168 2.62538958 2.76069069 2.79679823 2.75432253
 2.64508438 2.43849349 2.22478461 1.99202061 1.78474844 1.60519719
 1.46362185 1.37636244 1.31665587 1.29345465 1.27309179 1.25803494
 1.25854218 1.2391932  1.23165655 1.22679567 1.22320426 1.2094382
 1.19826853 1.18490303 1.17953348 1.16694582 1.16292059 1.16748977
 1.18424141 1.21097827 1.2367065  1.28177905 1.31999075 1.37334359
 1.43148088 1.48533881 1.53605151 1.6299876  1.70373666 1.82209241
 1.9471519  2.0287714  2.11658859 2.2197361  2.28905582 2.34668374
 2.31224322 2.24542856 2.11991143 1.95814288 1.71506679 1.4106319
 1.06750464 0.69764495 0.30428681]
[-1.31079769 -1.28471041 -1.2564925  -1.2348032  -1.20927274 -1.17796218
 -1.14354587 -1.0997802  -1.03880763 -0.95712197 -0.8505016  -0.72168106
 -0.56883258 -0.39517784 -0.21248314 -0.0228401   0.1760781   0.33410925
  0.42728043  0.4112888   0.22574012 -0.08383546 -0.52207422 -1.00869739
 -1.5516932  -2.05708027 -2.52451587 -2.95105481 -3.24616981 -3.36168432
 -3.37282109 -3.24590397 -2.96960425 -2.56624722 -2.04718947 -1.53473687
 -1.08902204 -0.48916185  0.02957885  0.64253229  1.17574823  1.56713438
  1.79092395  1.91373467  1.83058834  1.71505344  1.55688488  1.4548384
  1.3793546   1.33013725  1.34004891  1.34528613  1.35001242  1.37588036
  1.37706339  1.39010882  1.38967824  1.37934852  1.35889566  1.36634409
  1.34562254  1.31575632  1.29993868]
[-1.19389248 -1.1721009  -1.14844692 -1.1204195  -1.08533597 -1.0428592
 -1.00014675 -0.9577409  -0.9094618  -0.85760027 -0.79639763 -0.7244373
 -0.63850892 -0.53877562 -0.43624458 -0.33393005 -0.23983979 -0.1749012
 -0.15325682 -0.18839289 -0.29784662 -0.46352872 -0.67515153 -0.90467715
 -1.16204107 -1.40768564 -1.64661956 -1.8675667  -2.00185442 -2.01604581
 -1.92514741 -1.70947611 -1.4068836  -1.05852044 -0.68801326 -0.15562886
  0.20731947  0.5850091   0.89588982  1.15002835  1.44260132  1.6528424
  1.87710655  2.12792087  2.28801632  2.42050505  2.47944665  2.43866181
  2.30186343  2.10925436  1.92361343  1.75058353  1.60301411  1.50765932
  1.44601548  1.42824602  1.41411304  1.39817572  1.38038886  1.37844014
  1.36894667  1.35735691  1.3524394   1.35128391  1.34497106  1.33549464
  1.32537436  1.3053236   1.2828902   1.25884724  1.22907317  1.2092154
  1.19873548  1.20097113  1.22137177  1.23989713  1.27256656  1.3180002
  1.34712481  1.36501586  1.3769455   1.41419947  1.45726216  1.5079962
  1.57414508  1.6215415   1.72011435  1.83718276  1.91042447  1.96012282
  1.96849406  1.95007324  1.9106555   1.81426191  1.66332555  1.48277771
  1.27409577  1.05337214  0.80924481  0.54974133  0.30627477  0.08091585
 -0.12338673 -0.31799489 -0.4818849  -0.61733955 -0.73169988 -0.82691944
 -0.91550553 -1.00055397 -1.07901752 -1.16643012]
[-1.03503764 -0.98536688 -0.94895023 -0.93029761 -0.933599   -0.9387722
 -0.95395857 -0.92657369 -0.86664116 -0.7576198  -0.60242367 -0.40517092
 -0.17694475  0.0545968   0.35067725  0.6200273   0.85374975  1.04565454
  1.20829976  1.38453221  1.53533971  1.59323108  1.72294104  1.82054102
  1.8967241   1.94591296  1.94905519  1.89674985  1.81270885  1.68422866
  1.57289135  1.46361506  1.39552689  1.36072624  1.35891533  1.3557229
  1.36455917  1.36846995  1.36795926  1.3706193   1.37683499  1.37824535
  1.37756991  1.37888992  1.37560773  1.37354827  1.35928273  1.35152495
  1.34024155  1.32440543  1.31178975  1.29878426  1.29633594  1.29899693
  1.3115809   1.34129119  1.3718735   1.39689517  1.41541934  1.43086243
  1.44252479  1.44479609  1.4388535   1.41198862  1.41311443  1.37465096
  1.44029665  1.41852295  1.39151824  1.34054923  1.23462093  1.1009115
  0.93311054  0.72816867  0.49286225  0.24410865 -0.00843176 -0.23603368
 -0.44465968 -0.62455732 -0.76356936 -0.85307562 -0.91102415 -0.91505903
 -0.89589536 -0.84699655 -0.78959513 -0.73356676 -0.69891298 -0.66803294
 -0.6581158  -0.66649359 -0.68771857 -0.71938241 -0.75665104 -0.79098588
 -0.82685304 -0.85890794 -0.88413823 -0.90932465 -0.9313305  -0.93997717
 -0.94116676 -0.94465977 -0.96033967 -0.98540193 -1.01903081 -1.05582893
 -1.09094882 -1.12712204 -1.15279746 -1.17682576]
[-0.81447875 -0.78020573 -0.74941421 -0.72652209 -0.72172958 -0.72276461
 -0.72547024 -0.73126626 -0.72904062 -0.72419071 -0.71168238 -0.7027666
 -0.70882726 -0.72908342 -0.76927036 -0.81727248 -0.87032175 -0.89921862
 -0.86808014 -0.7801922  -0.63798392 -0.45506507 -0.25675979 -0.04686622
  0.23778166  0.45234793  0.69421768  0.89523196  1.06139112  1.22384596
  1.38290429  1.49313045  1.58998513  1.69740224  1.7661742   1.80132604
  1.78930175  1.7274406   1.63094902  1.51260924  1.38863909  1.29303741
  1.20815241  1.16612589  1.14954281  1.15852749  1.16739869  1.17673254
  1.1924789   1.19996321  1.20926845  1.22386813  1.23076057  1.23544729
  1.23832881  1.23641372  1.22876203  1.2107954   1.19468093  1.17617595
  1.15357471  1.13902855  1.12440467  1.12001312  1.11925781  1.12590134
  1.14710248  1.16678667  1.18046963  1.19286323  1.21361804  1.23766053
  1.26427698  1.27629066  1.29156363  1.30075324  1.33524191  1.37942576
  1.36557353  1.33580518  1.28105116  1.17723429  1.04493845  0.87057739
  0.66408181  0.43574804  0.19483563 -0.03854515 -0.26174927 -0.47211474
 -0.64795518 -0.78561544 -0.89008272 -0.95589513 -0.97961426 -0.97296077
 -0.9465071  -0.90190774 -0.85895163 -0.82435918 -0.78995824 -0.77079785
 -0.76464528 -0.76281506 -0.76664752 -0.77216613 -0.77415502 -0.77555656
 -0.77626896 -0.77394432 -0.7787925  -0.78766459 -0.794294  ]
[-0.8105368  -0.79109615 -0.77328199 -0.7590884  -0.74585992 -0.73536855
 -0.74018049 -0.74826068 -0.75389677 -0.76205736 -0.7616266  -0.75882518
 -0.74730051 -0.74142897 -0.74753827 -0.76577079 -0.79860777 -0.83776844
 -0.88428599 -0.90769458 -0.87693042 -0.79869491 -0.66424423 -0.48302338
 -0.28233966 -0.07437528  0.18371962  0.43625537  0.66054153  0.8701551
  1.0333035   1.19157684  1.34383047  1.44708729  1.53880322  1.64334083
  1.71527243  1.7606467   1.77169359  1.72457051  1.64409792  1.53632939
  1.41787064  1.32408619  1.24115038  1.19863284  1.18381679  1.19238472
  1.20167053  1.21221304  1.22842002  1.23695338  1.24960017  1.26410472
  1.27137351  1.27663422  1.27862632  1.27863407  1.27232826  1.25417984
  1.23896623  1.22020483  1.19530034  1.17723763  1.16147423  1.15351832
  1.15009248  1.15523982  1.17502356  1.19263566  1.20502543  1.21543431
  1.22969902  1.24809206  1.26326966  1.26439726  1.26789129  1.27328527
  1.29267335  1.33447301  1.31556368  1.28389323  1.22368681  1.1229533
  0.99394828  0.82496494  0.62464601  0.40615898  0.17198679 -0.05486202
 -0.27222934 -0.47809678 -0.65542293 -0.79615754 -0.90507925 -0.97555381
 -1.00639331 -1.00341976 -0.98259169 -0.9423368  -0.89938879 -0.86467022
 -0.83095372 -0.8122853  -0.80589318 -0.80574965 -0.80602264 -0.81202358
 -0.81113309 -0.81082237 -0.8095243  -0.80464458 -0.80540031 -0.80826372
 -0.80686843 -0.80429548 -0.81267101]
