[0.35449314 0.41142836 0.57524097 0.69091481 0.47827554 0.43294835
 0.34580973]
[-1.71209764 -1.65259147 -1.86480474 -0.9177857  -0.56234998 -0.10086962
  0.20401843]
[-0.37803221  0.09650355 -0.23522624 -0.04124838 -0.06104089  1.99283767
  0.80918407  0.7025063   0.01049892]
[-1.20103538 -1.47225022 -1.70954216 -1.76873875 -1.14110363 -0.40029883
 -0.18274851  0.14917335  0.55820662  0.43425778  0.6510185   0.5556016
  0.17921841 -0.05708471]
[ 0.44285831  1.40428519  1.21563327  1.18116462  1.5345279  -0.05831969
 -0.68228924 -1.09273076 -0.94284981 -0.182633    3.51221919  5.76978874
  4.50858355  3.24498248]
[-2.05533123 -0.79742277 -0.58340985 -0.03796425  0.20014909  0.44040957
  0.45486465  0.51508826  0.603894    0.09640762 -0.26173958 -0.15140571
 -0.0826613   0.90048385]
[-1.02037024 -0.80060625 -0.37753695 -0.19244327 -0.11088539  0.06411389
  0.10135131  0.42213812  0.6302219   0.48593107  0.41869783  0.26231357
  0.32279694  0.4807905   0.7737754 ]
[-1.60419762e+00 -1.31162333e+00 -6.36485696e-01 -3.61646920e-01
 -5.01545183e-02  2.93725252e-01 -9.64365825e-02  4.33784634e-01
  6.97691917e-01  1.17509544e-01  7.05883503e-02 -2.76333719e-01
 -1.14489486e-02 -1.14914775e-03  1.13855171e+00  2.69392848e+00]
[-1.14322305 -1.19033301 -0.91948581 -0.51022947 -0.03277846 -0.02219961
  0.18079814  0.38244107  0.47042388  0.68134457  0.54279941  0.39470288
  0.28785056  0.32136747  0.64504355  0.69710422  1.13788581]
[-1.24876821 -1.17560065 -0.72051996 -1.15517199 -0.74843305  0.14815006
  1.85756087  1.96123338  1.89658153  1.56285477  0.37187064  0.47093427
  0.70531857  0.91756731 -0.6254375  -1.20888686 -0.89949876 -1.45827365]
[-1.1246537  -1.23320496 -1.15253496 -0.89944363 -0.61562479 -0.27414918
  0.17797899  0.69689077  0.90187281  0.91003025  0.78922355  0.64903998
  0.52971208  0.49262035  0.46065551  0.30241507  0.21837144  0.0423662
  0.25840431]
[-2.27885437 -1.41421771 -0.27984694  3.57037163  1.98017967  1.07515073
  0.15003271 -1.14814174 -0.73453152 -0.88341922 -0.76872265 -0.86683214
 -1.28935087  1.26277125  3.14543509  7.47840214  5.17478323  0.20596118
 -1.55654895 -2.6010778 ]
[-1.09120941 -1.29629362 -1.57665038 -1.66320026 -1.84356129 -1.04921091
 -0.84210598 -0.02910371  0.56180954  0.89590973  0.86149514  0.83192325
  0.76784009  0.30619946  0.18020362  0.16916439  0.37173966  0.80084068
  1.34912741  1.79711092]
[ 3.52498913  1.21402276  1.08038867 -0.70403248 -0.46698636 -1.58828986
 -2.74461246 -6.67690516 -3.25679255 -0.2731643   1.7585932   3.07670093
  1.83843911  1.1502285   0.21929654  0.17772174  1.04375303 -1.52556503
 -2.48313379 -6.3092432 ]
[-1.81351876 -2.40838957 -2.4603622  -1.97826576 -0.90181571 -0.97504914
  0.05314445  0.89393574  0.15695892  0.57025713  0.5034126  -0.31386945
 -1.06286561 -1.12361717 -1.30019033 -1.23637617  1.53247035  6.22359419
  4.26316452  3.04333282]
[-1.05348051 -1.36885917 -1.44430137 -1.53163075 -0.99811846 -0.67605233
 -0.08892914  0.37591046  0.698632    0.82626015  0.757806    0.66826183
  0.39596203  0.22071122  0.19063413  0.22446699  0.54394603  0.90598005
  1.25140023  0.86592084  0.51605117]
[-0.629843   -0.79439294 -1.23580909 -1.70098996 -1.89026344 -1.20270228
 -0.35715482 -0.42037037 -0.50951815 -0.00860208 -0.17568232  0.38266313
  0.45689195 -0.25050086 -0.61853397 -0.89409429 -0.86983693 -0.1028351
  1.50606561  4.33960199  2.87776732  2.05188179]
[-2.62552094 -1.63594043 -2.15487909 -1.42059231 -0.32423064  3.33929706
  1.85869324  0.9393028  -0.07383724 -1.22377956 -0.72978652 -0.81255251
 -0.60596216 -0.7172212  -1.13828599  1.23697793  3.15670276  7.22774076
  5.03038979  0.09489714 -1.64456415 -2.70594072]
