[ 0.25441533 -0.96032065 -1.21609151 -0.90279746]
[0.41445419 0.45984396 0.56359774 0.55109465]
[0.06338131 0.53213644 0.83851022 0.52135807 0.61446875 1.53743303]
[-1.02943838e+00 -1.15983820e+00 -1.11869824e+00 -1.10009253e+00
 -5.74349821e-01  5.78721636e-04]
[ 0.87289691  0.11376033 -0.85072911  0.32614636 -0.75293803 -0.01371297
  0.83727998  3.88449454  2.24800324  0.38141635 -0.39870915 -1.22410905]
[-1.658885    0.03981283  0.738976    0.42644784  0.32756767  0.50949645
  0.63478804 -0.82154804 -1.08604312 -1.13160264 -0.87572062  0.12307296
  4.83336115  4.67241049]
[-1.08515358 -1.21427929 -1.61566818 -1.6816268  -1.90268087 -0.84242761
 -0.55487323 -0.18921959  0.2370204   0.56333232  0.59152925  0.55194712
  0.5947445   0.05049551]
[ 1.77548063  0.70169109  0.73174143  0.68398559  0.04178431 -0.15669084
 -0.59149081  0.31657612  0.12044652  1.27322185  5.86395788  2.57651854
  2.04626393  0.52032924]
[-1.73965001 -1.78266895 -1.24993491 -0.43169603 -0.2464066   0.21219431
  0.70047492  0.53884411  0.6941846   0.57370698  0.16022886 -0.07991087
 -0.1302077   0.11707391]
[-1.07951677 -0.96547931 -0.73504126 -0.47213337 -0.12884659  0.18088697
  0.41512805  0.57602072  0.6562565   0.66435039  0.60850233  0.54897726
  0.52132249  0.45659742  0.44707361  0.41541114  0.32281664]
[-1.50926292 -1.57725096 -1.2553606  -0.66730571 -0.4034687  -0.0714584
  0.27683902  0.16581121  0.60759246  0.70740372  0.36201555  0.22519636
 -0.03056174  0.08297461  0.11060909  0.8912977   2.15876222  1.62190056]
[-1.87228978 -2.00711417 -1.78809905 -0.72516966 -0.40807492  0.0958674
  0.51139075  0.12933482  0.4314478   0.58689052  0.34665197 -0.20682271
 -0.36167672 -0.60794765 -0.49938881  1.05318785  3.63425803  2.84147716
  1.95910776]
[ 0.29694474 -0.62096936 -0.70066094 -1.34314859 -0.83133197 -1.34634447
 -2.17250085 -2.48165774  0.04780532  1.52324617  2.09311438  2.61472011
  1.53079295  1.20081151  1.21213269  1.216555    1.23852599 -0.4769451
 -1.18405843 -4.11450195]
[-1.55703104e+00 -2.04410338e+00 -2.15551209e+00 -2.60725307e+00
 -4.07121807e-01 -1.24601984e+00 -1.68175306e-02  8.20439756e-01
  3.38606387e-02  1.24073759e-01 -3.13842706e-02 -4.09609312e-03
 -1.27460027e+00 -1.23135662e+00 -1.72208071e+00 -1.00821495e+00
  4.00583178e-01  5.72301722e+00  4.81226110e+00  3.43811488e+00]
[-2.66222286 -1.59431171 -0.2704125   4.18921375  2.36295414  1.38511217
  0.28962037 -1.23872733 -0.76386565 -0.94990945 -0.83081204 -0.95780635
 -1.37762451  1.58645856  3.62675452  8.67767239  5.81884098  0.17108791
 -2.06520581 -3.19475365]
[ 4.12989807  1.49603963  1.21769583 -0.95813209 -0.64851791 -1.91634083
 -3.19121718 -7.40821552 -3.5984304  -0.31253365  1.97405863  3.48170495
  2.33066773  1.42117691  0.41730571  0.5343188   1.24393642 -1.77266467
 -3.24465728 -7.44695854]
[-1.38983428 -1.53774476 -1.55108881 -1.4597156  -1.24705434 -0.66691881
  0.26319256  0.9647947   1.19207895  1.1345768   0.93534303  0.62847072
  0.44985282  0.49532956  0.54188877  0.5273419   0.52183855  0.6747967
  0.67489702  0.56590021]
[-1.01373029 -1.20775688 -1.4487921  -1.50827551 -1.54663479 -0.83214206
 -0.66586894  0.03764003  0.55655026  0.83040333  0.83609617  0.70039862
  0.59244406  0.2524842   0.18669897  0.20042776  0.35309795  0.72424412
  1.29711139  1.2425046   0.71737206  0.36843559]
