[-1.23731601 -1.36396503 -1.27109694 -1.07339334]
[ 0.25414833 -2.16370702  2.18295145 -1.26765883]
[0.61602694 0.72494036 1.02339971 0.49136394]
[ 5.44089174e+00 -1.50837004e-03 -2.44778061e+00 -3.77894926e+00
 -1.78022444e+00  2.10199261e+00  7.86313891e-01 -5.24667120e+00]
[ 1.34208345  0.12866731 -1.00255835  0.14170885 -0.891698   -0.18898028
  0.77505749  4.71617174  2.41868401  0.34582895 -0.58867365 -1.57475138]
[-1.36390686 -1.21018279 -0.57326514 -0.14756022 -0.06494252  0.14238869
  0.01784105  0.38094202  0.67829841  0.40366969  0.29147303 -0.01308624
  0.19402866  0.43900105  0.97036332  1.9737395 ]
[-1.46757948 -1.08110154 -1.06629252 -1.29435432 -0.5028984   1.31958139
  1.96895504  1.76620257  1.90972471  0.91480774  0.41375476  0.81238359
  1.06922877  0.87521714 -0.29533556 -0.39353585 -1.16338265]
[-2.56361222 -0.86953115 -0.81155503  0.33795479  1.07800651  0.25214505
  0.47649959  0.46906167  0.31038368 -1.02397418 -1.08957028 -1.46018398
 -1.16575289  0.91483146  5.62031126  4.35469198  3.09328055]
[ 0.91190094  0.76419097  1.2737366   1.19752133  0.05773514  0.4483873
  0.36108363 -0.1239017  -0.61322743 -1.42052686  0.31478274  2.31584024
  7.19313431  5.33227873  1.36631858 -0.12363025 -1.51776457]
[-1.05266345 -1.20771003 -1.61105394 -1.74733686 -1.86615789 -0.9299916
 -0.59456307 -0.11453844  0.24139313  0.58285087  0.63361478  0.66964591
  0.55475128  0.09519108 -0.29516175 -0.15296228 -0.0421043 ]
[-1.074458   -1.35170412 -1.52079856 -1.5785507  -1.22056139 -0.59794474
 -0.141087    0.26236516  0.67814785  0.72574812  0.77132231  0.63692582
  0.34688219  0.12171463  0.06042541  0.12274905  0.44872737  0.88021004]
[-2.65787268 -0.94874382 -0.30393812  0.51555556  1.10807347  0.39060089
  0.32660404  0.51561171  0.13359967 -0.82159835 -1.07789433 -0.45389184
  0.51487523  1.86089659  6.63790798  2.99893188  2.11869979  0.42055711]
[-0.95048594 -1.18731844 -1.32888639 -1.29981303 -1.1999352  -1.01349342
 -0.4439221   0.31410187  0.8258751   1.00557768  0.96098155  0.67139846
  0.40265939  0.31950274  0.34951779  0.41909352  0.38318571  0.46976376
  0.45080701]
[-1.80956018 -1.12374377  1.0067718   0.76727915  0.78585804  0.64108652
 -0.20324437  0.08434355 -0.06584366 -0.32796183 -0.57972467 -0.81459481
  0.58517069  2.14978862  5.43105364  4.22853708  0.79296201 -0.37240016
 -1.57482052]
[-0.81076699 -1.15745234 -1.62436438 -1.75056839 -1.87352908 -1.10446537
 -0.74536592  0.13641064  0.32516795 -0.0812176   0.29929247  0.26882812
 -0.22447129 -0.66777003 -1.0582552  -0.81189013 -0.63036954  1.08296573
  3.7592597   2.9933331 ]
[-2.35298252 -1.60537267 -0.26301315  3.10685182  2.08879614  1.22393751
  0.37195191 -0.88699895 -0.4702386  -0.78449577 -0.68186468 -0.78174329
 -1.13678634  1.16505194  3.15480661  7.48411036  4.67966986  0.29506803
 -1.64991593 -2.79889679]
[-1.04114783 -1.28364742 -1.4433111  -1.43376958 -1.34845889 -1.26608527
 -0.6201539   0.43478519  1.2244432   1.40512192  1.40373933  1.12751031
  0.66640645  0.63507837  0.70299768  0.71379501  0.22073956 -0.0261917
  0.02178506 -0.27455002]
[-1.0706197  -1.47345245 -1.61866117 -1.84550083 -0.97994494 -0.68530709
 -0.10996009  0.21718912  0.57040292  0.67991138  0.76474577  0.72275949
  0.30381191  0.02829698 -0.03553135  0.14296988  0.71531636  1.21648324
  2.01598907  1.2842592   0.75115764]
