[-0.77556658 -0.71925157  2.64682889 -2.0129056 ]
[ 0.06645288 -0.6205343   0.27585021  0.1906852  -0.02506173  1.50651288
  0.88599235  0.78535628]
[ 0.74947429 -0.75392914  0.70713329 -0.53639644 -0.11221129  0.3625288
  4.09081125  2.44629049  0.62269711 -0.39526787 -1.4217037 ]
[-0.71314293 -0.27500197 -0.14518224 -0.10311824 -0.17984338 -0.26492432
  0.19963282  0.38763526  0.25462455  0.16893643  0.08341417  0.05676723
  0.31276834  1.38042319]
[-1.11618519 -1.40337253 -1.63400435 -1.7230612  -1.17813289 -0.39625612
 -0.22378625  0.10778498  0.50757897  0.45430765  0.62648547  0.51524538
  0.15408257 -0.13800661 -0.22950485 -0.06784007]
[-0.48796651  0.48055384  1.30234253  1.44687223  1.40957749  0.93247873
  0.47926173  0.63155633  0.61948413  0.72961384  0.28771892  0.21490936
 -0.29562926  0.12953493  0.24605544  0.25853044]
[-1.78451991 -1.3538717  -0.69721067 -0.48080376  0.04822859  0.63246387
  0.45611304  0.76331025  0.64230734  0.11805293 -0.06920732 -0.31445846
  0.01796117  0.30153358  1.06316864  2.61180878]
[-1.360811   -1.36024737 -1.12008774 -0.48943165 -0.2417182  -0.10255773
  0.20687625  0.06910732  0.51862615  0.69877374  0.27348053  0.13190134
 -0.13905992  0.12311938  0.27252051  1.07896543  2.12710142]
[-1.61696899 -1.71299922 -1.28167856 -0.72182393 -0.56681281 -0.05368612
  0.32667482  0.0644916   0.59125763  0.6654247   0.14100692 -0.01652579
 -0.337984   -0.10840424 -0.14219819  0.94627219  2.8097043   2.08105898]
[-0.72103637 -1.19772029 -1.32715726 -1.53108096 -1.29629421 -1.34059954
 -1.41202569 -0.60713691  0.79890013  1.51102734  1.57810438  1.60659015
  0.95026571  0.70232165  0.7881574   0.81971967  0.76851875  0.12200154
  0.03471198 -0.92180568]
[-2.32206678 -1.33965993 -0.12496007  3.97572088  2.1555593   1.1771245
  0.08778866 -1.33128691 -0.8662622  -1.04671717 -0.96335047 -1.07556331
 -1.58622611  1.24173892  3.24753666  8.04530144  5.49120998  0.26689073
 -1.80174088 -2.82880187]
[-0.81555212 -1.80454683 -2.05497313 -2.94936347 -0.71888965 -2.2914505
 -0.8096323   0.39952156  0.12030876 -0.10509371 -0.12229069  0.10545704
 -1.37765205 -1.45726001 -1.93082392 -1.70621836 -0.29577154  3.78802943
  5.89689398  4.38136864]
[-1.48731983 -1.47925353 -1.23544097 -1.41204619 -1.63694179  0.19383556
  1.30392683  2.60337782  2.32075191  2.07348609  1.17821908  0.69984877
  1.15369844  1.14269841  0.43887395 -0.76631981 -0.85207653 -2.22490287
 -0.40631282  0.32839474]
[-1.78832257 -1.84699464 -2.42625642 -0.95952904 -1.30680931 -0.39552736
  0.278409    0.39987493  0.51943815  0.37874272  0.51977259  0.11030748
 -0.5037291  -0.58571988 -0.76823324  0.13271701  2.08427334  4.0508194
  3.02742267  1.7258606 ]
[ 3.68839693  1.16301787  1.01768422 -1.03416562 -0.65096396 -1.88357186
 -3.0205915  -7.116292   -3.31122589 -0.14764391  2.03390741  3.52464175
  2.37142467  1.54302132  0.65207034  0.76250041  1.52682829 -1.51336753
 -3.10911393 -7.18581295]
[-0.95825422 -1.19856906 -1.41092801 -1.45199025 -1.43295836 -0.89886767
 -0.63016713  0.07637075  0.62713999  0.90378559  0.90327799  0.73521781
  0.55465192  0.26871976  0.21802449  0.23514079  0.33874908  0.61033344
  1.01802921  1.01612437  0.6750465   0.38613555]
[-1.71979201 -2.3329699  -1.60798645 -2.07780147 -1.55812871 -0.67789596
  2.15949774  1.16986811  0.75058079  0.19292206 -0.73629916 -0.37937793
 -0.42613983 -0.57104218 -0.75923729 -1.07398844  0.89721984  2.6914041
  6.3329258   4.80046415  0.37240461 -1.13643289 -2.05047655]
[-0.42474782 -0.73849255 -0.98915046 -1.22505546 -1.426669   -1.37398684
 -0.11588555 -0.15045731 -0.24681668 -0.07805675 -0.17047925 -0.07584961
  0.02950739 -0.36427784 -0.80548513 -0.99188501 -0.94845283  0.06621952
  1.22904277  3.87196779  2.47617888  1.99134636  0.5714125 ]
