[0.02549097 0.04243678 0.01965446 0.02050345 0.01255177 0.03952397
 0.04229294 0.03784625 0.03924217 0.03731005 0.04003987]
[0.02980981 0.03189678 0.03282148 0.02995989 0.02762666 0.03811303
 0.03762715 0.03361864 0.01624435 0.00898537 0.02635917 0.04783598
 0.02707166 0.02297638]
[2.02237082 2.6050806  3.43524885 3.02753544 3.14454818 3.88616681
 3.94012141 4.14089775 4.31256342 3.56983042 3.89011216 4.24587679
 4.39145565 4.56408644 4.98787642 4.15950918 4.62514448 4.68380308
 4.59696436 4.82302713 4.02256775 3.94885898 4.04223728 3.89765215
 3.56906629 4.10717773 3.54111576 4.00101042 4.16755056 3.05817461
 2.21310353 2.3675611  1.81204045 1.56340492 1.74857867]
[-0.36366853 -0.36446235 -0.37274605 -0.37261754 -0.375875   -0.37675929
 -0.37834725 -0.37617275 -0.3824257  -0.38710746 -0.38277009 -0.37554064
 -0.37740886 -0.37673765 -0.37098193 -0.36708096 -0.36874855 -0.37343138
 -0.37004507 -0.36709613 -0.35973707 -0.3641234  -0.35705647 -0.35472649
 -0.35851523 -0.35210708 -0.34505838 -0.33974737 -0.33568087 -0.32686701
 -0.32437262 -0.30926293 -0.30508813 -0.29650956 -0.28735656]
[0.51530355 0.58969051 0.61118418 0.58946788 0.61657631 0.58226305
 0.57531893 0.59041291 0.50332165 0.59861439 0.64588058 0.54617906
 0.663149   0.64999527 0.70423347 0.78005785 0.67842424 0.57434279
 0.62697387 0.67154038 0.76256502 0.74739736 0.66912252 0.71083736
 0.71249616 0.65229696 0.81658328 0.76934093 0.74806803 0.71252972
 0.80634326 0.84460938 0.85174012 0.90970492 0.94531649]
[0.01970594 0.0279112  0.03513135 0.02812937 0.04553944 0.03777647
 0.04896383 0.07012207 0.06191507 0.05988908 0.04325512 0.04692837
 0.04374772 0.05810782 0.05528481 0.0633879  0.05180298 0.0548763
 0.05536778 0.06574962 0.07033144 0.07267635 0.07685352 0.08187517
 0.09023153 0.07795144 0.06418536 0.08352771 0.09576464 0.09512811
 0.08423679 0.0844122  0.07847574 0.09824732 0.10388543 0.09974296
 0.11229222]
[0.86152554 1.13847768 0.98146272 1.01290381 0.93641806 0.96986359
 1.0393734  0.9787485  1.15659618 1.05749965 1.0486815  0.99587852
 1.00891089 1.33257425 1.17202914 1.30185103 1.09912431 0.97173601
 1.13969362 1.24574161 1.06400144 1.12457561 1.1311034  1.14241791
 1.13107133 1.31375313 1.32776833 1.17991996 1.12222099 1.0615356
 1.2172389  1.29344785 1.48778224 1.45521569 1.41251075 1.13408959
 1.22301161 1.17567718 1.58008468 1.4597491  1.53367627 1.25755286
 1.23556542 1.24535418 1.23210084 1.11128676 1.18232358 1.14307058
 0.89200205 0.98021364]
[-0.27202117 -0.28666475 -0.29611802 -0.2918441  -0.29954851 -0.30868161
 -0.30368403 -0.30920643 -0.31349304 -0.32434738 -0.31714973 -0.32803211
 -0.33328271 -0.33077249 -0.33100984 -0.33065686 -0.32774445 -0.32399586
 -0.32259268 -0.32317948 -0.32358623 -0.32451218 -0.32405633 -0.32126677
 -0.31784585 -0.31508261 -0.30543894 -0.30249539 -0.30228236 -0.30195788
 -0.29471928 -0.28989825 -0.27720648 -0.27208152 -0.27226207 -0.2690981
 -0.25760481 -0.25851032 -0.24003881 -0.23936197 -0.23388332 -0.22047096
 -0.2188471  -0.20261893 -0.19190191 -0.17496726 -0.17417561 -0.15728663
 -0.14744829 -0.12915012]
[0.19098528 0.19666961 0.20009509 0.17616183 0.19248223 0.16742529
 0.15671562 0.16064537 0.16666549 0.11444721 0.12286454 0.11610325
 0.11940703 0.09800737 0.12268929 0.10996252 0.11670594 0.11089898
 0.11213946 0.13676588 0.14257473 0.13009726 0.09943424 0.09226386
 0.10713717 0.09190333 0.10470875 0.09340385 0.10637509 0.10457164
 0.09980974 0.11059807 0.11101504 0.08077555 0.10573278 0.1349597
 0.12321307 0.13901441 0.14841382 0.15191676 0.12765455 0.14186843
 0.16651477 0.16727182 0.18803598 0.18928796 0.19564332 0.2042826
 0.22930487 0.25316843 0.22789648 0.26541817 0.2818898  0.29939082]
[1.90361977 1.97606122 1.91971099 2.20064521 2.21868682 2.40109181
 2.40365148 2.38872099 2.2152102  1.99871778 2.20583844 2.16036725
 2.00975299 1.71072721 1.83036673 1.64378786 1.67403829 1.75602531
 2.01518321 1.86591506 1.6851517  1.65848863 1.62727475 1.5765667
 1.55713701 1.42314482 1.29835665 1.17834198 1.09786582 1.18633401
 1.20887983 1.17536902 1.06827855 1.08142126 1.00197816 0.86117089
 0.81102616 0.7008462  0.6976462  0.70661134 0.62287575 0.52314222
 0.50187212 0.37265939 0.43675104 0.47998258 0.39382917 0.48608676
 0.42801145 0.44472399 0.21814054 0.19346209 0.08002612 0.10924583]
[-0.54168099 -0.56810552 -0.55808794 -0.55810058 -0.56231666 -0.56341392
 -0.56483924 -0.56219673 -0.56063461 -0.55682766 -0.55652624 -0.553321
 -0.55456758 -0.54650599 -0.54184157 -0.5417766  -0.54126382 -0.52897227
 -0.52725589 -0.5191915  -0.51663697 -0.50710911 -0.50677031 -0.50081456
 -0.49602762 -0.49067122 -0.4903177  -0.48353851 -0.48052639 -0.4766722
 -0.4730562  -0.47011629 -0.46418682 -0.46420375 -0.44349724 -0.43948454
 -0.44183761 -0.43415591 -0.42559332 -0.42072141 -0.42673242 -0.40815243
 -0.39851224 -0.40159693 -0.3890616  -0.38622174 -0.38032958 -0.3617799
 -0.35820666 -0.34848753 -0.34672579 -0.33616534 -0.31653807 -0.31354901]
[0.21255657 0.25204718 0.21870789 0.31529078 0.27165791 0.53817815
 0.56110644 0.58288902 0.47481263 0.52898061 0.58867925 0.54762995
 0.63158143 0.57306367 0.60030448 0.78379661 0.81239408 0.9056524
 0.92393214 1.06085408 1.09162307 1.14719677 1.22590983 1.40162504
 1.54254389 1.60042107 1.70816386 1.68162823 1.56737876 1.51152718
 1.75767481 1.96703172 1.94613707 1.98141551 2.24185562 2.18472242
 2.20391011 2.26967287 2.57415748 2.31672359 2.57888842 2.49458051
 2.69967341 2.83074951 3.1505363  3.09312963 3.0825119  3.05331969
 2.87968326 2.88940096 2.8706243  2.72983694 2.64970088 2.15573263]
[-0.02370112 -0.02418503 -0.01008723  0.00348583  0.00598985  0.02127346
  0.02756988  0.0218347   0.03855515  0.02973256  0.03449486  0.03514536
  0.04188359  0.04390047  0.04623456  0.05184316  0.05746158  0.05910956
  0.06077212  0.06840193  0.08353946  0.08285709  0.07992364  0.07280587
  0.07675035  0.08460194  0.09172441  0.10396292  0.1137573   0.11564334
  0.12805031  0.12443069  0.13722852  0.12657045  0.13715206  0.13975243
  0.1512955   0.1472542   0.13634467  0.14457276  0.14704342  0.15847664
  0.16699897  0.15404686  0.15523449  0.17729521  0.18860348  0.19164355
  0.16968478  0.1727508   0.1896379   0.19829632  0.17565782  0.18235123
  0.17868349  0.17465207  0.18931477  0.18118516  0.18381086  0.19302063
  0.17193769  0.17468272  0.15036701  0.16297635]
[-0.28871796 -0.28352395 -0.26810563 -0.26900271 -0.25625148 -0.24776395
 -0.24383482 -0.23327987 -0.22121671 -0.22712158 -0.2133348  -0.21584278
 -0.20596738 -0.19295025 -0.19834612 -0.18664852 -0.18544304 -0.16671757
 -0.16421157 -0.16733037 -0.15981498 -0.1497737  -0.14275986 -0.13175736
 -0.11557234 -0.10934795 -0.09894057 -0.08457783 -0.06801023 -0.05496881
 -0.0460861  -0.03434278 -0.02218739 -0.00765726  0.00132473  0.00971614
  0.01996234  0.02858987  0.02227761  0.05041583  0.0511587   0.06027704
  0.06039471  0.08025014  0.07889507  0.10224694  0.1076683   0.11916564
  0.12253193  0.12822667  0.14191456  0.14340121  0.14895466  0.17259081
  0.16716874  0.17423181  0.18688236  0.18859637  0.20293404  0.20263191
  0.20399201  0.21511455  0.2259579   0.23197998  0.24179332  0.24543099
  0.26314893  0.26527312  0.26382658  0.24809237  0.28413355  0.26158109
  0.27147064  0.27486926  0.28956768  0.29502368  0.28656134  0.29289722
  0.29826793  0.30033419  0.29969308  0.30450255  0.31262648  0.31386182
  0.31260431  0.33487293  0.340489    0.33448899  0.3196747   0.35942295
  0.34698817  0.38306788  0.35321549  0.34987864  0.33697188  0.32416838
  0.34023571  0.33969265  0.33524677  0.35243386  0.36566892  0.35931513
  0.35310087  0.34605378  0.36182877  0.34905934  0.35543138  0.35977468
  0.36239001  0.37849635  0.36748493  0.3637988   0.35328725  0.33822936
  0.3563107   0.35384002  0.34782216  0.34116164  0.33615246  0.34970674
  0.33381233  0.35078272  0.34078753  0.32862946  0.31287438  0.2972627 ]
[-0.48204005 -0.4762142  -0.46389249 -0.45065504 -0.44135132 -0.42605332
 -0.42912024 -0.41985846 -0.41944021 -0.39966771 -0.39259881 -0.38990405
 -0.38145259 -0.38102508 -0.37450397 -0.36781731 -0.36000085 -0.35982066
 -0.34977984 -0.34812975 -0.3482812  -0.32157332 -0.31455407 -0.31893873
 -0.30890241 -0.29932961 -0.28212014 -0.27384055 -0.26733911 -0.25279728
 -0.23260152 -0.23832726 -0.22825336 -0.22652227 -0.21686217 -0.19773239
 -0.19564317 -0.19402269 -0.1956144  -0.18267378 -0.17498986 -0.17704777
 -0.16512145 -0.15425071 -0.1480878  -0.14742163 -0.1393667  -0.1351399
 -0.1352942  -0.12931038 -0.11335728 -0.10069454 -0.10104995 -0.09221994
 -0.08873223 -0.08283189 -0.06811564 -0.07505964 -0.07406206 -0.06058651
 -0.05306568 -0.04709841 -0.05820214 -0.05140092 -0.05059705 -0.04818499
 -0.03391331 -0.03829478 -0.02945921 -0.01158494 -0.01435401 -0.0178199
  0.00558163  0.00348707  0.01291492  0.03034303  0.02667814  0.03259635
  0.04280723  0.0402763   0.04674297  0.06489476  0.07811294  0.07925633
  0.09261576  0.11171042  0.12660967  0.1313882   0.14612697  0.15987563
  0.16886207  0.16810861  0.18866335  0.18090582  0.18955955  0.20562346
  0.22216988  0.23913494  0.2624383   0.27072605  0.25700375  0.26881137
  0.27390477  0.26626307  0.25352585  0.26868421  0.25739506  0.25049427
  0.26477438  0.27103272  0.27713418  0.28790021  0.29157266  0.30248269
  0.31173468  0.31111515  0.32509375  0.33268565  0.33239907  0.31772056
  0.33638126  0.35445756  0.33923391  0.34298447  0.35504714  0.35571939
  0.37759602  0.36737421  0.37077585  0.36459699  0.38399091  0.37658077
  0.39920211  0.39137536  0.3850241   0.38154605  0.39406499  0.42145446
  0.40591758  0.41881573  0.41179138  0.41073599  0.4249081   0.43347013
  0.41028231  0.38852796  0.40703097  0.43415278  0.4142445   0.42091647
  0.40718439  0.41689974  0.41621399  0.41458324  0.42659423  0.43255708
  0.40957469  0.40694594  0.45365039  0.46428257  0.47755226  0.47779393
  0.48268941  0.49134269  0.49841902  0.49756765  0.47808859  0.47251919
  0.46512875  0.45529473  0.48922783  0.43204311  0.44077557  0.49700812
  0.50478703  0.47660294  0.49198034  0.48457506  0.47308803  0.45903581
  0.47177476  0.47562313  0.47568476]
[-0.56526607 -0.53700531 -0.52296668 -0.51200467 -0.50522333 -0.49927977
 -0.48468927 -0.46869007 -0.46110889 -0.46017379 -0.45122296 -0.43907115
 -0.43760121 -0.43171349 -0.4200519  -0.41631335 -0.40270761 -0.38766456
 -0.37812385 -0.37840593 -0.38143823 -0.3674131  -0.36077014 -0.34424326
 -0.33833468 -0.32833856 -0.32085967 -0.31582114 -0.29690251 -0.29837671
 -0.28904703 -0.28463143 -0.26970071 -0.25911185 -0.25321469 -0.24369124
 -0.23199189 -0.22320753 -0.20968701 -0.1939224  -0.1823317  -0.16600516
 -0.15849893 -0.14478759 -0.15029785 -0.14341572 -0.14194979 -0.13784371
 -0.12775347 -0.11781443 -0.10546687 -0.11121469 -0.10392979 -0.10101172
 -0.08778652 -0.08673201 -0.09042498 -0.07552759 -0.06957608 -0.06896004
 -0.07068612 -0.06359067 -0.05499009 -0.05245364 -0.04310878 -0.04835241
 -0.03353521 -0.03120916 -0.03412497 -0.04216379 -0.04147386 -0.03785399
 -0.01779735 -0.02284219 -0.025045   -0.03499193 -0.02198371 -0.00684818
 -0.01387286 -0.0096318   0.01270694  0.01989054  0.01580627  0.03755146
  0.02275834  0.03640665  0.03021195  0.04502338  0.04346961  0.06242663
  0.06065665  0.07664527  0.08692429  0.08602808  0.10670227  0.12533534
  0.15092671  0.16293575  0.15845872  0.17412145  0.2076129   0.19787692
  0.21807016  0.22729373  0.23973723  0.22524847  0.25185794  0.23698726
  0.25221378  0.22205125  0.24964944  0.26319432  0.2590476   0.27843377
  0.27154356  0.27632192  0.32087767  0.3066498   0.31672564  0.31936494
  0.32263395  0.33459657  0.33521199  0.32497039  0.32848367  0.34587899
  0.34995717  0.36276999  0.36695784  0.37620288  0.35006261  0.36281526
  0.38538799  0.38061464  0.39018664  0.38865456  0.40639302  0.42517012
  0.41257501  0.40925607  0.4098866   0.40084493  0.4161509   0.43129772
  0.42066056  0.41734833  0.42874011  0.44750997  0.46875423  0.45926219
  0.45680749  0.44689146  0.4835076   0.44102126  0.43572256  0.44114244
  0.41742596  0.40804744  0.44147938  0.45849067  0.46690375  0.49899158
  0.49552736  0.50213742  0.47179604  0.51359683  0.50916684  0.51540333
  0.50170451  0.5144949   0.52192223  0.50467199  0.47839251  0.52449393
  0.53313029  0.52827442  0.54194856  0.51147711  0.51455963  0.50720745
  0.53826928  0.54483342  0.5383172   0.53889179  0.55837297  0.52984953
  0.51902699  0.5381611   0.53348058  0.53069192  0.52606159  0.5318042
  0.51658374  0.51579154]
[-0.64534873 -0.63329047 -0.62776905 -0.60941219 -0.59837192 -0.58619761
 -0.58070177 -0.57181293 -0.56409621 -0.55942547 -0.55298507 -0.54405415
 -0.52805984 -0.52262682 -0.51806211 -0.49719363 -0.4937939  -0.48333636
 -0.47790721 -0.47782111 -0.46171167 -0.43848005 -0.43979502 -0.43870124
 -0.42756715 -0.41625243 -0.40844002 -0.40260768 -0.39473143 -0.38697132
 -0.36586389 -0.36273807 -0.34447452 -0.34110919 -0.33306399 -0.32068884
 -0.32170135 -0.31661296 -0.30395028 -0.29477289 -0.2843619  -0.26883647
 -0.27024454 -0.24761811 -0.2405373  -0.23029442 -0.22514388 -0.21358462
 -0.2098311  -0.20570432 -0.19706438 -0.18232505 -0.18242936 -0.17906865
 -0.16377035 -0.16873676 -0.14422138 -0.14731877 -0.12446665 -0.12695208
 -0.11929481 -0.11428917 -0.10527566 -0.10289725 -0.10413004 -0.10172094
 -0.10226133 -0.09208674 -0.0859637  -0.07298736 -0.07952131 -0.07840406
 -0.08395503 -0.07061096 -0.08295152 -0.05904367 -0.05674104 -0.05661754
 -0.05153116 -0.06275059 -0.03505277 -0.04176737 -0.03466728 -0.04440648
 -0.02107313 -0.02365658 -0.0143553  -0.01448547 -0.02197258 -0.0264683
 -0.00813049 -0.01516116 -0.00613057 -0.00875772 -0.00635036 -0.00119858
 -0.00584262 -0.00826278  0.01936454  0.0091203   0.0109667   0.0198234
  0.0321021   0.03044879  0.04830603  0.03780765  0.04574752  0.03623444
  0.03001965 -0.0020535   0.01395901  0.02137519  0.01399718 -0.01899303
 -0.015242   -0.02826326 -0.02830659 -0.00431334  0.01174306  0.00372195
  0.05726564  0.06705258  0.08228141  0.10425886  0.1126314   0.12741452
  0.14244398  0.15198986  0.17977993  0.18075643  0.16860533  0.20595196
  0.20754583  0.20225386  0.21730198  0.24626082  0.22363384  0.25191393
  0.24446666  0.28329647  0.30663246  0.28760612  0.31379059  0.31875277
  0.3421514   0.34576955  0.35247827  0.33875102  0.39791906  0.40519366
  0.41353285  0.42171672  0.41871169  0.42745796  0.42816502  0.45452279
  0.48009682  0.40582308  0.45653722  0.50556707  0.49710721  0.49846706
  0.52416629  0.53567523  0.51526493  0.53312391  0.50951844  0.54031581
  0.55962288  0.5516035   0.54851705  0.53554171  0.52342778  0.58052242
  0.58528864  0.56820321  0.58180451  0.58739185  0.60082364  0.6096077
  0.62840647  0.6020534   0.62913334  0.64201158  0.63199157  0.62747681
  0.63847214  0.64078593  0.64287305  0.66566968  0.66176373  0.66644013
  0.6871987   0.68833798  0.66803896  0.67334443  0.68862766  0.71016395
  0.74264246  0.71649832  0.7199406   0.69620568  0.68919683  0.68693656
  0.67146236  0.70546389  0.72568333  0.74255049  0.72716594  0.73930222
  0.76485252  0.78888434  0.69136316  0.71399724  0.7079435   0.72186589
  0.68802494  0.7211265   0.65904099  0.63243216  0.5899502 ]
[-0.86670798 -0.86041987 -0.85332006 -0.84222686 -0.82656294 -0.82037681
 -0.80567491 -0.7943002  -0.78176582 -0.77812982 -0.77195698 -0.75794846
 -0.7466079  -0.73506778 -0.72758019 -0.72488838 -0.72185856 -0.71834314
 -0.70330232 -0.69638526 -0.69286287 -0.68115592 -0.67243409 -0.65457064
 -0.65820664 -0.64042038 -0.64568931 -0.61896688 -0.62276047 -0.61064523
 -0.59899539 -0.58784902 -0.5830127  -0.58313394 -0.5552845  -0.55817026
 -0.53712583 -0.52956194 -0.51644671 -0.50435519 -0.49935514 -0.48179659
 -0.47238541 -0.47728145 -0.459508   -0.43799198 -0.44066373 -0.42735106
 -0.41663736 -0.39987534 -0.38777754 -0.37174475 -0.36605087 -0.34874707
 -0.36046997 -0.35234261 -0.34850195 -0.33613211 -0.32785061 -0.31929943
 -0.32291117 -0.30873254 -0.30920461 -0.30830425 -0.30704951 -0.311694
 -0.30535978 -0.31365433 -0.30533969 -0.30516338 -0.31348956 -0.30512208
 -0.29841095 -0.29810795 -0.30443254 -0.30202791 -0.27942371 -0.30127722
 -0.30149946 -0.2837958  -0.27716857 -0.28282601 -0.29059744 -0.28805134
 -0.28833753 -0.29198739 -0.30841461 -0.2881448  -0.29064375 -0.27957675
 -0.27488217 -0.26413405 -0.27560043 -0.27981448 -0.27584428 -0.28603935
 -0.29636338 -0.31192505 -0.28165308 -0.28041232 -0.29482481 -0.29960883
 -0.29966617 -0.29186538 -0.29456961 -0.30881977 -0.29808605 -0.30104563
 -0.30768839 -0.34697649 -0.31464791 -0.32907397 -0.32538587 -0.34209248
 -0.34322721 -0.37561285 -0.36799261 -0.35079911 -0.35851562 -0.35747796
 -0.31979635 -0.31702328 -0.30496329 -0.29461136 -0.29786363 -0.28387731
 -0.27825037 -0.30383798 -0.26923373 -0.27870035 -0.28643292 -0.29447323
 -0.28714722 -0.295764   -0.26873896 -0.26607075 -0.28143644 -0.25232291
 -0.29762024 -0.22443184 -0.23867218 -0.25473049 -0.21025963 -0.21717909
 -0.20050026 -0.18939252 -0.1703572  -0.13770826 -0.10783187 -0.09468404
 -0.10865999 -0.11718413 -0.10124809 -0.08830847 -0.06942024 -0.04140696
 -0.0340434  -0.08476634  0.06968182  0.06172693  0.1208972   0.15619639
  0.17758574  0.2150138   0.21611245  0.25980553  0.27515048  0.31079403
  0.37458336  0.40351894  0.44791582  0.40461928  0.400269    0.52770615
  0.57711935  0.59613472  0.65462309  0.69512767  0.76427662  0.80677634
  0.84590995  0.83715302  0.89542526  0.91610223  0.94627708  0.95450419
  0.98975199  1.02381361  1.05354011  1.10646677  1.13399684  1.20006168
  1.23683035  1.24907315  1.27840066  1.30214131  1.46460223  1.49138176
  1.51700568  1.51342797  1.56348479  1.52111793  1.53815007  1.53429818
  1.55026865  1.54016638  1.55862856  1.57620943  1.54518187  1.54775894
  1.56373322  1.48395085  1.59137869  1.5689435   1.52654994  1.51240802
  1.49870813  1.44847655  1.41126478  1.36743951  1.25810552  1.24789631
  1.1896069   1.16730452  1.08725703  1.10665393  1.08119822  1.04725015
  1.00502348  0.97266972]
[-0.48668694 -0.47615826 -0.46293008 -0.45341083 -0.44490257 -0.43134886
 -0.42493904 -0.40683371 -0.39092588 -0.3852987  -0.37384164 -0.36522549
 -0.35503355 -0.34252754 -0.34349197 -0.33225146 -0.32318023 -0.3195973
 -0.30336174 -0.29551876 -0.28338456 -0.27813956 -0.26583767 -0.24494897
 -0.236322   -0.21804783 -0.21292084 -0.20274247 -0.1839935  -0.16870701
 -0.16051294 -0.14925112 -0.1537862  -0.14721741 -0.13135798 -0.1297891
 -0.12404864 -0.12114003 -0.11640639 -0.11712856 -0.10194527 -0.11263648
 -0.10648406 -0.09333327 -0.08215474 -0.06512252 -0.05464652 -0.04384114
 -0.03919058 -0.03814033 -0.04014497 -0.02856114 -0.02346086  0.00238944
 -0.01739961 -0.01959514 -0.00423021  0.01120864  0.02015647  0.03839875
  0.04516144  0.04437176  0.05320397  0.0707863   0.09082449  0.09931787
  0.10261275  0.1213972   0.12821843  0.13827486  0.14651918  0.1386323
  0.1399474   0.14834453  0.14573014  0.15753971  0.16801694  0.17403728
  0.18978886  0.18984413  0.18015885  0.19716777  0.21042134  0.18693243
  0.20220856  0.22123198  0.22612849  0.21550295  0.2346071   0.22708447
  0.22422357  0.2600252   0.22307591  0.2390383   0.23567019  0.23705401
  0.26247323  0.24818806  0.25526634  0.28118077  0.2843082   0.26739448
  0.29003847  0.30453789  0.30966812  0.33525255  0.32095841  0.3209812
  0.33279601  0.32224759  0.34465316  0.34593484  0.34061185  0.31048691
  0.32580429  0.3337279   0.29248545  0.3239733   0.32029241  0.33399633
  0.3488133   0.35728517  0.37789786  0.37898797  0.38194987  0.41251761
  0.42311376  0.43546939  0.44907597  0.48978168  0.52617842  0.50539029
  0.51761061  0.58503133  0.61417878  0.61948621  0.64419246  0.67106539
  0.68550062  0.72006553  0.71445084  0.74053693  0.79577112  0.79545844
  0.88189596  0.87481213  0.86144233  0.88589585  0.88385046  0.89046961
  0.91089243  0.97835255  0.95154178  0.97592252  0.97012049  0.9831351
  0.9706403   1.00197995  1.016361    1.03517687  1.00949681  1.04069686
  1.01946962  1.01579452  0.93562049  0.92884576  0.93644208  0.94651973
  0.90870124  0.9027952   0.88344592  0.77593035  0.78879911  0.75961441
  0.74586487  0.72273952  0.6956647   0.6543178   0.624165    0.63063246
  0.5880304   0.56682783  0.55528951  0.51623517  0.46406588  0.40724748
  0.37262717  0.34419817  0.2942166   0.27160639  0.24782372  0.21597412
  0.19171739  0.15089074  0.13990743  0.09093401  0.08571194  0.07103139
  0.04771216  0.02964346  0.01575755  0.01346203  0.00803499 -0.01445032
 -0.02110655 -0.02997701 -0.04267291 -0.05179382 -0.06496226 -0.07446186
 -0.08305827 -0.09366314 -0.10958965 -0.10920744 -0.11970892 -0.11518569
 -0.12941995 -0.11954387 -0.13939077 -0.13987383 -0.1722464  -0.20319928
 -0.19777076 -0.1987014  -0.18497735 -0.22368197 -0.22236967 -0.23884386
 -0.24766229 -0.26630193]
