[0.0268911  0.03447255 0.01472553 0.02849158 0.04259698 0.03725949
 0.04443158 0.05673503 0.04647906 0.05418177 0.05321707 0.05472387
 0.04745254 0.0608171  0.06108511 0.07100368 0.06632067 0.05644914
 0.08331823 0.07689132 0.08700434 0.07510976 0.07913794 0.0960041
 0.08370281 0.08769908 0.07198026 0.07979462]
[-0.83662701 -0.84230256 -0.84587818 -0.84867269 -0.85131085 -0.85381645
 -0.85629886 -0.86062443 -0.87052751 -0.87005687 -0.87741077 -0.86563826
 -0.86826414 -0.86009216 -0.86041439 -0.87192702 -0.85283613 -0.85989898
 -0.85224497 -0.85157198 -0.85446286 -0.83905405 -0.84434199 -0.82703847
 -0.83177549 -0.82517403 -0.81201977 -0.80949825 -0.79436606 -0.79408562
 -0.78011703 -0.77385736 -0.76160115 -0.7455008  -0.71364981]
[0.63275099 0.63806093 0.65436459 0.69362128 0.57806206 0.53187168
 0.64485621 0.5411762  0.58305538 0.58993995 0.55813134 0.54555255
 0.62639457 0.5915519  0.54642421 0.57122099 0.53429759 0.57884532
 0.58947682 0.56485528 0.51315618 0.52622849 0.45951006 0.4808245
 0.4462508  0.40329093 0.40046486 0.45862538 0.38040257 0.41512352
 0.47609061 0.41372997 0.47869039 0.52112275 0.48954171]
[2.3812418  3.65238571 4.12146854 4.05311918 4.71497965 3.70613956
 4.30895948 4.3303771  3.95483375 4.21401501 4.71336412 4.04687405
 4.38885307 4.17656898 4.37070465 3.47683215 3.86047912 4.50366735
 4.61528015 4.0344882  3.22475386 3.49985576 3.26886606 2.90239573
 3.43565392 2.44404364 1.85446906 2.02976537 1.83469808 1.74423444
 1.84695554 1.87110889 1.59836876 1.28174806 1.14397109]
[-0.27516213 -0.28027189 -0.27745214 -0.2840178  -0.27984557 -0.2844736
 -0.27847552 -0.27762878 -0.28307369 -0.28157449 -0.28577673 -0.27749765
 -0.27757254 -0.27807137 -0.2752189  -0.27780932 -0.27067527 -0.27317455
 -0.27316666 -0.27242962 -0.27563578 -0.26592183 -0.25958157 -0.26262692
 -0.25926715 -0.25410712 -0.25679103 -0.25388303 -0.24204537 -0.23986787
 -0.23345065 -0.2187134  -0.22251309 -0.2123121  -0.21136041]
[0.80072051 0.8915109  1.08154738 1.47686791 1.43844962 1.53693497
 1.83497262 1.7202841  2.15169716 2.23720026 2.40033293 2.44218016
 1.9871453  2.24301505 1.95048547 2.35827208 2.97499561 3.27597213
 2.47194839 2.9662931  3.7592988  3.80860686 3.70341635 3.80694366
 3.53364587 4.25336218 3.9946146  4.91842556 4.9200592  4.68091297
 4.7801218  4.86926603 4.53738737 4.66966581 3.97264767]
[-0.00258425  0.00570893  0.0003813   0.00278397  0.01511161  0.0140528
  0.01531728  0.03545337  0.03631947  0.04481103  0.03845164  0.02963811
  0.02182398  0.04714211  0.02806721  0.03432741  0.03387405  0.04203217
  0.04594751  0.05345022  0.05259364  0.06405687  0.05517318  0.07528947
  0.06189486  0.0501317   0.05173958  0.07869569  0.07451044  0.0791704
  0.06556045  0.04910535  0.06127156  0.07518471  0.09007367  0.08276442
  0.08852248]
[-0.27818677 -0.29495287 -0.30473822 -0.30549878 -0.31179228 -0.31132841
 -0.31729561 -0.31880194 -0.32263657 -0.32428804 -0.32890353 -0.3291789
 -0.3368158  -0.33131319 -0.33334333 -0.33218807 -0.33379763 -0.33361989
 -0.32812664 -0.32721949 -0.32737005 -0.32353434 -0.3251355  -0.32181573
 -0.31490383 -0.31715459 -0.31067872 -0.30841932 -0.30796391 -0.30123657
 -0.30574155 -0.2917015  -0.29199299 -0.27539098 -0.28206849 -0.2759454
 -0.27396855 -0.27126604 -0.25523096 -0.25183582 -0.24756719 -0.24972361
 -0.22912489 -0.22397739 -0.21334931 -0.19898596 -0.18730551 -0.186571
 -0.16735937 -0.15503347 -0.14308815 -0.1376821  -0.12344885 -0.09394997]
[0.83917713 1.02115452 1.07830489 0.92442626 0.94203401 1.07909954
 1.12588871 1.08138716 1.06471753 0.98898548 1.01887786 0.96306109
 1.07915747 1.23192871 0.99706066 1.14865553 1.03033471 1.02281642
 0.97280639 1.1710906  1.11138546 1.14687514 1.09878635 1.06928563
 1.06226623 1.00778234 1.07386374 1.00887406 1.18652129 1.21741807
 1.14595592 1.29518545 1.41195738 1.23779178 1.18071222 1.18414903
 1.22330916 1.29296696 1.36326146 1.3473357  1.11636865 1.13786817
 1.15680516 1.34645557 1.36361289 1.15235996 1.11586869 1.14116824
 1.06989217 1.12297869 1.07468843 0.84091967 0.90567136 0.76359528]
[-0.00322675  0.01322042  0.01409434  0.02146705  0.03203369  0.02946035
  0.03404391  0.01488342  0.04719565  0.0457456   0.0508715   0.05656178
  0.05052988  0.0607901   0.05867692  0.08959455  0.08264103  0.08615096
  0.09654942  0.07913243  0.0838265   0.08194996  0.09291871  0.09546834
  0.10416629  0.11386474  0.12274271  0.11931316  0.11818317  0.12500232
  0.11820088  0.13452055  0.14387685  0.14562799  0.15730618  0.15128487
  0.16208901  0.15662797  0.16010043  0.16027649  0.1753144   0.16111615
  0.16710883  0.16007967  0.15753375  0.15656397  0.17878592  0.16943096
  0.16371851  0.17043775  0.17375411  0.16759706  0.16252851  0.14999783
  0.16104689  0.16137126  0.16300087  0.16107839  0.13605684  0.13652414]
[-0.31929982 -0.31742355 -0.33223373 -0.32844314 -0.33620426 -0.33891341
 -0.34137994 -0.34822148 -0.34931728 -0.3564091  -0.35644439 -0.3611756
 -0.36271861 -0.35985923 -0.34604409 -0.35269293 -0.35448354 -0.36303604
 -0.3556011  -0.34769261 -0.35604706 -0.35683936 -0.35264677 -0.35124168
 -0.34888318 -0.34947947 -0.34189025 -0.34750172 -0.33758494 -0.33418006
 -0.33217251 -0.32697812 -0.31839764 -0.30877531 -0.31074554 -0.29951811
 -0.29933852 -0.29812497 -0.2815671  -0.27892533 -0.27576801 -0.27065864
 -0.26817888 -0.25485262 -0.24591495 -0.24264187 -0.24393201 -0.22950315
 -0.22007437 -0.21790802 -0.19695868 -0.18765096 -0.17895371 -0.17086166
 -0.15818262 -0.14906736 -0.13594659 -0.13106932 -0.11346078 -0.09451188
 -0.08982107 -0.05699237 -0.05607608 -0.02618709]
[0.66234636 0.84811592 0.69985193 0.77148014 0.85400647 0.80866235
 0.86171055 0.7299853  0.7157886  0.80423796 0.79335648 0.82071602
 0.85375857 0.87834227 0.91809547 0.98026645 0.91453093 0.93413562
 0.95075029 0.95103532 1.05927551 0.95022541 0.97610199 1.00112092
 1.08005714 1.03000426 0.92719018 0.83780938 0.96113747 0.99685174
 1.13653517 0.97947329 1.15329504 1.01387405 1.09918296 1.0967797
 1.06119096 1.06321287 1.09547269 1.14067698 1.17211664 1.13337815
 1.15289438 1.14854753 0.97437227 1.16380179 1.19649887 1.24017107
 1.23182154 1.26791048 1.15735638 1.07660878 1.14597738 1.17021739
 1.2555896  1.04713106 1.08382905 1.00185263 1.00121844 0.95455831
 0.97219187 0.85220379 0.78350353 0.75268489]
[-0.30334383 -0.31147447 -0.31961468 -0.32228461 -0.32590887 -0.33475509
 -0.33844644 -0.34437633 -0.33958614 -0.35146773 -0.34420833 -0.34643608
 -0.34813154 -0.33994663 -0.33707368 -0.35272369 -0.3447504  -0.34519017
 -0.34220389 -0.34209239 -0.34478366 -0.34081534 -0.3403419  -0.34172601
 -0.33208066 -0.3395606  -0.33727071 -0.33666882 -0.32840699 -0.32842928
 -0.3248252  -0.32684758 -0.32553416 -0.31882173 -0.31667462 -0.30961591
 -0.30501103 -0.29931319 -0.30142882 -0.28411448 -0.28606832 -0.27354476
 -0.28199252 -0.2684857  -0.26243326 -0.26081395 -0.25089303 -0.25113538
 -0.24220653 -0.22730295 -0.22739367 -0.21955447 -0.2155398  -0.19057792
 -0.17768924 -0.16836551 -0.15839984 -0.14563535 -0.13416652 -0.11530501
 -0.11398521 -0.10709483 -0.09459046 -0.0817128  -0.06457514 -0.05951905
 -0.05159234 -0.03585394 -0.01300119 -0.00879985  0.00036422]
[0.70118529 0.82441944 0.83759713 0.81779122 0.78919142 0.77038348
 0.8953737  0.83273816 0.8145979  0.85368979 0.8226983  0.89920127
 0.89897567 0.85301411 0.87953532 0.80046606 0.83188754 0.89809334
 0.85558116 0.8725571  0.94396645 0.93409765 1.01125979 1.07552493
 1.09633088 0.95299089 0.97305983 0.94456053 0.97039104 1.12244081
 1.04284394 1.08666766 1.14526844 1.02775514 0.94818181 1.0314362
 1.01621413 1.0939523  1.03324175 1.15234065 1.14692795 1.13321459
 1.16461957 1.13113308 1.15301466 1.0616709  1.17946815 1.25943315
 1.28937352 1.29198074 1.14372849 1.17865312 1.04175389 1.07810235
 1.07230258 1.0636971  1.10512149 1.06473267 1.04463565 1.02131414
 1.0249083  1.09409225 0.88164496 0.87822127 0.88387781 0.76396388
 0.7553612  0.75850117 0.74347937 0.63619864 0.58687621]
[0.62385064 0.67877758 0.62591702 0.63938695 0.74450064 0.77029884
 0.77362144 0.80143392 0.87088442 0.74198592 0.78605944 0.92793792
 0.90626335 0.96716768 0.95886779 1.0122149  1.00850785 0.95065022
 0.86641902 0.9398942  0.87704444 0.83729798 0.90981764 0.88508511
 1.00981867 1.03191566 1.0335902  1.05382311 1.0403837  1.05602288
 1.03124917 1.15210879 1.12007475 1.08519232 1.18344522 1.11064661
 0.98734516 1.06953847 1.23088634 1.10641694 1.11457801 1.11830807
 1.10709631 1.0664655  0.9538663  1.02429843 1.02794933 1.08171678
 1.19351935 1.18100643 1.18440104 1.16035092 1.0600847  1.06907248
 1.12242043 1.12290132 1.12070191 1.17733169 1.01404381 1.00676405
 0.97502518 0.98813701 0.89523888 0.93762922 0.79771256 0.87106806
 0.83509117 0.83024865 0.72937578 0.73612356 0.63581145 0.61984599
 0.6426993 ]
[-0.29606512 -0.30209514 -0.31136885 -0.31213579 -0.3112416  -0.3134537
 -0.31944355 -0.33494332 -0.33553264 -0.33257094 -0.33453727 -0.33915499
 -0.34008172 -0.33455804 -0.34147134 -0.34312883 -0.34272763 -0.32755065
 -0.34678695 -0.34186128 -0.34131947 -0.33860096 -0.33490768 -0.33486307
 -0.33616728 -0.33591157 -0.33240619 -0.33815467 -0.33369389 -0.33494014
 -0.33128935 -0.33015391 -0.31900665 -0.31485984 -0.31549057 -0.31044641
 -0.3081224  -0.3024295  -0.29852676 -0.29898039 -0.28797993 -0.28245634
 -0.27840206 -0.26851168 -0.27034423 -0.25744429 -0.25143358 -0.23624584
 -0.23176938 -0.22759303 -0.22282127 -0.20204753 -0.19221547 -0.19537218
 -0.1851519  -0.17759514 -0.16801117 -0.15381593 -0.13950028 -0.13020092
 -0.12273962 -0.11277764 -0.1050263  -0.0961531  -0.06950399 -0.0761536
 -0.07648802 -0.04603233 -0.02531056 -0.02609188 -0.00838436  0.00304955
  0.01660215]
[-0.0764186  -0.05726269 -0.03803018 -0.04539468 -0.0091767  -0.0152086
 -0.00120857  0.00674917  0.01909599  0.01954496  0.02151635  0.00835701
  0.02309758  0.03622789  0.04927507  0.04404128  0.05822233  0.06719092
  0.06137322  0.08646555  0.10470859  0.08261029  0.10695495  0.10631353
  0.10805956  0.10550208  0.10340617  0.11434989  0.12679969  0.12675036
  0.12999858  0.1482652   0.14435875  0.1471379   0.15830404  0.15670249
  0.15880114  0.15845457  0.16161263  0.16799189  0.17477845  0.1678237
  0.17969561  0.19221754  0.19273068  0.20279206  0.19157425  0.21006091
  0.24071352  0.21891825  0.20818347  0.20223683  0.21451312  0.22442147
  0.23474593  0.22129518  0.2304469   0.22727415  0.24485385  0.25238994
  0.25656044  0.25159663  0.26785126  0.26323491  0.2552655   0.25646386
  0.2607314   0.23207295  0.25011247  0.24892859  0.25642771  0.24436057
  0.21145995  0.21258017  0.20887667  0.21619745  0.23378997  0.22410333
  0.21275812  0.20708685  0.19756888  0.20409502]
[-0.28150281 -0.26990712 -0.2602942  -0.26114383 -0.25364739 -0.2470762
 -0.23382059 -0.2295664  -0.22018628 -0.21501681 -0.21329927 -0.21723238
 -0.20347655 -0.19059338 -0.19663276 -0.18809387 -0.18289353 -0.1765133
 -0.16120608 -0.16859929 -0.16498786 -0.15799528 -0.14350048 -0.14069757
 -0.12712112 -0.11782714 -0.10774557 -0.08553097 -0.08171377 -0.07683096
 -0.063192   -0.03607362 -0.03443125 -0.0290554  -0.03083544 -0.0187625
 -0.00233239  0.01078915  0.01562322  0.04590701  0.06120426  0.0655769
  0.08215101  0.08666797  0.08488929  0.10272867  0.11536427  0.12125131
  0.1426544   0.15280178  0.14574513  0.14846373  0.15756564  0.16581507
  0.18197587  0.18194835  0.19358133  0.20142671  0.2076119   0.20424728
  0.21573201  0.22399502  0.24876352  0.24877757  0.23673508  0.25615054
  0.25476968  0.26087603  0.26630944  0.27295899  0.28701729  0.27402166
  0.26414838  0.27395964  0.30168402  0.30654442  0.28778574  0.28282499
  0.2758086   0.29131368  0.2969853   0.29243061  0.29280695  0.2934683
  0.29623064  0.29214248  0.30372667  0.3098594   0.31635278  0.31663945
  0.32629532  0.34080887  0.33008844  0.33519149  0.30750874  0.32186064
  0.33376783  0.32533908  0.33232582  0.33241242  0.34228718  0.334582
  0.35228777  0.35719308  0.35806972  0.34252328  0.33211017  0.34340507
  0.36486709  0.37422997  0.35485888  0.34312156  0.33390084  0.3491109
  0.34960592  0.33906767  0.35486901  0.34484369  0.33157206  0.34941858
  0.32459503  0.33163783  0.32816735  0.29706419  0.28849396  0.27975619]
[-0.7461729  -0.73823756 -0.73140776 -0.72119772 -0.71737117 -0.70908964
 -0.69954056 -0.6886282  -0.67657095 -0.66598898 -0.6572696  -0.64662313
 -0.63696694 -0.61949384 -0.60614204 -0.59427822 -0.59057063 -0.57295227
 -0.56289732 -0.55190927 -0.53799284 -0.5401842  -0.52416337 -0.50211471
 -0.51040137 -0.50485331 -0.49411377 -0.49202833 -0.47246686 -0.47055534
 -0.44884196 -0.44445735 -0.4260225  -0.41411129 -0.39998743 -0.40219939
 -0.38314387 -0.38158208 -0.3642768  -0.34572625 -0.33079329 -0.32245404
 -0.32118854 -0.29026976 -0.2968035  -0.27996168 -0.27266276 -0.2561239
 -0.24962488 -0.24224366 -0.23370327 -0.2195709  -0.21723753 -0.19808127
 -0.19076303 -0.1884668  -0.19171287 -0.17031264 -0.15176025 -0.15013269
 -0.14393614 -0.13299407 -0.13404492 -0.13092762 -0.12353579 -0.10841055
 -0.11860718 -0.11522873 -0.09332182 -0.09784393 -0.0885191  -0.08795247
 -0.08477848 -0.08084786 -0.08778396 -0.07891891 -0.06810688 -0.07110046
 -0.07330665 -0.05882192 -0.04181303 -0.03379974 -0.04209126 -0.0333807
 -0.04166543 -0.02990528 -0.01142474 -0.02552971 -0.02225142 -0.02838734
 -0.01793364 -0.04018698 -0.01323528 -0.02226154 -0.0088637  -0.01430558
 -0.01829019 -0.0263915  -0.00329026 -0.01440943  0.00824432 -0.00846451
  0.00674642  0.00506618  0.00275156  0.00440724 -0.00396135 -0.00083692
 -0.00130286 -0.03646687 -0.0284027  -0.01806547 -0.02614599 -0.05446585
 -0.05219674 -0.05019453 -0.05592627 -0.03836656 -0.0431103  -0.07025845
 -0.04513299 -0.02176695 -0.0167488  -0.01455055 -0.01456141 -0.00261699
 -0.0194091  -0.02854774 -0.00380173  0.00168784 -0.00471961  0.00563808
  0.00330145 -0.015339    0.01539495  0.01601063  0.02338327  0.05380542
  0.05678056  0.09572723  0.0953289   0.11822881  0.16224775  0.16033098
  0.19016065  0.20808464  0.2223085   0.21893255  0.28433174  0.26527584
  0.30839318  0.26568478  0.30420968  0.31547293  0.3363333   0.36579928
  0.36685902  0.32991189  0.39097154  0.41085166  0.42738673  0.4714421
  0.4968192   0.50816226  0.50248599  0.52398336  0.51637936  0.53487569
  0.5318855   0.54445517  0.55987537  0.56724524  0.56186378  0.60131222
  0.61305791  0.60314476  0.6390031   0.67387503  0.68703544  0.74886245
  0.71696544  0.73989141  0.72070104  0.71859747  0.70210195  0.73042738
  0.71795338  0.76612049  0.75293732  0.75206232  0.74519563  0.75863743
  0.76235133  0.7688964   0.75934774  0.77103591  0.73165041  0.7708258
  0.78638738  0.78514773  0.77177882  0.7785055   0.7696901   0.82699859
  0.80699921  0.79043663  0.76511931  0.79737157  0.79048312  0.78437269
  0.7601015   0.72507679  0.69085664  0.71426386  0.68338066  0.72744513
  0.72894913  0.72936589  0.70642781  0.65828699  0.62774986  0.58392662
  0.59086245  0.57123446  0.56767404  0.53613168  0.51916695  0.56636477
  0.57538396  0.56590462  0.50007755  0.48573816  0.49813449  0.48827153
  0.4445864   0.44839656  0.36764362  0.31317785  0.25480178]
