[0.00696193 0.01328722 0.01813782 0.01824444 0.03491714 0.01983049
 0.04569382 0.05896782 0.03842718 0.04232479 0.04455086 0.04274527
 0.04472543 0.04815048 0.06387552 0.05042287 0.05654959 0.05155757
 0.06685001 0.07226893 0.06848112 0.07098573 0.05052481 0.06118042
 0.06058933 0.0565141  0.05462241 0.04954588]
[0.3875497  0.39973408 0.32478568 0.36692497 0.37020031 0.31871596
 0.3314181  0.31653768 0.37161392 0.29670203 0.37404695 0.33998287
 0.325201   0.33115387 0.30630192 0.29045385 0.27928126 0.30045632
 0.33468345 0.34489352 0.29578364 0.32285845 0.29351708 0.31394219
 0.34644189 0.32588553 0.34979954 0.32992625 0.37375349 0.41134951
 0.39082104 0.36868066 0.40991038 0.38220522 0.44904885]
[1.33162522 1.87586462 2.09816766 2.28665447 2.54914856 3.12440062
 2.61062884 3.36165881 3.47413969 3.43995404 2.8091948  3.24810266
 3.99368262 3.56415939 4.12474871 3.67651582 4.06884766 4.2564435
 3.95188785 4.59712505 3.86138606 3.70423937 3.85561252 3.86549258
 3.44953227 3.36139154 3.81471252 4.09498167 4.22028303 3.95785427
 3.77362037 3.62443829 2.65382886 2.39153409 2.02115178]
[-0.48228323 -0.48651126 -0.49102712 -0.48730031 -0.49188572 -0.4916822
 -0.48227319 -0.4802891  -0.48193654 -0.47321352 -0.4739179  -0.47251517
 -0.46807024 -0.46543294 -0.46094379 -0.44995758 -0.44979832 -0.45529184
 -0.45388246 -0.43932003 -0.445021   -0.43707791 -0.43603832 -0.4347102
 -0.43245965 -0.41861212 -0.41977262 -0.4142805  -0.40725154 -0.40444291
 -0.39592901 -0.38995484 -0.38346606 -0.37619776 -0.36379221]
[0.01294988 0.02441086 0.028188   0.02180617 0.0400578  0.02042824
 0.03339696 0.04793325 0.05116323 0.05372304 0.04436856 0.0463021
 0.04385599 0.05163591 0.0651333  0.05701562 0.05971456 0.06360219
 0.06510658 0.07256828 0.08135478 0.08371489 0.07123925 0.08989164
 0.08693109 0.06587201 0.06594606 0.09237055 0.08524294 0.08823255
 0.0777361  0.06861957 0.06856804 0.09167256 0.11425383 0.10214791
 0.0951612 ]
[ 3.39759278  3.80681372  3.65565181  3.35378718  2.9313693   3.02474904
  2.70245504  2.57436657  2.57852149  2.29950476  2.24934173  2.12710285
  1.96220279  1.9284699   1.7360996   1.58778524  1.41217196  1.25893033
  1.05847383  0.91743183  0.72012562  0.7554161   0.56593978  0.45445099
  0.51619309  0.32869479  0.17204212  0.2705144   0.17356908  0.22281499
  0.173546    0.0275481  -0.08337259 -0.0843919  -0.14315803 -0.12760891
 -0.0066335  -0.07336801 -0.13014661 -0.39757806 -0.42592713 -0.45633072
 -0.36217839 -0.43664512 -0.1745809  -0.39704862 -0.35190311 -0.39422503
 -0.35585451 -0.39498204 -0.39191493 -0.43570316 -0.4792006  -0.55787396]
[-0.19742242 -0.19546275 -0.20206313 -0.22103038 -0.21666233 -0.21459432
 -0.21886972 -0.22339608 -0.22402461 -0.22408433 -0.2183663  -0.22094044
 -0.21614659 -0.21259388 -0.21487713 -0.21439195 -0.21294749 -0.21468946
 -0.21752678 -0.2114127  -0.21065237 -0.2071546  -0.19893716 -0.20725472
 -0.20499539 -0.20579191 -0.20955704 -0.19771002 -0.20126237 -0.1926212
 -0.19193956 -0.19163518 -0.1952389  -0.1907399  -0.18751699 -0.18350004
 -0.18559498 -0.17675647 -0.17653181 -0.17860846 -0.16879423 -0.15687861
 -0.15721743 -0.15623398 -0.15845385 -0.15230162 -0.13507192 -0.13569766
 -0.12955531 -0.12396502 -0.12361807 -0.10848963 -0.10848039 -0.08690444]
[1.091151   1.60395217 1.45344198 1.95797765 2.3051815  2.25973201
 2.157722   2.1645565  2.97097135 2.96910834 3.22292519 3.51052523
 3.80965519 3.82575369 4.12463617 4.3061862  4.32593966 4.57166815
 3.93691802 4.77130413 4.66694355 4.09147882 4.2840848  3.81340265
 3.63245392 3.76189041 3.61301589 2.90538359 2.6882453  2.42127275
 2.60250616 2.42869592 2.44819093 2.06984472 2.26035953 1.44308674
 1.16313708 1.05753005 1.02587032 0.97565478 0.83794743 0.5625661
 0.41983736 0.4002831  0.26224613 0.31985903 0.29801497 0.39482328
 0.2991308  0.1586591  0.35980859 0.43080828 0.3082127  0.27894157]
[0.38668811 0.35929576 0.33568341 0.37264121 0.36749363 0.3754732
 0.33315831 0.34463638 0.40644118 0.44971895 0.43708563 0.38769269
 0.55053246 0.51920134 0.53303576 0.5753485  0.49480018 0.46542692
 0.44793063 0.52282459 0.48925245 0.52445596 0.49287006 0.52354497
 0.53352046 0.52299798 0.57690865 0.66528833 0.58159572 0.57062006
 0.57932454 0.64743608 0.59348804 0.55902922 0.62525147 0.69355482
 0.6135093  0.71465331 0.58192235 0.58826512 0.58493602 0.63450021
 0.5489167  0.5836978  0.53022045 0.58744895 0.59453118 0.55096483
 0.50716084 0.57635462 0.54066026 0.55302882 0.5059579  0.53200287]
[-0.69439822 -0.7101351  -0.70382798 -0.71280891 -0.72690964 -0.72657323
 -0.73051578 -0.72937495 -0.74054283 -0.73395735 -0.72629261 -0.72012091
 -0.72268432 -0.72634327 -0.71155226 -0.71493655 -0.70872927 -0.70543987
 -0.70125902 -0.69871575 -0.68473172 -0.68322027 -0.67643774 -0.66315567
 -0.66644222 -0.65379286 -0.64289194 -0.64118367 -0.63855946 -0.62094271
 -0.62465328 -0.61742318 -0.60490811 -0.592188   -0.5789392  -0.57651246
 -0.57849711 -0.5651437  -0.55324364 -0.55298698 -0.5424363  -0.53402448
 -0.5252471  -0.52990931 -0.51586819 -0.51747906 -0.49907455 -0.49707896
 -0.48645583 -0.47218972 -0.45878214 -0.44084206 -0.42461058 -0.39745671]
[-4.73921299e-01 -5.36321163e-01 -4.91708010e-01 -5.09253800e-01
 -5.25994658e-01 -5.38380742e-01 -5.52751303e-01 -4.42980766e-01
 -4.42312419e-01 -4.84719425e-01 -4.79861408e-01 -4.93194729e-01
 -4.61119354e-01 -3.91212612e-01 -4.35166448e-01 -4.69495893e-01
 -4.02946353e-01 -4.16622758e-01 -4.53280777e-01 -3.30983162e-01
 -3.10723066e-01 -2.69185334e-01 -2.46291354e-01 -2.19044566e-01
 -1.91926360e-01 -1.55568719e-01 -5.55754825e-02 -4.52465042e-02
 -6.10320014e-04  1.14942983e-01  2.46010944e-01  4.17356759e-01
  4.77444679e-01  5.66163898e-01  6.55477941e-01  7.39471972e-01
  1.03805912e+00  1.13209820e+00  1.18961167e+00  1.45910227e+00
  1.59895337e+00  1.91456974e+00  1.93839991e+00  2.26694083e+00
  2.52762389e+00  2.80939078e+00  3.14378881e+00  3.35097098e+00
  3.31594944e+00  3.10211420e+00  3.09500599e+00  3.18456197e+00
  3.27593064e+00  3.16871524e+00]
[0.29954708 0.28206354 0.30440328 0.39987326 0.50553739 0.69187826
 0.61338961 0.56589651 0.64540786 0.905496   0.94800901 0.95382476
 1.02280104 1.03494596 1.15507853 1.3667742  1.43406487 1.46263313
 1.15955412 1.60192883 1.55356717 1.73933434 1.84158528 2.4114635
 2.3860364  2.58028007 3.68188477 3.68813467 3.54984808 3.14229393
 3.26993847 3.60442758 3.70829248 3.70617557 3.84603381 3.81205893
 3.92938328 3.89760017 4.04595995 3.91959453 4.09441662 3.78858161
 4.26559973 4.03406811 3.77254605 3.81144714 3.28001547 3.54346681
 3.04676414 2.71070766 2.7070663  1.97351289 1.94998229 1.51356471]
[-0.02427963 -0.03260567 -0.00653324 -0.01642507 -0.00217766  0.01157105
  0.0110352   0.02183962  0.03310917  0.01173197  0.02851426  0.03172439
  0.03176017  0.02969454  0.0369158   0.0621469   0.04882591  0.05695757
  0.05745891  0.07239414  0.06801954  0.08134142  0.0867416   0.08831286
  0.08512735  0.09904253  0.09392226  0.09871204  0.0973229   0.11666891
  0.1389762   0.15267593  0.13446261  0.12529871  0.12857729  0.13737039
  0.14491603  0.14976634  0.13757564  0.15505907  0.15322179  0.14943169
  0.16294128  0.15923281  0.17197041  0.17106687  0.20097725  0.19015513
  0.18801533  0.17129824  0.18568914  0.18392748  0.18054032  0.18270729
  0.18325622  0.17070867  0.18518452  0.16704595  0.18273664  0.18708184
  0.16587836  0.16358736  0.14915173  0.16215189]
[-0.04847072 -0.05205392 -0.02636947 -0.01381836 -0.01485359 -0.00371771
  0.00061224  0.00160255  0.00944415  0.01014223  0.0246115   0.03486813
  0.04285077  0.04313399  0.03259965  0.04433133  0.02912766  0.05188512
  0.06649543  0.06139282  0.07217251  0.07691304  0.06916694  0.07133871
  0.09523153  0.08895535  0.08791841  0.09689107  0.09308594  0.10779952
  0.10339393  0.10724609  0.10792315  0.11552677  0.1222522   0.12346093
  0.13233995  0.12525129  0.1302923   0.14385647  0.13738744  0.14206304
  0.14574158  0.15063903  0.14999592  0.15230471  0.15890503  0.17924507
  0.19802736  0.1799463   0.16962987  0.15741362  0.17126647  0.18567024
  0.19581991  0.1822433   0.18378112  0.17827983  0.18532158  0.1752551
  0.1961395   0.18866135  0.18097718  0.17566156  0.1984556   0.19299863
  0.2178579   0.18633947  0.17116766  0.16060983  0.16415912]
[-0.31397948 -0.30918184 -0.32810256 -0.32360858 -0.32751766 -0.32301134
 -0.34108883 -0.33898732 -0.34721538 -0.35077569 -0.33782884 -0.34702384
 -0.34653676 -0.3403253  -0.33952281 -0.33716094 -0.3455894  -0.34604067
 -0.34355596 -0.34149307 -0.34129789 -0.3413344  -0.33583891 -0.33875579
 -0.3423833  -0.33877277 -0.33911178 -0.34284246 -0.33802071 -0.33447537
 -0.33199522 -0.33251846 -0.31067437 -0.31515589 -0.31946751 -0.30669907
 -0.31045395 -0.30505866 -0.29584485 -0.2934449  -0.28492737 -0.27889872
 -0.27139786 -0.27134094 -0.26594442 -0.25780267 -0.24513896 -0.23848554
 -0.23303369 -0.23565118 -0.22181743 -0.21386667 -0.20081185 -0.19277294
 -0.18279214 -0.1713971  -0.16095494 -0.13094193 -0.1354422  -0.11724189
 -0.1016886  -0.09893211 -0.08794903 -0.07718435 -0.06285051 -0.05937267
 -0.04787108 -0.02886446 -0.01243276  0.01308336  0.01231067  0.01900063
  0.01762336]
[0.60906976 0.65864718 0.6430741  0.6593979  0.73982918 0.78962475
 0.81489599 0.85680777 0.8603766  0.76378685 0.78038114 0.94286728
 0.93512225 0.96952564 0.94821501 0.97565681 0.99622792 0.96853501
 0.87704468 0.90216714 0.83464563 0.86002183 0.86645901 0.89364707
 1.06069875 1.08278275 1.08862758 1.05649447 1.05797744 1.06252599
 1.0204103  1.11639917 1.09685111 1.06867647 1.12463081 1.1274097
 1.01186562 1.09309363 1.2458272  1.10270095 1.11319411 1.09120953
 1.10361362 1.0604614  0.97089934 1.04123688 1.0429374  1.09648693
 1.12969375 1.12623763 1.12463367 1.15989947 1.09546649 1.11005855
 1.14266491 1.0727936  1.09478331 1.15973616 1.06881869 0.99365711
 0.9988153  0.93443596 0.89817786 0.92630309 0.75667679 0.86427295
 0.85341996 0.84149361 0.72943598 0.73142958 0.63410091 0.59089881
 0.65322542]
[-0.24066906 -0.22552934 -0.21770056 -0.21591339 -0.20284128 -0.18711409
 -0.17386048 -0.16586457 -0.16394362 -0.15242176 -0.12721689 -0.13534079
 -0.11423606 -0.11465888 -0.08472381 -0.09665093 -0.0815601  -0.06017996
 -0.03847032 -0.03581579 -0.0430342  -0.03203421 -0.02073443  0.00565231
  0.02367174  0.02650753  0.03390009  0.03551454  0.04877299  0.06780731
  0.07074801  0.06417613  0.08145256  0.08835621  0.1022663   0.10709773
  0.10496497  0.11630977  0.12829727  0.11861257  0.12517685  0.13403715
  0.15292451  0.15407979  0.1682775   0.18116747  0.17997362  0.1800776
  0.18681271  0.20031092  0.20417504  0.19804877  0.20774524  0.22068486
  0.2262056   0.22654422  0.21204096  0.22636867  0.21679892  0.23474315
  0.23730548  0.2405435   0.23851326  0.24162425  0.24172316  0.25285015
  0.26482937  0.26390266  0.26826113  0.27885079  0.26626715  0.2699959
  0.26430678  0.26503095  0.25176328  0.27650216  0.27548355  0.27689719
  0.27650273  0.27376512  0.28265572  0.27307647  0.27273402  0.28343856
  0.29642615  0.28556377  0.29021782  0.29423705  0.29491553  0.29990783
  0.29585087  0.29544342  0.29266053  0.29625747  0.29299128  0.30990511
  0.28391114  0.29633728  0.29030961  0.29882383  0.28406471  0.29031175
  0.2809082   0.28296763  0.27756944  0.26855525  0.25815436]
[-0.27173799 -0.26119441 -0.25942892 -0.25648457 -0.24206191 -0.23772354
 -0.22267348 -0.21394014 -0.20044479 -0.20325567 -0.20119421 -0.1952887
 -0.18503605 -0.18900645 -0.18099101 -0.17564516 -0.16356251 -0.15485218
 -0.16226298 -0.16394544 -0.15951458 -0.15014808 -0.14016582 -0.11729717
 -0.10897324 -0.10667668 -0.0974252  -0.0863923  -0.07765519 -0.05910204
 -0.04511601 -0.03193114 -0.01856891 -0.02574985  0.00128726  0.00089807
  0.02664847  0.02662308  0.05510201  0.0647844   0.06081367  0.0737551
  0.07871608  0.08701401  0.10793854  0.11027861  0.10996061  0.13826323
  0.14050715  0.13292558  0.14534982  0.16447347  0.17254052  0.18178965
  0.18263389  0.19008754  0.19950806  0.21276695  0.21120004  0.20913547
  0.21188192  0.23788671  0.24151275  0.2574023   0.25350174  0.27125224
  0.28384605  0.24986409  0.26159614  0.27557355  0.26369861  0.27703518
  0.30493718  0.28854179  0.29727644  0.3058919   0.28573346  0.29193848
  0.3034794   0.31043714  0.32062125  0.31987289  0.3305001   0.31898251
  0.32388848  0.3347806   0.31548855  0.34101814  0.31168962  0.34060872
  0.33697546  0.32249913  0.31982183  0.3282558   0.33971745  0.33311805
  0.32663912  0.32843167  0.34538817  0.34527004  0.3447226   0.34546453
  0.35130063  0.35111883  0.36189583  0.34147927  0.35427576  0.35072735
  0.34667835  0.33672857  0.32366797  0.33192706  0.33268237  0.35023975
  0.33585709  0.33658534  0.31330627  0.32953537  0.34241307  0.32535189
  0.33094633  0.32795596  0.30799621  0.29754058  0.28729177]
[-8.07711601e-01 -8.08020890e-01 -8.09284270e-01 -8.09653521e-01
 -8.11065197e-01 -8.10241759e-01 -8.12147856e-01 -8.12225819e-01
 -8.13705146e-01 -8.13714027e-01 -8.14593792e-01 -8.14756334e-01
 -8.14925790e-01 -8.15818250e-01 -8.15189779e-01 -8.16336393e-01
 -8.16718221e-01 -8.16232979e-01 -8.16828668e-01 -8.17049623e-01
 -8.17068338e-01 -8.17220986e-01 -8.17181528e-01 -8.17156851e-01
 -8.17153811e-01 -8.17171752e-01 -8.17185938e-01 -8.17116261e-01
 -8.17025721e-01 -8.16934407e-01 -8.16759765e-01 -8.16490352e-01
 -8.16143692e-01 -8.15578103e-01 -8.14767063e-01 -8.13852429e-01
 -8.12458754e-01 -8.10536325e-01 -8.06343913e-01 -8.02405298e-01
 -7.96813428e-01 -7.88549840e-01 -7.79885650e-01 -7.68975556e-01
 -7.52997816e-01 -7.34135628e-01 -7.14053571e-01 -6.89759076e-01
 -6.53727233e-01 -6.29518688e-01 -5.96547306e-01 -5.68597674e-01
 -5.38785815e-01 -5.07781267e-01 -4.74759102e-01 -4.46993411e-01
 -4.14103478e-01 -3.89849693e-01 -3.69810641e-01 -3.49442810e-01
 -3.32550228e-01 -3.17648798e-01 -3.12426180e-01 -3.05479854e-01
 -3.01139981e-01 -2.98113197e-01 -2.94587463e-01 -2.93573409e-01
 -2.96436220e-01 -3.00354064e-01 -2.94301659e-01 -2.90914357e-01
 -2.85564303e-01 -2.83089727e-01 -2.86223143e-01 -2.80510455e-01
 -2.73082554e-01 -2.76175171e-01 -2.73499638e-01 -2.69949377e-01
 -2.69875467e-01 -2.66877949e-01 -2.65251487e-01 -2.60947824e-01
 -2.61596888e-01 -2.52311945e-01 -2.49773085e-01 -2.47017354e-01
 -2.46500716e-01 -2.40067407e-01 -2.38840580e-01 -2.43102700e-01
 -2.36992478e-01 -2.24256754e-01 -2.21424848e-01 -2.22411349e-01
 -2.13664383e-01 -2.13963717e-01 -1.98778719e-01 -1.95448935e-01
 -1.78061157e-01 -1.43339157e-01 -1.31448150e-01 -1.10153645e-01
 -8.88264775e-02 -6.07332438e-02 -1.88295022e-02 -1.21492529e-02
 -1.11757135e-02 -1.72661263e-02 -2.19046343e-02 -1.62681099e-02
 -1.77546237e-02 -2.36495472e-02 -2.73255855e-02 -4.95967828e-02
 -6.69151694e-02 -5.52070886e-02 -3.95406261e-02 -4.97445390e-02
 -6.48231432e-02 -6.49505779e-02 -6.22856952e-02 -4.42791805e-02
 -3.72238830e-02 -3.24738137e-02 -1.18846269e-02 -3.42373992e-03
  1.66266952e-02  2.29408722e-02  9.35876463e-03  2.01984439e-02
  1.64778214e-02  2.52250899e-02  1.35428691e-02  1.98494401e-02
  9.29181185e-03  1.02791172e-02  6.04731310e-03  1.35909067e-02
  1.50058884e-02  3.39296497e-02  2.87408195e-02  2.09219549e-02
  2.31720898e-02  2.67921351e-02  1.56878810e-02  1.83242634e-02
  3.10122576e-02  2.76047681e-02  3.10441963e-02  2.28040610e-02
  1.84946954e-02  1.35762449e-02  4.68052505e-03  8.07025284e-03
  5.84720634e-03  2.85578403e-03  9.52674891e-04  7.96562992e-03
  1.80684384e-02  2.00092141e-02  1.44355996e-02  2.84111332e-02
  5.04779955e-03  1.44446432e-03  6.27352111e-03  1.23866331e-02
  1.25675257e-02 -2.23183952e-06  1.95067434e-03 -1.08448360e-02
 -1.36013972e-02  7.48610497e-03  2.52023786e-02  2.33966336e-02
  4.39414904e-02  3.35403904e-02  4.28557508e-02  6.23525307e-02
  5.53849339e-02  6.56099096e-02  7.47832060e-02  8.53583440e-02
  9.86414999e-02  8.87534022e-02  8.03746954e-02  9.55122709e-02
  1.02148935e-01  1.23605765e-01  1.32801846e-01  1.43290743e-01
  1.73658639e-01  1.74174115e-01  2.08493739e-01  2.44429484e-01
  2.73030967e-01  2.98246145e-01  3.28194767e-01  3.59072000e-01
  3.86179209e-01  4.04751658e-01  4.61943030e-01  5.08475602e-01
  6.17945969e-01  7.47499943e-01  8.32799494e-01  8.87370229e-01
  9.24477100e-01  9.89058375e-01  1.11687040e+00  1.22883642e+00
  1.29351139e+00  1.35859323e+00  1.38034987e+00  1.41335130e+00
  1.41564178e+00  1.40927470e+00  1.42758644e+00  1.45616090e+00
  1.45577681e+00  1.44442058e+00  1.45547688e+00  1.44611764e+00
  1.34933090e+00  1.27486885e+00  1.29362714e+00  1.30433142e+00
  1.32011795e+00  1.28544438e+00  1.24063504e+00  1.17162931e+00
  1.15398121e+00  1.15041673e+00  1.12936282e+00  1.09340012e+00
  1.04852378e+00  1.01295924e+00  9.41295207e-01  9.31996167e-01
  9.10638332e-01  8.24478686e-01  8.13958049e-01  7.59538412e-01
  7.19369054e-01  6.92335427e-01  6.36588573e-01  6.29859447e-01
  5.81465364e-01  5.41558444e-01  5.20161688e-01  5.18875837e-01
  5.35558164e-01  5.29033601e-01  5.07672727e-01  4.63805377e-01
  4.49678838e-01  4.13921535e-01  3.94661605e-01  3.78705144e-01
  3.43154699e-01  3.42915803e-01  3.04966688e-01  2.96092510e-01
  2.91708052e-01  2.86076367e-01  2.52165735e-01  2.56623894e-01
  2.05713138e-01  1.83380395e-01  1.86391219e-01  1.83201328e-01
  1.60201803e-01  1.28107145e-01  1.22364111e-01  1.00674868e-01
  1.01394951e-01  1.12946771e-01  1.12909280e-01  1.16429694e-01
  1.17221810e-01  1.16550267e-01  1.16509438e-01  1.14820860e-01
  1.07702941e-01  1.34451732e-01  1.18138544e-01  1.26046091e-01
  1.18049353e-01  1.36054441e-01  1.22084484e-01  1.13326132e-01
  8.38256702e-02  6.33502007e-02  5.00172712e-02  3.24434415e-02
  1.17443940e-02 -2.76621860e-02 -5.41776158e-02 -7.43622631e-02
 -1.11410283e-01 -1.33181661e-01 -1.83697626e-01 -2.37712875e-01
 -2.97265142e-01 -3.39143932e-01]
