[ 0.084746    0.06765489  0.04964098  0.02491664 -0.01750465 -0.07329314
 -0.12642987 -0.15654129 -0.16820838 -0.18110798 -0.19907054 -0.21961774
 -0.2476138 ]
[ 0.02552298  0.01720757  0.00508497 -0.00712219 -0.03334005 -0.06269341
 -0.07767006 -0.08809372 -0.10545631 -0.12454954 -0.16144899 -0.20766719
 -0.25463948 -0.29672012 -0.34065449 -0.38524532]
[-0.11083593 -0.1270496  -0.12652878 -0.11130925 -0.1104375  -0.10591066
 -0.09053753 -0.08046989 -0.09706715 -0.1263281  -0.16739085 -0.20716074
 -0.25894707 -0.31723857 -0.37779254 -0.44494772 -0.51501012 -0.57738483]
[ 0.21926138 -0.20623937 -0.4576869  -0.46528524 -0.34409004 -0.21243751
 -0.15001372 -0.14074782 -0.20092542 -0.3012895  -0.37251398 -0.4032467
 -0.40788251 -0.42353478 -0.43920565 -0.45209858 -0.47332144 -0.46784261
 -0.45812818 -0.446156   -0.43740955 -0.44452125 -0.45629647 -0.48558116
 -0.49049824]
[ 0.39354286 -0.08161493 -0.43822879 -0.53427374 -0.41837913 -0.26884192
 -0.17360045 -0.16082144 -0.2141294  -0.29405296 -0.36995953 -0.405103
 -0.40913755 -0.41601861 -0.43275142 -0.43865114 -0.45412889 -0.44994795
 -0.44108063 -0.43228808 -0.42995739 -0.42200956 -0.427385   -0.46038088
 -0.48641768 -0.48927513]
[ 0.08590665 -0.13759336 -0.27591449 -0.39225325 -0.38647863 -0.29710796
 -0.21509044 -0.15583646 -0.19254196 -0.26604584 -0.36058757 -0.41299498
 -0.47208893 -0.49856812 -0.48987317 -0.48998567 -0.48692608 -0.48698679
 -0.48892471 -0.45892125 -0.46167114 -0.46384758 -0.46425509 -0.45813
 -0.47195294 -0.44965982 -0.37903243 -0.29600573]
[ 1.50169575  1.36103475  0.9972266   0.49901703  0.02626377 -0.2622439
 -0.39012468 -0.38193688 -0.31928873 -0.25667465 -0.22572079 -0.20816943
 -0.22350974 -0.23724084 -0.25367412 -0.25211394 -0.2345902  -0.18203869
 -0.1324995  -0.10957159 -0.14628619 -0.20691973 -0.30790845 -0.41861632
 -0.56043154 -0.73192674 -0.90190464 -1.06826758]
[ 1.73012626  2.57382989  3.39825273  4.15891314  4.72366524  5.02580118
  4.99054718  4.68026638  4.09466076  3.35805869  2.54674959  1.85538888
  1.37010574  1.04259169  0.79926902  0.61032432  0.49173757  0.4009997
  0.33943859  0.33673486  0.3543472   0.34322801  0.30468699  0.1965469
  0.08398409 -0.00568352 -0.11280663 -0.22252089]
[-0.41798896 -0.36705086 -0.55955678 -0.57996362 -0.55204153 -0.57930356
 -0.51724303 -0.33794171 -0.10731713  0.08895317  0.28155902  0.42314875
  0.58905959  0.82303101  1.03438318  1.24587107  1.41476929  1.57896793
  1.69609213  1.82327914  1.9782418   2.17105842  2.33984518  2.31602383
  2.07036543  1.57146251  0.99471158  0.46968788]
[ 0.76991498  0.03636582 -0.46936429 -0.58526683 -0.39926863 -0.19181985
 -0.10574638 -0.12863304 -0.1772415  -0.25475404 -0.30010441 -0.35536551
 -0.40181911 -0.44261312 -0.48095864 -0.46488357 -0.42825538 -0.41386929
 -0.38780257 -0.370776   -0.36567038 -0.37501588 -0.37676916 -0.38150796
 -0.41967005 -0.44095403 -0.45457891 -0.44890162 -0.43217218 -0.39836219]
[ 0.43253469 -0.19272934 -0.55237949 -0.5524714  -0.29182854 -0.07202084
 -0.00910089 -0.02848798 -0.09915151 -0.16015722 -0.21479629 -0.26680288
 -0.33584028 -0.36390471 -0.38628224 -0.38706312 -0.37239581 -0.38406214
 -0.40965581 -0.40857527 -0.41162866 -0.41154709 -0.43253547 -0.4463723
 -0.46369049 -0.47299141 -0.45158982 -0.40632105 -0.34532148 -0.24959195
 -0.16814312 -0.10383239]
[ 0.97122896  0.92706269  1.05071402  1.11557901  1.03064501  0.97946501
  1.14649785  1.48445678  1.78978932  1.85511863  1.56505334  0.96359909
  0.30619091 -0.19271174 -0.39985359 -0.40597656 -0.27042988 -0.13536443
 -0.0142408   0.07814161  0.10011619  0.08203159  0.0283036  -0.02312757
 -0.09178392 -0.18640101 -0.29585102 -0.40213984 -0.51525587 -0.62983906
 -0.79525691 -0.95895457]
[ 0.65845478 -0.13266166 -0.5673719  -0.56926471 -0.35098776 -0.12210181
 -0.0231208  -0.02295666 -0.07199835 -0.15566452 -0.2260045  -0.27118853
 -0.30135649 -0.32202744 -0.33384958 -0.33328357 -0.32204691 -0.32194656
 -0.31655499 -0.30894265 -0.31377256 -0.33220017 -0.35621893 -0.38605097
 -0.41182879 -0.42727342 -0.43718624 -0.43109176 -0.40743101 -0.36609355
 -0.29489356 -0.23972663 -0.201534  ]
[-0.03431531 -0.47237208 -0.5909065  -0.43673244 -0.19198307 -0.01509657
  0.03304262 -0.00105382 -0.0658512  -0.13657194 -0.15999615 -0.17898332
 -0.20629509 -0.25623265 -0.3026672  -0.3232809  -0.34172672 -0.36848882
 -0.41012248 -0.43660307 -0.45159006 -0.4629944  -0.45784384 -0.4705708
 -0.47404566 -0.46001172 -0.43966317 -0.40725586 -0.36707032 -0.29439262
 -0.23392694 -0.16975564 -0.08743742 -0.01396389]
[ 1.1623013   1.01360679  1.00715196  0.97122467  0.94503671  1.11932456
  1.51000953  1.91597021  2.05216622  1.72379005  0.96092379  0.10419732
 -0.49544892 -0.7386139  -0.67281222 -0.48606208 -0.30512437 -0.15774247
 -0.05038192  0.00904176  0.02922871  0.0268994  -0.00372228 -0.04722009
 -0.10543071 -0.16514136 -0.2077913  -0.28005654 -0.35446641 -0.47508743
 -0.62206292 -0.77061445 -0.94014806 -1.07320869]
[-0.44921273 -0.41492742 -0.47326773 -0.41528523 -0.34983858 -0.31713381
 -0.24556604 -0.13214417  0.01778596  0.17880128  0.33640188  0.47261333
  0.63828838  0.83569109  1.01882017  1.20062995  1.33588994  1.39010048
  1.39475358  1.40941679  1.4689101   1.57295072  1.66157711  1.67226827
  1.59407306  1.41043603  1.12631595  0.79108423  0.50967532  0.29754835
  0.15491834  0.04558888 -0.02720344 -0.08338868]
[-0.08972204 -0.51317734 -0.6435023  -0.48233092 -0.24123938 -0.06599317
 -0.01363807 -0.03802725 -0.08440887 -0.13609686 -0.16633759 -0.17647175
 -0.19281054 -0.23393613 -0.26359072 -0.29980919 -0.32149389 -0.33116013
 -0.36693257 -0.41293094 -0.4379836  -0.47192958 -0.48391926 -0.4930912
 -0.49329144 -0.48794624 -0.47275844 -0.45677862 -0.41198656 -0.34093454
 -0.26976043 -0.22399843 -0.15884605 -0.07468481 -0.0055016 ]
[ 1.07066357  0.98910946  1.08613992  1.06704009  0.9563396   0.92463881
  1.12942791  1.54816079  1.88155305  1.93791556  1.51144838  0.77733034
 -0.01618769 -0.54970866 -0.73915839 -0.65981323 -0.47204903 -0.28379512
 -0.1012155  -0.00236633  0.06447738  0.07373916  0.06727879  0.02165737
 -0.01951208 -0.0583507  -0.11739393 -0.1993181  -0.25335321 -0.3433226
 -0.45999274 -0.60599661 -0.75263852 -0.90581936 -1.04253268]
[ 1.31144798  0.37256533 -0.24478978 -0.40083328 -0.28886402 -0.07993694
  0.07243896  0.14088392  0.13664553  0.09767216 -0.00214893 -0.12111171
 -0.2014304  -0.27347559 -0.29866108 -0.28148445 -0.2424054  -0.23341562
 -0.24585335 -0.25823995 -0.27667934 -0.29749194 -0.32739908 -0.3649005
 -0.39390716 -0.44754264 -0.45338637 -0.4510327  -0.44739622 -0.43118373
 -0.40638632 -0.36403728 -0.32400683 -0.27189928 -0.21031101 -0.17931086]
[ 1.19387317  0.73170704  0.30888844  0.08998045  0.03819582  0.04846781
  0.0646503   0.11686551  0.18321551  0.24031097  0.27667546  0.25655735
  0.18748228  0.09204312  0.00274637 -0.06479757 -0.10559941 -0.11451464
 -0.09769972 -0.08818624 -0.10095114 -0.12838323 -0.15752617 -0.21193475
 -0.27853626 -0.33338556 -0.36277679 -0.39997876 -0.43201217 -0.45598549
 -0.47825563 -0.49962166 -0.50524384 -0.48796827 -0.46026048 -0.44568288
 -0.4458707  -0.44993383 -0.43071008 -0.40071681 -0.38377315 -0.35268283
 -0.29955202 -0.25087088 -0.20651965 -0.16119115]
[ 1.12431693  1.13129807  1.29359746  1.30534482  1.12710989  0.96894336
  1.0320977   1.30167651  1.5919292   1.72326696  1.52709067  1.07616949
  0.49185187  0.01435326 -0.25582823 -0.30523446 -0.22100314 -0.09687178
  0.02887648  0.11006778  0.16813329  0.18523669  0.18252902  0.1472597
  0.11313777  0.07765674  0.04067997  0.00562576 -0.03930406 -0.08247574
 -0.13705333 -0.22066818 -0.30509567 -0.3675859  -0.44037706 -0.50976932
 -0.56303757 -0.60445374 -0.65033692 -0.65881026 -0.66032517 -0.64611286
 -0.6236518  -0.58231109 -0.5358572  -0.52355433 -0.52511501 -0.51926571
 -0.51096743 -0.47769973 -0.42820075 -0.3563194  -0.26981199 -0.1793613 ]
[-0.49102473 -0.70898527 -0.75098932 -0.6650753  -0.55008531 -0.46105674
 -0.40391469 -0.36739221 -0.34449139 -0.32103094 -0.29196072 -0.25752899
 -0.23035251 -0.21184169 -0.19706392 -0.18723811 -0.19561082 -0.21715252
 -0.23484561 -0.2539953  -0.28204995 -0.31760836 -0.35426971 -0.39202893
 -0.42609975 -0.45033959 -0.45696136 -0.45001346 -0.4322831  -0.41429272
 -0.39798886 -0.384395   -0.37622771 -0.36531794 -0.35361385 -0.344475
 -0.33438784 -0.3154842  -0.29592112 -0.27718264 -0.2539306  -0.2348177
 -0.22531095 -0.21567337 -0.20627239 -0.20520663 -0.21698172 -0.23027629
 -0.2422455  -0.25115687 -0.25310194 -0.24915145 -0.24467498 -0.24174875]
[ 0.05221546 -0.31423014 -0.55472916 -0.62125129 -0.59880614 -0.55872506
 -0.51767111 -0.46443439 -0.43652117 -0.4712086  -0.5601539  -0.66574293
 -0.76435965 -0.83785224 -0.87482095 -0.86936903 -0.83233464 -0.79527074
 -0.78303969 -0.78861713 -0.79580897 -0.80576092 -0.83132041 -0.85852468
 -0.87653965 -0.87248856 -0.86188763 -0.84907687 -0.81240672 -0.76388818
 -0.70754504 -0.65498495 -0.61077845 -0.55885744 -0.49493662 -0.44384363
 -0.40472829 -0.35388225 -0.29923177 -0.23782682 -0.18527186 -0.13277295
 -0.07675476 -0.03637264 -0.02650134 -0.02970875 -0.04306466 -0.08029854
 -0.12490529 -0.15922892 -0.17720741 -0.18466757 -0.18777348 -0.183235
 -0.17953694 -0.1870243  -0.1909586  -0.19880241 -0.20194776 -0.208019
 -0.21686184 -0.23051342 -0.23732859 -0.23581845 -0.23032822 -0.2112112
 -0.18202865]
[ 1.86244428  1.6615597   1.52109635  1.39497995  1.26766396  1.17582607
  1.11380708  1.09416771  1.0084182   0.85579884  0.63067818  0.36804172
  0.1216474  -0.04965193 -0.13341208 -0.15285625 -0.14257112 -0.1174049
 -0.09019072 -0.06444009 -0.04312202 -0.04561657 -0.06978574 -0.09563993
 -0.12444771 -0.15117197 -0.17022163 -0.18405177 -0.20862809 -0.24342658
 -0.29000774 -0.32646579 -0.35459951 -0.37680918 -0.38939726 -0.40557757
 -0.41116571 -0.41815016 -0.4139455  -0.41718262 -0.42644024 -0.42768955
 -0.42932492 -0.42727804 -0.42941743 -0.42225766 -0.42808881 -0.42982131
 -0.43110737 -0.43772155 -0.44700226 -0.45169029 -0.45468834 -0.46486866
 -0.46923035 -0.4689008  -0.46058899 -0.45815632 -0.46342078 -0.46447143
 -0.46861884 -0.48141512 -0.48540109 -0.48885408 -0.48401448 -0.48157597
 -0.47775561]
[ 8.32800865e-01  8.12021434e-01  9.78221714e-01  1.12775540e+00
  1.12572694e+00  1.00526869e+00  8.28076422e-01  6.37558758e-01
  4.72076178e-01  3.22474986e-01  2.05894426e-01  1.31633714e-01
  1.02816202e-01  1.06560491e-01  1.21181957e-01  1.24764390e-01
  1.20831542e-01  1.09063849e-01  7.27874488e-02  2.88823212e-04
 -9.03986320e-02 -1.80168688e-01 -2.68642545e-01 -3.49964827e-01
 -3.94138873e-01 -4.01220739e-01 -4.26784694e-01 -5.01375616e-01
 -5.97678244e-01 -6.92027986e-01 -7.77114809e-01 -8.50682020e-01
 -9.06121850e-01 -9.41918612e-01 -9.57351148e-01 -9.63463724e-01
 -9.72188294e-01 -9.72710669e-01 -9.59453583e-01 -9.44879413e-01
 -9.35783684e-01 -9.26355422e-01 -8.93152356e-01 -8.27293873e-01
 -7.52799153e-01 -6.82354987e-01 -6.07082665e-01 -5.28041720e-01
 -4.42093074e-01 -3.54193121e-01 -2.80931085e-01 -2.27934718e-01
 -1.80834964e-01 -1.42070845e-01 -1.17749289e-01 -9.49902758e-02
 -7.07944185e-02 -5.70228435e-02 -5.36837280e-02 -4.97810021e-02
 -4.43546399e-02 -4.52832840e-02 -5.51732779e-02 -6.97867051e-02
 -9.76327658e-02 -1.31286249e-01 -1.58955991e-01 -1.80772647e-01
 -2.13384479e-01 -2.53624707e-01 -2.90842831e-01 -3.20284307e-01
 -3.45310867e-01 -3.68404955e-01 -3.84716570e-01 -3.94053936e-01
 -4.08253103e-01 -4.26345736e-01 -4.47595268e-01 -4.68480915e-01
 -4.83352751e-01 -4.94028270e-01 -4.94367212e-01 -4.67962861e-01
 -4.09024477e-01]
