[ 0.05645341  0.0348798   0.01594489 -0.00790904 -0.04586827 -0.09568822
 -0.14168471 -0.16812646 -0.19260259 -0.21837814]
[-0.38105294 -0.49213147 -0.52605861 -0.49832255 -0.40680772 -0.32342815
 -0.2642847  -0.2755295  -0.32332093 -0.40285823 -0.44201529 -0.44721633
 -0.45705259 -0.47031504 -0.469942   -0.48439023 -0.5076279  -0.54878879
 -0.56292623]
[ 0.49975705  0.56006944  0.81156421  0.88558739  0.78947002  0.53768486
  0.51140708  0.95072144  1.84207153  2.66288519  2.90307045  2.21888113
  0.96839678 -0.21275057 -0.87252969 -0.87895805 -0.5020836  -0.07747283
  0.15959358]
[ 0.532197   -0.04898649 -0.44651195 -0.52612376 -0.35473183 -0.17622487
 -0.06919093 -0.08952947 -0.14082904 -0.21723734 -0.2961745  -0.36483732
 -0.40770128 -0.44890571 -0.48120552 -0.47308826 -0.46707758 -0.47893906
 -0.4491381  -0.4376232  -0.42160952 -0.41764638 -0.42638311 -0.42593682
 -0.45439127 -0.45505497 -0.43957534 -0.39424175 -0.31898239 -0.24950759]
[-0.50666368 -0.39513278 -0.56358069 -0.56055474 -0.51488584 -0.51264894
 -0.43997055 -0.28492871 -0.09782369  0.1056024   0.28805789  0.47318733
  0.74964654  1.0528208   1.31674242  1.49672675  1.61343169  1.65734661
  1.66272879  1.72668958  1.89640975  2.12195373  2.30831957  2.33525038
  2.11341405  1.64951932  1.06278837  0.52372974  0.17398243 -0.01680965]
[ 0.6577841   0.82684237  1.03208816  1.02066112  0.91290998  0.91575158
  1.2331183   1.75050306  2.19122601  2.14671183  1.55959904  0.67893481
 -0.13092041 -0.57072383 -0.61167866 -0.42073017 -0.23256502 -0.1120613
 -0.05077275 -0.05764424 -0.07184504 -0.11328345 -0.13681357 -0.20922618
 -0.28823745 -0.36977553 -0.44825998 -0.5455088  -0.66448474 -0.83846831]
[ 0.80750269  0.02369011 -0.47619998 -0.56114584 -0.35337698 -0.1481681
 -0.08896023 -0.11580472 -0.1771906  -0.2291206  -0.27094975 -0.30651116
 -0.35285318 -0.37338161 -0.41173762 -0.40935162 -0.36518717 -0.34506479
 -0.34537429 -0.32686773 -0.33234021 -0.34203294 -0.36559558 -0.37347952
 -0.39097074 -0.42135897 -0.44669616 -0.44435769 -0.43053469 -0.37738654
 -0.32622862]
[ 0.6788311  -0.12851758 -0.57397902 -0.5645659  -0.33092555 -0.09152637
  0.00632837 -0.00521779 -0.06449169 -0.15771373 -0.23031874 -0.27320251
 -0.2995187  -0.32140642 -0.33462104 -0.33465299 -0.32512876 -0.32278094
 -0.31734833 -0.31332034 -0.31779045 -0.33483937 -0.35551655 -0.3881267
 -0.41369492 -0.42708784 -0.43537521 -0.42883769 -0.40502012 -0.36083966
 -0.28649795 -0.23065266 -0.19430895]
[ 0.90831649 -0.00942    -0.52535397 -0.54105544 -0.28941655 -0.05613904
  0.04519995  0.03609042 -0.0188348  -0.08700868 -0.16937731 -0.23995563
 -0.29376283 -0.31376854 -0.33465844 -0.31762999 -0.29579929 -0.30893636
 -0.31906644 -0.32739091 -0.33355844 -0.33768332 -0.36148167 -0.39086971
 -0.42672336 -0.44305891 -0.44655892 -0.43489525 -0.42328346 -0.39583394
 -0.32501051 -0.25523591 -0.21199298 -0.17676307]
[ 1.24798691  0.2973538  -0.31998649 -0.48688546 -0.32874715 -0.12145114
  0.00994494  0.05843888  0.04474912  0.00381766 -0.09198724 -0.17402169
 -0.26227617 -0.30849764 -0.33146268 -0.29732537 -0.27984974 -0.25975868
 -0.2625896  -0.28755525 -0.29395437 -0.3073411  -0.34393585 -0.38424227
 -0.4401511  -0.4657225  -0.47856569 -0.47395548 -0.46512064 -0.45268339
 -0.39656854 -0.33425137 -0.2787115  -0.23250937 -0.18642645]
[ 0.04144033 -0.34956682 -0.53527129 -0.49790257 -0.34651065 -0.16871405
 -0.03833972 -0.01203959 -0.03897167 -0.0878865  -0.1359717  -0.14772405
 -0.14521323 -0.15222457 -0.15451871 -0.16707692 -0.19628926 -0.24323814
 -0.27762485 -0.31972837 -0.36545071 -0.40014225 -0.42336649 -0.46032384
 -0.50009561 -0.51758212 -0.52655947 -0.53437483 -0.53369612 -0.52415293
 -0.50589585 -0.50108045 -0.49644178 -0.48734772 -0.47845984 -0.45958653
 -0.42380363 -0.37478116 -0.32131413 -0.24812143 -0.14737378 -0.03134197]
[ 1.25226402e+00  1.06620800e+00  1.12243116e+00  1.05219221e+00
  8.46872032e-01  7.82105803e-01  1.06243563e+00  1.60918975e+00
  2.06418967e+00  2.13247585e+00  1.65140414e+00  8.10554922e-01
 -4.43638004e-02 -6.04290843e-01 -7.64101565e-01 -6.48384631e-01
 -4.09716100e-01 -2.12481782e-01 -5.58482930e-02  2.19302047e-02
  5.08740060e-02  5.51859848e-02  6.41646981e-02  7.58715868e-02
  9.55291316e-02  1.04431041e-01  9.47499573e-02  7.54942074e-02
  5.43182604e-02  7.53556087e-04 -9.41430777e-02 -2.11737171e-01
 -3.03239405e-01 -4.16978657e-01 -5.17083943e-01 -6.01894379e-01
 -6.95800066e-01 -7.66824067e-01 -8.23944747e-01 -8.55100632e-01
 -8.60964417e-01 -8.47608209e-01]
[ 1.31691873  0.79327828  0.30527574  0.08282863  0.03593563  0.04693777
  0.0609851   0.10036285  0.16192535  0.2198268   0.25657964  0.23777778
  0.15811235  0.0438363  -0.05049282 -0.10940598 -0.12694706 -0.10251722
 -0.07675243 -0.07424293 -0.08003114 -0.12226368 -0.16498239 -0.23110373
 -0.30309257 -0.36569679 -0.39796442 -0.43380874 -0.47274894 -0.48867446
 -0.49858573 -0.50425977 -0.49645466 -0.48339763 -0.45524222 -0.44309291
 -0.43801475 -0.42613289 -0.40447277 -0.36583942 -0.32490319 -0.27357441
 -0.19859628 -0.1348595 ]
[ 0.99543536  0.55001289  0.19466163  0.0590883   0.04671171  0.0651168
  0.08634932  0.13412309  0.19643223  0.2676644   0.32200032  0.31812042
  0.25324216  0.15247324  0.06941725 -0.01144095 -0.077292   -0.10920729
 -0.10662394 -0.10567694 -0.11224033 -0.13200837 -0.15332796 -0.19152308
 -0.26018456 -0.31337535 -0.34805363 -0.37389731 -0.40710434 -0.4312945
 -0.45377696 -0.4789857  -0.48936144 -0.47923887 -0.45731419 -0.43423796
 -0.43313545 -0.42388168 -0.40505552 -0.38141993 -0.36605963 -0.3472766
 -0.31136116 -0.27318636 -0.23983729 -0.19578336 -0.14991884]
[ 0.90840864  0.48742658  0.17394397  0.05490926  0.05911701  0.07138999
  0.08948956  0.12703772  0.18873382  0.26602486  0.32566208  0.3319937
  0.27469036  0.18581335  0.10422992  0.04507437 -0.01193342 -0.04888814
 -0.05170847 -0.04651238 -0.06523962 -0.09054601 -0.13284473 -0.18433411
 -0.24049717 -0.29981577 -0.33815655 -0.36798516 -0.39013037 -0.41802099
 -0.43923184 -0.46292922 -0.47905457 -0.4747045  -0.45519212 -0.43203411
 -0.41766009 -0.40912911 -0.38460013 -0.36415413 -0.34681338 -0.3334415
 -0.31260139 -0.28627753 -0.2584852  -0.22755837 -0.18424737 -0.14985028]
[ 0.85840458  0.48397174  0.19504707  0.08469135  0.07249886  0.07593449
  0.08041191  0.11367988  0.17328264  0.24061196  0.28658223  0.29905105
  0.27260703  0.2156484   0.14872955  0.08973243  0.05025791  0.01503809
 -0.00718162 -0.01763302 -0.02945262 -0.0552461  -0.09980927 -0.16560858
 -0.22567013 -0.27097487 -0.31452608 -0.34578964 -0.37295294 -0.39383578
 -0.41767567 -0.44208926 -0.4660821  -0.47418344 -0.46288073 -0.44633028
 -0.43053406 -0.411046   -0.39249766 -0.36886549 -0.35203841 -0.3341094
 -0.31336886 -0.29707342 -0.28209531 -0.25825593 -0.22254075 -0.18703184
 -0.16940427]
[ 0.7053237   0.3639887   0.13139319  0.07911355  0.11216538  0.12567545
  0.1373919   0.16806719  0.22091649  0.28136346  0.32380256  0.3355864
  0.3141385   0.26740238  0.20507771  0.14634237  0.0958913   0.0714804
  0.06202486  0.04028761  0.00545983 -0.02757904 -0.06626958 -0.1190848
 -0.17872165 -0.22409181 -0.24889794 -0.27202636 -0.29598784 -0.32445231
 -0.34873548 -0.37840384 -0.40456375 -0.42124176 -0.42559242 -0.42500645
 -0.42062408 -0.40635097 -0.38361296 -0.3649123  -0.34760529 -0.33672008
 -0.32254213 -0.30627966 -0.30032194 -0.29754552 -0.28384736 -0.26139408
 -0.24213356 -0.2239659  -0.19588186]
[ 0.86616659  0.58025134  0.3207826   0.13919416  0.0627294   0.05865888
  0.09015422  0.14523275  0.19639851  0.23887619  0.27081525  0.28023803
  0.25912237  0.23034902  0.20775512  0.19336027  0.19037776  0.18969665
  0.18786848  0.17766871  0.15215266  0.09855437  0.02474745 -0.05314502
 -0.12282687 -0.18047298 -0.22601739 -0.25607866 -0.27835727 -0.30040044
 -0.33167917 -0.3604053  -0.3850891  -0.4014535  -0.40985546 -0.4110162
 -0.40685907 -0.4011015  -0.39102516 -0.36846533 -0.34819087 -0.33160201
 -0.31786835 -0.30100319 -0.29192534 -0.29629159 -0.29406485 -0.28355706
 -0.27805147 -0.27369258 -0.25504923 -0.21501134 -0.16072781]
[ 0.64221275  0.26752189  0.01175337 -0.11121139 -0.13511497 -0.11462344
 -0.07459993 -0.01407293  0.06116693  0.12979792  0.16817573  0.17847019
  0.1704929   0.15795873  0.14749341  0.14802499  0.15490457  0.16006795
  0.16071597  0.14840671  0.1202512   0.07263381  0.01119332 -0.06787756
 -0.15294077 -0.21862932 -0.25488687 -0.26742756 -0.2697705  -0.27434257
 -0.28818372 -0.30889392 -0.32921833 -0.33753461 -0.33431241 -0.32917699
 -0.32643682 -0.32326448 -0.31244209 -0.29445279 -0.28077585 -0.26885656
 -0.25266525 -0.23414925 -0.22712652 -0.22935936 -0.23003605 -0.23342974
 -0.24228521 -0.25089949 -0.25641137 -0.2585457  -0.25594515 -0.24303816
 -0.22018544 -0.19567059]
[ 0.77392     0.48376796  0.22548144  0.03715622 -0.08316911 -0.13555996
 -0.12232628 -0.06106235  0.01811012  0.08402825  0.1241175   0.13524108
  0.13418941  0.12592052  0.12526576  0.13902436  0.16409805  0.19126932
  0.21148241  0.21214052  0.18666056  0.13808626  0.0615714  -0.03050292
 -0.1231707  -0.20082425 -0.25460666 -0.27978408 -0.28576234 -0.28546727
 -0.29288113 -0.31017101 -0.32780558 -0.33898729 -0.34018242 -0.33868375
 -0.33211553 -0.32468113 -0.31626496 -0.3039225  -0.28788856 -0.27422747
 -0.26086888 -0.24281846 -0.22767776 -0.22510833 -0.22685803 -0.22774491
 -0.23469226 -0.24540569 -0.25134742 -0.25348404 -0.25178927 -0.24779724
 -0.23774746 -0.22017701 -0.19994624]
[ 0.77509111  0.49006724  0.24767891  0.0623766  -0.06892452 -0.15169609
 -0.18006939 -0.15262379 -0.08942635 -0.02915988 -0.00484235 -0.00751838
 -0.01702845 -0.02437061 -0.01875867  0.01118953  0.06490079  0.12413232
  0.1686292   0.18920192  0.18200684  0.13733648  0.05078055 -0.05642401
 -0.1601487  -0.25171    -0.31832361 -0.34821591 -0.35183665 -0.34868523
 -0.34721634 -0.34933531 -0.3485423  -0.33565387 -0.3206594  -0.30675316
 -0.29643318 -0.28310227 -0.27019089 -0.25824413 -0.24901456 -0.24144338
 -0.22995053 -0.21626079 -0.20839135 -0.20630057 -0.20350944 -0.19604482
 -0.1975866  -0.20614877 -0.2141704  -0.2222295  -0.23128241 -0.24268781
 -0.25516707 -0.26504955 -0.27393618 -0.27743238 -0.26488835 -0.23869807]
[ 0.04316513 -0.30749351 -0.55008495 -0.62006736 -0.59614348 -0.55304998
 -0.51143873 -0.45730317 -0.42898366 -0.46545112 -0.55937088 -0.67137766
 -0.77369499 -0.84937561 -0.88665634 -0.87884563 -0.84045506 -0.80488622
 -0.79687166 -0.8053084  -0.81245399 -0.81792039 -0.83663237 -0.85453123
 -0.86541343 -0.85898465 -0.84952885 -0.84109026 -0.81035846 -0.76622283
 -0.71180141 -0.65999925 -0.61466157 -0.55892581 -0.49117339 -0.44143209
 -0.40574151 -0.35610929 -0.30133155 -0.24147303 -0.19025961 -0.1349353
 -0.07499988 -0.03239365 -0.01932262 -0.01798986 -0.02916461 -0.06337065
 -0.10434574 -0.13643025 -0.15372217 -0.15923899 -0.15987539 -0.15502235
 -0.15152036 -0.15941946 -0.16624637 -0.17669663 -0.18071568 -0.18742393
 -0.19519012 -0.20921893 -0.21634701 -0.21520415 -0.21065976 -0.1910218
 -0.15901929]
[ 2.37707782  2.08300519  1.79572916  1.54022062  1.32866096  1.21227467
  1.15271699  1.14076936  1.05236375  0.90767205  0.70812082  0.47492146
  0.23810361  0.05585187 -0.04225425 -0.07798424 -0.08474085 -0.07049634
 -0.05059852 -0.03520543 -0.02166281 -0.03100279 -0.0558439  -0.07386199
 -0.09618231 -0.1209639  -0.14387429 -0.16162677 -0.18681543 -0.22051282
 -0.26749712 -0.3024663  -0.32977447 -0.35262001 -0.36290509 -0.3810274
 -0.38878909 -0.40257299 -0.39980322 -0.40644026 -0.4218832  -0.4251385
 -0.43139172 -0.43424234 -0.4433791  -0.43832904 -0.44822624 -0.45313224
 -0.45773301 -0.46870878 -0.48088998 -0.48661035 -0.48596579 -0.4969013
 -0.50488466 -0.507595   -0.49590179 -0.49272689 -0.49888143 -0.4952901
 -0.49408865 -0.50311077 -0.50330573 -0.50352484 -0.49584696 -0.49642724
 -0.50158584]
