[ 0.05873661  0.05516978  0.04149862  0.01828494 -0.02464841 -0.08335356
 -0.13517278 -0.1625995  -0.17749588 -0.191673   -0.21662538 -0.24415955]
[ 0.51796383  0.58437061  0.87229669  0.93459165  0.78237629  0.50740683
  0.49344429  0.92316568  1.79716301  2.62842846  2.87343836  2.14701748
  0.8350336  -0.42363584 -1.14848411]
[-0.62317061 -0.59360796 -0.50431782 -0.44333032 -0.42869544 -0.41905066
 -0.41821599 -0.43776637 -0.44948554 -0.44603145 -0.4508771  -0.45798868
 -0.49356818 -0.53708822 -0.56789583]
[-0.23250523 -0.25888562 -0.26548487 -0.22172475 -0.17359082 -0.13732637
 -0.11459903 -0.10468706 -0.12238683 -0.14375359 -0.17781849 -0.21525629
 -0.2597535  -0.31060344 -0.36737695 -0.43338546 -0.50841939 -0.58499658
 -0.64552754]
[-0.32452086 -0.38228789 -0.38332951 -0.33774075 -0.26931885 -0.20090497
 -0.1594869  -0.14898409 -0.17492945 -0.20834032 -0.24635293 -0.27391559
 -0.30057818 -0.3326419  -0.37259021 -0.42682478 -0.48087785 -0.54021943
 -0.59381652 -0.61761004]
[ 0.22949615 -0.09737777 -0.36031267 -0.49179873 -0.48429817 -0.3497923
 -0.24336128 -0.17583635 -0.21974109 -0.31328908 -0.4074941  -0.44042897
 -0.45823997 -0.46938977 -0.45803428 -0.47108114 -0.48521557 -0.45937684
 -0.4437868  -0.42944333 -0.43618423 -0.43762562 -0.44363999 -0.46877462
 -0.47221884 -0.45820889]
[ 0.52460307  0.59054983  0.7659502   0.9209733   0.91297936  0.77332991
  0.66488904  0.85537189  1.38027847  1.99870014  2.36957836  2.22978044
  1.57656729  0.66071016 -0.10463256 -0.48695281 -0.4897545  -0.33982772
 -0.14816497 -0.03349495  0.0369103   0.08113593  0.05247181  0.00533206
 -0.05993925 -0.08454762]
[ 0.67433745  0.0284179  -0.44937524 -0.58581239 -0.44593281 -0.26336145
 -0.14009243 -0.14954044 -0.205965   -0.29399085 -0.36098602 -0.40909645
 -0.43653446 -0.45270282 -0.45717022 -0.43944311 -0.4303712  -0.44120541
 -0.42155451 -0.4029305  -0.38246235 -0.38606131 -0.40396127 -0.42211062
 -0.46885526 -0.49008343 -0.50073135 -0.48834762]
[ 0.77726996  0.02836705 -0.48757821 -0.59983689 -0.39966214 -0.18187197
 -0.09190678 -0.11719559 -0.16864318 -0.25238296 -0.2979646  -0.35340619
 -0.40028521 -0.44338369 -0.48431301 -0.46765292 -0.43024459 -0.41544181
 -0.38712642 -0.37043586 -0.36767262 -0.37788716 -0.37722269 -0.38242465
 -0.42334244 -0.44334278 -0.45499903 -0.44690499 -0.42592728 -0.38815677]
[ 0.4757666  -0.13591787 -0.50873327 -0.53866142 -0.31033766 -0.10210623
 -0.03515652 -0.05388335 -0.12220993 -0.19648154 -0.24860694 -0.29671386
 -0.35536304 -0.3827675  -0.41827682 -0.42768493 -0.41095847 -0.42006436
 -0.43353423 -0.40598115 -0.39443207 -0.40642092 -0.43389055 -0.44110107
 -0.45456895 -0.46296689 -0.44579396 -0.4040356  -0.3471505  -0.2526269
 -0.18067355]
[-0.504246   -0.4176248  -0.56749284 -0.52767438 -0.46655113 -0.4568536
 -0.38420597 -0.24090545 -0.05978447  0.1454272   0.31653553  0.51113552
  0.78039265  1.06140912  1.30737722  1.47262383  1.57245708  1.60539818
  1.63633049  1.72950327  1.89349854  2.06368327  2.15542626  2.09874797
  1.82236397  1.37022936  0.85990292  0.44689864  0.19243786  0.04804502
 -0.04369988]
[ 0.76495725  0.91862184  1.07496572  1.16750443  1.2817502   1.55717409
  1.84458435  1.91719067  1.65803921  1.10896683  0.41590235 -0.2007619
 -0.53314716 -0.58372664 -0.4465628  -0.28019422 -0.17296617 -0.12235554
 -0.10629857 -0.1003519  -0.09189616 -0.10940958 -0.13000897 -0.17728381
 -0.27548435 -0.357651   -0.45071092 -0.55914688 -0.69155371 -0.85104626
 -1.0020957 ]
[ 0.68346149 -0.07714972 -0.51998669 -0.55711758 -0.32745025 -0.11173424
 -0.0385139  -0.06480662 -0.13726385 -0.20483948 -0.24809974 -0.30092704
 -0.34988332 -0.37575614 -0.39817551 -0.39581984 -0.37075084 -0.35090497
 -0.34529582 -0.33340594 -0.33861366 -0.34131593 -0.36120057 -0.38500309
 -0.40358409 -0.42505533 -0.43878689 -0.42428121 -0.40292466 -0.35489425
 -0.29342902 -0.2416154 ]
[ 6.78560197e-01 -1.40720606e-01 -5.85509717e-01 -5.71779609e-01
 -3.34214270e-01 -9.53762978e-02 -3.72725714e-04 -9.96576995e-03
 -6.49848580e-02 -1.55815184e-01 -2.30086774e-01 -2.75036216e-01
 -3.02076280e-01 -3.22744608e-01 -3.35411429e-01 -3.35274518e-01
 -3.24123651e-01 -3.21103752e-01 -3.15347433e-01 -3.10605675e-01
 -3.16475958e-01 -3.33694726e-01 -3.55355352e-01 -3.88297975e-01
 -4.16537881e-01 -4.30478901e-01 -4.37043995e-01 -4.29606527e-01
 -4.05749261e-01 -3.62050086e-01 -2.86472946e-01 -2.28346169e-01
 -1.88828513e-01]
[-0.14996451 -0.54349071 -0.62851501 -0.45325857 -0.22037695 -0.05179487
 -0.00066757 -0.03313121 -0.0921291  -0.14260593 -0.16925985 -0.18206815
 -0.19476897 -0.23759037 -0.26676214 -0.29632637 -0.31947803 -0.3400034
 -0.38046592 -0.42535272 -0.44740704 -0.4769167  -0.48544174 -0.49502176
 -0.49659747 -0.49627125 -0.48264804 -0.46013397 -0.4126516  -0.34822237
 -0.28224424 -0.23166153 -0.15986559 -0.0752089  -0.01101847]
[ 1.04651821  0.96056181  1.0026207   0.99677962  0.98917449  1.19949579
  1.60435891  1.9850235   2.05351663  1.63536835  0.80036098 -0.07502456
 -0.6475634  -0.84248769 -0.72049421 -0.49398431 -0.28931636 -0.1468171
 -0.04859908  0.00380464  0.03043087  0.04770323  0.04399882  0.01806007
 -0.03337668 -0.09092351 -0.12186789 -0.18675628 -0.25248265 -0.35675642
 -0.49952111 -0.65657097 -0.84059298 -0.99238139 -1.12975013]
[-0.43100706 -0.280642   -0.26696357 -0.24508142 -0.20295115 -0.15389001
 -0.06986123  0.04399206  0.17443302  0.31134653  0.41514963  0.55619943
  0.74884963  0.96226948  1.17028093  1.30438626  1.33222353  1.28155029
  1.24224508  1.2717917   1.38098764  1.482126    1.51132143  1.46000803
  1.32322347  1.09595108  0.81243634  0.5653829   0.3704668   0.23062734
  0.1164613   0.03902178 -0.01343891 -0.04815007 -0.08603012]
[ 1.0101167   0.57723111  0.22504382  0.08375935  0.06718493  0.08316526
  0.10859201  0.15996359  0.22301275  0.29090282  0.34156585  0.33646891
  0.27195618  0.17344931  0.08877829  0.00376376 -0.06894913 -0.10625231
 -0.10448201 -0.09870139 -0.1033275  -0.12245599 -0.14679195 -0.18705001
 -0.25375697 -0.30662131 -0.34125409 -0.36703002 -0.39850819 -0.42371228
 -0.44661704 -0.47344887 -0.4863672  -0.47567064 -0.45174778 -0.42780101
 -0.4248274  -0.41832486 -0.40292835 -0.38225144 -0.36656815 -0.34751904
 -0.30895695 -0.26684272 -0.23099749 -0.18791232 -0.14291666]
[ 0.74393368  0.37501076  0.09286857 -0.03156822 -0.04300524 -0.0174406
  0.04375226  0.12749831  0.20161587  0.24992028  0.26958498  0.26835972
  0.23935276  0.20340487  0.18270718  0.19127181  0.21361387  0.23284362
  0.24342407  0.23034778  0.18741232  0.11604025  0.02705834 -0.07097824
 -0.15454632 -0.20983113 -0.23926204 -0.25340101 -0.26596621 -0.284087
 -0.30437958 -0.33149078 -0.3531884  -0.36178803 -0.36066437 -0.35772625
 -0.35496294 -0.34968653 -0.34169009 -0.32437873 -0.30369872 -0.28362232
 -0.26759526 -0.25642666 -0.25212201 -0.25669432 -0.25847384 -0.25531667
 -0.25969502 -0.26918799 -0.26773012 -0.24701799 -0.21264964 -0.171188  ]
[ 0.95643634  0.82808834  0.63422322  0.38656434  0.14022152 -0.07092794
 -0.21044348 -0.25381225 -0.23383605 -0.20807582 -0.22319905 -0.28301123
 -0.35037756 -0.4058941  -0.44846645 -0.46104479 -0.43815592 -0.39652964
 -0.34831253 -0.29741356 -0.26405245 -0.26676175 -0.30479392 -0.35548344
 -0.40895426 -0.45954534 -0.50422513 -0.53237832 -0.54246318 -0.54129314
 -0.5263254  -0.50427532 -0.48313046 -0.460731   -0.42508447 -0.38724262
 -0.35273701 -0.31413183 -0.27513543 -0.24459381 -0.21945855 -0.18737477
 -0.15432142 -0.1280039  -0.10906792 -0.09434191 -0.08639983 -0.08469358
 -0.09052418 -0.10144409 -0.11380599 -0.12414618 -0.13079253 -0.13783497
 -0.14802247 -0.15803884 -0.17385717 -0.20367967 -0.23110811 -0.25506783
 -0.27668685 -0.30078495 -0.32345298 -0.34103802 -0.34951052 -0.33771646
 -0.30726549]
[ 0.96319932  0.88793415  0.8557573   0.7832464   0.63052756  0.42517701
  0.21849822  0.02788431 -0.12546752 -0.21540383 -0.26433578 -0.29731196
 -0.29165536 -0.24898531 -0.22285639 -0.25184748 -0.31865135 -0.38999033
 -0.43714315 -0.45194453 -0.45977697 -0.47285026 -0.48922107 -0.51235574
 -0.54888082 -0.59486103 -0.64257294 -0.68239111 -0.71289074 -0.73709214
 -0.74283612 -0.73616874 -0.73096514 -0.72967458 -0.71583039 -0.68611711
 -0.64909875 -0.59542811 -0.53422636 -0.48223901 -0.42573613 -0.3600308
 -0.29921767 -0.24405475 -0.18398246 -0.13805941 -0.10452669 -0.07855856
 -0.05765535 -0.05081913 -0.05389003 -0.05975939 -0.06697446 -0.07162979
 -0.0831735  -0.09341624 -0.10749713 -0.12800796 -0.14372328 -0.15950736
 -0.18615957 -0.21230473 -0.22811626 -0.25066808 -0.28477722 -0.32218412
 -0.35090265 -0.37601867 -0.39827222 -0.41081032 -0.41862097 -0.41992158
 -0.39684269]
[ 1.13374352  0.76271242  0.68839878  0.71830392  0.6598298   0.52962655
  0.41233355  0.30081815  0.2195451   0.14700928  0.10791003  0.09968188
  0.11541252  0.13750361  0.14401275  0.11095061  0.04511676 -0.03049798
 -0.09948211 -0.16579819 -0.23322345 -0.28733423 -0.32642695 -0.38352722
 -0.4777149  -0.59754908 -0.72482395 -0.83852923 -0.91332173 -0.9493233
 -0.94902027 -0.93242741 -0.92216843 -0.93301511 -0.94870245 -0.94530207
 -0.93909812 -0.93436873 -0.93068826 -0.90826094 -0.85648835 -0.79122841
 -0.71704328 -0.62483495 -0.51825148 -0.41965708 -0.32884225 -0.2635102
 -0.21427394 -0.17117925 -0.1439786  -0.13457847 -0.11841558 -0.08544815
 -0.06036728 -0.04819754 -0.04266879 -0.03566637 -0.02597649 -0.02098647
 -0.02454427 -0.03851914 -0.06130942 -0.07808612 -0.09966359 -0.12591878
 -0.16087751 -0.19908376 -0.23744743 -0.26612633 -0.2943455  -0.32891092
 -0.35785234 -0.38542277 -0.41280675 -0.43105611 -0.441686   -0.44487372
 -0.45042142 -0.44589809 -0.40383053 -0.32204184]
[ 0.79254353  0.78654909  0.96694911  1.11707473  1.11518955  0.99974537
  0.82862782  0.64114839  0.47161666  0.31959185  0.20025493  0.11984871
  0.08529068  0.08676484  0.1014728   0.10669497  0.10566358  0.09812126
  0.06505427 -0.00716916 -0.0977985  -0.18792528 -0.27800134 -0.36257061
 -0.40865925 -0.41495675 -0.44052926 -0.51752204 -0.6182552  -0.71880734
 -0.81120849 -0.88903803 -0.94625032 -0.98149031 -0.99313068 -0.99552393
 -1.0003438  -0.99872845 -0.98365158 -0.96771377 -0.9579221  -0.94801015
 -0.91365081 -0.8442077  -0.76676321 -0.69294721 -0.61561084 -0.53407729
 -0.44477403 -0.35210595 -0.27333903 -0.21556003 -0.16441669 -0.12352569
 -0.09699194 -0.07282197 -0.04615507 -0.03045568 -0.02602795 -0.02170017
 -0.01641474 -0.01698372 -0.02630386 -0.04121029 -0.06959897 -0.10330433
 -0.13081925 -0.15226738 -0.18512522 -0.22513136 -0.26284024 -0.29411104
 -0.32023498 -0.34273306 -0.35926846 -0.36924055 -0.38464165 -0.40531412
 -0.42920572 -0.45134676 -0.46687579 -0.47732189 -0.47674361 -0.44835043
 -0.38667101]
