[-0.21312074 -0.24056998 -0.28699747  0.06372028]
[-0.07595747  7.13507032 -4.33851385  4.49569511]
[ 0.06735215  0.03959842 -0.00503003 -0.23903908 -0.25294253]
[ 0.09661088  0.20996845 -0.02034784  0.20129004  0.10050739  0.13188246
  0.17741016  0.14058876]
[ 0.03715243 -0.00214722 -0.16368337 -0.15979297 -0.17919885  0.04446189
  0.24694587  0.26374003  0.1022886   0.14649528 -0.10895918 -0.016065
  0.06721364  0.06840195]
[-2.35996652  0.1354825   5.62986517  3.54684496 -4.71907234 -2.66670823
 -3.95029712 -7.03447247 -9.18180275 -3.18505907 -1.69425142  0.8856228
 -0.39850265 -3.1460042 ]
[-0.06482542 -0.02227134  0.11328741  0.12324118  0.06640985 -0.03210404
 -0.06136108 -0.17802204 -0.15554129 -0.12225526 -0.05693237 -0.07965589
 -0.06677739 -0.06723945 -0.09395701  0.05313656  0.03583727]
[ 0.12321021 -0.03879856 -0.06903878  0.04910547  0.08079477 -0.23039085
 -0.22485882 -0.17945112 -0.13333727  0.13992354 -0.01316232  0.11444467
  0.16238779 -0.06073462 -0.28178856 -0.48351106 -0.25254852  0.03430702
  0.01171054 -0.39308658 -0.19984579  0.15704639  0.20930643  0.30670989
  0.32154921]
[ 0.60535115  0.38387588  0.05180718 -0.1656577  -0.05570929  0.13557304
 -0.05968878 -0.07453936 -0.28178081 -0.35230863 -0.41214502 -0.37658036
 -0.41052666 -0.02522602  0.25805733  0.48935753  0.53022605  0.30420107
  0.12438254 -0.15602966 -0.26486954 -0.21763454 -0.01827893 -0.10152764
 -0.11952572 -0.51056641 -0.45193812 -0.15531439  0.24343976  0.32816598]
[-0.15399341  0.12829655  0.13838334  0.95086998  0.91570055 -0.04789244
 -0.44061777 -0.19993028  0.10854767  0.09688339  0.56617087  0.32252023
  0.20481566 -0.11243385 -0.83383977 -0.95799327 -0.37174729 -0.39618549
 -0.33908549 -0.5625695  -0.79348665 -0.31664121 -0.19012074  0.25020841
  0.70041758  1.20990932  1.12394464  0.6607672   0.06214216  0.21740855]
[ 0.86416489  0.41969383  0.01255093 -0.05098439  0.04605052  0.13157144
  0.09093759 -0.23751156 -0.39321229 -0.41628423 -0.41444886 -0.44601476
 -0.24787106 -0.2471613   0.1826593   0.45106655  0.49399662  0.37708211
  0.20248997 -0.12185366 -0.31096992 -0.27255043 -0.13887438 -0.16326156
  0.1105146   0.01843485 -0.18777239 -0.36588013  0.24352162  0.56390554
  0.05202056]
[ 0.16268668  0.30405125  0.25758117  0.11113165  0.01842668  0.26156035
  0.04104586 -0.08038344 -0.03545459  0.43510857  0.15471254 -0.12290395
 -0.12299142 -0.23044354  0.20156139  0.06501573 -0.00342425 -0.0341597
 -0.13848194  0.00387865 -0.0081402  -0.03909594  0.04538346 -0.17456372
 -0.12061355  0.01988235  0.05551169  0.03085146 -0.19439547 -0.11716384
  0.20976403  0.19828397  0.11036388 -0.46921724 -0.2331288   0.47121459
  0.42813411 -0.10226661]
[ 0.38741618  0.21537521  0.09973124  0.21437073  0.28514934  0.66745406
  0.83475715  0.78247654  0.33278051 -0.42538157 -0.43678942 -0.34972918
 -0.58999884 -0.71065152 -0.06853446  0.0785363  -0.11006448 -0.36669344
 -0.4568373  -0.51345694 -0.37754273 -0.39587691 -0.04932223 -0.04734857
 -0.2496746   0.15524265  0.8034547   1.42937207  1.70420372  1.69762373
  0.77083451  0.05912844 -0.30598181 -0.68003619 -1.06724012 -0.58904028
 -0.21852994  0.21844734 -0.10182723  0.18989624]
[-1.40198028 -1.17395997 -0.82840234 -1.31317234 -1.90471828 -1.30736709
  0.89123887  0.41814023  1.32220685  1.94719386  1.3678143   1.80738962
  1.16430986  1.3845048   1.2107017  -0.78985608 -1.04098129 -1.35112476
 -1.32717896 -1.89274871  0.04921738  0.63579357 -0.02899093 -0.83607817
 -1.4920646  -1.78370392 -0.45021147 -0.73732978 -0.55725503 -0.02387037
  0.3414883   1.35688674  1.47418356  2.04511046  1.59326911  1.5382973
  0.74862647  1.01101637  0.42780861 -0.85044384]
[ 1.14139521  1.33136475  0.82739413 -0.18108788 -0.80564255 -0.62981379
 -0.09619267  0.47169703  0.64040333  0.21805581 -0.28877357 -0.56935292
 -0.65591085 -0.53079271 -0.29226086 -0.15197788 -0.16941075 -0.1814359
 -0.1957911  -0.15435278 -0.17013851 -0.13218495 -0.01208467  0.1269192
  0.20134746  0.21374203  0.13642533  0.0207446  -0.11403661 -0.2266926
 -0.23801142 -0.13689737 -0.05915373 -0.06345854 -0.17030521 -0.17993031
 -0.03298631  0.33376545  0.66615552  0.79852754]
[-0.93947542 -0.2260424   1.16205418  1.74349093  1.82558441  1.00260615
 -0.07815823 -0.73572004 -0.36446398  1.04757214  1.65368426  0.87281543
  0.13559636 -0.87415779 -2.02849102 -2.05042267 -0.80646622 -0.12569831
 -0.00940596 -0.09409475 -0.38952231 -0.36236858 -0.26710531 -0.13732094
 -0.0310168  -0.07697771 -0.0065218   0.15502703  0.07664374 -0.03095265
 -0.03103016  0.18501295  0.36181542  0.22058341  0.05473737  0.4143928
  0.42416835  0.11112247 -0.34204584 -0.12411048]
