[-0.99560702 -1.2822783  -1.81341434 -1.09030247]
[0.09822714 0.19247746 0.26813281 0.30881962]
[ 2.55380177  1.51681995 -0.3657155  -0.3904289 ]
[1.48913729 1.23155653 1.25149977 1.09055388]
[-0.16663419  0.00392948  0.09417389 -0.1558311  -0.16458818]
[-1.45618832 -0.60098457 -0.79560208 -0.17079046 -0.158307    0.21405019
  0.41421074  0.93491483  0.73758096  0.59956539  0.25911021 -0.15328793
 -0.42953494 -1.45170081]
[-2.89110351 -1.11749136  2.07586694  2.88611031 -1.48033714 -1.07740498
 -0.83182114  1.30202043  0.44007805 -1.47682428 -5.0534749  -4.78262424
 -3.22897458 -0.33741593]
[ 0.46800026  0.85340744  0.01564448 -0.17860897 -0.32248291 -0.14674573
 -0.58562338 -0.04373396  0.24753824  0.13306645 -0.15643699 -0.1128923
 -0.29956055  0.31573701  0.60717052  0.57095563  0.14550093  0.16273125
 -0.24265578  0.07819607 -0.42885044 -0.32550788]
[ 0.60892159  2.20578051  1.37389481  2.43820071  0.20552358  0.1631078
 -0.33084401 -0.04162076 -1.83615005 -0.41281471  0.14009826 -0.67372316
 -1.17020822 -0.95055252 -1.37390029  0.24606173  1.4282341   1.81571555
  0.77852494  0.74683678 -0.17199504  1.1490376   1.41639888]
[-0.13213094 -0.56754738 -0.55688667 -0.50066262 -0.2775498  -0.14763255
 -0.28545272 -0.26291803 -0.14820224  0.12995364  0.32747844  0.37506759
  0.35943344  0.31592581  0.28280932  0.3548604   0.34917259  0.35168201
  0.21979478  0.2409097   0.1359718   0.03103998 -0.30553809]
[ 0.0230892  -0.24398121  1.24080002  0.87123817 -0.38908628 -0.54863244
 -0.36901644  0.1161957   0.41419539  0.0870067  -1.16834915 -0.25857049
 -0.43845871 -0.13773181 -0.02596933 -0.62453544  0.3504633   0.64568549
  0.48107785 -0.65778512 -0.18799947 -0.1970479   0.02918168 -0.93192613]
[ 0.19579358  0.88810766  0.51771897  0.18430565  0.27514488  0.210329
  0.17073776  0.0928158   0.25407928  0.21722946  0.04391742  0.03492323
 -0.06122471 -0.18649197 -0.53561354  0.07003533  0.73246181  0.93974215
  0.83407873  1.46290934  1.47811985  1.37591541  0.80236471  0.21319668
  0.07976131 -0.07226666 -0.52878529 -0.58514255  0.18965137  0.62587726
  0.22930767  0.21815228  0.22405857  0.51041824  0.56739557  0.67854375
  0.508551   -0.2185529  -0.18746734 -0.32155675  0.28192696  0.76071429
  0.4107303 ]
[ 1.1317215   0.60931271 -0.42167252 -1.36502123 -1.78347969 -1.81950951
 -1.84102142 -1.68227017 -1.31952727 -1.60275531 -1.5327636  -1.11143172
 -0.36445898 -0.10455243  0.06803846  0.51303273  0.10862307  0.49949706
  0.72473878  0.67451066  0.37411687  0.40364701  0.42983675  0.59949517
  0.61091357  0.66656089  0.31308374  0.18610762  0.22478963  0.59135312
  0.44352159  0.71847808  1.01577055  1.19372463  0.75887936  0.24600029
  1.46021652  2.42565536  1.50628901  0.47110322  0.73162216  0.94124973
 -0.06399366 -1.18114328]
[-0.28263447 -0.07755028  0.41275975  0.71032596  0.66207141  0.7431578
  0.74429643  0.60588044  0.80205715  0.8375777   0.83090585  0.60908771
  0.35916716  0.163112    0.10197816  0.49353287  0.44958967  0.11235729
  0.48370489  0.9102698   0.67963785  1.18077564  1.39828932  1.7782954
  1.33109474  0.14427102 -0.13498676 -0.49783105 -0.94465595 -1.3472811
 -1.44307709 -0.58556527 -0.31924284 -0.44767594 -0.11677506 -0.35052955
 -0.91201395 -1.03409791 -0.15411218 -0.36686653 -0.74106365 -0.57016319
 -0.41380548 -0.20058347]
[-0.20149672  0.40016806  0.27399054  0.1350641   0.27189815 -0.08779911
 -0.13311729 -0.22576044 -0.31288385 -0.40825433 -0.10074186  0.03682275
  0.05294144  0.06988047  0.13317953  0.16727825  0.1818004   0.29301327
  0.33098766  0.76662266  0.74707079  0.94200224  1.03407371  0.96044087
  0.61017865  0.38184243  0.40006736  0.13669096 -0.1487454  -0.19925775
 -0.01879197  0.32940733 -0.06135362  0.02275334 -0.22380145  0.02259284
  0.08182327  0.11375418  0.05915643 -0.1311647   0.11126912  0.28051636
  0.10748528 -0.07839346 -0.50474221 -0.64223093]
[-0.22012395 -0.44119653 -0.20667301  0.20463237 -0.25334531 -0.50280768
 -0.71693915 -0.6842649  -0.33572847  0.13724273 -0.1591244  -0.53369421
 -0.73395312 -0.27605262 -0.08151526  0.15953626 -0.02352838  0.0064177
  0.41372532  0.49152213  0.42731184  0.4533841   0.33709717 -0.01728438
  0.07864038  0.03066127  0.23181552  0.34832501  0.34035078  0.11710881
  0.10647178 -0.05148547 -0.12373737 -0.12812923  0.20565155 -0.52420461
 -0.68020737  0.09540452  0.5691306   0.89062941  0.13215002 -1.17228961
 -0.83000833 -0.24976374  0.13291956 -0.28166026 -1.00525653]
[-1.33367705  0.03567594  0.41504943 -0.16771455 -0.29936627 -0.04324238
  0.81384766  1.15619314  0.99153543  0.88646013  0.59503216  0.59802699
  0.92148435  1.11720455  0.97204119  0.64814025 -0.03689094 -0.14189059
 -0.03810547  0.2522918   0.42480683 -0.15102872  0.50226623  1.51027787
  1.12642694  1.90063226  2.7419734   2.89814639  2.3468492   0.99866503
  0.14157023 -0.67633575 -1.60557437 -2.34987879 -2.49589539 -0.81261355
 -0.14854409 -0.53196973 -0.35408139 -0.29151562 -1.42881703 -1.61687863
 -0.38250533 -0.29203823 -0.37712255 -0.6208182  -0.36328605 -0.35277268
 -0.49929827 -1.25143373 -1.72343695 -1.50629652]
[ 5.16958666e+00  2.36945796e+00  1.90279901e+00  1.58535361e+00
 -6.89398050e-01 -2.27235675e+00 -3.43464804e+00 -2.94773126e+00
 -2.11739349e+00 -2.90790963e+00 -2.36019230e+00 -2.58448601e+00
 -2.64145136e+00 -2.38828564e+00 -9.55200791e-01  5.29984832e-01
 -2.12476333e-03  4.46833551e-01  4.34020489e-01  2.93813437e-01
  1.26985407e+00  1.64069438e+00  1.08932853e+00  6.67797148e-01
  7.77361989e-01  9.48228121e-01  7.73886502e-01  9.68420446e-01
  8.53771031e-01  2.77289093e-01 -1.52727915e-02  2.78235972e-01
  5.84429443e-01  1.00830805e+00  1.67800367e-01  1.85987437e+00
  7.98101008e-01 -8.73148069e-02  1.36982250e+00  5.12592602e+00
  4.58545446e+00  2.47128534e+00  1.17212379e+00  7.03346014e-01
 -1.46360233e-01 -1.45044637e+00 -3.23528981e+00 -3.36616349e+00
 -1.28092027e+00 -1.77035928e-01  2.34985307e-01  9.42949891e-01]
[-2.37999749 -2.33257413 -2.32333016 -2.93769526 -3.24626732 -3.28092694
 -2.31998229 -0.90362996  0.05803948 -0.41962206 -0.83205402 -0.02502013
  0.33975971  1.14989901  1.25689173  1.33728337  0.70029682  0.69101393
  0.90986443  1.36483645  1.19863653  0.97880167  0.60936874 -0.20807962
 -0.06076016  0.46158627  0.61584663  0.14767151  0.02946117  0.83190989
  1.16893375  1.05551314  3.1992228   4.27490473  3.29028988  2.02058625
  1.0620085   0.19925959 -0.75997001 -1.74873495 -3.11003041 -2.22482347
 -0.97713542 -0.65156674 -0.27572998  0.08418288 -0.9862594  -2.27050805
 -1.2721225  -0.28744453 -0.47581834 -0.61735731]
