[-0.08372822 -0.28213874 -0.26844367 -0.18788467]
[1.86457562 1.21170223 1.9531498  1.97256672]
[-0.25065771 -0.30081365 -0.2618356   0.01535075  0.18915857]
[ 5.9396143  -4.64077473  2.58192372  2.28236485 -1.66813266]
[ 0.0805712   0.04488754  0.03045788  0.01265236 -0.00557056 -0.04498898
 -0.09224217 -0.08776535 -0.04143085 -0.06553469 -0.06150005]
[ 0.14992543  0.00884647  0.05657995  0.04792704  0.04712485 -0.06912246
  0.03301274  0.04602068  0.05040048  0.06700322  0.00050703 -0.03990625]
[ 0.43346882 -0.17565587  0.21895179  0.35624138  0.28790256 -0.03497765
 -0.13485593  0.03317479 -0.04293763 -0.01835237 -0.25498146 -0.02145512
 -0.5664714   0.14523807  0.09023382  0.26885402 -0.31446689 -0.3808701
 -0.41304541 -0.66730565 -0.57367867 -0.36574233 -0.20694847  0.33683828
  0.31211343 -0.26400861 -0.20199479]
[ 0.43817836 -0.28488445  0.36339831 -0.16050884  0.18625128  0.00906435
 -0.3182081  -0.27217835 -0.20933752 -0.02076848 -0.10743707 -0.19931091
 -0.10932676  0.04711377 -0.0068883   0.29638427  0.24096444  0.10194561
 -0.17088073 -0.29011825 -0.26152119 -0.17063987 -0.31114584 -0.25467882
 -0.06314377 -0.08303646  0.0353122   0.72836417  0.21948156]
[ 0.4980849   0.21118779  0.04159821  0.14059283  0.20204708  0.07139212
 -0.06096277  0.01819426 -0.09269049  0.10548024 -0.02557711 -0.22204517
 -0.23988648 -0.1559197  -0.18582779  0.21776582  0.11520125  0.17130852
  0.15716577 -0.03594254 -0.23944633 -0.17104769 -0.15713868 -0.26200357
 -0.16166656 -0.16433103 -0.20481879 -0.32962945  0.26200819  0.60528809
  0.3151359   0.26635107]
[ 0.2038971   0.64685333  0.67875773  0.51980299  0.30395782  0.26442969
 -0.04248472 -0.15925732  0.23500855  0.49091008 -0.03389234 -0.48696414
  0.21488701  0.12073907  0.31224611 -0.01050562 -0.0243425  -0.43821102
 -0.15389751 -0.11432055  0.26365224  0.14646824  0.13222641 -0.05885978
 -0.16901547 -0.11586202 -0.28234538 -0.37101787 -0.50251591 -0.06297691
  0.04147679 -0.03917177 -0.12158496  0.49241599  0.04560779  0.18031463
  0.75731254]
[ 0.61844045 -0.20802604 -0.28739741  0.23629397 -0.1209195   0.28059039
 -0.06800543 -0.3262018  -0.40631765 -0.35883307  0.16316099  0.64524412
 -0.161236   -1.00359857 -0.10288659  0.25462362  0.12613143  0.0679547
  0.21590072 -0.05096346  0.07552083  0.26377752 -0.26724729 -0.04774814
 -0.06765014 -0.02194802  0.15927084  0.31261066  0.34633708 -0.28673434
 -0.46759245  0.17646429  0.21902657 -0.12726343 -0.45446855  0.03723232
  0.34345055  0.18077724  0.11096149  0.11794008]
[ 0.03366498  0.05966708  0.08483677  0.04611759  0.03406174  0.0010748
 -0.04788489 -0.05521936 -0.06348637 -0.085328   -0.11891168 -0.12534277
 -0.09078418 -0.10846191 -0.17436899 -0.17426443 -0.08320209 -0.06083548
 -0.05424496 -0.07822428 -0.10005118 -0.12637882 -0.13504586 -0.13979803
 -0.13380687 -0.12822331 -0.06882109  0.01160642  0.10539385  0.17425458
  0.17497985  0.14440945  0.04723736 -0.0131221  -0.03807389 -0.02863031
 -0.02299765  0.02786131  0.07722307  0.07876341  0.03774191  0.06048857
  0.05607159]
[ 0.29089412 -0.00493817 -0.06966061  0.07349791  0.09474237 -0.03976831
  0.03926269  0.14699653  0.0462516   0.05316225 -0.15363483 -0.33224335
 -0.34230167 -0.43931878 -0.19500446 -0.17535935 -0.03720089  0.04019784
  0.00570276  0.02891358  0.10747599  0.00529256 -0.18337823 -0.28728113
 -0.03172505 -0.03648727  0.00100976  0.00377604  0.02205838  0.01245632
  0.00465535 -0.00884473  0.05585021 -0.06734785  0.04874084  0.17452376
  0.37804538  0.15846144 -0.16489151 -0.21896984  0.01183751 -0.15282929
 -0.31134343 -0.18165039]
[ 0.70172012 -0.29325202 -0.95194143 -0.49606016  1.49785459  2.13211823
  1.09707403 -0.25697815 -1.10115314 -0.44458911 -0.64217353 -0.56970751
 -1.22407961 -1.60147882 -0.21994296  0.40471008 -0.67693144 -1.3332926
  0.33459672  0.27741832  0.74790525  0.87183088  0.36449093 -0.09559818
 -0.35910979  0.40364793  0.54379797 -0.24940388 -0.4018136  -0.56957728
 -1.04438043 -1.76379526 -0.42622685 -0.35955256 -0.00662636 -0.14340842
 -0.82523668 -0.90393001  0.20483308  0.67488921  0.42884219 -0.75716847
 -0.32198793  1.05505574  2.36457253  1.83051944  1.20780826  1.17795527
  0.26291403 -0.78345692 -1.84949517 -0.45208687 -0.5167892  -0.60913032
 -0.62492627  0.56282783 -0.26607078  0.66652501]
[ 0.4477863   2.15234923  1.70868289  2.88721466 -0.55347049 -5.67138004
 -3.2282877   2.76516771  8.13987255  6.5043149  -0.61125648  0.21468362
 -0.03907197 -5.65610361 -2.81632471 -2.11587286 -2.49205732 -3.04979539
 -1.25167084 -3.09864569 -2.39201164 -1.22917593 -1.80464804  0.67738485
  2.09450984  4.90025425  4.22133541  0.17602676 -1.93241405 -1.21741426
 -1.24062073 -0.61402142  0.40414503  0.5825485  -1.19935501 -1.42570651
 -3.61980128 -3.67873406 -0.24333662  0.05751888  0.72936666  1.25057888
  3.58719492  3.57784247 -1.14771473 -1.6760627   0.03540412  3.22202754
  3.59750366  1.42885339 -2.92378879 -1.10341895 -0.32419586 -1.91914463
  0.19448662  3.25449753  1.17321718  0.46918029  1.1342752   2.83489347
  1.10766864 -1.55766964]
[-0.48807794 -0.39731297 -0.2784369   0.54141939  1.45276725  1.52767968
 -0.42693189 -2.15572047 -1.01065624  1.42531061  2.2214005   1.31485927
 -0.17007594  0.01082866  0.30173936 -0.9667809  -1.65201306 -1.11173749
  0.24249648  0.39119035  0.187997   -0.19821456 -0.89949089 -0.43403867
  0.05946081  0.93381786  0.86096352  0.01874537 -0.61037117 -0.56812239
 -0.87575215 -0.94537127 -0.30991516  0.12043566  0.21979317  0.00858488
 -0.43979707 -0.54781395 -0.39890379 -0.45852086 -0.06988234 -0.41003877
 -0.2985757   0.76668024  1.71222711  0.89222956 -0.53587973 -0.25966975
  0.07124102  0.7762965   1.21270704  0.87681633  0.15419833 -0.69326365
 -0.72242975 -0.68926048 -0.3701652   0.68090886  1.58868372  1.60618281
  0.12142838 -1.11550057]
