[0.55253279 0.68417209 0.55353707 0.36748353]
[-0.96178603 -1.50639784 -1.66507089 -0.96180028]
[-0.08764427  0.1306574   0.01966008 -0.08959728 -0.11549328 -0.11141858
 -0.13803256 -0.07008833 -0.00480866]
[-0.14833668 -0.07788832 -0.04810164 -0.13199781 -0.15835962 -0.11288008
 -0.01897653 -0.05488807 -0.11291765 -0.23321791  0.00530084 -0.37538955
 -0.13848661]
[-5.40316486 -5.50418234 -2.8152492  -2.38550687 -3.39802575 -2.68377328
 -2.62742853 -0.73886502 -1.65335393 -2.65733838 -3.64966869 -2.69730425
 -0.92336154 -1.97667909]
[-0.6272679   0.01225977  0.17323759  0.23602475  0.08384982  0.2621868
  0.70545977  0.65316868  0.12047747  0.04494006 -0.02501069  0.01171447
  0.19240631  0.37480873]
[ 4.58443594  5.30564165  4.23884869  1.29453301 -0.14370064 -0.59549928
 -3.48694682 -4.24231672 -2.68577409 -1.15081179 -0.69202799 -1.14397299
 -0.400047   -0.49888137]
[ 0.01427968 -0.00396381 -0.02908612 -0.05894838 -0.21185999 -0.25721928
 -0.10263956 -0.016609   -0.12239565 -0.16907695 -0.08474316 -0.10695525
 -0.06149845  0.04592896 -0.01260036  0.00938028  0.06871165]
[ 0.31286812  0.36136448  0.03678413 -0.11879767 -0.20906034 -0.18437177
 -0.32750475 -0.14916298 -0.03762065 -0.10066034 -0.19479679 -0.21839997
 -0.2826682   0.05022741  0.32227087  0.35205638  0.19588003  0.1189169
 -0.09936648 -0.03159015 -0.16663423 -0.0917234 ]
[-0.01783477 -0.07811021 -0.02717684  0.2877962   0.34079048  0.48657924
  0.49249065  0.48931545  0.25338495  0.21748573  0.14306372  0.20133653
  0.35659385  0.53109103  0.43783724  0.57023036  0.49332082  0.63900977
  0.52965915  0.5045796   0.78755742  0.82407624  0.68129581  0.54739767]
[-2.27067471 -0.04612153  1.01522243  3.1642046   3.5644846  -3.13102651
 -4.43236732 -0.07880982  1.97204804 -0.50981778  0.92793888 -2.15431452
 -0.77770376  0.74223799  1.11188972 -0.79968643 -2.51062226 -3.55066752
 -2.15387559 -0.86301357 -0.79468292 -1.53839183 -0.76050627  0.98673886]
[-1.17408824 -1.67003143 -1.74890995 -1.99910271 -1.5747366  -1.13624012
 -1.43922484 -1.3934592  -0.86714894 -1.18688834 -1.53871989 -0.90510982
 -0.45653665 -0.36593306 -0.11166699  0.08857583  0.88304001  0.70670843
  0.21587078 -0.34887415 -0.3674024  -0.43895632 -0.24257231 -0.0078652 ]
[ 1.15989697  2.34916759  2.05448651  2.24627972  0.24991637  0.15808915
 -1.10190165 -1.28282249 -2.17323899 -0.874255    0.35754779 -0.61097658
 -0.91361457 -0.39940435 -0.7136851  -0.1303394   1.14461279  1.91481423
  0.92997789  0.56573945 -0.06985783  0.83781934  0.75123465  0.00930333]
[ 0.88832992  1.73824239  1.60026062  2.04523849  0.45044625 -0.06334857
 -0.72594965 -0.74454147 -1.48943508 -0.82701451 -0.35197183 -0.94724154
 -1.17771304 -0.84113175 -0.86256272 -0.03922029  0.922849    1.38158011
  0.70203596  0.14384894 -0.04993155  0.56583351  0.81579977  0.26469022
 -0.12655357 -0.12489297]
[ 0.95496607  0.08527675 -1.07126009 -0.70821619 -0.14075722  0.40696585
 -0.07584036 -0.45177856 -0.10414801  0.25513887  0.96014112  0.50906724
  0.5990358   0.3731766   0.44135073 -0.06447461 -0.07875469  0.10256277
  0.29304445 -0.0028071   0.19240083  0.07990207  0.26059827 -0.04211923
 -0.10934398 -0.93074584]
[ 0.30843127 -0.06094562  0.01074153 -0.12433036 -0.57810009  0.32364419
  1.06947291  0.9702484   0.53472143  0.05579212 -0.54892433 -0.23318614
 -0.35867524  0.0131798  -0.21356934 -0.389222   -0.34815115 -0.3880693
  0.96336836  0.35542783 -0.22513519 -0.48372954 -0.41754547 -0.51344937
  0.020075   -0.54193527 -1.42873776 -1.47029936  1.49233973  1.86366439
  0.82822341 -0.98153633]
[-0.4035435  -0.09802214  0.11151825 -0.14301112 -0.41766459 -0.65875643
 -0.51627266 -0.35809237 -0.05537092 -0.19695407 -0.37142348 -0.5831331
 -0.314091   -0.02373016  0.15904982  0.15248705  0.25583863  0.42307127
  0.33412862  0.36446357  0.41179731  0.39628989  0.12308849  0.20892774
  0.08837163  0.19817576  0.3195447   0.33826125  0.18157555  0.19534004
  0.0606942   0.08983301 -0.05494558 -0.11695795 -0.36265716 -0.20807144
  0.14588296  0.27688795  0.35302106 -0.2306021  -0.74795759 -0.30588433
 -0.03143097  0.00145134 -0.44815484]
[ 1.54889464e+00  1.21372890e+00  1.29238435e-03 -9.38254774e-01
 -1.46395564e+00 -1.96841979e+00 -1.94975114e+00 -2.18873882e+00
 -2.05704212e+00 -1.70192325e+00 -1.76497555e+00 -1.57026672e+00
 -1.09673786e+00 -6.83335245e-01 -6.09498918e-01 -4.19069380e-01
 -1.50986969e-01  2.01755121e-01  5.52043259e-01  6.57855749e-01
  4.75758702e-01  4.15521502e-01  4.52171087e-01  6.09102368e-01
  5.89099288e-01  4.80417490e-01  3.84635687e-01  8.12044367e-02
  8.59560966e-02  1.29043996e-01  3.80759925e-01  3.40622813e-01
  4.07603353e-01  8.71711552e-01  1.06538749e+00  1.03841412e+00
  1.47889709e+00  2.13334203e+00  2.29410100e+00  1.25777173e+00
  3.17665577e-01  1.73386469e-01 -1.99635178e-01 -6.20971799e-01
 -1.41312599e+00 -1.61591065e+00 -9.58387136e-01 -6.16485953e-01
 -5.82375228e-01 -2.60932475e-01 -5.56313038e-01 -7.64334023e-01
 -9.40591455e-01 -3.20255309e-01 -3.19116712e-01 -2.74332285e-01
 -7.08429515e-02  1.02211006e-01 -6.01918548e-02 -3.95203322e-01
 -8.53632033e-01 -9.52482283e-01]
