[-0.10462275 -0.09163159  0.02310046 -0.1170054 ]
[ 0.23872294 -1.50675821 -0.25773871  0.24075729 -0.69120091 -0.62158072
 -0.91884947  0.20272548 -0.07819366]
[-0.08633599 -0.13231109  0.02916814 -0.04973367 -0.00141189 -0.03831381
 -0.18517163 -0.28184184 -0.05646662 -0.00429325 -0.00658033  0.00745653
  0.01665539 -0.09349863  0.01535831 -0.0389994   0.02021552]
[ 0.01717692 -0.44710433 -0.56758946 -0.49365908 -0.10326812  0.10661606
 -0.40938953 -0.20249388 -0.03724484  0.10510819  0.26456437  0.4730123
  0.13983855  0.51455951  0.65575302  0.50267476  0.38567775 -0.09740263]
[ 0.27667874  2.24808598 -3.273206   -1.99286354  2.16803598  1.51816463
 -2.52105355 -0.70637113 -0.81937999  0.65288961  0.55693424 -1.12239254
 -4.90331364 -4.0348444  -1.81264067 -0.38436553 -1.01798129 -3.35068393]
[-0.08033869 -0.15108238  1.35906947  1.02985549 -0.31700957 -0.63241893
 -0.44231272  0.02442531  0.36691076  0.03010723 -1.10795724 -0.30344787
 -0.43371072  0.02570358  0.12406684 -0.4505814   0.37547815  0.59205353
  0.42084858 -0.6661163  -0.15233023 -0.16722812  0.13040338 -0.70516676]
[ 1.34110093  0.53014046 -1.1833688  -0.5499236  -0.02269094  0.76734126
 -0.03920419 -0.50444317 -0.03146698  0.33510065  1.02164245  0.15555705
  0.2697874  -0.20434046  0.0542105  -0.59197658 -0.67425662 -0.35584146
  0.53862363 -0.28280866 -0.34504473 -0.22938195  0.20302665 -0.17500502
 -0.5330354  -1.8770169 ]
[ 1.83897936  1.64741611  1.63048732  1.76095998  0.19983603  0.03381771
 -0.31936246 -0.50409919 -1.51629591 -0.68524933 -0.00368596 -0.51355535
 -0.81443548 -0.80910027 -0.46626359  0.90313375  1.60131013  1.50898504
  0.56314152 -0.29678094  0.4571943   1.57733464  0.61337429  0.17025892
 -0.21431245  0.36026877]
[ 1.42332542  0.87949651 -0.55927861 -1.48983133 -1.84810507 -1.75494874
 -1.71656144 -1.77832198 -1.53036082 -2.06011915 -1.93704307 -1.47746313
 -0.43079194 -0.29059377 -0.29693741  0.41519243  0.06967182  0.71828192
  1.06226361  0.84868437  0.48891985  0.51675218  0.67375803  0.78659666
  0.70153338  0.67717916  0.30525526 -0.06717062  0.09958977  0.43589163
  0.40347615  0.60355198  0.60062361  1.33403444  0.61038303  0.12285214
  1.96989894  2.93903303  1.82103395  0.81169522  0.66025215  0.64709932
 -0.47606713]
[-0.20541056 -0.05368987  0.28593975  0.47408667  0.48090076  0.58591503
  0.64771658  0.53429621  0.61464047  0.63507998  0.58048761  0.48272154
  0.32548925  0.23155896  0.22036172  0.48466331  0.4379794   0.24468486
  0.5265134   0.60011214  0.46271306  0.75872409  0.83474439  0.96829832
  0.6839214  -0.05607932 -0.18486808 -0.3536683  -0.65193725 -0.8951413
 -0.8726334  -0.37698534 -0.37403348 -0.54286736 -0.36364347 -0.50226933
 -0.76493919 -0.66378486 -0.07459708 -0.23672035 -0.47322246 -0.36570328
 -0.22496228]
[-0.38195592  0.33088058  0.08847329 -0.2146723  -0.81947547 -0.90588367
 -0.60926098  0.01914003 -0.18425024 -0.31633794 -0.59029496 -0.27354792
 -0.06003508  0.08796799 -0.08446842  0.10103243  0.37936249  0.20692928
  0.27822426  0.30899671  0.43045425  0.13507172  0.3083587   0.12547548
  0.2055764   0.2525287   0.16356966  0.04639316  0.10322024  0.03377877
  0.35550502  0.0689993   0.02046987 -0.53260767 -0.57371634  0.26508999
  0.59759253  0.52501041 -0.20537117 -1.08962059 -0.68683946 -0.11667158
  0.14110889 -0.44954833]
[ 0.79785681  0.0688711  -0.75055093 -1.28812528 -1.53224874 -1.65239799
 -1.83393013 -1.65235651 -1.66645229 -1.46782351 -1.05849576 -0.78678006
 -0.54038376 -0.54741567  0.10560931  0.14423867  0.46753544  0.69347018
  0.76976258  0.54720014  0.52036852  0.50559908  0.6804142   0.61043632
  0.55384487  0.45166269 -0.03961711  0.22643219  0.46537277  0.39748272
  0.49032199  0.32683823  0.76185203  0.91836321  0.46781093  1.50772619
  2.18002701  1.62497914  1.1620506   0.50603628  0.48053539 -0.20303199
 -0.66910404 -1.82965875 -1.75095081 -0.89844167]
[-0.08679807 -0.24199775 -0.01137164  0.43191949  0.74593627  0.73076797
  0.78806549  0.71844321  0.56676215  0.64386004  0.65088499  0.62297904
  0.49836129  0.22248657  0.10232591  0.02124761  0.33983696  0.36742789
  0.02812605  0.47038397  0.84108287  0.82795686  1.24799252  1.36075127
  1.65769541  1.15461707  0.20574629  0.03240563 -0.44477522 -0.85770041
 -1.32239389 -1.3048439  -0.51728243 -0.38441047 -0.38093573 -0.21617208
 -0.50781393 -0.90594023 -0.92516661 -0.19709241 -0.44646448 -0.53191066
 -0.36858907 -0.17062804 -0.15317927 -0.1906061 ]
[ 3.62070870e+00  1.45214522e+00  1.98853540e+00  1.12973773e+00
 -1.13212860e+00 -2.13733912e+00 -3.15082955e+00 -2.69770193e+00
 -2.54965186e+00 -2.83844662e+00 -2.32576060e+00 -3.23986435e+00
 -3.06900764e+00 -2.01200175e+00 -1.99663863e-01  3.24790701e-02
 -4.66821969e-01  6.59519970e-01  7.45052695e-02  1.34068966e+00
  1.87029099e+00  1.47189605e+00  6.91818893e-01  6.44222558e-01
  8.35006237e-01  9.53289151e-01  1.08071518e+00  8.47365320e-01
  4.74389017e-01 -2.97552109e-01 -2.19129637e-01  4.16862458e-01
  5.54663718e-01  2.23989367e-01  1.97222352e-01  1.25845885e+00
  7.56344438e-01 -2.39391136e-03  4.13578176e+00  6.05351734e+00
  3.33565593e+00  1.72555184e+00  7.04757869e-01  4.11504209e-01
 -5.51355183e-01 -2.08273578e+00 -4.37654305e+00]
[-2.04032946 -2.31823397 -2.79749417 -3.03588152 -3.03340626 -1.7586447
 -0.28987026 -0.23405294 -0.80100501 -0.73373938  0.01806732  1.03292644
  1.87629735  1.56627834  1.27327657  0.68003219  0.83446479  1.30942571
  1.18971765  0.84980971  0.58870494 -0.28811666 -0.33463794  0.11242728
  0.2625469   0.56763589 -0.34219894  0.08889242  0.36486512  0.77315545
  2.39479232  4.04112673  3.87057543  2.74886513  1.31904411  0.23442824
 -0.79643339 -1.47965288 -2.5874784  -2.79928875 -1.05320668 -0.40974998
 -0.06085332  0.37131381  0.00497639 -1.58224428 -1.68205428]
[-0.47500941  0.04919954  0.88079584  1.27945113  1.1173017   1.24931419
  1.0179559   0.93324566  1.05446088  1.15179133  1.00319707  0.75336158
  0.14302386 -0.03774248 -0.19252035  0.21177585  0.22890186 -0.48470122
  0.15636027  1.24567842  1.08260858  1.87319446  2.24114013  2.80293036
  2.38787079  0.67531949 -0.09640009 -0.58535355 -1.53787422 -2.24918556
 -2.43909645 -0.73757446  0.08381727 -0.35572681 -0.2905851  -0.29121882
 -1.0900116  -1.32423317 -0.13941483 -0.12407582 -0.4224903  -0.73257399
 -0.62224537 -0.5119366  -0.51065493 -1.37383223 -1.92002642]
[-0.33370093 -0.29814816 -0.40689093 -0.47415167 -0.47713923 -0.48946631
 -0.46366122 -0.31667274 -0.1993738  -0.22491632 -0.2455163  -0.23672971
 -0.20416823 -0.044436    0.06226901  0.11322526  0.176126    0.20110933
  0.25862145  0.3451384   0.38907504  0.43491089  0.43330681  0.40899572
  0.4939909   0.70356208  0.80672729  0.74613965  0.52247524  0.25490776
  0.11331313  0.08339731  0.26152468  0.17595887 -0.07386219 -0.14313574
 -0.20296524 -0.20000702 -0.16552068 -0.19027166 -0.20207198 -0.19387414
 -0.19015819 -0.21842459 -0.27693173 -0.36293414 -0.45109558 -0.51567215
 -0.52801442 -0.41872844 -0.39075845 -0.31406039]
[-0.64729619 -0.49308309 -1.05802286 -1.12236989 -1.25372171 -1.18062162
 -0.83337259 -0.42108402 -0.26673174 -0.40210912 -0.11225594 -0.16715699
  0.16737002  0.50681329  0.46713123  0.38847539  0.33503601  0.44303688
  0.46443185  0.51760894  0.43321595  0.4637765   0.06092392  0.2765213
  0.30140063  0.56519818  0.56201726  0.52241534  0.62860584  0.4545435
  0.02338637  1.3082304   1.94808924  1.32565582  0.81594664 -0.03173919
 -0.15387081 -0.57640606 -0.6996153  -1.12620723 -0.84227085 -0.19283876
 -0.23761895 -0.03353661  0.00306838 -0.36983588 -0.79454172 -0.55704552
 -0.20943609 -0.59637964 -0.51028013 -0.60879278 -0.41180924]
