[ 0.00623737 -0.06704629 -0.06704074  0.09688916]
[-0.17411321  0.25733081  0.13478497  0.15919933 -0.16250108  0.00817989
 -0.0984121  -0.08133192 -0.27708873 -0.08133084]
[-1.33854222 -0.603167   -0.62588048 -0.15514806 -0.22278774  0.09141213
  0.31598786  0.73911661  0.6597386   0.54772305  0.31529391 -0.02451903
 -0.37662455 -1.04026663]
[ 6.78914356  4.81778002  1.02697134 -0.7489987   0.40338284 -3.71439242
 -5.17456675 -4.42096519 -1.64053285 -0.03847902 -1.69534731 -1.26765966
 -0.15390408 -2.75167775]
[-0.09087779 -0.03230315 -0.00414723 -0.04376621 -0.19080278 -0.28069994
 -0.26806572 -0.25202861 -0.21125919 -0.14453523 -0.17045581 -0.13819605
 -0.10948762 -0.06252849 -0.00532423  0.00406237 -0.03570797  0.08318161]
[-0.72144312 -0.77888894 -0.63460374 -0.34726763 -0.69721794 -0.95420128
 -1.18625081 -0.8831746  -0.42224944  0.23402417  0.48483875  0.16584863
  0.09348374  0.12887165  0.64070946  0.61744756  0.27388385  0.13491215
  0.10631392 -0.03951847  0.2785151 ]
[ 1.33393359  1.85942495  2.38111448 -1.8031733  -2.06012702  0.74600035
 -0.3933526  -1.47747767  0.12087027  0.02956317  1.63379848  0.99478757
  0.08303535 -2.81024575 -2.32450891 -2.87371659 -3.3397181  -3.59328985
 -2.13344479  0.80360389  2.989959  ]
[ 0.00643804 -0.38396862  1.36495662  1.04875278 -0.45241547 -0.61590672
 -0.46360189  0.14058948  0.44422576  0.07056223 -1.36405945 -0.21776408
 -0.47981468 -0.08124547 -0.0056293  -0.76264924  0.37129423  0.63434398
  0.4589943  -0.78610998 -0.16426542 -0.16744736  0.08116246 -1.11450243]
[ 0.60822171 -0.50518531  0.05811905  0.56075835  0.11713699  0.38225719
  0.06071891  0.08178793 -0.19901468  0.04648464 -0.42161173 -0.30468065
 -0.54587919 -0.2243011  -0.35306332 -0.5820387   0.05434512 -0.24801961
  0.37896484 -0.34541881 -0.5018     -0.452838    0.1085171  -0.28691915
 -0.10324958 -1.36749887]
[-0.30307123 -0.74932629  0.39916569  2.7910862  -0.22771657 -1.31313992
 -1.00607836 -1.06214643 -1.82910633 -1.59456336 -1.37352479  0.31706953
  0.62886101  0.48596561 -0.25944397 -0.6931951  -0.91428763  0.11921875
  0.11004289 -0.08991592  0.40754664  0.07826489 -0.04581003 -0.18344341
 -0.11473776 -0.02479686  0.05598762 -1.04447854 -1.02093458  0.24626748
  0.20784543  0.09293371  0.40196699 -0.47745606 -0.64738077 -0.57483333
 -0.51045948 -1.84403539 -1.04437292]
[ 0.04597312 -0.11432008 -0.12671863 -0.41810471 -0.57349092 -0.50633752
 -0.23981978 -0.25591376 -0.29755709 -0.40205944 -0.29205132 -0.19821675
 -0.04538921  0.04054607  0.16652513  0.35686749  0.35519311  0.3382318
  0.40951511  0.43366304  0.27817243  0.29484656  0.26124197  0.26837373
  0.30686346  0.24804604  0.13058659  0.10248743  0.0388836   0.05118221
 -0.01887608  0.03854234 -0.26185411 -0.30537754  0.15957823  0.33843607
  0.3636364   0.04195165 -0.64687943 -0.52918166 -0.23564808 -0.07229456
 -0.23283014]
[-0.08559361 -0.11956044 -0.17288248 -0.1686777  -0.23601596 -0.28128338
 -0.34357482 -0.33625355 -0.33958372 -0.27142888 -0.1978602  -0.15364829
 -0.0866519   0.02220311  0.11999626  0.27733701  0.41349673  0.45385021
  0.47363698  0.47240379  0.44415757  0.37937     0.3140285   0.19571182
  0.16061455  0.27953532  0.29358354  0.16279112  0.07201417 -0.10587131
 -0.04846489 -0.03547251 -0.00506788 -0.09302901 -0.1883084  -0.24086626
 -0.22427027 -0.19503641 -0.26467216 -0.314704   -0.25062189 -0.22815864
 -0.22076429 -0.25663802]
[-0.33673376 -0.12273921 -0.03066124 -0.23603557 -0.40959856 -0.57766968
 -0.46046802 -0.3149648  -0.1204623  -0.21787253 -0.3234545  -0.44542733
 -0.25975263 -0.06859964  0.06302121  0.09803628  0.23402226  0.39534426
  0.35102257  0.38481399  0.40812343  0.39770511  0.20860009  0.25455159
  0.16838422  0.20017816  0.28522596  0.27986804  0.1600121   0.16878755
  0.05232837  0.08282568 -0.00375918 -0.08536201 -0.29483619 -0.13101801
  0.11762548  0.14873047  0.15542631 -0.26659855 -0.6220755  -0.31127301
 -0.12795837 -0.11232593 -0.38579991]
[-0.029955   -0.30984217 -0.17204614  0.3565079   0.67446202  0.69495022
  0.93471688  0.82145977  0.66243726  0.7469151   0.75896567  0.75953001
  0.59405315  0.32830414  0.1267678  -0.00474605  0.37970918  0.35115504
 -0.02496827  0.27135143  0.96575862  0.7704072   1.3248632   1.53373969
  2.004493    1.63572335  0.44605309  0.01994329 -0.37656951 -0.81425303
 -1.32019579 -1.70760214 -0.85319066 -0.23569423 -0.35654277 -0.30665329
 -0.43316698 -0.99737501 -1.18915296 -0.33531225 -0.2861231  -0.42982066
 -0.40216896 -0.24209137 -0.09533852 -0.16294529]
[ 1.15357506  0.19384684 -1.0054009  -1.41435766 -1.76616251 -1.8646791
 -2.09157133 -1.87716711 -1.83531129 -1.75215471 -1.2342335  -0.79274398
 -0.38657194 -0.50891829 -0.01402785  0.01743676  0.41026708  0.65120131
  0.7685746   0.56931335  0.51035005  0.47989666  0.78444099  0.79563421
  0.75025922  0.50411022  0.07577509  0.18531395  0.42440775  0.47437936
  0.52777839  0.3668378   0.86020547  1.19320142  0.43032101  1.2896806
  2.2878921   2.09710026  1.60644841  0.63655668  0.52778918 -0.22204258
 -0.74503201 -1.9310441  -2.07372904 -1.03055227]
[-0.81503296 -0.72199512 -0.41079918 -0.02222363  0.24456483  0.31201562
  0.68985188  0.46030545  0.21093599 -0.06994896 -0.36776543 -0.46963823
  0.15739264  0.5618726   0.34091875  0.11845186  0.13676289 -0.22469941
 -0.11221725  0.3137745   0.63476425  0.49140993  0.6061452   1.16956174
  1.53863907  1.52121091  0.91377628  0.51929748  0.75576079  0.3808777
  0.03984751 -0.34463429  0.13171926  0.59187019  0.01646684 -0.52720833
 -0.31169972  0.47492012  0.46525151  0.26135829  0.98504847  0.75746942
  0.03608885 -0.32305112 -0.54364598 -1.26066852 -1.0895716  -0.72745979
 -0.40028277]
[-0.6736818  -0.4852536  -0.73044449 -0.96165651 -1.02575588 -1.01582897
 -0.9048391  -0.53442615 -0.15538314 -0.25493008 -0.25481972 -0.17181434
 -0.12173427  0.30045316  0.41439658  0.37848455  0.29312831  0.3432456
  0.31951118  0.34428984  0.46311346  0.44379896  0.27930975  0.27730042
  0.24126177  0.48205742  0.6081115   0.59406614  0.68540955  0.52630359
  0.17335391  0.54937661  1.33437276  1.2335341   0.56124854  0.13110591
  0.03159127 -0.34194571 -0.42440721 -0.71777838 -0.74770993 -0.40137854
 -0.27360445 -0.27721974 -0.1405683  -0.3360517  -0.55789131 -0.5935111
 -0.45961624 -0.39668009 -0.50738603 -0.48267171 -0.3747007 ]
[ 1.20554399  1.00633657 -0.11551286 -1.06988096 -1.53908277 -1.66895616
 -1.73972666 -2.25480103 -2.15737152 -1.97212481 -1.9577316  -1.44534922
 -0.78601307 -0.40558293 -0.61461854 -0.21929422  0.02605303  0.56116664
  0.87874979  0.84633493  0.631675    0.54958397  0.55895281  0.85596889
  0.9009909   0.70165062  0.56370831  0.07192662  0.01394391  0.26526412
  0.4174256   0.42952621  0.24865821  0.68288738  0.86841661  0.6256994
  1.64950109  2.79178262  2.78829551  1.77791846  0.57034093  0.29170126
 -0.23053956 -0.89372408 -1.94735003 -2.17242193 -1.16437566 -0.71843219
 -0.53636229 -0.13337788 -0.41360149 -1.04779458 -1.37199605 -0.53693849
 -0.602642   -0.3607893  -0.28627181  0.08611017 -0.09773594 -0.43860912
 -1.0967648  -1.33961415]
[ 1.84000599  1.09567606  1.23804343 -0.11286822 -1.23533976 -1.69230306
 -1.78311324 -1.84640622 -2.60040236 -2.23674011 -2.05533433 -1.99676383
 -1.48352015 -0.78469473 -0.40370134 -0.66245258 -0.23454207  0.10979076
  0.61354154  0.89797825  0.9722746   0.65591204  0.54143023  0.52591854
  0.9413712   0.9595772   0.75179744  0.64734715 -0.03835597 -0.02684988
  0.27546045  0.43566489  0.40147343  0.14048667  0.67035156  1.00606871
  0.62713581  1.84556794  3.05607629  2.95933676  1.95870924  0.57016158
  0.29780671 -0.35597402 -0.99988759 -2.21734428 -2.37419224 -1.17121291
 -0.79310167 -0.51624638 -0.01120572 -0.42233992 -1.22227144 -1.49616385
 -0.50850815 -0.50542676 -0.16325822 -0.25619915  0.08838076 -0.11131328
 -0.50988197 -1.10989928 -1.47060359 -1.32909942]
