[-1.28171742  2.19690347  0.90111083  0.74797124  1.16755962  0.94662017
  3.27435803  3.29331565  2.28205371  1.50778985 -0.17593546 -0.22547249
 -0.98395783 -3.40550184]
[ 0.13317776  0.03849221  0.00332047  0.09180052  0.16939159  0.06751938
 -0.09160343 -0.29610503 -0.28544214 -0.07692803 -0.01819087  0.04093007
  0.00700813  0.00931492]
[-0.06851701  0.0512749   0.19997016  0.12544459 -0.04876036  0.00981758
 -0.14068893 -0.15867499  0.02674289 -0.00942236 -0.01971515 -0.23131178
 -0.09678818 -0.13067983 -0.06201786  0.04708992  0.34680924]
[ 0.15367004 -0.08695931 -0.15250598 -0.06843907 -0.01096985 -0.02766373
 -0.15697536 -0.0268941  -0.20816267 -0.07034857 -0.01388003  0.04627403
  0.01709826  0.01853266 -0.21955016 -0.33551428 -0.09425977  0.12661648
 -0.15193047 -0.07613808  0.08543646  0.02423815  0.25920558  0.24524271]
[ 0.57245773 -0.61097324  0.07722906  0.117274    0.15952024  0.05686599
 -0.2253639  -0.60550362 -0.65149218 -0.33521453 -0.49956664 -0.16675363
  0.06094943  0.04684693  0.18824907  0.42849189  0.12204485  0.17575097
 -0.35970131 -0.22165231  0.046726    0.27690005 -0.14559357  0.10231455
  0.04365361 -0.04721506  0.43902627  0.25795621]
[-0.35134208  0.0169809   0.16140482  1.01425791  1.88798404  1.78762639
  0.19128247 -0.9896602  -0.41491613 -0.01099911  0.20682494  0.57636392
  0.17720674 -0.28809473 -0.57139009 -0.57724929 -0.57590336 -0.36694613
 -0.39706963 -0.22680338 -0.07674854  0.16652372  0.17288041  0.13070428
 -0.1268736  -0.26389474 -0.00518721  0.1748459  -0.04855274 -0.26942903
 -0.11753614 -0.04293447]
[ 3.03424907  2.31197619 -0.96458423 -0.94685757  1.19975102  3.00349808
  2.85919809  0.97311807 -0.30967578 -3.02024174 -4.93742895 -4.36415911
 -1.10706711 -0.55417478  0.71448064 -0.16967775 -1.23918676 -1.52127552
 -0.35663137  0.12164941  1.01869762  0.67043185  0.06751307  0.15604818
 -0.24447273 -0.54922146 -0.3075957   0.83587748  0.64125514  0.35421139
  0.25920534  1.06395566]
[-0.30130982 -0.51443207 -0.78534847 -0.65108871 -0.6373288  -0.54732597
 -0.35422423 -0.33230934 -0.2762149   0.16515318  0.12006978  0.26006496
  0.21101138  0.0585508  -0.11188969 -0.40232006 -0.37288997 -0.20093165
 -0.0317733   0.17214921  0.48407096  0.53559071  0.55561346  0.33629775
 -0.11641172 -0.38397029 -0.47432858 -0.36578864 -0.57971513 -0.57070488
 -0.27717453  0.22520556]
[-3.60589096e-04  2.82122314e-01  6.29485071e-01  1.42499030e+00
  1.40856409e+00  3.30317497e-01  1.02310115e-02 -5.01471639e-01
 -7.48047590e-01 -8.52793813e-01 -2.78710481e-03  1.48482159e-01
  1.30922586e-01  2.54517078e-01  1.01337165e-01 -5.12657762e-01
 -6.87335253e-01 -6.91920936e-01 -1.28482306e+00 -8.60871792e-01
 -1.99211478e-01  4.03997868e-01 -2.06126958e-01 -4.37349856e-01
  7.00624585e-01  2.60707188e+00  3.76891303e+00  3.01633382e+00
  6.69705868e-01  1.17843843e+00  6.59716010e-01 -7.04518735e-01]
[-0.78300381  0.04658615  0.74769258  0.03093286  0.30060312 -0.18998164
 -1.35682619 -2.19797444 -1.53506291 -0.3770403  -0.91752428  0.04636461
  2.34097052  3.90634751  3.33284497 -0.55335188  0.33470425  2.57568598
  4.77868605  3.1615839  -0.38284782 -1.22546518 -1.97126615 -3.51413584
 -5.52570295 -2.6661303  -0.19621642  1.42645013  0.22636002 -0.69771564
  0.09356485  0.62584639]
[ 0.4722659   1.87792611  3.75392747  3.77560616  4.00265455 -0.82962894
 -0.95988601  1.98342657  4.28409529  3.43852425  1.1000526  -0.43070102
 -4.14019775 -6.03115463 -5.27200413 -1.40242887 -0.81223816  0.52535796
 -0.82508868 -2.03445935 -1.871786   -0.25593024  0.41268072  1.40124214
  0.89346504  0.05433864  0.32868049 -0.03387348 -0.31275997 -0.24669112
  1.17212009  0.92669719]
[-6.89543605e-01 -5.72982728e-01 -5.48554242e-01 -3.82985711e-01
 -2.54308850e-01 -5.97710721e-02  7.38053322e-02  1.37406260e-01
  1.03000678e-01  1.42098024e-01  6.86867610e-02 -6.44490421e-02
 -1.42854035e-01 -1.36720344e-01 -6.20686710e-02  1.60399619e-02
  2.89378036e-02 -7.75484077e-04  5.78297079e-02  1.66225787e-02
 -1.50697485e-01 -3.53875279e-01 -2.64863372e-01 -1.56431392e-01
 -2.31161043e-01 -4.03754026e-01 -2.21232653e-01  1.95079207e-01
  8.52237225e-01  1.55510843e+00  1.74283075e+00  9.44879889e-01]
[ 1.2547698   1.50401592  1.16108978  0.29286638 -0.51524204 -0.54197264
 -0.51416129 -0.37671372 -0.40081951 -0.50319999 -0.58012706 -0.50576597
 -0.35222399 -0.30403012 -0.17618985 -0.09381539  0.02894666  0.16273417
  0.23697893  0.13356501  0.06485055 -0.10382969 -0.19199982 -0.17723019
 -0.08207365 -0.07996846 -0.07230192 -0.01360156  0.02192362  0.05903868
  0.0140679  -0.07365915]
[ 0.1594045   0.20141409  0.17512873  0.3656297   0.38062906  0.24985029
  0.44216967  0.266406   -0.08758529 -0.27242339  0.05456391  0.68875289
  0.32209602 -0.73775572 -0.92011333 -0.25581095  0.03777632  0.33483797
  0.35765997  0.2202896   0.12393375 -0.1263064  -0.32673529 -0.45095241
 -0.35025778 -0.18431784 -0.08989564 -0.1563326  -0.07659661  0.06990286
 -0.13360494 -0.22209841 -0.16184144 -0.02948664  0.01665936 -0.07594287
 -0.06004545 -0.00981994 -0.06624086  0.13218945  0.27005237  0.31556582
  0.13405545 -0.17994562 -0.01717339  0.1652458   0.33001378  0.3522439
  0.32778725  0.33471137  0.23194863  0.02501725 -0.31237951]
[ 0.21981275 -0.22747236 -0.86610901 -0.40960446 -0.57736826 -0.3926225
  1.95643091  1.97932875 -0.7546643  -1.95788014  0.14653644  2.38654232
  1.21749568 -2.60582781 -1.98512757  0.34527314  1.29456246  1.79240847
  1.70333588  1.53671443  0.90378231  0.14921479 -0.99730366 -1.2447964
 -0.72092122 -0.49318391 -0.5933283  -0.33942893  0.12485     0.06849144
 -0.39306638 -0.30098724 -0.07605523  0.41361701  0.44625944  0.29014254
  0.38735384  0.34254804 -0.01338986 -0.31253833 -0.49720171  0.16170251
 -0.84577316 -1.26061714 -0.81090975  0.30970946  0.87176073  1.02178276
  0.91481894  1.0098356   1.3946768  -0.3123917  -2.13422322 -2.89375448
  0.17542081]
[-0.21155286  0.28176627  1.28499913  0.59725022 -0.95409566 -1.40230882
 -0.38409033  1.54547548  1.48838651 -0.64797539 -1.58591449  0.84066546
  2.80420852  0.90170854 -2.16624355 -1.0416131   0.12523988  0.8880108
  1.6118077   1.80488026  1.12520099  0.89276212 -0.16131748 -0.91335535
 -1.27234316 -0.94320703 -0.42497388 -0.41516641 -0.41894969 -0.05187158
  0.19423653 -0.41473514 -0.24083014 -0.09927324  0.56018519  1.04809904
  0.98145676  0.38928446 -0.75903028 -1.39796507 -0.89656216 -0.1938592
 -0.07569709  0.03674886  0.05169319  0.67546624  1.18895543 -0.97551972
 -0.81531197 -0.52921778  0.78687185  1.63546872  1.54511046 -1.10475039
 -2.16688371  0.00425626  0.54949814  0.24748464]
