[-0.28011474 -0.38383764 -0.36891037 -0.24714075]
[ 0.43160397  4.11296654 -1.7540952   2.7200377 ]
[ 4.25813723 -2.33578992  2.33040309  0.76808548 -1.28899252]
[-1.14073098  1.93664944  0.28840935  2.40105104  1.8216126 ]
[-0.18932752 -0.25482634 -0.20434096 -0.30531892  0.0637196 ]
[ 0.2908735  -0.11756258 -0.06396829  0.10014552  0.16359924  0.04967736
  0.16290425 -0.00904908 -0.01682899  0.07772829  0.01084382 -0.02019136]
[ 0.14363469  0.08670561  0.04926454 -0.07989147  0.07905245  0.22552876
 -0.04134722 -0.01605148 -0.04092758 -0.02664943  0.00273738 -0.12590715
 -0.09753232 -0.00431104]
[ 0.27388269  0.00241969  0.09053228  0.27056879  0.16301037 -0.09370545
 -0.26010513 -0.38616115 -0.15072501  0.26300412  0.0167639  -0.31833109
 -0.39032316 -0.0127842   0.14848539  0.3733601 ]
[ 0.07959483 -0.03695225 -0.11526854 -0.20056577  0.12748751  0.22892529
  0.19240135 -0.12302867 -0.3733823  -0.3686257   0.00860901  0.13806917
  0.03899122 -0.15094461 -0.26845357 -0.06383611  0.13456894]
[ 0.80589557  1.9659636   1.73898721 -0.15044367 -0.83543485 -1.78150988
 -2.50054145 -3.05721402 -0.08655469  1.38264787  1.21917558  0.65313601
 -0.63195586 -1.09237361 -0.23516515  0.25868094 -0.00745883]
[ 0.71316767 -0.27449197 -0.1430566   0.26660925  0.15114871 -0.30431816
 -0.75066179 -0.34340465 -0.43543574 -0.19984876 -0.30023718 -0.26998061
 -0.17151083  0.14694875  0.21765198 -0.07585836 -0.09584105  0.38294929
  0.17533924 -0.06162896 -0.12268497 -0.03717018  0.32113981  0.17063166]
[ 0.1488913  -0.0308244   0.1337308   0.033032    0.03574232 -0.00378671
 -0.09573805 -0.15708567 -0.167447   -0.09753845  0.03475402  0.04125023
  0.03854419 -0.02756183 -0.19701491 -0.39058703 -0.19515683 -0.07981869
 -0.138221   -0.3807202  -0.22210944  0.13590088  0.27248546  0.227753
  0.05285375]
[ 2.1761384   1.00718319  0.10904993  0.94030678  0.95995092  0.22639348
 -0.15088119 -0.0565837  -0.22051227  0.03519876 -0.11721699 -0.44617143
 -0.51610541 -0.24425571 -0.18938185  0.72226882  0.32188135  0.47957325
  0.45666346  0.44782183 -0.13916768 -0.26962984 -0.40763757 -0.30993217
  0.3352237   0.10373686 -0.64956158 -1.70716798 -0.5930137   0.54049212
  0.55882472  0.25010166]
[ 1.18921888e+00  2.29788534e-02  1.32961142e+00  2.61410451e+00
  2.97822189e+00  1.35893583e+00 -4.20312360e-02  1.49115527e+00
  6.41067564e-01  3.71807933e-01 -3.19714099e-01  4.05645259e-02
 -3.67375225e-01  1.90807164e-01  3.12632263e-01  3.10551375e-01
 -2.64698267e-02  9.13231284e-04 -1.04220003e-01  1.43622115e-01
  2.16365397e-01  1.41223416e-01  5.86852133e-01 -6.47206247e-01
 -9.97267067e-01 -2.64148861e-01  9.78549540e-01 -2.64262389e-02
 -1.17978656e+00 -2.11474156e+00 -1.63750052e+00  4.51717526e-01]
[-1.13771081  1.7429409   1.69258296 -0.47351342  0.17275339  2.16560841
  1.05118799 -0.29103097 -0.40858081  0.46172017  1.09232378 -0.10875129
 -0.86179042 -0.70632148  0.55796015  0.73465455  0.00277089  0.30413738
 -0.19468145 -0.0295435   0.53996313  0.31343785  0.38259733  0.12472763
 -0.80245596 -0.30236158  0.2047919   0.09509099 -0.13424338 -0.53992885
 -0.81885439 -0.26518726  0.6675868   0.28637022 -0.41782773  0.27210373
  0.44153547  0.31392059]
[-3.69860172 -3.33794022 -2.89230752 -3.36052203 -1.29172599 -1.99690986
  0.40014067  0.71118629  1.75310886  2.5620873   2.5281527   1.7074343
  0.44074529  0.83970684  0.9140982  -1.33705258 -0.59530777 -0.39726898
 -0.23862909 -1.19286561 -2.18583488 -3.18055725 -2.83550882 -1.30323994
 -4.69733381 -3.4753077   2.73782706  3.58538294  0.02791397 -2.88475537
 -0.01030439  4.89958811  6.54268742  5.61756992  1.19788563  1.90342224
  1.15535879 -2.31459355 -4.26022053 -2.39152908 -2.02666569  0.78807944
  0.46291029  0.12087362 -0.69311464  0.46323875]
