[0.82239914 0.8259685  0.83121556 0.8347947  0.83626443]
[-0.85648996 -0.8539235  -0.85152096 -0.84616005 -0.84312224]
[-0.04757867 -0.03975689 -0.03137612 -0.02347318 -0.01597408 -0.00981203
 -0.00096898  0.00564768  0.01299406  0.02068359  0.02747571  0.03475782]
[0.69501138 0.71431333 0.72822803 0.74184477 0.75970137 0.77342421
 0.78440022 0.79380876 0.80723846 0.81400919 0.82121444 0.82496363
 0.8292045  0.83207679 0.83502102 0.83642012 0.83888525 0.8426218
 0.850034   0.86440188 0.87107402 0.87607437 0.88142908 0.89010066]
[-0.83140391 -0.84106219 -0.85039049 -0.85652757 -0.86324334 -0.86853445
 -0.87168247 -0.87778354 -0.88260382 -0.88562316 -0.88599455 -0.88385385
 -0.882402   -0.88183236 -0.87703431 -0.87018186 -0.86218613 -0.85537279
 -0.84479541 -0.83271652 -0.82017213 -0.80452961 -0.7889812  -0.77463257]
[-0.21584246 -0.1942004  -0.17622225 -0.15484636 -0.13556534 -0.1185925
 -0.10370812 -0.08990833 -0.07553466 -0.0598734  -0.04570768 -0.03439276
 -0.02305065 -0.01335442 -0.00402254  0.00667653  0.01754366  0.02707301
  0.03553709  0.04277943  0.05004436  0.05860548  0.06640537  0.07292851
  0.08007389  0.08607657  0.0925836   0.09933843  0.10710474  0.11475901
  0.1220649   0.12924093  0.13758931  0.14726698  0.15625194  0.16360089
  0.17097363  0.17921269  0.18830363  0.19867271  0.20853253  0.21766348
  0.22699523]
[-0.26510563 -0.25126937 -0.23683962 -0.21848568 -0.20360088 -0.19152723
 -0.17961869 -0.16898426 -0.15688239 -0.14357346 -0.13246037 -0.12198263
 -0.11098071 -0.10038318 -0.08982157 -0.07923084 -0.06830438 -0.05794622
 -0.04777458 -0.03777865 -0.02709367 -0.01720079 -0.00807386  0.00027963
  0.0094839   0.01739317  0.02540064  0.03310885  0.03995436  0.04704435
  0.05407189  0.06133638  0.0672057   0.0735945   0.07947481  0.08490822
  0.09081114  0.09621964  0.10227293  0.10874714  0.11413625  0.11936465
  0.12590967  0.13261127  0.13884236  0.144959    0.15148674  0.15893587
  0.1661983   0.17367966  0.18162203  0.18940258  0.1979309   0.20742007
  0.21764967  0.22682354  0.23558173  0.24461132  0.25404298  0.26431218]
[-5.93453467e-01 -5.67487776e-01 -5.46375453e-01 -5.28996766e-01
 -5.11106431e-01 -4.88744617e-01 -4.70770329e-01 -4.51714277e-01
 -4.32776690e-01 -4.16972101e-01 -4.00060236e-01 -3.86492103e-01
 -3.73322397e-01 -3.58743370e-01 -3.44617397e-01 -3.29584479e-01
 -3.16165239e-01 -3.04039180e-01 -2.90766925e-01 -2.75875717e-01
 -2.62478203e-01 -2.49061376e-01 -2.35559493e-01 -2.23187521e-01
 -2.09769726e-01 -1.96292773e-01 -1.83481902e-01 -1.72581196e-01
 -1.61433890e-01 -1.43556982e-01 -1.30833209e-01 -1.20853223e-01
 -1.13010317e-01 -1.08916998e-01 -1.03750192e-01 -9.71638635e-02
 -8.97255912e-02 -8.40814337e-02 -7.87603781e-02 -7.28651583e-02
 -6.71516359e-02 -6.37423545e-02 -5.79969883e-02 -5.24230748e-02
 -4.78848293e-02 -4.17051911e-02 -3.70798633e-02 -3.21077146e-02
 -2.71268412e-02 -2.20643133e-02 -1.69516895e-02 -1.23311672e-02
 -8.11177958e-03 -3.42772156e-03 -5.41947142e-04  4.55338508e-03
  8.53176787e-03  1.10969646e-02  1.72403231e-02  2.46879365e-02
  3.33288349e-02  4.00924161e-02  4.48292010e-02  5.00806980e-02
  5.60878478e-02  6.14513867e-02  6.66680336e-02  7.08061978e-02
  7.29057491e-02  7.70617872e-02  7.92159960e-02  7.97610581e-02
  8.10467228e-02  8.13851431e-02  8.01194012e-02  7.90167525e-02
  7.91367888e-02  8.10857490e-02  8.54738057e-02  8.71544182e-02
  8.77446905e-02  8.65759626e-02  8.41282383e-02  8.15018341e-02
  7.86219016e-02  7.65351430e-02  7.42220134e-02  7.72941485e-02
  8.19575936e-02  8.37710276e-02  8.78161192e-02  9.52035114e-02
  1.01163611e-01  1.04645789e-01  1.10193357e-01  1.14381522e-01
  1.18053526e-01  1.22240700e-01  1.26339719e-01  1.31950438e-01
  1.45009309e-01  1.54271945e-01  1.60840213e-01  1.71343073e-01
  1.76846072e-01  1.80615082e-01  1.84978589e-01  1.89070717e-01
  1.92809135e-01  1.96023718e-01  2.01496989e-01  2.07868785e-01
  2.14367986e-01  2.21351072e-01  2.27369756e-01  2.34869391e-01
  2.43717700e-01  2.56056637e-01  2.67559618e-01  2.77933478e-01
  2.88859725e-01  3.00014138e-01  3.13847780e-01  3.23882252e-01
  3.34111005e-01  3.47414851e-01]
[-0.45970678 -0.45017985 -0.44101685 -0.43364114 -0.42337012 -0.4091264
 -0.39480418 -0.38262647 -0.37792194 -0.37241885 -0.36469227 -0.3588717
 -0.3552663  -0.35010931 -0.34607074 -0.34372118 -0.34014404 -0.33517689
 -0.33114117 -0.32677597 -0.32283807 -0.31600749 -0.31241667 -0.30740511
 -0.30286422 -0.29732493 -0.29193729 -0.28581133 -0.27787638 -0.27039534
 -0.26318824 -0.25636145 -0.24853    -0.24281727 -0.23637502 -0.23072308
 -0.22724554 -0.22816652 -0.22619733 -0.22053643 -0.21442731 -0.20893231
 -0.20192724 -0.19594896 -0.18761496 -0.18149488 -0.17274007 -0.16449606
 -0.15651283 -0.14813411 -0.13826795 -0.12832516 -0.12039405 -0.11375977
 -0.10371925 -0.09375897 -0.08304001 -0.07156995 -0.06285639 -0.05250204
 -0.04219571 -0.03172461 -0.02273876 -0.01382184 -0.00180249  0.01041109
  0.02088875  0.02755826  0.03496181  0.04126244  0.04703649  0.05425652
  0.05975985  0.06256492  0.06454922  0.06456704  0.06499852  0.06501085
  0.06198517  0.06178493  0.05961535  0.05690877  0.05629207  0.05917652
  0.06303859  0.06444374  0.06592958  0.07127787  0.074177    0.07556507
  0.07931913  0.08434337  0.08486542  0.08475312  0.08604221  0.08625494
  0.08550943  0.08318041  0.08416532  0.08771513  0.09850737  0.10083859
  0.10009029  0.1018396   0.10170305  0.10241737  0.10336039  0.10277914
  0.10215991  0.10466949  0.10683134  0.10956865  0.11215116  0.1148238
  0.11770993  0.12227045  0.13321599  0.14750752  0.15657721  0.16357914
  0.17084745  0.18768695  0.19586483  0.20469505  0.21854827  0.230367
  0.23925178  0.24861863  0.25915259  0.26802531  0.27623278  0.28873813]
[-0.2723847  -0.26540503 -0.2667461  -0.26980281 -0.27097121 -0.27418277
 -0.27912906 -0.2821888  -0.2864643  -0.29295078 -0.29697558 -0.29973543
 -0.30285418 -0.30898079 -0.3113485  -0.31180766 -0.31360126 -0.31591132
 -0.31802514 -0.3234708  -0.32612732 -0.32713205 -0.32679459 -0.32798755
 -0.32690969 -0.32666075 -0.3259711  -0.32515541 -0.32371157 -0.32068616
 -0.31504759 -0.3082076  -0.30269507 -0.29493904 -0.2882469  -0.28210908
 -0.27566537 -0.27108997 -0.26475665 -0.2586346  -0.25922021 -0.26072374
 -0.25635746 -0.24862885 -0.24124217 -0.23055291 -0.22308962 -0.21470913
 -0.20627645 -0.19567558 -0.18510251 -0.175358   -0.16541316 -0.15644868
 -0.14875931 -0.13846685 -0.12944266 -0.12173675 -0.11238258 -0.10496267
 -0.09680235 -0.08920792 -0.0807694  -0.0747034  -0.06891501 -0.06153864
 -0.05549658 -0.05022672 -0.04563704 -0.03928426 -0.03473143 -0.03152309
 -0.02883372 -0.02536751 -0.01978909 -0.013788   -0.00977373 -0.0058809
 -0.00411099 -0.00147363  0.00401821  0.00992588  0.01556836  0.02018494
  0.02650618  0.03377434  0.0395147   0.04546487  0.05295322  0.05909093
  0.0647765   0.06941757  0.07370757  0.08120414  0.08818056  0.09344317
  0.09573805  0.09759871  0.09853663  0.1009585   0.1015278   0.1039965
  0.10554133  0.10888065  0.11464591  0.1200767   0.12111188  0.12106146
  0.12104987  0.12165262  0.12320738  0.12272227  0.12520982  0.12760323
  0.12873845  0.12903616  0.1304011   0.13733444  0.14714167  0.15195537
  0.15439357  0.15665054  0.16671464  0.16852328  0.17060465  0.17596953
  0.1792727   0.18420693  0.18786335  0.18918547  0.19089136  0.19319379
  0.19941011  0.22449969  0.22889411  0.23113307  0.23455124  0.23846343
  0.23999771  0.24225828  0.24609824  0.24979892  0.25043496  0.25096107]
[0.46564105 0.47619089 0.48712105 0.49674958 0.50492817 0.51431251
 0.52217567 0.52717674 0.53300738 0.53966624 0.54662877 0.55330735
 0.55916142 0.56170708 0.56415063 0.56842339 0.57222772 0.57598221
 0.57975775 0.58159047 0.58351886 0.58857083 0.59155416 0.5928688
 0.59525412 0.59909499 0.60334545 0.60679924 0.61146659 0.61741257
 0.62414348 0.63149595 0.639072   0.64658523 0.65388578 0.66504461
 0.67643327 0.68639177 0.69877464 0.71050918 0.72239077 0.73398668
 0.7457056  0.75781685 0.76944607 0.78159583 0.79343241 0.80736321
 0.82198238 0.83451742 0.84692937 0.85952443 0.87232178 0.8845042
 0.89844912 0.91131514 0.92507237 0.93892807 0.95064807 0.9627825
 0.97468227 0.98562032 0.99664116 1.0074352  1.01796675 1.02908123
 1.04115593 1.05346024 1.06656396 1.07692981 1.0875802  1.09787595
 1.10864782 1.11846113 1.12696421 1.13583553 1.14401996 1.15229428
 1.16007185 1.16753054 1.17429757 1.17894053 1.18408787 1.19043362
 1.19348061 1.19453323 1.19627309 1.1973002  1.19736433 1.19671202
 1.19560862 1.19364452 1.19062531 1.18628716 1.18325162 1.17711532
 1.17063224 1.16388595 1.15432227 1.14475477 1.13714576 1.12866151
 1.11837125 1.1097616  1.09935093 1.08991051 1.08091068 1.07097614
 1.06023312 1.05102479 1.04260731 1.03395379 1.02316737 1.01701152
 1.01056528 1.00481749 1.00018013 0.99684101 0.99213427 0.99017131
 0.98847991 0.98636359 0.9855634  0.98545974 0.98729569 0.98691773
 0.99022192 1.00088763 1.06034923 1.06822157 1.07793295 1.08552372
 1.09383929 1.10248709 1.11150849 1.11993754 1.10449171 1.0821501
 1.09190762 1.10230839 1.11341548 1.12418342 1.13657582 1.14864635
 1.16134655 1.17353261 1.1881299  1.20691574 1.22719777]
[-0.72290802 -0.7122016  -0.69960845 -0.68424684 -0.67081028 -0.65735173
 -0.64259809 -0.62705773 -0.61174339 -0.59502089 -0.57714021 -0.55718273
 -0.53576195 -0.51356202 -0.49221712 -0.47277188 -0.45084262 -0.42768675
 -0.4051457  -0.38312429 -0.35970259 -0.33620963 -0.3125543  -0.28841442
 -0.26441827 -0.24115795 -0.21578929 -0.19015804 -0.16588953 -0.1418837
 -0.11805647 -0.09346013 -0.07047663 -0.04992018 -0.02978119 -0.01041017
  0.00562548  0.01872817  0.03175375  0.04443732  0.0576863   0.06921183
  0.07811645  0.08324364  0.08653637  0.08839302  0.08870264  0.08752188
  0.08178233  0.07123988  0.059563    0.04908463  0.03658876  0.02566664
  0.01071114 -0.00157732 -0.01584193 -0.0296127  -0.04205974 -0.05400629
 -0.06922478 -0.08590444 -0.09996322 -0.11233238 -0.12612715 -0.13977689
 -0.15353155 -0.16742083 -0.18077299 -0.19598    -0.20641708 -0.21434152
 -0.2211858  -0.22444031 -0.22749819 -0.22901738 -0.2297069  -0.22964078
 -0.2273186  -0.22371204 -0.21749572 -0.20981526 -0.20342526 -0.19499871
 -0.18473485 -0.17175251 -0.15833002 -0.14502224 -0.13221221 -0.11788183
 -0.10103621 -0.08303124 -0.06372552 -0.0457721  -0.02879468 -0.01074511
  0.00870744  0.02846822  0.04787279  0.06864408  0.08838173  0.10864406
  0.13075343  0.15260153  0.17292573  0.19401592  0.21453297  0.23622146
  0.25815997  0.28195399  0.30389744  0.32699683  0.34939322  0.37162775
  0.39455557  0.41718346  0.43935412  0.46056455  0.48219627  0.50221825
  0.52189189  0.54236776  0.56328034  0.58267099  0.60327846  0.62225455
  0.63955736  0.65601653  0.67019153  0.68429768  0.69679487  0.70827186
  0.71937311  0.72791559  0.73457092  0.74172938  0.74768895  0.75257528
  0.75736845  0.76109105  0.76452798  0.76554137  0.76668143  0.766936
  0.76723599  0.76756412  0.76654708  0.7636292   0.76134396]
[ 0.0455359  -0.03495286 -0.11646467 -0.20001285 -0.2870712  -0.37485415
 -0.4607929  -0.54527998 -0.62113595 -0.69086748 -0.75854862 -0.82239294
 -0.88329923 -0.9449296  -1.00126052 -1.04769373 -1.08375192 -1.11436737
 -1.14475799 -1.17069781 -1.19256222 -1.20881355 -1.22144926 -1.22625875
 -1.22225308 -1.21230567 -1.19850898 -1.17672241 -1.15052319 -1.11789358
 -1.07521284 -1.02442634 -0.97194916 -0.9155879  -0.85442019 -0.78742641
 -0.71453226 -0.63291508 -0.5497843  -0.46828297 -0.38411468 -0.29254287
 -0.19546673 -0.09398351  0.00849794  0.1080595   0.2145427   0.31292629
  0.41269591  0.51524878  0.61543262  0.71012318  0.80085468  0.89009196
  0.97971386  1.06706035  1.15392947  1.23889279  1.31654823  1.38840127
  1.45653546  1.52358592  1.5837003   1.6362797   1.68211734  1.71945226
  1.74835396  1.77274609  1.78943443  1.79810905  1.79986906  1.79281223
  1.77594745  1.75222278  1.71990383  1.6778177   1.6246357   1.56101215
  1.49200201  1.41439199  1.3304019   1.23632777  1.14228392  1.04254556
  0.93967462  0.83028865  0.72056651  0.60195178  0.48143718  0.34885025
  0.22401695  0.10555805 -0.0152571  -0.13725048 -0.25649706 -0.37234652
 -0.49049965 -0.60905278 -0.7268219  -0.83934087 -0.94702095 -1.04181075
 -1.12752485 -1.21397674 -1.29027438 -1.36050856 -1.42315388 -1.47872281
 -1.52832329 -1.57035983 -1.60180891 -1.63060689 -1.65645039 -1.6707617
 -1.67534029 -1.67368925 -1.65905356 -1.64441907 -1.62892556 -1.59888637
 -1.55922914 -1.51740515 -1.47492909 -1.43058407 -1.38139963 -1.32107317
 -1.2626344  -1.19975007 -1.13755536 -1.07215726 -1.00511265 -0.93820715
 -0.86518902 -0.7921319  -0.71934503 -0.64595383 -0.57484013 -0.5033164
 -0.42660373 -0.34823164 -0.27521804 -0.20424646 -0.13417192 -0.06764412
  0.00219589  0.06774861  0.13103998  0.18980733  0.24362367]
[ 1.37582743  1.40615058  1.4331969   1.4558264   1.47557211  1.48671436
  1.49529099  1.49915075  1.4984746   1.49256313  1.48430705  1.4678911
  1.44842672  1.42333162  1.39062715  1.35603797  1.31658006  1.26205599
  1.2041719   1.14586663  1.08583462  1.01942253  0.94818729  0.87037611
  0.79192656  0.71198028  0.6312623   0.54628396  0.46464199  0.37995327
  0.29406688  0.20951895  0.12374161  0.03954015 -0.04382158 -0.12717366
 -0.21177332 -0.29154971 -0.37088773 -0.44805932 -0.52012461 -0.59023964
 -0.64979792 -0.70672327 -0.76221293 -0.81662512 -0.86495566 -0.90686071
 -0.94182384 -0.96855116 -0.98907399 -1.00357521 -1.01385331 -1.01715434
 -1.01297772 -1.00435889 -0.99033076 -0.97383499 -0.95199913 -0.92508703
 -0.89242947 -0.8494429  -0.80425709 -0.75445217 -0.69546908 -0.62388313
 -0.5588339  -0.49972948 -0.43814862 -0.37272578 -0.30428028 -0.23283499
 -0.1648472  -0.09412583 -0.02059847  0.05368699  0.12646884  0.19940287
  0.27150187  0.34595075  0.4200682   0.49202695  0.56224054  0.63086247
  0.69619745  0.76002669  0.82055509  0.87859201  0.9328022   0.98184878
  1.02790415  1.06964469  1.10652089  1.13826084  1.16656756  1.18940651
  1.20578361  1.21726084  1.22287691  1.22516274  1.22110212  1.21024406
  1.19699943  1.17821813  1.15377033  1.122352    1.08699191  1.04217064
  0.99251735  0.93961471  0.87904906  0.81641829  0.74674666  0.67651582
  0.60267746  0.52934808  0.45124602  0.37267604  0.2909666   0.2101898
  0.12188163  0.0325512  -0.05120815 -0.13464142 -0.21411285 -0.29331383
 -0.37359205 -0.450959   -0.53216583 -0.60728854 -0.67445743 -0.73772669
 -0.80681688 -0.86330163 -0.9147712  -0.96229762 -1.00419557 -1.03882575
 -1.06783652 -1.09341586 -1.11784744 -1.13833439 -1.15384603 -1.16632235
 -1.16396189 -1.16121161 -1.15029359 -1.14297688 -1.13190579]
[-1.47642684 -1.45398104 -1.42311978 -1.40982199 -1.40389371 -1.39768231
 -1.39097309 -1.37345207 -1.34845603 -1.34505022 -1.34327722 -1.34063959
 -1.33720672 -1.33689737 -1.33532155 -1.33307219 -1.33123446 -1.33024347
 -1.33004773 -1.32949448 -1.32835793 -1.32671869 -1.32444334 -1.32341468
 -1.31979346 -1.31638932 -1.31487238 -1.31112814 -1.30657017 -1.30526817
 -1.30256152 -1.29895127 -1.2950443  -1.29299819 -1.29278636 -1.29182947
 -1.28969634 -1.28760445 -1.28571165 -1.28234243 -1.27864003 -1.27571893
 -1.27100194 -1.26469862 -1.26250196 -1.25992835 -1.2569741  -1.25304067
 -1.24755359 -1.24208546 -1.23703563 -1.23248601 -1.21932209 -1.20994186
 -1.20597863 -1.20120072 -1.19758856 -1.1934005  -1.18790293 -1.18281424
 -1.17809296 -1.17426741 -1.17060518 -1.16504145 -1.16037774 -1.15418935
 -1.14861953 -1.14170754 -1.13385987 -1.11903    -1.10299051 -1.09162259
 -1.07773161 -1.06503963 -1.05078554 -1.03011978 -1.01832581 -1.00419497
 -0.98806018 -0.97245955 -0.95580512 -0.93745953 -0.91894823 -0.90107423
 -0.88171065 -0.86027211 -0.83908528 -0.81950819 -0.79672337 -0.77237087
 -0.74407297 -0.71970892 -0.70115697 -0.68532753 -0.66732252 -0.6490199
 -0.62919414 -0.60927975 -0.58605134 -0.54792255 -0.52129859 -0.50573677
 -0.49002394 -0.47618982 -0.46276683 -0.44589925 -0.43302229 -0.42175606
 -0.41171029 -0.3987456  -0.38578969 -0.37742466 -0.36780128 -0.35924742
 -0.35089296 -0.34155953 -0.33354518 -0.32267296 -0.31058124 -0.30202606
 -0.29483682 -0.28804657 -0.2795521  -0.27355838 -0.26836935 -0.26162648
 -0.25482935 -0.24471143 -0.23337139 -0.22952421 -0.22427079 -0.22016151
 -0.21476048 -0.20152923 -0.1971617  -0.19199286 -0.1869372  -0.18253444
 -0.17785543 -0.17216393 -0.16723377 -0.16229191 -0.15785009 -0.15030108
 -0.14346129 -0.13634701 -0.12891929 -0.12010802 -0.11075462]
[-1.27736771 -1.26325822 -1.24866593 -1.23521245 -1.2221781  -1.20944214
 -1.19593632 -1.17090225 -1.15960109 -1.14984715 -1.14045012 -1.13187766
 -1.12407386 -1.11612761 -1.1086551  -1.1007396  -1.09346724 -1.08614314
 -1.07892632 -1.07256842 -1.06588936 -1.05890977 -1.05251074 -1.04743242
 -1.04185295 -1.03782427 -1.03330207 -1.02941668 -1.02542233 -1.02107632
 -1.01625872 -1.01133227 -1.0068388  -1.00205088 -0.9974131  -0.99264151
 -0.9877888  -0.98405373 -0.97977495 -0.97572351 -0.97126907 -0.96702516
 -0.96216571 -0.95865697 -0.95560575 -0.95207083 -0.9494909  -0.94611549
 -0.94279987 -0.93927199 -0.93576491 -0.93260461 -0.92887247 -0.92551988
 -0.92241502 -0.91879523 -0.91583961 -0.91232401 -0.90813339 -0.9048351
 -0.90046024 -0.89636642 -0.89337045 -0.8877722  -0.88208097 -0.87722802
 -0.87226409 -0.86665881 -0.86073977 -0.85446107 -0.84872413 -0.84372681
 -0.83950198 -0.83481997 -0.82972008 -0.82450575 -0.81818622 -0.81176782
 -0.80797416 -0.80181003 -0.79454184 -0.7864784  -0.77858102 -0.76950896
 -0.75954747 -0.74799114 -0.7367416  -0.72468466 -0.71316403 -0.70133775
 -0.68838662 -0.67453611 -0.66238874 -0.64831245 -0.63559902 -0.62215227
 -0.60521579 -0.58882529 -0.57280636 -0.55733234 -0.54457575 -0.53021455
 -0.51838106 -0.50435239 -0.48055735 -0.46497056 -0.45164371 -0.43681097
 -0.42290589 -0.40872502 -0.39300054 -0.37923065 -0.36562875 -0.35235506
 -0.33788043 -0.32407176 -0.31082076 -0.29793048 -0.28420404 -0.2700173
 -0.25639552 -0.24443839 -0.23110645 -0.21765999 -0.20487347 -0.19260839
 -0.17898725 -0.16527486 -0.15212448 -0.13912338 -0.12690911 -0.11461732
 -0.10223011 -0.08953221 -0.07783176 -0.06525664 -0.05354809 -0.04185108
 -0.03017612 -0.01881467 -0.00738001  0.00495375  0.0153822   0.02544303
  0.03682693  0.04764712  0.05904137  0.07036088  0.08223137  0.09437761
  0.10707891  0.12072294  0.13508329  0.14865397  0.16215584  0.17574587
  0.19018227  0.20518281  0.2204248   0.23557818  0.25127196  0.26800662
  0.28386021  0.30054221  0.31710896  0.33257955  0.34813255  0.36409605
  0.38068327  0.39650202]
[ 9.25691664e-01  9.43116546e-01  9.60352659e-01  9.72073853e-01
  9.80119050e-01  9.85801578e-01  9.88435745e-01  9.85082567e-01
  9.79104280e-01  9.70612586e-01  9.58032668e-01  9.43416834e-01
  9.25253451e-01  9.04690087e-01  8.80207479e-01  8.51046145e-01
  8.17037106e-01  7.78053164e-01  7.29404449e-01  6.81003392e-01
  6.33318305e-01  5.81847250e-01  5.25859296e-01  4.65441257e-01
  3.98754358e-01  3.37734699e-01  2.73112714e-01  2.08338156e-01
  1.41448319e-01  7.25923479e-02  3.39719048e-03 -6.65559620e-02
 -1.34535879e-01 -2.02868357e-01 -2.71844506e-01 -3.40826333e-01
 -4.09139216e-01 -4.78339821e-01 -5.43512464e-01 -6.10940635e-01
 -6.73910141e-01 -7.31412947e-01 -7.85599053e-01 -8.39588225e-01
 -8.89634788e-01 -9.36438143e-01 -9.79686558e-01 -1.01685786e+00
 -1.05168521e+00 -1.08246410e+00 -1.10692608e+00 -1.12710392e+00
 -1.14204681e+00 -1.15405393e+00 -1.16311049e+00 -1.16575170e+00
 -1.16503692e+00 -1.15570736e+00 -1.14342177e+00 -1.12736332e+00
 -1.10281336e+00 -1.07453585e+00 -1.04214787e+00 -1.00597441e+00
 -9.67042685e-01 -9.21569705e-01 -8.75465095e-01 -8.26935589e-01
 -7.74187803e-01 -7.18274772e-01 -6.58917189e-01 -5.91735482e-01
 -5.25564969e-01 -4.62587118e-01 -3.98966342e-01 -3.31878841e-01
 -2.64902353e-01 -1.98795140e-01 -1.31930679e-01 -6.63831532e-02
 -6.55466749e-04  6.58365935e-02  1.31513163e-01  1.93417773e-01
  2.53716022e-01  3.11711669e-01  3.68703932e-01  4.25024956e-01
  4.77224290e-01  5.25876701e-01  5.72123349e-01  6.16300702e-01
  6.55634999e-01  6.91877425e-01  7.25558460e-01  7.53165424e-01
  7.75254369e-01  7.94729769e-01  8.10521185e-01  8.21539402e-01
  8.26464295e-01  8.26328814e-01  8.20412874e-01  8.10766876e-01
  7.94707656e-01  7.76020050e-01  7.50656903e-01  7.16967940e-01
  6.80182099e-01  6.39044166e-01  5.90741932e-01  5.36340058e-01
  4.82257038e-01  4.26429540e-01  3.68407607e-01  3.05549711e-01
  2.41127566e-01  1.75192893e-01  1.06115378e-01  3.79284024e-02
 -3.16950940e-02 -1.08092852e-01 -1.83456242e-01 -2.54947782e-01
 -3.24788511e-01 -3.95793498e-01 -4.66357708e-01 -5.36923826e-01
 -6.07745826e-01 -6.81758106e-01 -7.53308296e-01 -8.16382051e-01
 -8.78563881e-01 -9.40037370e-01 -9.93751347e-01 -1.04647481e+00
 -1.09774876e+00 -1.14473057e+00 -1.18718004e+00 -1.22848797e+00
 -1.26634133e+00 -1.29854250e+00 -1.32548749e+00 -1.35001385e+00
 -1.36923873e+00 -1.38149738e+00 -1.39154017e+00 -1.39602780e+00
 -1.39714539e+00 -1.39561665e+00 -1.38807440e+00 -1.37522662e+00
 -1.36342597e+00 -1.34806168e+00 -1.33073258e+00 -1.30669868e+00
 -1.28094041e+00 -1.25293040e+00 -1.22326088e+00 -1.19035745e+00
 -1.15597665e+00 -1.11941195e+00 -1.08051884e+00 -1.04050624e+00
 -9.97441709e-01 -9.54877734e-01 -9.12230968e-01 -8.67800713e-01
 -8.24083626e-01 -7.80163765e-01]
[-0.08034327 -0.0823227  -0.08475369 -0.08465953 -0.08370142 -0.08207303
 -0.07969331 -0.07671481 -0.07273094 -0.06800003 -0.06368206 -0.05861098
 -0.053292   -0.04773125 -0.04032604 -0.03118567 -0.02199448 -0.01411939
 -0.00623481  0.00552674  0.01785038  0.03119255  0.04586117  0.06036196
  0.07327563  0.08767926  0.10323182  0.11927991  0.1327557   0.14719814
  0.16428018  0.18225093  0.20131016  0.21776398  0.23111106  0.24728616
  0.26586595  0.28277645  0.29923841  0.31619725  0.33140188  0.34636489
  0.36287782  0.37679484  0.3881816   0.3992545   0.41374061  0.4259949
  0.43491262  0.44439864  0.4539507   0.46339557  0.47298029  0.48164555
  0.48966795  0.49448159  0.49890378  0.50552225  0.51207078  0.51360917
  0.50994575  0.50864881  0.50909895  0.50572866  0.5038023   0.49812573
  0.49398553  0.48981076  0.47912431  0.47379783  0.46968463  0.46579355
  0.46325424  0.45969266  0.45448005  0.4498159   0.44634837  0.44339955
  0.43975121  0.43337876  0.42304012  0.41685358  0.41458619  0.41356543
  0.41250294  0.4104943   0.40991962  0.41128555  0.41401017  0.41717759
  0.41897649  0.42244497  0.4251464   0.42655703  0.42918247  0.43193299
  0.43527621  0.43944645  0.44598824  0.45408022  0.46222141  0.47046751
  0.47791338  0.4870531   0.49889991  0.50868726  0.51673001  0.52670991
  0.53850418  0.55087435  0.56310582  0.57454032  0.58735043  0.60044444
  0.6124894   0.62601483  0.63898516  0.65208566  0.66438663  0.67679584
  0.69018233  0.70550442  0.71880341  0.73187673  0.74479347  0.75676185
  0.76836938  0.78035808  0.79156786  0.80144686  0.81267184  0.82355797
  0.83446991  0.84419674  0.8551001   0.86451125  0.87372833  0.88257444
  0.89165699  0.8993597   0.90717286  0.91557854  0.92495269  0.93244642
  0.93938231  0.94555897  0.95182067  0.96154135  0.97215307  0.99454677
  1.00445437  1.01295614  1.02052128  1.03067362  1.03289473  1.03417087
  1.03515518  1.0272814   1.01587939  1.01187515  1.00513422  0.99608082
  0.98791456  0.98359555  0.97795987  0.97292864  0.96779376  0.96380085
  0.96070087  0.95856118]
[-0.4400951  -0.43458128 -0.43038991 -0.42672423 -0.42128941 -0.41637227
 -0.41250792 -0.40904006 -0.4054985  -0.40239727 -0.40054792 -0.39899117
 -0.39666298 -0.39411944 -0.39172307 -0.39060566 -0.38912377 -0.38716409
 -0.38503417 -0.38257086 -0.37993506 -0.37728196 -0.37262666 -0.36724931
 -0.36120003 -0.35440987 -0.34799582 -0.34169164 -0.33511943 -0.32864186
 -0.32289165 -0.3188636  -0.31676704 -0.31537849 -0.31276545 -0.30724487
 -0.30021358 -0.29409415 -0.28676054 -0.27998683 -0.27352887 -0.26697904
 -0.26047811 -0.25274107 -0.24477538 -0.23719785 -0.22952469 -0.22248845
 -0.21628696 -0.2092329  -0.2018538  -0.19469064 -0.18738927 -0.1812996
 -0.1766483  -0.17312044 -0.16867146 -0.1646098  -0.16061136 -0.15654811
 -0.15401345 -0.15158601 -0.14831521 -0.14498058 -0.14268999 -0.1390315
 -0.13547614 -0.13187788 -0.13001592 -0.12713495 -0.12375464 -0.12098575
 -0.11793506 -0.11500677 -0.11308578 -0.1107128  -0.10740483 -0.1045586
 -0.1021179  -0.09962614 -0.09745577 -0.09523493 -0.0920575  -0.08906396
 -0.08611306 -0.08290046 -0.08030625 -0.07699644 -0.07308298 -0.06858615
 -0.06472625 -0.0611822  -0.05611174 -0.05240037 -0.04852925 -0.04425422
 -0.04029213 -0.03688637 -0.03417358 -0.03127585 -0.02813391 -0.0250628
 -0.0209555  -0.01695403 -0.01373319 -0.01079145 -0.00738898 -0.00340037
  0.00048899  0.00396775  0.00772327  0.01154302  0.01500041  0.01878093
  0.02215739  0.02519032  0.02787738  0.03083988  0.03336388  0.03676863
  0.03967994  0.04313821  0.0460365   0.04858986  0.0517514   0.05438635
  0.05805076  0.06155723  0.06462016  0.06783332  0.07164008  0.07486981
  0.07818855  0.08126749  0.08470907  0.08816158  0.09106834  0.09396586
  0.09655186  0.09878295  0.10072362  0.10399874  0.10677543  0.10987601
  0.11402735  0.11796473  0.12260429  0.12766962  0.13322909  0.13834156
  0.14331761  0.14848301  0.15436465  0.16029626  0.16591673  0.17128445
  0.17647675  0.18217209  0.18776838  0.19304526  0.19933774  0.20580029
  0.2129814   0.22029388  0.22835425  0.23568545  0.24257042  0.24983886
  0.25776979  0.26605946  0.2746214   0.28249973  0.29102272  0.30008975
  0.30886686  0.31826824  0.32796419  0.33893141  0.35133672  0.36271518
  0.37427968  0.38476735  0.39493835  0.40641063  0.41752872  0.42791888
  0.43889952  0.44834691  0.45830527  0.4681443 ]
[-0.42857546 -0.42060584 -0.41341868 -0.40810588 -0.40259731 -0.39807993
 -0.39336091 -0.38822445 -0.38419685 -0.38211623 -0.38152954 -0.37857428
 -0.3738493  -0.37113649 -0.36866066 -0.36567351 -0.36305135 -0.36160707
 -0.35968205 -0.3575204  -0.35415769 -0.34893301 -0.34435928 -0.34122631
 -0.33742628 -0.3330617  -0.32838717 -0.32471529 -0.32098919 -0.31862459
 -0.31691289 -0.31834659 -0.32082289 -0.31790304 -0.31329918 -0.30797559
 -0.30188173 -0.29458776 -0.28719276 -0.28242591 -0.27791414 -0.27249515
 -0.26606739 -0.2596803  -0.25324681 -0.24700642 -0.24042442 -0.23387399
 -0.22741534 -0.2209997  -0.21504113 -0.20917672 -0.20307902 -0.19702235
 -0.19069788 -0.18479016 -0.17949262 -0.17584181 -0.17308387 -0.16947313
 -0.16636233 -0.16335815 -0.16031532 -0.15813012 -0.15450527 -0.14987378
 -0.14661223 -0.14378987 -0.14036894 -0.13652976 -0.13378277 -0.13119867
 -0.12798387 -0.12426562 -0.1204567  -0.11705145 -0.11396521 -0.11134512
 -0.10941395 -0.10535995 -0.10139866 -0.0979972  -0.09658056 -0.09417575
 -0.09101068 -0.08750755 -0.08295364 -0.07921181 -0.07540194 -0.07124422
 -0.06612594 -0.06121448 -0.05738934 -0.0542133  -0.04920798 -0.04502428
 -0.04125962 -0.03760922 -0.03381008 -0.02972488 -0.02716542 -0.02477769
 -0.02092503 -0.01791739 -0.01424057 -0.01046217 -0.00646982 -0.00331707
 -0.00072742  0.00246273  0.00633937  0.01106649  0.01447881  0.01765825
  0.02059586  0.0239672   0.02722459  0.02973979  0.0317005   0.0343041
  0.03682524  0.03945506  0.04201802  0.04524577  0.04862124  0.05110824
  0.05410101  0.05765788  0.06086067  0.06377777  0.06625563  0.06927496
  0.07298324  0.07641673  0.07930528  0.08151647  0.08404027  0.08642472
  0.08861505  0.09028068  0.091713    0.09384035  0.09688435  0.09974527
  0.10317314  0.10823731  0.11334964  0.11734363  0.12212846  0.12640588
  0.13048445  0.13551119  0.14107619  0.14623398  0.15098691  0.15546595
  0.16146672  0.16791442  0.17431433  0.18155348  0.18871556  0.19609436
  0.20313281  0.20984179  0.21714485  0.22436686  0.23236534  0.24035649
  0.24848151  0.25685874  0.26478586  0.2724959   0.28104287  0.28970996
  0.2983121   0.30719185  0.3168281   0.32707265  0.33670977  0.34646615
  0.35808244  0.36821523  0.37845266  0.39002773  0.40198728  0.41555324
  0.42542055  0.43542477  0.44460827  0.4531799   0.4630262   0.47231704
  0.48090979]
[-4.56302077e-01 -4.49839920e-01 -4.44083214e-01 -4.37802136e-01
 -4.31094378e-01 -4.25497025e-01 -4.20161843e-01 -4.16178852e-01
 -4.12047267e-01 -4.07584339e-01 -4.04204100e-01 -4.02366698e-01
 -4.00454581e-01 -3.97174597e-01 -3.93038839e-01 -3.90584379e-01
 -3.88195634e-01 -3.84529322e-01 -3.81382287e-01 -3.79173011e-01
 -3.76878262e-01 -3.72542232e-01 -3.67900193e-01 -3.62864375e-01
 -3.57530117e-01 -3.53004098e-01 -3.48213494e-01 -3.42993200e-01
 -3.38933289e-01 -3.34052414e-01 -3.29512686e-01 -3.28160673e-01
 -3.28474820e-01 -3.28411162e-01 -3.25951874e-01 -3.21694165e-01
 -3.15641969e-01 -3.09351206e-01 -3.01953375e-01 -2.94689298e-01
 -2.88579702e-01 -2.83361107e-01 -2.77558565e-01 -2.70936072e-01
 -2.64209539e-01 -2.57457018e-01 -2.50621825e-01 -2.43532151e-01
 -2.36262605e-01 -2.29859158e-01 -2.23404676e-01 -2.16853335e-01
 -2.10619137e-01 -2.04924554e-01 -1.99300826e-01 -1.93351746e-01
 -1.87258393e-01 -1.81220800e-01 -1.75978169e-01 -1.73410803e-01
 -1.70749679e-01 -1.67850196e-01 -1.64682209e-01 -1.61292344e-01
 -1.58874646e-01 -1.56152919e-01 -1.53609693e-01 -1.49866179e-01
 -1.46465197e-01 -1.44561678e-01 -1.42222092e-01 -1.39096856e-01
 -1.36481494e-01 -1.34131581e-01 -1.31232396e-01 -1.27870485e-01
 -1.24269299e-01 -1.20807029e-01 -1.18157424e-01 -1.16102912e-01
 -1.12773739e-01 -1.08834490e-01 -1.05360828e-01 -1.03179045e-01
 -1.01576120e-01 -9.86366123e-02 -9.48611796e-02 -9.02500302e-02
 -8.63546133e-02 -8.24933201e-02 -7.74527416e-02 -7.19141066e-02
 -6.75810948e-02 -6.34819418e-02 -5.82827516e-02 -5.49759828e-02
 -5.07613532e-02 -4.66626361e-02 -4.30649929e-02 -3.88565250e-02
 -3.47263701e-02 -3.07723191e-02 -2.84683295e-02 -2.61908565e-02
 -2.25489289e-02 -1.88342351e-02 -1.49403336e-02 -1.03134792e-02
 -6.22197101e-03 -3.48434714e-03  3.37279780e-04  4.19957610e-03
  9.03308671e-03  1.34963784e-02  1.69356391e-02  2.08518151e-02
  2.45239530e-02  2.72799581e-02  3.03664375e-02  3.39400694e-02
  3.65374833e-02  4.00553159e-02  4.27911058e-02  4.53424603e-02
  4.92810681e-02  5.29099666e-02  5.62870987e-02  5.92057332e-02
  6.31886795e-02  6.74470514e-02  7.07892105e-02  7.37318024e-02
  7.72063583e-02  8.03961456e-02  8.40907469e-02  8.69117379e-02
  8.96263346e-02  9.21817198e-02  9.43645462e-02  9.75022912e-02
  9.93523970e-02  1.01299807e-01  1.03675619e-01  1.07030630e-01
  1.09781727e-01  1.13615714e-01  1.18358269e-01  1.23506144e-01
  1.28074273e-01  1.32263392e-01  1.36841416e-01  1.41264305e-01
  1.46386877e-01  1.52127594e-01  1.56799302e-01  1.62121207e-01
  1.66811809e-01  1.72265083e-01  1.78223759e-01  1.84563413e-01
  1.91896066e-01  1.98793486e-01  2.06179813e-01  2.13474780e-01
  2.20609054e-01  2.27863938e-01  2.35805064e-01  2.43259966e-01
  2.51530170e-01  2.59888828e-01  2.68866539e-01  2.76818842e-01
  2.85116673e-01  2.93505490e-01  3.03129673e-01  3.12420487e-01
  3.21037382e-01  3.30983877e-01  3.41665745e-01  3.52880478e-01
  3.64302427e-01  3.74496937e-01  3.84757668e-01  3.95575643e-01
  4.06606019e-01  4.18562740e-01  4.30971742e-01  4.43501145e-01
  4.53843743e-01  4.62689608e-01  4.71288502e-01  4.81139064e-01
  4.90888566e-01  4.99675304e-01  5.08447289e-01]
[-0.68287975 -0.674797   -0.67121911 -0.66740823 -0.66223252 -0.65803725
 -0.65437227 -0.64994204 -0.64573193 -0.64163107 -0.63671637 -0.63203394
 -0.62587386 -0.61882049 -0.61143827 -0.60495567 -0.59840429 -0.59143031
 -0.58370101 -0.57507533 -0.56835186 -0.56189221 -0.55651093 -0.55091918
 -0.54481971 -0.5396145  -0.53477758 -0.53060549 -0.52578968 -0.52047169
 -0.51562774 -0.50958586 -0.5027383  -0.49592626 -0.48938563 -0.48267639
 -0.47559431 -0.46898288 -0.4617835  -0.45666927 -0.45157084 -0.44689804
 -0.44503513 -0.44638234 -0.44419903 -0.43922982 -0.43404207 -0.42848033
 -0.42335871 -0.41865981 -0.41334081 -0.4098222  -0.40593207 -0.40084743
 -0.39545873 -0.38987944 -0.38456762 -0.37940541 -0.37220734 -0.36690277
 -0.359909   -0.35293251 -0.3473528  -0.34144422 -0.33497831 -0.3256858
 -0.31942418 -0.31268591 -0.30585328 -0.29776439 -0.29128399 -0.28559256
 -0.27912641 -0.27171063 -0.26336682 -0.25443795 -0.24634276 -0.23920012
 -0.23277733 -0.22234842 -0.21245699 -0.20261896 -0.19324699 -0.1845431
 -0.17444275 -0.16595393 -0.15990533 -0.15431102 -0.14819799 -0.14347667
 -0.13952868 -0.13570936 -0.13317987 -0.13007016 -0.12543626 -0.11556375
 -0.10951493 -0.10651211 -0.10349794 -0.09944963 -0.09610828 -0.09297851
 -0.089578   -0.08387373 -0.07670917 -0.07209239 -0.0678634  -0.06407778
 -0.06033776 -0.05691138 -0.05396236 -0.05162225 -0.04888846 -0.04658759
 -0.04354963 -0.03828336 -0.03500012 -0.02993405 -0.02761317 -0.026552
 -0.02540794 -0.02493308 -0.02373671 -0.02201541 -0.02050033 -0.01902386
 -0.01683374 -0.01363629 -0.0101029  -0.00804681 -0.00470684 -0.00135308
  0.00106491  0.00353975  0.00696961  0.01031243  0.01412628  0.01761381
  0.02240537  0.0281484   0.03340642  0.0386771   0.04452643  0.05051493
  0.05565211  0.06099006  0.06710988  0.07306546  0.07881021  0.0845293
  0.09147844  0.09803873  0.1044142   0.11076953  0.11756101  0.12406055
  0.13426355  0.14624704  0.15708983  0.16759424  0.17809272  0.18775608
  0.20175199  0.21337678  0.22282059  0.23248036  0.24202703  0.25091994
  0.25977242  0.2707006   0.27790061  0.28587902  0.29473045  0.30271477
  0.31058967  0.31744543  0.32511735  0.33426601  0.34277993  0.34927744
  0.35461599  0.36116764  0.36826634  0.37323499  0.37849149  0.38290617
  0.38747773  0.39317015  0.39875913  0.40405673  0.40809643  0.41304362
  0.41870806  0.42360631  0.42828083  0.43331039  0.43842617  0.44403443
  0.44802666  0.45312837  0.45694864  0.4625037   0.4678306   0.4733375
  0.47833115  0.48349163  0.48945725  0.49574134  0.50074625  0.50573891
  0.51139861  0.51713508  0.52276593  0.52743661  0.53295273  0.53786498
  0.54248124  0.54647952  0.55261272  0.55970728  0.56608707  0.57269305
  0.58328623  0.59012246  0.60425586  0.61004961  0.61614168  0.62169492
  0.62787324  0.63283765  0.63836133  0.64402437  0.64370686]
[-7.99056947e-01 -7.89080799e-01 -7.79531598e-01 -7.70377338e-01
 -7.60749102e-01 -7.51546383e-01 -7.42237210e-01 -7.33862042e-01
 -7.26064324e-01 -7.17548430e-01 -7.09638476e-01 -7.01205313e-01
 -6.93025231e-01 -6.85338438e-01 -6.78328097e-01 -6.70961082e-01
 -6.64016843e-01 -6.57482147e-01 -6.51001930e-01 -6.45505011e-01
 -6.39570713e-01 -6.33445621e-01 -6.27375901e-01 -6.21333361e-01
 -6.15360081e-01 -6.09867275e-01 -6.05297625e-01 -6.01074874e-01
 -5.95696092e-01 -5.90270340e-01 -5.84946513e-01 -5.79536617e-01
 -5.74393868e-01 -5.69287717e-01 -5.64108074e-01 -5.58010876e-01
 -5.51627755e-01 -5.44710100e-01 -5.38122118e-01 -5.31884670e-01
 -5.25090754e-01 -5.18543303e-01 -5.12048185e-01 -5.06774426e-01
 -5.02939105e-01 -4.98889118e-01 -4.95027751e-01 -4.93293941e-01
 -4.92860377e-01 -4.91423279e-01 -4.88605976e-01 -4.86159861e-01
 -4.83651668e-01 -4.80430573e-01 -4.77738738e-01 -4.75366324e-01
 -4.73650545e-01 -4.71404284e-01 -4.68158036e-01 -4.64547008e-01
 -4.60176647e-01 -4.56268728e-01 -4.53394711e-01 -4.50058669e-01
 -4.45920318e-01 -4.41118479e-01 -4.36838567e-01 -4.32479322e-01
 -4.27890480e-01 -4.22732949e-01 -4.17233646e-01 -4.11233425e-01
 -4.04525787e-01 -3.97987872e-01 -3.92131448e-01 -3.86434406e-01
 -3.79866123e-01 -3.73269856e-01 -3.67066115e-01 -3.60579133e-01
 -3.54159266e-01 -3.47755402e-01 -3.40788454e-01 -3.33755314e-01
 -3.26773018e-01 -3.19556147e-01 -3.11732918e-01 -3.04688901e-01
 -2.98745036e-01 -2.92505056e-01 -2.85829723e-01 -2.79051930e-01
 -2.71453410e-01 -2.63070643e-01 -2.56003946e-01 -2.48590127e-01
 -2.40947261e-01 -2.34105706e-01 -2.27369070e-01 -2.21033484e-01
 -2.14167520e-01 -2.06931427e-01 -2.01414928e-01 -1.95292577e-01
 -1.89018086e-01 -1.82382509e-01 -1.75870895e-01 -1.68850198e-01
 -1.63056999e-01 -1.57315701e-01 -1.51365638e-01 -1.45038858e-01
 -1.39634937e-01 -1.34346306e-01 -1.28623739e-01 -1.22696854e-01
 -1.16574362e-01 -1.10978201e-01 -1.05630405e-01 -1.00509994e-01
 -9.46125835e-02 -8.84924158e-02 -8.30052495e-02 -7.75800124e-02
 -7.24340677e-02 -6.69976547e-02 -6.13379478e-02 -5.57526536e-02
 -5.07548451e-02 -4.61303890e-02 -4.09637503e-02 -3.62310708e-02
 -3.11135333e-02 -2.58437209e-02 -2.09982824e-02 -1.62396468e-02
 -1.09943748e-02 -5.93827479e-03 -6.30093215e-04  5.27319591e-03
  1.07647888e-02  1.65060330e-02  2.15447731e-02  2.71006674e-02
  3.29265445e-02  3.77395786e-02  4.20976579e-02  4.60922867e-02
  5.13760000e-02  5.62328175e-02  6.08591326e-02  6.57875612e-02
  7.02114031e-02  7.47776777e-02  8.03312361e-02  8.66531730e-02
  9.18145925e-02  9.61536765e-02  1.00869626e-01  1.05794743e-01
  1.11163586e-01  1.17272452e-01  1.23009406e-01  1.28707215e-01
  1.34538844e-01  1.40195385e-01  1.46877289e-01  1.52339429e-01
  1.58732295e-01  1.64830416e-01  1.71330556e-01  1.77230284e-01
  1.82625860e-01  1.88309550e-01  1.94408044e-01  2.00203896e-01
  2.05623955e-01  2.10331202e-01  2.15132758e-01  2.20341146e-01
  2.25517496e-01  2.30189979e-01  2.34637082e-01  2.39881828e-01
  2.44921163e-01  2.49406129e-01  2.54082948e-01  2.58660465e-01
  2.62787551e-01  2.67251432e-01  2.71417946e-01  2.75015593e-01
  2.78621703e-01  2.82788277e-01  2.86892503e-01  2.90230721e-01
  2.94248581e-01  2.98501849e-01  3.03179234e-01  3.08391035e-01
  3.14203382e-01  3.18807572e-01  3.23123306e-01  3.27635854e-01
  3.31854850e-01  3.36195201e-01  3.41631919e-01  3.47640187e-01
  3.52755696e-01  3.57417524e-01  3.61489385e-01  3.66364777e-01
  3.71644557e-01  3.76244903e-01  3.80696714e-01  3.85393471e-01
  3.89722466e-01  3.94515872e-01  4.00747269e-01  4.05926257e-01
  4.10838395e-01  4.16011423e-01  4.21229422e-01  4.26399350e-01
  4.31866348e-01  4.36746597e-01  4.42042440e-01  4.47592676e-01
  4.53707337e-01  4.59932506e-01  4.65877771e-01  4.71526504e-01
  4.77792263e-01  4.84216213e-01  4.90659505e-01  4.97449875e-01
  5.04677951e-01  5.11715889e-01  5.18557012e-01  5.26378214e-01
  5.35501182e-01  5.43671846e-01  5.51745653e-01  5.60644984e-01
  5.68751812e-01  5.77311993e-01  5.85546851e-01  5.94331861e-01
  6.03677571e-01  6.12548709e-01  6.21277928e-01  6.30893648e-01
  6.39614999e-01  6.48451805e-01  6.58127069e-01  6.68171585e-01
  6.77669585e-01  6.86943710e-01  6.95626140e-01  7.04374015e-01
  7.13834405e-01  7.23702967e-01  7.34457195e-01  7.50187874e-01
  7.63966978e-01  7.74593890e-01  7.85361171e-01  7.96284914e-01
  8.06741059e-01  8.17016065e-01  8.27459335e-01  8.35552037e-01
  8.41753662e-01]
[-0.80712783 -0.79717058 -0.78793168 -0.7777375  -0.76816618 -0.75868243
 -0.74989617 -0.74138767 -0.73374844 -0.72522134 -0.71678334 -0.70934927
 -0.70163852 -0.69466245 -0.68768632 -0.67977178 -0.67245167 -0.66564167
 -0.65943879 -0.65380138 -0.64788872 -0.64143193 -0.63535267 -0.62939036
 -0.62378097 -0.61853349 -0.61341602 -0.60989296 -0.60465342 -0.59916401
 -0.59414804 -0.58896929 -0.58350927 -0.57853824 -0.57307899 -0.56726134
 -0.56121212 -0.55525899 -0.5492664  -0.54309535 -0.53606641 -0.52919215
 -0.52289855 -0.51662534 -0.51137745 -0.50705141 -0.50195044 -0.49763286
 -0.49702868 -0.49588451 -0.49339363 -0.4897863  -0.4857254  -0.48112929
 -0.47735596 -0.47412294 -0.4716734  -0.46848556 -0.46371666 -0.45832276
 -0.45299512 -0.44747964 -0.44302538 -0.43892598 -0.43374732 -0.42818576
 -0.42271587 -0.41801924 -0.41287228 -0.40763158 -0.40205944 -0.39609134
 -0.38958752 -0.3829506  -0.3775022  -0.37221876 -0.36635748 -0.36021945
 -0.3546868  -0.34926513 -0.34374225 -0.33832321 -0.33212003 -0.32606655
 -0.32108617 -0.31529412 -0.30964598 -0.30439723 -0.30014995 -0.29620677
 -0.29109326 -0.28535253 -0.27935436 -0.27329785 -0.26752147 -0.26151162
 -0.25539321 -0.24974176 -0.24493575 -0.23975791 -0.23432952 -0.2285343
 -0.2232305  -0.21772535 -0.21280167 -0.20754947 -0.20241669 -0.1974213
 -0.19204426 -0.18648396 -0.18093823 -0.1749467  -0.16965301 -0.16484199
 -0.15945254 -0.15387855 -0.14762598 -0.14179452 -0.13568923 -0.12976313
 -0.12304641 -0.11628821 -0.10996356 -0.10287917 -0.09620432 -0.08897674
 -0.08213495 -0.07512559 -0.06806444 -0.06171652 -0.0550747  -0.04818987
 -0.04179332 -0.03481866 -0.0286555  -0.0220825  -0.01536224 -0.00856368
 -0.00159029  0.00519894  0.01232385  0.01952602  0.02567449  0.03221052
  0.03921808  0.04505989  0.05061901  0.05560669  0.06168489  0.0679447
  0.07314827  0.07796886  0.08299458  0.08830247  0.09428287  0.10117282
  0.10665622  0.11150488  0.11616173  0.12155693  0.12675053  0.13327231
  0.1389866   0.14435004  0.14997393  0.15485166  0.16037831  0.16594392
  0.17133836  0.17638321  0.18152523  0.18631966  0.19091207  0.19553769
  0.20113185  0.20610628  0.21019608  0.21423344  0.21758272  0.22121905
  0.22536965  0.22874582  0.23162967  0.23468742  0.23837477  0.24173081
  0.24432376  0.24794722  0.25118366  0.25457066  0.2576896   0.2603673
  0.26331723  0.26690188  0.2706829   0.27376476  0.27697143  0.28029642
  0.28403598  0.28831509  0.29301217  0.29674321  0.30035746  0.30458048
  0.30914566  0.31366774  0.31867206  0.32378685  0.32883978  0.33343321
  0.33741727  0.34198964  0.34719849  0.35218105  0.35663414  0.36139619
  0.36629194  0.37180328  0.37764436  0.38342237  0.3897351   0.39510286
  0.40077567  0.40659347  0.41283733  0.41844279  0.4245978   0.43155226
  0.43816823  0.44479364  0.45236179  0.45905653  0.46624398  0.47384557
  0.48116961  0.48901358  0.49736291  0.50569254  0.51417518  0.52323478
  0.53362864  0.54351938  0.55203891  0.56180871  0.5714851   0.58195382
  0.59134972  0.6005789   0.61064821  0.62058598  0.630279    0.64060187
  0.65068299  0.6598171   0.66907668  0.67869717  0.68964469  0.69999659
  0.70994687  0.71993351  0.72966862  0.74012184  0.75118083  0.76199597
  0.77832335  0.79301441  0.80416811  0.81533939  0.8263157   0.83637565
  0.84616697  0.85647589  0.86504573  0.87108129]
[-0.87393618 -0.86095542 -0.84881055 -0.83522838 -0.82013059 -0.80719316
 -0.79546279 -0.78398681 -0.77237535 -0.75940216 -0.74571365 -0.73374695
 -0.72385526 -0.71462542 -0.70591897 -0.6957128  -0.68510711 -0.6768297
 -0.67071462 -0.66476077 -0.65857589 -0.65157855 -0.64513797 -0.63898396
 -0.63382894 -0.62933511 -0.62563485 -0.62266093 -0.61967236 -0.61599982
 -0.61370289 -0.61178458 -0.60849732 -0.60732871 -0.6053437  -0.60255605
 -0.59921527 -0.59590036 -0.59332067 -0.59089231 -0.58731264 -0.58400148
 -0.58115208 -0.57901394 -0.57590485 -0.57349157 -0.57083577 -0.56751877
 -0.56383687 -0.56139064 -0.55957216 -0.55671132 -0.55276233 -0.54912323
 -0.54565978 -0.54502225 -0.54489702 -0.54332739 -0.54052645 -0.53779441
 -0.53547621 -0.53391236 -0.53319395 -0.53046334 -0.52689302 -0.52274215
 -0.5184688  -0.51530397 -0.51232594 -0.50651401 -0.50059539 -0.4933328
 -0.48566994 -0.4781023  -0.47052181 -0.46245971 -0.45361182 -0.44488186
 -0.43588489 -0.42641926 -0.41663221 -0.4065789  -0.39691526 -0.38647258
 -0.37475541 -0.36324635 -0.35231131 -0.34066966 -0.32854295 -0.31727487
 -0.30659357 -0.29505679 -0.28500181 -0.27544749 -0.26587451 -0.25823316
 -0.24998726 -0.23917395 -0.22820333 -0.21905129 -0.21029788 -0.19949417
 -0.18872155 -0.1798598  -0.1715717  -0.16411547 -0.15707423 -0.14852171
 -0.14061454 -0.13591988 -0.13116944 -0.12435322 -0.11962423 -0.11911593
 -0.11701758 -0.11137374 -0.10582715 -0.10188903 -0.09846834 -0.09456447
 -0.0904422  -0.08667684 -0.0814762  -0.07801509 -0.07387515 -0.06909437
 -0.06396207 -0.05974101 -0.05522682 -0.05018916 -0.04552257 -0.03998177
 -0.03442325 -0.02876911 -0.0237211  -0.01784233 -0.01270751 -0.00689808
 -0.00098684  0.00406453  0.00832542  0.0122851   0.01659601  0.02129221
  0.0262823   0.03143676  0.03641772  0.04120649  0.0454409   0.05101969
  0.0557221   0.05964805  0.06405217  0.06958209  0.0749863   0.08116589
  0.08642273  0.09041324  0.09527088  0.10134166  0.10727857  0.11391182
  0.12064222  0.12676419  0.13242422  0.13932613  0.14580043  0.15070349
  0.15648982  0.16337514  0.1690927   0.17388108  0.17883311  0.18556042
  0.19223474  0.19849546  0.20466238  0.20928904  0.21470138  0.22016345
  0.22545362  0.22950976  0.23315096  0.23616579  0.2385861   0.24132489
  0.24310477  0.24389374  0.24473467  0.24622908  0.24793755  0.24928194
  0.25029129  0.25068375  0.25241527  0.25452915  0.25632831  0.25851223
  0.26165888  0.26460922  0.26563907  0.26940119  0.27410808  0.27764559
  0.28099686  0.2857132   0.2902633   0.29580668  0.30142084  0.30743429
  0.31414306  0.3219856   0.32928225  0.33650142  0.34326208  0.35011104
  0.35727686  0.36487255  0.37238777  0.37920356  0.38592133  0.3930555
  0.40058923  0.40832788  0.41533521  0.42152578  0.42929569  0.43614393
  0.44218504  0.44802022  0.45329657  0.45783207  0.46362773  0.46897045
  0.47324145  0.47724992  0.48126125  0.48505083  0.48885161  0.49301052
  0.49734482  0.50181532  0.50659448  0.51128405  0.51626271  0.52123886
  0.52618963  0.53102303  0.53634888  0.54154879  0.54585338  0.55064529
  0.55605483  0.5622139   0.56792277  0.57333761  0.57948363  0.58568805
  0.59197038  0.59807658  0.60359341  0.60942143  0.61548769  0.62234539
  0.62995744  0.63684607  0.64368254  0.65122807  0.65806186  0.6641981
  0.67080265  0.67785293  0.68467718  0.69180328  0.69808096  0.70411456
  0.71071738  0.71912533  0.72942984  0.73909479  0.748209    0.75559622
  0.7628243   0.76962805  0.77686918  0.78470707  0.79015684  0.7941975
  0.79943168  0.80601877  0.81485462  0.82549638  0.8356446 ]
[-0.89134997 -0.87850791 -0.86647695 -0.85453451 -0.84263253 -0.8305257
 -0.81781334 -0.80305004 -0.790582   -0.77983445 -0.76897234 -0.75781
 -0.74515408 -0.73219746 -0.7204141  -0.71056306 -0.70118821 -0.69275814
 -0.68316883 -0.67332542 -0.66562802 -0.65950888 -0.65329105 -0.64740509
 -0.64170367 -0.63595968 -0.63098615 -0.62716407 -0.62299919 -0.61980808
 -0.61786127 -0.61517888 -0.61283326 -0.6093896  -0.60841364 -0.60716707
 -0.60456467 -0.60265136 -0.60063887 -0.59802806 -0.59596092 -0.59450787
 -0.59222871 -0.59013122 -0.58756357 -0.58472943 -0.58351439 -0.58210045
 -0.57918787 -0.57735598 -0.57635128 -0.57311338 -0.5715484  -0.57019526
 -0.5676834  -0.56432039 -0.56049883 -0.55784112 -0.55653435 -0.5573104
 -0.55623102 -0.5540157  -0.55114114 -0.54946536 -0.54869527 -0.54752797
 -0.54424036 -0.54048711 -0.53602493 -0.53160095 -0.52727026 -0.52299738
 -0.51638246 -0.50941205 -0.50133234 -0.49271569 -0.48446849 -0.47562397
 -0.46652639 -0.45711151 -0.44752449 -0.43738335 -0.4268378  -0.41728121
 -0.40700582 -0.39602062 -0.3846297  -0.37291721 -0.361301   -0.34982193
 -0.33768171 -0.32560071 -0.31523198 -0.30526733 -0.29461575 -0.28424445
 -0.27720636 -0.26816085 -0.25895527 -0.24940287 -0.23828956 -0.22749107
 -0.21924511 -0.2106512  -0.19990896 -0.19007008 -0.18166198 -0.17348421
 -0.16626601 -0.15929851 -0.1516472  -0.14329168 -0.13716064 -0.13249171
 -0.1263483  -0.1205252  -0.11748937 -0.11706568 -0.11251578 -0.10634164
 -0.10177869 -0.0974569  -0.09323012 -0.08883957 -0.08460938 -0.0807182
 -0.07807044 -0.07431018 -0.07022267 -0.06402411 -0.05864782 -0.05323821
 -0.04803034 -0.04226834 -0.03654774 -0.03120588 -0.02529325 -0.0202351
 -0.01465841 -0.00864693 -0.00367562  0.00132047  0.00601215  0.01110122
  0.01573375  0.02080859  0.02589825  0.03160659  0.03734322  0.04318793
  0.04854879  0.05410473  0.05994685  0.06533442  0.06963532  0.0742616
  0.07988631  0.08565966  0.09239961  0.09837656  0.10313393  0.10801881
  0.11420535  0.12135796  0.12877642  0.13481155  0.13950358  0.14530295
  0.15224008  0.15832061  0.16316807  0.16759178  0.173692    0.17887028
  0.18363181  0.18864429  0.19437371  0.20043077  0.2056897   0.21097714
  0.21547866  0.22038746  0.22503151  0.22943671  0.23353757  0.23670131
  0.23869143  0.2406535   0.24288899  0.24518558  0.24635632  0.24723309
  0.24912842  0.2501173   0.25197035  0.25387457  0.25562137  0.25832713
  0.26186839  0.26536912  0.26821783  0.26969773  0.27472752  0.27979252
  0.28426647  0.28701463  0.29156631  0.29651007  0.30255681  0.30828208
  0.31411204  0.32029927  0.32706079  0.33436757  0.34307531  0.35100952
  0.35858294  0.366687    0.374116    0.38155729  0.38925266  0.39662102
  0.40467048  0.41202608  0.41933915  0.42737791  0.43485042  0.44218293
  0.44807962  0.45458233  0.46172908  0.46761101  0.47259921  0.47819796
  0.48229581  0.48703054  0.49239132  0.49618334  0.49965459  0.50379652
  0.50781101  0.5119462   0.51608241  0.52085096  0.52606654  0.53063363
  0.53527355  0.5401569   0.54533935  0.55098128  0.55514085  0.56009191
  0.56482381  0.57034236  0.57569677  0.58118194  0.58660054  0.59259945
  0.59820032  0.60372728  0.61010528  0.61590225  0.62166071  0.62717062
  0.63377064  0.64003813  0.64586359  0.65150762  0.65801829  0.66511035
  0.6712119   0.67703307  0.68329114  0.68841642  0.69415689  0.7010318
  0.70734566  0.71305156  0.72031701  0.72798657  0.73595887  0.74554485
  0.75392926  0.76046598  0.76694924  0.77389997  0.78139126  0.78683609
  0.79197842  0.79774803  0.80272967  0.81067634  0.82181776  0.8308022
  0.8405003   0.85079128]
[-1.03098655 -1.02500582 -1.02352047 -1.02191854 -1.02045619 -1.01887655
 -1.01719236 -1.01501715 -1.01387966 -1.01178825 -1.00949979 -1.00635397
 -1.00330532 -1.00025856 -0.99452865 -0.98950768 -0.9851495  -0.97951013
 -0.97366232 -0.96615767 -0.95982188 -0.95253092 -0.94473219 -0.9377982
 -0.92941564 -0.9224571  -0.91549027 -0.90616226 -0.89675927 -0.88770831
 -0.87828493 -0.86851823 -0.85868317 -0.84814394 -0.8368153  -0.82552856
 -0.81319493 -0.80067998 -0.78758591 -0.77435607 -0.76146919 -0.74887365
 -0.73567551 -0.72180545 -0.70951748 -0.69632542 -0.68310267 -0.67073095
 -0.65873444 -0.64634979 -0.63452882 -0.62346876 -0.61255652 -0.60201496
 -0.59257418 -0.58309221 -0.57462591 -0.56601804 -0.55711466 -0.548868
 -0.54059184 -0.53301567 -0.52544302 -0.51770186 -0.5104962  -0.50219834
 -0.49501684 -0.48886064 -0.48310071 -0.47748736 -0.4732821  -0.4694109
 -0.4647896  -0.46085685 -0.45705405 -0.45286098 -0.44910383 -0.44618511
 -0.44388488 -0.44151798 -0.43926531 -0.43744323 -0.43547165 -0.43418592
 -0.4326801  -0.43154556 -0.43119615 -0.4306559  -0.43057036 -0.43109855
 -0.4319464  -0.43195331 -0.43223414 -0.43289435 -0.43241197 -0.43217063
 -0.43153727 -0.43030509 -0.42927271 -0.42721525 -0.42558053 -0.42335939
 -0.42073432 -0.41721776 -0.41193753 -0.40553048 -0.40066156 -0.39529771
 -0.38935554 -0.381675   -0.37429962 -0.36785308 -0.36105257 -0.3543615
 -0.34782788 -0.34052888 -0.33125189 -0.31596711 -0.30282301 -0.29335421
 -0.28455636 -0.27537557 -0.26335377 -0.25388038 -0.24420869 -0.23300311
 -0.22328031 -0.21223521 -0.20139252 -0.19289403 -0.18370971 -0.17368789
 -0.16295671 -0.14678301 -0.13620426 -0.12697698 -0.11764618 -0.10752838
 -0.09804358 -0.08843268 -0.07933902 -0.07086884 -0.06151653 -0.0525637
 -0.04395256 -0.03576305 -0.02785446 -0.01934162 -0.01120283 -0.00316312
  0.00427115  0.01160462  0.01877865  0.0257721   0.03181672  0.03827072
  0.04431857  0.05057697  0.05616739  0.06086817  0.06546918  0.07015049
  0.0744472   0.07859592  0.08223788  0.08610015  0.0898534   0.09343839
  0.09654886  0.10092906  0.10342661  0.10613794  0.10952218  0.11213558
  0.11385206  0.11560598  0.11847936  0.12101354  0.12358207  0.12590323
  0.12843592  0.13048366  0.13366736  0.13766977  0.14156727  0.14541116
  0.15112913  0.15697868  0.16313876  0.16777013  0.17278248  0.17833921
  0.18528198  0.19283758  0.20085381  0.21030515  0.21848631  0.22619699
  0.23585647  0.24367072  0.25483817  0.26295266  0.27128714  0.27962688
  0.28818887  0.29973063  0.31036675  0.31930128  0.32704762  0.33511001
  0.343674    0.35211349  0.3601757   0.36661091  0.3737978   0.38317969
  0.39058527  0.39601967  0.40148142  0.40663341  0.41166261  0.41749105
  0.42953259  0.43554664  0.43975151  0.44397962  0.44784716  0.45184445
  0.45584098  0.45886806  0.46267194  0.46574455  0.46860543  0.47091758
  0.47380051  0.4770596   0.48002738  0.48311952  0.48565319  0.48818496
  0.49152607  0.49455005  0.49676168  0.49945998  0.50199705  0.50471216
  0.5077377   0.50999653  0.51245922  0.51588655  0.51927888  0.52255392
  0.52483445  0.52739739  0.53031343  0.53310138  0.53548861  0.53836918
  0.54094362  0.54387081  0.5469923   0.54872179  0.55057025  0.55322886
  0.55567414  0.55780196  0.56083864  0.56378609  0.56759685  0.57105637
  0.57435167  0.57786715  0.58127409  0.58527315  0.58970368  0.59305817
  0.59615809  0.5995658   0.60310686  0.606758    0.61090899  0.61430895
  0.61729491  0.62105358  0.62473452  0.62848479  0.63303727  0.63924855
  0.64329422  0.64786869  0.65317512  0.65904069  0.66493511  0.67033809
  0.6769501   0.68408346  0.69180888  0.69939518  0.70828247  0.71753854
  0.72699863  0.74162477  0.76590866  0.77622592  0.78619272  0.80044615
  0.81375599  0.82334358  0.83387876  0.84232146  0.84489685  0.84708869
  0.8573935   0.86766124  0.87788177  0.88656741  0.89688748  0.9065063
  0.91676182  0.93203157  0.94406623  0.95411801  0.96467811]
[-0.58362454 -0.61307144 -0.64334112 -0.67326665 -0.70296156 -0.73085362
 -0.75654733 -0.78192502 -0.80644596 -0.82981485 -0.85137808 -0.87247092
 -0.89015776 -0.90650278 -0.92029399 -0.93174851 -0.9408989  -0.94774866
 -0.95329744 -0.95660436 -0.95582813 -0.95239562 -0.94700545 -0.93973178
 -0.9298197  -0.91659749 -0.89890301 -0.87782651 -0.85490292 -0.82877541
 -0.79948837 -0.76721132 -0.72968972 -0.68774438 -0.64554358 -0.60100496
 -0.55299091 -0.50349051 -0.44918972 -0.389936   -0.32861105 -0.26760936
 -0.20292683 -0.13844112 -0.07181109 -0.00459828  0.06275711  0.12994969
  0.19790648  0.26442164  0.32975996  0.39623341  0.46228561  0.52835745
  0.59142083  0.6506936   0.70725477  0.7631765   0.81527537  0.86346215
  0.90840203  0.95099425  0.98877299  1.02259159  1.05328012  1.07914758
  1.10039055  1.11779344  1.13046443  1.13865006  1.14019561  1.13980019
  1.13705838  1.12760222  1.11368859  1.0962863   1.07349741  1.04658127
  1.01506448  0.98155016  0.94498473  0.90264183  0.85344005  0.80143511
  0.74654245  0.6912232   0.6298182   0.56915158  0.50458485  0.43678012
  0.36819077  0.29910982  0.23106624  0.1605822   0.08938443  0.01755639
 -0.05172532 -0.11966252 -0.18956585 -0.25683123 -0.3207396  -0.38254008
 -0.44239333 -0.49998987 -0.55646139 -0.60932362 -0.65675074 -0.70015651
 -0.73913658 -0.77457839 -0.80387694 -0.82712525 -0.84520864 -0.85898429
 -0.86976111 -0.8749128  -0.87382698 -0.86803609 -0.85995227 -0.84606993
 -0.82882178 -0.80622405 -0.77807796 -0.74397081 -0.7056132  -0.66524965
 -0.61942661 -0.57130671 -0.51742625 -0.46026477 -0.40013424 -0.33703443
 -0.2715444  -0.20620254 -0.13680585 -0.06530984  0.00527016  0.07778349
  0.14990538  0.22205077  0.29653004  0.37141779  0.44374785  0.51322788
  0.58013088  0.64356911  0.70648593  0.76709628  0.82370341  0.87768126
  0.92787153  0.97448802  1.01649499  1.05579364  1.09252012  1.12481391
  1.15282011  1.17745852  1.19800127  1.21474242  1.22609568  1.2345413
  1.23661697  1.23233807  1.22225356  1.20814753  1.18927252  1.16663849
  1.13784051  1.10598767  1.06745028  1.02447808  0.9787786   0.93003505
  0.8781414   0.82346171  0.76636821  0.70366967  0.6408388   0.57765126
  0.51003301  0.43815947  0.36972505  0.29799083  0.2287391   0.15715189
  0.0833471   0.0071879  -0.06258801 -0.13423252 -0.20217644 -0.26845336
 -0.3312991  -0.39174828 -0.45128083 -0.50970578 -0.56499177 -0.61636692
 -0.66589957 -0.712789   -0.75610393 -0.79427052 -0.82942736 -0.85990095
 -0.88730711 -0.90959275 -0.92397332 -0.93366498 -0.94182247 -0.94611585
 -0.94354564 -0.93965507 -0.92958909 -0.91529548 -0.89663768 -0.87387013
 -0.84886688 -0.82136786 -0.79029632 -0.75659317 -0.71905077 -0.67749506
 -0.63405019 -0.58868903 -0.54200768 -0.49128932 -0.43935695 -0.38638008
 -0.3326222  -0.27660462 -0.21860816 -0.16012774 -0.10207219 -0.04427533
  0.01431964  0.07234243  0.13182639  0.19004586  0.24636255  0.30230498
  0.35709465  0.41134876  0.46526578  0.51739699  0.56715292  0.6169526
  0.66498935  0.70950443  0.75089055  0.78980511  0.82849288  0.8630181
  0.89248389  0.91763824  0.93897355  0.95758998  0.97356361  0.98488766
  0.99050909  0.99334073  0.99301791  0.98700041  0.97858715  0.96550637
  0.94996363  0.93037426  0.90694922  0.87718296  0.84772098  0.81469595
  0.77827531  0.74136621  0.70123506  0.66042119  0.61735326  0.57314652
  0.53070253  0.48457721  0.43697792  0.39124519  0.34337935  0.29518771
  0.24739535  0.19947593  0.14949235  0.09983016  0.05174793  0.00276228
 -0.04606061 -0.09280593 -0.13916789 -0.18382743 -0.22823118 -0.27087054
 -0.30990931 -0.34760267 -0.38193005 -0.41253874 -0.44059741 -0.46615377
 -0.49021626 -0.51371187 -0.53547597 -0.55183429 -0.56599277 -0.57852286
 -0.5915463  -0.60097212 -0.60965836 -0.61640519 -0.62140733 -0.62560093
 -0.62782639 -0.62770146 -0.62651956 -0.62394279 -0.61579722 -0.58295661
 -0.56994081 -0.56360841 -0.55612361 -0.54738349 -0.53781271 -0.52906513
 -0.52011782 -0.52343732]
[-1.70581591 -1.69034672 -1.67759836 -1.6661886  -1.65382302 -1.64269376
 -1.62953651 -1.61740541 -1.6055547  -1.59499967 -1.58479488 -1.57626081
 -1.56557012 -1.55588365 -1.54576814 -1.5371902  -1.52910304 -1.51970518
 -1.50953114 -1.49887538 -1.48376846 -1.47334397 -1.46296537 -1.45085502
 -1.4353193  -1.42126918 -1.41074193 -1.39453912 -1.37715662 -1.36545014
 -1.3517549  -1.34000134 -1.32705665 -1.31521547 -1.30355918 -1.29172766
 -1.28001165 -1.26829767 -1.2565347  -1.24414694 -1.23258102 -1.22178125
 -1.20999873 -1.19767845 -1.18663919 -1.17528033 -1.16511285 -1.15496707
 -1.14347816 -1.13310146 -1.12187123 -1.11151803 -1.10012662 -1.08997607
 -1.0797627  -1.06928742 -1.05947101 -1.04925501 -1.03950918 -1.03082263
 -1.02183568 -1.01260543 -1.00297225 -0.99194437 -0.98287249 -0.9730255
 -0.96284378 -0.95189488 -0.93846685 -0.9258908  -0.91487366 -0.90409905
 -0.89240319 -0.87929648 -0.86822993 -0.85695219 -0.84514987 -0.83402467
 -0.82243109 -0.8121565  -0.80224693 -0.79059958 -0.77918255 -0.76701075
 -0.7484113  -0.73718131 -0.72658885 -0.71631807 -0.70405048 -0.69319534
 -0.68310118 -0.67182106 -0.66065037 -0.65089828 -0.64055818 -0.62985104
 -0.61871547 -0.60814309 -0.59662795 -0.58434922 -0.57186294 -0.55982733
 -0.54751259 -0.53450924 -0.52148622 -0.50727302 -0.49184856 -0.47776499
 -0.46253151 -0.44500223 -0.42384306 -0.4044044  -0.38593674 -0.36763969
 -0.34922618 -0.33126229 -0.31424296 -0.29611611 -0.27723649 -0.25856796
 -0.24087828 -0.22240748 -0.20051514 -0.17633522 -0.15816687 -0.14150694
 -0.12599085 -0.10721571 -0.08784597 -0.07213581 -0.05781451 -0.04271356
 -0.02838179 -0.00993851  0.00421755  0.01741252  0.02923445  0.04251384
  0.05421945  0.06733838  0.07889552  0.09100263  0.10213815  0.11437409
  0.12526782  0.13869314  0.15200651  0.16417801  0.17680734  0.18948117
  0.19988073  0.21312612  0.22251944  0.23126785  0.23941849  0.24692512
  0.25542113  0.26428083  0.27248529  0.2795513   0.28642908  0.29443958
  0.30085555  0.30709818  0.31409347  0.32098067  0.33020732  0.3379347
  0.34474552  0.35079372  0.35676888  0.36279279  0.36920148  0.37572771
  0.38154966  0.38801429  0.39486805  0.40128922  0.40851977  0.41621608
  0.42371371  0.43137598  0.43984401  0.44815111  0.45579752  0.46555763
  0.47716081  0.48823231  0.499717    0.50934005  0.51974291  0.53112644
  0.54370463  0.55735457  0.56997621  0.5839892   0.59728223  0.60989875
  0.62441695  0.63699436  0.65246272  0.66527486  0.67823327  0.69160521
  0.70509022  0.72318041  0.73901981  0.75163293  0.76258373  0.7735818
  0.78476477  0.79525846  0.8058762   0.81543356  0.82395262  0.83555251
  0.84580499  0.85542709  0.86135119  0.86710972  0.87364173  0.87908739
  0.8837871   0.88675731  0.89088404  0.8946026   0.89770901  0.90466326
  0.91632092  0.91823435  0.91940749  0.92151552  0.92205793  0.92250156
  0.9238745   0.9239912   0.92435825  0.92582268  0.92742187  0.92595428
  0.92601246  0.92552793  0.92496306  0.92459053  0.92333794  0.92336035
  0.92247909  0.92183638  0.91992688  0.91900271  0.91888899  0.91772479
  0.91794658  0.91756409  0.91820705  0.91817963  0.92211521  0.9257229
  0.9256199   0.92590439  0.92605084  0.92532367  0.92437214  0.92591119
  0.9265123   0.92672265  0.92680115  0.92650366  0.92764628  0.92850578
  0.92893696  0.93082142  0.93087852  0.9318521   0.93347812  0.93271238
  0.93133748  0.93117946  0.93129295  0.93007952  0.93085587  0.93145591
  0.932037    0.93239117  0.93222773  0.93209773  0.93307376  0.93627739
  0.93702257  0.9369843   0.9395265   0.941993    0.94430923  0.94732916
  0.95121062  0.95395434  0.95834851  0.96295327  0.96739042  0.97172326
  0.97733611  0.98925853  0.99711794  1.00536895  1.01743197  1.05928171
  1.07099235  1.08111989  1.09115314  1.1008482   1.11071563  1.12156999
  1.13254952  1.12937999  1.12294149  1.13239288  1.14288533  1.15429592
  1.16404521  1.17574179  1.18754828  1.19868946  1.21095955  1.22284353
  1.23975992  1.26138687]
[ 1.25457883e+00  1.25399458e+00  1.24006140e+00  1.22463572e+00
  1.21028626e+00  1.19537878e+00  1.18093884e+00  1.16712487e+00
  1.15341926e+00  1.13949788e+00  1.12666523e+00  1.11290264e+00
  1.10041833e+00  1.08834147e+00  1.07439303e+00  1.06279969e+00
  1.04947674e+00  1.03648007e+00  1.02423525e+00  1.01096773e+00
  9.97101605e-01  9.84748304e-01  9.70895052e-01  9.56153274e-01
  9.41064656e-01  9.24402237e-01  9.07644749e-01  8.88120115e-01
  8.68487954e-01  8.49718571e-01  8.28992963e-01  8.07528496e-01
  7.86112070e-01  7.64724016e-01  7.41834044e-01  7.18791127e-01
  6.95908010e-01  6.70300066e-01  6.44303560e-01  6.18329167e-01
  5.92638373e-01  5.65925896e-01  5.39618015e-01  5.14258206e-01
  4.93302256e-01  4.71005857e-01  4.43326652e-01  4.13061261e-01
  3.81528080e-01  3.53740156e-01  3.29036444e-01  2.98870534e-01
  2.72232652e-01  2.47811437e-01  2.20969215e-01  1.91651180e-01
  1.64844751e-01  1.42585889e-01  1.24505810e-01  1.01763852e-01
  7.89675266e-02  5.40161133e-02  3.62390056e-02  1.52855311e-02
 -2.56028702e-03 -1.16726439e-02 -2.53631603e-02 -3.89038511e-02
 -5.64342439e-02 -6.67542890e-02 -7.34017417e-02 -8.23034719e-02
 -8.86354595e-02 -9.19360444e-02 -9.58269238e-02 -9.77602601e-02
 -1.02593280e-01 -1.05719268e-01 -1.10270292e-01 -1.09241173e-01
 -1.07967488e-01 -1.06075041e-01 -1.00792013e-01 -9.53530073e-02
 -8.76270160e-02 -8.14622343e-02 -7.62391090e-02 -6.95722029e-02
 -6.24229088e-02 -5.46663515e-02 -4.61944453e-02 -3.86184305e-02
 -2.97339298e-02 -2.02274043e-02 -1.25426240e-02 -4.59327316e-03
  3.83432489e-03  1.10362917e-02  1.77565143e-02  2.48574000e-02
  2.91108619e-02  3.24083641e-02  3.32156681e-02  3.25007141e-02
  3.20699327e-02  2.89995465e-02  2.32963394e-02  1.67262796e-02
  7.40442704e-03 -4.16979939e-03 -1.71696376e-02 -3.22808363e-02
 -5.11237606e-02 -7.44740069e-02 -9.69158486e-02 -1.21103406e-01
 -1.46960914e-01 -1.74483642e-01 -2.05109194e-01 -2.34896228e-01
 -2.66077131e-01 -2.99965680e-01 -3.33482563e-01 -3.67623508e-01
 -4.01540339e-01 -4.36844856e-01 -4.75139588e-01 -5.11679351e-01
 -5.53323627e-01 -5.93745768e-01 -6.37267351e-01 -6.80485189e-01
 -7.21495688e-01 -7.66114771e-01 -8.19229662e-01 -8.66099536e-01
 -9.08056498e-01 -9.48590338e-01 -9.88296568e-01 -1.02607286e+00
 -1.06414986e+00 -1.10196900e+00 -1.14029109e+00 -1.17609739e+00
 -1.20890594e+00 -1.24001873e+00 -1.26846206e+00 -1.29314756e+00
 -1.31640780e+00 -1.33801150e+00 -1.35850692e+00 -1.37604499e+00
 -1.38936114e+00 -1.40240979e+00 -1.41021812e+00 -1.41856635e+00
 -1.42325175e+00 -1.42548287e+00 -1.42640483e+00 -1.42514241e+00
 -1.42088330e+00 -1.41467357e+00 -1.40672922e+00 -1.39713383e+00
 -1.38535142e+00 -1.37202251e+00 -1.35582900e+00 -1.33703136e+00
 -1.31554306e+00 -1.29354405e+00 -1.26934564e+00 -1.24478924e+00
 -1.21811974e+00 -1.19158471e+00 -1.16331017e+00 -1.13500059e+00
 -1.10529065e+00 -1.07501757e+00 -1.04435146e+00 -1.01295030e+00
 -9.82675374e-01 -9.52177525e-01 -9.20350611e-01 -8.89493942e-01
 -8.59389246e-01 -8.29554915e-01 -7.99672782e-01 -7.70376980e-01
 -7.42146850e-01 -7.14283288e-01 -6.87645793e-01 -6.63088799e-01
 -6.38687134e-01 -6.16253793e-01 -5.93962252e-01 -5.73393583e-01
 -5.54830611e-01 -5.35864472e-01 -5.18177748e-01 -5.01146674e-01
 -4.87381339e-01 -4.73799407e-01 -4.62030828e-01 -4.52134818e-01
 -4.43656683e-01 -4.37746137e-01 -4.32138175e-01 -4.26929414e-01
 -4.26050752e-01 -4.26104605e-01 -4.28481877e-01 -4.32040095e-01
 -4.37070072e-01 -4.43921149e-01 -4.53995526e-01 -4.65957195e-01
 -4.76181388e-01 -4.89965975e-01 -5.04067481e-01 -5.18215597e-01
 -5.35355985e-01 -5.52602470e-01 -5.70784926e-01 -5.89896083e-01
 -6.09992743e-01 -6.31131351e-01 -6.51461661e-01 -6.72198057e-01
 -6.93520904e-01 -7.15677559e-01 -7.37568617e-01 -7.60913730e-01
 -7.83143163e-01 -8.07694077e-01 -8.32284272e-01 -8.56019795e-01
 -8.76611650e-01 -8.96284938e-01 -9.13365662e-01 -9.30254340e-01
 -9.47037935e-01 -9.61382926e-01 -9.75070238e-01 -9.87407684e-01
 -9.97321367e-01 -1.00557911e+00 -1.01244426e+00 -1.01524985e+00
 -1.01684105e+00 -1.01787019e+00 -1.01726317e+00 -1.01631856e+00
 -1.01399279e+00 -1.00748825e+00 -9.98611748e-01 -9.87885356e-01
 -9.77031648e-01 -9.64060724e-01 -9.49600041e-01 -9.34851050e-01
 -9.17026341e-01 -8.99175286e-01 -8.80105972e-01 -8.58619750e-01
 -8.35440397e-01 -8.10604990e-01 -7.83727288e-01 -7.56637633e-01
 -7.28468835e-01 -6.97521150e-01 -6.65949225e-01 -6.33925259e-01
 -6.01300478e-01 -5.67335665e-01 -5.31210840e-01 -4.94293034e-01
 -4.58198756e-01 -4.22484070e-01 -3.85171860e-01 -3.45916718e-01
 -3.06937248e-01 -2.68814802e-01 -2.30921000e-01 -1.92404926e-01
 -1.54877231e-01 -1.15301058e-01 -7.54564032e-02 -3.82925794e-02
  5.66782197e-04  3.71590964e-02  7.38640055e-02  1.09167859e-01
  1.44589290e-01  1.80049971e-01  2.12782919e-01  2.44297549e-01
  2.73276865e-01  3.02544475e-01  3.30478400e-01  3.56751859e-01
  3.78518969e-01  4.01569635e-01  4.22283888e-01  4.41940874e-01
  4.60188121e-01  4.75003958e-01  4.89001364e-01  5.02415955e-01
  5.15063226e-01  5.26951313e-01  5.39205551e-01  5.47600329e-01
  5.58762729e-01  5.69230735e-01  5.78621745e-01  5.89846015e-01
  5.99875450e-01  6.07620299e-01  6.16274595e-01  6.26171887e-01
  6.33967876e-01  6.44068897e-01  6.55443490e-01  6.66186512e-01
  6.74700379e-01  6.85387671e-01]
[-1.54903615 -1.52384043 -1.49998772 -1.47911191 -1.45816052 -1.43652892
 -1.41828799 -1.40051281 -1.37957692 -1.36224985 -1.34576619 -1.32840919
 -1.31519663 -1.30399072 -1.29257941 -1.28395474 -1.27465618 -1.26980448
 -1.26141012 -1.2552799  -1.25046682 -1.24537003 -1.24782324 -1.24736142
 -1.25194907 -1.26078892 -1.27031147 -1.28012109 -1.28796387 -1.29497564
 -1.30294859 -1.31099927 -1.32114995 -1.33097601 -1.33999991 -1.34505332
 -1.35176969 -1.357903   -1.36072743 -1.36344934 -1.36771035 -1.3705442
 -1.37420619 -1.37790775 -1.37778604 -1.37602377 -1.37138128 -1.36833644
 -1.36974621 -1.36573672 -1.36439753 -1.36244273 -1.36093342 -1.35792112
 -1.35166681 -1.34662175 -1.34093022 -1.33160102 -1.31955159 -1.30766678
 -1.29250693 -1.27968812 -1.26394641 -1.24692559 -1.23023796 -1.21106195
 -1.19200969 -1.16957545 -1.14861631 -1.12710571 -1.10610461 -1.08346617
 -1.06320548 -1.0390265  -1.01508737 -0.98984617 -0.96613371 -0.94062459
 -0.91492307 -0.88732958 -0.86110353 -0.83301628 -0.80720711 -0.7818523
 -0.75594586 -0.72797883 -0.70469803 -0.68198436 -0.65798867 -0.63583755
 -0.6160534  -0.59345448 -0.57309854 -0.55070359 -0.5311324  -0.51198035
 -0.49427062 -0.47784075 -0.46149951 -0.44645751 -0.43195152 -0.41857651
 -0.4068819  -0.39570671 -0.38588411 -0.37711841 -0.36622006 -0.3567766
 -0.3507838  -0.34567139 -0.34207186 -0.33911562 -0.3386966  -0.33939192
 -0.34300593 -0.34674695 -0.35052916 -0.35543135 -0.35988274 -0.36134279
 -0.36701602 -0.3724024  -0.37473685 -0.3776572  -0.37966859 -0.38371706
 -0.38518584 -0.38606453 -0.38496923 -0.385178   -0.38654974 -0.38446862
 -0.38272801 -0.38027993 -0.37709725 -0.37361503 -0.36969692 -0.36570865
 -0.36096242 -0.35340554 -0.34733003 -0.34129637 -0.33450896 -0.3274104
 -0.3197341  -0.31170067 -0.303675   -0.29402992 -0.28461939 -0.27403215
 -0.2631005  -0.25200403 -0.23974891 -0.22735956 -0.21353562 -0.19988954
 -0.18542562 -0.17000471 -0.15546064 -0.14029303 -0.12357078 -0.1057381
 -0.0894884  -0.07263841 -0.05600558 -0.03954    -0.02266285 -0.00506285
  0.01209562  0.02932035  0.04435588  0.06017009  0.07589872  0.09220955
  0.10665556  0.12086871  0.13451515  0.14821482  0.16211993  0.17627826
  0.19125222  0.20549142  0.21801054  0.22922856  0.24182171  0.25349075
  0.2648623   0.27661034  0.28665286  0.29643118  0.30498269  0.31224024
  0.31834275  0.32518926  0.33016562  0.33608219  0.34149554  0.34529564
  0.35066408  0.35602012  0.36249718  0.36798525  0.37340859  0.37812456
  0.3858203   0.39488542  0.40282905  0.4088819   0.4160594   0.42394361
  0.4307847   0.43845594  0.44456324  0.45249659  0.45873368  0.46592578
  0.47279555  0.48165125  0.48954722  0.4974432   0.50436503  0.51083726
  0.51894081  0.52520698  0.53572094  0.54090798  0.54442632  0.54745793
  0.54924709  0.55105561  0.55200374  0.55387646  0.55270815  0.55273092
  0.55139542  0.54993856  0.55033273  0.5499106   0.54888034  0.54841661
  0.548491    0.54771858  0.54680371  0.54704624  0.54564309  0.54484117
  0.54570788  0.54558742  0.54525399  0.54462022  0.54467148  0.54487365
  0.54551429  0.54570895  0.54599649  0.54693025  0.54822761  0.54912031
  0.54995072  0.5528909   0.55381602  0.55514771  0.55792016  0.56043541
  0.56348586  0.56766331  0.57193941  0.57580692  0.58022487  0.58510494
  0.59041959  0.59744674  0.60352254  0.61180001  0.61958307  0.62664264
  0.6362015   0.64320087  0.65032774  0.65645683  0.66253972  0.67027462
  0.67838901  0.68504065  0.68983495  0.69675523  0.7042858   0.71143973
  0.71960312  0.72737432  0.73457754  0.74087948  0.74972177  0.75740188
  0.76774246  0.77770251  0.78674775  0.79624629  0.80486262  0.8121649
  0.82017905  0.8317067   0.84214473  0.85067332  0.85926735  0.86666894
  0.87532705  0.88253713  0.88959926  0.89410019  0.89958662  0.90376031
  0.90649021  0.91031456  0.91179949  0.91310495  0.91292065  0.9097833
  0.90734428  0.90397179  0.90023017  0.8996172   0.89228922  0.88339382
  0.87615526  0.86778277  0.85825312  0.84979397  0.84053159  0.83176517
  0.82351452  0.81424963  0.80639046  0.79778713  0.79100424  0.78458869
  0.77713007  0.77016246  0.76619309  0.76138961  0.75588089  0.75261718
  0.74722904  0.74414092  0.74213976  0.73875046  0.73528618  0.73310792
  0.73288947  0.73223042  0.72938001  0.73025197  0.73172188  0.7334736
  0.73641956  0.74129802  0.74422079  0.75020772  0.75729024  0.76448029
  0.77255237  0.78066796  0.78973877  0.79828686  0.81058758  0.83018756
  0.90050834  0.91233474  0.92456478  0.93496382  0.94538254  0.95678067
  0.96857196  0.9792164   0.96332651  0.94055003  0.95414519  0.96788782
  0.98459065  1.00090504  1.01750863  1.03364897  1.04991984  1.06531942
  1.08109403  1.10004604  1.11681032]
