[-0.00782397 -0.00210014  0.00484447  0.01210177]
[0.83902025 0.84224659 0.84458369 0.84548682 0.84682882 0.84753597]
[-0.86033911 -0.85496551 -0.85093695 -0.8459754  -0.8411153  -0.83607751]
[-0.03670465 -0.02890814 -0.02159318 -0.01395331 -0.0082438  -0.00020237
  0.00819091  0.01579334  0.02337085  0.03097     0.03905214]
[-0.12371505 -0.10159642 -0.08730944 -0.06757537 -0.04625759 -0.03143821
 -0.01748291 -0.00535909  0.00542897  0.0146736   0.02884113  0.03921608
  0.04608971  0.05471082  0.0605835   0.066692    0.07575283  0.08652751
  0.09378683  0.10050434  0.10682246  0.1191713   0.13233735  0.14420348]
[-0.16816227 -0.14178076 -0.12256922 -0.09902216 -0.07465262 -0.05441222
 -0.03653487 -0.02115371 -0.00682235  0.00847357  0.02519712  0.03490799
  0.04617758  0.05754833  0.06375982  0.06836226  0.07660176  0.08571892
  0.09102556  0.09773191  0.10385206  0.11555169  0.12848559  0.13839005
  0.14848705  0.16357349  0.17805772  0.20047325  0.2188756   0.237349  ]
[-0.19928026 -0.17225148 -0.14767274 -0.12158339 -0.09559918 -0.07313517
 -0.05345878 -0.03391721 -0.02062099 -0.00237409  0.01478279  0.02912775
  0.03982355  0.05378278  0.06267777  0.06787738  0.07298907  0.0839534
  0.09309976  0.09855457  0.10419255  0.11517573  0.12328996  0.1303125
  0.14271927  0.15351471  0.16599476  0.18875372  0.21003391  0.22495116
  0.24300812  0.26434886]
[-0.1851555  -0.1843881  -0.1871008  -0.19130707 -0.19489135 -0.20140156
 -0.20457979 -0.20533185 -0.20987037 -0.2145405  -0.21868883 -0.22176093
 -0.22722116 -0.23715124 -0.24199429 -0.24680232 -0.25260264 -0.26309749
 -0.27327487 -0.28139967 -0.28640524 -0.28956467 -0.29501173 -0.2983954
 -0.30190226 -0.30415699 -0.30631706 -0.30627763 -0.30826801 -0.30881763
 -0.30607525 -0.3036755  -0.30214086 -0.29947859 -0.29568189 -0.28916436
 -0.28034335 -0.27281964 -0.26429367 -0.25613579 -0.24354728 -0.22353368
 -0.21023031 -0.19503225 -0.17866522 -0.16328135 -0.14553654 -0.13258281
 -0.12023169 -0.10682039 -0.09826607 -0.09150755 -0.08275898 -0.0742259
 -0.06604489 -0.05610204 -0.05160907 -0.04941431 -0.04338359 -0.03822625
 -0.03215976 -0.02550697 -0.02036452 -0.01590323 -0.00951635 -0.00270638
  0.0024682   0.00808136  0.01471988  0.02340212  0.03168539  0.03724426
  0.04506812  0.05502911  0.06373114  0.07072045  0.07734919  0.08453773
  0.091667    0.09996938  0.10732029  0.11364379  0.12080109  0.1289854
  0.13862324  0.14899313  0.15682913  0.16369979  0.16893916  0.17533474
  0.18175015  0.18722421  0.19354592  0.20123604  0.20933953  0.21712165
  0.22228014  0.2274114   0.23460531  0.24271965  0.24937972  0.2537612
  0.26196402  0.27134696  0.28089079  0.29231161  0.30279478  0.31310713
  0.32528397  0.33873695]
[-0.36579597 -0.36110222 -0.35564584 -0.34944543 -0.34185302 -0.33304384
 -0.32503569 -0.31824341 -0.31215769 -0.30564266 -0.30033568 -0.2962229
 -0.29148078 -0.28733182 -0.28208938 -0.27699825 -0.27361774 -0.26843473
 -0.26402062 -0.25633731 -0.25026983 -0.2457086  -0.24089435 -0.23176423
 -0.22329506 -0.21884349 -0.21516064 -0.21119568 -0.20709965 -0.20353945
 -0.1985621  -0.19383594 -0.18952231 -0.18530568 -0.18035479 -0.17577225
 -0.17058228 -0.16522726 -0.15996811 -0.15567818 -0.15062888 -0.14328913
 -0.13702451 -0.1318775  -0.12622063 -0.12002762 -0.11287917 -0.10266981
 -0.09472363 -0.08549694 -0.07557578 -0.06741931 -0.05663098 -0.04820208
 -0.03957782 -0.03078192 -0.02359812 -0.01785019 -0.01244747 -0.00736297
 -0.00196601  0.00307754  0.00692407  0.01246267  0.01718214  0.02008664
  0.02346242  0.02872697  0.03403018  0.03821082  0.0420389   0.04507167
  0.04946691  0.05424296  0.05871916  0.06282635  0.06786463  0.07249372
  0.07573097  0.07968558  0.08429158  0.0888638   0.0945768   0.09913404
  0.10470536  0.11136975  0.11879443  0.12566186  0.13450645  0.14453845
  0.15416206  0.16286358  0.1713327   0.1820143   0.19183229  0.20055479
  0.20884523  0.2174582   0.22715969  0.23844093  0.2486769   0.26196358
  0.27596954  0.28794289  0.29892093  0.31070513  0.32415155  0.33688799
  0.34939027  0.36188319  0.37463552  0.3883476   0.4031246   0.41704425
  0.43136999  0.44689524]
[-0.5741089  -0.55283296 -0.53595287 -0.5243299  -0.50894475 -0.48958668
 -0.4741545  -0.45828575 -0.44483235 -0.43295425 -0.42029247 -0.40888652
 -0.39659292 -0.38596573 -0.37450176 -0.36111617 -0.34898087 -0.33665845
 -0.32437471 -0.31168488 -0.29934976 -0.28821948 -0.27464521 -0.26211476
 -0.24915947 -0.23784412 -0.21667373 -0.20211123 -0.19157156 -0.1816536
 -0.17129913 -0.1609764  -0.1525763  -0.14239348 -0.13277093 -0.12432861
 -0.11558344 -0.10821514 -0.10059012 -0.09256405 -0.08578922 -0.07954229
 -0.07260662 -0.0655538  -0.05913535 -0.05078327 -0.04420267 -0.03689251
 -0.03062445 -0.02348062 -0.01623061 -0.00958654 -0.00199834  0.00491742
  0.00875726  0.01541656  0.0235089   0.03106156  0.03958078  0.04650372
  0.05396122  0.06177671  0.0682397   0.07397004  0.07843127  0.08110658
  0.08469231  0.08921744  0.09008857  0.09288441  0.09377959  0.09416673
  0.09421957  0.09382386  0.09335735  0.09257667  0.09183241  0.09410456
  0.09257824  0.08933875  0.08801845  0.08499168  0.08291897  0.0805986
  0.07838279  0.076972    0.07621517  0.07804284  0.08390296  0.08792526
  0.09334698  0.1011726   0.10791891  0.11357439  0.12015604  0.12530787
  0.12947102  0.13382705  0.13757333  0.14361219  0.15522626  0.1660365
  0.17696039  0.18793815  0.1943038   0.19975008  0.20696382  0.21305291
  0.21970256  0.22748607  0.23644792  0.24552566  0.2559593   0.26649997
  0.27726102  0.28765315  0.29978582  0.31875029  0.33792672  0.35540602
  0.37160388  0.38715643  0.40911621]
[-0.49188003 -0.4766199  -0.46294349 -0.45437396 -0.44357169 -0.4253749
 -0.41000286 -0.39896786 -0.39117333 -0.38430688 -0.37559974 -0.36888769
 -0.36379561 -0.35813326 -0.35409352 -0.34916878 -0.34379467 -0.3377887
 -0.33388555 -0.32889631 -0.32365224 -0.31758597 -0.31271151 -0.30793217
 -0.30215719 -0.29663101 -0.29159743 -0.28553277 -0.27762431 -0.27114108
 -0.26422921 -0.25718239 -0.25073075 -0.24424356 -0.23763296 -0.23201884
 -0.22836253 -0.22433098 -0.21924677 -0.21264693 -0.20621638 -0.20016609
 -0.1928453  -0.18508053 -0.1772376  -0.16885275 -0.16043209 -0.15245822
 -0.14357699 -0.13432345 -0.12443323 -0.11463118 -0.1053368  -0.09756657
 -0.0888152  -0.07923228 -0.06896026 -0.05853836 -0.04840412 -0.03901892
 -0.02907064 -0.0194276  -0.01031395 -0.00125793  0.01071289  0.02307566
  0.03198231  0.03810114  0.04456733  0.05119251  0.05665104  0.06348994
  0.06733952  0.07049385  0.0731769   0.07275677  0.07480419  0.07605407
  0.07542738  0.07470622  0.07347218  0.0716095   0.07104181  0.07569974
  0.07940427  0.07914258  0.07863261  0.08237114  0.08687944  0.08790854
  0.09139082  0.09733007  0.09966721  0.10031369  0.1023528   0.10302185
  0.1028522   0.10212266  0.10344572  0.10529654  0.11648495  0.12170966
  0.12330957  0.12772326  0.12919308  0.13132183  0.13390303  0.135581
  0.13806725  0.14192401  0.14666884  0.15070087  0.15641074  0.16258743
  0.16915676  0.17601362  0.18689075  0.20258117  0.21728644  0.22715725
  0.23838754  0.25499034  0.2698783   0.28134903  0.29703224  0.31357023
  0.32639927  0.33968663  0.35460004  0.36613521  0.37811211  0.39224347]
[-1.06395972 -1.04997396 -1.05112505 -1.05248713 -1.05316663 -1.05274224
 -1.04884577 -1.0426929  -1.02783489 -1.01560497 -1.00442362 -0.99696642
 -0.99170756 -0.98837847 -0.98388141 -0.97774923 -0.96994519 -0.96254683
 -0.95480454 -0.94633222 -0.93671107 -0.92652994 -0.91812354 -0.90799803
 -0.89894193 -0.88766938 -0.87629378 -0.86440766 -0.85112685 -0.83911687
 -0.82758075 -0.8170135  -0.80537254 -0.79363424 -0.78273898 -0.77156347
 -0.7608754  -0.75160247 -0.74099773 -0.73186135 -0.72267872 -0.71298724
 -0.70400637 -0.6941306  -0.6844449  -0.67639041 -0.66885298 -0.66190714
 -0.65557855 -0.64897221 -0.64326394 -0.63775218 -0.63402635 -0.62973058
 -0.62526965 -0.62108183 -0.61791605 -0.61598253 -0.61446977 -0.61302292
 -0.61155367 -0.61133808 -0.61167783 -0.61022538 -0.61058193 -0.61167198
 -0.61278743 -0.61356431 -0.61311662 -0.61041361 -0.603248   -0.59694743
 -0.59016305 -0.57873946 -0.56904429 -0.55640638 -0.54573584 -0.53468055
 -0.52342433 -0.51583207 -0.50963551 -0.49982458 -0.49174273 -0.48358679
 -0.47173601 -0.46153042 -0.44822875 -0.43510824 -0.42598963 -0.41227123
 -0.39375427 -0.37753925 -0.35989338 -0.3466804  -0.33605984 -0.32520318
 -0.31600431 -0.29341948 -0.27058902 -0.26054811 -0.25156075 -0.24404192
 -0.23878048 -0.23260085 -0.22508557 -0.21740089 -0.20939051 -0.20207642
 -0.19679393 -0.19387864 -0.19216429 -0.18983272 -0.18763295 -0.18664888
 -0.18653226 -0.18635763 -0.18591437 -0.18494169 -0.18569374 -0.18695582
 -0.1868452  -0.18680888 -0.18782775 -0.18927513 -0.19125257 -0.19255352
 -0.19330336 -0.19323465 -0.19326741 -0.19380473 -0.19463038 -0.19535829
 -0.19627935 -0.19663221 -0.19519103 -0.19319995 -0.19189051 -0.18991545
 -0.1876042  -0.18590072 -0.18358114 -0.18020217 -0.17745614 -0.17294341
 -0.16777156 -0.16262107 -0.15709327 -0.15070097 -0.143888  ]
[0.04849181 0.06612509 0.08472639 0.10342737 0.12239136 0.14293258
 0.16182111 0.17935644 0.19727482 0.21538964 0.23291253 0.25037438
 0.26642668 0.27966434 0.2931225  0.30773789 0.32161361 0.33423546
 0.34496218 0.35332552 0.36240423 0.37220955 0.38009831 0.38526997
 0.39030513 0.39583349 0.39985105 0.40184158 0.40429854 0.40666038
 0.40863064 0.40990561 0.41009018 0.4094038  0.40840384 0.40882137
 0.40830699 0.4062756  0.40394923 0.40058658 0.39769909 0.39538303
 0.39179885 0.38779217 0.38420382 0.38098991 0.37636107 0.37237477
 0.36812788 0.36334246 0.35940611 0.35501367 0.35099062 0.34699255
 0.34335405 0.34044835 0.33737689 0.3347708  0.33210629 0.330549
 0.32997969 0.3304562  0.32911304 0.32914621 0.32993791 0.33118606
 0.33464918 0.33872917 0.34311089 0.3488951  0.35482612 0.36111188
 0.36871111 0.37691063 0.38533446 0.39403248 0.40347186 0.41298741
 0.42392141 0.43598667 0.44714338 0.45882326 0.47137737 0.48456946
 0.49631396 0.50804734 0.52028352 0.53305793 0.54694247 0.5610593
 0.57397079 0.5869177  0.59948611 0.61112773 0.62275898 0.63516372
 0.64645594 0.65630192 0.66575313 0.6748001  0.68322223 0.69161499
 0.69863349 0.7052933  0.71164155 0.71802753 0.72281963 0.72712231
 0.7306844  0.73433638 0.7383703  0.74160844 0.74449897 0.74609351
 0.74734789 0.74871171 0.74985391 0.7507841  0.7516427  0.75219101
 0.75237703 0.75215292 0.75267738 0.75339735 0.75306082 0.75245255
 0.7520197  0.75121808 0.75001496 0.74940252 0.74816531 0.74686527
 0.74616551 0.74566895 0.7455008  0.74732977 0.75765407 0.7657162
 0.77518493 0.7756092  0.77507871 0.77368128 0.77285802 0.77034473
 0.76455861 0.75646091 0.74790817 0.74063385 0.73960263]
[-2.40395576e-01 -2.35331208e-01 -2.36937180e-01 -2.42806211e-01
 -2.47051805e-01 -2.53238231e-01 -2.59437919e-01 -2.64517277e-01
 -2.68677324e-01 -2.71214724e-01 -2.74892122e-01 -2.78328627e-01
 -2.78996587e-01 -2.80205727e-01 -2.83797145e-01 -2.85627753e-01
 -2.87274152e-01 -2.88319588e-01 -2.90711373e-01 -2.93463409e-01
 -2.95407385e-01 -2.97436506e-01 -3.01210105e-01 -3.02133560e-01
 -3.01872760e-01 -3.02031517e-01 -3.01086366e-01 -3.01594228e-01
 -3.01029205e-01 -2.99766600e-01 -2.97059655e-01 -2.91631788e-01
 -2.86986023e-01 -2.79987484e-01 -2.72225112e-01 -2.66105741e-01
 -2.60388762e-01 -2.54070222e-01 -2.45866194e-01 -2.40101978e-01
 -2.35985011e-01 -2.28913993e-01 -2.25088209e-01 -2.29862273e-01
 -2.30994597e-01 -2.24551037e-01 -2.19517410e-01 -2.12575167e-01
 -2.05541536e-01 -1.96992129e-01 -1.89306498e-01 -1.84631661e-01
 -1.76680341e-01 -1.69218943e-01 -1.62187666e-01 -1.53522894e-01
 -1.46392137e-01 -1.40054733e-01 -1.34073898e-01 -1.29201710e-01
 -1.23892792e-01 -1.16904207e-01 -1.11285456e-01 -1.06486805e-01
 -1.01856858e-01 -9.68288928e-02 -9.29254964e-02 -8.89018103e-02
 -8.62413347e-02 -8.26320648e-02 -7.71746188e-02 -7.33573735e-02
 -7.06582218e-02 -6.76446110e-02 -6.27416596e-02 -5.89559153e-02
 -5.43100610e-02 -5.06823622e-02 -4.89056520e-02 -4.48170640e-02
 -3.99819836e-02 -3.26241888e-02 -2.61371806e-02 -2.23737191e-02
 -1.75589602e-02 -1.22581944e-02 -7.31794536e-03 -3.83464294e-03
 -8.90084702e-05  2.66087940e-03  7.70696951e-03  1.51084317e-02
  2.25329418e-02  2.94969752e-02  4.09217514e-02  5.25427870e-02
  5.71600609e-02  5.95398545e-02  6.26289546e-02  6.74162507e-02
  6.93745092e-02  7.31740519e-02  7.61499926e-02  7.82078952e-02
  8.00634176e-02  8.36647674e-02  8.78819153e-02  9.09980759e-02
  9.29847583e-02  9.33233351e-02  9.61321145e-02  9.95841771e-02
  1.07255317e-01  1.15592085e-01  1.16308972e-01  1.18140884e-01
  1.21055625e-01  1.26961201e-01  1.33359015e-01  1.36362746e-01
  1.38003379e-01  1.38515860e-01  1.44302890e-01  1.45262137e-01
  1.46217525e-01  1.48761883e-01  1.49997756e-01  1.50803685e-01
  1.52207777e-01  1.51659623e-01  1.52790070e-01  1.52847111e-01
  1.55573875e-01  1.69868737e-01  1.70260668e-01  1.69184521e-01
  1.68620721e-01  1.69540495e-01  1.69889808e-01  1.70936182e-01
  1.72608554e-01  1.72728568e-01  1.71861231e-01  1.71833098e-01
  1.73044682e-01  1.74068585e-01  1.73276022e-01  1.74279615e-01
  1.74221426e-01  1.73858806e-01  1.73461244e-01  1.74107313e-01]
[-0.35945398 -0.35474887 -0.35101345 -0.34689546 -0.34232199 -0.33786517
 -0.33428317 -0.33105969 -0.32613635 -0.32170758 -0.31757841 -0.31323656
 -0.30818215 -0.30304044 -0.29825041 -0.29271126 -0.28706536 -0.28136811
 -0.27587897 -0.26969889 -0.26334044 -0.25638092 -0.24966495 -0.24108601
 -0.23258555 -0.2241258  -0.21541843 -0.20609425 -0.19705258 -0.18873362
 -0.18070213 -0.17354858 -0.16818002 -0.16370052 -0.15960443 -0.15631795
 -0.15412892 -0.15261994 -0.15008342 -0.14752528 -0.14427112 -0.14149238
 -0.13929726 -0.1370275  -0.13434565 -0.13200276 -0.13071631 -0.12917925
 -0.12752333 -0.12618503 -0.12433093 -0.12329674 -0.12210304 -0.12094647
 -0.11992422 -0.1194336  -0.11852628 -0.11809534 -0.11757463 -0.11519957
 -0.11497974 -0.1150438  -0.11532024 -0.11471681 -0.11471794 -0.11563659
 -0.11580337 -0.11526213 -0.11361405 -0.11350011 -0.11253336 -0.11075983
 -0.10922926 -0.10742611 -0.10537539 -0.10327975 -0.09965427 -0.0954975
 -0.0908277  -0.08762037 -0.08444073 -0.08109771 -0.07824662 -0.07503749
 -0.07144627 -0.06747629 -0.06249167 -0.05763378 -0.05291473 -0.04774866
 -0.04377269 -0.03820797 -0.0327135  -0.02703723 -0.0217239  -0.01641565
 -0.01080706 -0.00561641  0.00247161  0.00973407  0.01584923  0.02156669
  0.02678544  0.03153133  0.03676561  0.04234913  0.04769347  0.05204318
  0.05664911  0.06165155  0.06633487  0.07075181  0.07494502  0.0789585
  0.08361844  0.08712713  0.09024796  0.09387451  0.0978044   0.10176007
  0.10475385  0.10856116  0.11227131  0.1159573   0.11928987  0.12247673
  0.12588947  0.12992184  0.13353342  0.1351441   0.13788012  0.14138708
  0.14488591  0.1478591   0.15014534  0.15256251  0.15536584  0.15869075
  0.16032057  0.16224483  0.16493402  0.16701779  0.16944936  0.17185365
  0.1737338   0.17683487  0.17948598  0.18227513  0.18543939  0.18826112
  0.19259739  0.19612172  0.19991432  0.2038776   0.20838749  0.21192636
  0.21522443  0.21965759  0.22452888  0.22875188  0.23324566  0.23855725
  0.2432064   0.24914408  0.25502381  0.26097065  0.26696017  0.27321789
  0.28031787  0.28672951]
[-0.4868111  -0.48273119 -0.47641671 -0.46892676 -0.46139121 -0.45525828
 -0.44942856 -0.44144398 -0.43379256 -0.42796996 -0.42348081 -0.42023131
 -0.41717443 -0.41322088 -0.40789086 -0.404035   -0.40219826 -0.39887911
 -0.39487883 -0.39231622 -0.3881402  -0.38233602 -0.37643927 -0.3729094
 -0.36848298 -0.36420608 -0.35976523 -0.35451525 -0.35053959 -0.34790924
 -0.34546554 -0.34241551 -0.3409681  -0.34126562 -0.34211695 -0.33919433
 -0.33347234 -0.32686272 -0.32007936 -0.31347743 -0.30734524 -0.30133167
 -0.29544559 -0.2886999  -0.28172952 -0.27511674 -0.26777256 -0.26062012
 -0.25376087 -0.24711511 -0.24052107 -0.23351035 -0.22653197 -0.22004165
 -0.21301609 -0.20649368 -0.19959161 -0.19396564 -0.18878321 -0.18230683
 -0.17675893 -0.17234398 -0.16826282 -0.16653571 -0.16358264 -0.16065791
 -0.15636766 -0.15237261 -0.14879398 -0.14707196 -0.14443016 -0.14044315
 -0.13721895 -0.13584504 -0.13342373 -0.1298299  -0.12688754 -0.12484683
 -0.12301508 -0.12028584 -0.11651614 -0.11364458 -0.11119019 -0.11022262
 -0.10853024 -0.10523161 -0.10144904 -0.09901987 -0.09740429 -0.09288735
 -0.0877819  -0.08389837 -0.07993273 -0.07537617 -0.07143063 -0.06742559
 -0.06486954 -0.06154972 -0.05757548 -0.0538753  -0.04988243 -0.0453406
 -0.04211798 -0.03916777 -0.03565037 -0.03183648 -0.03059234 -0.02912202
 -0.0270936  -0.02275709 -0.01835037 -0.01354974 -0.00933164 -0.00662125
 -0.00253277  0.00149666  0.00640725  0.0105731   0.01448639  0.01906677
  0.02319226  0.02689074  0.03011753  0.03389     0.03643503  0.03920375
  0.04205922  0.04538631  0.05014961  0.05623604  0.06124926  0.06503256
  0.06945018  0.07484739  0.07955264  0.08235579  0.08597007  0.0891657
  0.09343345  0.09710515  0.09989027  0.10262518  0.10560957  0.10783724
  0.11043245  0.11418691  0.11820375  0.12283187  0.12754896  0.13266888
  0.13734865  0.14248765  0.1479907   0.15292549  0.15826342  0.16343229
  0.16906787  0.17375585  0.17929238  0.18584837  0.19279788  0.19942151
  0.20619906  0.21336265  0.22047631  0.22782665  0.2352713   0.2427545
  0.25023821  0.25783283  0.26573893  0.27322212  0.2814022   0.29026502
  0.29913452  0.30741119  0.31627345  0.32491043  0.33564693  0.34836587
  0.35889554  0.36924592  0.37920171  0.38929     0.39949077  0.40955216
  0.42002547  0.43084216  0.43981373  0.44828817  0.46236724  0.47229883
  0.48181185  0.49171478  0.50057739  0.5085423   0.51658791  0.52536106
  0.53204387]
[-6.12218201e-01 -6.03202760e-01 -5.93911767e-01 -5.83453059e-01
 -5.74021518e-01 -5.64315200e-01 -5.53733468e-01 -5.44387341e-01
 -5.35286307e-01 -5.24680495e-01 -5.14641345e-01 -5.06189406e-01
 -4.97964770e-01 -4.89518255e-01 -4.82586622e-01 -4.76177126e-01
 -4.68119740e-01 -4.61131543e-01 -4.54770714e-01 -4.46811348e-01
 -4.39876318e-01 -4.34255898e-01 -4.28947061e-01 -4.24390316e-01
 -4.19119477e-01 -4.11368459e-01 -4.03392553e-01 -3.97930473e-01
 -3.92770976e-01 -3.87272656e-01 -3.81618351e-01 -3.77920330e-01
 -3.75663519e-01 -3.72702241e-01 -3.68195087e-01 -3.66636962e-01
 -3.71817976e-01 -3.75166893e-01 -3.73283803e-01 -3.69842440e-01
 -3.66571486e-01 -3.64381820e-01 -3.60495090e-01 -3.55376542e-01
 -3.51144791e-01 -3.46347332e-01 -3.41236234e-01 -3.36592197e-01
 -3.31370443e-01 -3.25079232e-01 -3.18784028e-01 -3.13620031e-01
 -3.09360385e-01 -3.05020243e-01 -2.99430996e-01 -2.94227451e-01
 -2.89115191e-01 -2.84414649e-01 -2.78676361e-01 -2.73434430e-01
 -2.67845452e-01 -2.62950838e-01 -2.58192748e-01 -2.52940655e-01
 -2.47760400e-01 -2.43966252e-01 -2.40106717e-01 -2.35286459e-01
 -2.30009794e-01 -2.26843566e-01 -2.24384069e-01 -2.22458228e-01
 -2.19947860e-01 -2.16906592e-01 -2.14197174e-01 -2.12551996e-01
 -2.10160509e-01 -2.07117423e-01 -2.03956977e-01 -2.00229004e-01
 -1.96771234e-01 -1.93552002e-01 -1.90566733e-01 -1.86218292e-01
 -1.81474984e-01 -1.77700415e-01 -1.72574297e-01 -1.66681409e-01
 -1.61140412e-01 -1.55996993e-01 -1.49408802e-01 -1.41553476e-01
 -1.33290336e-01 -1.24996185e-01 -1.17220379e-01 -1.10117368e-01
 -1.02136545e-01 -9.36667323e-02 -8.47038329e-02 -7.59066269e-02
 -6.72199205e-02 -5.90489358e-02 -5.12573645e-02 -4.35237214e-02
 -3.53711136e-02 -2.79216357e-02 -2.12276019e-02 -1.45746050e-02
 -7.32023735e-03 -3.65122032e-05  5.60290786e-03  1.14410967e-02
  1.74638536e-02  2.40157787e-02  2.94285603e-02  3.45706306e-02
  3.92552428e-02  4.29354906e-02  4.71202470e-02  5.12747988e-02
  5.41776754e-02  5.77889718e-02  6.04187883e-02  6.48379102e-02
  6.75677061e-02  6.92184120e-02  7.18333721e-02  7.37487003e-02
  7.59118199e-02  7.99913034e-02  8.44862312e-02  8.92558694e-02
  9.33216363e-02  9.47324559e-02  9.89248306e-02  1.03208289e-01
  1.07798345e-01  1.11107633e-01  1.13873921e-01  1.17064431e-01
  1.21413775e-01  1.26139432e-01  1.29241690e-01  1.31690636e-01
  1.35338530e-01  1.38906673e-01  1.41121611e-01  1.43303424e-01
  1.45314470e-01  1.48606643e-01  1.52007282e-01  1.56451911e-01
  1.60955787e-01  1.64611787e-01  1.68348730e-01  1.72144517e-01
  1.76594406e-01  1.80549204e-01  1.84897229e-01  1.89644679e-01
  1.93985507e-01  1.97968900e-01  2.04098985e-01  2.10213259e-01
  2.16201678e-01  2.22626239e-01  2.29090601e-01  2.35247910e-01
  2.42345676e-01  2.49222070e-01  2.56074637e-01  2.63691694e-01
  2.71757483e-01  2.79451519e-01  2.88038492e-01  2.96791494e-01
  3.05961579e-01  3.15224469e-01  3.24463814e-01  3.34497333e-01
  3.45174611e-01  3.56495053e-01  3.67831171e-01  3.78412575e-01
  3.89366031e-01  4.01456445e-01  4.11838591e-01  4.22383338e-01
  4.32842612e-01  4.42414433e-01  4.51605737e-01  4.60342288e-01
  4.67727423e-01  4.74917322e-01  4.83339518e-01  4.91677433e-01
  4.99410421e-01  5.07146776e-01  5.13500333e-01  5.21723509e-01
  5.29709995e-01  5.38909316e-01  5.52608490e-01  5.60982645e-01
  5.69497824e-01  5.77277958e-01  5.85425854e-01  5.93990684e-01
  6.02455735e-01  6.10346437e-01  6.16503954e-01]
[-0.66327232 -0.65789211 -0.65167737 -0.64627481 -0.64007348 -0.63326031
 -0.62743324 -0.6203267  -0.61385423 -0.60705012 -0.5989033  -0.59154886
 -0.58383542 -0.5760529  -0.56905699 -0.56102657 -0.55361152 -0.5466252
 -0.54070848 -0.53664464 -0.53012872 -0.52458626 -0.51966333 -0.5144254
 -0.51085383 -0.50689691 -0.50240266 -0.49632967 -0.48935562 -0.48315564
 -0.47708172 -0.47089398 -0.4648459  -0.45924741 -0.45326433 -0.44745031
 -0.44368419 -0.44067913 -0.43552607 -0.43234774 -0.43491474 -0.43401301
 -0.42985183 -0.42546639 -0.42095941 -0.41651967 -0.4119541  -0.40782464
 -0.40501472 -0.40099207 -0.39658678 -0.39210284 -0.38684422 -0.38188422
 -0.37700236 -0.37086254 -0.36567849 -0.35976884 -0.35362354 -0.347965
 -0.34182703 -0.33604676 -0.32796761 -0.32128078 -0.31500918 -0.30936939
 -0.30173695 -0.29508761 -0.28914228 -0.28321099 -0.27626997 -0.2690872
 -0.26157153 -0.25461003 -0.24689671 -0.23973633 -0.23111203 -0.2240109
 -0.21720824 -0.20865564 -0.20158771 -0.19431517 -0.18747577 -0.18244638
 -0.17846468 -0.17337234 -0.16886437 -0.16509831 -0.16064288 -0.15665638
 -0.14912032 -0.14254446 -0.13674375 -0.13209629 -0.12775476 -0.12333804
 -0.11759584 -0.11229165 -0.10681943 -0.10198843 -0.09720694 -0.09164189
 -0.08490238 -0.07911178 -0.07360725 -0.06758781 -0.06150832 -0.05606936
 -0.05064546 -0.0442173  -0.03760867 -0.0323384  -0.02662694 -0.0217013
 -0.01648988 -0.01119087 -0.00835277 -0.00456451 -0.00150181  0.0015359
  0.00509271  0.0088499   0.01324793  0.01701589  0.0205138   0.02493673
  0.0283122   0.03430806  0.0405339   0.04407588  0.04778348  0.05158786
  0.0548429   0.05855048  0.06280769  0.06750388  0.07265315  0.07809072
  0.08292315  0.08780354  0.09324985  0.0980907   0.10247797  0.10707661
  0.11251976  0.11731775  0.1217271   0.12678105  0.13202651  0.13677981
  0.14169049  0.14785576  0.1537997   0.16149665  0.16903821  0.17691599
  0.18404919  0.19153778  0.19771665  0.20458177  0.21085767  0.21607848
  0.22158766  0.22719277  0.23281644  0.23740359  0.24360457  0.24892075
  0.25380337  0.25942168  0.26500592  0.27060759  0.27728412  0.28342605
  0.28891253  0.29311672  0.29813647  0.30250201  0.30648503  0.31074995
  0.31598747  0.32089621  0.32627189  0.33112866  0.33676383  0.34310579
  0.35079682  0.35751384  0.36406624  0.37105244  0.37641576  0.38364461
  0.39208278  0.40067476  0.40803227  0.41499642  0.42188257  0.42822182
  0.43664616  0.44501173  0.45352712  0.46183673  0.46953958  0.47865006
  0.48784941  0.49955425  0.51006055  0.51941806  0.52805942  0.53704554
  0.54545867  0.55419052  0.56294137  0.57173663  0.57959986  0.58904171
  0.59924972  0.60847527  0.62314045  0.63315797  0.64189428  0.65010649
  0.65789211  0.66505384  0.67203885  0.67945302  0.68382925]
[-7.29679465e-01 -7.22850144e-01 -7.19699621e-01 -7.16723263e-01
 -7.14517593e-01 -7.11875618e-01 -7.08694458e-01 -7.05350637e-01
 -7.01866329e-01 -6.98471785e-01 -6.95046842e-01 -6.92288935e-01
 -6.88602507e-01 -6.84793472e-01 -6.80973947e-01 -6.77283168e-01
 -6.71734691e-01 -6.65058255e-01 -6.60106122e-01 -6.54887021e-01
 -6.49519801e-01 -6.44895971e-01 -6.40295148e-01 -6.36363328e-01
 -6.31820083e-01 -6.27463222e-01 -6.22992694e-01 -6.14676297e-01
 -6.08509719e-01 -6.02192163e-01 -5.95323026e-01 -5.88415265e-01
 -5.77780485e-01 -5.71734130e-01 -5.63091218e-01 -5.52520454e-01
 -5.44320166e-01 -5.34941196e-01 -5.27319252e-01 -5.19853890e-01
 -5.12580395e-01 -5.05750835e-01 -4.98935312e-01 -4.92303759e-01
 -4.86628741e-01 -4.82337713e-01 -4.78585601e-01 -4.76189762e-01
 -4.74343508e-01 -4.69448954e-01 -4.63942558e-01 -4.57922697e-01
 -4.52125430e-01 -4.47002798e-01 -4.41920966e-01 -4.37264979e-01
 -4.32566404e-01 -4.26264673e-01 -4.18694019e-01 -4.12632078e-01
 -4.06149298e-01 -3.99322689e-01 -3.92625868e-01 -3.86483222e-01
 -3.80176663e-01 -3.72514814e-01 -3.65541548e-01 -3.59557360e-01
 -3.55179846e-01 -3.48649710e-01 -3.42140257e-01 -3.37068081e-01
 -3.31782520e-01 -3.24629396e-01 -3.18359643e-01 -3.11717898e-01
 -3.05254906e-01 -2.99705595e-01 -2.93802202e-01 -2.86776304e-01
 -2.80450195e-01 -2.73457557e-01 -2.66431451e-01 -2.58885771e-01
 -2.50245154e-01 -2.43490905e-01 -2.37498373e-01 -2.30599463e-01
 -2.23056793e-01 -2.16420427e-01 -2.09530577e-01 -2.02453867e-01
 -1.96920410e-01 -1.91394895e-01 -1.84065685e-01 -1.77089706e-01
 -1.72040239e-01 -1.67533249e-01 -1.62806153e-01 -1.57022804e-01
 -1.52607769e-01 -1.46859333e-01 -1.40218258e-01 -1.36704817e-01
 -1.33723125e-01 -1.31155446e-01 -1.28306493e-01 -1.25915885e-01
 -1.23506643e-01 -1.21096924e-01 -1.18878454e-01 -1.17692947e-01
 -1.15450956e-01 -1.13406986e-01 -1.11109629e-01 -1.08756661e-01
 -1.02891974e-01 -9.39634517e-02 -8.81393701e-02 -8.46045241e-02
 -7.97351226e-02 -7.43170455e-02 -6.97373748e-02 -6.63919374e-02
 -6.28460124e-02 -5.96862584e-02 -5.55383749e-02 -5.23994528e-02
 -4.85408232e-02 -4.40462083e-02 -3.27752829e-02 -2.75827460e-02
 -2.43401323e-02 -2.04647146e-02 -1.61769204e-02 -1.22508211e-02
 -8.24511610e-03 -4.24840581e-03 -8.31647994e-05  3.44651379e-03
  7.64568616e-03  1.19460877e-02  1.67072769e-02  2.13489216e-02
  2.65940428e-02  3.21645513e-02  3.82018201e-02  4.53526527e-02
  5.13234735e-02  5.80519810e-02  6.41704574e-02  7.14304000e-02
  7.77927041e-02  8.44566375e-02  9.09287035e-02  9.79947522e-02
  1.04958303e-01  1.11713387e-01  1.18498474e-01  1.26540616e-01
  1.33714691e-01  1.41801879e-01  1.50242150e-01  1.59997612e-01
  1.70018002e-01  1.79861173e-01  1.90445960e-01  2.00271294e-01
  2.10010797e-01  2.21173942e-01  2.29899034e-01  2.38918424e-01
  2.48116717e-01  2.56527960e-01  2.65390962e-01  2.75886029e-01
  2.86853760e-01  2.95871913e-01  3.04437757e-01  3.12761456e-01
  3.19906294e-01  3.27920884e-01  3.37394357e-01  3.44714612e-01
  3.53097141e-01  3.59910965e-01  3.66544783e-01  3.72688025e-01
  3.78756434e-01  3.85380000e-01  3.90170544e-01  3.95387799e-01
  4.00846094e-01  4.06025499e-01  4.13534015e-01  4.20345217e-01
  4.24661398e-01  4.29108411e-01  4.32941467e-01  4.37168062e-01
  4.40859526e-01  4.44553226e-01  4.47936267e-01  4.51019466e-01
  4.53715593e-01  4.56473231e-01  4.59592760e-01  4.62414354e-01
  4.65204149e-01  4.68121678e-01  4.71729249e-01  4.74982381e-01
  4.78584319e-01  4.81591821e-01  4.85286653e-01  4.88500088e-01
  4.92199838e-01  4.95952785e-01  4.99351144e-01  5.02861857e-01
  5.06671667e-01  5.10065377e-01  5.14752269e-01  5.20107269e-01
  5.25690734e-01  5.30313909e-01  5.34533739e-01  5.38845301e-01
  5.43288827e-01  5.48766851e-01  5.53361475e-01  5.58822334e-01
  5.64594746e-01  5.70239246e-01  5.76305091e-01  5.92326581e-01
  5.98525703e-01  6.05702877e-01  6.13013744e-01  6.23158693e-01
  6.29580915e-01  6.36208653e-01  6.42519951e-01  6.50087833e-01
  6.57164156e-01  6.64200604e-01  6.71977460e-01  6.78463578e-01]
[-0.70328432 -0.69602162 -0.69131726 -0.68687761 -0.68364269 -0.68051612
 -0.67726207 -0.6744073  -0.6714406  -0.66867465 -0.6658017  -0.66263539
 -0.65946561 -0.65622419 -0.6532405  -0.65006161 -0.64678895 -0.64338899
 -0.64025635 -0.63706386 -0.6316213  -0.62553054 -0.62135136 -0.61774015
 -0.61362976 -0.6106329  -0.60734761 -0.60209894 -0.59688085 -0.59177136
 -0.58717722 -0.58217347 -0.57499224 -0.56945246 -0.56337273 -0.55599105
 -0.54857969 -0.54153305 -0.53485596 -0.52779257 -0.52069956 -0.51384741
 -0.50685674 -0.50061935 -0.49505025 -0.4893167  -0.48494408 -0.48127776
 -0.47990054 -0.47580105 -0.46989471 -0.46344328 -0.45653331 -0.45075598
 -0.44499534 -0.44040284 -0.43549624 -0.42854708 -0.42180011 -0.4163551
 -0.41044143 -0.40428099 -0.39809957 -0.39177594 -0.38529038 -0.378943
 -0.37193877 -0.3654162  -0.36137143 -0.35623959 -0.35011253 -0.34421349
 -0.33680263 -0.32968745 -0.32274935 -0.31548724 -0.30921227 -0.30225095
 -0.29578489 -0.28916138 -0.28231922 -0.27583054 -0.26893508 -0.26162374
 -0.25371417 -0.24702008 -0.23944491 -0.22976886 -0.21835597 -0.21133505
 -0.20480897 -0.19911209 -0.19321355 -0.18842955 -0.18328506 -0.17663363
 -0.16740023 -0.16212006 -0.15794836 -0.15340014 -0.14976087 -0.14616445
 -0.14124446 -0.13690317 -0.13405511 -0.13133451 -0.12849741 -0.12601005
 -0.12351705 -0.12160541 -0.11919432 -0.11715952 -0.11350314 -0.1105916
 -0.10885808 -0.10676237 -0.10421702 -0.10133941 -0.09804139 -0.09592473
 -0.09033774 -0.08342798 -0.08124248 -0.0784893  -0.07574312 -0.07341255
 -0.07140005 -0.06969893 -0.06709402 -0.06450001 -0.05871964 -0.05492308
 -0.05216359 -0.04910975 -0.04570747 -0.04172526 -0.03812232 -0.03456063
 -0.03074438 -0.02737476 -0.02326961 -0.01871553 -0.01423594 -0.00876739
 -0.00309343  0.0023045   0.00795307  0.01469632  0.02209447  0.03025813
  0.03916785  0.0472731   0.0572405   0.0668982   0.07521525  0.08498698
  0.09258415  0.09972265  0.10686233  0.11503138  0.12216477  0.12980549
  0.13756736  0.1452997   0.15309949  0.16084087  0.1689062   0.1767997
  0.18441297  0.19307739  0.2031913   0.21196362  0.22028793  0.2283581
  0.23691384  0.24505845  0.2536574   0.2628541   0.27195862  0.28221184
  0.29218674  0.30003321  0.30756792  0.31515723  0.32254881  0.32944283
  0.33825582  0.34440777  0.3508023   0.35824805  0.36480069  0.37032783
  0.37638059  0.38277197  0.3888112   0.39445955  0.39973009  0.40551341
  0.41445833  0.42236412  0.42943451  0.43934086  0.44315276  0.44722822
  0.4517208   0.45535487  0.4593218   0.46343085  0.46679187  0.47015074
  0.47307408  0.47649285  0.48053229  0.48424047  0.48810285  0.49121812
  0.4948574   0.49841103  0.50208551  0.50584686  0.51003683  0.51378179
  0.51774287  0.5220266   0.52648765  0.5301047   0.53418535  0.53808475
  0.54218739  0.54665649  0.55079341  0.55568641  0.56068385  0.5656963
  0.56992429  0.57856858  0.58454883  0.58983243  0.59565145  0.60186613
  0.6078921   0.61495101  0.62290126  0.63020343  0.63795966  0.65042925
  0.65788984  0.66621685  0.67437708  0.6825164   0.68988794  0.69750792
  0.70569098  0.71053118]
[-0.81577748 -0.80590475 -0.79651266 -0.78657597 -0.77688891 -0.76779073
 -0.75846416 -0.74966091 -0.74121916 -0.73183852 -0.72300369 -0.71462363
 -0.70619845 -0.69826794 -0.68983841 -0.68093437 -0.6736207  -0.6666016
 -0.65939647 -0.65300506 -0.64615232 -0.63955605 -0.6330381  -0.62667167
 -0.62097526 -0.61495489 -0.60943562 -0.6048913  -0.59970391 -0.5947057
 -0.58861023 -0.58314264 -0.57813758 -0.573403   -0.56772161 -0.56204206
 -0.55666173 -0.55133545 -0.54524231 -0.53945184 -0.53364569 -0.52697414
 -0.52079552 -0.51593828 -0.51149672 -0.50730526 -0.50260502 -0.49888322
 -0.49811023 -0.4965995  -0.49355111 -0.49053645 -0.48732293 -0.48379213
 -0.48108351 -0.4784894  -0.47660249 -0.47368103 -0.46941507 -0.46530068
 -0.46109387 -0.45729157 -0.45408836 -0.45054847 -0.44616255 -0.4417899
 -0.43767694 -0.43368593 -0.42986846 -0.42553675 -0.42043257 -0.41520077
 -0.40978566 -0.40445873 -0.39915717 -0.39424688 -0.3886314  -0.38291651
 -0.37754399 -0.37212634 -0.36633047 -0.36040819 -0.35454276 -0.34860188
 -0.34240913 -0.33604178 -0.32975593 -0.32375106 -0.31793359 -0.31208673
 -0.3062354  -0.29962614 -0.29237273 -0.2851955  -0.27797484 -0.27040985
 -0.26287523 -0.25640863 -0.25029066 -0.24375056 -0.23559752 -0.22925662
 -0.22308591 -0.21655697 -0.21004859 -0.20360422 -0.19738322 -0.19112363
 -0.18522906 -0.17837551 -0.17197569 -0.16531309 -0.15872152 -0.15305369
 -0.14650364 -0.14023644 -0.13357189 -0.12696569 -0.12051339 -0.11393022
 -0.10694025 -0.10028905 -0.09333723 -0.08655417 -0.08029839 -0.07344322
 -0.06659134 -0.06013126 -0.05374229 -0.04795085 -0.04185513 -0.03534525
 -0.02875296 -0.02229987 -0.016587   -0.01030098 -0.00380494  0.00253092
  0.00901492  0.01552641  0.02182892  0.02799078  0.03400695  0.04050324
  0.04627069  0.05093269  0.05554383  0.06078143  0.06621197  0.07153861
  0.07655522  0.08148769  0.08659599  0.09207994  0.09825558  0.1046398
  0.10935202  0.1143362   0.11937152  0.1249303   0.13046634  0.13672468
  0.14296421  0.14843901  0.15352686  0.15954538  0.16531017  0.17102875
  0.17635345  0.18172333  0.18723042  0.19228455  0.19741994  0.20246561
  0.20717581  0.21192077  0.21622318  0.22045627  0.2242519   0.22838463
  0.231866    0.23455696  0.23859441  0.24270391  0.24649857  0.25036758
  0.25331226  0.25673604  0.26022953  0.26389617  0.26670569  0.26945591
  0.27264938  0.27629009  0.27974057  0.28269693  0.28574222  0.28985581
  0.29413545  0.2987366   0.30389363  0.30779234  0.31216639  0.31763116
  0.32237482  0.32720509  0.33252934  0.33819109  0.34347349  0.34830135
  0.35275009  0.35807058  0.36345488  0.36839458  0.37322965  0.37887156
  0.38424832  0.39023     0.39660949  0.40165523  0.40761197  0.41333491
  0.41913044  0.42482063  0.43112057  0.4370853   0.44361225  0.45033237
  0.45681816  0.46354803  0.47018075  0.47637677  0.48326907  0.49018264
  0.4970521   0.50449562  0.51248163  0.5200637   0.52764845  0.5361793
  0.54566818  0.55456024  0.56300098  0.57245326  0.58101994  0.59046054
  0.59923947  0.60881323  0.61839575  0.62792426  0.63759476  0.64745218
  0.65657026  0.66579396  0.67615032  0.68630528  0.69671583  0.70703799
  0.71681803  0.72678232  0.73721004  0.74778521  0.759547    0.77447003
  0.78533745  0.79648072  0.80763865  0.81847984  0.82945335  0.84007984
  0.8503812   0.85854185]
[ 1.16213453  1.1600666   1.15631258  1.15253699  1.14868462  1.14066315
  1.13103127  1.12163699  1.10696018  1.08095014  1.06012392  1.04170477
  1.02279282  1.00270581  0.98070836  0.95733494  0.93161798  0.90132838
  0.87185007  0.84040689  0.80476415  0.76810408  0.73229694  0.69513124
  0.65423352  0.61364883  0.56798118  0.52283818  0.47675401  0.43050474
  0.38168201  0.33452454  0.28246444  0.23278892  0.18413734  0.13600345
  0.08702932  0.03461215 -0.01400132 -0.06179633 -0.10892288 -0.15382357
 -0.19892457 -0.24197607 -0.28639463 -0.33043367 -0.36897075 -0.40543687
 -0.44006145 -0.47204968 -0.50265568 -0.53426492 -0.56173825 -0.58785051
 -0.60895348 -0.62810731 -0.6445449  -0.6563893  -0.66552573 -0.67208612
 -0.6754781  -0.67655808 -0.6757251  -0.67201543 -0.66659373 -0.65677226
 -0.64703894 -0.63507849 -0.6216197  -0.6037603  -0.58378458 -0.5617947
 -0.53714192 -0.51073557 -0.48240712 -0.4562557  -0.42950946 -0.40027916
 -0.36976078 -0.33913764 -0.31122616 -0.28162512 -0.25149381 -0.22319815
 -0.19438905 -0.16783911 -0.14329104 -0.12105807 -0.1005837  -0.08270291
 -0.06616285 -0.05077192 -0.03849576 -0.02853699 -0.01966187 -0.01528473
 -0.0112425  -0.0098646  -0.01011262 -0.01498747 -0.02171583 -0.02992841
 -0.04351833 -0.05920087 -0.0763282  -0.09624425 -0.11953562 -0.14565912
 -0.17290233 -0.20207739 -0.23546621 -0.27192989 -0.30891141 -0.34876212
 -0.39275882 -0.43677181 -0.47923517 -0.52392757 -0.57298362 -0.61967099
 -0.6664902  -0.71344513 -0.75726438 -0.80365515 -0.85053009 -0.8952685
 -0.94096673 -0.9867698  -1.03139865 -1.07226646 -1.1106261  -1.14950991
 -1.18690991 -1.22216809 -1.25688887 -1.28921378 -1.31933916 -1.34644032
 -1.36981475 -1.39066052 -1.40742612 -1.42251325 -1.43615544 -1.44708979
 -1.45301592 -1.45724225 -1.46051443 -1.46168578 -1.45930398 -1.44935274
 -1.43611634 -1.42143524 -1.40308464 -1.38140845 -1.3567282  -1.32788849
 -1.2998209  -1.26860416 -1.23586202 -1.20258021 -1.16386807 -1.12520158
 -1.08673108 -1.04352951 -1.00205946 -0.95899397 -0.91594899 -0.86970317
 -0.82233012 -0.77633142 -0.7315768  -0.68724412 -0.64148551 -0.59534919
 -0.54954928 -0.50690806 -0.46371675 -0.42255515 -0.38069969 -0.34077042
 -0.30253038 -0.26585916 -0.23126672 -0.19758983 -0.16588113 -0.13501926
 -0.10799071 -0.08111768 -0.05754564 -0.036347   -0.01736187 -0.00186938
  0.01127032  0.02232641  0.03395955  0.04161778  0.0468329   0.05151614
  0.05152964  0.04985679  0.04728793  0.04351434  0.03778137  0.02894839
  0.01664238  0.00466017 -0.00885514 -0.0242594  -0.0378981  -0.05631517
 -0.07479086 -0.09504389 -0.11509398 -0.13561    -0.15555678 -0.17674239
 -0.19915934 -0.22115864 -0.24424116 -0.26750404 -0.29003727 -0.31384555
 -0.33640078 -0.3590638  -0.38195705 -0.40258247 -0.42336577 -0.44368964
 -0.46510053 -0.48492879 -0.50300521 -0.52089667 -0.53664017 -0.5539965
 -0.56967568 -0.58178705 -0.59449518 -0.60390854 -0.61407113 -0.62492681
 -0.63359272 -0.63693535 -0.64031422 -0.64255059 -0.6431492  -0.64102095
 -0.63578176 -0.62959224 -0.62184739 -0.61378372 -0.60405046 -0.59322023
 -0.58135325 -0.56522757 -0.54863608 -0.53222167 -0.51546973 -0.49601719
 -0.47637627 -0.4550004  -0.43253174 -0.4114576  -0.38732627 -0.36282486
 -0.33948943 -0.31435576 -0.29027173 -0.26585278 -0.24047284 -0.21441445
 -0.18941556 -0.16586642 -0.14280407]
[-1.17720234 -1.16632831 -1.15848863 -1.14887536 -1.13773596 -1.12601793
 -1.11797392 -1.11058414 -1.1025157  -1.09457994 -1.08721864 -1.07909656
 -1.07191658 -1.06498313 -1.05781913 -1.05003834 -1.04180646 -1.03401756
 -1.02691829 -1.01866114 -1.00918758 -1.00016177 -0.99198174 -0.98304367
 -0.9730649  -0.96413565 -0.95461094 -0.94484609 -0.93399584 -0.9231295
 -0.91159368 -0.90088499 -0.89083058 -0.88061017 -0.86784333 -0.85504681
 -0.84178251 -0.8294211  -0.8188656  -0.80789489 -0.79510844 -0.78246766
 -0.76908332 -0.75884843 -0.74939483 -0.73883069 -0.72733098 -0.71540797
 -0.70305246 -0.69203347 -0.68351078 -0.6730985  -0.66133875 -0.64910185
 -0.63641667 -0.62576163 -0.6168524  -0.60598201 -0.59385008 -0.58071303
 -0.56859821 -0.55709279 -0.5473879  -0.5363251  -0.52568424 -0.51622999
 -0.5093382  -0.5028699  -0.49547929 -0.48895428 -0.48272327 -0.47647589
 -0.4699426  -0.46392825 -0.45891657 -0.45296499 -0.44593602 -0.44184607
 -0.43905145 -0.43642825 -0.43105111 -0.42725429 -0.42519999 -0.42272571
 -0.42214692 -0.4185077  -0.41245213 -0.40872243 -0.40718544 -0.4030968
 -0.39760515 -0.39339346 -0.39038298 -0.38703054 -0.38419032 -0.37860975
 -0.3708005  -0.3653456  -0.36216804 -0.35723516 -0.34996933 -0.34501848
 -0.34128866 -0.33449358 -0.32569486 -0.31741738 -0.31149328 -0.30364922
 -0.29564103 -0.28483871 -0.27328226 -0.26165393 -0.25097367 -0.23922789
 -0.22519924 -0.21142548 -0.19807367 -0.18394858 -0.16849501 -0.1519493
 -0.13450794 -0.11676233 -0.09829139 -0.07950887 -0.06029638 -0.0399434
 -0.01892989  0.00167742  0.02171888  0.0411695   0.06008932  0.07894161
  0.09871396  0.11720432  0.13478851  0.15277019  0.17093697  0.18816546
  0.20544976  0.22103152  0.23573619  0.25044349  0.26529807  0.28075269
  0.29500505  0.3062031   0.31616923  0.32636654  0.33817109  0.34897879
  0.35796192  0.36516881  0.37113565  0.37857461  0.38502741  0.39002833
  0.39267299  0.39750955  0.40239269  0.40490842  0.4052      0.40561241
  0.40687934  0.40739259  0.40813941  0.40647811  0.40466329  0.40420824
  0.40357494  0.40248072  0.40123102  0.39970127  0.39767089  0.3975549
  0.39730078  0.39636132  0.39546236  0.3943547   0.3921499   0.38963407
  0.38574663  0.38235253  0.38076597  0.3797017   0.37849709  0.37984118
  0.38041654  0.38234919  0.38467097  0.38785717  0.39043543  0.39356723
  0.39696634  0.40170613  0.40782455  0.41157481  0.41642076  0.42223194
  0.42896965  0.43717176  0.44669899  0.45635355  0.46494204  0.47400656
  0.48341829  0.49260452  0.50280356  0.51297611  0.52219677  0.531753
  0.54226238  0.55447358  0.56565052  0.57546383  0.58628035  0.59826434
  0.61052328  0.62150341  0.63282657  0.64318889  0.65471113  0.66658199
  0.67810667  0.68884599  0.69865596  0.70886749  0.71869451  0.72898269
  0.73929334  0.74986577  0.76121098  0.77002907  0.77992612  0.79069823
  0.80172813  0.81376892  0.82553089  0.83702785  0.8482312   0.86142248
  0.87644243  0.88838631  0.89988267  0.91456491  0.9259181   0.93843114
  0.94980818  0.96037871  0.97115612  0.98106188  0.9917798   1.00257158
  1.01148951  1.01955438  1.02797651  1.03678727  1.04465055  1.05194318
  1.05863476  1.06599391  1.07207441  1.07841122  1.08445776  1.08918309
  1.09384143  1.09684336  1.10054839  1.10329235  1.10634291  1.10713983
  1.1072675   1.10653651  1.10609007]
[-9.03479934e-01 -8.93178463e-01 -8.83763850e-01 -8.73326778e-01
 -8.63444924e-01 -8.53854060e-01 -8.42876971e-01 -8.31968129e-01
 -8.21207941e-01 -8.10567021e-01 -8.00399363e-01 -7.90905476e-01
 -7.80982494e-01 -7.70410419e-01 -7.60607064e-01 -7.52148211e-01
 -7.43371785e-01 -7.34597206e-01 -7.25772262e-01 -7.16923654e-01
 -7.08623648e-01 -7.01605201e-01 -6.95213556e-01 -6.89611137e-01
 -6.83353007e-01 -6.77176476e-01 -6.72135651e-01 -6.68362737e-01
 -6.65245831e-01 -6.61814868e-01 -6.58695996e-01 -6.55439138e-01
 -6.52737021e-01 -6.51368618e-01 -6.50904536e-01 -6.49200737e-01
 -6.47675574e-01 -6.46324515e-01 -6.45865381e-01 -6.45494640e-01
 -6.44549787e-01 -6.43356085e-01 -6.42906547e-01 -6.42970085e-01
 -6.42090142e-01 -6.41620815e-01 -6.41513407e-01 -6.41545951e-01
 -6.41669154e-01 -6.41277790e-01 -6.41072452e-01 -6.40029013e-01
 -6.39286578e-01 -6.40395105e-01 -6.40316427e-01 -6.38485789e-01
 -6.36881828e-01 -6.35961533e-01 -6.35383606e-01 -6.35184288e-01
 -6.33401930e-01 -6.30822718e-01 -6.28149390e-01 -6.26177371e-01
 -6.24522448e-01 -6.24145031e-01 -6.22975647e-01 -6.20291710e-01
 -6.16207659e-01 -6.12654269e-01 -6.09448254e-01 -6.06833935e-01
 -6.02791965e-01 -5.97227573e-01 -5.91126800e-01 -5.83991766e-01
 -5.76710045e-01 -5.69608271e-01 -5.61755061e-01 -5.53143382e-01
 -5.44044077e-01 -5.34008026e-01 -5.24059355e-01 -5.14034569e-01
 -5.03496766e-01 -4.92787808e-01 -4.80659634e-01 -4.68959719e-01
 -4.56945479e-01 -4.44728285e-01 -4.32066053e-01 -4.19353366e-01
 -4.06301618e-01 -3.92778486e-01 -3.79887849e-01 -3.67013842e-01
 -3.54694724e-01 -3.42208803e-01 -3.31283361e-01 -3.20910126e-01
 -3.11608702e-01 -3.00315499e-01 -2.89666235e-01 -2.79076725e-01
 -2.68917978e-01 -2.59695888e-01 -2.49906421e-01 -2.40449235e-01
 -2.31087953e-01 -2.21796840e-01 -2.12655365e-01 -2.03528360e-01
 -1.95510104e-01 -1.87879816e-01 -1.81104243e-01 -1.74279451e-01
 -1.66921347e-01 -1.60173267e-01 -1.54786795e-01 -1.49554223e-01
 -1.43606409e-01 -1.38447642e-01 -1.34543985e-01 -1.29899740e-01
 -1.24128737e-01 -1.18219994e-01 -1.12620428e-01 -1.08068027e-01
 -1.04649350e-01 -9.99639779e-02 -9.57807079e-02 -9.10486653e-02
 -8.54125693e-02 -7.93753490e-02 -7.31653199e-02 -6.70398101e-02
 -6.12979159e-02 -5.55859655e-02 -4.94308770e-02 -4.38919216e-02
 -3.77592854e-02 -3.11340131e-02 -2.54042335e-02 -2.03777105e-02
 -1.54212713e-02 -1.03774602e-02 -5.05058141e-03  7.21986216e-05
  4.52993950e-03  9.27289762e-03  1.44877946e-02  1.99601259e-02
  2.55340226e-02  3.14955041e-02  3.73462252e-02  4.29383591e-02
  4.84248772e-02  5.46270795e-02  6.04560860e-02  6.63245022e-02
  7.08269104e-02  7.59885162e-02  8.20181668e-02  8.81499425e-02
  9.45889950e-02  1.01049535e-01  1.06372245e-01  1.11709945e-01
  1.18942805e-01  1.26380116e-01  1.33126527e-01  1.40235409e-01
  1.46526471e-01  1.52892515e-01  1.60257205e-01  1.66748747e-01
  1.73050746e-01  1.80225462e-01  1.87165692e-01  1.93947479e-01
  2.00494155e-01  2.07013071e-01  2.14045212e-01  2.21093312e-01
  2.28048638e-01  2.34437495e-01  2.39730746e-01  2.44858831e-01
  2.50598282e-01  2.56087869e-01  2.61570036e-01  2.66540349e-01
  2.70525515e-01  2.73824811e-01  2.77917266e-01  2.81724542e-01
  2.85818934e-01  2.89106250e-01  2.92902529e-01  2.97087848e-01
  3.01781923e-01  3.06240469e-01  3.11848670e-01  3.17496032e-01
  3.23146462e-01  3.26653749e-01  3.32870007e-01  3.39947671e-01
  3.47840369e-01  3.55416209e-01  3.62756163e-01  3.69784862e-01
  3.77446949e-01  3.85368079e-01  3.93937111e-01  4.02301520e-01
  4.11057323e-01  4.20202971e-01  4.28519607e-01  4.36664522e-01
  4.46002811e-01  4.55327332e-01  4.63399589e-01  4.71590787e-01
  4.80039984e-01  4.88339841e-01  4.96314347e-01  5.04202247e-01
  5.11573613e-01  5.19133151e-01  5.26631176e-01  5.33372462e-01
  5.40013552e-01  5.45890152e-01  5.51448882e-01  5.57069957e-01
  5.62538803e-01  5.67077160e-01  5.70890665e-01  5.74269354e-01
  5.77045441e-01  5.80084980e-01  5.82611084e-01  5.84686339e-01
  5.87318897e-01  5.89436173e-01  5.91748297e-01  5.93926132e-01
  5.96110582e-01  5.98066211e-01  6.00403547e-01  6.02954566e-01
  6.04517639e-01  6.06923521e-01  6.09204412e-01  6.11337125e-01
  6.13041759e-01  6.15426123e-01  6.17948592e-01  6.20670915e-01
  6.23426020e-01  6.25478506e-01  6.27364933e-01  6.29820287e-01
  6.32692218e-01  6.35385215e-01  6.38434887e-01  6.41697705e-01
  6.44097090e-01  6.46455884e-01  6.49371207e-01  6.51896536e-01
  6.54628575e-01  6.57214224e-01  6.60449684e-01  6.63974941e-01
  6.67556703e-01  6.70909464e-01  6.74688816e-01  6.78807080e-01
  6.83038831e-01  6.89786315e-01  6.94395721e-01  6.99168801e-01
  7.04520941e-01  7.10490704e-01  7.15478718e-01  7.20420420e-01
  7.25677431e-01  7.30332792e-01  7.35873997e-01  7.43035734e-01
  7.50016630e-01  7.57222950e-01  7.65442550e-01  7.75335848e-01
  7.85723567e-01  7.97419369e-01  8.08644414e-01  8.19930732e-01
  8.32182765e-01  8.42778802e-01]
[-0.87992024 -0.8709653  -0.8617003  -0.8524335  -0.84319723 -0.83340883
 -0.82396895 -0.81418949 -0.80413067 -0.79471856 -0.78497738 -0.7758128
 -0.76664913 -0.75833684 -0.75032485 -0.74276286 -0.73533428 -0.72768104
 -0.72080398 -0.71481019 -0.70874262 -0.70211446 -0.6956802  -0.69054818
 -0.68581599 -0.68159592 -0.67769587 -0.67337573 -0.66955233 -0.66642714
 -0.66342938 -0.66060776 -0.65791005 -0.6547268  -0.65192938 -0.64893615
 -0.64651072 -0.64523035 -0.64429951 -0.64414942 -0.64358312 -0.64171857
 -0.64074308 -0.64117116 -0.64115959 -0.64055341 -0.63989884 -0.63972878
 -0.63947433 -0.63959235 -0.63933671 -0.63955528 -0.63933533 -0.63930303
 -0.63955289 -0.63947904 -0.63817716 -0.63698113 -0.63583362 -0.63564122
 -0.63475406 -0.63199627 -0.62994105 -0.62785518 -0.62603593 -0.62505823
 -0.62415725 -0.62067086 -0.61730158 -0.61318594 -0.60952836 -0.60684276
 -0.60334569 -0.59826374 -0.5926193  -0.58628637 -0.57915425 -0.57179797
 -0.56472194 -0.5585655  -0.55070508 -0.54089451 -0.53166586 -0.52242315
 -0.51286411 -0.50241631 -0.49172837 -0.48041883 -0.46867999 -0.45783025
 -0.44640753 -0.43471265 -0.42215228 -0.40949601 -0.39701885 -0.38445285
 -0.37224403 -0.36014628 -0.34872788 -0.33753818 -0.32679158 -0.31754526
 -0.30788609 -0.29700461 -0.28649491 -0.2772941  -0.26829392 -0.25941211
 -0.24954571 -0.2396086  -0.23024605 -0.22241895 -0.21466492 -0.20669268
 -0.19797662 -0.18873529 -0.18159473 -0.17574358 -0.17011876 -0.16451992
 -0.1579363  -0.15178972 -0.14769532 -0.14420886 -0.1403145  -0.13536572
 -0.12994476 -0.12462907 -0.12057856 -0.11595103 -0.11094987 -0.10555005
 -0.10201753 -0.09609132 -0.0898253  -0.08372989 -0.07792967 -0.07196013
 -0.06635623 -0.06082368 -0.05491395 -0.04853083 -0.04241713 -0.03691327
 -0.03125121 -0.0254449  -0.01913886 -0.01349881 -0.00911916 -0.00574466
 -0.00129083  0.00408245  0.0090779   0.01436967  0.01886225  0.02321986
  0.02828036  0.03339542  0.03879196  0.04456462  0.04873098  0.05254775
  0.05817642  0.06405295  0.07009649  0.0767979   0.08197725  0.0864592
  0.09298663  0.09998091  0.10761745  0.11465119  0.12064026  0.12683129
  0.13440004  0.14244953  0.15038908  0.157795    0.16534004  0.17239445
  0.17975955  0.18721515  0.19462337  0.20190825  0.2095491   0.21663241
  0.22362506  0.22999455  0.23718001  0.24407804  0.2505109   0.25676969
  0.26374924  0.26922384  0.27401429  0.27902511  0.28515798  0.29116809
  0.29667351  0.30071828  0.30603611  0.31147403  0.31927261  0.32681537
  0.3328048   0.33796906  0.34537211  0.35354173  0.36161563  0.36992165
  0.37785199  0.38620108  0.39644477  0.40660328  0.41435704  0.42268643
  0.43225491  0.44216195  0.45037988  0.45848772  0.46791491  0.47699139
  0.48414707  0.49138522  0.49877477  0.50653321  0.51401639  0.52133954
  0.52730346  0.53335834  0.54034162  0.54712778  0.55283785  0.55795598
  0.56274408  0.56749129  0.57226479  0.57653838  0.58065647  0.58413601
  0.58680397  0.58956593  0.59233069  0.59426135  0.59588313  0.59729618
  0.598409    0.59946471  0.60068947  0.60210514  0.60370076  0.60526967
  0.6066283   0.60764909  0.60884351  0.60977376  0.60960734  0.60973704
  0.61116874  0.61223143  0.61413723  0.61598516  0.61594862  0.6162082
  0.61784053  0.61940956  0.62118191  0.62245178  0.62292832  0.62407166
  0.62653178  0.62828469  0.62922233  0.63127404  0.63449007  0.63721275
  0.63947624  0.64199752  0.645877    0.64981771  0.65407193  0.65817672
  0.66211939  0.66927308  0.67411065  0.67949682  0.68511224  0.6910606
  0.69636011  0.70238864  0.70853275  0.71396989  0.7197457   0.72738957
  0.73524213  0.74373853  0.75308216  0.76305264  0.77308714  0.7847206
  0.79677516  0.80884802  0.82075405  0.83288693]
[ 0.58928984  0.56759053  0.54241335  0.51727629  0.49375525  0.47057113
  0.44873753  0.42817041  0.40794775  0.38868937  0.3702361   0.35197935
  0.3350814   0.31957576  0.30299306  0.28830135  0.273938    0.26034579
  0.24790886  0.23546542  0.22373398  0.21367697  0.20376053  0.19421093
  0.18576258  0.17750099  0.17091048  0.16444604  0.15896636  0.15600528
  0.15336031  0.15133271  0.15016295  0.15038152  0.15185259  0.15309924
  0.15420388  0.15502009  0.15607856  0.15757477  0.15959494  0.16304982
  0.16681175  0.1697468   0.17467245  0.18133704  0.18623547  0.18919672
  0.19324219  0.1983282   0.20572311  0.2094547   0.21304163  0.21962141
  0.22182335  0.22278091  0.22382261  0.22453237  0.22717908  0.22671428
  0.22735386  0.22793521  0.22666283  0.22283156  0.21995513  0.21978742
  0.21537456  0.20949616  0.20415576  0.20041929  0.19635172  0.1905686
  0.1843714   0.1784101   0.17137246  0.16340494  0.15211357  0.14102335
  0.12813544  0.11683515  0.10399593  0.09041696  0.07722465  0.06326344
  0.04774199  0.03218301  0.01543218 -0.0018751  -0.0209729  -0.03909378
 -0.05833559 -0.07849859 -0.09716682 -0.11456846 -0.13319013 -0.15184431
 -0.17001614 -0.18776229 -0.20616679 -0.22330898 -0.24111217 -0.2578966
 -0.275877   -0.29388279 -0.3109802  -0.32803819 -0.34492743 -0.36093399
 -0.37717497 -0.392948   -0.40841258 -0.42258385 -0.43743372 -0.45402884
 -0.46866512 -0.48232701 -0.49577349 -0.5083819  -0.52088469 -0.5318135
 -0.54224855 -0.55330902 -0.5615111  -0.56962687 -0.57583666 -0.58281803
 -0.5887605  -0.59422135 -0.59893215 -0.60284984 -0.60682517 -0.61084199
 -0.6135878  -0.61655718 -0.6228289  -0.62714416 -0.62713212 -0.62676728
 -0.62584054 -0.62517607 -0.62418431 -0.62282854 -0.62211907 -0.6200397
 -0.61667788 -0.61434376 -0.6111688  -0.60838789 -0.60554504 -0.6027047
 -0.60022217 -0.59668469 -0.59238923 -0.5892024  -0.58375621 -0.57966197
 -0.57504201 -0.57163686 -0.56754971 -0.56388438 -0.5618484  -0.56029946
 -0.55878592 -0.55710042 -0.55581224 -0.55469936 -0.55360168 -0.55312133
 -0.55254203 -0.55295724 -0.55394018 -0.55533075 -0.55457264 -0.5552994
 -0.55598354 -0.556867   -0.55824399 -0.5596118  -0.5607487  -0.56188846
 -0.5640381  -0.56657583 -0.56937653 -0.57163429 -0.5744397  -0.57676792
 -0.57903481 -0.58117652 -0.58310848 -0.58415765 -0.58728397 -0.58906978
 -0.59166723 -0.59362942 -0.5951187  -0.59754229 -0.59968382 -0.60040933
 -0.5998109  -0.59796315 -0.59690148 -0.5960018  -0.59457362 -0.59153903
 -0.58758855 -0.58385348 -0.57927912 -0.57454634 -0.57064587 -0.56560445
 -0.55855995 -0.55227476 -0.54591858 -0.53890526 -0.53191817 -0.52458364
 -0.5164119  -0.50857854 -0.50059432 -0.49209392 -0.48394111 -0.4753643
 -0.46686804 -0.45760673 -0.44891575 -0.44033599 -0.43027568 -0.42177662
 -0.41276398 -0.40299186 -0.39415908 -0.38567871 -0.37686548 -0.36763889
 -0.35805568 -0.34878328 -0.33951437 -0.33028573 -0.32096756 -0.3112981
 -0.30115879 -0.29084036 -0.28097522 -0.27152026 -0.26133084 -0.25070855
 -0.2408199  -0.22968096 -0.21988161 -0.21084012 -0.20064671 -0.19087096
 -0.18214515 -0.17402244 -0.16591169 -0.15749878 -0.15051545 -0.14416301
 -0.13769981 -0.13240737 -0.1263697  -0.12072967 -0.11586283 -0.11001325
 -0.10481211 -0.09999973 -0.09460945 -0.0900788  -0.08634534 -0.08101115
 -0.07585152 -0.07127222 -0.06638585 -0.06128632 -0.05530723 -0.04992867
 -0.04538018 -0.04050113 -0.03592843 -0.03108123 -0.02570717 -0.02163284
 -0.01643405 -0.01114896 -0.0063615  -0.00112651  0.00403044  0.00976541
  0.01553649  0.02032217  0.0249513   0.03038093  0.03639618  0.04263416
  0.04914101  0.05543699  0.0618244   0.06902277  0.07604553  0.08307794
  0.09027684  0.09843061  0.10558729  0.11408482  0.12220877  0.12851562
  0.13602482  0.14365204  0.15055038  0.15972586  0.16954693  0.1786688
  0.18779249  0.19832174  0.21006283  0.22303009  0.23534945  0.2472446
  0.26018855  0.27275804  0.28450239  0.29672968  0.30857772]
[-1.65649009e+00 -1.64049423e+00 -1.62884510e+00 -1.61716032e+00
 -1.60575223e+00 -1.59425962e+00 -1.58311081e+00 -1.57180691e+00
 -1.56176519e+00 -1.55053782e+00 -1.53939176e+00 -1.52872860e+00
 -1.51881444e+00 -1.50884581e+00 -1.49838471e+00 -1.48675644e+00
 -1.47525346e+00 -1.46218348e+00 -1.44904685e+00 -1.43804228e+00
 -1.42602909e+00 -1.41171396e+00 -1.39980984e+00 -1.38848829e+00
 -1.37713110e+00 -1.36542511e+00 -1.35367930e+00 -1.34026670e+00
 -1.32790697e+00 -1.31830335e+00 -1.30868733e+00 -1.29938686e+00
 -1.29073906e+00 -1.28199840e+00 -1.27294099e+00 -1.26413119e+00
 -1.25550342e+00 -1.24786460e+00 -1.24026167e+00 -1.23194456e+00
 -1.22451580e+00 -1.21756792e+00 -1.21021450e+00 -1.20305061e+00
 -1.19645083e+00 -1.18918312e+00 -1.18346596e+00 -1.17790842e+00
 -1.17180657e+00 -1.16567779e+00 -1.16051459e+00 -1.15684128e+00
 -1.15020323e+00 -1.14278817e+00 -1.13632417e+00 -1.13001513e+00
 -1.12421453e+00 -1.11691594e+00 -1.11044037e+00 -1.10423303e+00
 -1.09685075e+00 -1.08985376e+00 -1.08168924e+00 -1.07303417e+00
 -1.06489515e+00 -1.05726945e+00 -1.04921818e+00 -1.03936148e+00
 -1.02812231e+00 -1.01542652e+00 -1.00411308e+00 -9.93775129e-01
 -9.82740939e-01 -9.70484257e-01 -9.58708405e-01 -9.47429180e-01
 -9.35308516e-01 -9.23036039e-01 -9.11666453e-01 -9.01207924e-01
 -8.90135884e-01 -8.78547430e-01 -8.66922200e-01 -8.55261981e-01
 -8.39130223e-01 -8.24562013e-01 -8.13180327e-01 -8.02582920e-01
 -7.90169775e-01 -7.78117120e-01 -7.66283691e-01 -7.53978729e-01
 -7.41355240e-01 -7.29550421e-01 -7.17287838e-01 -7.04483271e-01
 -6.91050828e-01 -6.78029895e-01 -6.64203465e-01 -6.49768412e-01
 -6.36612177e-01 -6.23121977e-01 -6.09007299e-01 -5.93769670e-01
 -5.78697801e-01 -5.62532008e-01 -5.45585573e-01 -5.27413428e-01
 -5.07497191e-01 -4.85923111e-01 -4.65217859e-01 -4.44896162e-01
 -4.22203362e-01 -4.00230616e-01 -3.79869819e-01 -3.60217988e-01
 -3.41001719e-01 -3.20225447e-01 -2.98411757e-01 -2.76245624e-01
 -2.52435088e-01 -2.28281543e-01 -2.07461327e-01 -1.90808535e-01
 -1.73161149e-01 -1.54554769e-01 -1.37377545e-01 -1.17173232e-01
 -9.70868096e-02 -8.16776007e-02 -6.66375309e-02 -5.11292964e-02
 -3.52623239e-02 -1.55283855e-02 -1.27754291e-03  1.21713374e-02
  2.48306673e-02  3.78839821e-02  5.04345484e-02  6.25349283e-02
  7.46402889e-02  8.65406767e-02  9.86730158e-02  1.10734656e-01
  1.21900499e-01  1.33780733e-01  1.46290094e-01  1.58896416e-01
  1.69826895e-01  1.81763098e-01  1.92443416e-01  2.03709066e-01
  2.13337764e-01  2.22596332e-01  2.30153397e-01  2.37835482e-01
  2.45012045e-01  2.52797276e-01  2.59793907e-01  2.66248316e-01
  2.72507370e-01  2.78736293e-01  2.84852862e-01  2.90590495e-01
  2.96497017e-01  3.03383529e-01  3.10698599e-01  3.18127126e-01
  3.23895842e-01  3.29898477e-01  3.35423976e-01  3.40878129e-01
  3.46864581e-01  3.52878660e-01  3.58520359e-01  3.64486814e-01
  3.71894866e-01  3.78702402e-01  3.86004716e-01  3.93906206e-01
  4.02753562e-01  4.10643876e-01  4.19447064e-01  4.28874820e-01
  4.38515723e-01  4.48885679e-01  4.62378174e-01  4.75497723e-01
  4.88748103e-01  5.00652790e-01  5.13459623e-01  5.26869953e-01
  5.42086542e-01  5.58590591e-01  5.74364424e-01  5.91895282e-01
  6.08267486e-01  6.24160051e-01  6.41807199e-01  6.57748401e-01
  6.77318394e-01  6.93213642e-01  7.10078478e-01  7.26965487e-01
  7.42644548e-01  7.62549341e-01  7.81733692e-01  7.97407091e-01
  8.11306357e-01  8.24509740e-01  8.37573528e-01  8.50171447e-01
  8.63712966e-01  8.76777530e-01  8.88687968e-01  9.02329147e-01
  9.13382709e-01  9.22677398e-01  9.30460095e-01  9.37705040e-01
  9.44847763e-01  9.51735198e-01  9.58254218e-01  9.63861108e-01
  9.71664011e-01  9.80475366e-01  9.89357412e-01  9.92475212e-01
  9.95375693e-01  9.97864008e-01  1.00034714e+00  1.00186086e+00
  1.00200558e+00  1.00158525e+00  1.00216079e+00  1.00160706e+00
  1.00061393e+00  1.00005865e+00  1.00069928e+00  9.99686241e-01
  9.97964680e-01  9.95858848e-01  9.93855119e-01  9.91688132e-01
  9.88983512e-01  9.86067653e-01  9.83675241e-01  9.80955005e-01
  9.77459908e-01  9.74467158e-01  9.71393824e-01  9.68221903e-01
  9.65253770e-01  9.61762905e-01  9.59131718e-01  9.55908179e-01
  9.54589188e-01  9.54742789e-01  9.52063560e-01  9.48358417e-01
  9.45281863e-01  9.41557765e-01  9.37237263e-01  9.33581948e-01
  9.30251181e-01  9.26738977e-01  9.23460364e-01  9.19364035e-01
  9.16661024e-01  9.13572550e-01  9.11114931e-01  9.09219801e-01
  9.05622303e-01  9.03581679e-01  9.02670503e-01  9.00170267e-01
  8.96842837e-01  8.94365311e-01  8.92417848e-01  8.90593827e-01
  8.90086234e-01  8.88923228e-01  8.87340367e-01  8.86618733e-01
  8.86365652e-01  8.86052907e-01  8.86274636e-01  8.89136255e-01
  8.90269637e-01  8.92074823e-01  8.95333707e-01  8.99177670e-01
  9.01950538e-01  9.05955434e-01  9.10631657e-01  9.15583611e-01
  9.21221673e-01  9.26833987e-01  9.34328794e-01  9.42424238e-01
  9.51744139e-01  9.69123781e-01  1.00217497e+00  1.01312733e+00
  1.02406120e+00  1.03862071e+00  1.05396581e+00  1.06672585e+00
  1.08002186e+00  1.09340119e+00  1.09780359e+00  1.09891820e+00
  1.11404312e+00  1.12821281e+00  1.14208424e+00  1.15599084e+00
  1.17051685e+00  1.18516791e+00  1.19955611e+00  1.21421289e+00
  1.23019707e+00  1.24791133e+00  1.26735127e+00]
[ 0.62753046  0.60700297  0.58241153  0.5585919   0.53480023  0.51109427
  0.4883045   0.46686673  0.44641432  0.4256604   0.40606922  0.38571659
  0.3682383   0.35137638  0.33372349  0.31760147  0.30131641  0.28617513
  0.27215439  0.25757936  0.24425177  0.23203935  0.21956162  0.20772678
  0.19672084  0.18567204  0.17426869  0.16489691  0.15641466  0.15032499
  0.14451826  0.14009166  0.13701032  0.13435934  0.13208704  0.13168968
  0.13241982  0.13319911  0.13362108  0.13415651  0.13508664  0.13653798
  0.14046578  0.1446801   0.15106577  0.15840684  0.16383907  0.16803917
  0.17309923  0.17790821  0.18455899  0.18842228  0.19413984  0.20274177
  0.20787336  0.2125818   0.21826223  0.22273821  0.23022591  0.23610117
  0.24031958  0.24300615  0.24410954  0.24381672  0.24443774  0.24836856
  0.24820149  0.24635637  0.24415706  0.24284792  0.24190363  0.23831595
  0.23472546  0.23084189  0.22614591  0.22099522  0.21315151  0.20481881
  0.19474924  0.18512002  0.17372973  0.16037872  0.14898382  0.13632883
  0.12260663  0.10761212  0.09042943  0.07265451  0.05420347  0.03525144
  0.01594092 -0.00428261 -0.02492387 -0.04487872 -0.06626193 -0.0866228
 -0.10703176 -0.12720063 -0.1484887  -0.16889058 -0.18934722 -0.2107546
 -0.23127449 -0.25274211 -0.273173   -0.29430425 -0.31472543 -0.33521867
 -0.35629991 -0.37735787 -0.39710703 -0.41706496 -0.43610138 -0.45568672
 -0.47336003 -0.48996684 -0.50661433 -0.52188271 -0.53761178 -0.55225521
 -0.56539261 -0.5780524  -0.58860964 -0.59797037 -0.60679513 -0.61429024
 -0.62144578 -0.62729877 -0.63283819 -0.63759226 -0.64187956 -0.64505816
 -0.6463787  -0.64973301 -0.65596795 -0.65940899 -0.65892011 -0.65735859
 -0.65616423 -0.65311271 -0.64927745 -0.64503133 -0.6424557  -0.63808215
 -0.63293761 -0.62773675 -0.62177277 -0.61591548 -0.61078078 -0.60451412
 -0.59865612 -0.5927549  -0.5863272  -0.58060044 -0.57328469 -0.56735647
 -0.56033349 -0.55399138 -0.54724681 -0.54146975 -0.53556603 -0.53048164
 -0.52586573 -0.52332693 -0.52028495 -0.51759821 -0.51498395 -0.5140695
 -0.5126062  -0.51200634 -0.51173067 -0.512932   -0.51414025 -0.51503038
 -0.51620191 -0.51642585 -0.51770967 -0.51950163 -0.52269334 -0.52519035
 -0.52784371 -0.53139597 -0.53392029 -0.53901678 -0.54392588 -0.5495078
 -0.55472988 -0.56034601 -0.56604344 -0.57143456 -0.57704836 -0.58309126
 -0.58738315 -0.5932923  -0.59768564 -0.60227853 -0.60720992 -0.61130416
 -0.61602116 -0.61897147 -0.62311721 -0.62527591 -0.62688369 -0.62847716
 -0.62917835 -0.63026315 -0.62902778 -0.62615544 -0.62384105 -0.62051547
 -0.61656326 -0.61276752 -0.608428   -0.60294467 -0.59705919 -0.59185427
 -0.58489871 -0.57757193 -0.56982636 -0.56138897 -0.55326271 -0.54371679
 -0.53480572 -0.5248186  -0.51542002 -0.50585079 -0.49589643 -0.48533535
 -0.47431383 -0.46294928 -0.45191589 -0.44068116 -0.42924482 -0.41793111
 -0.40702257 -0.39581335 -0.38408762 -0.37204015 -0.35795185 -0.344347
 -0.33111396 -0.31818894 -0.30499047 -0.29236376 -0.28002062 -0.26727897
 -0.25537398 -0.24148639 -0.22755353 -0.21405324 -0.20077942 -0.188676
 -0.17785183 -0.16712667 -0.15633535 -0.14581865 -0.13683793 -0.12804697
 -0.11933171 -0.11220463 -0.10537864 -0.09957629 -0.09400578 -0.08777883
 -0.08348949 -0.07912859 -0.0744277  -0.07007586 -0.06629435 -0.06164396
 -0.05719758 -0.05409415 -0.05122124 -0.04830676 -0.04511033 -0.04224909
 -0.03908486 -0.03631806 -0.03335056 -0.02976815 -0.02720193 -0.02493052
 -0.0219979  -0.01860357 -0.01580721 -0.01108196 -0.00711994 -0.00402392
  0.00114488  0.00524116  0.00973421  0.01382719  0.01790488  0.02182139
  0.02646276  0.03061141  0.03458445  0.04016631  0.04570254  0.05125034
  0.05660797  0.06412875  0.07110506  0.07865908  0.08706029  0.09569412
  0.10515323  0.11359225  0.12133037  0.13003066  0.13996913  0.14893939
  0.15761264  0.16771233  0.17735191  0.18821295  0.19985215  0.21237288
  0.22408052  0.23573427  0.24784645  0.26012594  0.27334055  0.28552741
  0.29776183  0.3098295 ]
[-1.67829370e+00 -1.66452157e+00 -1.65298140e+00 -1.64234185e+00
 -1.63109088e+00 -1.62048292e+00 -1.60788524e+00 -1.59626102e+00
 -1.58503246e+00 -1.57446218e+00 -1.56379461e+00 -1.55399609e+00
 -1.54331040e+00 -1.53286064e+00 -1.52231193e+00 -1.51315331e+00
 -1.50403762e+00 -1.49431026e+00 -1.48377442e+00 -1.47327518e+00
 -1.45937884e+00 -1.44567311e+00 -1.43405354e+00 -1.42276919e+00
 -1.40939462e+00 -1.39728594e+00 -1.38465071e+00 -1.36939454e+00
 -1.35300040e+00 -1.34173870e+00 -1.32971132e+00 -1.31757677e+00
 -1.30699885e+00 -1.29656279e+00 -1.28597522e+00 -1.27654111e+00
 -1.26730180e+00 -1.25890517e+00 -1.24970829e+00 -1.23991024e+00
 -1.23162603e+00 -1.22388518e+00 -1.21631002e+00 -1.20852041e+00
 -1.20219135e+00 -1.19345009e+00 -1.18622196e+00 -1.18113708e+00
 -1.17512393e+00 -1.16890991e+00 -1.16243494e+00 -1.15736532e+00
 -1.15198469e+00 -1.14555883e+00 -1.13848782e+00 -1.13106382e+00
 -1.12404120e+00 -1.11698627e+00 -1.11057472e+00 -1.10507262e+00
 -1.09852338e+00 -1.09214318e+00 -1.08482599e+00 -1.07588148e+00
 -1.06851983e+00 -1.06198347e+00 -1.05481458e+00 -1.04521084e+00
 -1.03250241e+00 -1.02043152e+00 -1.01034069e+00 -1.00094068e+00
 -9.89143848e-01 -9.76869881e-01 -9.66301382e-01 -9.54936147e-01
 -9.43291903e-01 -9.31821704e-01 -9.20878470e-01 -9.11449969e-01
 -9.01324689e-01 -8.89677286e-01 -8.77271891e-01 -8.62380564e-01
 -8.44723821e-01 -8.32704782e-01 -8.21364164e-01 -8.10239792e-01
 -7.97510803e-01 -7.85574377e-01 -7.74187088e-01 -7.60721147e-01
 -7.47762203e-01 -7.36010492e-01 -7.24223733e-01 -7.11627305e-01
 -6.98752284e-01 -6.86533213e-01 -6.73045754e-01 -6.58979774e-01
 -6.45391226e-01 -6.31972253e-01 -6.18059695e-01 -6.03108108e-01
 -5.88616252e-01 -5.73340297e-01 -5.57290852e-01 -5.41810513e-01
 -5.25206745e-01 -5.05878091e-01 -4.84967738e-01 -4.64019418e-01
 -4.41887617e-01 -4.19962734e-01 -3.96695167e-01 -3.74049962e-01
 -3.53616029e-01 -3.33347052e-01 -3.12240422e-01 -2.92386651e-01
 -2.72797257e-01 -2.52782464e-01 -2.30191633e-01 -2.07297906e-01
 -1.83959529e-01 -1.64828733e-01 -1.48294747e-01 -1.27874836e-01
 -1.07013166e-01 -9.10854712e-02 -7.56952912e-02 -6.06751144e-02
 -4.54378240e-02 -2.71252617e-02 -1.22310892e-02  1.10571773e-03
  1.34507203e-02  2.63011418e-02  3.83825712e-02  5.12061045e-02
  6.32105842e-02  7.59479776e-02  8.75341073e-02  9.98675078e-02
  1.12018012e-01  1.26780778e-01  1.40885293e-01  1.53886840e-01
  1.66636676e-01  1.79346472e-01  1.91679746e-01  2.04386473e-01
  2.14193806e-01  2.23752931e-01  2.31532276e-01  2.38720819e-01
  2.46816218e-01  2.55489856e-01  2.63051957e-01  2.69906521e-01
  2.76516795e-01  2.83330411e-01  2.89298207e-01  2.95548677e-01
  3.02151889e-01  3.10093611e-01  3.19076061e-01  3.25304389e-01
  3.30987066e-01  3.36332411e-01  3.42228353e-01  3.47655416e-01
  3.54022145e-01  3.60077173e-01  3.65742743e-01  3.71975631e-01
  3.78978461e-01  3.85597527e-01  3.92918766e-01  4.00474995e-01
  4.09126937e-01  4.17099714e-01  4.25398111e-01  4.34133619e-01
  4.42454100e-01  4.52836275e-01  4.65488344e-01  4.78216141e-01
  4.90547359e-01  5.01567245e-01  5.13406813e-01  5.26213348e-01
  5.40396035e-01  5.55968523e-01  5.70172489e-01  5.85760355e-01
  6.00849867e-01  6.15177274e-01  6.31396472e-01  6.46430790e-01
  6.64026439e-01  6.78835630e-01  6.94687426e-01  7.10924506e-01
  7.26553380e-01  7.46956766e-01  7.66280830e-01  7.81546593e-01
  7.95064211e-01  8.07899535e-01  8.21023285e-01  8.33742261e-01
  8.46819699e-01  8.58884156e-01  8.69501114e-01  8.82120371e-01
  8.94185960e-01  9.05214429e-01  9.13865089e-01  9.21324492e-01
  9.29569364e-01  9.36880291e-01  9.42511261e-01  9.46784914e-01
  9.51542437e-01  9.56481040e-01  9.60627973e-01  9.66228545e-01
  9.74441648e-01  9.82621551e-01  9.84939694e-01  9.87432480e-01
  9.88036096e-01  9.88298059e-01  9.89419043e-01  9.89611685e-01
  9.90167141e-01  9.92278099e-01  9.93135154e-01  9.91594195e-01
  9.90783095e-01  9.89596784e-01  9.88457322e-01  9.87572849e-01
  9.85601902e-01  9.84680116e-01  9.83455122e-01  9.81612623e-01
  9.78949010e-01  9.76881146e-01  9.75557566e-01  9.73423421e-01
  9.71631527e-01  9.69744384e-01  9.68249679e-01  9.67987657e-01
  9.70750868e-01  9.71613646e-01  9.69370544e-01  9.66781914e-01
  9.64835346e-01  9.61654663e-01  9.58452344e-01  9.56385911e-01
  9.54365671e-01  9.51582849e-01  9.48980689e-01  9.46314812e-01
  9.44060504e-01  9.42645967e-01  9.41532195e-01  9.40899014e-01
  9.38290358e-01  9.37418044e-01  9.37193692e-01  9.34590578e-01
  9.31719899e-01  9.29822862e-01  9.28480804e-01  9.26265657e-01
  9.26085591e-01  9.25210059e-01  9.24351096e-01  9.23566043e-01
  9.22426045e-01  9.21876132e-01  9.22584414e-01  9.24791336e-01
  9.24585164e-01  9.24298644e-01  9.26584542e-01  9.28910255e-01
  9.31076348e-01  9.33822215e-01  9.37179506e-01  9.40066099e-01
  9.44362283e-01  9.48617041e-01  9.52985525e-01  9.58178043e-01
  9.62923646e-01  9.74828720e-01  9.83079851e-01  9.91568744e-01
  1.00274193e+00  1.03644574e+00  1.04749584e+00  1.05805576e+00
  1.06839371e+00  1.07969308e+00  1.09146917e+00  1.10288513e+00
  1.11506259e+00  1.11707401e+00  1.11647582e+00  1.12963367e+00
  1.14204156e+00  1.15546012e+00  1.16884410e+00  1.18240106e+00
  1.19620514e+00  1.21013021e+00  1.22435009e+00  1.23923957e+00
  1.25547004e+00  1.27529311e+00]
[-0.96001863 -0.95589823 -0.95330924 -0.95350343 -0.95329887 -0.95398295
 -0.95575809 -0.95758784 -0.95915186 -0.96006316 -0.96146309 -0.96280533
 -0.96358752 -0.96444303 -0.96571392 -0.96635991 -0.96796709 -0.96922594
 -0.97046125 -0.97202414 -0.97242844 -0.97369963 -0.9744283  -0.97500372
 -0.97507465 -0.97607058 -0.97683614 -0.97527301 -0.97215247 -0.97099155
 -0.96915489 -0.96711981 -0.96410495 -0.96188623 -0.9581331  -0.95375764
 -0.94870436 -0.94327486 -0.93776047 -0.93139845 -0.92380029 -0.91742903
 -0.91067457 -0.90235996 -0.89461941 -0.88637674 -0.87724727 -0.86825365
 -0.85806435 -0.84831268 -0.83826375 -0.82834578 -0.81831008 -0.8069573
 -0.79566556 -0.78471541 -0.7741434  -0.76350075 -0.75219768 -0.740439
 -0.72917402 -0.71858972 -0.70814085 -0.69757462 -0.68663281 -0.67589211
 -0.66540593 -0.65599149 -0.64653575 -0.6369186  -0.62641394 -0.61578524
 -0.60488278 -0.59467292 -0.5848465  -0.57497674 -0.56563067 -0.55592436
 -0.54604626 -0.53586531 -0.52732158 -0.51807779 -0.50756353 -0.4970814
 -0.48781219 -0.47834843 -0.46689016 -0.45788461 -0.44997001 -0.44362941
 -0.43703985 -0.43118227 -0.42631614 -0.42179596 -0.41486168 -0.40558514
 -0.39893916 -0.39622173 -0.39452618 -0.39220312 -0.38973168 -0.38836148
 -0.38709298 -0.38652512 -0.38636002 -0.38501516 -0.38403627 -0.38336384
 -0.38299504 -0.38142455 -0.37971783 -0.37914011 -0.37846625 -0.37826973
 -0.37847969 -0.37785357 -0.37707609 -0.37561104 -0.37293518 -0.37106308
 -0.36865714 -0.36578497 -0.36290309 -0.36021084 -0.35707089 -0.35385826
 -0.35076067 -0.34471884 -0.3370752  -0.3330541  -0.32713747 -0.32164878
 -0.31686139 -0.31152996 -0.30559939 -0.29941657 -0.29303613 -0.28627807
 -0.27953181 -0.27247059 -0.26557124 -0.25825676 -0.25083727 -0.2427468
 -0.2347765  -0.22671442 -0.21844332 -0.20870833 -0.19827224 -0.18760067
 -0.17651753 -0.16557336 -0.15485963 -0.14255555 -0.13091514 -0.11863206
 -0.10734005 -0.09551387 -0.08440584 -0.07276912 -0.06165629 -0.05063847
 -0.04008633 -0.02956995 -0.0196042  -0.00984174  0.00098683  0.01257737
  0.02388472  0.03465955  0.04510928  0.05457022  0.06544615  0.07577024
  0.08582141  0.09585711  0.10620731  0.11661784  0.12633564  0.13546506
  0.14441206  0.15293846  0.16151315  0.17042942  0.1786281   0.18675707
  0.19705485  0.20723836  0.21707727  0.22580488  0.23381154  0.24155015
  0.2497261   0.25911212  0.26653087  0.2738274   0.28051609  0.287193
  0.29438242  0.30343479  0.31548288  0.32440549  0.33034936  0.33609843
  0.34210604  0.35108092  0.35789979  0.3621574   0.36629656  0.3695018
  0.37213951  0.37470749  0.37694803  0.37901548  0.38164726  0.3833656
  0.38483059  0.38648713  0.3882263   0.38961279  0.39030212  0.39163095
  0.3928307   0.39403009  0.39500773  0.39575657  0.39670083  0.39735684
  0.39828259  0.39884761  0.39864147  0.39909759  0.39935705  0.40005326
  0.40060493  0.40388003  0.40512514  0.40650183  0.40825933  0.40993056
  0.41304001  0.4162108   0.41907477  0.42278203  0.4262704   0.4298546
  0.43453333  0.43942136  0.44388556  0.44885376  0.45430911  0.45929533
  0.46499753  0.47043109  0.4765729   0.48217726  0.48881039  0.4956359
  0.50404727  0.51268601  0.52045804  0.52817583  0.53610224  0.54339498
  0.55009294  0.55755579  0.56466007  0.57180989  0.57989502  0.58733565
  0.59449375  0.60126519  0.60798067  0.61623645  0.62383354  0.63095075
  0.6382249   0.64488697  0.65133768  0.65852553  0.66679788  0.67453545
  0.68197668  0.68940854  0.69664127  0.7033841   0.71062195  0.71754068
  0.72332686  0.72988784  0.73607105  0.7413134   0.74699974  0.75314081
  0.75905359  0.76368725  0.76987749  0.77863675  0.78560847  0.78980935
  0.79302973  0.79942507  0.80386752  0.80729347  0.80990094  0.81101251
  0.81282932  0.81539422  0.81759453  0.8195765   0.82168406  0.82304001
  0.825445    0.82826376  0.83049369  0.83286041  0.83507413  0.83707249
  0.83858973  0.84141707  0.84593695  0.86426455  0.86670077  0.86923003
  0.87166935  0.87462837  0.8769685   0.8800264   0.88293892  0.87961745
  0.87409413  0.87885165  0.88572592  0.89168566  0.89756078  0.90427631
  0.91105932  0.91881341  0.92736918  0.93616623  0.94603211  0.95622921]
[-1.68127894 -1.65037763 -1.62758756 -1.60751784 -1.5862155  -1.56531417
 -1.54469192 -1.52221811 -1.50127816 -1.48067033 -1.45984983 -1.44269049
 -1.42657053 -1.40692568 -1.3914057  -1.37662244 -1.36155105 -1.35109901
 -1.3424176  -1.3347075  -1.32955694 -1.32461596 -1.32421136 -1.31954193
 -1.31732464 -1.31634271 -1.31659079 -1.32311165 -1.32533741 -1.3342216
 -1.34538233 -1.35678935 -1.36840224 -1.376899   -1.38343036 -1.38972127
 -1.3945744  -1.40144789 -1.40859175 -1.41547775 -1.41821849 -1.42265701
 -1.42651761 -1.42712712 -1.42878664 -1.43175709 -1.43242133 -1.43486416
 -1.43712795 -1.43424618 -1.43052971 -1.42411947 -1.42031586 -1.42079639
 -1.41452646 -1.41170955 -1.409567   -1.40680242 -1.40259159 -1.39440346
 -1.38714886 -1.37865627 -1.3658464  -1.34942257 -1.33433712 -1.31589091
 -1.29975712 -1.28133476 -1.26116073 -1.24302053 -1.22194803 -1.20086718
 -1.17579782 -1.15311873 -1.12857234 -1.10539722 -1.08070624 -1.05803227
 -1.03091955 -1.00426042 -0.97718298 -0.95145053 -0.92450535 -0.89812464
 -0.87042105 -0.84316212 -0.81444293 -0.78917408 -0.76377004 -0.73749369
 -0.70950848 -0.68680048 -0.66416746 -0.63989592 -0.61815542 -0.59758967
 -0.5741629  -0.55306304 -0.52973336 -0.51003528 -0.49014902 -0.47244337
 -0.45760125 -0.44279522 -0.42940184 -0.41614345 -0.40398347 -0.39392662
 -0.38520449 -0.37734392 -0.3701742  -0.36111152 -0.35473102 -0.35226622
 -0.35206231 -0.35394883 -0.35494024 -0.35950616 -0.36230522 -0.36598203
 -0.37029117 -0.37498602 -0.3798559  -0.3833743  -0.38530782 -0.38978168
 -0.3928653  -0.39097461 -0.39224708 -0.39272419 -0.39397115 -0.39044413
 -0.38819426 -0.38657257 -0.38194391 -0.37963742 -0.37553388 -0.37112027
 -0.36575076 -0.36044717 -0.35449699 -0.34754369 -0.34110209 -0.33484328
 -0.32610869 -0.31784126 -0.31093439 -0.30191308 -0.29314306 -0.2821987
 -0.27175027 -0.26035801 -0.24828634 -0.23639473 -0.22319894 -0.20963496
 -0.19580315 -0.18056478 -0.16562782 -0.14909698 -0.13335572 -0.11664072
 -0.09897999 -0.08284459 -0.06685597 -0.04909931 -0.03021933 -0.01266433
  0.00457024  0.0225367   0.04043478  0.05760015  0.07512586  0.0925397
  0.10973093  0.12479321  0.14053643  0.1565244   0.17285813  0.18750416
  0.20211285  0.21583186  0.22960496  0.24215075  0.25463721  0.26838565
  0.28201693  0.29446432  0.30579728  0.31744158  0.3271389   0.33477178
  0.34245583  0.34919626  0.35709149  0.36228272  0.36806068  0.37241474
  0.37733817  0.38221249  0.38771787  0.39186782  0.3952727   0.40048715
  0.40562254  0.41319492  0.41982621  0.42715889  0.43370473  0.44425121
  0.45119688  0.45703295  0.46286944  0.46993464  0.47834617  0.48508504
  0.49360266  0.50197017  0.51233673  0.51980174  0.52804011  0.53562343
  0.5448339   0.55332917  0.5615257   0.56994432  0.57756418  0.58564538
  0.59236032  0.60054398  0.6038276   0.60630184  0.60779428  0.60783184
  0.60774177  0.60704815  0.60952801  0.60907286  0.61055487  0.61146152
  0.61135429  0.61212754  0.61183405  0.61113769  0.61073762  0.61075467
  0.61019218  0.60948145  0.60927778  0.60735339  0.6068781   0.60806733
  0.60851562  0.60879403  0.60820574  0.60860306  0.60918659  0.60934567
  0.6094768   0.60910755  0.60977978  0.61141813  0.61284804  0.61354488
  0.61524278  0.61617559  0.61771464  0.62014353  0.62191862  0.62495738
  0.6295073   0.63545525  0.64030653  0.6444335   0.64899462  0.65531242
  0.66075689  0.66504997  0.67055649  0.67605036  0.68065923  0.68933237
  0.69416046  0.70020223  0.70496368  0.70902812  0.71417552  0.7206443
  0.72594094  0.73039263  0.73732626  0.74404281  0.75038874  0.75784773
  0.76520032  0.77142644  0.77653491  0.7847476   0.79188722  0.80267227
  0.81100482  0.81775016  0.82606339  0.83452904  0.84044027  0.84683561
  0.8556211   0.86429119  0.87222677  0.87961358  0.88531709  0.89181185
  0.89573973  0.89954346  0.90134102  0.90376991  0.90546679  0.90520865
  0.90557045  0.90406436  0.90293199  0.90089512  0.89651144  0.89229971
  0.88729125  0.88206106  0.87726283  0.86684501  0.85586393  0.84590381
  0.83620948  0.82560819  0.81614929  0.80917901  0.80349547  0.79815769
  0.79275995  0.78819889  0.7821027   0.77785474  0.77358723  0.76831198
  0.76332605  0.76124859  0.75778091  0.75338048  0.75135559  0.74756396
  0.74623716  0.7455337   0.74367422  0.74185055  0.74201679  0.74326342
  0.74378127  0.74233758  0.74466342  0.74774176  0.75063229  0.75506157
  0.76116931  0.76579827  0.77362549  0.78161591  0.79003304  0.79971397
  0.80927736  0.82033455  0.83007646  0.84439689  0.86673772  0.94380856
  0.9536382   0.96451998  0.97400177  0.98314112  0.99253893  1.00267458
  1.01607656  1.00055075  0.9778108   0.99623543  1.01365209  1.03027165
  1.04649949  1.06239557  1.07622135  1.08741903  1.09799862  1.10967278
  1.12448692  1.13843155]
