[-0.01654303 -0.00945788 -0.00083816  0.00747338  0.01537618]
[-0.01644925 -0.0075725  -0.00081576  0.007521    0.01573778  0.02326876
  0.03058212]
[-0.11958946 -0.09958388 -0.08442316 -0.06708534 -0.04819268 -0.03404475
 -0.0219995  -0.0105477  -0.0005151   0.00846783  0.02295875  0.0320621
  0.03901633  0.04733873  0.0537217   0.06053353  0.06992087  0.07980891
  0.08809835  0.09494507  0.10225179  0.1151482   0.12822312]
[-0.15817943 -0.12950566 -0.10958083 -0.08558146 -0.06046089 -0.04143842
 -0.02400525 -0.00879492  0.00417845  0.01779991  0.03368161  0.0441605
  0.05405282  0.06442873  0.07084934  0.07705677  0.08451869  0.09546475
  0.10190398  0.10654292  0.11238507  0.12246745  0.13204563  0.1405191
  0.14814217  0.15906547  0.16952534]
[-0.17868371 -0.15095335 -0.13001147 -0.10399152 -0.07869609 -0.0581874
 -0.03841522 -0.02186186 -0.00653184  0.01045378  0.02739678  0.03776066
  0.04999488  0.06161524  0.0692889   0.07531263  0.0834549   0.09395371
  0.09876854  0.10444437  0.11042363  0.11960438  0.12806976  0.13573617
  0.1431258   0.15286301  0.16328485  0.17903574  0.19298877  0.20466255]
[-0.71946251 -0.72647411 -0.74015135 -0.75034511 -0.75352466 -0.76263934
 -0.76956195 -0.77373981 -0.77929336 -0.79887742 -0.80090207 -0.80633175
 -0.81157917 -0.81805575 -0.8224417  -0.82683164 -0.83250546 -0.83941454
 -0.84421843 -0.85139668 -0.85748351 -0.85987043 -0.86357129 -0.86728138
 -0.87137717 -0.87429178 -0.87656134 -0.87704611 -0.87701243 -0.8738538
 -0.87141609 -0.86868465 -0.86600798 -0.86103421 -0.85434586 -0.848176
 -0.84477985 -0.84140134 -0.83455724 -0.82869858 -0.82852155 -0.82805467
 -0.82164055 -0.80986488 -0.7982356  -0.78523195 -0.76995248 -0.75482523
 -0.73908877 -0.72170025 -0.70446157 -0.6857295  -0.66761035 -0.646716
 -0.627065   -0.60651445 -0.58832937 -0.56868398 -0.54518849 -0.52522129
 -0.50265145 -0.48113802 -0.46046993 -0.44075799 -0.42081651 -0.3984583
 -0.3778953  -0.35868278 -0.3416346  -0.32191986 -0.30493739 -0.29128179
 -0.27687341 -0.26131192 -0.24611898]
[0.6018362  0.61666012 0.62880015 0.63986468 0.65222991 0.66493934
 0.67601353 0.68563771 0.69403571 0.70157462 0.70695251 0.71082163
 0.7138775  0.71642548 0.71907663 0.71996987 0.7187798  0.71626651
 0.71269619 0.7075873  0.7014184  0.69405752 0.68617797 0.67689669
 0.66861594 0.65954685 0.64581674 0.63241184 0.61781079 0.60384703
 0.5879789  0.57008451 0.55263805 0.53279704 0.51356244 0.49449909
 0.47541249 0.45724034 0.43728182 0.41993347 0.40509257 0.39314702
 0.3831867  0.37491477 0.37158138 0.36988646 0.36711922 0.36694399
 0.36939991 0.37633798 0.38900298 0.39958265 0.40518758 0.41146976
 0.41862804 0.42648432 0.43610364 0.44829133 0.46054772 0.46881655
 0.47820288 0.48901811 0.50260037 0.51679438 0.5301044  0.54992199
 0.57613242 0.61270505 0.66010815 0.70341277 0.72550762 0.74375522
 0.76731837 0.78832972 0.80234337]
[0.09913716 0.12682441 0.15504518 0.18195407 0.20688504 0.23353793
 0.25870135 0.27960104 0.29936466 0.32059503 0.3414236  0.36245185
 0.38226199 0.39986107 0.41721129 0.43555936 0.45208549 0.46488857
 0.48156822 0.50009453 0.50988466 0.51661235 0.5257827  0.52922773
 0.53881288 0.54814911 0.55890548 0.57201022 0.57985795 0.58886641
 0.59851563 0.60752904 0.6249944  0.62519717 0.63090312 0.64499891
 0.65141505 0.65762508 0.6508261  0.64159501 0.64163518 0.6345886
 0.62543839 0.61590701 0.602548   0.59580249 0.58798248 0.58046192
 0.57654208 0.57397264 0.57246923 0.5745008  0.57328171 0.5677861
 0.56636935 0.56990463 0.57000291 0.57995629 0.59156579 0.59325254
 0.59086454 0.58640444 0.5830999  0.57925975 0.57431465 0.56491357
 0.55816662 0.55065626 0.54300505 0.53673118 0.52555275 0.51212054
 0.50401992 0.49825329 0.48943999 0.47934562 0.47417542 0.48089525
 0.49581265 0.50059366 0.49297208 0.48249781 0.47423992 0.46819437
 0.46625686 0.46395278 0.45984188 0.45509997 0.4537217  0.46743423
 0.46425143 0.45841739 0.45065027 0.44265139 0.43841997 0.43542749
 0.43489313 0.42749041]
[-1.39093626 -1.40614641 -1.40416026 -1.38768768 -1.36270678 -1.3683151
 -1.37174845 -1.35183895 -1.33269501 -1.30558944 -1.27531803 -1.25043452
 -1.23387516 -1.21208692 -1.19177997 -1.17676532 -1.1667515  -1.15277565
 -1.1335175  -1.12201893 -1.11479628 -1.10187638 -1.08898664 -1.08107042
 -1.06973767 -1.06242847 -1.05443108 -1.04303515 -1.02872169 -1.01724327
 -1.00831199 -1.00077498 -0.99133188 -0.97871369 -0.96852875 -0.95182073
 -0.94092476 -0.93095839 -0.91900182 -0.90823406 -0.89648354 -0.88324583
 -0.87215388 -0.86046529 -0.8513006  -0.8439104  -0.83202845 -0.82241625
 -0.81448233 -0.80959034 -0.80805218 -0.80407315 -0.80275112 -0.80867118
 -0.81549919 -0.81640917 -0.81665224 -0.8159821  -0.81450874 -0.82367855
 -0.83289546 -0.83263087 -0.82957429 -0.82398754 -0.82088369 -0.82307565
 -0.82325596 -0.81417406 -0.80410963 -0.7906127  -0.77755117 -0.76019514
 -0.74292177 -0.72519106 -0.70891011 -0.6932261  -0.68266141 -0.67258394
 -0.67423415 -0.6876933  -0.70244336 -0.7124657  -0.7246452  -0.74126357
 -0.76074505 -0.77878517 -0.79650998 -0.81054693 -0.82597274 -0.8449201
 -0.86034173 -0.87507695 -0.8910495  -0.90820104 -0.92824256 -0.94422615
 -0.95922053 -0.98252755]
[-0.4389188  -0.49403253 -0.55056787 -0.60357529 -0.64886886 -0.69240135
 -0.73468161 -0.78022516 -0.82017189 -0.8551355  -0.88630605 -0.9148193
 -0.93856239 -0.95725232 -0.97113305 -0.98416895 -0.99243164 -0.99610084
 -0.99661267 -0.98943824 -0.97858399 -0.96657276 -0.94849312 -0.92761821
 -0.90212274 -0.87206531 -0.83860856 -0.80025005 -0.75922358 -0.71631783
 -0.66964561 -0.61503404 -0.55476558 -0.4972724  -0.43751708 -0.37414828
 -0.30791521 -0.2335418  -0.1640057  -0.09263515 -0.02199485  0.05359033
  0.12564436  0.19608945  0.2670913   0.33360988  0.39674979  0.45650241
  0.51753139  0.57966453  0.64143842  0.70016879  0.75777316  0.81045854
  0.85922432  0.90494806  0.94773555  0.98671246  1.01907754  1.04801893
  1.07271457  1.09098232  1.10439432  1.1127131   1.11630142  1.11452556
  1.10656238  1.09311891  1.07572067  1.05307961  1.02401197  0.98854893
  0.94633216  0.90424848  0.85074306  0.79541355  0.73632544  0.67694509
  0.61732703  0.5555439   0.48750058  0.41935229  0.35076031  0.2791388
  0.19976221  0.12522094  0.04904935 -0.02482891 -0.10010803 -0.17335181
 -0.24745487 -0.3178885  -0.39561653 -0.47413757 -0.54654694 -0.61133915
 -0.67068428 -0.73368847 -0.7921198  -0.84590209 -0.89186561 -0.93590254
 -0.97591859 -1.01262331 -1.0443691  -1.07195163 -1.09567308 -1.11249697
 -1.12585759 -1.13571823 -1.14293873 -1.14261246 -1.13758671 -1.12842512
 -1.11108732 -1.08914995 -1.06885195 -1.04616618 -1.02040029 -0.98892379
 -0.95509756 -0.91924638 -0.88143605 -0.84507424 -0.8046816  -0.76375318
 -0.72162062 -0.67884564 -0.63464302 -0.59016752 -0.54662699 -0.50327355]
[0.12205911 0.13916819 0.1571929  0.17413986 0.18955866 0.20396306
 0.21829945 0.23264654 0.24710448 0.2608521  0.27331951 0.28371614
 0.29455468 0.30535033 0.31527928 0.32469779 0.33411527 0.34268898
 0.350802   0.35713235 0.36412126 0.3708463  0.37850326 0.38443843
 0.38958347 0.39242131 0.39449951 0.39463496 0.39444304 0.3953498
 0.39462543 0.3923589  0.39102206 0.39012086 0.3871884  0.38398725
 0.38076159 0.37932464 0.37810653 0.37597162 0.37349084 0.37091905
 0.36858505 0.36731538 0.36536762 0.36322886 0.36037713 0.35831285
 0.3567445  0.35499322 0.35237542 0.34974205 0.34774098 0.34727621
 0.34632665 0.34515512 0.34392303 0.3452794  0.34814474 0.35224107
 0.35835055 0.36389503 0.37003192 0.37699983 0.38472694 0.39248464
 0.40055054 0.4103153  0.41925851 0.42914283 0.44006646 0.45148098
 0.46289998 0.47508863 0.48735768 0.50032836 0.51284295 0.52517909
 0.53748244 0.55008233 0.56354558 0.57755703 0.5911628  0.60441321
 0.61725771 0.63032568 0.64231873 0.65311557 0.66459882 0.67610955
 0.6869821  0.69660509 0.7065376  0.71662259 0.72635186 0.73594731
 0.74453896 0.75277156 0.76046759 0.76832354 0.77535564 0.78203857
 0.78819239 0.79450041 0.8007915  0.80604738 0.81119251 0.81657255
 0.82192898 0.82729274 0.83237141 0.83670741 0.83991069 0.84285301
 0.8453567  0.8479169  0.84682983 0.84411496 0.84392339 0.84504372
 0.84798992 0.85267073 0.86160374 0.87366861 0.87485063 0.87586325
 0.87741536 0.8775174  0.8760981  0.87158459 0.86568332 0.85748404]
[-1.44386888e+00 -1.41794765e+00 -1.39482594e+00 -1.37306499e+00
 -1.35326624e+00 -1.33385682e+00 -1.31491232e+00 -1.29488719e+00
 -1.27464747e+00 -1.25803494e+00 -1.24222815e+00 -1.22702515e+00
 -1.21211362e+00 -1.19744587e+00 -1.18128943e+00 -1.16680837e+00
 -1.15495968e+00 -1.14252234e+00 -1.13222671e+00 -1.12136805e+00
 -1.11105931e+00 -1.10066175e+00 -1.09111142e+00 -1.08310807e+00
 -1.07372475e+00 -1.06472385e+00 -1.05689657e+00 -1.04862070e+00
 -1.03976023e+00 -1.03210413e+00 -1.02661359e+00 -1.02008998e+00
 -1.01365805e+00 -1.00755847e+00 -1.00207055e+00 -9.85661209e-01
 -9.77102280e-01 -9.73893404e-01 -9.71745789e-01 -9.71959829e-01
 -9.71448839e-01 -9.70287621e-01 -9.70618427e-01 -9.72654879e-01
 -9.74704564e-01 -9.76143658e-01 -9.77480710e-01 -9.78860199e-01
 -9.80651438e-01 -9.83916163e-01 -9.85218823e-01 -9.86675382e-01
 -9.88833427e-01 -9.90112424e-01 -9.91082966e-01 -9.92414415e-01
 -9.93046582e-01 -9.92232382e-01 -9.91924047e-01 -9.91708457e-01
 -9.91319180e-01 -9.85966146e-01 -9.76748705e-01 -9.67206895e-01
 -9.56888616e-01 -9.45509553e-01 -9.35346305e-01 -9.19860780e-01
 -9.06760573e-01 -8.94397676e-01 -8.81137431e-01 -8.73389125e-01
 -8.61371815e-01 -8.47196579e-01 -8.33265185e-01 -8.18107426e-01
 -8.02385628e-01 -7.86282480e-01 -7.68661380e-01 -7.53633916e-01
 -7.36098588e-01 -7.18031049e-01 -6.97703242e-01 -6.75131261e-01
 -6.52701318e-01 -6.34112835e-01 -6.13834798e-01 -5.97336113e-01
 -5.82205832e-01 -5.63846529e-01 -5.47090590e-01 -5.29091775e-01
 -5.11045456e-01 -4.95755911e-01 -4.76770163e-01 -4.61501360e-01
 -4.44050342e-01 -4.12606955e-01 -3.94080222e-01 -3.79536241e-01
 -3.62810791e-01 -3.48334700e-01 -3.33141863e-01 -3.15995514e-01
 -3.02195460e-01 -2.88663894e-01 -2.75712758e-01 -2.62630969e-01
 -2.48253167e-01 -2.33739167e-01 -2.21830025e-01 -2.11059004e-01
 -1.99769288e-01 -1.87310666e-01 -1.76378235e-01 -1.63915828e-01
 -1.53236091e-01 -1.42792121e-01 -1.32560492e-01 -1.21761352e-01
 -1.10711068e-01 -9.90688875e-02 -8.87267813e-02 -7.97118768e-02
 -6.99771866e-02 -6.08193241e-02 -5.04083559e-02 -4.05196324e-02
 -2.96749603e-02 -2.01877654e-02 -1.12789692e-02 -1.24776829e-03]
[-0.95924318 -0.95535123 -0.95035493 -0.94497657 -0.94014496 -0.93631244
 -0.9321698  -0.92670184 -0.91137481 -0.89569616 -0.88317126 -0.87783259
 -0.87068498 -0.86227089 -0.85258585 -0.84388953 -0.83517534 -0.82694775
 -0.81800652 -0.81005758 -0.80275941 -0.79599679 -0.78826344 -0.77966356
 -0.7712006  -0.76239735 -0.75311595 -0.74442416 -0.73526186 -0.7265386
 -0.71845955 -0.70966393 -0.70192909 -0.69499713 -0.68780297 -0.68156695
 -0.67501062 -0.6668818  -0.65990633 -0.65339255 -0.645567   -0.63750517
 -0.62833679 -0.61954778 -0.6108948  -0.60416162 -0.59846336 -0.59141684
 -0.58409846 -0.57627106 -0.57008964 -0.56521249 -0.5609526  -0.55516112
 -0.55012357 -0.54528058 -0.54212344 -0.53963852 -0.53623796 -0.53341109
 -0.53035593 -0.52731162 -0.52642769 -0.52540392 -0.52429426 -0.52254677
 -0.52032435 -0.51553988 -0.51125312 -0.50585246 -0.49740937 -0.48828566
 -0.48027569 -0.47124621 -0.46384341 -0.45589054 -0.45317054 -0.44836295
 -0.44331568 -0.43746617 -0.43137652 -0.42545539 -0.41574329 -0.40661255
 -0.40084869 -0.39434785 -0.3874501  -0.38226673 -0.37815997 -0.37246129
 -0.36372274 -0.34462428 -0.32855877 -0.32452494 -0.32218313 -0.32126176
 -0.32024238 -0.31457841 -0.30945659 -0.3072578  -0.30705386 -0.3072871
 -0.30663842 -0.30220479 -0.2988472  -0.29807121 -0.29757974 -0.29813311
 -0.29934427 -0.29982397 -0.29963669 -0.29956254 -0.29972753 -0.29795256
 -0.29704905 -0.29673457 -0.29472414 -0.29317364 -0.29268479 -0.29048407
 -0.28838649 -0.28609136 -0.28527105 -0.28359523 -0.28180298 -0.27923203
 -0.27606547 -0.27344784 -0.27092949 -0.26840198 -0.26441875 -0.25988686
 -0.25519431 -0.24970859 -0.24535298 -0.24067418 -0.23523973 -0.22905289
 -0.22383459 -0.21868545 -0.21301469 -0.20769443 -0.20259906 -0.19643617
 -0.19130303]
[0.03185935 0.05090256 0.07026868 0.0889568  0.10813475 0.12888329
 0.1502813  0.17163369 0.19184521 0.2092866  0.22750978 0.24664618
 0.265026   0.2828024  0.29951385 0.31484595 0.32955775 0.34381038
 0.3569105  0.36757678 0.378364   0.3902812  0.40020552 0.4080109
 0.41478229 0.42256874 0.42918634 0.43440744 0.43875751 0.44218996
 0.4449771  0.44806671 0.45061734 0.45219469 0.4516792  0.45169601
 0.45091081 0.45017359 0.44794369 0.44545549 0.44168091 0.43881661
 0.43584737 0.43240747 0.42824724 0.42342889 0.41910037 0.41472352
 0.41051754 0.40544954 0.40038878 0.39558628 0.39075583 0.38591126
 0.38137668 0.37640575 0.37287137 0.37069514 0.3692013  0.36735088
 0.36518234 0.36300564 0.36209548 0.36335731 0.36532098 0.36701933
 0.37027636 0.37289432 0.37675232 0.38182175 0.3883855  0.39490217
 0.40178657 0.40941423 0.41826662 0.42787048 0.43672058 0.44555029
 0.45655417 0.46839353 0.47954258 0.49026972 0.50160992 0.51335102
 0.52556026 0.53906566 0.55221587 0.56513977 0.57855982 0.59186977
 0.60491204 0.61798006 0.63037086 0.64203054 0.65368891 0.66481251
 0.67597914 0.68663567 0.6961078  0.70459938 0.71321374 0.72106779
 0.7286433  0.73554927 0.74243551 0.74857527 0.75501984 0.7601068
 0.76547951 0.77132928 0.77516598 0.77849007 0.78108585 0.7832908
 0.78501439 0.78785479 0.78990519 0.79134744 0.79244888 0.79410183
 0.79509288 0.79607612 0.79572415 0.79615593 0.79618204 0.7960012
 0.79501855 0.79361522 0.79182929 0.78986442 0.78802139 0.79304802
 0.80021334 0.80657482 0.81658781 0.81728303 0.81553948 0.81370354
 0.81266475 0.80836946 0.79955363 0.79087889 0.78074497 0.77186966
 0.76939768]
[ 0.84883857  0.79102319  0.72912502  0.66036707  0.5999133   0.52888286
  0.4469659   0.36817786  0.28841484  0.20808823  0.1315279   0.05531359
 -0.02512405 -0.11214714 -0.19973515 -0.28063083 -0.3596589  -0.44217572
 -0.53282934 -0.61647111 -0.69410342 -0.77233899 -0.84377134 -0.90710557
 -0.97540122 -1.03593469 -1.08993816 -1.14474177 -1.1917727  -1.23647285
 -1.27228427 -1.30058491 -1.32625294 -1.35183322 -1.37394953 -1.38786519
 -1.39837003 -1.395208   -1.38992012 -1.37933743 -1.36068213 -1.33777761
 -1.30428004 -1.26113784 -1.21658278 -1.16259682 -1.10094726 -1.04049528
 -0.97234839 -0.8991012  -0.82011312 -0.74022055 -0.65166354 -0.55920839
 -0.46271133 -0.36424118 -0.26785171 -0.15373243 -0.0453337   0.0558464
  0.15495668  0.25741529  0.36029905  0.46789464  0.57330203  0.67166412
  0.76845908  0.8633275   0.95590317  1.04887092  1.13726449  1.22228575
  1.30323946  1.3853097   1.45417011  1.51702952  1.57871222  1.63397467
  1.67737246  1.71570504  1.74938357  1.77632046  1.7950846   1.80561864
  1.80848575  1.8044908   1.79312456  1.77871752  1.75575352  1.71773684
  1.67196846  1.62091732  1.56330693  1.49000692  1.40864015  1.33066297
  1.24667573  1.1517303   1.05987668  0.95783919  0.85101438  0.74372387
  0.63266379  0.51053548  0.39164343  0.27764204  0.16075729  0.04493542
 -0.07194152 -0.19070689 -0.31038487 -0.4382059  -0.56602347 -0.67557973
 -0.78278917 -0.87808025 -0.97002041 -1.05642343 -1.14296615 -1.215096
 -1.28380513 -1.34331918 -1.39770925 -1.44273305 -1.48259461 -1.51302743
 -1.5378207  -1.55834925 -1.56814837 -1.57082248 -1.56814384 -1.55640125
 -1.53190303 -1.5056951  -1.48288083 -1.45013845 -1.40329278 -1.35836971
 -1.31315231 -1.26860332 -1.22122574 -1.16682482 -1.11173487 -1.05490446
 -0.99294889 -0.9299798  -0.8654049  -0.79574728 -0.73076934]
[-1.39742064 -1.38389122 -1.37287998 -1.36161864 -1.3495419  -1.33210194
 -1.30832744 -1.28810799 -1.27407908 -1.264377   -1.25467157 -1.24468887
 -1.23483336 -1.22531438 -1.21562302 -1.20609498 -1.19859684 -1.18940246
 -1.18148935 -1.17248964 -1.16493356 -1.15541065 -1.14687061 -1.13926685
 -1.13060927 -1.12280118 -1.11566472 -1.10648203 -1.09696949 -1.08986962
 -1.08379543 -1.07589531 -1.07075417 -1.06548333 -1.06097579 -1.05461597
 -1.04991615 -1.04576647 -1.04092026 -1.03808701 -1.03410923 -1.03020918
 -1.02703166 -1.02501655 -1.02412248 -1.02227652 -1.02089727 -1.01993775
 -1.01841843 -1.0181576  -1.01651394 -1.01470149 -1.01034117 -1.00806057
 -1.00704932 -1.00837719 -1.00809741 -1.00744081 -1.00823164 -1.00899935
 -1.00930917 -1.00966287 -1.00959218 -1.00922406 -1.00807476 -1.00654328
 -1.00412059 -0.99808323 -0.98899335 -0.98001456 -0.96946317 -0.96461833
 -0.95184678 -0.93806177 -0.92490333 -0.91440135 -0.90271175 -0.88989282
 -0.87414002 -0.85957259 -0.84193122 -0.82524198 -0.81011093 -0.79154944
 -0.77075714 -0.75316733 -0.72944027 -0.71059781 -0.68771291 -0.65896064
 -0.63877487 -0.62047809 -0.60023111 -0.58488244 -0.56199974 -0.54470205
 -0.52417916 -0.48199344 -0.46087053 -0.44413888 -0.42467231 -0.40905473
 -0.39359561 -0.37426156 -0.35968998 -0.34404427 -0.32960662 -0.31297764
 -0.29802081 -0.28437108 -0.27135906 -0.260263   -0.24846233 -0.23652694
 -0.22619881 -0.21438783 -0.20485725 -0.19342667 -0.18294883 -0.17317645
 -0.1644132  -0.15576953 -0.14632168 -0.13984756 -0.13171709 -0.1244667
 -0.11620261 -0.10692392 -0.09556253 -0.09003715 -0.08490386 -0.08028749
 -0.07485376 -0.0660103  -0.05910231 -0.05505921 -0.05132842 -0.04548376
 -0.04118984 -0.03619032 -0.03208482 -0.02713442 -0.02197064 -0.01646501
 -0.01127681 -0.00456457  0.0023888   0.00944953  0.01630573]
[-1.33785069e-01 -1.16569370e-01 -1.00594275e-01 -8.35953951e-02
 -6.64038435e-02 -4.82560880e-02 -3.13358866e-02 -1.52414571e-02
  6.82377024e-04  1.61776189e-02  3.21149603e-02  4.76320870e-02
  6.15818985e-02  7.40951225e-02  8.71967748e-02  1.00113191e-01
  1.11659572e-01  1.22037977e-01  1.31847069e-01  1.41030058e-01
  1.49787605e-01  1.58172294e-01  1.64877161e-01  1.71896741e-01
  1.77541554e-01  1.82705984e-01  1.87483236e-01  1.90966532e-01
  1.95301160e-01  1.99514464e-01  2.02944025e-01  2.06889033e-01
  2.11031213e-01  2.16534927e-01  2.21684426e-01  2.26892710e-01
  2.31732488e-01  2.39475697e-01  2.49077767e-01  2.56369948e-01
  2.62414187e-01  2.69957066e-01  2.75912523e-01  2.86222905e-01
  2.93116599e-01  3.02316666e-01  3.10656130e-01  3.17864388e-01
  3.24356675e-01  3.30884188e-01  3.37578535e-01  3.44567865e-01
  3.51707488e-01  3.59714389e-01  3.66805255e-01  3.75190020e-01
  3.83909881e-01  3.93900871e-01  4.05962527e-01  4.15541798e-01
  4.22881991e-01  4.29988205e-01  4.37793732e-01  4.47113901e-01
  4.55890745e-01  4.64307427e-01  4.72732157e-01  4.81908113e-01
  4.91619468e-01  5.01084685e-01  5.11142492e-01  5.20294547e-01
  5.29976130e-01  5.40185869e-01  5.50272167e-01  5.59970319e-01
  5.68821728e-01  5.78872085e-01  5.89232862e-01  5.99191546e-01
  6.09275401e-01  6.18594885e-01  6.28260732e-01  6.38044834e-01
  6.47891760e-01  6.57281220e-01  6.67030275e-01  6.77150548e-01
  6.86684728e-01  6.96261406e-01  7.04934239e-01  7.13746905e-01
  7.22312808e-01  7.31202364e-01  7.39907801e-01  7.47426867e-01
  7.55030096e-01  7.62548864e-01  7.68890202e-01  7.75470257e-01
  7.81152904e-01  7.87344098e-01  7.92723954e-01  7.98877895e-01
  8.04648280e-01  8.10068309e-01  8.14550817e-01  8.19106877e-01
  8.23513448e-01  8.27958465e-01  8.31440210e-01  8.34695518e-01
  8.38187695e-01  8.40695560e-01  8.43941629e-01  8.47311974e-01
  8.50797057e-01  8.54208708e-01  8.57567072e-01  8.61265779e-01
  8.65548313e-01  8.70536745e-01  8.74105811e-01  8.77908349e-01
  8.82222474e-01  8.86210620e-01  8.90897751e-01  8.95597458e-01
  9.02095258e-01  9.08650577e-01  9.17294919e-01  9.26058769e-01
  9.36043501e-01  9.42298055e-01  9.48007464e-01  9.52914059e-01
  9.56418514e-01  9.59865332e-01  9.64459717e-01  9.68488872e-01
  9.71811771e-01  9.74036872e-01  9.80414152e-01  9.86314595e-01
  9.92635489e-01  9.97773349e-01  1.00440407e+00  1.01172173e+00
  1.02310789e+00]
[-0.23572607 -0.23290941 -0.22429605 -0.21263374 -0.20083739 -0.18587133
 -0.16817716 -0.148229   -0.12584688 -0.09942224 -0.07161523 -0.04159702
 -0.00769204  0.02861645  0.06511177  0.10349382  0.14321412  0.18417196
  0.22761703  0.2723873   0.31651524  0.36086079  0.40796441  0.45620999
  0.50481337  0.55219537  0.60046798  0.65046632  0.69996578  0.74703586
  0.79220372  0.83656377  0.8795498   0.92178929  0.96125448  0.99843431
  1.03380227  1.06796074  1.09851325  1.12463343  1.14962077  1.17138922
  1.18918812  1.20275867  1.21163094  1.21898317  1.22160935  1.22020566
  1.21731687  1.21089268  1.19921625  1.18459547  1.1645143   1.13985682
  1.1143626   1.08495927  1.05226123  1.01641655  0.97819465  0.93836445
  0.89408976  0.84536141  0.79426289  0.74154627  0.68808705  0.6320653
  0.57291639  0.51317984  0.45352867  0.3903828   0.32579809  0.2570338
  0.18854657  0.12356663  0.05458678 -0.00730254 -0.06784452 -0.12826675
 -0.18442853 -0.23880799 -0.29135934 -0.34215158 -0.38889223 -0.43450838
 -0.47677109 -0.51554185 -0.55271727 -0.58562249 -0.6155175  -0.64220512
 -0.66414481 -0.68255085 -0.69742513 -0.70974201 -0.71808839 -0.7215879
 -0.72268528 -0.71950811 -0.71306485 -0.70396471 -0.69222254 -0.67686415
 -0.65966249 -0.63937902 -0.61718202 -0.59353745 -0.56631976 -0.53771663
 -0.50767577 -0.47534263 -0.44174674 -0.40757507 -0.37200952 -0.33457494
 -0.29643169 -0.25852224 -0.21969029 -0.17943029 -0.13972302 -0.10020652
 -0.06083107 -0.02338767  0.01339547  0.05094896  0.08626194  0.12125245
  0.15574555  0.18859226  0.21883419  0.24834447  0.27661741  0.30267721
  0.3271727   0.34958479  0.36984167  0.38866219  0.40614253  0.42073792
  0.43255514  0.44338587  0.45217475  0.45823523  0.46203119  0.46304718
  0.4627673   0.4622733   0.45803967  0.45251691  0.44434857]
[ 0.97782582  1.00458848  1.03043592  1.05506063  1.07844627  1.09876752
  1.11791003  1.13484037  1.14959931  1.16207039  1.17276239  1.1804899
  1.18637979  1.18939519  1.18829     1.18532646  1.18165207  1.1730876
  1.16114056  1.14510429  1.12766433  1.10506094  1.08121502  1.05554795
  1.02631056  0.99264032  0.95624095  0.91861689  0.88168454  0.84085578
  0.79661047  0.75411469  0.71144652  0.66848332  0.62548858  0.58215117
  0.53743505  0.49254093  0.44644597  0.40271029  0.36008638  0.31509459
  0.26808062  0.22352876  0.18383919  0.14253917  0.10290805  0.0635937
  0.0260558  -0.00968551 -0.04078012 -0.07198723 -0.10259987 -0.12846805
 -0.14843062 -0.16658582 -0.18051152 -0.19318597 -0.20007297 -0.20224451
 -0.20256333 -0.20038192 -0.19462238 -0.18614134 -0.17549933 -0.1613849
 -0.14359488 -0.12300242 -0.09739634 -0.06794099 -0.03065094  0.00142063
  0.04125868  0.07272564  0.10666464  0.14195141  0.17925411  0.21616581
  0.25231302  0.28988817  0.32657021  0.36325386  0.39913556  0.43687388
  0.47317785  0.50819671  0.5435012   0.577896    0.60941988  0.63979584
  0.66832083  0.69368231  0.71813476  0.73933667  0.75848937  0.77519614
  0.78938377  0.80100536  0.80964893  0.81638634  0.81972677  0.82014108
  0.81780308  0.81044269  0.80138838  0.78911304  0.7746523   0.7560066
  0.73523957  0.71089357  0.68315983  0.65270323  0.61922163  0.58331966
  0.54112917  0.50067997  0.4577637   0.41324747  0.36811653  0.31971911
  0.2698701   0.22233447  0.17061782  0.11833612  0.06315235  0.01066244
 -0.04249422 -0.10068092 -0.15463346 -0.2072677  -0.25690418 -0.30411538
 -0.35526296 -0.40184593 -0.44433612 -0.48495993 -0.52181518 -0.5589267
 -0.59388804 -0.62423271 -0.65256405 -0.67863303 -0.70163572 -0.72060329
 -0.73644596 -0.75018388 -0.76380801 -0.77312613 -0.77921784 -0.77595603
 -0.77723104 -0.7740171  -0.76568401 -0.75876546 -0.74988359 -0.73911995
 -0.72817075 -0.71482253 -0.69470686 -0.6751709  -0.65529597 -0.63572258
 -0.60519886 -0.57470113 -0.54943794 -0.52489692 -0.49898523 -0.47204342
 -0.44402802 -0.41528064]
[-0.66644782 -0.65936905 -0.65043318 -0.63993341 -0.62980002 -0.62179571
 -0.61215657 -0.60088784 -0.59040684 -0.58126688 -0.57125163 -0.56101179
 -0.54998267 -0.53883588 -0.52745718 -0.51624674 -0.50454468 -0.49275157
 -0.48074904 -0.46820772 -0.45600861 -0.44311985 -0.43058306 -0.41837001
 -0.40553033 -0.39326653 -0.3822675  -0.37291965 -0.36419538 -0.35480171
 -0.3443208  -0.33415991 -0.32443848 -0.31602696 -0.30799931 -0.29916638
 -0.28932422 -0.2784175  -0.26845899 -0.25843847 -0.2484969  -0.23835431
 -0.23003568 -0.22266462 -0.21543917 -0.20912792 -0.20331638 -0.19799101
 -0.19799036 -0.20124397 -0.20407853 -0.20266476 -0.20040649 -0.19938864
 -0.19930235 -0.19984648 -0.20112783 -0.20235153 -0.20467344 -0.20764966
 -0.20930316 -0.21002898 -0.21335118 -0.21715663 -0.22022425 -0.22334191
 -0.22621198 -0.22823076 -0.2316508  -0.2346182  -0.23565428 -0.23593172
 -0.23674694 -0.23804207 -0.23941754 -0.23971103 -0.23968792 -0.23939368
 -0.23987968 -0.24053259 -0.23876765 -0.23736642 -0.23586184 -0.2344927
 -0.23312122 -0.23175797 -0.22856352 -0.22439553 -0.22040139 -0.21584445
 -0.21191441 -0.20635457 -0.2007543  -0.19571887 -0.1908579  -0.18520743
 -0.17838584 -0.17097002 -0.16408844 -0.15739161 -0.14977321 -0.14181882
 -0.13270436 -0.12363975 -0.11366345 -0.10345648 -0.09480943 -0.0852905
 -0.07413267 -0.06303588 -0.05192658 -0.03945437 -0.02720221 -0.01366525
  0.00088824  0.01556821  0.02970569  0.04360374  0.05942633  0.07469447
  0.08973399  0.10426771  0.12001918  0.13525899  0.1503337   0.16676217
  0.18226308  0.19751191  0.21186101  0.22644578  0.24125236  0.25518468
  0.26850253  0.28138629  0.29434636  0.30631524  0.31854048  0.33051994
  0.34189516  0.35346526  0.36578956  0.37688625  0.38620126  0.39597502
  0.40644437  0.4174481   0.42790803  0.43721211  0.44769162  0.45783439
  0.46705872  0.47671652  0.48610082  0.49613553  0.50609165  0.51530713
  0.5243516   0.53437722  0.54403931  0.55281687  0.56100863  0.57093608
  0.57957685  0.58918184  0.59903026  0.60752726  0.6145696   0.62105471
  0.62718803  0.63271958]
[-0.8382104  -0.82535625 -0.81137741 -0.8003118  -0.79074746 -0.781946
 -0.77455699 -0.76707089 -0.75940657 -0.75227189 -0.74648553 -0.7398665
 -0.73154545 -0.7261731  -0.72350699 -0.71927834 -0.71448082 -0.71013856
 -0.71033597 -0.71118134 -0.71295708 -0.7166155  -0.71892244 -0.7222563
 -0.72664845 -0.73168445 -0.73753387 -0.74307477 -0.7494055  -0.75625283
 -0.76255471 -0.76930398 -0.77646023 -0.78426772 -0.79188657 -0.79981112
 -0.8068828  -0.81411505 -0.81980693 -0.82560998 -0.83127183 -0.83671653
 -0.84188163 -0.84641349 -0.85062999 -0.85429186 -0.85783768 -0.86154258
 -0.86488569 -0.8666445  -0.86778229 -0.86832184 -0.86880749 -0.86786705
 -0.86608666 -0.86481804 -0.86365938 -0.86202389 -0.85975307 -0.85637593
 -0.85084265 -0.84438443 -0.83777535 -0.83061194 -0.82382476 -0.81591952
 -0.8065452  -0.79746944 -0.78773904 -0.77720517 -0.76591194 -0.75345314
 -0.74075174 -0.72661877 -0.71178561 -0.69665712 -0.68121779 -0.6658178
 -0.6501984  -0.63441265 -0.61817014 -0.60271907 -0.58740932 -0.57212877
 -0.55690354 -0.54208541 -0.52733082 -0.5118627  -0.49794021 -0.48344794
 -0.47042793 -0.45791563 -0.44558835 -0.43362734 -0.42173687 -0.40938661
 -0.39754561 -0.38541037 -0.37402657 -0.36355993 -0.35312068 -0.34179685
 -0.32961842 -0.31700438 -0.30721006 -0.29374844 -0.27941576 -0.26609981
 -0.25571498 -0.24891186 -0.24316975 -0.23809597 -0.23358862 -0.2297834
 -0.22451831 -0.21806386 -0.21507385 -0.21376805 -0.21205007 -0.21132119
 -0.21083063 -0.21069899 -0.21153389 -0.21183716 -0.21240237 -0.2136576
 -0.21499896 -0.21535479 -0.21588871 -0.21805726 -0.2201511  -0.22175087
 -0.22318234 -0.22510464 -0.22611506 -0.22692014 -0.22744235 -0.22798917
 -0.22811301 -0.2279653  -0.22736393 -0.22578473 -0.22373104 -0.22161955
 -0.21871383 -0.21528193 -0.21119678 -0.20693253 -0.20205049 -0.19712581
 -0.19153036 -0.18502478 -0.1780185  -0.1703096  -0.16138445 -0.15223165
 -0.14206733 -0.13109522 -0.12012651 -0.1086623  -0.09638685 -0.08437557
 -0.07207304 -0.05895916 -0.04606687 -0.03303845 -0.01974379 -0.00617077
  0.00803364  0.02263422  0.03679377  0.05081305  0.06466527  0.07885545
  0.09315228  0.10721192  0.12113333  0.13500962  0.1486859   0.16224198
  0.17605554  0.19051442  0.20427826  0.21822862  0.23169994  0.24603395
  0.26139915  0.27640885  0.29195523  0.3071478   0.32267815  0.33779603]
[-0.23972456 -0.23646784 -0.23561393 -0.23422869 -0.23359008 -0.23184758
 -0.22857431 -0.22517961 -0.22505549 -0.22370161 -0.21999295 -0.21373361
 -0.20912811 -0.20579925 -0.20039429 -0.19337553 -0.18676706 -0.17922185
 -0.16996345 -0.16149554 -0.15149148 -0.14191458 -0.13061155 -0.11849121
 -0.10436384 -0.09094761 -0.07799265 -0.06237028 -0.04674318 -0.03011939
 -0.01280129  0.00453606  0.02196503  0.03989683  0.0585036   0.07647377
  0.09628531  0.11476155  0.1337827   0.15274437  0.17049956  0.18947837
  0.20750213  0.22415648  0.23995771  0.25708243  0.27239999  0.28708291
  0.30240384  0.31628847  0.3281768   0.34083816  0.35363209  0.36561215
  0.37670273  0.38748446  0.39565918  0.40365276  0.4115043   0.41905546
  0.42671925  0.43500999  0.44136864  0.44639683  0.45441502  0.46161047
  0.466286    0.47042674  0.47478595  0.47705305  0.47696581  0.4776687
  0.47825387  0.47584349  0.4728274   0.47068822  0.46828911  0.46440262
  0.46170446  0.459488    0.45686999  0.45406961  0.45006722  0.4462128
  0.44116148  0.43483403  0.42936629  0.42560008  0.42214459  0.41875803
  0.4143742   0.40910706  0.4045603   0.40239275  0.40096891  0.40021524
  0.39858538  0.39826658  0.39766794  0.39740288  0.39780742  0.3986786
  0.40137318  0.40532029  0.40957272  0.41397786  0.41910955  0.42542678
  0.43229592  0.4406881   0.44995582  0.46015233  0.46915576  0.47923133
  0.48943973  0.50013363  0.51208282  0.52423596  0.53754067  0.55137229
  0.5654574   0.57886976  0.59338778  0.60807246  0.62125075  0.63606268
  0.65191573  0.6643132   0.6762439   0.68991375  0.70278668  0.7140286
  0.72556883  0.7370187   0.74765986  0.75728506  0.76605201  0.77581257
  0.78433585  0.79261613  0.79976714  0.80399311  0.80918968  0.81593013
  0.82088375  0.82416111  0.82791513  0.83074427  0.83484739  0.83865803
  0.84020984  0.84055632  0.84156704  0.84476322  0.84825623  0.84723288
  0.84825683  0.8479535   0.84699738  0.84719586  0.84567159  0.84176725
  0.83828253  0.83239251  0.82551849  0.81906736  0.81113976  0.8040576
  0.79644561  0.79000866  0.78672725  0.81352919  0.80565184  0.79885811
  0.79114783  0.7834664   0.77559745  0.76831543  0.76035488  0.73671788
  0.70817071  0.69998926  0.69290918  0.68707538  0.68218052  0.67869002
  0.67540616  0.67254245  0.66901106  0.66697401  0.66763091  0.66983831]
[-0.45955366 -0.45287845 -0.44762933 -0.44112939 -0.43431267 -0.42887139
 -0.42339906 -0.41886365 -0.41401753 -0.40909284 -0.40580693 -0.40410674
 -0.40262815 -0.39925379 -0.39498591 -0.39199203 -0.38953653 -0.38614252
 -0.38314229 -0.38143349 -0.37929168 -0.37470642 -0.36967617 -0.36439949
 -0.35860926 -0.35395741 -0.34843078 -0.34323531 -0.33845776 -0.33299965
 -0.32840216 -0.3268404  -0.32701576 -0.32664469 -0.32402816 -0.31900737
 -0.31147155 -0.30461854 -0.29641932 -0.28779137 -0.28152981 -0.27580315
 -0.26972231 -0.26286876 -0.25536919 -0.24788409 -0.2406256  -0.23309305
 -0.22503768 -0.2180392  -0.21093908 -0.20307872 -0.19647795 -0.19045702
 -0.18399441 -0.17759174 -0.17129332 -0.16506223 -0.1597601  -0.15732649
 -0.15462281 -0.15215583 -0.14955109 -0.14676273 -0.14463829 -0.14172919
 -0.13914695 -0.13533588 -0.13199325 -0.13060921 -0.12889886 -0.1258662
 -0.12366424 -0.12209216 -0.11951243 -0.11689178 -0.11410668 -0.11195783
 -0.10997462 -0.1087411  -0.10609747 -0.10306979 -0.10109393 -0.10086288
 -0.10035568 -0.09805906 -0.09574372 -0.09195756 -0.08905391 -0.08635709
 -0.0817994  -0.07685318 -0.07314324 -0.06969107 -0.06587699 -0.06403444
 -0.06030441 -0.05643685 -0.05324154 -0.0495123  -0.04616885 -0.04265063
 -0.04047328 -0.03816585 -0.03461543 -0.03096898 -0.02637372 -0.0217091
 -0.01743081 -0.01432137 -0.01042283 -0.00647856 -0.00121519  0.00352815
  0.00744844  0.01176728  0.0160729   0.01945507  0.02293928  0.02676264
  0.02896871  0.0321399   0.03520322  0.03781078  0.04172042  0.04540907
  0.04899019  0.05219717  0.05678532  0.06141651  0.06497274  0.06815045
  0.07161386  0.07537208  0.07951258  0.0826542   0.08520486  0.08786591
  0.09011506  0.09333117  0.09531444  0.0972343   0.09890892  0.10175379
  0.10457017  0.10832405  0.11336778  0.11865126  0.12302753  0.1276823
  0.1323456   0.13659477  0.14171302  0.1469706   0.15149024  0.15633351
  0.16083418  0.16584396  0.17142327  0.17753367  0.18460068  0.19114734
  0.19864252  0.20565449  0.21251281  0.21941313  0.22694397  0.23475668
  0.24305841  0.25180453  0.2606847   0.26888695  0.27741638  0.28642502
  0.29611841  0.30565169  0.31474966  0.32487375  0.33601746  0.3478187
  0.3602218   0.37104464  0.38246363  0.39401767  0.40608549  0.41845545
  0.43098712  0.44251624  0.45354235  0.46288031  0.4721331   0.48225215
  0.49225962  0.50215709  0.5121755 ]
[-0.7289952  -0.72074479 -0.71805108 -0.71533006 -0.71335858 -0.71100503
 -0.70819432 -0.70518035 -0.70181739 -0.69868296 -0.6953634  -0.69252402
 -0.68821752 -0.68465054 -0.67986917 -0.67390102 -0.66805315 -0.66262537
 -0.65750593 -0.65219641 -0.6464662  -0.6413334  -0.63616371 -0.63162577
 -0.6268357  -0.62298173 -0.61867595 -0.60954356 -0.60315543 -0.59709775
 -0.59048051 -0.58392131 -0.57381266 -0.56779438 -0.55944294 -0.54923028
 -0.54010373 -0.53101015 -0.52344608 -0.51572973 -0.50788897 -0.50056833
 -0.49432415 -0.48798785 -0.48168197 -0.47802439 -0.47670189 -0.47600195
 -0.47409192 -0.46835878 -0.46185324 -0.45503712 -0.44883317 -0.44389793
 -0.43834695 -0.43344587 -0.42851469 -0.42197788 -0.41259766 -0.40551442
 -0.39812189 -0.39068329 -0.38368353 -0.37698999 -0.36973608 -0.36093196
 -0.35283327 -0.34586674 -0.34186491 -0.33435312 -0.32725206 -0.32228947
 -0.31656691 -0.30929595 -0.30255166 -0.29596534 -0.28858465 -0.28273207
 -0.27707848 -0.26892436 -0.26280349 -0.2560133  -0.24859475 -0.24125923
 -0.2327839  -0.22441405 -0.21847408 -0.21277615 -0.20671079 -0.19976659
 -0.1939019  -0.18734038 -0.18144318 -0.17556882 -0.16950609 -0.164364
 -0.15980816 -0.1543131  -0.15030542 -0.14510167 -0.13694626 -0.13261189
 -0.1278906  -0.12549475 -0.12329774 -0.12115236 -0.11877245 -0.11686304
 -0.11485027 -0.11218502 -0.10977919 -0.10859575 -0.10591401 -0.10403071
 -0.10112613 -0.09596586 -0.0917614  -0.08707167 -0.0819205  -0.078763
 -0.0745917  -0.07019731 -0.06577056 -0.06337219 -0.05991174 -0.05706954
 -0.05333405 -0.05093473 -0.04808292 -0.04406035 -0.03397899 -0.02917656
 -0.02643981 -0.02336431 -0.01927331 -0.01565927 -0.012066   -0.00867798
 -0.00527784 -0.00254042  0.00130539  0.00531448  0.00922868  0.01340385
  0.0183792   0.02333651  0.027962    0.03501615  0.03990886  0.04542758
  0.05121487  0.05720094  0.06337417  0.06890657  0.07468723  0.08098657
  0.08715374  0.09366591  0.10006531  0.10756743  0.11472107  0.12336558
  0.13292117  0.14254396  0.15208182  0.16167881  0.17086171  0.18202005
  0.19084361  0.20075387  0.20858854  0.21666372  0.22540437  0.23483352
  0.24507746  0.25505942  0.26470816  0.27337852  0.28218585  0.29093337
  0.29929951  0.30792159  0.3170664   0.32538116  0.33271676  0.33857861
  0.34545606  0.35241011  0.35892627  0.36587876  0.37132862  0.37776685
  0.38575494  0.39389589  0.4001303   0.4050771   0.40980348  0.41511145
  0.41954964  0.42475727  0.42857316  0.43326631  0.43717289  0.44035256
  0.44412079  0.44788101  0.45181108  0.45567411  0.45930749  0.4622919
  0.46600136  0.46976992  0.4744215   0.47781762  0.48194608  0.48552039
  0.48927787  0.49332148  0.49723765  0.50079399  0.50477725  0.50839877
  0.5131312   0.51867104  0.52396959  0.52825993  0.53277367  0.53762382
  0.5424487   0.54695362  0.55179149  0.5573132   0.56239897  0.56858778
  0.5740881   0.58896172  0.59447557  0.60098469  0.60845417  0.61769664
  0.62405837  0.630916    0.63720107  0.64439899  0.65131855  0.6591109
  0.66696012  0.67347819]
[-0.70760483 -0.69629931 -0.68981254 -0.68504053 -0.67988551 -0.67527986
 -0.66990364 -0.66494989 -0.65992349 -0.65526581 -0.65065593 -0.64655668
 -0.64198309 -0.63822526 -0.63430279 -0.63035119 -0.62587446 -0.62220508
 -0.61885023 -0.61458999 -0.61032283 -0.60643238 -0.60206491 -0.59822631
 -0.59534383 -0.59325546 -0.59008867 -0.58648694 -0.58268797 -0.57872963
 -0.57567519 -0.57191491 -0.56745839 -0.56277776 -0.55769199 -0.55115914
 -0.5445686  -0.5389685  -0.53221428 -0.52546096 -0.51968449 -0.5138672
 -0.50965774 -0.50459868 -0.49818164 -0.49700186 -0.49880242 -0.49625692
 -0.49132591 -0.4847149  -0.47780558 -0.47093195 -0.46335658 -0.45799962
 -0.45230916 -0.4468897  -0.44171137 -0.43477455 -0.42722428 -0.42261338
 -0.41731018 -0.41250965 -0.40553796 -0.39979661 -0.39415655 -0.38810062
 -0.38028455 -0.37204313 -0.3684437  -0.3635056  -0.35776529 -0.35164484
 -0.34484211 -0.33821005 -0.33211645 -0.3252126  -0.3174094  -0.30961999
 -0.30344665 -0.29570034 -0.28597248 -0.27621788 -0.26807335 -0.26064879
 -0.25157502 -0.24343483 -0.23615672 -0.22641811 -0.21698093 -0.20909378
 -0.20182326 -0.1942832  -0.18764356 -0.1763403  -0.16833262 -0.16278259
 -0.15773411 -0.15303431 -0.14856882 -0.14318298 -0.13824192 -0.1334582
 -0.1288906  -0.1247094  -0.12069876 -0.11625692 -0.11239459 -0.10866036
 -0.10501526 -0.10128065 -0.09795576 -0.09585696 -0.0932793  -0.09111235
 -0.08841721 -0.08528924 -0.08311132 -0.08142317 -0.07938186 -0.07775022
 -0.07628992 -0.073899   -0.07121227 -0.06790391 -0.0645487  -0.06212933
 -0.06047952 -0.05879865 -0.05792408 -0.05747911 -0.05615366 -0.05464337
 -0.0533605  -0.0516679  -0.04979039 -0.04726812 -0.04520105 -0.04294064
 -0.04046843 -0.03740981 -0.03479363 -0.03133574 -0.02770739 -0.02483273
 -0.02108033 -0.01687403 -0.01268107 -0.00826764 -0.0029989   0.00362386
  0.0108504   0.01727975  0.02513004  0.03268281  0.0409906   0.04828937
  0.05464213  0.06074872  0.06720411  0.07463238  0.08261629  0.0900306
  0.09661123  0.10325257  0.11004288  0.11732053  0.1242426   0.13199002
  0.1397256   0.14845027  0.15679574  0.16473445  0.17319834  0.18058848
  0.18920699  0.19732817  0.20490892  0.21313752  0.22053398  0.22831383
  0.2358792   0.24401741  0.25284329  0.26057547  0.26812625  0.27622792
  0.28481311  0.29409587  0.30215162  0.31030968  0.31814346  0.32578447
  0.33273509  0.33903188  0.34602907  0.35273308  0.3585251   0.36589399
  0.37949407  0.38661903  0.39453137  0.40161112  0.40827996  0.4136917
  0.41983709  0.42473817  0.4294813   0.43379551  0.43783781  0.44208539
  0.4459818   0.44970885  0.45399383  0.45804662  0.46142977  0.46570671
  0.46980318  0.47418481  0.47854552  0.48222709  0.48607519  0.49025217
  0.49461329  0.49850813  0.50247121  0.50604087  0.51056755  0.51485479
  0.51845574  0.52265018  0.52746874  0.53188574  0.53599703  0.54159027
  0.54731911  0.55220652  0.55671346  0.56156993  0.56743664  0.57270414
  0.57851917  0.58547658  0.59234828  0.59874618  0.60640496  0.61388308
  0.62118101  0.63049227  0.63784373  0.64539427  0.65334123  0.66053784
  0.66769832  0.6748414   0.68287301  0.69038498]
[-0.79740685 -0.78818953 -0.77974492 -0.77094334 -0.76172733 -0.75357652
 -0.74510342 -0.73721457 -0.72995496 -0.7216531  -0.71424872 -0.70682019
 -0.69937164 -0.69232035 -0.68616337 -0.67908722 -0.67258132 -0.66696191
 -0.66090101 -0.65547431 -0.64951032 -0.64282739 -0.63693124 -0.63134903
 -0.62622261 -0.62128729 -0.61665612 -0.6135233  -0.60792047 -0.60262692
 -0.59752727 -0.59200561 -0.5863899  -0.58120298 -0.57547939 -0.56903946
 -0.56238258 -0.55547613 -0.54862887 -0.5415172  -0.53387278 -0.52654326
 -0.51962477 -0.513192   -0.50838143 -0.503824   -0.49818087 -0.49410298
 -0.49408472 -0.49346313 -0.4900181  -0.4857423  -0.48087871 -0.4759441
 -0.47221088 -0.46879023 -0.46576637 -0.46107674 -0.45574623 -0.44985142
 -0.44376877 -0.43781477 -0.43281114 -0.42776397 -0.42188028 -0.41538203
 -0.40936723 -0.40464246 -0.39898771 -0.39343581 -0.3874276  -0.38165238
 -0.3749043  -0.36922237 -0.36339182 -0.3579433  -0.35211453 -0.34706739
 -0.34203377 -0.33700252 -0.33175373 -0.32673907 -0.32102993 -0.31565535
 -0.31037307 -0.30550215 -0.30036312 -0.29567629 -0.29184127 -0.28767478
 -0.28312746 -0.27806467 -0.27290699 -0.2673212  -0.26225868 -0.25739807
 -0.2520836  -0.24754779 -0.24346596 -0.23919809 -0.23435466 -0.23037796
 -0.22599556 -0.22114375 -0.21589074 -0.2106068  -0.20604502 -0.20093645
 -0.19630317 -0.19122258 -0.18625751 -0.18047324 -0.17509928 -0.17041622
 -0.16510436 -0.15938425 -0.15340005 -0.14789146 -0.14211537 -0.13674155
 -0.13020507 -0.12354381 -0.11761393 -0.11079129 -0.10409854 -0.09696557
 -0.09001891 -0.08288275 -0.07631384 -0.07001819 -0.0631928  -0.05668645
 -0.0498379  -0.04290165 -0.03645678 -0.02968358 -0.02305525 -0.0160354
 -0.00874636 -0.00143162  0.00570731  0.01296943  0.01944246  0.02671146
  0.03377623  0.03933379  0.04483523  0.05016857  0.05698503  0.06308039
  0.06828759  0.07348381  0.0788875   0.08483307  0.09128173  0.09749854
  0.10260128  0.10736973  0.11246341  0.11782794  0.12310316  0.12949285
  0.13544121  0.14071226  0.14633407  0.15118261  0.15704624  0.16265468
  0.16758452  0.1725278   0.17775376  0.18267711  0.18705115  0.19139846
  0.19658095  0.2011466   0.20542133  0.20910186  0.21226883  0.21627234
  0.22003096  0.22302203  0.22547637  0.22891669  0.23292106  0.23642102
  0.23953262  0.24283062  0.24594119  0.24933907  0.25253806  0.25504786
  0.2581875   0.2621364   0.26620075  0.2694014   0.27222255  0.27597862
  0.27969301  0.28413525  0.28931618  0.29333538  0.2973606   0.3022109
  0.30675444  0.31099403  0.31606773  0.32169956  0.32636264  0.33099869
  0.33477309  0.33949405  0.34467885  0.34906977  0.35322136  0.35818234
  0.36292571  0.36839616  0.37440857  0.37955651  0.38523144  0.39062622
  0.39598596  0.40184551  0.40779135  0.41386324  0.42034382  0.42702323
  0.43380576  0.44097438  0.44842076  0.4549804   0.46233949  0.47042903
  0.47795251  0.48607209  0.49517226  0.50411308  0.51282161  0.52254623
  0.53333229  0.54313374  0.55278754  0.56386954  0.5741595   0.58433521
  0.59399742  0.60482132  0.61560154  0.62608868  0.63686728  0.64760864
  0.6575734   0.66764313  0.67757142  0.68849015  0.69933003  0.70982838
  0.72021383  0.73074287  0.7416212   0.7531774   0.76484996  0.77670366
  0.79244518  0.80338931  0.81492585  0.82614511  0.83783442  0.84870732
  0.85927564  0.86976784  0.87922823]
[-0.85611278 -0.84177047 -0.82707739 -0.81429988 -0.80183727 -0.78970361
 -0.77902973 -0.76664209 -0.75298381 -0.74136215 -0.73165727 -0.72199839
 -0.71287346 -0.70288724 -0.69210428 -0.68372679 -0.67762959 -0.67191815
 -0.66633552 -0.66021055 -0.65480936 -0.65099978 -0.64897931 -0.64611024
 -0.64328086 -0.64048427 -0.63799262 -0.63514179 -0.63149107 -0.63006109
 -0.62865871 -0.62845159 -0.62737411 -0.6252057  -0.62358397 -0.62193692
 -0.61965609 -0.61841667 -0.6166603  -0.61432487 -0.61032122 -0.60818374
 -0.60622722 -0.60214818 -0.59859437 -0.59525621 -0.59187496 -0.5882743
 -0.58489722 -0.58283448 -0.57902265 -0.57367772 -0.56883907 -0.56535208
 -0.56234461 -0.55692482 -0.55136603 -0.54742342 -0.54290634 -0.53994924
 -0.53876829 -0.5358898  -0.53240848 -0.52820671 -0.52351159 -0.5186727
 -0.51479286 -0.50852144 -0.50238287 -0.49535853 -0.48887631 -0.48144877
 -0.47399071 -0.46665081 -0.45895904 -0.44974643 -0.44116655 -0.43345809
 -0.42411119 -0.4144882  -0.40575862 -0.39671376 -0.38646898 -0.37672535
 -0.36688527 -0.35658437 -0.34579855 -0.33557063 -0.32621554 -0.31552023
 -0.30473667 -0.29599911 -0.28741321 -0.28172517 -0.2753199  -0.26602915
 -0.25686517 -0.24912556 -0.24152662 -0.23211941 -0.22271721 -0.21574695
 -0.20938632 -0.20393552 -0.19832009 -0.19060443 -0.18166095 -0.17557393
 -0.16949755 -0.16148131 -0.15433361 -0.1496397  -0.14501829 -0.13884723
 -0.13358033 -0.12957734 -0.1280522  -0.12685408 -0.12421039 -0.12107363
 -0.11552072 -0.11014444 -0.10487261 -0.09963019 -0.09394009 -0.08953289
 -0.08339746 -0.07747129 -0.07104268 -0.06475633 -0.05773175 -0.05177369
 -0.04585968 -0.03959978 -0.03333114 -0.02634874 -0.01923412 -0.01291832
 -0.00755659 -0.00285963  0.00272093  0.00865144  0.01484988  0.02023441
  0.02552072  0.03065769  0.03507343  0.04086643  0.04582836  0.05018172
  0.05406486  0.05927658  0.06498513  0.07157797  0.07657305  0.08059299
  0.08551831  0.09204989  0.09821326  0.10385107  0.10937577  0.11456116
  0.11996643  0.12701021  0.13280301  0.13619213  0.14058094  0.14658931
  0.15156667  0.15516898  0.15940338  0.1646622   0.16999905  0.17567135
  0.18023364  0.18334703  0.1881133   0.19310202  0.19750111  0.20069797
  0.20377174  0.2055233   0.20710741  0.20915911  0.20971903  0.2102115
  0.20990148  0.21096559  0.21149465  0.21221562  0.21387757  0.21388651
  0.21525829  0.21650554  0.21828017  0.22079797  0.22362006  0.22650519
  0.22622776  0.22999807  0.23459308  0.23685212  0.24058661  0.24786459
  0.25329876  0.25932413  0.26554802  0.27264011  0.28089178  0.28907061
  0.29743436  0.30666906  0.31479037  0.32293057  0.33085832  0.33974898
  0.3481313   0.35675281  0.36561131  0.37463275  0.38357213  0.39326659
  0.40203813  0.40969849  0.41861382  0.42709577  0.43456376  0.44076151
  0.44745901  0.4529196   0.45990628  0.46630082  0.47178438  0.47681919
  0.4807153   0.48458588  0.48948517  0.49442863  0.49883965  0.50371522
  0.50874847  0.51324552  0.5183866   0.52460265  0.52986366  0.53489929
  0.54127425  0.54631364  0.55211002  0.55823451  0.56370425  0.57004064
  0.57665592  0.58283544  0.58953232  0.59649831  0.60257351  0.60935229
  0.61598504  0.62222761  0.62755841  0.63424289  0.6415056   0.64950907
  0.65684229  0.66406244  0.67096597  0.67704099  0.68416077  0.69136322
  0.69772506  0.70457053  0.71097833  0.71697551  0.72335547  0.7308408
  0.7389155   0.74800843  0.75677478  0.76456183  0.77272093  0.78052372
  0.78813583  0.79749131  0.8060227   0.81259531  0.82002521  0.8273564
  0.83779073  0.85053861  0.86019677]
[ 0.65904218  0.63838124  0.61133093  0.58579701  0.56004828  0.53445631
  0.50942832  0.48655501  0.46444276  0.44221118  0.42002177  0.39836451
  0.38004294  0.36222208  0.3431327   0.32688576  0.30958197  0.29337096
  0.27906197  0.26459801  0.25100857  0.23870189  0.22719255  0.2162514
  0.2057229   0.19555157  0.18640451  0.17858391  0.17173392  0.16674112
  0.16276523  0.15975161  0.15819609  0.15759712  0.15764453  0.15825062
  0.16081406  0.1632418   0.16564459  0.16785793  0.17066593  0.17384796
  0.17896388  0.18414952  0.19295289  0.20296691  0.21024457  0.21523444
  0.22104868  0.22778852  0.23659839  0.24137151  0.24785599  0.2594319
  0.26526535  0.27078536  0.2779966   0.28361896  0.29295373  0.29799843
  0.30235609  0.30504304  0.30490577  0.30285841  0.30354178  0.30808321
  0.30595106  0.30159572  0.29801521  0.29449666  0.29057258  0.28612849
  0.28104118  0.27573571  0.26856175  0.26124406  0.25032339  0.23865584
  0.22560045  0.21348326  0.19904633  0.18331686  0.16952017  0.15438208
  0.13790467  0.12028393  0.10076221  0.07950839  0.05819664  0.03752021
  0.01607816 -0.00673605 -0.02927393 -0.05128467 -0.07463331 -0.09711218
 -0.11909323 -0.14118807 -0.16434617 -0.18739894 -0.21056049 -0.23421118
 -0.25654837 -0.27983487 -0.30235717 -0.32460949 -0.34551895 -0.36669248
 -0.38875487 -0.40985    -0.42990342 -0.44999737 -0.47152776 -0.49282101
 -0.50926143 -0.52653313 -0.54327494 -0.55911911 -0.5750609  -0.58963943
 -0.6022656  -0.6141144  -0.62367564 -0.63376206 -0.64259481 -0.65057862
 -0.65627259 -0.66189796 -0.66802275 -0.67264163 -0.67735779 -0.68140292
 -0.68417853 -0.68812138 -0.69706017 -0.70296711 -0.70393181 -0.70455468
 -0.70401776 -0.70253044 -0.70062125 -0.69835204 -0.69825488 -0.69684088
 -0.69437921 -0.69245338 -0.68865448 -0.68434447 -0.68049943 -0.67491883
 -0.67065775 -0.66603851 -0.66059911 -0.65550691 -0.64853454 -0.64367676
 -0.63687718 -0.63030779 -0.62384927 -0.61766088 -0.61277944 -0.60816634
 -0.60358572 -0.60103333 -0.598333   -0.59571993 -0.59331834 -0.59104496
 -0.58893865 -0.58689249 -0.58612323 -0.58565366 -0.58465028 -0.58471251
 -0.58466107 -0.58347964 -0.5827294  -0.58349353 -0.58452511 -0.58539373
 -0.58776987 -0.59020174 -0.5920192  -0.59460378 -0.59792978 -0.60207796
 -0.60569859 -0.60999537 -0.61386842 -0.61811376 -0.62281322 -0.62648666
 -0.63012785 -0.63399798 -0.63741827 -0.64176089 -0.64436954 -0.64729893
 -0.65025181 -0.65195203 -0.65568364 -0.6568172  -0.65798342 -0.65839928
 -0.65919489 -0.66060275 -0.65967005 -0.65740424 -0.65589201 -0.65300548
 -0.64998513 -0.64689326 -0.64345962 -0.63929665 -0.63452595 -0.63057053
 -0.62516242 -0.62115186 -0.61503619 -0.6091398  -0.60329324 -0.59642768
 -0.58913535 -0.58107924 -0.57346487 -0.56589168 -0.55680007 -0.54828006
 -0.53992039 -0.52962327 -0.52013558 -0.51039845 -0.50215375 -0.49330902
 -0.48485127 -0.47606993 -0.46581146 -0.45461658 -0.44265234 -0.43129721
 -0.41919333 -0.40736735 -0.39559123 -0.38315296 -0.3703295  -0.35633564
 -0.34356177 -0.32829013 -0.3136161  -0.29916671 -0.28452247 -0.27075973
 -0.25851128 -0.2457322  -0.23214342 -0.21892203 -0.20748115 -0.19547695
 -0.18304002 -0.17230323 -0.16144951 -0.15083493 -0.14071226 -0.13011684
 -0.12089641 -0.1125286  -0.1042119  -0.09622709 -0.08843676 -0.08108257
 -0.07360674 -0.06857371 -0.06344143 -0.05819127 -0.05158151 -0.04497563
 -0.03915438 -0.03359603 -0.0278145  -0.02109712 -0.01410739 -0.00940449
 -0.00421126  0.00153344  0.00587999  0.01188155  0.01815802  0.0242629
  0.03057642  0.03585951  0.04218998  0.04685706  0.0528839   0.06001746
  0.06637991  0.07171322  0.07639975  0.08222896  0.08882195  0.09579396
  0.10109518  0.10823765  0.11437824  0.1216785   0.1288659   0.13536079
  0.14285812  0.15037124  0.15536073  0.16176976  0.17015649  0.17858139
  0.18906659  0.19923636  0.20854659  0.22056527  0.23186693  0.24597394
  0.25969332  0.2730962   0.28671637  0.30029213  0.31466493  0.32938808
  0.34295297  0.35838166]
[-1.70517945 -1.68979228 -1.67744565 -1.66612518 -1.6539135  -1.64233148
 -1.62917805 -1.61691308 -1.60470653 -1.59372425 -1.58261275 -1.5733676
 -1.56198668 -1.55158365 -1.54094613 -1.53155088 -1.52251875 -1.51257443
 -1.50166643 -1.49069333 -1.47579253 -1.46495128 -1.45463347 -1.44290411
 -1.4274081  -1.41339707 -1.40222907 -1.38738716 -1.37113059 -1.35972798
 -1.34739399 -1.33583069 -1.32351577 -1.31238902 -1.30124283 -1.2900703
 -1.27919877 -1.2681253  -1.25724423 -1.246539   -1.23551273 -1.22600639
 -1.21597207 -1.20441198 -1.19452596 -1.18408918 -1.17494178 -1.16643107
 -1.15645826 -1.14724874 -1.13834465 -1.12886488 -1.1182307  -1.10866988
 -1.09980011 -1.08984423 -1.08051646 -1.07158697 -1.06266665 -1.05490983
 -1.04706621 -1.03808653 -1.02896428 -1.01896489 -1.01064432 -1.00175774
 -0.99251682 -0.98222083 -0.96952271 -0.95772666 -0.94744688 -0.93737239
 -0.92660314 -0.91411954 -0.90293097 -0.89157212 -0.87975752 -0.86840081
 -0.85708761 -0.84651941 -0.83597821 -0.82424724 -0.8125897  -0.80044234
 -0.78295648 -0.77113587 -0.75970167 -0.74846536 -0.73548871 -0.72365773
 -0.71212292 -0.69998604 -0.68758267 -0.67660791 -0.66485429 -0.65234822
 -0.63995469 -0.62829882 -0.61522847 -0.6018635  -0.5885967  -0.57540119
 -0.56151652 -0.54704559 -0.53248751 -0.51695925 -0.5007115  -0.48520762
 -0.46822453 -0.44957811 -0.42812532 -0.40715009 -0.38721216 -0.36808005
 -0.34873861 -0.33000103 -0.31172833 -0.29309928 -0.27396211 -0.25466618
 -0.23628792 -0.21707658 -0.19550528 -0.17257337 -0.15460911 -0.13798662
 -0.1217021  -0.10317057 -0.08473019 -0.06924514 -0.05487187 -0.04013974
 -0.02550227 -0.00789378  0.00661118  0.01967638  0.03173985  0.04487849
  0.05625413  0.06907378  0.08072405  0.09286819  0.10405806  0.1159042
  0.12679973  0.13967477  0.15262014  0.16443826  0.17638279  0.1883567
  0.19864805  0.21132638  0.22066905  0.22954713  0.23770083  0.24511366
  0.25324687  0.26175028  0.2699115   0.27703163  0.2833342   0.29062822
  0.29710788  0.30342063  0.31034684  0.31695747  0.32511356  0.33163857
  0.33812958  0.34396428  0.35025993  0.35651797  0.36298156  0.36923495
  0.37532431  0.3822968   0.38952935  0.39639866  0.40388724  0.41194406
  0.41976979  0.42789128  0.43687922  0.44564244  0.4539685   0.46435672
  0.47630754  0.48774946  0.49949503  0.51026446  0.52134734  0.53298002
  0.54610974  0.55979097  0.57302231  0.58716303  0.60084987  0.61432874
  0.62901241  0.6422748   0.65780032  0.67096376  0.68512326  0.69956481
  0.71363568  0.73129523  0.7474758   0.76080942  0.77271134  0.78444612
  0.79594332  0.80714023  0.81896561  0.82979405  0.83913314  0.85119426
  0.86202401  0.87248349  0.87914175  0.88539404  0.89294165  0.89943182
  0.90442866  0.90841526  0.91281354  0.91714728  0.9211638   0.928056
  0.93847537  0.94114465  0.9431532   0.9457221   0.94676971  0.94785678
  0.94947624  0.94984865  0.95088547  0.9522478   0.95354402  0.95230788
  0.9521262   0.95169473  0.95141119  0.95134348  0.95008737  0.95012343
  0.94921815  0.94821852  0.94612783  0.94497573  0.94446522  0.94268614
  0.94197792  0.9406749   0.94038409  0.93907082  0.94069445  0.94214374
  0.94084489  0.93984407  0.93890846  0.93679911  0.93372995  0.93283319
  0.93187296  0.93058902  0.92906249  0.92721832  0.9264003   0.92548823
  0.92443657  0.92411637  0.922019    0.92151892  0.92146951  0.91890186
  0.91633892  0.91489327  0.91381919  0.91194749  0.91130853  0.9104169
  0.90970254  0.90911573  0.90797514  0.90703958  0.90696824  0.9088034
  0.90888196  0.90816051  0.91024941  0.91203225  0.9134981   0.91591394
  0.91941154  0.92190975  0.926112    0.93026042  0.93446636  0.93850213
  0.94402355  0.95473796  0.96226895  0.97012788  0.98187751  1.02261209
  1.03391683  1.04392171  1.054129    1.06411004  1.07458687  1.0860256
  1.09739172  1.09501934  1.08938539  1.10049379  1.11237288  1.12519205
  1.13637161  1.14924276  1.16207075  1.17450845  1.18797648  1.20107305
  1.21813095  1.23903728]
[-0.98174471 -0.9777354  -0.97614896 -0.97471839 -0.97488612 -0.97558206
 -0.97729212 -0.97883582 -0.97961587 -0.98109382 -0.98194957 -0.98226351
 -0.98215646 -0.98276275 -0.98290604 -0.98360682 -0.98380768 -0.9844377
 -0.98516053 -0.98493731 -0.98482138 -0.9839415  -0.98374254 -0.98279631
 -0.9817428  -0.9807536  -0.98053497 -0.97705573 -0.97311652 -0.96997064
 -0.96707463 -0.96320736 -0.9591158  -0.95452762 -0.94898784 -0.94221598
 -0.93578994 -0.92882353 -0.92117113 -0.91232002 -0.90412652 -0.89565623
 -0.88692284 -0.8772679  -0.86781603 -0.85716861 -0.84641367 -0.8350774
 -0.82407719 -0.81261164 -0.80108309 -0.79031157 -0.77876556 -0.76612854
 -0.75397164 -0.74267787 -0.73143899 -0.71958613 -0.70745087 -0.6957041
 -0.68345869 -0.67245686 -0.661331   -0.6507135  -0.63969201 -0.62824243
 -0.61777627 -0.60789841 -0.59849691 -0.58827764 -0.57763505 -0.56789917
 -0.55747342 -0.54743457 -0.53797525 -0.52909064 -0.52105087 -0.51192439
 -0.50295013 -0.49375877 -0.48525959 -0.4775303  -0.46725217 -0.45632294
 -0.44763491 -0.43757081 -0.42801121 -0.41999486 -0.41274986 -0.4065336
 -0.4009079  -0.395668   -0.39169833 -0.38670555 -0.3809782  -0.37121263
 -0.36518687 -0.36285701 -0.36140734 -0.35923466 -0.35739636 -0.35545126
 -0.35410583 -0.3529723  -0.35204259 -0.35031301 -0.34874335 -0.34787688
 -0.34715185 -0.34589729 -0.3445341  -0.3444697  -0.34343228 -0.34332716
 -0.34305754 -0.34288445 -0.34248486 -0.34140912 -0.33955365 -0.33834472
 -0.33591434 -0.33401665 -0.33102137 -0.32815439 -0.32515869 -0.32203263
 -0.31905213 -0.31348354 -0.30652362 -0.30233777 -0.29755375 -0.29307219
 -0.28858137 -0.28365237 -0.27805498 -0.27239791 -0.26641163 -0.26033792
 -0.25394619 -0.2474127  -0.24087626 -0.23420936 -0.22742198 -0.22016749
 -0.21226738 -0.2049993  -0.1969842  -0.18752234 -0.17870308 -0.16896211
 -0.15905392 -0.14974286 -0.13929504 -0.12909923 -0.11848401 -0.10756465
 -0.09693139 -0.08652471 -0.07638799 -0.06664824 -0.05594907 -0.04579569
 -0.03546672 -0.02514268 -0.0157789  -0.00622524  0.00382129  0.01514417
  0.02527288  0.03541133  0.04511891  0.05510594  0.06492583  0.07497446
  0.08462245  0.09401085  0.10390426  0.11401008  0.12301563  0.13210906
  0.13996886  0.1483245   0.15679862  0.16524296  0.17216325  0.17990859
  0.18844362  0.19828525  0.20686273  0.21531752  0.22341877  0.23043665
  0.2380757   0.24640588  0.25305119  0.25927186  0.26542774  0.27151555
  0.2773937   0.28400362  0.29698235  0.30487195  0.30998504  0.31442124
  0.31922722  0.32675096  0.33293375  0.33652443  0.33997032  0.34249038
  0.34495494  0.34749892  0.34948993  0.35167646  0.35349977  0.35471061
  0.355856    0.3572236   0.35865259  0.35994974  0.36114892  0.36192977
  0.36308721  0.36396268  0.36443725  0.36497262  0.36542493  0.36660376
  0.36799437  0.36874408  0.36938813  0.37025556  0.37110737  0.37230068
  0.37303025  0.37554121  0.37752661  0.37927479  0.38139266  0.3841331
  0.38726628  0.39060068  0.39421701  0.39833674  0.40223381  0.4063254
  0.41177961  0.41680995  0.42169592  0.4268271   0.43200472  0.43764305
  0.44329908  0.44869587  0.45504874  0.46145514  0.46837786  0.47657713
  0.48550501  0.49326169  0.50158656  0.50949931  0.51780909  0.52534741
  0.53314     0.5411849   0.54888272  0.55741918  0.56560349  0.5732488
  0.58083093  0.58723754  0.59408319  0.6020444   0.61038351  0.61796474
  0.62520981  0.63208324  0.63984871  0.64741755  0.65586609  0.66367137
  0.6711303   0.67845935  0.68588251  0.69285226  0.7011506   0.70741403
  0.71343648  0.72013515  0.72552168  0.73080415  0.73754597  0.74345309
  0.74953902  0.7547676   0.760001    0.77083862  0.77762282  0.78133845
  0.78486204  0.79171878  0.79673797  0.80069941  0.80249602  0.80516303
  0.80771792  0.81038833  0.81347007  0.8160007   0.81739551  0.81920385
  0.82127577  0.82361257  0.82578802  0.82761979  0.82962304  0.83096242
  0.83261698  0.83672571  0.85499543  0.85703558  0.8591789   0.86093664
  0.86297327  0.86554509  0.86811924  0.87047321  0.86634678  0.86002845
  0.86451888  0.86937571  0.87509727  0.88147199  0.88869733  0.89586866
  0.90306199  0.9116993   0.92067623  0.93020207  0.94017124]
[-1.33757818 -1.31714463 -1.29871607 -1.2801702  -1.2642771  -1.24997985
 -1.23588002 -1.22371221 -1.21058452 -1.20092595 -1.18856764 -1.17739344
 -1.16808772 -1.15786171 -1.15438938 -1.14885974 -1.1471796  -1.14980388
 -1.15335643 -1.15847099 -1.16355824 -1.16773236 -1.1734333  -1.1795522
 -1.18852842 -1.19777262 -1.20749485 -1.21349812 -1.22074676 -1.22921467
 -1.23474979 -1.24035501 -1.24691391 -1.25263214 -1.2589159  -1.26498318
 -1.26713967 -1.26838315 -1.2672255  -1.26761568 -1.27099633 -1.27008653
 -1.27113438 -1.27222002 -1.27392054 -1.27478957 -1.27287567 -1.27160764
 -1.26988208 -1.26497889 -1.25790286 -1.25160384 -1.24250817 -1.23553956
 -1.22658634 -1.21657073 -1.20694137 -1.19501233 -1.18303025 -1.16699588
 -1.15260839 -1.13696659 -1.12171257 -1.1052016  -1.09052014 -1.07183361
 -1.05317152 -1.0335176  -1.01409924 -0.9940033  -0.97346723 -0.95124114
 -0.92852879 -0.90451837 -0.88173825 -0.85902452 -0.83462691 -0.80845344
 -0.78570044 -0.76321536 -0.74019206 -0.71809667 -0.6971367  -0.67456663
 -0.65335578 -0.63060468 -0.60999304 -0.5903123  -0.57135892 -0.55369276
 -0.53631097 -0.51994222 -0.50383216 -0.48852268 -0.47417775 -0.46047628
 -0.44731352 -0.43526909 -0.42162156 -0.40921158 -0.39952788 -0.39042768
 -0.38254964 -0.37569103 -0.37090698 -0.36684477 -0.36484885 -0.36292529
 -0.36226836 -0.36174828 -0.36166942 -0.35976952 -0.36278459 -0.36652485
 -0.37017509 -0.37402847 -0.37617841 -0.38004366 -0.3818447  -0.38497424
 -0.38818496 -0.39017501 -0.39225325 -0.39308801 -0.39407641 -0.39332595
 -0.39393041 -0.39138713 -0.38774955 -0.38653988 -0.38441801 -0.37956345
 -0.37485352 -0.37092391 -0.3653034  -0.35981026 -0.35372779 -0.34732124
 -0.34014055 -0.33203796 -0.32485077 -0.31745729 -0.30872506 -0.30008504
 -0.29038531 -0.28065544 -0.26980889 -0.25966832 -0.2487146  -0.23644307
 -0.22441229 -0.21213518 -0.19866873 -0.18390855 -0.1705498  -0.15632619
 -0.14167592 -0.12720048 -0.11271005 -0.09734177 -0.08217005 -0.06748127
 -0.05360856 -0.03930832 -0.02516546 -0.01034904  0.0033483   0.01680938
  0.0294078   0.04211661  0.05533643  0.06806102  0.08172661  0.09497595
  0.10707766  0.11855862  0.13076644  0.14216092  0.15261349  0.16296074
  0.17314757  0.18307152  0.19212587  0.20025437  0.20778556  0.21577115
  0.22281942  0.2306104   0.23709629  0.24230291  0.24827752  0.25353974
  0.2596294   0.26620975  0.27214065  0.27702475  0.28304484  0.28841665
  0.29475272  0.30090967  0.30758527  0.31478119  0.32092071  0.32755724
  0.33473572  0.34542975  0.35370955  0.36248249  0.37103367  0.3803879
  0.38842154  0.39674017  0.4055571   0.41430733  0.42391241  0.43168613
  0.44419888  0.45206779  0.45884967  0.46618602  0.47267377  0.4789857
  0.48446828  0.48975134  0.49361521  0.49830079  0.50240946  0.50552976
  0.50939417  0.51219749  0.51429087  0.51665288  0.51895928  0.52059561
  0.52189153  0.52407956  0.52540404  0.52661127  0.52912343  0.530985
  0.5328548   0.53401923  0.53489858  0.53594899  0.53683239  0.53760242
  0.53809983  0.53841525  0.53928262  0.53982645  0.54017299  0.5424695
  0.54283977  0.54324418  0.54485083  0.54549152  0.54719627  0.54873133
  0.55118889  0.55310559  0.55461448  0.55694139  0.55977142  0.56257772
  0.56532311  0.56965297  0.57404953  0.57712013  0.58307958  0.58842546
  0.59401041  0.59910703  0.60398513  0.60954165  0.6158697   0.62062663
  0.62397486  0.62943673  0.63567048  0.64139348  0.64748353  0.65337807
  0.65887243  0.66355884  0.67014039  0.67585748  0.68274087  0.68933421
  0.69596034  0.7041024   0.71293795  0.72002459  0.72754222  0.73618346
  0.74510288  0.75372118  0.76310968  0.77202135  0.7812103   0.78863263
  0.79637557  0.80451632  0.81283438  0.8195191   0.82473087  0.83123922
  0.83593547  0.84073925  0.84495181  0.84685671  0.84901071  0.84955877
  0.85014045  0.85335171  0.85073829  0.84608042  0.84300315  0.83825845
  0.83283544  0.82786739  0.82173616  0.81596518  0.81005794  0.80367219
  0.79804236  0.79043317  0.78311467  0.77653736  0.76880205  0.7611894
  0.75587666  0.75004053  0.74351382  0.73950005  0.73470855  0.73199248
  0.73010367  0.72738332  0.72409385  0.72238749  0.72220445  0.72222221
  0.72030354  0.72129381  0.72289526  0.72491026  0.72794372  0.7323122
  0.73552066  0.74113834  0.74791527  0.7540217   0.76145399  0.76883841
  0.7776562   0.78571218  0.79684305  0.81386006  0.87202185  0.88324726
  0.89616793  0.90636343  0.91775382  0.93035877  0.94164979  0.95193213
  0.94200325  0.9258498   0.9389773   0.95259398  0.96715796  0.98130292
  0.99556398  1.01113784  1.02584267  1.03966987  1.05412865  1.07188773
  1.09001255]
[-1.53897595 -1.51385379 -1.49043334 -1.46985376 -1.44910431 -1.42771292
 -1.40957856 -1.39173377 -1.37086558 -1.35366833 -1.33709228 -1.31970656
 -1.30657744 -1.29528546 -1.28366065 -1.27523422 -1.26656914 -1.26181376
 -1.25348723 -1.24761534 -1.24303377 -1.23877406 -1.24158776 -1.24154234
 -1.24699926 -1.25601244 -1.26622903 -1.27643645 -1.28445494 -1.29161096
 -1.29936302 -1.30758989 -1.31780171 -1.32760155 -1.33683693 -1.34152114
 -1.34808707 -1.35399413 -1.35694909 -1.36018932 -1.36454868 -1.36752212
 -1.3717643  -1.37599468 -1.376019   -1.37458968 -1.37056887 -1.36863649
 -1.37082231 -1.36710489 -1.36619484 -1.36501062 -1.36365235 -1.36139727
 -1.35634553 -1.35176039 -1.34673047 -1.33767354 -1.32608235 -1.31502879
 -1.30104637 -1.28860271 -1.2732029  -1.25645268 -1.24025154 -1.2215929
 -1.2032187  -1.18093991 -1.16046882 -1.13884795 -1.11813569 -1.09628212
 -1.07642436 -1.05215156 -1.02803802 -1.00262833 -0.97863358 -0.95288634
 -0.92718035 -0.89942056 -0.87290466 -0.84431928 -0.81792182 -0.79210138
 -0.76541388 -0.73649645 -0.71235067 -0.68844926 -0.66346079 -0.64035255
 -0.61962122 -0.59588003 -0.57438892 -0.55104101 -0.53091443 -0.5111472
 -0.49282679 -0.47584501 -0.45907724 -0.44385859 -0.42891872 -0.41535568
 -0.40360305 -0.39240077 -0.3827585  -0.37463495 -0.36499062 -0.35698649
 -0.35258856 -0.34907052 -0.34647277 -0.34457204 -0.34554598 -0.34774601
 -0.35189712 -0.35593933 -0.36012366 -0.36588645 -0.37069127 -0.37333685
 -0.37964529 -0.38503447 -0.38875663 -0.3921302  -0.39575085 -0.39973453
 -0.40143171 -0.40253425 -0.40221065 -0.40128836 -0.40197897 -0.39939848
 -0.39606097 -0.39241335 -0.38847676 -0.38401964 -0.37932432 -0.37422952
 -0.36846247 -0.36013848 -0.3524667  -0.34534401 -0.33731088 -0.32900181
 -0.32005745 -0.31033179 -0.3006956  -0.28916836 -0.27838463 -0.26610422
 -0.25334722 -0.24047098 -0.22653951 -0.2124055  -0.19680426 -0.1819737
 -0.16600598 -0.14907084 -0.13311334 -0.11657359 -0.09856874 -0.07969668
 -0.0621351  -0.04408224 -0.02643294 -0.00869366  0.00915559  0.0272632
  0.04494658  0.06266367  0.07833066  0.09463911  0.11093052  0.12723558
  0.14201294  0.15623555  0.16991793  0.18376361  0.19756418  0.21122934
  0.22560631  0.23925665  0.25095096  0.26134947  0.27249119  0.28210792
  0.29098585  0.30036366  0.3081511   0.31563392  0.32215902  0.3265864
  0.33105573  0.33594859  0.33908412  0.34277692  0.34647134  0.34837219
  0.35221887  0.35630852  0.36056605  0.36407629  0.36819124  0.37169948
  0.37772104  0.38404799  0.38981012  0.39530808  0.40146825  0.40928322
  0.41532889  0.42215902  0.42876783  0.43686035  0.44345105  0.4511928
  0.45851353  0.46835193  0.47672281  0.48532483  0.49302241  0.5008837
  0.51041734  0.51801026  0.52844179  0.53492868  0.53993303  0.54433465
  0.54866672  0.55235332  0.55551022  0.55932969  0.56036884  0.56340772
  0.56472349  0.56582087  0.56854659  0.57059562  0.57208544  0.57384974
  0.57620603  0.5775454   0.57892293  0.58116096  0.58173341  0.58275557
  0.58513075  0.58672702  0.58810389  0.58879799  0.59001309  0.59123331
  0.592857    0.59385097  0.59478956  0.5961538   0.59807253  0.59923089
  0.60017335  0.60298574  0.60382187  0.60504007  0.60735661  0.60897416
  0.61123872  0.61475092  0.61838078  0.62153369  0.62428296  0.62741643
  0.63133693  0.63683408  0.64091802  0.64699352  0.65262032  0.65763682
  0.66451752  0.66889185  0.67314661  0.6771149   0.68078947  0.68620557
  0.69176012  0.69573504  0.69836074  0.70324785  0.70836544  0.71313399
  0.71891165  0.72440219  0.728993    0.73321092  0.73982888  0.74523771
  0.7532264   0.76062709  0.76599813  0.77284014  0.77984118  0.78498393
  0.79109228  0.7997697   0.80798781  0.81490487  0.8219173   0.82772303
  0.83498049  0.84042454  0.84559226  0.84895098  0.85284775  0.85597128
  0.85795867  0.86102009  0.8618834   0.8625508   0.86193758  0.8592723
  0.8570177   0.85403097  0.85024685  0.84865946  0.8417483   0.83325201
  0.82617944  0.81899565  0.81014347  0.80248296  0.79429179  0.78675497
  0.77991301  0.77177614  0.76559824  0.75841337  0.75277752  0.74785197
  0.74163383  0.7360884   0.7335608   0.73022896  0.72610104  0.7243408
  0.72050965  0.71895725  0.71841913  0.71659505  0.71458983  0.71396494
  0.71516019  0.71583039  0.71446425  0.7166068   0.71932471  0.72231829
  0.72666043  0.73241377  0.73656327  0.74363416  0.75138241  0.75912172
  0.76810449  0.77664483  0.78648973  0.79541999  0.80814731  0.82823116
  0.89893782  0.90972006  0.92104727  0.93117261  0.94284016  0.95455265
  0.9656601   0.97522545  0.95910543  0.93542463  0.95011872  0.96417356
  0.98007959  0.99466747  1.01065898  1.02696502  1.04311097  1.0579294
  1.07333946  1.0916816   1.10809898]
