[ 2.28112769 -5.82924175  1.90771925  3.71297383 -1.08189929 -1.97162914]
[-3.91534972 -4.28238344 -3.57270217 -2.80729389 -2.47645974 -3.75124621
 -4.47128773 -1.5980444  -2.98343325 -3.13488603 -2.84376955 -4.62740183]
[3.10392594 2.74723053 3.51287055 2.81329226 2.77126408 5.21280289
 2.41134214 3.25712037 3.9353826  2.11916447 3.62319136 5.20674562]
[ 0.57393217 -0.08445624 -0.75239742  1.15039122 -1.8901763   2.66876864
 -0.93381321 -0.68649566  0.19757855 -0.68886393  0.41391167 -0.04959793]
[-1.331056   -0.59021997  1.71247363 -1.29715574  1.20218718 -0.0445689
 -0.85035938 -0.40093064  0.62885809 -0.71422052  0.82208359 -1.18519521
  1.6496098  -1.45124507]
[2.30469179 1.89588785 1.4770956  0.71486801 2.81219411 2.09772897
 2.33245158 1.45359647 2.18861961 1.38038027 1.7390393  0.50821853
 1.26575553 0.31355631]
[-0.44905791  2.19316363 -2.58569646  1.48707759  0.32285747 -1.5778873
  1.05694747 -0.01931259 -0.06141262 -0.51787168 -2.26307106  1.66296363
 -1.22325623  1.09771931 -0.36061841]
[1.02048647 1.51757669 1.5116868  1.46710384 1.61234951 2.68278623
 2.45124078 3.21170211 3.3247416  3.48142624 2.6323185  1.84568608
 1.8922956  2.19694209 2.41917896 2.90920234]
[-0.18218443 -0.93138063 -1.26227009 -2.17894793  0.04873801 -1.44914389
 -2.5246489  -1.80424798 -3.36452579 -3.92149067 -1.79971147 -2.15060544
 -3.49518704 -1.81425226 -3.83259678 -2.67199802]
[-0.44318292  0.28546536  0.91969776  0.16860893  0.67186874  0.12205866
 -0.44686532 -0.27400815 -0.74907017 -1.11384559 -0.66946721 -0.3374435
  0.40376922 -0.19180547  0.86115593  0.92672127]
[-0.91844523 -2.53342772 -2.7736547  -3.97453618 -2.65743828 -0.68814784
 -0.17304355  1.01201665  3.67172122  3.59831786  2.61956668  1.13542545
 -0.85841894 -3.24555707 -4.53814602 -3.83983827]
[ 0.73565209 -0.60569626  0.88770586 -0.71116537 -0.89883387 -0.3566643
  0.06167065  0.23333916 -0.63207018  1.20018363 -0.80348307 -0.58859092
 -0.41817799 -0.26004076  0.5705688  -0.40489388  0.05019331]
[-0.89602464  1.00428772 -0.89083588  0.46430647  0.55120218  0.29957333
 -0.26132104  0.92801535 -1.01978731  0.48155186 -2.47297812 -0.01649119
  0.29210299 -1.01769745  0.9511292   0.54940337  0.50137788  0.68565768
 -1.47178996]
[-0.13867897  0.08472192 -1.62251687 -2.35353708 -3.23989725 -3.34815335
 -2.2333672  -0.48615375  0.1149134   0.80479038  0.52995694 -1.43709207
 -3.28208327 -2.57826471 -5.48212671 -6.36623526 -5.13487434 -5.4831872
 -4.64775944]
[-0.09788695 -0.03119462  1.33684659  2.66681743  2.42376423  1.70429873
  2.06071329  1.63445473  1.10339713 -0.31025451  0.66005844  1.15957284
  1.03522444  3.16722846  4.5640893   4.78217983  3.62505937  3.94822741
  3.6306653 ]
[ 3.55998135  3.38428807  4.28133965  4.81734657  4.50092363  2.40367842
  4.83897638  4.61529303  3.34388471  3.7688098   4.1724596   4.4597373
  1.93741608 -2.96873116 -3.13029981 -1.70947778 -1.60118842 -4.46592808
 -3.40401149 -3.71254134 -3.26269603 -4.0269556  -3.57782125 -4.33349895
 -3.1900053  -2.86980391 -4.0714035  -2.76224041 -2.76321554 -3.93284678]
[-3.91603827 -3.73647094 -3.43514609 -3.83787036 -3.1910944  -4.89533281
 -4.07429028 -3.3189342  -2.54540634 -3.43677139 -4.61288261 -2.54650736
 -4.97764158 -1.19924235 -0.05872671  1.56205177  2.0950563   2.05367064
  3.59620547  3.30017567  3.55033517  4.68563938  3.99657726  3.15957785
  3.1513536   4.1016469   3.18071961  4.70549345  2.26321936  3.54775524]
[ 0.195879   -0.46976745  0.00748857  0.4989123  -0.43598777 -0.33577776
  0.3974511  -0.25998399  0.25398701 -0.69740182  0.34155431  0.00911393
  0.00659652 -1.0387007  -0.3713786   0.47111368  0.13715252 -0.20650399
  0.12230759  0.40126905  0.3480818   0.21164596 -0.40981603 -0.77153051
  0.40338078 -0.695122   -0.37576687  0.39351583  0.30572233  0.57698828
 -0.56035221]
[ 0.04526959  0.2194232   0.14762957 -0.17561901  0.32433167  0.34886876
 -0.40448022 -0.32756987 -0.03551705  0.55625498 -0.15200904 -0.17306295
 -0.48748878 -0.28708908  0.29772741 -0.25956532  0.73616582 -0.55028117
 -0.19397803  0.34949496 -0.15241832  0.76443166 -0.69991475  0.44075805
 -0.42444241 -0.51813126  0.90840417 -0.89526451  0.74464518 -0.14166898
 -0.76598895  0.69016647]
[ 0.25202921 -0.13761079  0.13214476 -0.4014025   0.01484636 -0.17284368
  0.04704835 -0.27521142  0.25863943 -0.34800747  0.1503199  -0.54240257
  0.59286267 -0.14274895 -0.31774735  1.21444654  0.06442779 -0.09364893
 -0.18685523 -0.38185331  0.09349054 -0.13311169  0.28290188 -0.10748864
 -0.18527921 -0.13433565  0.15544163  0.25100696 -0.28133833  0.72963488
  0.31478935  0.06802447 -0.20101337  0.31586078 -0.30039757 -0.18221368
 -0.53970438]
[ 0.12117872  0.08479966 -0.00492237  0.34324601  0.08264477  0.14698617
 -0.02189613  0.15476598 -0.26323241  0.3565886  -0.24011794  0.03350434
  0.36029491  0.28868219  0.27286771  0.45419535 -0.06799029  0.11269346
 -0.52691793 -0.20428059 -0.13759731 -0.23281762  0.27269018 -0.29837173
  0.12113003  0.17689668  0.4665857  -0.05955005 -0.21793912 -0.07982626
  0.02091582  0.09397899 -0.03958844  0.50785923 -0.58269268  0.00367342
 -0.29283518 -0.55920106  0.40926269]
[-0.42298305 -0.19711345 -0.12984005  0.15128793  0.65908879 -0.21107291
  0.42387009 -0.22954772 -0.12244124 -0.28172106 -0.02636108 -0.38146815
  0.72035331 -0.45761356  0.74414533 -0.10100313  0.44720665 -0.36390892
 -0.2855036   0.1052665  -0.1433506   0.11055171 -0.14765404 -0.63225359
  0.33309922 -0.18149886  0.29192507  0.16720836 -0.23854911  0.42703113
 -0.47860834  0.3187789   0.47372961 -0.07478026 -0.00378008 -0.34406549
 -0.43660045 -0.33104986 -0.55072665 -0.72758728]
[-0.34813023 -0.74327046 -0.24734151  0.20644768  0.22220391 -0.21509522
  0.31795707 -0.22767854  0.0042255  -0.1756561   0.15242073 -0.73314553
  0.74671268 -0.30184269  0.37478089  0.44643447  0.62664765  0.09310322
 -0.25634372  0.06113611 -0.47188458  0.09111324 -0.43543118 -0.09422795
  0.35362536 -0.02435306  0.16240594 -0.05713552 -0.12093228  0.15640342
 -0.08812311 -0.02970917  0.4509216  -0.16648549  0.23046768  0.30129588
 -0.07551418 -0.10081809  0.15123363 -0.06233499 -0.11152363]
[ 0.78492641  0.8756485   1.05277944  1.22684753  0.70450515  0.85643762
  0.57039195  0.1156956  -0.01292505 -0.16849047 -0.0636143   0.03046094
  0.59684932 -0.72149146  0.53021628 -0.19960946  0.57473803 -0.35430896
 -0.43118963  0.35721034 -0.21868628 -0.5737049   0.02551914 -0.63119721
 -0.0379592  -0.34072     0.42563698 -0.27338827 -0.01121206 -0.43373954
 -0.60915232  0.07368341 -0.20796306  0.30023697 -0.65357    -0.26036462
 -0.67627007 -1.02444077 -1.14575207 -2.26604939 -1.68023181 -1.09340906
 -1.38011909 -1.20574939 -1.00625443]
[ 0.89872479  0.69735318  1.23505557  1.75044382  2.06313801  1.7757225
  1.10272205  0.50106466  0.56802189  0.05678242  0.03897609 -0.19805565
  0.56251603 -0.4794884   0.60080534  0.43354085 -0.15782507 -0.15248618
  0.04567007 -0.25331643  0.03989306 -0.04593104  0.13018095 -0.77625412
 -0.45177928 -0.37491679 -0.19286253 -0.05307769 -0.73891801 -0.37822777
 -0.07412994 -0.03318788  0.23149481 -0.0689285  -0.09190229  0.15759289
 -0.3784841  -1.26158297 -1.06392074 -1.97650588 -1.14225376 -2.59389186
 -1.4303261  -2.14977241 -1.10368812 -1.04981244 -1.59908772]
[-1.98184919 -2.1695869  -2.9520483  -2.69463325 -3.50821805 -2.99168205
 -2.65785241 -3.02961445 -2.69946957 -2.35914683 -2.10295725 -2.84634662
 -1.37089884 -1.86486995 -2.10742044 -2.39908195 -0.95990694 -0.75788152
 -0.42546245 -0.94048607 -0.66406506 -0.10476594 -0.25484315 -0.3748022
 -0.51116991 -0.17027001  0.20701835  0.45945993  0.27900979  0.59195423
  0.47734547  1.22647822  0.39967641  0.96213484  1.53370953  1.25448108
  1.84302974  1.02946091  2.03135967  2.72680879  2.09117317  3.17152429
  2.81963849  2.52810121  1.89628291  2.56507778  1.87573695  2.04000998
  2.43880415  2.84908175  3.10045552  2.66686535  2.49934411  2.47779202
  2.63173914]
