[-2.76630545  4.11906433 -3.4057157   3.29916549 -2.31216311]
[-1.80677569  1.10011625 -0.03609667 -1.96248055  3.70271993 -1.96820283
 -0.83370858  0.08502777 -1.30431139  2.89273906 -0.86120337]
[3.7060442  3.68962359 3.49050593 2.65886617 3.41626167 2.80923796
 3.03065276 2.10776114 3.43914032 3.20604658 1.93871212 3.20895839]
[-0.05198042  2.14381886 -0.6265046  -0.80337942  0.59309351 -0.27978045
 -0.61283171 -1.7594254  -0.70233446  1.07185864 -1.29912007  1.59074628]
[ 1.16285729  0.15287718 -2.44455099 -0.40921122  3.44151211 -2.77727771
  0.33291069  1.43853664 -0.17125776 -0.39744267 -1.93833792 -0.1876758
  1.78703237 -0.96032763]
[2.07023096 2.16853333 1.6855191  3.17572761 3.03536081 3.25921464
 3.5949707  4.04617071 4.29384804 3.43791485 2.78990936 3.07700467
 4.27489328 4.57946396]
[-2.97002602 -2.82075095 -3.40523219 -2.84018683 -3.79884148 -2.77678418
 -4.29392052 -3.10332513 -3.75228405 -3.48490596 -3.70203257 -3.12939286
 -2.47289419 -4.81239319]
[ 0.81526393 -0.04563349 -0.52426827  0.5062536  -1.28872597  0.4078733
 -1.02405238  0.56096029 -0.66696304  0.2428273  -0.51267475  0.01915227
  0.56855357  0.53067994 -0.37247261]
[ 2.60298085  3.59890676  4.54159689  1.85328698 -0.2427206  -1.3146596
 -2.0768826  -2.62497783 -2.54000139 -1.29511821  0.45025256  2.05958319
  3.56832671  5.42979908  5.90551901  3.7150557 ]
[-0.98310864 -2.49416327 -1.18475544 -1.828179   -1.76878679 -1.37869608
  0.53224504  1.88146758 -0.46611914 -1.26260853 -1.16355145 -4.38886547
 -4.44685984 -6.18210363 -6.41436815 -6.02732611]
[ 1.22399175 -0.63431799  1.12329018 -2.13023996  0.42192581 -1.17708588
  2.29516315 -1.1935972  -0.66547608  1.32103086 -0.51183218 -0.17002535
  1.28806102  0.26852512 -2.16762233 -0.6650241   2.2862761  -0.97741395
 -0.63592392]
[-0.19567148  0.62390423 -0.73147863  0.72081667 -0.67466897  0.1560038
 -0.12474839  1.02865589 -1.15952051 -0.04653504 -0.72317415  0.32647946
  0.33259389  0.58353585  0.06569037 -1.29820228  0.5591408   0.43274656
 -0.36946878 -0.46086285  0.02265368  0.47947371 -0.61293036  0.02596397
  0.05599742]
[-0.23093168 -0.02967685  0.0721994   0.17655878  0.47646159 -0.84788215
  0.98135376 -0.14464912  0.11862875 -0.29243723  0.10889647 -0.69300598
  0.16209605 -0.0404952  -0.11727019  0.27562582  0.56754977  0.05209609
 -1.12470639  0.89722472 -1.05827415  0.41389549 -0.27739429 -0.41479769
  0.97437644 -0.90642655]
[-0.16441137 -0.16688718  0.56632388 -0.41424984  0.76129818  0.23247609
  0.01170284 -0.18627958 -0.71959019  0.09902576 -0.02541367 -0.35341176
 -0.59423453 -0.15394261 -0.13194522  0.63382477  0.59207863  0.12424412
  0.18464099  0.11472292  0.07410748 -0.23366848 -0.27188626 -0.20488061
 -0.260335   -0.60351115  0.30859733 -0.05988895  0.2540006 ]
[-7.88001865e-02  5.64757548e-03 -3.13672215e-01  2.90146530e-01
  1.26462385e-01 -1.49992198e-01 -9.22536254e-02  2.03146726e-01
  9.50330645e-02  8.54812711e-02  6.66446635e-04  4.15232033e-01
  3.30766767e-01 -2.87745833e-01 -5.38001478e-01  3.80157501e-01
  1.96876809e-01 -1.96208313e-01 -9.77260053e-01  4.74854596e-02
  1.11790277e-01  3.95125836e-01  9.19895545e-02 -4.43385810e-01
  6.25438511e-01 -2.21343651e-01 -4.29551780e-01  2.17384901e-02
  3.38697523e-01 -6.76543312e-03 -2.05540836e-01]
[-0.55806804  0.04931148 -0.62839526  0.25015053  0.40864292  0.02399205
  0.17335048  0.17813526  0.72818059 -0.64236969 -0.01402883 -0.63904834
 -0.10356376 -0.23619041  0.2186036  -1.26388013  0.65526271 -0.18926461
  0.41203859  0.63034892 -0.09410474  0.37380058 -0.17236003 -0.14097983
  0.30503505 -0.34646764  0.03719822  0.10701588 -0.31859961  0.2280193
 -0.43258846  0.51289964]
[ 4.4725771   4.16569901  3.63352799  3.04781508  4.2071104   2.64381814
  3.87564993  2.76150584  3.12888598  2.93346906  1.4537015   2.70861697
  2.03964972  1.36671031  2.43562531  0.75341517  0.59957349 -1.05091035
 -3.19196081 -3.5920577  -2.65358567 -3.08959365 -1.78401363 -2.22657013
 -3.38178945 -3.86959314 -4.11009884 -3.33606482 -2.88215566 -4.15858698
 -4.20302677 -3.64671445]
[-1.79886803e-01 -3.78975838e-01  4.58411574e-01  9.71065238e-02
  2.73636788e-01 -3.46488744e-01  6.34625018e-01 -3.60088825e-01
  3.27560425e-01  9.39944327e-01 -3.56733531e-01  1.41710415e-01
  2.49573082e-01 -2.67624974e-01 -1.01792440e-02 -2.53462583e-01
 -1.06602848e-01 -2.22395480e-01 -6.12900555e-01  3.37209314e-01
  2.06605315e-01  3.18506718e-01  2.00684130e-01 -5.68189085e-01
  1.35115147e-01 -2.52196223e-01  2.24496544e-04 -1.86281845e-01
 -1.79564029e-01  1.00603215e-01 -4.09672260e-01  3.20723236e-01
  5.88441454e-02]
[ 0.37023929  0.17604725  0.35795161 -0.32642147 -0.44528514  0.0139657
  0.02009352  0.29095194 -0.06481271  0.41477731  0.16158435 -0.08531212
  0.40454343 -0.63740784  0.88134646 -0.16423121 -0.02017197  0.23164392
 -0.43698972 -0.29391935 -0.0697365  -0.05353034  0.38380307 -0.53895855
  0.90538323  0.20052721  0.05232596 -0.1864042   0.24145934 -0.04261785
 -0.03659425  0.15971425 -0.06438736  0.21619493 -0.12330838 -0.02477192]
[ 0.54370672  0.08980943  0.13457312 -0.25675094 -0.10637224 -0.24337451
  0.11898476 -0.32177225  0.19112796  0.04057907  0.12267072 -0.05684144
  0.93629938 -0.32010037 -0.30259007  0.99824601  0.22117017 -0.31882757
 -0.50316441 -0.76284385  0.26742584 -0.05806829  0.52046669 -0.36210647
 -0.07526446  0.22165741  0.24835999 -0.05133057 -0.01802456  0.6817168
  0.19971786 -0.37100965 -0.00827218  0.37509277 -0.03774314  0.17120585
 -0.67766529]
[ 1.15834486  1.69904315  2.7295711   2.39135814  2.85016656  2.6553297
  2.5459733   3.08876824  3.27466345  4.19637823  3.83651137  3.94050264
  4.06552172  4.12797499  3.81819654  3.80272388  2.696594    3.628932
  1.41910875  0.0557394  -3.6277678  -2.93953896 -4.35968876 -4.16146135
 -4.0409236  -4.18099976 -3.5933888  -3.22282362 -2.33468199 -3.79927397
 -3.07005548 -4.71819639 -3.91431332 -2.24422932 -2.55866098 -2.85493755
 -2.31125164 -1.49863815 -1.86235678 -1.30406427]
[-2.76320791 -2.5070045  -1.57696772 -3.0302484  -2.9997251  -3.55707812
 -2.98616481 -2.99321938 -3.59052014 -5.45819044 -5.09804201 -3.65379906
 -3.51599526 -3.52402353 -4.23013639 -4.04420424 -3.94218063 -4.38038206
 -2.84028172  1.24391472  1.81579435  3.42693996  2.86970806  2.9214375
  2.98945284  3.61832023  3.75275397  4.54242468  3.8570528   3.73369098
  4.22274685  4.10990572  3.18264246  3.92357469  2.2954452   2.52289987
  2.33025908  2.69215345  2.87165952  2.76022291]
[-0.20615187  0.41326892 -0.37517485 -0.60854173 -0.38287002 -0.57460493
 -0.1801701  -0.24132051 -0.55720145  0.30655265  0.31132427  0.30604541
  0.57647914 -0.52060503 -0.01759452  0.73333365  0.22836487 -0.33165383
 -0.17317012 -0.25052464 -0.32240424 -0.04369781  0.34226736 -0.2501682
  0.53170836  0.09493324 -0.07590482  0.37183079 -0.04166196 -0.19902718
 -0.32658169  0.24887577  0.5046593  -0.13279764 -0.08526596  0.52383417
 -0.43112078 -0.01337752  0.23637664  0.36543453  0.34111229 -0.47558209
 -0.19612707 -0.26740804]
[-0.06145523  0.30468258 -0.23330154 -0.03822627  0.1611722  -0.29198965
 -0.54627639 -0.37391409 -0.61811823 -0.22244276  0.11988665  0.09003272
  0.09691679  0.03048273  0.1972743   0.05319292  0.31854549  0.0823278
 -0.25229746  0.04805764  0.07312249 -0.19575907 -0.14969414  0.48814237
  0.24728681 -0.00151366  0.08382756  0.06493364  0.04298844 -0.04951662
 -0.03536011 -0.05370976 -0.11148851  0.41752872  0.13005157  0.16291322
  0.20519854  0.59488899  0.24053268  0.43108037  0.47271612  0.53094095
 -0.05569625  0.07399497 -0.00145189 -0.36766663  0.10306615 -0.27846849
 -0.20858113 -0.06992365  0.03585773  0.01039728  0.06723683]
[ 0.56582063  0.18508293  0.38181779  0.03134445  0.34575123  0.27966219
  0.08222186 -0.03215705  0.06644459  0.10452448  0.26023161  0.25840282
  0.67114896  0.4477151   0.51867068  0.04634249  0.33462113  0.26299432
  0.13443236  0.12286919 -0.03227092  0.24283664 -0.32143313  0.1484465
  0.20729338  0.14891876  0.30463591 -0.27072278  0.03225161  0.21526116
 -0.17363927  0.27089861 -0.27938992  0.11254899  0.16642098  0.08714214
  0.09057855 -0.11138481  0.27625453 -0.32317156 -0.10489684  0.10665412
  0.00797368 -0.45395291 -0.09314373 -0.61373615 -0.18217628 -0.56438047
 -0.31293017 -0.32416475 -0.46009085 -0.20545742 -0.16671029 -0.06340247]
[ 1.81218517  2.20951724  2.64837718  2.25369406  1.77553236  1.27324378
  0.84359252  0.46081227 -0.25001138  0.08001571  0.47488031  0.59212422
  0.86106473  0.59741563  0.64903617  0.63300049  0.34445095  0.67553639
 -0.04668636 -0.23996764 -0.56425881 -0.75499588  0.12754458  0.11468193
  0.24043602  0.22244483  0.08246414 -0.47736663  0.14125608 -0.28402168
 -0.19915588 -0.2913202   0.02419372 -0.04850336  0.29327917  0.62477481
  0.06833097  0.02867984 -0.15102345 -0.03994865  0.02219409 -0.10910094
  0.14748894  0.17338909 -0.66768044 -0.17830575 -0.23726617 -0.28146499
 -0.54491848 -0.50423986 -1.1991775  -1.06183493 -1.72308743 -1.71900177
 -1.25375485 -1.42446017 -1.85742319 -1.55214643 -2.31980371]
