[ 2.07299113 -3.94941378 -1.01110494  5.51301527 -3.24455142]
[2.82071161 4.10249662 4.14398527 3.5460844  4.03321695 4.4145031
 3.91212916 4.14628887 2.93055844 4.09055758 3.95656109 4.93414116]
[ 0.44635075  1.26706672 -0.70707935  0.06900094 -0.28600341 -0.41745219
 -0.57409096 -1.19199836  0.33836356  0.02324877 -0.30964094  1.27196074]
[ 1.67380798 -2.68975711  1.86402416 -0.78195703 -0.26080909  2.09854174
 -0.90369141 -1.41851163  1.40386724 -1.40093815  2.87496638 -2.60682797
  1.21716762]
[ 1.07718587  0.28326479 -0.53463131 -0.86464041  1.12437272 -1.01487958
  0.59002548  0.43307647  0.22079512 -0.77626818 -1.33012831 -0.45126951
  1.75768876 -1.1873455 ]
[ 0.33036095 -0.80771548 -0.09579528  0.83852285 -1.09146309  1.40520334
 -0.74571836  0.66469252  0.02686225  0.4997851  -1.44622016 -0.51359355
  0.45356315  0.91165161 -0.58262324]
[2.33292937 1.13905728 1.36974692 1.36076903 3.30233359 1.81558728
 3.20106268 2.71411204 4.29995966 2.16712713 2.11256576 1.73197544
 2.67499495 2.30896115 2.4390986  1.41850483]
[-1.19033885 -2.56854439 -0.87277073 -2.16069198 -2.50662017 -0.9573943
  0.58236432  1.10984731 -1.37824833 -2.00489473 -2.17176175 -4.72584152
 -6.23336649 -4.8229804  -7.37414837 -5.74522972]
[ 0.77522784  0.14709562  0.10522387 -0.04641526 -0.37612453  0.36056969
  1.13367534 -0.43409219 -0.70993185  0.10499269 -0.42336029  0.36472261
  0.2842637  -0.58701819  0.19402257 -1.12406373  0.51913702 -0.06421091]
[ 0.27515575  0.64460671  0.23031574 -0.54948109  0.07577457 -0.84301436
  0.17683689 -0.0675706   0.50290775  0.0489686  -0.31905383  0.7442379
 -0.21931945  0.81446809 -0.4764646  -0.85570675  0.33389211 -0.03410758
 -0.18813093 -0.23528998]
[-0.42245737  1.17010093  1.21989095  3.12571359  3.53840971  3.08642125
  1.75511873 -0.36528432 -1.64054561 -2.70028925 -3.40866232 -2.6469264
 -1.52246189 -0.61319894  1.57187486  2.67443156  3.8392334   3.03527522
  1.82354665 -0.17853567 -0.63211626]
[-3.39432597 -4.88368559 -5.34383965 -3.85649896 -2.88780951 -5.34715891
 -2.84277868 -3.64623046 -2.64501524 -3.57566428 -1.43717623 -2.89420438
 -3.21765661 -0.26634678  0.23612644 -0.43170345  0.59174883 -1.95812201
  0.62579137  0.69723493  0.94244546]
[-0.46033171  0.24120197  0.15452948  0.16344042  0.38218656 -0.51491028
  0.78086287 -0.53673673  0.28121561  0.07987477  0.06369613 -0.28341606
 -0.00945247 -0.45687994  0.62073195 -0.10676487  0.20316832  0.20010038
 -0.66705668  1.04034066 -0.8688224   0.93920267 -0.61871237 -0.63615412
  0.27888468 -0.45560193  0.4709712 ]
[-0.52341217 -0.42342496  0.38045564 -0.1914788   0.22951695 -0.13680676
  0.52772814 -0.43193725  0.43783003 -0.04400338  0.57842189 -0.70576984
  0.0284088  -0.53674603 -0.43897054  0.13589393  0.34265435  0.22749804
  0.0836964   0.36501411  0.11840989  0.15876582 -0.65470248 -0.01377308
 -0.02891358 -0.01385404  0.02388772 -0.20189501]
[ 1.76837742e-01  4.40636992e-01  3.98743123e-01 -2.17607036e-01
  6.87205029e-05 -5.47332942e-01  4.59184319e-01 -3.57944489e-01
  1.08499788e-01 -7.65708148e-01  7.73107231e-01 -1.13288653e+00
  4.09317642e-01  4.43543553e-01  5.43539286e-01  8.69476080e-01
  1.22622885e-01  3.85025680e-01 -3.26048970e-01 -3.76893878e-01
 -3.15966845e-01 -2.36291796e-01 -7.17139542e-01  7.81268924e-02
  5.48518479e-01  2.81792879e-01  2.52042383e-01 -2.67848104e-01]
[-0.15948124 -0.47593814  0.35831609  0.24538065  0.35295409  0.47420439
  0.17371725 -0.38789243 -0.34904495 -0.37659043  0.2879532  -0.7596184
 -0.13671353 -0.05035464 -0.27916262  0.56705606  0.32578346  0.15389889
  0.03193717  0.35732412  0.29648018  0.05483693 -0.3034659  -0.09390295
 -0.4041248  -0.54007536  0.18672985  0.15487511  0.34204909]
[ 2.23014212  3.35855985  3.43940234  3.65044308  3.3021152   3.2252326
  3.0095408   3.58621597  3.23421168  2.16998315  2.32621884  2.69825602
  2.94534707  1.64324069  1.85974658  1.76980197  1.93674183  0.36165571
 -0.78515553 -3.15673184 -2.44187331 -2.6637814  -3.37947989 -2.66287374
 -2.54466772 -2.22635245 -3.01204276 -2.72220325 -3.54068565 -3.68096614
 -3.42259574 -2.54468203 -3.06148005 -3.1886096  -2.29501653]
[-1.52499342 -1.20409226 -1.99515069 -1.55667162 -0.09153304  0.05944776
  0.43165198  1.07858682  1.15184271  0.52211106  0.66531485 -0.38949776
 -0.74741054 -1.69730198 -1.05190372 -0.74439806 -0.57213193  0.19541252
  0.1675456   0.87962478  1.50504458  1.86744499  0.94501764  1.04842246
 -0.86805284 -0.33563027 -1.46810102 -1.61153114 -0.34671015 -0.55530465
  0.19164822  1.32475531  1.74596524  1.19963312  0.94672608]
[ 1.68994904  2.56299829  2.70016313  3.50135756  2.44206333  3.01319289
  2.99801826  4.26994896  3.17962575  3.48714042  3.62459445  3.55565262
  3.93473458  4.10046196  4.01533842  2.89949393  2.0235157   3.13099623
  0.92212921 -1.66931152 -4.2698164  -3.4657793  -3.43558478 -3.50520229
 -4.97627401 -4.00412321 -3.16032958 -3.00690794 -2.4103179  -3.71957517
 -3.91883326 -3.21633935 -2.7029798  -2.67976403 -1.76283193 -2.7145431
 -2.52453852 -1.67462289]
[-3.03213215 -2.20561719 -2.61847186 -4.11233139 -2.77162814 -3.6340673
 -3.72825909 -3.79434586 -5.2018919  -3.39152837 -3.87277222 -4.81360197
 -4.61109114 -4.4524622  -4.20941401 -4.80314064 -3.456707   -2.62006783
  1.71529686  2.7120533   2.62014675  2.6100955   3.18277645  3.78805113
  3.75597024  3.71655202  3.77792335  2.8587625   3.73807406  5.14796925
  3.81448102  3.41150737  3.55556297  2.41885519  2.41242385  2.48283339
  1.99633634  2.75536633]
[ 0.07547821  0.73488599  0.8779251   0.46250305  0.27864909 -0.46020436
 -0.88724011 -0.3822782  -0.71718174 -0.47050551  0.35072741 -0.26681399
  0.45095074  0.81873608  1.48727691  0.82421261  0.37543947 -0.21269847
  0.11650999 -0.9650954  -0.60488057 -1.33374584  0.09679236 -0.26653501
  0.31271619  0.95618802  0.31787458  1.48155165  0.10933799  0.03735464
 -0.43321851 -0.17581448 -0.32954949 -0.62135851 -0.34827057 -0.22281696
 -0.26762849  0.00488563]
[-0.09585594 -0.14863543  0.08587433 -0.02780906  0.11163877 -0.05098665
 -0.23995608 -0.0373722  -0.26637945  0.01196884  0.10095058 -0.10654565
  0.25390172 -0.24716297  0.67379093  0.3029311   0.42419577 -0.09945271
 -0.2850408  -0.59613323  0.35223463 -0.46135274  0.37361938 -0.5116927
  0.60735941  0.38175425 -0.18257718  0.36054003  0.09800719 -0.12426925
 -0.06701479  0.51543999  0.29975516  0.13573398 -0.21397056  0.06747097
 -0.38540497 -0.4998087   0.1949687 ]
[-0.16132434  0.07265629  0.04702391 -0.30250427 -0.15072256 -0.04332706
 -0.16074561 -0.45030105 -0.26177818  0.06789719  0.34091505 -0.03605155
  0.41174719 -0.72760653  0.99173141  0.10933466  0.9005518   0.11533438
 -0.06194653 -0.53331769 -0.17742044  0.10739442 -0.57193786  0.37985292
 -0.03037851 -0.29097539  0.39903107  0.43015087 -0.00302283 -0.15740152
 -0.08979832  0.26069197  0.24788243 -0.12782182  0.05206533  0.10158435
 -0.18993427 -0.10258059  0.05638187 -0.37320128 -0.2504366  -0.29580078
 -1.03919959]
[-0.63620132  0.10987701  0.02063046 -0.5733676  -0.63566965 -0.4981955
 -0.15296957  0.09886999 -0.10037721 -0.05305094  0.34452581 -0.0562891
  0.47714037 -0.59856522  0.38187617 -0.03794095  0.71779186  0.14369757
 -0.10847633 -0.02676423 -0.24327633 -0.29357392  0.30401099 -0.10232296
  0.02252592  0.15339635  0.26446554  0.37661502 -0.13239677  0.08863146
 -0.401842    0.24254978  0.32680348  0.40950811 -0.1387499   0.04341022
  0.3527438  -0.45045266  0.39679465 -0.02274401  0.24578704  0.44845474
 -0.23568749  0.02022579  0.03092185]
[ 1.01642442  1.77278793  1.62579083  1.34073985  0.52343667  0.29849604
 -0.49686778 -0.74869573 -0.7842629  -0.7850607  -0.28265089  0.48125142
  0.92855781  1.38185358  1.63582897  1.31448615  0.96898097  0.47488016
  0.11756937 -0.26111546 -0.38333881 -0.48711252 -0.3091355  -0.03043229
  0.27493042  0.17245941  0.14916651 -0.03896861  0.41480178  0.06736806
  0.26975122  0.48643577 -0.06473641 -0.06920222 -0.10995983  0.04404145
 -0.41405764 -0.75722784 -0.58061618 -0.64388371 -0.11369254 -0.24798657
  0.07008107  0.0115548   0.27727401  0.07144386 -0.45927933 -0.55317152
 -0.97253931 -0.86402655 -0.79703659 -1.09361446 -0.91945994 -0.28249285
 -0.42975414 -0.32675827 -0.05924216]
[ 1.45300341  2.08711529  2.64359093  2.73594189  2.16485548  1.31921864
  0.52606714 -0.1568123  -1.14062834 -0.83940583 -0.27208272  0.07017084
  0.88972676  1.07663035  1.45426083  1.45704389  1.56985927  1.15837765
  0.4603081   0.02267925 -0.37982228 -0.5103389  -0.23662557 -0.32888851
  0.04807036  0.30315372  0.29388204 -0.37614208  0.18674405 -0.22252469
  0.1485272   0.262445    0.17057331  0.16895612  0.19069307  0.28271428
 -0.55421031 -0.62271017 -0.70288074 -1.03769064 -0.71301275 -0.77961433
 -0.07227388  0.0284899  -0.20642352 -0.04092066  0.02326735 -0.18730383
 -0.95385563 -0.78645295 -1.38603175 -1.46331644 -1.50002778 -1.53727853
 -1.17610133 -1.08007073 -0.8184244  -1.08917093 -1.27434921]
