[ 0.14635275  0.13653004  0.12010457  0.06343313  0.02783327 -0.00525706
 -0.0499599  -0.1132365  -0.07405189 -0.18377736 -0.1569383  -0.22853158
 -0.21497007 -0.23219286 -0.26866189 -0.23480859 -0.18538493 -0.23912409]
[-1.10275066 -1.07669771 -1.03008795 -0.98738474 -0.95375943 -0.9170267
 -0.87563205 -0.83488482 -0.80236661 -0.75657111 -0.72293317 -0.69620407
 -0.64789939 -0.60713166 -0.58735698 -0.5518769  -0.51701808 -0.49313718
 -0.44996235 -0.40657958 -0.3735429  -0.34214571 -0.31647298 -0.28449139
 -0.26046214 -0.23522681 -0.20788899 -0.18062119 -0.15206499 -0.1323346
 -0.09546488 -0.07486844 -0.04335966 -0.01071731  0.01431802  0.04693164
  0.06590187  0.09437739  0.11326981  0.14009304]
[0.53457689 0.54161888 0.54911292 0.55835843 0.56595838 0.571347
 0.57943916 0.58748037 0.58901048 0.59490949 0.59947956 0.6079483
 0.61171752 0.61802298 0.6244958  0.6270588  0.63082653 0.63546163
 0.63967109 0.64149201 0.64670205 0.64357376 0.64572543 0.64602131
 0.64354157 0.63793349 0.62966681 0.62066913 0.61225814 0.60319668
 0.59799403 0.58847523 0.57819283 0.56255192 0.55608273 0.54740983
 0.53991085 0.53467262 0.52702981 0.51938409]
[-1.0583955  -1.0814997  -1.09068966 -1.10976982 -1.12637997 -1.13186526
 -1.16599154 -1.18900049 -1.23849976 -1.2642777  -1.26651013 -1.2925688
 -1.31839931 -1.34165835 -1.37871718 -1.40550721 -1.40620637 -1.42959654
 -1.44623315 -1.45909333 -1.46529269 -1.4835062  -1.47302508 -1.45696437
 -1.47559369 -1.48740017 -1.49653518 -1.46715343 -1.49146771 -1.45225346
 -1.47366536 -1.50405502 -1.48927307 -1.47618771 -1.48150814 -1.43455029
 -1.43298256 -1.42082441 -1.42490697 -1.38550138]
[-0.0639369  -0.07466789 -0.09530435 -0.12539963 -0.13695568 -0.15551752
 -0.16188963 -0.17484044 -0.20306756 -0.2261536  -0.22999784 -0.25091255
 -0.28680518 -0.30516565 -0.32466483 -0.34376639 -0.35543972 -0.34688979
 -0.36587062 -0.3623794  -0.351385   -0.33147812 -0.33327582 -0.32167971
 -0.31870139 -0.27604604 -0.27547073 -0.25350049 -0.22594306 -0.20409228
 -0.17830721 -0.18730599 -0.14383468 -0.13602687 -0.12132036 -0.11647408
 -0.09216312 -0.07502585 -0.06504255 -0.05114913 -0.03913131 -0.02623131
 -0.01042082]
[0.39565998 0.40411848 0.41269386 0.42409542 0.43415993 0.44349945
 0.45169115 0.46157143 0.47238132 0.4817034  0.48989639 0.49770585
 0.51076889 0.51958597 0.52790087 0.53792965 0.54933679 0.56078237
 0.57162893 0.58188879 0.58676487 0.59001398 0.59298652 0.5943501
 0.59515089 0.58951157 0.59142065 0.58667028 0.58457589 0.58036995
 0.57332009 0.56379592 0.5602445  0.55306649 0.5457136  0.5331282
 0.5257588  0.52014512 0.51667714 0.51330632 0.51048172 0.50622523
 0.50083542 0.49354613 0.48891824]
[-1.14977574 -1.16152263 -1.19430804 -1.21544635 -1.21282053 -1.23051035
 -1.23251748 -1.24088669 -1.27860785 -1.23369277 -1.2375114  -1.22862959
 -1.26380885 -1.2668339  -1.24026501 -1.24174953 -1.25536191 -1.26542711
 -1.27226865 -1.30359733 -1.3012594  -1.26045907 -1.26009405 -1.2599678
 -1.26275289 -1.22542965 -1.20095348 -1.21072495 -1.16357481 -1.16932333
 -1.15881109 -1.1502744  -1.11321807 -1.10082114 -1.07019341 -1.06809783
 -1.02772069 -1.0038389  -0.98038065 -0.97042656 -0.92003816 -0.87302583
 -0.86252922 -0.85556185 -0.84203446]
[-0.08582164 -0.10218146 -0.11882619 -0.15074676 -0.16317169 -0.17054909
 -0.19214457 -0.19849765 -0.22030827 -0.24177058 -0.25094625 -0.26273626
 -0.28324953 -0.30288583 -0.31263125 -0.3311882  -0.34162599 -0.32686365
 -0.34921587 -0.34297925 -0.34670973 -0.32656249 -0.32765359 -0.3184675
 -0.31381932 -0.28917271 -0.28012332 -0.26188609 -0.23674288 -0.21306549
 -0.17918162 -0.19368467 -0.15794852 -0.14555426 -0.1365272  -0.1242741
 -0.10669149 -0.08248617 -0.0832997  -0.06526951 -0.05503083 -0.04689179
 -0.03343573 -0.02199808 -0.01642419 -0.00653218 -0.00131581  0.00785424
  0.00767287  0.01200124]
[0.34060904 0.35190356 0.36425242 0.37458965 0.38743576 0.39966506
 0.41342899 0.42363662 0.43547422 0.44601879 0.45846477 0.46899319
 0.47976783 0.48990119 0.50073111 0.50898218 0.51918316 0.52879965
 0.53605539 0.54465139 0.5528003  0.56170201 0.56803703 0.57410002
 0.58137876 0.58632231 0.5901798  0.5960083  0.60158783 0.60709524
 0.6125716  0.61913103 0.62496644 0.63225442 0.63449657 0.63698941
 0.64020914 0.64039922 0.63992482 0.63707554 0.63425696 0.62971687
 0.62348378 0.61813623 0.60884726 0.59616745 0.58710444 0.58031744
 0.57170105 0.56576401 0.55994892]
[ 2.42332625  2.55293155  2.51103187  2.52761388  2.47969103  2.41217279
  2.45534253  2.27978659  2.21467113  1.80877125  1.72848034  1.47083306
  1.10986304  1.01738906  1.0506767   1.00019515  0.6481297   0.27531421
  0.27607322  0.36077708  0.25642332  0.07376048 -0.09357777 -0.37013769
 -0.12300706  0.26650289 -0.08707294 -2.38364005 -2.83946919 -3.01595116
 -3.10238314 -3.12295055 -3.07435536 -3.00484776 -3.06678367 -3.03094769
 -3.00546265 -2.92936587 -2.99813271 -2.95969844 -2.80348921 -2.88105798
 -2.86212492 -2.80425549 -2.89880586 -2.89981508 -2.82134151 -2.75144434
 -2.83450055 -2.8249011  -2.75387597]
[-1.39387834 -1.42059922 -1.44544327 -1.48078454 -1.50158978 -1.52006209
 -1.49981308 -1.50121593 -1.50153017 -1.48703587 -1.50897443 -1.46464908
 -1.42678571 -1.43068218 -1.41993999 -1.41450131 -1.36112702 -1.34621227
 -1.34600115 -1.31512344 -1.2979542  -1.28219819 -1.26088047 -1.23114026
 -1.21021199 -1.18424022 -1.16273117 -1.12548518 -1.10949874 -1.0760262
 -1.0513382  -1.03116441 -1.01728559 -0.98861694 -0.96513611 -0.93121535
 -0.91263586 -0.87681299 -0.85793519 -0.8356024  -0.81095982 -0.79550123
 -0.74491459 -0.72634864 -0.69936335 -0.69711852 -0.68426776 -0.66559392
 -0.6165815  -0.61279666 -0.59407121]
[-0.09932962 -0.11424144 -0.12357834 -0.14712873 -0.16770665 -0.18105774
 -0.18986417 -0.19912374 -0.22124466 -0.24461171 -0.24282978 -0.261383
 -0.28230417 -0.30453688 -0.30959648 -0.33550659 -0.33852342 -0.3400366
 -0.35253632 -0.3481546  -0.35835487 -0.3298935  -0.3329716  -0.33184341
 -0.3319523  -0.31392619 -0.29054111 -0.27986503 -0.27032459 -0.24104427
 -0.20917614 -0.2138212  -0.17737122 -0.16753736 -0.15826352 -0.14565738
 -0.13064094 -0.10473099 -0.09734829 -0.07625034 -0.06402261 -0.04815901
 -0.03718348 -0.01509493 -0.0114693   0.00073095  0.00626401  0.01476672
  0.02048011  0.02009194  0.03606365  0.03461237]
[-0.17332385 -0.17823575 -0.19044317 -0.19242086 -0.219503   -0.23380809
 -0.23604843 -0.24257296 -0.25532314 -0.24873717 -0.26299313 -0.27351788
 -0.29152569 -0.2975342  -0.30258414 -0.32276273 -0.32666391 -0.3277171
 -0.33745119 -0.33577034 -0.33936015 -0.3382028  -0.32534462 -0.32342601
 -0.33211493 -0.32645953 -0.3188847  -0.30734867 -0.2969228  -0.27904761
 -0.26505455 -0.2526896  -0.2389822  -0.21285942 -0.19386823 -0.19047606
 -0.17884642 -0.16798939 -0.14424826 -0.14576259 -0.12707014 -0.10090935
 -0.09502732 -0.07990137 -0.06972797 -0.04610227 -0.04291146 -0.02916403
 -0.02204727 -0.02452478 -0.01130434  0.00509021 -0.0018067   0.00263955
  0.00970142  0.03482622  0.03087705  0.0480589   0.05419387  0.0666174
  0.07323938  0.08401558  0.09557252  0.10791646  0.10147936  0.10706166
  0.11352263  0.12093814  0.12282021]
[-0.21376532 -0.22258061 -0.22065902 -0.22161917 -0.24335073 -0.26142225
 -0.25154158 -0.26822016 -0.27900001 -0.27940211 -0.28661984 -0.28648338
 -0.29379681 -0.30721152 -0.31308341 -0.32556114 -0.32962003 -0.32442397
 -0.33051237 -0.33073124 -0.33191302 -0.33752629 -0.33369994 -0.32575619
 -0.32881707 -0.34063673 -0.3244549  -0.31769443 -0.31109938 -0.30385268
 -0.30314758 -0.28587338 -0.28038046 -0.2715399  -0.24338047 -0.23195085
 -0.21916835 -0.2130208  -0.19828144 -0.18581128 -0.18054114 -0.15723616
 -0.14348274 -0.13989571 -0.1144224  -0.11065474 -0.09811191 -0.07861511
 -0.06047693 -0.06480975 -0.05214476 -0.03862571 -0.04098626 -0.03323047
 -0.02877094 -0.02325688 -0.01453604 -0.00249863  0.00823503  0.01631459
  0.02001835  0.03014409  0.04399663  0.06371706  0.06653422  0.06944212
  0.07502413  0.07866888  0.07822877  0.0771274   0.07741385  0.08133163
  0.10968046  0.11127454  0.11720567  0.12424479  0.12609781  0.13937734
  0.14334218  0.15245689]
[-0.36991096 -0.35770693 -0.34605801 -0.33228225 -0.32395145 -0.33242494
 -0.34405637 -0.32448983 -0.31476176 -0.31574219 -0.30260572 -0.29983461
 -0.30103102 -0.29722261 -0.30113029 -0.2958551  -0.29483321 -0.29317373
 -0.29787984 -0.31133223 -0.29973632 -0.30979368 -0.30044338 -0.30049348
 -0.29509494 -0.30075914 -0.29561204 -0.31772619 -0.32326692 -0.31806651
 -0.32615489 -0.33478892 -0.33007026 -0.32701173 -0.33671626 -0.33375981
 -0.32336673 -0.33326191 -0.34588253 -0.3430436  -0.32462096 -0.32584935
 -0.32963449 -0.31894377 -0.3164297  -0.2916379  -0.29280838 -0.28173712
 -0.25952145 -0.2533738  -0.25236249 -0.24735264 -0.23246711 -0.21706769
 -0.19057465 -0.1911097  -0.17727742 -0.15064572 -0.14335372 -0.13531624
 -0.12590048 -0.10669961 -0.10442598 -0.09239855 -0.08464953 -0.07875731
 -0.06864484 -0.05164219 -0.05027673 -0.02573881 -0.00784311 -0.01434991
  0.00991375  0.00316392  0.00585743  0.02122008  0.01593526  0.03874348
  0.05009709  0.06063675  0.07798556  0.07028237  0.08412081  0.0873072
  0.10206965  0.11183232  0.10668341  0.12325969  0.10885413  0.1287915
  0.11887556  0.14266817  0.13375528  0.14982174  0.15174246  0.15328363
  0.15070112  0.14701334  0.15409712  0.16275166  0.17942283  0.19702587
  0.19941771  0.18960667  0.17839614  0.18517801  0.19278324  0.19038722
  0.18171018  0.20359398  0.21821263  0.25438133  0.28337163  0.30835685
  0.32330713  0.35153809  0.37447113  0.37839374  0.38087797  0.36298883]
[-0.40685207 -0.39037728 -0.38105389 -0.36819157 -0.3561193  -0.36040124
 -0.36407542 -0.35614181 -0.33117115 -0.34335133 -0.3183054  -0.31689134
 -0.31154186 -0.30472624 -0.30983144 -0.2907488  -0.30398539 -0.29060936
 -0.29361743 -0.29992205 -0.31094524 -0.30020759 -0.29960021 -0.28686062
 -0.29929987 -0.29211929 -0.29227975 -0.30325791 -0.31867424 -0.32091618
 -0.32942447 -0.32391202 -0.33323985 -0.32916459 -0.34781185 -0.34828547
 -0.32175457 -0.34156534 -0.34814635 -0.35800752 -0.33935049 -0.33014366
 -0.33503947 -0.32773224 -0.30905312 -0.3187499  -0.30483744 -0.30334032
 -0.28942794 -0.28578034 -0.27674741 -0.27167606 -0.26864013 -0.24822763
 -0.2180991  -0.22467373 -0.20213367 -0.18112496 -0.15256807 -0.14620304
 -0.14923413 -0.11732648 -0.10905991 -0.09994405 -0.07416924 -0.08449842
 -0.07513827 -0.06006108 -0.04694951 -0.0421382  -0.01344684 -0.00660488
  0.00818516  0.00660091  0.01231532  0.0241351   0.02434376  0.02992826
  0.05247244  0.05568638  0.07542799  0.08175982  0.08467513  0.08387892
  0.09727474  0.11440361  0.10889638  0.11541529  0.13073635  0.12140772
  0.14144771  0.148554    0.15137973  0.13608187  0.15651569  0.16236801
  0.15048574  0.15639216  0.16677615  0.16950099  0.17693208  0.20796473
  0.21205044  0.20632945  0.1843815   0.19466074  0.19540027  0.18994614
  0.19704682  0.20158377  0.2068873   0.24727124  0.26872608  0.30815101
  0.31143034  0.33739698  0.37798738  0.38903075  0.40721512  0.383068
  0.37542692]
[-1.32166922 -1.33484459 -1.34841561 -1.36287236 -1.37754846 -1.37532997
 -1.38736546 -1.40072334 -1.41496992 -1.42614007 -1.45224023 -1.48124814
 -1.48975587 -1.51037335 -1.52771735 -1.53149819 -1.52703381 -1.52594268
 -1.51747549 -1.50584424 -1.49289489 -1.47892976 -1.45836174 -1.44188452
 -1.42623329 -1.40355778 -1.38130844 -1.36301088 -1.34042799 -1.31393945
 -1.28960061 -1.26422203 -1.24228215 -1.20959592 -1.18386722 -1.15481627
 -1.12490034 -1.09579778 -1.06503725 -1.03012836 -0.99740911 -0.96687561
 -0.93627745 -0.90242893 -0.87070882 -0.83905602 -0.80565447 -0.77686191
 -0.74415255 -0.71795863 -0.68832648 -0.65395647 -0.62301832 -0.59488279
 -0.56506431 -0.538818   -0.5103572  -0.47962919 -0.45128819 -0.42399198
 -0.39262632 -0.36225626 -0.33436027 -0.30717358 -0.28160682 -0.25335419
 -0.22240156 -0.20092304 -0.17773381 -0.15147386 -0.1214916  -0.09781098
 -0.0777357  -0.04837624 -0.02759088 -0.00356256  0.01741233  0.04702963
  0.06722541  0.08990331  0.10801166  0.13090581  0.1554084   0.17110865
  0.19493853  0.21384792  0.23269667  0.25243112  0.27231732  0.29003245
  0.30407953  0.32365116  0.34151155  0.35448697  0.36774328  0.38247558
  0.39891455  0.40823215  0.41924843  0.43327519  0.4484987   0.45586723
  0.46660852  0.47535604  0.48401695  0.501517    0.50293767  0.51337254
  0.52377862  0.52854985  0.53610635  0.53612459  0.54104155  0.54617077
  0.55703872  0.55877447  0.56945616  0.56774348  0.5758      0.57047939
  0.58290827  0.58653438]
[ 0.77569807  0.76952654  0.77960896  0.82545847  0.7711429   0.84890735
  0.73865199  0.83710998  0.76648289  0.75824285  0.78687936  0.74035627
  0.78537375  0.7546199   0.81142706  0.7777189   0.75296402  0.76599681
  0.7488085   0.75359976  0.753488    0.70603752  0.69893146  0.79037619
  0.72116816  0.70354497  0.67199314  0.6715439   0.79162955  0.65896702
  0.70794708  0.68052846  0.65206963  0.65108228  0.65432864  0.64646304
  0.69281632  1.002249    2.07645106  5.83358192 10.79989433 12.99017429
 13.10792637 11.11170197  3.24529195 -1.79176223 -1.57409275 -1.59397244
 -1.75583923 -1.92336392 -2.04753518 -2.16140866 -2.19801211 -2.06651521
 -2.02877545 -1.9608562  -1.93278265 -1.8363961  -1.83856988 -1.80362487
 -1.78076255 -1.75494599 -1.70857239 -1.72584248 -1.66506064 -1.73648369
 -1.67950749 -1.65087724 -1.64719772 -1.75637054 -1.66323805 -1.54166508
 -1.61850584 -1.59763062 -1.61461365 -1.54305828 -1.58719695 -1.56850851
 -1.55040205 -1.54067445 -1.55121922 -1.55101514 -1.48710012 -1.49295497
 -1.55886853 -1.44528031 -1.43991101 -1.44432986 -1.4448514  -1.40275848
 -1.35292876 -1.32657325 -1.33083785 -1.3139267  -1.32810402 -1.32051933
 -1.21841717 -1.23494899 -1.22657025 -1.18344307 -1.2169832  -1.15810525
 -1.18474889 -1.08220124 -1.12965143 -1.07380605 -1.09957492 -1.06619787
 -1.07149851 -1.01078761 -0.98023605 -0.96088541 -0.93163651 -0.97018039
 -0.96947479 -0.94751108 -0.9547897  -0.90208435 -0.87532091 -0.82456803
 -0.84519905 -0.80567789]
[-0.10059318 -0.06275672 -0.02921922  0.00825747  0.04363028  0.07174482
  0.10219979  0.1310093   0.15760092  0.18047985  0.20908487  0.23451875
  0.25791687  0.28893575  0.30532929  0.3259657   0.35317677  0.36849353
  0.39508438  0.40834257  0.43431845  0.44523886  0.46880385  0.48169196
  0.50009406  0.50999874  0.5280714   0.53635931  0.54267651  0.55890614
  0.56642395  0.58046114  0.58832908  0.59770215  0.60005093  0.60277981
  0.61626112  0.61679101  0.62314934  0.62814617  0.63158047  0.63720948
  0.64138764  0.64536119  0.6407147   0.64960152  0.65196925  0.65127456
  0.65163785  0.65543228  0.65730232  0.65472627  0.66115278  0.66039985
  0.6633203   0.66524673  0.66806626  0.6711576   0.66802925  0.66664052
  0.67094254  0.66896832  0.67287689  0.67143583  0.66717947  0.66552168
  0.67089051  0.67791665  0.67522836  0.67742223  0.68055922  0.68107057
  0.68167233  0.68484098  0.68040639  0.68129426  0.68411714  0.68360829
  0.68846107  0.68455869  0.68729258  0.69948554  0.70678616  0.70835239
  0.71279913  0.70545453  0.69374758  0.69038767  0.66795003  0.65986079
  0.65048069  0.65074229  0.6484006   0.64372933  0.63123614  0.61224872
  0.60269791  0.58549833  0.57078314  0.56532097  0.57181138  0.56646609
  0.57137913  0.58123815  0.58834195  0.60191196  0.5951829   0.5856126
  0.58242834  0.59405655  0.60322994  0.61975795  0.62414604  0.61539233
  0.60525638  0.5964033   0.59761333  0.59507096  0.6043188   0.60904467
  0.61614591  0.63422215]
[-0.46683863 -0.47066709 -0.45677021 -0.45558813 -0.45746887 -0.44703081
 -0.44053394 -0.44263598 -0.43066442 -0.43597472 -0.42763585 -0.41548923
 -0.39702111 -0.38380024 -0.37387872 -0.36096609 -0.35690394 -0.36595893
 -0.36607102 -0.35179892 -0.34559754 -0.33360943 -0.33353159 -0.31818867
 -0.31596908 -0.29354966 -0.29949945 -0.29315817 -0.28077233 -0.28460002
 -0.27792963 -0.25868225 -0.24844435 -0.26110011 -0.2538785  -0.25885746
 -0.25980392 -0.25968835 -0.2651664  -0.25436485 -0.26199085 -0.27767065
 -0.2796078  -0.27831632 -0.29605538 -0.30089599 -0.28835595 -0.31354591
 -0.31702587 -0.29169905 -0.30310711 -0.30425984 -0.29385352 -0.31922793
 -0.3051084  -0.30444065 -0.30626401 -0.28730008 -0.27344957 -0.26096421
 -0.26214755 -0.22719866 -0.21759877 -0.22729334 -0.19658999 -0.18996549
 -0.18865433 -0.15602458 -0.15744273 -0.13608474 -0.11718596 -0.1098777
 -0.101882   -0.10161938 -0.08312127 -0.05311885 -0.05381489 -0.05992587
 -0.04748433 -0.03316675 -0.02758244 -0.01562164  0.00347667  0.00368242
 -0.003344    0.02242259  0.01535607  0.0370363   0.04909997  0.03449927
  0.05003586  0.0582517   0.06381326  0.0682622   0.07614998  0.07369958
  0.09915116  0.08449602  0.09339276  0.10259371  0.11003942  0.13694052
  0.1248424   0.1665466   0.15092954  0.13880397  0.16041668  0.15054797
  0.16165645  0.14845958  0.14589094  0.14480208  0.17243223  0.18704921
  0.19614957  0.21598454  0.22597027  0.23852228  0.28328416  0.30119857
  0.31454426  0.33261356  0.34715727  0.34718427  0.33714226  0.32376418
  0.33273035  0.33058375  0.34112629  0.36276388  0.35993809  0.36864933
  0.38456333  0.38608396  0.38876146  0.3991369   0.40366846  0.40830585
  0.38936001]
[-0.47506014 -0.49475709 -0.48444664 -0.47259411 -0.47516853 -0.46138149
 -0.44565806 -0.45418563 -0.46608719 -0.45197901 -0.44294065 -0.43662179
 -0.40739056 -0.38962153 -0.40097502 -0.37483627 -0.37516972 -0.37637356
 -0.36091483 -0.36121777 -0.36534885 -0.36489171 -0.35976109 -0.35893685
 -0.34849605 -0.35905799 -0.35784426 -0.3411682  -0.34681687 -0.33866698
 -0.33686066 -0.34587431 -0.33977476 -0.34117126 -0.35066316 -0.34542733
 -0.33755589 -0.33182603 -0.33420923 -0.33402622 -0.33566117 -0.33225396
 -0.31964967 -0.32166713 -0.3257221  -0.32623398 -0.3012456  -0.29180163
 -0.29012996 -0.27253896 -0.29289621 -0.2799345  -0.27098361 -0.27813622
 -0.26398128 -0.26329216 -0.2639879  -0.26102272 -0.25600216 -0.26141703
 -0.25932929 -0.24259432 -0.24868734 -0.23965001 -0.24012372 -0.2351685
 -0.23266293 -0.21793179 -0.21867833 -0.20029049 -0.20795602 -0.18851741
 -0.17325471 -0.16897403 -0.16116048 -0.15252666 -0.13766597 -0.12158605
 -0.12304942 -0.10263827 -0.1086737  -0.09380426 -0.0718057  -0.06791236
 -0.05910058 -0.04341514 -0.04794739 -0.04393807 -0.02419599 -0.01800695
  0.00052617  0.00139784  0.00390168  0.03097662  0.02307076  0.03171654
  0.01920334  0.01387141  0.02031753  0.03117362  0.04453339  0.06170782
  0.08032158  0.09186742  0.09862014  0.10354859  0.12450527  0.11827676
  0.11489453  0.12794316  0.1148688   0.13572286  0.14452237  0.14210448
  0.15861018  0.17533693  0.19596331  0.19613527  0.22388968  0.22461718
  0.24937217  0.26604936  0.2597931   0.2806606   0.28328946  0.28201464
  0.28987193  0.32162416  0.33152357  0.33550677  0.32886973  0.34063622
  0.33091441  0.32742047  0.33229882  0.32950228  0.33607328  0.33839077
  0.34740692  0.36322573  0.37100819  0.38315156  0.39200211  0.39084005
  0.40356591  0.41600204  0.43205243  0.45311698  0.44792956  0.45419505
  0.45474473  0.44618118  0.45736185  0.43061689]
[-0.33115956 -0.34530288 -0.34204248 -0.3383677  -0.31829321 -0.31102848
 -0.32592565 -0.3361994  -0.35792014 -0.39227203 -0.39725167 -0.3854394
 -0.38217407 -0.36286107 -0.35825801 -0.33850408 -0.34625804 -0.34362191
 -0.33905354 -0.33705255 -0.33469176 -0.31972992 -0.31428742 -0.31447622
 -0.31288239 -0.30654976 -0.30616236 -0.31299838 -0.32026589 -0.32516357
 -0.32096291 -0.3227869  -0.31743488 -0.33168498 -0.33813113 -0.34296292
 -0.32778352 -0.32725841 -0.32275122 -0.32667792 -0.33544946 -0.33097854
 -0.34259322 -0.34359953 -0.33182409 -0.3423005  -0.3321977  -0.34205249
 -0.32872415 -0.32655197 -0.31394553 -0.31397247 -0.30703205 -0.30404034
 -0.30937642 -0.28176191 -0.28464842 -0.26838657 -0.25745401 -0.25811216
 -0.25721917 -0.23928031 -0.23641209 -0.23080294 -0.22418991 -0.22749107
 -0.2368468  -0.21535991 -0.21741536 -0.21635385 -0.20182939 -0.20088644
 -0.18184881 -0.18553314 -0.17436124 -0.1584994  -0.14353241 -0.14378476
 -0.13126223 -0.13512515 -0.12148572 -0.11848143 -0.10239635 -0.10087949
 -0.10460665 -0.071121   -0.07209963 -0.07258155 -0.05921756 -0.05160824
 -0.04497131 -0.02047339 -0.01891553 -0.02624392 -0.02062651 -0.0165512
 -0.02293912 -0.02009183 -0.00210279  0.01967824  0.03425099  0.0475906
  0.05315928  0.0624734   0.06797622  0.0695086   0.0771359   0.06953218
  0.07978604  0.0688841   0.07684818  0.09752358  0.11295867  0.11961064
  0.1410982   0.16563955  0.18440218  0.19306566  0.22564833  0.22406231
  0.2512823   0.25345239  0.25704044  0.25413743  0.26460692  0.26727119
  0.27738425  0.28374529  0.28116196  0.28861094  0.30763423  0.30131373
  0.30787805  0.31079343  0.30994007  0.31030655  0.33057708  0.33261982
  0.35441017  0.3461495   0.37048438  0.34840909  0.35129118  0.36971399
  0.38031384  0.39413947  0.40251139  0.40683082  0.40792871  0.4229185
  0.42700696  0.44656393  0.44044253  0.46261236  0.46468204  0.46776626
  0.46427038  0.46061027  0.46170306  0.45891088  0.46019614  0.45987505
  0.45717978]
[-0.28540599 -0.22029078 -0.2091455  -0.25441554 -0.31310138 -0.33818275
 -0.33153903 -0.31430486 -0.30054447 -0.28102276 -0.28079072 -0.29053733
 -0.31203684 -0.34010175 -0.34867179 -0.34053034 -0.32775065 -0.3208642
 -0.32990813 -0.32117555 -0.33350104 -0.32785195 -0.32074985 -0.31246236
 -0.31946048 -0.304279   -0.30943352 -0.31207138 -0.31209436 -0.31181639
 -0.31854677 -0.31545168 -0.31803259 -0.32867607 -0.32309413 -0.33361834
 -0.32744318 -0.32821789 -0.33588034 -0.34171113 -0.32449397 -0.32654375
 -0.32404947 -0.32700843 -0.33198225 -0.33724961 -0.33871242 -0.33386728
 -0.31864753 -0.31673482 -0.30552679 -0.29436392 -0.29353452 -0.29521576
 -0.28499541 -0.280581   -0.28791398 -0.27635652 -0.27806723 -0.25910661
 -0.25981855 -0.24701926 -0.23301435 -0.23887956 -0.23481983 -0.22631924
 -0.22235891 -0.20648992 -0.19469188 -0.18775335 -0.18619801 -0.16857223
 -0.16535392 -0.16893184 -0.15826453 -0.14952768 -0.13850388 -0.13410026
 -0.13179167 -0.12078943 -0.10798454 -0.10754036 -0.0982736  -0.10409758
 -0.09229111 -0.08408058 -0.07665429 -0.0749845  -0.06887724 -0.05546615
 -0.04769839 -0.04502878 -0.03934711 -0.02773082 -0.02887432 -0.01579255
 -0.01405362 -0.01941135 -0.00054305  0.01133658  0.01747152  0.02551628
  0.04306521  0.06283522  0.05774229  0.05436442  0.06380134  0.0587861
  0.06607223  0.07257392  0.08541536  0.10118669  0.11497701  0.12850718
  0.14535037  0.1704976   0.19708027  0.20486052  0.22758405  0.23631842
  0.24093796  0.22974196  0.24996641  0.23891664  0.26343742  0.26058641
  0.27015361  0.27272207  0.27624166  0.28163877  0.29079074  0.30417436
  0.30236349  0.31300777  0.32898533  0.32508919  0.33036315  0.33216152
  0.33835965  0.34169805  0.3599346   0.36601683  0.37748134  0.36735892
  0.39181322  0.38548255  0.38878077  0.40673885  0.40416014  0.4163703
  0.43043518  0.43521285  0.434697    0.44586065  0.44932982  0.46427041
  0.44739684  0.46879393  0.47388187  0.47892225  0.4945285   0.49028984
  0.49330863  0.49610227  0.49213502  0.49076256  0.48728094]
[-0.45880848 -0.46835533 -0.50857592 -0.5171535  -0.50019878 -0.44124848
 -0.39327687 -0.30990288 -0.21948028 -0.16543734 -0.14783768 -0.19094677
 -0.25792599 -0.27635485 -0.26461488 -0.2615999  -0.25327721 -0.25626501
 -0.25308651 -0.27127376 -0.28518528 -0.32364815 -0.33147496 -0.3322455
 -0.32675481 -0.3276754  -0.32260993 -0.32296866 -0.32800084 -0.32451558
 -0.31655422 -0.31192997 -0.31853312 -0.30079779 -0.31167483 -0.31946403
 -0.30866063 -0.3178882  -0.3275277  -0.32779673 -0.33356798 -0.33946273
 -0.33288911 -0.34765109 -0.33727032 -0.34342596 -0.33363622 -0.33783159
 -0.33019367 -0.33656839 -0.32750016 -0.33406103 -0.35233146 -0.3466863
 -0.34301105 -0.34272623 -0.32697016 -0.31632614 -0.31307846 -0.29807749
 -0.29920116 -0.29984134 -0.28670022 -0.29095829 -0.28698847 -0.28179172
 -0.28103536 -0.26360449 -0.25552359 -0.23697919 -0.22190568 -0.23621349
 -0.23384106 -0.2310622  -0.22231226 -0.19982168 -0.19538178 -0.18181734
 -0.18674073 -0.16194902 -0.15766217 -0.15650518 -0.14021635 -0.13033469
 -0.12114209 -0.11678859 -0.11596449 -0.09960882 -0.09499373 -0.10068338
 -0.07863171 -0.07805331 -0.06817126 -0.05725131 -0.05276572 -0.05832973
 -0.05750312 -0.04951393 -0.04655787 -0.02978529 -0.01892862 -0.00772193
  0.01079905  0.02040808  0.02091985  0.02587982  0.0313309   0.02759545
  0.02724247  0.0364235   0.04608434  0.0647471   0.09192609  0.10894039
  0.12217053  0.1415322   0.15568611  0.1748677   0.19472618  0.19647381
  0.20196787  0.20188005  0.20518866  0.20856626  0.2128437   0.21485867
  0.23872027  0.25412762  0.25910929  0.26757193  0.28471795  0.27928501
  0.30251586  0.29495171  0.30571124  0.31544426  0.31809649  0.32714453
  0.3311677   0.33635589  0.33587551  0.35022452  0.35379034  0.35494694
  0.35465422  0.36467129  0.3588185   0.36864811  0.38240412  0.39493397
  0.41200897  0.40630046  0.43007851  0.42576361  0.42910773  0.440891
  0.43754712  0.45021415  0.44218531  0.44214383  0.44453335  0.45450372
  0.44783211  0.47514862  0.46140084  0.48546487  0.49464956  0.50457019
  0.51966864  0.52455539  0.52383053  0.51861137  0.52547914  0.52375525
  0.50939387]
[ 1.57446694  1.51379263  1.52176571  1.49190772  1.45856905  1.47206223
  1.48842311  1.46267307  1.42668223  1.40714693  1.41553581  1.42050612
  1.3938992   1.37394893  1.38669515  1.38586128  1.39246941  1.40196478
  1.38392997  1.43049514  1.41364539  1.45069265  1.45887899  1.48041379
  1.44560456  1.45554817  1.45584655  1.43647766  1.39353836  1.37363899
  1.36093724  1.32382917  1.28448081  1.271963    1.20850384  1.2080456
  1.16467845  1.12787485  1.10652471  1.10441434  1.06831765  1.05244637
  1.0100075   0.96569467  0.95503211  0.94842309  0.92175597  0.8998825
  0.8924942   0.82096964  0.59325552  0.44203892  0.29130891  0.04031849
  0.11105771 -0.02163156 -0.72954857 -1.56938219 -1.89000082 -1.99576211
 -2.0100019  -2.02008772 -2.0239532  -2.07061911 -2.06019282 -2.06055665
 -2.03481627 -2.07823372 -2.10639548 -2.08892107 -2.12037253 -2.13619995
 -2.15685797 -2.16950154 -2.16272902 -2.16611481 -2.19093919 -2.13227367
 -2.14702487 -2.15525126 -2.15367436 -2.20096588 -2.23944116 -2.19534612
 -2.21776772 -2.23105454 -2.24465799 -2.21487188 -2.17661977 -2.17132688
 -2.17284179 -2.14963341 -2.1754446  -2.20631242 -2.24066401 -2.2739172
 -2.29422069 -2.30331206 -2.2958014  -2.28552651 -2.3082912  -2.30040145
 -2.24825478 -2.2211082  -2.22642636 -2.19226003 -2.25465202 -2.26194572
 -2.27219868 -2.26196337 -2.23625612 -2.21746469 -2.13019276 -2.09242797
 -2.0155735  -1.97394574 -1.87733757 -1.81948233 -1.73121405 -1.71493745
 -1.61800766 -1.53217459 -1.51945579 -1.49209893 -1.45189655 -1.4211576
 -1.39807987 -1.33720982 -1.29031515 -1.26290059 -1.20587063 -1.12340343
 -1.09296954 -1.03152287 -0.97710049 -0.9576031  -0.89620876 -0.84547114
 -0.83653975 -0.78825158 -0.72851521 -0.66672897 -0.63302481 -0.57702899
 -0.54805529 -0.52241915 -0.49803045 -0.42777443 -0.40921506 -0.34210789
 -0.33090475 -0.27073422 -0.26568496 -0.23212662 -0.18489373 -0.1852791
 -0.16627967 -0.13068013 -0.06555939 -0.01033657 -0.04140322  0.00519001
  0.0463096   0.0488843   0.09410059  0.11424641  0.11401618  0.15725656
  0.1344683   0.18792583  0.20134276  0.23012935  0.25437737  0.26642993
  0.29403734  0.31488404  0.31975985  0.31605488  0.33906081  0.36663932
  0.3812564   0.36923426  0.38441291  0.38979027  0.40023559  0.40268251]
[-1.3592329  -1.24847507 -1.18214667 -1.1277777  -1.09623659 -1.04257846
 -0.96466726 -0.88176888 -0.74654222 -0.61212009 -0.48584452 -0.34975731
 -0.25006452 -0.15496296 -0.05871513  0.05112585  0.13368315  0.22796693
  0.3015224   0.3786554   0.45416248  0.54222864  0.61326945  0.67924196
  0.73820955  0.80950749  0.8575719   0.91739833  0.96512729  1.00201011
  1.05149853  1.09684253  1.12566388  1.15803778  1.17712426  1.21968246
  1.23659217  1.26639569  1.29905212  1.30537629  1.32276189  1.34087312
  1.34862387  1.35792065  1.37836623  1.38301015  1.39606845  1.40539169
  1.40298259  1.40096092  1.39925575  1.39656866  1.38621032  1.38403571
  1.37278485  1.36213648  1.3496145   1.34798574  1.33341825  1.32448018
  1.31232941  1.29444408  1.27550256  1.25609159  1.2543931   1.23300266
  1.22237396  1.20052004  1.18969142  1.18275344  1.16959417  1.13730359
  1.1208396   1.11945963  1.09864819  1.0833987   1.07773483  1.04939437
  1.04713452  1.0371511   1.01423895  1.01303709  0.9956677   0.97022069
  0.96994883  0.95209146  0.95306003  0.94490349  0.9415198   0.94882298
  0.95735574  0.95571905  0.9552449   0.98051786  0.98576605  0.98805404
  0.9740113   0.98845565  0.91432422  0.83208108  0.79198968  0.76858097
  0.76233369  0.77312458  0.79964721  0.8399877   0.87273294  0.90239918
  0.98115849  1.04562008  1.06545448  1.06291926  1.03957891  1.03120601
  1.02499497  0.99719912  0.97504318  0.96451032  0.93966931  0.915335
  0.89960229  0.87303919  0.84968561  0.83888966  0.84286469  0.84480572
  0.83825547  0.83310223  0.82557875  0.82023084  0.81584013  0.81768972
  0.80648559  0.81275308  0.81875098  0.8077141   0.81551874  0.83256304
  0.83095318  0.82795537  0.82799649  0.82770497  0.82527709  0.81912947
  0.81987917  0.80865264  0.811571    0.81106395  0.80660683  0.80508745
  0.80265921  0.79551655  0.79893464  0.79680556  0.78221983  0.77535182
  0.78705597  0.76873571  0.7674039   0.7772904   0.77497017  0.7755127
  0.76648504  0.77411467  0.76725054  0.76224029  0.75893635  0.7685436
  0.76337975  0.75779331  0.75888538  0.74840528  0.74294364  0.73587072
  0.74966276  0.73320055  0.73469543  0.73046768  0.72751248  0.74287713
  0.73091853  0.72976005  0.7204175   0.7189858   0.72103208  0.71730524]
[-1.32300675 -1.35639775 -1.33134747 -1.38444257 -1.45340502 -1.45687544
 -1.46121383 -1.51531971 -1.60967696 -1.44181383 -1.2380811  -1.20780981
 -1.21396351 -1.15386629 -1.15758133 -1.23653805 -1.37931752 -1.50161958
 -1.70492172 -1.93620896 -2.07596803 -2.13643098 -2.05769157 -1.9454546
 -1.93058634 -1.94279635 -1.97512805 -1.97543478 -1.97981775 -1.96269405
 -1.91548884 -1.85893679 -1.77373183 -1.73295951 -1.72295237 -1.70249569
 -1.70875835 -1.69111896 -1.68342495 -1.63636601 -1.63925016 -1.61848998
 -1.6109848  -1.56896281 -1.56321669 -1.54399586 -1.50019455 -1.49239123
 -1.44889414 -1.39403522 -1.37548256 -1.32979345 -1.29547977 -1.25662076
 -1.21328294 -1.15869236 -1.11583793 -1.0612644  -1.02223432 -0.97959554
 -0.93261456 -0.8951804  -0.83855867 -0.78556025 -0.73275322 -0.67038339
 -0.61771673 -0.56832856 -0.5356468  -0.46988809 -0.41295752 -0.37332758
 -0.33693498 -0.29011545 -0.23699465 -0.18894784 -0.14203703 -0.10059481
 -0.05847029 -0.01384803  0.03132305  0.04636557  0.10584733  0.14606798
  0.16475075  0.21876331  0.22832356  0.27630574  0.2931352   0.33615735
  0.32634968  0.37009689  0.38940158  0.42685249  0.44525743  0.46779466
  0.47500947  0.50464994  0.53168583  0.52407002  0.55160785  0.56051183
  0.58679622  0.60938495  0.6215992   0.63126361  0.64282054  0.66912514
  0.67095643  0.66776282  0.6954968   0.70840299  0.69823986  0.713884
  0.7041167   0.71848661  0.72172457  0.73843229  0.7389403   0.75458944
  0.75493723  0.76729262  0.7438429   0.74451756  0.79431975  0.77764368
  0.7771548   0.7743271   0.78833079  0.79426706  0.78163928  0.81641543
  0.80038446  0.80936027  0.80817425  0.79703701  0.82403529  0.82797027
  0.81234211  0.81907898  0.82547694  0.79431862  0.8374759   0.78998482
  0.8044467   0.82371855  0.82694983  0.83885044  0.81550145  0.8339715
  0.83305663  0.83615488  0.82125574  0.83050621  0.84173089  0.82706618
  0.83815014  0.84737307  0.85608971  0.83475626  0.82855099  0.82449436
  0.81635606  0.8096537   0.84144574  0.8443442   0.84155017  0.82977045
  0.83380705  0.81862867  0.84316176  0.83195359  0.82922685  0.82506007
  0.82863331  0.84538591  0.83134657  0.82810515  0.83877009  0.82987058
  0.81293792  0.81709564  0.82924044  0.83157867  0.82529873  0.8231017 ]
[-0.65009612 -0.56824887 -0.54609209 -0.51953948 -0.48952684 -0.48415327
 -0.5094493  -0.53384584 -0.55780089 -0.57584757 -0.58928597 -0.5741384
 -0.56550503 -0.57101381 -0.59543306 -0.61716104 -0.63583738 -0.62258053
 -0.61337864 -0.62401235 -0.5917542  -0.5497697  -0.52710998 -0.50976771
 -0.49417636 -0.46765491 -0.46669638 -0.46983358 -0.45291618 -0.44400716
 -0.44438672 -0.45845956 -0.39551625 -0.32784647 -0.30631819 -0.29123089
 -0.26349437 -0.25492212 -0.26199713 -0.28931805 -0.31298706 -0.3528955
 -0.3953293  -0.42364699 -0.42762238 -0.39324751 -0.35858327 -0.34799254
 -0.35267588 -0.3547456  -0.35741729 -0.35498261 -0.34984109 -0.34030828
 -0.32938942 -0.3041859  -0.29893643 -0.29530996 -0.29691103 -0.29626241
 -0.2854079  -0.28858504 -0.28352892 -0.28179207 -0.28293499 -0.28475949
 -0.28252482 -0.28901759 -0.27930531 -0.27708298 -0.27676702 -0.26895273
 -0.25786811 -0.25684106 -0.24442568 -0.23641816 -0.23287705 -0.2256851
 -0.21661781 -0.20403975 -0.19607691 -0.18453351 -0.18218805 -0.1669147
 -0.16082104 -0.14943352 -0.13213864 -0.12968495 -0.11540502 -0.11070999
 -0.10348205 -0.09356076 -0.08133066 -0.07605015 -0.06354663 -0.05038651
 -0.04910436 -0.03993888 -0.03285439 -0.02295684 -0.01925373 -0.01435405
 -0.0026677   0.00797648  0.01573635  0.03753529  0.04851269  0.06104264
  0.06920317  0.07061242  0.08337163  0.08995578  0.10122462  0.10776606
  0.11309336  0.12688953  0.13436855  0.13618664  0.14525086  0.15452094
  0.17005479  0.17946292  0.19015768  0.2140435   0.21851186  0.23903888
  0.24874161  0.25686243  0.26619515  0.27761152  0.29088238  0.29585871
  0.30323073  0.31216434  0.3156299   0.3297815   0.33314651  0.34049773
  0.35127839  0.35968253  0.36884052  0.37991691  0.38510904  0.39864004
  0.4019739   0.40244257  0.41036597  0.41501474  0.43060362  0.43793148
  0.4419868   0.45070875  0.45689237  0.46742192  0.47724226  0.48958534
  0.49481058  0.49774188  0.50561547  0.51536649  0.51533949  0.52011627
  0.52509314  0.52841574  0.5237599   0.53831041  0.53645307  0.55050927
  0.55007017  0.55999619  0.56455141  0.57062459  0.57667309  0.58398604
  0.59067178  0.5944984   0.59438533  0.60271537  0.6077522   0.61379933
  0.62289196  0.6239692   0.62446356  0.62715966  0.62799698  0.63949913
  0.63020384  0.63913125  0.6449421   0.64017248  0.64379281  0.64566845
  0.64782989  0.65273941  0.65484005  0.65431654  0.65843201  0.65652001
  0.66815263  0.65935034  0.66720814  0.66434371  0.66391897  0.66564512
  0.66740918  0.67240632  0.67618221  0.67247993  0.67440796]
[-0.68857098 -0.73558623 -0.74536997 -0.74274331 -0.68546349 -0.59404361
 -0.54225558 -0.4811407  -0.46923912 -0.43599489 -0.39617082 -0.36797372
 -0.37147966 -0.41416073 -0.46486887 -0.51892823 -0.54749501 -0.52769619
 -0.51545882 -0.53791821 -0.59918249 -0.65360314 -0.69287944 -0.68591887
 -0.6737203  -0.70808882 -0.66689336 -0.60774356 -0.57832462 -0.55551875
 -0.54833275 -0.52104074 -0.5359509  -0.54056704 -0.51913244 -0.51031429
 -0.50947785 -0.53009772 -0.4383119  -0.33038172 -0.30159518 -0.28668621
 -0.23834436 -0.21968758 -0.22725156 -0.2721833  -0.31998652 -0.38516414
 -0.45808145 -0.49925178 -0.50533086 -0.45729807 -0.39657447 -0.3834652
 -0.39377725 -0.39952251 -0.4133954  -0.41735139 -0.41737059 -0.40102252
 -0.38222101 -0.34302992 -0.33204794 -0.32517475 -0.33356312 -0.33200398
 -0.32738817 -0.32807034 -0.31242126 -0.31393382 -0.30922183 -0.30293819
 -0.29136065 -0.30497566 -0.29176119 -0.28363994 -0.28649896 -0.27754518
 -0.25795323 -0.25418547 -0.24120727 -0.22730869 -0.22159135 -0.2113423
 -0.20425075 -0.18576613 -0.17982352 -0.16859113 -0.16775465 -0.14943856
 -0.14851795 -0.13579229 -0.11376712 -0.10712951 -0.0900227  -0.08298747
 -0.07693173 -0.07086125 -0.05719354 -0.0450352  -0.03776093 -0.01597846
 -0.01259591  0.00588732  0.02196472  0.02970462  0.04491497  0.05127594
  0.06061926  0.0697526   0.0718932   0.09584332  0.11064456  0.11696698
  0.12383837  0.126854    0.14173813  0.14874443  0.1687929   0.16672824
  0.17552598  0.20078945  0.21197708  0.21707836  0.22664814  0.2421046
  0.25420624  0.25744292  0.26457348  0.28557536  0.29112193  0.30890334
  0.31243432  0.32459965  0.3292987   0.34562182  0.35927778  0.36036021
  0.37650776  0.38435379  0.3913106   0.40121141  0.40371305  0.41505614
  0.41968811  0.42772278  0.43257216  0.44551724  0.45483971  0.46326789
  0.46790063  0.47084492  0.47439778  0.48262963  0.49457026  0.49566042
  0.50468189  0.51197869  0.51627403  0.5277583   0.54165345  0.55431604
  0.55599642  0.55563688  0.56829464  0.57812208  0.57670474  0.58101928
  0.5876376   0.59324849  0.58329171  0.60175776  0.59432548  0.60272193
  0.60316765  0.61217463  0.61822236  0.61292106  0.62074322  0.63125414
  0.63778007  0.63649529  0.64130807  0.64804447  0.65602773  0.66092384
  0.67091268  0.66975272  0.6639815   0.66047329  0.66408825  0.68066663
  0.66595322  0.68365812  0.68452913  0.67748171  0.68197519  0.67609859
  0.68224335  0.68633091  0.69218445  0.68805552  0.70054775  0.69126379
  0.70517015  0.69387674  0.70202208  0.70340604  0.6970107   0.69809949
  0.70412391  0.70470625  0.70323509  0.70231897  0.7094776 ]
[-1.16619456 -1.19562161 -1.26284564 -1.38193834 -1.4955337  -1.58419013
 -1.59244096 -1.5686574  -1.48927033 -1.32482982 -1.09611404 -0.9520523
 -0.87626451 -0.81457537 -0.73064345 -0.72790813 -0.76943147 -0.7731083
 -0.76083261 -0.67292196 -0.54820192 -0.49831399 -0.43710589 -0.43736002
 -0.39405304 -0.323964   -0.26243186 -0.24729852 -0.30679482 -0.39310604
 -0.48982081 -0.54030234 -0.50940502 -0.49222568 -0.53259069 -0.63570803
 -0.73286849 -0.80428052 -0.79983675 -0.7924369  -0.85564107 -0.79606664
 -0.69929767 -0.65161544 -0.61765188 -0.60126936 -0.5491823  -0.57234842
 -0.58675921 -0.55862886 -0.53525752 -0.53708625 -0.5713309  -0.42091382
 -0.25288039 -0.21038261 -0.17962509 -0.11206378 -0.06857982 -0.06851289
 -0.13256849 -0.20209731 -0.30864146 -0.42042711 -0.4918282  -0.49663129
 -0.41023999 -0.29824674 -0.26467639 -0.26700827 -0.2603007  -0.2612218
 -0.25352713 -0.24159577 -0.20310719 -0.17659812 -0.11273303 -0.08745258
 -0.08175588 -0.0833916  -0.07493858 -0.06063911 -0.06080581 -0.03239635
 -0.03368963 -0.0296133  -0.01735519 -0.00622354 -0.03158351 -0.01556301
 -0.00803583 -0.01379899 -0.00578745  0.01326482  0.00602915  0.01909558
  0.0302812   0.027752    0.03981417  0.03460192  0.04995637  0.04887598
  0.06161186  0.04732642  0.07169698  0.06433984  0.0762897   0.10236084
  0.10030194  0.11733986  0.12372333  0.12115081  0.12554468  0.13854757
  0.14276272  0.15337743  0.17319919  0.16286235  0.18180574  0.19777384
  0.20483559  0.22105998  0.21591587  0.226394    0.23530027  0.23693559
  0.26748762  0.28944412  0.29708061  0.29884076  0.29457733  0.30728754
  0.31607994  0.33846518  0.330955    0.33704901  0.36222041  0.36931309
  0.37038118  0.37572405  0.39676601  0.4119316   0.41735172  0.41866633
  0.44734398  0.43922865  0.46237692  0.46947303  0.47582811  0.47853154
  0.4927423   0.50746024  0.50437278  0.51659083  0.52092505  0.52247596
  0.53712821  0.53861225  0.53713441  0.55114675  0.56190825  0.56149566
  0.57987529  0.58233941  0.58852589  0.59822047  0.59554237  0.59229976
  0.60888273  0.61481571  0.61731929  0.62651014  0.62748635  0.62934744
  0.63716006  0.64957392  0.66224742  0.66136551  0.65637767  0.66896248
  0.67833823  0.66990757  0.66926509  0.67610013  0.68752736  0.66602159
  0.69385165  0.67777836  0.69219798  0.69207281  0.70019382  0.70800275
  0.69854939  0.70928532  0.71476912  0.71955639  0.71589851  0.71154958
  0.71500266  0.72623259  0.72399175  0.74092913  0.73678195  0.71780759
  0.71378797  0.71580422  0.73698485  0.71486628  0.74217486  0.75112331
  0.73639256  0.74421918  0.73638648  0.74074668  0.74503803  0.75331491
  0.75376588  0.76620591  0.74779552  0.76844436  0.75215584  0.76349056
  0.76077342  0.75186092  0.75185186  0.75834709  0.7588219   0.755741
  0.75088823  0.75950694]
[-1.20193613e+00 -1.20584726e+00 -1.21664643e+00 -1.20876288e+00
 -1.19806004e+00 -1.19357002e+00 -1.18157220e+00 -1.19710147e+00
 -1.18914652e+00 -1.18225825e+00 -1.20302784e+00 -1.26278901e+00
 -1.36524689e+00 -1.46251905e+00 -1.54205751e+00 -1.54904473e+00
 -1.53565156e+00 -1.46479714e+00 -1.31168234e+00 -1.09742320e+00
 -9.30065095e-01 -8.47781777e-01 -8.03646326e-01 -7.24251270e-01
 -7.35147953e-01 -7.91933239e-01 -8.00754249e-01 -7.86255240e-01
 -7.02650964e-01 -5.72103024e-01 -5.07281721e-01 -4.42113101e-01
 -4.28096563e-01 -3.78433883e-01 -2.95007676e-01 -2.54565805e-01
 -2.45534703e-01 -3.04124087e-01 -3.75195831e-01 -4.43784088e-01
 -4.79830146e-01 -4.49159771e-01 -4.34328407e-01 -4.69500512e-01
 -5.52469075e-01 -6.37620747e-01 -6.93602562e-01 -6.85196698e-01
 -6.78417325e-01 -7.38210022e-01 -6.89687550e-01 -6.12724960e-01
 -5.75196087e-01 -5.48447549e-01 -5.26279390e-01 -4.77532744e-01
 -5.02122521e-01 -5.16184509e-01 -4.87782896e-01 -4.69666749e-01
 -4.63121682e-01 -4.82508004e-01 -3.45527232e-01 -1.89062625e-01
 -1.44007236e-01 -1.16348900e-01 -5.49168587e-02 -2.04412844e-02
 -2.21441910e-02 -8.43167007e-02 -1.46541402e-01 -2.37992778e-01
 -3.32889199e-01 -3.84993166e-01 -3.85816753e-01 -3.08611572e-01
 -2.04007924e-01 -1.71444312e-01 -1.69451788e-01 -1.65525451e-01
 -1.66724712e-01 -1.61533177e-01 -1.52551800e-01 -1.20401494e-01
 -9.59817842e-02 -3.78922485e-02 -1.94919314e-02 -1.71637889e-02
 -2.50656046e-02 -2.20979117e-02 -1.50981555e-02 -2.03086790e-02
  6.78879558e-04 -1.78626011e-04  1.52621872e-03  1.04844198e-02
  1.78858228e-02 -3.96669842e-03  8.91506579e-03  1.60902031e-02
  1.66267883e-02  2.76845992e-02  4.29377481e-02  4.10077237e-02
  5.36818057e-02  6.95326179e-02  7.58847147e-02  9.00108442e-02
  8.97980928e-02  1.01952545e-01  1.03938237e-01  1.12832621e-01
  1.02971584e-01  1.25754178e-01  1.19519830e-01  1.31083071e-01
  1.54513627e-01  1.53606206e-01  1.71371251e-01  1.75791860e-01
  1.74884990e-01  1.83636621e-01  1.97518080e-01  1.98447809e-01
  2.08540171e-01  2.29060724e-01  2.22733900e-01  2.38264203e-01
  2.56339341e-01  2.61391968e-01  2.76431441e-01  2.73501188e-01
  2.84384429e-01  2.90818006e-01  2.94815034e-01  3.25185239e-01
  3.43438357e-01  3.52762073e-01  3.53678674e-01  3.48149717e-01
  3.60966414e-01  3.67516041e-01  3.85922164e-01  3.79469842e-01
  3.85323197e-01  4.06703979e-01  4.14471596e-01  4.14967209e-01
  4.23007667e-01  4.41677749e-01  4.56702292e-01  4.57822382e-01
  4.61651832e-01  4.88067508e-01  4.81658787e-01  5.03217936e-01
  5.05089641e-01  5.13085365e-01  5.13313353e-01  5.24519742e-01
  5.37307143e-01  5.35471499e-01  5.48456967e-01  5.52422583e-01
  5.58052599e-01  5.71697712e-01  5.73983967e-01  5.78779101e-01
  5.86718917e-01  5.99524915e-01  5.96878946e-01  6.10735655e-01
  6.10318601e-01  6.12955928e-01  6.19441092e-01  6.15722418e-01
  6.10846043e-01  6.23120308e-01  6.30750120e-01  6.30770266e-01
  6.37781441e-01  6.39710903e-01  6.44862890e-01  6.53703451e-01
  6.66671276e-01  6.76795840e-01  6.78730488e-01  6.72588706e-01
  6.83686137e-01  6.91348255e-01  6.83941185e-01  6.82518959e-01
  6.87110603e-01  6.93650484e-01  6.77643001e-01  7.02566326e-01
  6.86737180e-01  7.00221837e-01  6.99297309e-01  7.06602931e-01
  7.10739553e-01  7.02110350e-01  7.08843291e-01  7.13689983e-01
  7.19793320e-01  7.15114236e-01  7.10822403e-01  7.13966429e-01
  7.24149406e-01  7.22876370e-01  7.37063825e-01  7.35610485e-01
  7.20139027e-01  7.19350457e-01  7.18182206e-01  7.38495111e-01
  7.18205810e-01  7.41616488e-01  7.46968806e-01  7.34420955e-01
  7.40991116e-01  7.31663704e-01  7.36699343e-01  7.41760612e-01
  7.46408224e-01  7.45900035e-01  7.59327829e-01  7.41271257e-01
  7.62264609e-01  7.42432714e-01  7.54861355e-01  7.51831651e-01
  7.46150136e-01  7.45754659e-01  7.47797847e-01  7.51133680e-01
  7.46112466e-01  7.44483948e-01  7.50497997e-01]
