[-5.02283964e-03  3.45696509e-02  2.02105120e-02  1.65604997e-05
  3.01303826e-02 -1.82794072e-02 -2.51578004e-03 -3.43276151e-02
 -2.14026552e-02]
[-1.19932389 -1.21362269 -1.21324944 -1.23233962 -1.2440654  -1.2650212
 -1.24932456 -1.23831058 -1.26140583 -1.29186225 -1.31848395 -1.29985046
 -1.31115901 -1.32606637 -1.34131765 -1.33684123 -1.35460317 -1.37650943
 -1.34698951 -1.34146392 -1.33281553 -1.32717729 -1.31177366 -1.28221548
 -1.2808919  -1.2677108  -1.25574219 -1.2417419  -1.21879196 -1.21834385
 -1.18028963 -1.15842652 -1.12715125 -1.09269238 -1.07222021 -1.04855561
 -1.01990747 -0.97118258 -0.9391402  -0.90236527]
[0.39821798 0.40914285 0.42014819 0.43015635 0.44255361 0.45228159
 0.4620972  0.47386262 0.48446417 0.49487665 0.50432867 0.51429802
 0.52576375 0.54005301 0.55510688 0.56510133 0.57503241 0.58561945
 0.59126246 0.59452981 0.59849966 0.59755009 0.59373784 0.58808672
 0.58266741 0.58395112 0.57986724 0.57500255 0.57001346 0.56249326
 0.55827624 0.55098736 0.5450694  0.54416996 0.53932977 0.53415811
 0.5303005  0.52713066 0.52234077 0.51918095]
[-0.09780622 -0.10903242 -0.12355679 -0.10539721 -0.09158006 -0.11249413
 -0.11109896 -0.10110482 -0.11977004 -0.1320578  -0.12314581 -0.13194013
 -0.15402001 -0.15207641 -0.15395951 -0.14883938 -0.13537093 -0.12708306
 -0.11153936 -0.09472788 -0.08266757 -0.05768044 -0.0790292  -0.07584352
 -0.05806228 -0.01091646 -0.04060913 -0.0227704   0.00907374  0.0144883
  0.01772743  0.02413572  0.03671196  0.0154425   0.03123054  0.03479284
  0.07879567  0.06604013  0.06095801  0.0779101   0.09185524  0.08675119
  0.0957667 ]
[0.42901972 0.44039139 0.45142552 0.46212393 0.47343978 0.48009586
 0.48924747 0.49614829 0.50446868 0.51201034 0.51817852 0.52448398
 0.5295552  0.53718585 0.5419755  0.54409349 0.54787058 0.55083984
 0.55246586 0.55477065 0.55938494 0.56061465 0.56317228 0.56556511
 0.56832731 0.57176995 0.5740099  0.57506967 0.57701308 0.57792115
 0.57997066 0.5837369  0.58344716 0.58508813 0.58588833 0.58777761
 0.5875029  0.58910459 0.59007537 0.59004456 0.5914067  0.58882529
 0.59082466 0.58965445 0.59104669 0.59223241 0.59139413 0.59342211
 0.59180504 0.59067518 0.59262067]
[-1.55661523 -1.60006523 -1.618325   -1.63026607 -1.63637555 -1.63217866
 -1.62628388 -1.62510765 -1.6226573  -1.6230129  -1.61217916 -1.60869873
 -1.60072958 -1.60356951 -1.59663653 -1.59866381 -1.58783054 -1.58420634
 -1.58149111 -1.58240271 -1.57026327 -1.55961168 -1.55303884 -1.55373883
 -1.54746187 -1.53916371 -1.5246799  -1.52111876 -1.51666451 -1.501104
 -1.49460125 -1.48723531 -1.47352004 -1.46832049 -1.45236683 -1.44010174
 -1.42725861 -1.41513944 -1.39713907 -1.37908494 -1.37093139 -1.35009336
 -1.33204842 -1.30205989 -1.27854013 -1.25640202 -1.22622752 -1.1840204
 -1.15405738 -1.12036622 -1.0851059 ]
[-1.41816378 -1.39631712 -1.37702715 -1.352808   -1.3283242  -1.30368876
 -1.2788173  -1.25150812 -1.21941996 -1.18525565 -1.14856863 -1.11217022
 -1.07331073 -1.03029418 -0.98147964 -0.93104601 -0.87849051 -0.82424939
 -0.7680735  -0.71283054 -0.65129912 -0.59108734 -0.52820301 -0.46490332
 -0.40250131 -0.34194311 -0.28162774 -0.22285335 -0.168074   -0.11217495
 -0.0604008  -0.01124026  0.03508547  0.0786889   0.11871402  0.15851717
  0.19363835  0.22371635  0.25007942  0.27710363  0.30043694  0.32248959
  0.34137645  0.36401004  0.37792316  0.39169776  0.40647954  0.41951105
  0.43529177  0.44266814  0.45751202]
[ 0.52226698  0.65573865  0.64940649  0.5381372   0.57657325  0.54545009
  0.63105255  0.56556845  0.64367652  0.62670785  0.65336692  0.65255517
  0.69837534  0.54944187  0.56398398  0.59106261  0.64004111  0.65407777
  0.76101995  0.77712911  1.23625481  1.801507    3.05495214  5.28392649
  8.03452396  9.13255405  8.80241013  7.24623203  2.8908267  -0.57136244
 -1.03832042 -0.98995566 -1.84882689 -2.61458492 -3.39959335 -3.83346057
 -3.46399951 -2.67212033 -1.70453322 -0.86080903 -0.42851457 -0.15975618
 -0.02685961  0.11184945  0.10052371  0.13099991  0.19336236  0.19200274
  0.16485924  0.23083718  0.28618965]
[ 0.68387145  0.48458147  0.50971437  0.55425066  0.63934213  0.66790646
  0.71165603  0.76148021  1.22986484  1.72062373  3.05765176  5.46877718
  8.4202795   9.636199    9.34009552  7.66390753  3.06191325 -0.47260201
 -1.00916934 -1.06816924 -1.85079515 -2.69808078 -3.43376827 -3.94458365
 -3.59741449 -2.73250031 -1.7970432  -0.89658147 -0.44602439 -0.15881369
 -0.0206997   0.15201809  0.13330983  0.12763268  0.18490307  0.18067294
  0.17305784  0.19165246  0.2658067   0.16832493  0.20719081  0.12466916
  0.15362215  0.26055604  0.17053571  0.21292132  0.33333996  0.26265663
  0.23248795  0.24530701  0.21501423]
[-1.62365162 -1.61131549 -1.60655487 -1.59937763 -1.58460593 -1.56513178
 -1.55272532 -1.54532564 -1.53649497 -1.51510072 -1.49606121 -1.48629713
 -1.46945345 -1.45494413 -1.43997264 -1.42522347 -1.40117073 -1.38352215
 -1.35895097 -1.34001124 -1.3155098  -1.28600574 -1.25927782 -1.23516917
 -1.2077477  -1.17408109 -1.1414398  -1.10218573 -1.06143749 -1.01798511
 -0.97356331 -0.92558932 -0.87266511 -0.81940502 -0.7696377  -0.70983863
 -0.65256101 -0.58989716 -0.53739423 -0.47911707 -0.42785737 -0.36739302
 -0.31225398 -0.25887471 -0.20348817 -0.15836348 -0.10543537 -0.05792952
 -0.00770808  0.02373068  0.06278813]
[ 0.95529813  1.04562855  1.02280211  1.03104985  0.98550498  1.01279497
  1.01768625  1.01887751  1.06504619  1.00965369  0.97535813  0.97277117
  0.95601088  1.04179561  0.98342383  0.95894372  1.01883733  1.03113663
  1.08083451  1.06947911  0.95218462  0.95974261  0.97391337  0.93961757
  0.95217204  0.93145293  0.97805643  0.9579196   0.88826364  0.96870202
  1.14107513  1.08122337  0.60735452  0.31135929  0.2191176   0.30305114
  0.51104426 -0.00638358 -2.04077816 -2.99005866 -3.74160695 -4.1204381
 -4.32556772 -4.05038071 -3.55016112 -2.96855688 -2.54280949 -2.29604673
 -2.10027099 -2.02647018 -1.96121407]
[-0.07366171  1.15057003  0.95997727  0.48175567  0.17784247  0.3172183
  0.74479073 -0.09229124 -1.73454142 -2.21155858 -2.37696719 -2.4008162
 -2.38897562 -2.36715364 -2.35069966 -2.36250138 -2.36639452 -2.36509633
 -2.31907058 -2.35056686 -2.33246112 -2.26961422 -2.3087039  -2.30865884
 -2.29788494 -2.27093315 -2.29397893 -2.26426888 -2.22768664 -2.254632
 -2.23616481 -2.22578835 -2.2413342  -2.24561858 -2.1850996  -2.1879456
 -2.15103579 -2.1456759  -2.11484647 -2.13466859 -2.12055326 -2.07198167
 -2.06130719 -2.00659823 -2.01428652 -1.97548091 -1.91480219 -1.93722725
 -1.92344105 -1.88848913 -1.85489714]
[ 0.94187343  0.94522494  0.94462162  0.95139569  0.95303017  0.95298553
  0.95535523  0.94874406  0.96379817  0.94911116  0.95931566  0.9485991
  0.97141284  0.96676326  1.00038254  1.13231707  1.59892571  3.09277558
  4.648314    4.97651434  4.73518181  3.22659755  0.36693189 -1.70568955
 -2.29081917 -2.44576287 -2.47148752 -2.48222113 -2.45970678 -2.44882178
 -2.43854117 -2.43433118 -2.43123126 -2.43793058 -2.4436233  -2.44178534
 -2.43981671 -2.4281795  -2.42052054 -2.41396117 -2.39611173 -2.37871552
 -2.35360694 -2.36564589 -2.31837916 -2.29935694 -2.31748509 -2.31305599
 -2.2640624  -2.24628592 -2.23096061]
[ 1.58049631  1.59759617  1.61464643  1.64491832  1.67894554  1.68629754
  1.54652464  1.26639616  1.02072763  0.84520274  0.75029385  0.92348164
  0.59766984 -0.84651583 -1.89400768 -2.18324924 -2.27007747 -2.27447295
 -2.26500511 -2.24316072 -2.23269534 -2.24356461 -2.23374629 -2.22630596
 -2.21127439 -2.20384789 -2.18828797 -2.17136073 -2.16747618 -2.16233492
 -2.14041948 -2.12996149 -2.12557888 -2.09970903 -2.07916641 -2.07574582
 -2.06134558 -2.04296207 -2.04649854 -2.02898622 -2.00109792 -1.98150373
 -1.96250689 -1.93581557 -1.91754723 -1.90127265 -1.87807739 -1.85259163
 -1.82009828 -1.78981221 -1.79253972]
[-0.76762724 -0.72629261 -0.67637461 -0.62637633 -0.57449651 -0.52298647
 -0.46594262 -0.41090378 -0.35476518 -0.30618912 -0.24485441 -0.18988155
 -0.13908827 -0.09425425 -0.04485469  0.00549605  0.04008586  0.07986208
  0.11884675  0.15281488  0.18579915  0.22023122  0.24676023  0.27561006
  0.2962943   0.32157877  0.33798376  0.35136944  0.37295964  0.39213958
  0.4024677   0.41666374  0.43188113  0.44427812  0.45617381  0.46147761
  0.473488    0.47894394  0.4914929   0.49594826  0.5119099   0.51533103
  0.52018547  0.52937555  0.53573161  0.53933311  0.55001742  0.55062288
  0.56030363  0.56151623  0.56854725]
[ 1.10250449  1.10755515  1.10301399  1.08097112  0.99793798  1.05596936
  1.05011952  1.07919216  1.17760777  1.0695039   1.05276883  1.1239512
  1.08938885  1.15720332  1.19536185  1.08799636  1.07807541  1.0548079
  1.08229935  1.09186709  1.01774371  1.06994486  1.15857005  1.14744413
  1.14275539  1.09395957  1.06840622  1.07489359  1.15927839  1.17564034
  1.08546221  1.33274496  1.4285115   1.4563669   1.5238539   1.397861
  1.41377318  1.48907518  1.18317676  0.48703477  0.46504298  0.49977523
  0.41271186  0.63471407 -0.07646006 -2.96879578 -4.37408686 -4.91832113
 -4.75397491 -4.00555611 -2.9193809 ]
[0.70345044 0.71240759 0.71403849 0.72232443 0.72146475 0.72641397
 0.72476417 0.72809106 0.73116189 0.72931069 0.72889745 0.73094028
 0.72860056 0.73402518 0.73205036 0.73225331 0.73381358 0.73479366
 0.73297101 0.73619556 0.73209512 0.73289818 0.73937595 0.73465395
 0.73188192 0.73531234 0.73080909 0.73116702 0.73538101 0.73450947
 0.73338652 0.73763978 0.73627853 0.73642874 0.73656017 0.73548496
 0.73920745 0.74104375 0.74499118 0.74226427 0.74523187 0.74877524
 0.76499283 0.78604019 0.80468267 0.82705182 0.82727695 0.81665832
 0.8008967  0.77109444 0.73446804]
[0.26751435 0.29322439 0.3105467  0.33089957 0.34440053 0.3672578
 0.38715389 0.40253055 0.42481881 0.44068846 0.45657888 0.4722001
 0.48583052 0.49624386 0.51099253 0.52507514 0.53758794 0.54920989
 0.56112009 0.5703668  0.57328528 0.58253986 0.58508319 0.59348059
 0.5987193  0.59879321 0.60861772 0.61465603 0.6183598  0.62251163
 0.62410581 0.62563872 0.6273362  0.63205707 0.63708884 0.63915449
 0.63398039 0.63875765 0.63747346 0.63838267 0.63995445 0.6411975
 0.63924479 0.64551497 0.64696109 0.64437115 0.64607549 0.65206343
 0.6503334  0.65420055 0.65228444 0.65559131 0.65230519 0.6547491
 0.65681243 0.65412086 0.65802628 0.65633398 0.65582263 0.65989661
 0.65916932 0.6589098  0.66412598 0.66308147 0.66128564 0.66332799
 0.66464865 0.66888791 0.67424995 0.67453861 0.68128699 0.68667221
 0.69656038 0.69944245 0.69865936 0.69932038 0.69728422 0.68920791
 0.68007183 0.66614705 0.64895862 0.63634479 0.63126296 0.61783987
 0.60772943 0.60094976 0.5872075  0.57253867 0.56512254 0.55044556
 0.53788781 0.52193415 0.51539761 0.50567919 0.49904898 0.49544576
 0.48480159 0.487881   0.49518558 0.49431282 0.49467146 0.49935681
 0.49247518]
[-9.68343794e-01 -1.00956714e+00 -1.04611826e+00 -1.09261215e+00
 -1.13173115e+00 -1.16868114e+00 -1.20693648e+00 -1.23446131e+00
 -1.25802791e+00 -1.29128993e+00 -1.31776357e+00 -1.35218370e+00
 -1.39960825e+00 -1.43979657e+00 -1.48225701e+00 -1.53863263e+00
 -1.57845318e+00 -1.60101402e+00 -1.61938739e+00 -1.62995195e+00
 -1.63930821e+00 -1.64536726e+00 -1.64249372e+00 -1.63816822e+00
 -1.63104010e+00 -1.62572730e+00 -1.61354244e+00 -1.60851455e+00
 -1.59965312e+00 -1.58538258e+00 -1.57623744e+00 -1.56646073e+00
 -1.56009555e+00 -1.54849041e+00 -1.53636360e+00 -1.51825559e+00
 -1.50822973e+00 -1.49895811e+00 -1.48719323e+00 -1.46687078e+00
 -1.45141542e+00 -1.43623281e+00 -1.42174852e+00 -1.40421164e+00
 -1.38137484e+00 -1.36543775e+00 -1.34553897e+00 -1.32572818e+00
 -1.29763234e+00 -1.28175163e+00 -1.25297332e+00 -1.23017836e+00
 -1.20442820e+00 -1.17127001e+00 -1.14145899e+00 -1.11069286e+00
 -1.08126307e+00 -1.04735768e+00 -1.01755643e+00 -9.80653405e-01
 -9.40021098e-01 -9.05414879e-01 -8.74235690e-01 -8.35144699e-01
 -7.98908591e-01 -7.64162362e-01 -7.19861269e-01 -6.82693958e-01
 -6.43685997e-01 -6.00753486e-01 -5.61917245e-01 -5.20274222e-01
 -4.82495874e-01 -4.43597049e-01 -4.03453171e-01 -3.61698359e-01
 -3.16911191e-01 -2.82912970e-01 -2.45759532e-01 -2.10460767e-01
 -1.66708007e-01 -1.31563976e-01 -1.00380905e-01 -6.23817332e-02
 -3.01432591e-02 -1.41591299e-03  2.98047252e-02  5.74295074e-02
  8.44522268e-02  1.08951181e-01  1.41075641e-01  1.61245301e-01
  1.88048854e-01  2.14835778e-01  2.38949597e-01  2.54801840e-01
  2.77028263e-01  2.98175097e-01  3.15105766e-01  3.36676747e-01
  3.50374281e-01  3.69299829e-01  3.85910898e-01]
[-1.52023375 -1.50598288 -1.49322701 -1.479496   -1.46360743 -1.44821084
 -1.43038309 -1.41308284 -1.39397168 -1.37265658 -1.35197639 -1.32882512
 -1.30406034 -1.27842569 -1.25012207 -1.22015178 -1.19057715 -1.16039097
 -1.12571216 -1.09115982 -1.05547822 -1.01677096 -0.9740476  -0.93504566
 -0.8931613  -0.85162777 -0.80952531 -0.76701498 -0.72251171 -0.67994475
 -0.63482529 -0.59150523 -0.54615772 -0.5011602  -0.45812801 -0.41553327
 -0.37173453 -0.331314   -0.28810853 -0.2477579  -0.20547912 -0.16451038
 -0.12325667 -0.08523173 -0.04791648 -0.00809519  0.02842283  0.06342345
  0.0968104   0.13071211  0.16282585  0.19456744  0.22200778  0.2500698
  0.27633935  0.30091333  0.32507542  0.3463847   0.36772177  0.38697222
  0.40375894  0.42119548  0.43627346  0.44974864  0.4637461   0.47381973
  0.4868018   0.49503896  0.5058521   0.51592326  0.52493298  0.53190935
  0.5383997   0.54509753  0.55034381  0.55680704  0.56284076  0.56808591
  0.57265675  0.57757187  0.58209318  0.58602273  0.59051007  0.59458375
  0.59929371  0.60082012  0.60521102  0.60765016  0.61011004  0.61354101
  0.61703402  0.61817759  0.62136233  0.62383854  0.62667155  0.62877828
  0.63055402  0.63222957  0.63368565  0.63561589  0.63722605  0.63963288
  0.64211029]
[ 1.25457811  1.22530365  1.24642718  1.22732806  1.24002254  1.25360107
  1.25142169  1.24951255  1.25094604  1.25741923  1.27455389  1.26621234
  1.27272129  1.27235734  1.30920231  1.33974397  1.37320459  1.35751891
  1.36137414  1.33098495  1.30301356  1.29949343  1.25006258  1.22984672
  1.17255664  1.1408776   1.10896766  1.05989373  1.03008795  1.00347435
  1.02182615  0.97329414  0.90044522  0.86931187  0.8053962   0.75158244
  0.68356299  0.65822738  0.57406783  0.49487674  0.41105336  0.30085024
  0.23304076  0.13382415  0.03486031 -0.09677849 -0.14682773 -0.04385556
  0.10384447  0.06887708 -0.59601092 -1.19920063 -1.30250347 -1.28257704
 -1.2447741  -1.22278571 -1.24682081 -1.32110858 -1.47123313 -1.60649288
 -1.69254375 -1.71772397 -1.76729774 -1.80527389 -1.80770671 -1.84381104
 -1.83278477 -1.87239349 -1.87630391 -1.89223504 -1.9265275  -1.91132843
 -1.93764675 -1.97890663 -1.9454217  -1.96232212 -1.95621181 -1.91835976
 -1.93597221 -1.92807508 -1.91227281 -1.87719846 -1.87838626 -1.85533118
 -1.82826352 -1.80017269 -1.81415522 -1.79714429 -1.76922166 -1.76290989
 -1.78705633 -1.7325083  -1.75187004 -1.7235533  -1.73375368 -1.73875368
 -1.7019732  -1.68293977 -1.71012926 -1.70157433 -1.71131396 -1.69886303
 -1.70529425]
[-0.31759992 -0.32104713 -0.30014107 -0.29340866 -0.28254414 -0.29473302
 -0.27344015 -0.2535685  -0.26935765 -0.25069609 -0.25464728 -0.24610196
 -0.24071884 -0.24328701 -0.24532098 -0.23888868 -0.24975005 -0.25424981
 -0.26939514 -0.2706297  -0.2695877  -0.28062749 -0.27962542 -0.26420504
 -0.25698444 -0.27894038 -0.2773529  -0.26401335 -0.24952526 -0.23443907
 -0.23054007 -0.22934487 -0.19424225 -0.19137695 -0.1868331  -0.17633359
 -0.1637903  -0.15492888 -0.15339419 -0.13364302 -0.12653461 -0.12074839
 -0.09058451 -0.09246048 -0.0916669  -0.08497799 -0.0718114  -0.0710145
 -0.05799844 -0.0492987  -0.04667927 -0.03308285 -0.02982971 -0.02278179
 -0.0261701  -0.01936044  0.00660688 -0.00693199  0.01338971  0.01836534
  0.0362517   0.03601892  0.03587797  0.05430613  0.06478739  0.05596042
  0.07311651  0.08611077  0.08643034  0.09402242  0.0946103   0.09249341
  0.10708079  0.12058571  0.11986757  0.13115573  0.12469653  0.13621967
  0.14081824  0.15354966  0.16084638  0.16948184  0.17125648  0.17222729
  0.18878126  0.19016048  0.19026597  0.18952237  0.19736356  0.21918015
  0.22913608  0.20893461  0.21775404  0.21039811  0.21884283  0.21789101
  0.23707511  0.2219265   0.24135548  0.2607781   0.2791422   0.28346992
  0.27741209  0.26852018]
[-1.2041012  -1.21893501 -1.236992   -1.24996281 -1.26446736 -1.27794278
 -1.28987539 -1.29768538 -1.3095032  -1.32064533 -1.33106112 -1.3430233
 -1.35255742 -1.35967147 -1.36975241 -1.37957859 -1.39335728 -1.40317261
 -1.41217923 -1.41733575 -1.42158759 -1.42041361 -1.41230607 -1.39894998
 -1.38355041 -1.36585462 -1.3484478  -1.32582664 -1.2996726  -1.27379358
 -1.2463249  -1.2198472  -1.19036663 -1.16070545 -1.13261521 -1.10381281
 -1.07390273 -1.04526567 -1.01298821 -0.98307341 -0.9528864  -0.92365146
 -0.89337778 -0.86247611 -0.83206528 -0.80276126 -0.77129149 -0.74177653
 -0.71119857 -0.67985517 -0.65069026 -0.61980242 -0.5898279  -0.55968171
 -0.53146994 -0.49998197 -0.46924621 -0.44028589 -0.41280368 -0.38224658
 -0.35322154 -0.32398647 -0.29665893 -0.26679343 -0.23986089 -0.21105206
 -0.1856136  -0.15832509 -0.13155732 -0.10612983 -0.080117   -0.05509526
 -0.03279985 -0.00784829  0.01536213  0.03858881  0.06117707  0.08319964
  0.10444049  0.12468787  0.14681247  0.16590612  0.18806347  0.20681009
  0.22501266  0.24421827  0.26202822  0.27991763  0.29671329  0.31291461
  0.32795003  0.34613469  0.36102214  0.37593243  0.39024937  0.40353411
  0.41618952  0.42965895  0.44075519  0.45401323  0.46214536  0.47373664
  0.48261631  0.49386442  0.50309914  0.51231849  0.52017641  0.52902365
  0.53563803  0.54141349  0.54850852  0.55582154  0.55989516  0.56746161
  0.57241166  0.57877529  0.58431637  0.58941078  0.59322089  0.59926528
  0.60345143  0.60745728  0.61170405  0.61474109  0.61677188  0.62073654
  0.62363708  0.62554544  0.62950075  0.631163    0.63431668  0.63531476
  0.63725722  0.6395911   0.6405682   0.64215314  0.64416742  0.64730334
  0.64798975  0.64853579  0.65021771  0.65108627  0.65386492  0.65573448]
[ 0.29369178  0.32199779  0.35117686  0.37883416  0.40260282  0.42920703
  0.44890225  0.46560207  0.48724341  0.50280392  0.51301926  0.53171802
  0.54781336  0.56385922  0.57714331  0.6012041   0.61256343  0.64290607
  0.65257347  0.6781534   0.68420672  0.67765093  0.67251438  0.66351938
  0.66288006  0.64767033  0.6423952   0.6211406   0.60718155  0.58319455
  0.57084537  0.55837041  0.5306074   0.50810707  0.4846493   0.46807811
  0.45756698  0.43903363  0.42337027  0.41220152  0.38398796  0.36100885
  0.34676391  0.33064127  0.31135547  0.29195178  0.27392244  0.26185757
  0.25466576  0.24694087  0.22641294  0.21115622  0.19690673  0.18528871
  0.16115195  0.14726789  0.14830071  0.14531869  0.1290018   0.11511894
  0.09380028  0.08386008  0.07073031  0.05969816  0.04422892  0.02587615
  0.03367628  0.01781435  0.00444984 -0.00399794 -0.01639939 -0.03155015
 -0.03032338 -0.04559767 -0.0557724  -0.06035682 -0.06775466 -0.07587154
 -0.08197403 -0.08739955 -0.09123743 -0.09334506 -0.09549832 -0.10480663
 -0.10827065 -0.11147717 -0.11174768 -0.12135486 -0.12375621 -0.12968352
 -0.13519154 -0.13114107 -0.13095848 -0.13380441 -0.13793743 -0.13709188
 -0.13517101 -0.12698676 -0.12267842 -0.10848467 -0.10017256 -0.0880954
 -0.08238295 -0.07110517 -0.05424177 -0.0312808  -0.00968151  0.00273965
  0.02300541  0.03700123  0.04755047  0.05527839  0.06241724  0.07842457
  0.08980791  0.0960767   0.10882625  0.12569425  0.12746735  0.13103527
  0.12671183  0.13330865  0.13360071  0.14159906  0.15095335  0.1649496
  0.17811884  0.18704632  0.19308053  0.20299996  0.21158874  0.2219612
  0.23458567  0.2356728   0.25674418  0.25850129  0.26911929  0.28453192
  0.29477492  0.304059    0.30856329  0.32033694  0.3292962   0.33277884]
[-4.98906374e-01 -5.01286209e-01 -4.86097068e-01 -4.85777289e-01
 -4.66587991e-01 -4.56924260e-01 -4.51194227e-01 -4.37150508e-01
 -4.25140172e-01 -4.11966473e-01 -4.05257136e-01 -3.81445527e-01
 -3.75169963e-01 -3.58182698e-01 -3.47684264e-01 -3.36495310e-01
 -3.23560327e-01 -3.25942129e-01 -3.21086287e-01 -3.23192924e-01
 -3.28746945e-01 -3.14650506e-01 -3.17022979e-01 -3.16961020e-01
 -3.25437158e-01 -3.11697602e-01 -3.20771098e-01 -3.21755558e-01
 -3.12850714e-01 -3.29477996e-01 -3.34853470e-01 -3.39192092e-01
 -3.22071582e-01 -3.34910810e-01 -3.27171952e-01 -3.31338584e-01
 -3.29229474e-01 -3.16460133e-01 -3.17718863e-01 -3.13329786e-01
 -3.09985369e-01 -3.07161659e-01 -2.96551555e-01 -2.97843546e-01
 -2.86016494e-01 -2.70762801e-01 -2.50885546e-01 -2.54113764e-01
 -2.63761878e-01 -2.45090201e-01 -2.47196704e-01 -2.46448681e-01
 -2.32255295e-01 -2.34427720e-01 -2.27169976e-01 -2.27018148e-01
 -2.25578919e-01 -2.24151969e-01 -2.20957235e-01 -2.13783562e-01
 -2.18562946e-01 -1.97513714e-01 -1.98663041e-01 -1.97267622e-01
 -1.80042326e-01 -1.63341254e-01 -1.63119778e-01 -1.60161704e-01
 -1.50113866e-01 -1.43668354e-01 -1.33406833e-01 -1.22637689e-01
 -1.11963071e-01 -1.17037617e-01 -1.07154645e-01 -9.10016224e-02
 -8.10378939e-02 -7.46155158e-02 -6.71766996e-02 -5.87558039e-02
 -4.38525751e-02 -3.46777886e-02 -2.69692391e-02 -6.71832077e-03
 -8.69030599e-03 -1.46025690e-04  4.78761690e-03  2.13659126e-02
  2.88455877e-02  2.41056047e-02  3.81890051e-02  4.01024595e-02
  5.19149452e-02  6.39832392e-02  6.06776699e-02  7.19651133e-02
  7.19240904e-02  6.98047951e-02  7.38265663e-02  9.09614563e-02
  1.02107599e-01  1.28410354e-01  1.24214739e-01  1.43682644e-01
  1.52685791e-01  1.44069210e-01  1.49924114e-01  1.58004820e-01
  1.54775187e-01  1.60073340e-01  1.53565079e-01  1.61604881e-01
  1.78924724e-01  1.97378948e-01  1.98611453e-01  2.17198476e-01
  2.35180944e-01  2.51722217e-01  2.89663821e-01  3.04046631e-01
  3.21184546e-01  3.32619607e-01  3.47012728e-01  3.46989036e-01
  3.26324254e-01  3.25543016e-01  3.30185413e-01  3.39150548e-01
  3.40589225e-01  3.54010880e-01  3.48281890e-01  3.61510605e-01
  3.68240267e-01  3.87924850e-01  3.93159032e-01  3.92378896e-01
  4.13245022e-01  4.22224104e-01  4.36535418e-01  4.50393409e-01
  4.60361987e-01  4.66197342e-01  4.75222915e-01  4.77708012e-01
  4.85213101e-01  4.87993002e-01  4.83743548e-01  4.93086159e-01
  4.79203343e-01  4.89183605e-01  4.86216992e-01  4.77019638e-01]
[-1.26665759 -1.26972067 -1.31221318 -1.36791801 -1.43291211 -1.50345874
 -1.57255149 -1.61325133 -1.63203204 -1.66268599 -1.70071614 -1.682881
 -1.64670348 -1.63580489 -1.62967062 -1.60535204 -1.59783041 -1.60371137
 -1.6236546  -1.64244449 -1.6743474  -1.70830297 -1.73166394 -1.73460698
 -1.69848132 -1.66254938 -1.64789724 -1.6424278  -1.63728356 -1.62999582
 -1.62426269 -1.6138289  -1.59966457 -1.58639932 -1.56603909 -1.54695582
 -1.54441428 -1.53908038 -1.52918947 -1.51411915 -1.50764132 -1.49234581
 -1.48683119 -1.47503507 -1.4615922  -1.44776046 -1.43401718 -1.41886318
 -1.39872622 -1.38437128 -1.36048639 -1.33901715 -1.31782913 -1.28489351
 -1.26178002 -1.23463404 -1.19772303 -1.16556358 -1.13553226 -1.09554553
 -1.05169916 -1.0156498  -0.9790439  -0.93518364 -0.89284134 -0.8470602
 -0.79726171 -0.75219887 -0.70198464 -0.65342718 -0.6068337  -0.5570516
 -0.50379825 -0.45318878 -0.41034234 -0.36367407 -0.31318718 -0.25873551
 -0.22155133 -0.17272879 -0.12560377 -0.08052048 -0.03780142  0.00604402
  0.04093255  0.08914053  0.12354431  0.16291198  0.19222468  0.22623071
  0.25387615  0.29270011  0.31253815  0.34711462  0.37184095  0.3983022
  0.42052743  0.44386026  0.47163537  0.48869616  0.50915378  0.52375352
  0.54187453  0.55618447  0.57212931  0.58567739  0.59503663  0.609496
  0.61958587  0.63095206  0.63399345  0.64242369  0.65123206  0.65841043
  0.66367722  0.66842073  0.66692674  0.67605716  0.68053269  0.68214232
  0.68606496  0.69424528  0.69565713  0.69828337  0.69861555  0.70082265
  0.70580405  0.7093268   0.70884913  0.71129727  0.71236414  0.71536767
  0.71913821  0.71834731  0.72418809  0.72308946  0.72705406  0.72583395
  0.726758    0.73023599  0.72802156  0.73093897  0.73199052  0.72956127
  0.73365504  0.72788119  0.72900158  0.73716527  0.74012876  0.73971987
  0.73767191  0.74270827  0.7375707   0.73744798  0.74056911  0.73514819
  0.74369037  0.74471539  0.7461139   0.7532357   0.75709885  0.75251102
  0.76004702  0.75662732  0.75545359  0.75502181  0.76355392  0.76507461
  0.76420635  0.76267666  0.76889151  0.76010567  0.75999051  0.76185036
  0.75530839  0.75710857  0.75184315  0.75212806  0.74232024  0.7425853
  0.73865885  0.73242879  0.73011029  0.72915637  0.72585976  0.72228789
  0.72651726  0.72465807]
[-0.80075955 -0.74047709 -0.66405421 -0.55229229 -0.4731847  -0.38933587
 -0.31291834 -0.23596272 -0.15397638 -0.06844133  0.01841417  0.10934129
  0.19069637  0.28742909  0.36438471  0.44158679  0.51808703  0.5976665
  0.65964407  0.72720551  0.77655482  0.8266176   0.86507517  0.90428567
  0.94166803  0.97138542  0.99753439  1.03193235  1.04885936  1.06001091
  1.07898986  1.0881542   1.09802198  1.11028552  1.10191286  1.11257756
  1.11028683  1.11866069  1.11194706  1.11850548  1.10812116  1.10126877
  1.10303497  1.09541392  1.08590078  1.0764178   1.06931102  1.05950105
  1.05414617  1.05778706  1.04378223  1.03636956  1.02899158  1.01482522
  1.00349736  1.0002048   0.98270845  0.9821226   0.97387904  0.96419525
  0.9559589   0.95610517  0.93961507  0.92780739  0.91258299  0.9044621
  0.91438407  0.89085233  0.88833398  0.88918191  0.88495171  0.88069618
  0.86852866  0.85759127  0.84196424  0.84304994  0.83412302  0.83074987
  0.82245767  0.80199629  0.80066663  0.80729926  0.79701215  0.79545254
  0.78406101  0.77203685  0.7819109   0.77797979  0.77373105  0.77550727
  0.76349699  0.76398051  0.7625457   0.77671564  0.78724033  0.80466551
  0.81824744  0.84310025  0.82892889  0.82461429  0.82835007  0.82622689
  0.81811094  0.82028812  0.83206648  0.85423458  0.8552025   0.86539316
  0.89684159  0.91369158  0.92411888  0.91894507  0.90833086  0.90094805
  0.87926102  0.86246896  0.8444916   0.81112087  0.79073471  0.76209927
  0.74414778  0.71126461  0.69879389  0.69469827  0.69283015  0.69565558
  0.69034153  0.69515067  0.69709486  0.69815052  0.70749038  0.72215378
  0.74440098  0.75692528  0.76254451  0.7694903   0.77344126  0.7700752
  0.76805335  0.77487093  0.76803428  0.77125728  0.76763254  0.7663132
  0.76417595  0.76135308  0.76676553  0.76444411  0.77396947  0.76469779
  0.75758946  0.75015175  0.75221413  0.74648714  0.75135976  0.74510831
  0.74990511  0.75061125  0.75334793  0.73806292  0.74046993  0.7405948
  0.74858356  0.75212824  0.73388356  0.73881072  0.72848666  0.72674721
  0.72224176  0.71701771  0.72290152  0.72493786  0.72030568  0.71316773
  0.70924604  0.70987409  0.71699637  0.70761669  0.7061305   0.70602602
  0.69640535  0.70291889  0.69709826  0.69776219  0.69344449  0.69186652
  0.68899173  0.6860469 ]
[ 1.40861666e+00  1.33915257e+00  1.33410847e+00  1.27152419e+00
  1.24600983e+00  1.23430681e+00  1.20287073e+00  1.20947003e+00
  1.17267179e+00  1.13632238e+00  1.12883079e+00  1.08464611e+00
  1.05694389e+00  1.02465463e+00  9.99950349e-01  1.00174749e+00
  9.87690866e-01  9.56658959e-01  9.49703574e-01  9.45573330e-01
  8.80008638e-01  9.53290939e-01  9.14947152e-01  9.14617300e-01
  9.02729273e-01  9.55371618e-01  8.87586892e-01  9.11609948e-01
  9.06237781e-01  9.12053525e-01  9.23342466e-01  9.37119365e-01
  9.32478786e-01  9.07179892e-01  9.17573929e-01  9.13764775e-01
  8.92814577e-01  9.38569665e-01  9.04936075e-01  8.66839588e-01
  9.17442143e-01  9.41984653e-01  8.98363054e-01  9.20706451e-01
  9.37179506e-01  9.57243562e-01  1.01991844e+00  1.12218881e+00
  1.20878804e+00  1.28476346e+00  1.30843425e+00  1.28870428e+00
  1.17289460e+00  9.64856744e-01  8.09766531e-01  6.02568209e-01
  4.97102082e-01  2.90729076e-01  1.97451875e-01  1.59627244e-01
  8.55234489e-02  4.46455255e-02 -1.75649915e-02 -2.32445419e-01
 -5.59382081e-01 -1.07050800e+00 -1.50748491e+00 -1.64446032e+00
 -1.72766209e+00 -1.84224391e+00 -1.99517691e+00 -2.10207152e+00
 -2.19652724e+00 -2.27149558e+00 -2.29695654e+00 -2.37746406e+00
 -2.39208722e+00 -2.36962152e+00 -2.40096116e+00 -2.33758879e+00
 -2.35938406e+00 -2.38660717e+00 -2.36180735e+00 -2.37122083e+00
 -2.38158894e+00 -2.33486581e+00 -2.35136747e+00 -2.34010029e+00
 -2.34220910e+00 -2.32176638e+00 -2.25933170e+00 -2.23428726e+00
 -2.17769742e+00 -2.15364981e+00 -2.19546914e+00 -2.20207310e+00
 -2.24159312e+00 -2.23834109e+00 -2.25849342e+00 -2.27444434e+00
 -2.22420764e+00 -2.22002435e+00 -2.20434356e+00 -2.20095754e+00
 -2.14007092e+00 -2.09601998e+00 -2.10714340e+00 -2.06653357e+00
 -2.15416455e+00 -2.16359496e+00 -2.16043234e+00 -2.15812325e+00
 -2.12235928e+00 -2.05682731e+00 -1.94243789e+00 -1.89713717e+00
 -1.78044724e+00 -1.70154917e+00 -1.58253765e+00 -1.52422214e+00
 -1.42301810e+00 -1.36259830e+00 -1.31826854e+00 -1.29562008e+00
 -1.32463360e+00 -1.31191587e+00 -1.30517113e+00 -1.24983001e+00
 -1.23808002e+00 -1.20713770e+00 -1.17191970e+00 -1.12232494e+00
 -1.08543181e+00 -1.02361047e+00 -9.73256290e-01 -9.17871773e-01
 -8.76140356e-01 -8.59363973e-01 -7.97286034e-01 -7.67245114e-01
 -7.16851413e-01 -6.96142733e-01 -6.57230496e-01 -5.98937809e-01
 -5.87232769e-01 -5.33881068e-01 -4.68899965e-01 -4.62404490e-01
 -4.43915308e-01 -3.63438129e-01 -3.47177923e-01 -2.83143520e-01
 -2.68869877e-01 -2.43102178e-01 -2.21345410e-01 -1.87033236e-01
 -1.67085916e-01 -1.38199776e-01 -1.14775419e-01 -7.90916756e-02
 -1.98359918e-02  3.70758884e-02  1.86170475e-03  3.33000310e-02
  8.35855529e-02  6.63031414e-02  1.12269908e-01  1.35187730e-01
  1.07557319e-01  1.79913178e-01  1.57802522e-01  1.91428259e-01
  2.31347114e-01  2.53722697e-01  2.54367024e-01  2.82234818e-01
  3.18779945e-01  3.31288218e-01  3.40664417e-01  3.41962636e-01
  3.72599393e-01  3.32311213e-01  3.64423335e-01  3.77132922e-01
  3.62592191e-01  3.81320894e-01  3.77222925e-01  4.04662520e-01]
[-1.78986216 -1.78047097 -1.77286339 -1.75732124 -1.74414361 -1.75061727
 -1.76314437 -1.7526058  -1.74583471 -1.73951375 -1.74060643 -1.70012975
 -1.65256596 -1.62837243 -1.61579919 -1.58948267 -1.56963336 -1.56287825
 -1.56339324 -1.57140207 -1.57473123 -1.58044243 -1.57317901 -1.54995203
 -1.49893141 -1.43829405 -1.39234114 -1.35026991 -1.30752718 -1.26552796
 -1.22364128 -1.16807067 -1.12018669 -1.06537902 -0.99429739 -0.93718845
 -0.86680394 -0.807401   -0.73787129 -0.66291517 -0.58955127 -0.51617146
 -0.44756329 -0.37575635 -0.30533612 -0.23270112 -0.17107604 -0.09476987
 -0.02948155  0.03576259  0.10026643  0.16924106  0.21925247  0.27364209
  0.32905683  0.3749958   0.41498753  0.4500373   0.48833349  0.51903051
  0.54752302  0.5753088   0.60185039  0.61612213  0.63369602  0.65397054
  0.66171157  0.67417663  0.68309247  0.69087386  0.69275475  0.70448512
  0.70548773  0.71110666  0.71428025  0.71528369  0.72240514  0.72339994
  0.72212952  0.72693872  0.71888     0.72566092  0.72238278  0.7210871
  0.72527808  0.72774172  0.72829044  0.72749275  0.72629684  0.72468823
  0.72519523  0.72966373  0.72482616  0.7222569   0.72759384  0.72223628
  0.72142774  0.71946454  0.7211386   0.72288376  0.7200281   0.72246975
  0.72332364  0.71857172  0.72515988  0.72171175  0.72770458  0.72227645
  0.72029364  0.72310841  0.71684426  0.72010499  0.72044057  0.70859367
  0.71154565  0.70489782  0.70260328  0.7078402   0.7108615   0.71316123
  0.7210356   0.73367077  0.74020994  0.74335706  0.73668194  0.73761511
  0.74204266  0.75075924  0.75070536  0.75679976  0.76082981  0.76488984
  0.77020949  0.76305783  0.7632615   0.7568602   0.75525129  0.7561301
  0.75584036  0.75804579  0.75702339  0.76388234  0.76505548  0.76112902
  0.76977915  0.75775689  0.75239694  0.74204683  0.73217583  0.72114938
  0.70934039  0.69902003  0.69156086  0.68389475  0.68369031  0.68560857
  0.68715453  0.68697387  0.6871565   0.68474984  0.68297362  0.6763733
  0.67490852  0.68079925  0.68141878  0.67857724  0.68686694  0.69022661
  0.6926325   0.69874424  0.69668967  0.70127118  0.70887959  0.71485275
  0.70874417  0.71453369  0.71339059  0.71802801  0.71388304  0.71115786
  0.71551543  0.71689516  0.71591413  0.71805966  0.71428418  0.71179527
  0.71177697  0.7105251 ]
[ 1.20230544  1.18688595  1.19857109  1.17619956  1.16740334  1.18257499
  1.17591655  1.18666124  1.18192422  1.18584883  1.18760586  1.1738143
  1.1651746   1.17103851  1.15617085  1.17144215  1.18112075  1.17402565
  1.16337788  1.17446864  1.14658082  1.18560314  1.17492247  1.17522264
  1.17401612  1.19901526  1.21219206  1.28080952  1.35538864  1.4121238
  1.47286558  1.49472153  1.42808521  1.33428597  1.23210716  1.11654258
  0.97632354  0.86728501  0.75452667  0.68602842  0.68854159  0.67129838
  0.62418854  0.56863362  0.3478874  -0.17593487 -0.82547802 -1.25500941
 -1.48722506 -1.65847135 -1.7811718  -1.81387699 -1.86206818 -1.92641139
 -1.95719123 -1.97075272 -1.94223142 -1.94957566 -1.93288755 -1.93820894
 -1.93418634 -1.91275311 -1.9195832  -1.92176151 -1.89214528 -1.8710438
 -1.83926761 -1.82232475 -1.807073   -1.79327059 -1.79567981 -1.77029824
 -1.76365483 -1.7673403  -1.7390666  -1.74200916 -1.72230303 -1.6987226
 -1.70097339 -1.65725911 -1.63419247 -1.63741827 -1.62933087 -1.61715472
 -1.61209428 -1.57987607 -1.5638473  -1.54926503 -1.53945744 -1.51773751
 -1.48149407 -1.45484996 -1.41267288 -1.39240229 -1.39631319 -1.37969327
 -1.38065052 -1.36259019 -1.37389803 -1.36603272 -1.35561347 -1.34525526
 -1.32376981 -1.32320678 -1.2868861  -1.24882376 -1.23245263 -1.18522179
 -1.17795146 -1.13247645 -1.09292638 -1.07481253 -1.0445286  -1.00898051
 -0.94627315 -0.91364717 -0.84423029 -0.81346798 -0.75307512 -0.72243482
 -0.65030998 -0.61759335 -0.56423199 -0.52405518 -0.48818842 -0.46191204
 -0.43193209 -0.39996204 -0.3693547  -0.33148235 -0.30595434 -0.26055121
 -0.24123235 -0.19178052 -0.15776494 -0.12785597 -0.10234787 -0.07921921
 -0.03987243 -0.00988624  0.0059494   0.03348257  0.05711559  0.09894664
  0.09372078  0.11845843  0.15041019  0.16856208  0.1687517   0.21727931
  0.23179628  0.26133418  0.26043698  0.2803911   0.30753177  0.31421262
  0.31716335  0.34078702  0.34522966  0.36391154  0.39456591  0.41931131
  0.4086777   0.43210769  0.44781092  0.44427347  0.46056172  0.48343527
  0.46180624  0.49050081  0.46925506  0.4921757   0.51555157  0.52214992
  0.51231778  0.52498978  0.53472114  0.54581976  0.55116922  0.55146891
  0.54972118  0.52810913  0.52547115  0.5199554   0.51988745  0.52736557
  0.53118616  0.56378263]
[ 0.92238963  0.90227568  0.87796938  0.86519593  0.84545171  0.83525127
  0.82688898  0.81623161  0.81469059  0.78063548  0.773224    0.75726205
  0.74015027  0.71361214  0.69662702  0.70214349  0.67788303  0.66988879
  0.66235739  0.64541721  0.64923209  0.650253    0.65003723  0.66470397
  0.65225184  0.66537803  0.64608061  0.66216004  0.65095037  0.66184878
  0.6705175   0.67913669  0.67292047  0.68414158  0.68843025  0.68791407
  0.68033057  0.70158976  0.69385827  0.68445551  0.69422686  0.70644212
  0.68732566  0.68863451  0.7194007   0.69968581  0.70153254  0.6850968
  0.66460329  0.64853287  0.6271053   0.62317675  0.59618807  0.5674727
  0.57255602  0.58150816  0.61533719  0.59193867  0.57525539  0.58636087
  0.56208426  0.53520173  0.52867645  0.5111841   0.55203736  0.59070516
  0.62148434  0.69902837  0.7402457   0.79079473  0.85613704  0.8894574
  0.84787691  0.7526437   0.58375138  0.37709904  0.2302514   0.13099727
  0.04131856 -0.03303124 -0.10568864 -0.19563144 -0.25508526 -0.3125605
 -0.3850396  -0.43763059 -0.48775288 -0.5053221  -0.54937488 -0.7037273
 -0.94733375 -1.13370669 -1.20323169 -1.26059985 -1.34384143 -1.3940537
 -1.43852532 -1.49948418 -1.59054685 -1.65042651 -1.69131076 -1.71624911
 -1.73490882 -1.73362935 -1.72878957 -1.72892284 -1.73580706 -1.74753094
 -1.79911149 -1.82683361 -1.87089312 -1.91494858 -1.91827059 -1.89792943
 -1.87595093 -1.85062671 -1.82839799 -1.79913354 -1.76867127 -1.7189759
 -1.67830074 -1.64853895 -1.61561763 -1.59782112 -1.61533344 -1.61184525
 -1.59198368 -1.58756053 -1.56192422 -1.54665542 -1.52937531 -1.50342679
 -1.4871769  -1.47760463 -1.44478035 -1.42645907 -1.40142739 -1.36989808
 -1.33577061 -1.31902337 -1.28160536 -1.25901103 -1.21768057 -1.19821179
 -1.15902781 -1.11856365 -1.09579039 -1.07257044 -1.05191505 -1.00387335
 -0.97462308 -0.93241602 -0.89387357 -0.86706299 -0.84630167 -0.80317247
 -0.77294296 -0.74186897 -0.7203694  -0.67048502 -0.62823117 -0.58340019
 -0.5833385  -0.55340642 -0.50080055 -0.49063253 -0.43713275 -0.40826449
 -0.40113458 -0.35507759 -0.34204921 -0.305062   -0.26074463 -0.23151423
 -0.20849928 -0.18335436 -0.14973871 -0.11734431 -0.09201705 -0.07052419
 -0.04884649 -0.01124542  0.00622139  0.02464721  0.03842811  0.075912
  0.08810107  0.1196529 ]
[ 0.80653304  0.82058656  0.84548122  0.88651133  0.92790622  0.981664
  1.03950274  1.05582333  1.03182566  0.97813076  0.92443627  0.83738792
  0.74370676  0.61339074  0.46963486  0.32827073  0.20348893  0.13287677
  0.09389796  0.01228581 -0.07779542 -0.19321467 -0.2490194  -0.24743722
 -0.19746751 -0.24873649 -0.64713043 -1.10860944 -1.3653754  -1.54842627
 -1.71816051 -1.81349325 -1.86622787 -1.92030811 -1.94494414 -1.9474858
 -1.94926918 -1.93894804 -1.93944442 -1.91575491 -1.91615987 -1.90087819
 -1.89847016 -1.88864064 -1.87447512 -1.871243   -1.85743928 -1.84695315
 -1.83564818 -1.81851602 -1.81585467 -1.81011152 -1.807199   -1.77325702
 -1.76443994 -1.75559616 -1.74923766 -1.72844112 -1.7237637  -1.70018482
 -1.68416452 -1.66713595 -1.65632796 -1.6428926  -1.63139188 -1.6093775
 -1.59636605 -1.57458365 -1.55797148 -1.54416144 -1.51370704 -1.4973613
 -1.47491431 -1.44127107 -1.41970944 -1.38198173 -1.3575263  -1.32932067
 -1.30497909 -1.27573478 -1.2426554  -1.20052564 -1.16978323 -1.13868928
 -1.10499728 -1.07439005 -1.02292919 -0.9903217  -0.94623125 -0.91149151
 -0.86283475 -0.8262403  -0.77876282 -0.73389781 -0.68998873 -0.65285408
 -0.60809517 -0.57081813 -0.53366679 -0.48784009 -0.44394785 -0.40394053
 -0.37032291 -0.33353513 -0.2930373  -0.2639173  -0.2299968  -0.18987517
 -0.16683015 -0.13921286 -0.11463112 -0.08142229 -0.05935506 -0.01875374
 -0.00421893  0.02165217  0.03289373  0.066789    0.08634076  0.11266218
  0.13856103  0.15669537  0.17519499  0.20488776  0.21480292  0.23414622
  0.26527801  0.27118161  0.28497514  0.30615333  0.32369748  0.33385721
  0.36586532  0.37555745  0.37828249  0.39256638  0.40837014  0.42796206
  0.43617734  0.45240316  0.46884322  0.47727126  0.4904266   0.49153495
  0.5104543   0.51846427  0.52841997  0.54193407  0.55086768  0.5552305
  0.55739129  0.5612039   0.57111353  0.57783133  0.5738433   0.58111233
  0.59564149  0.60348624  0.60863703  0.62190235  0.62010711  0.61645621
  0.63530433  0.63559192  0.63454443  0.64404303  0.63525927  0.64202023
  0.653247    0.65361524  0.66119808  0.6721279   0.66672605  0.67330945
  0.67787999  0.67884511  0.67609358  0.66587168  0.65516174  0.64867347
  0.65183151  0.67042494  0.67200696  0.68633533  0.6925385   0.69847441
  0.70703381  0.68534863]
[ 9.70048666e-01  9.59401250e-01  1.01432371e+00  9.81911898e-01
  9.49596822e-01  1.01433980e+00  1.02388823e+00  1.02540326e+00
  1.04275811e+00  1.05939722e+00  1.05121982e+00  1.05409551e+00
  1.09262466e+00  1.10017061e+00  1.15423179e+00  1.16065645e+00
  1.16308486e+00  1.18545151e+00  1.22887480e+00  1.27994537e+00
  1.24979424e+00  1.30571699e+00  1.30812597e+00  1.29544818e+00
  1.28057897e+00  1.26428425e+00  1.25897622e+00  1.21839654e+00
  1.21638870e+00  1.20836222e+00  1.19234920e+00  1.16141939e+00
  1.13974738e+00  1.12418056e+00  1.10210145e+00  1.07281411e+00
  1.03091896e+00  1.00747156e+00  9.65145051e-01  9.38375771e-01
  9.18152988e-01  8.97144854e-01  8.54620278e-01  8.09409738e-01
  7.78562725e-01  7.74385870e-01  7.25469768e-01  7.01503456e-01
  6.69770062e-01  6.14277661e-01  5.79803288e-01  5.32616079e-01
  4.78561550e-01  3.89174312e-01  3.11480075e-01  1.95925891e-01
  1.36924744e-01  4.60426770e-02  3.46604772e-02 -7.05936085e-03
  1.00436516e-03 -2.89348047e-03 -4.31289226e-02 -2.38600850e-01
 -4.44752544e-01 -6.94240868e-01 -8.66159976e-01 -9.68935609e-01
 -9.90893960e-01 -1.00584626e+00 -1.06026602e+00 -1.07169855e+00
 -1.07179856e+00 -1.11130261e+00 -1.09124422e+00 -1.15319705e+00
 -1.18647158e+00 -1.18950820e+00 -1.19641852e+00 -1.23129785e+00
 -1.25021255e+00 -1.27565634e+00 -1.30553770e+00 -1.30692625e+00
 -1.32133627e+00 -1.34408450e+00 -1.38184679e+00 -1.40721619e+00
 -1.40375674e+00 -1.44575238e+00 -1.51986861e+00 -1.52125919e+00
 -1.54187953e+00 -1.54329777e+00 -1.59615505e+00 -1.60579622e+00
 -1.63217032e+00 -1.65783930e+00 -1.69294477e+00 -1.70034349e+00
 -1.73810506e+00 -1.74063241e+00 -1.72470045e+00 -1.73911762e+00
 -1.72163391e+00 -1.71027517e+00 -1.73770225e+00 -1.72686017e+00
 -1.71281230e+00 -1.70674801e+00 -1.68368304e+00 -1.65804565e+00
 -1.63775396e+00 -1.59035480e+00 -1.53313589e+00 -1.53062344e+00
 -1.45813334e+00 -1.42964268e+00 -1.39577389e+00 -1.36783564e+00
 -1.35311854e+00 -1.29932511e+00 -1.25938416e+00 -1.22980547e+00
 -1.20705628e+00 -1.17361295e+00 -1.13553727e+00 -1.02514470e+00
 -9.76699471e-01 -9.20849502e-01 -8.61632526e-01 -8.36971760e-01
 -8.23840559e-01 -8.05287242e-01 -7.72254109e-01 -7.45991945e-01
 -7.38280356e-01 -6.84891284e-01 -6.69073701e-01 -6.22272849e-01
 -5.96116543e-01 -5.21338403e-01 -4.67199624e-01 -4.41023648e-01
 -4.08450931e-01 -4.09912050e-01 -3.86805087e-01 -3.72516185e-01
 -3.88046294e-01 -3.79241288e-01 -3.49963129e-01 -2.80439883e-01
 -2.71438479e-01 -2.30021685e-01 -1.82716370e-01 -1.37747973e-01
 -1.20185092e-01 -6.38995320e-02 -6.15249947e-02  6.83586905e-03
  3.11711039e-02  3.64262648e-02  3.65595743e-02  6.43929541e-02
  6.35900572e-02  6.79685026e-02  9.82887521e-02  1.17659822e-01
  9.90087837e-02  1.30322978e-01  1.69172004e-01  1.81323960e-01
  2.10545391e-01  2.13234648e-01  2.13652551e-01  2.79043108e-01
  2.64717042e-01  2.66078174e-01  2.71178275e-01  3.05410892e-01
  3.17495078e-01  3.04845959e-01  3.00387233e-01  3.07968467e-01
  3.10517371e-01  3.01539481e-01  3.35713774e-01  3.49994093e-01
  3.70092720e-01  3.95733654e-01  4.43653077e-01  4.43232745e-01
  4.77150589e-01  4.86340284e-01  4.77328509e-01  4.05882061e-01
  3.86669070e-01  3.69219303e-01  3.51591319e-01  3.35037977e-01
  3.55346233e-01  4.20254320e-01  4.17554945e-01  4.50479299e-01
  5.12701154e-01  5.33458710e-01  6.35194838e-01  6.48518622e-01
  7.02143669e-01  7.18235910e-01  7.22120404e-01  6.83673203e-01
  6.56803548e-01  6.78556085e-01  6.63870573e-01  6.55638993e-01
  6.37832880e-01  6.36461735e-01  6.30794287e-01  6.07375622e-01
  5.98467290e-01  6.01079345e-01  5.98750830e-01  6.12005830e-01
  6.32139206e-01]
[-2.19494677 -2.19254136 -2.17937565 -2.13707829 -2.06391382 -1.96853435
 -1.87938917 -1.83187962 -1.81003964 -1.78691936 -1.79465878 -1.82128704
 -1.83915699 -1.84292507 -1.81692755 -1.77532959 -1.74201512 -1.69094813
 -1.69009101 -1.67325413 -1.65233505 -1.65163326 -1.65561569 -1.65286756
 -1.64256954 -1.6151104  -1.58874261 -1.5465126  -1.50766516 -1.4858067
 -1.47187221 -1.47210157 -1.46377099 -1.44666469 -1.42711246 -1.42024922
 -1.37255847 -1.32848978 -1.29039931 -1.25518095 -1.1976459  -1.15252781
 -1.12466359 -1.09738243 -1.05890954 -1.01284266 -0.96588814 -0.91072965
 -0.82153469 -0.73039943 -0.66249317 -0.59670299 -0.51978785 -0.45144334
 -0.38977012 -0.34133792 -0.2971577  -0.25730392 -0.21070231 -0.15056485
 -0.09133588 -0.01650161  0.0625236   0.1235818   0.18263537  0.22982077
  0.27191716  0.31560451  0.35155001  0.38874218  0.42507157  0.46055242
  0.49515346  0.52066398  0.54533643  0.57309282  0.59671044  0.61432171
  0.63392651  0.64634532  0.66627544  0.68527669  0.70052373  0.71430558
  0.73161715  0.74551177  0.7628153   0.77518767  0.78823501  0.79399425
  0.8057875   0.81532151  0.82575464  0.83898801  0.8404333   0.84562206
  0.85281038  0.85859376  0.85988694  0.87049288  0.86881816  0.8734017
  0.87820077  0.8770349   0.87880886  0.87737298  0.87627     0.86900055
  0.87525541  0.8711884   0.8618319   0.86420125  0.86805934  0.86446893
  0.86271298  0.85747766  0.84973603  0.85191554  0.85741979  0.85111886
  0.85177124  0.85741591  0.85058719  0.85049647  0.84600174  0.83548576
  0.83593875  0.82919747  0.82903272  0.83178824  0.82527715  0.82215488
  0.81860328  0.81263006  0.81312197  0.80721664  0.80575299  0.80274618
  0.80281675  0.80860603  0.80787611  0.81581777  0.81604552  0.81815445
  0.81735575  0.81518412  0.8105942   0.80572176  0.80188125  0.80120802
  0.80866057  0.81891233  0.83277804  0.84354615  0.85168195  0.86055338
  0.86281019  0.86126095  0.85334146  0.84417361  0.81826478  0.78516686
  0.74449611  0.71108049  0.68607414  0.66463864  0.654805    0.65092617
  0.64825422  0.6474061   0.64887869  0.64714932  0.65649039  0.65801221
  0.66897154  0.6770485   0.68350703  0.68649268  0.68844748  0.69283807
  0.69104016  0.70320868  0.70401877  0.70899534  0.70455855  0.71856374
  0.7158317   0.71376103  0.71442264  0.71373022  0.71319133  0.71448481
  0.71365947  0.71604806  0.71995282  0.71731567  0.71725744  0.71551353
  0.70878911  0.70391828  0.70339733  0.70252526  0.70294005  0.70414853
  0.70904642  0.70929682  0.70861059  0.70771635  0.70706999  0.71229899
  0.71438456  0.71579558  0.71492022  0.71048141  0.71319491  0.70127726
  0.70501208  0.70306367  0.7095741   0.71194047  0.71526951  0.71610355
  0.70944405  0.71247464  0.71052653]
