[-0.74938887 -0.70445544 -0.67032021 -0.62701273 -0.58162361 -0.54283118
 -0.49646196 -0.45139298 -0.39772165 -0.35130101 -0.31715831 -0.26139134
 -0.21697253 -0.17805864 -0.13562748 -0.09572694 -0.05279453 -0.02419499
  0.01064539  0.04943704  0.07657954  0.10895529  0.14494397  0.17469826
  0.2077045   0.22540678  0.26178578  0.2685383   0.28637654  0.30710194
  0.33692068  0.35100338  0.36113071  0.38032082  0.3955141   0.4118416
  0.41828662  0.43108058  0.42952466  0.44680497]
[-1.46901    -1.50335312 -1.53463805 -1.55542064 -1.58637488 -1.59608281
 -1.60804856 -1.62179744 -1.63280678 -1.63816381 -1.63189042 -1.63207173
 -1.62674975 -1.62390852 -1.61294031 -1.6093812  -1.60400391 -1.59560919
 -1.59319854 -1.57787549 -1.57149673 -1.56424952 -1.56120539 -1.54811239
 -1.53835452 -1.53262055 -1.51579106 -1.51040292 -1.49044919 -1.47430813
 -1.47021818 -1.4511143  -1.43756187 -1.41706979 -1.40173769 -1.37973273
 -1.35229015 -1.3293891  -1.30441177 -1.2749896 ]
[ 1.10689151  1.13838482  1.05492091  0.95292193  0.87108326  0.64568597
  0.63332003  0.44409817  0.27829954  0.25785166  0.26904094  0.24092928
  0.06714365 -0.11415794 -0.15511774 -0.0728613  -0.12702951 -0.23311342
 -0.30937293 -0.45209548 -0.37279722 -0.14708742 -0.31924832 -1.58920586
 -1.93901396 -2.07016897 -2.19699454 -2.25657773 -2.31245422 -2.22576451
 -2.26057386 -2.2148881  -2.17104173 -2.09104228 -2.10073018 -2.02953839
 -1.95635104 -2.05009937 -2.01366735 -2.00362325]
[0.57057893 0.57793081 0.58541286 0.59195381 0.59812051 0.60436887
 0.60831505 0.61329544 0.61759102 0.62013376 0.62287003 0.62706083
 0.62882131 0.6315617  0.63390273 0.63580292 0.6370703  0.63944298
 0.64146662 0.64364851 0.64625716 0.64993709 0.65776533 0.66638482
 0.67390245 0.68134445 0.68425339 0.68200338 0.67646515 0.6697582
 0.66353911 0.65862685 0.65082604 0.64081818 0.63089341 0.62261349
 0.61379045 0.60441583 0.59346324 0.58552796]
[-1.4815979  -1.4652034  -1.45069706 -1.43328774 -1.41477871 -1.39294589
 -1.37489915 -1.35102212 -1.33295357 -1.3038367  -1.27566278 -1.24710822
 -1.21758342 -1.18990052 -1.15554714 -1.11811149 -1.0789001  -1.03807068
 -0.98851693 -0.9453311  -0.89457798 -0.84550166 -0.79432815 -0.74273932
 -0.6827417  -0.6277104  -0.57068974 -0.51501918 -0.46027932 -0.40836075
 -0.35259712 -0.29981428 -0.24896318 -0.1973305  -0.1498446  -0.10516618
 -0.05951853 -0.01800724  0.01586823  0.05352627]
[-0.12577246 -0.13858353 -0.1450149  -0.15194778 -0.13756807 -0.14806964
 -0.1502897  -0.14459811 -0.16296396 -0.17394999 -0.17003003 -0.17250296
 -0.18649504 -0.18436444 -0.20423205 -0.18581872 -0.19676021 -0.17185949
 -0.17297615 -0.14647941 -0.14102083 -0.10807844 -0.12084429 -0.11707363
 -0.10648734 -0.08113389 -0.07753751 -0.06354766 -0.04968828 -0.03229121
 -0.02361958 -0.01857313  0.00410846 -0.00787085  0.00217308  0.00064574
  0.04512086  0.04845687  0.0379987   0.03683301  0.05740391  0.05961624
  0.07953455  0.0746592   0.09303497  0.08565672  0.10834812  0.09836959
  0.1049815 ]
[0.58058447 0.58819276 0.59414178 0.59941429 0.60514921 0.61023158
 0.61480522 0.61970031 0.62376332 0.62672466 0.62980437 0.63253158
 0.63411146 0.63690579 0.6395095  0.64040059 0.64233065 0.64214045
 0.64565986 0.64401668 0.64432657 0.64544278 0.64775592 0.648601
 0.64944643 0.65170485 0.65325171 0.65523928 0.65702128 0.65764856
 0.65841436 0.65920091 0.6594702  0.66026139 0.66015482 0.66225171
 0.66307181 0.66651505 0.67322171 0.68144089 0.68972176 0.69620544
 0.69720596 0.69122589 0.68464804 0.67996567 0.67352921 0.66275942
 0.6526202  0.64375466 0.63505393]
[-1.6352694  -1.6243813  -1.61894226 -1.61163473 -1.60210252 -1.58439147
 -1.57343614 -1.55938041 -1.55222142 -1.5408144  -1.519086   -1.50822961
 -1.49191105 -1.47606874 -1.46501505 -1.44394982 -1.43267715 -1.40682662
 -1.38968718 -1.36727047 -1.34715903 -1.31716657 -1.28927886 -1.26414943
 -1.2358191  -1.20330846 -1.17109501 -1.13683629 -1.09230494 -1.05394459
 -1.009413   -0.95661318 -0.90749013 -0.85191357 -0.79748899 -0.74193668
 -0.68373775 -0.62182069 -0.56647336 -0.50748813 -0.44970337 -0.38815406
 -0.33116096 -0.27899987 -0.22200063 -0.17032653 -0.12030584 -0.07287817
 -0.0241819   0.01612401  0.0530769 ]
[-0.6111306  -0.56738597 -0.525976   -0.47801387 -0.43344426 -0.39485294
 -0.34206712 -0.30109486 -0.25600532 -0.20788556 -0.16032788 -0.12048552
 -0.07650349 -0.03697124  0.00638435  0.03630583  0.06920449  0.10882417
  0.13041481  0.16789468  0.20228714  0.22624406  0.25041524  0.27798206
  0.29632178  0.3138898   0.32753873  0.35301986  0.36834279  0.38226077
  0.39588857  0.41280815  0.42243353  0.43640202  0.44429839  0.44949514
  0.46392319  0.46943307  0.48428512  0.49406967  0.49576595  0.50440979
  0.51173216  0.52012765  0.51969057  0.53154439  0.5359351   0.5425688
  0.54840922  0.5558393   0.55406809]
[-1.37959492e+00 -1.35772443e+00 -1.33521342e+00 -1.30991662e+00
 -1.28470039e+00 -1.25867724e+00 -1.23105335e+00 -1.19949508e+00
 -1.16471243e+00 -1.13066840e+00 -1.09154689e+00 -1.05665231e+00
 -1.01513278e+00 -9.72980917e-01 -9.25658286e-01 -8.76326323e-01
 -8.30140471e-01 -7.78497577e-01 -7.23207414e-01 -6.75404072e-01
 -6.17960513e-01 -5.61021566e-01 -5.03724754e-01 -4.48244989e-01
 -3.89115632e-01 -3.34306061e-01 -2.80826420e-01 -2.28462473e-01
 -1.77215710e-01 -1.27954438e-01 -8.52689669e-02 -3.79873663e-02
 -1.08476344e-03  4.17535715e-02  8.01022425e-02  1.15755826e-01
  1.47948667e-01  1.80330798e-01  2.09579974e-01  2.33723521e-01
  2.58764237e-01  2.78109968e-01  3.01351398e-01  3.19816947e-01
  3.35958600e-01  3.55149388e-01  3.65815580e-01  3.84360939e-01
  3.98334295e-01  4.08138931e-01  4.25545931e-01]
[ 1.0181632   1.02193248  0.93164557  1.03880465  1.03783381  1.0823524
  0.97954339  1.02638197  1.05056441  0.97832179  1.10398996  1.11001968
  0.96446401  0.96552479  0.96688843  1.00316381  1.01268959  0.93084908
  1.02361202  1.01720214  1.07237196  1.03595006  1.01017737  0.96038371
  1.04302835  1.020576    1.01666975  1.01013458  1.05196881  1.09958076
  1.0257777   1.02115119  1.01552474  1.25065958  1.08025646  0.54850912
  0.26103288  0.26326072  0.33931249  0.5195415  -0.05611532 -2.08453393
 -3.28983068 -3.93823719 -4.38120222 -4.29900503 -3.76099777 -3.08122802
 -2.51517272 -1.98402154 -1.75461853]
[ 0.75118065  0.70146024  0.75144702  0.72335142  0.75049567  0.74661845
  0.76096416  0.74789095  0.77458978  0.80079728  0.80328244  0.70021409
  0.71545023  0.73249167  0.80678833  0.78227168  0.83952296  0.91450775
  1.19054234  1.58260143  2.41740298  3.88999557  5.62687635  6.35672951
  6.10968733  5.05869055  2.3563714  -0.31810841 -1.54146385 -2.21086574
 -2.94556403 -3.51067758 -4.01599836 -4.34483004 -4.08977699 -3.54306197
 -2.94432259 -2.35925841 -2.07047296 -1.89686453 -1.82382488 -1.75809038
 -1.70799148 -1.73960197 -1.65827417 -1.59895349 -1.64863944 -1.61714649
 -1.57793248 -1.66345942 -1.52565742]
[-1.51525593 -1.5723201  -1.61396825 -1.63348508 -1.64760649 -1.64590144
 -1.64015043 -1.63555062 -1.63609433 -1.63404369 -1.63251758 -1.62063742
 -1.61854279 -1.61580861 -1.61348593 -1.61406839 -1.60188401 -1.59984338
 -1.59120476 -1.59236479 -1.5875839  -1.57911599 -1.56636274 -1.5673039
 -1.56186914 -1.55368245 -1.54664898 -1.537534   -1.53153026 -1.52825201
 -1.5095439  -1.50801444 -1.49090898 -1.48486173 -1.47222638 -1.46470356
 -1.44592154 -1.43288672 -1.41624284 -1.40165937 -1.3959136  -1.36531889
 -1.34979343 -1.3247869  -1.30200446 -1.27498472 -1.24757969 -1.21032119
 -1.18035376 -1.14284337 -1.10976112]
[ 0.65206754  0.72177029  0.7676636   0.79751235  1.22345889  1.74008906
  3.00219512  5.28370523  8.12158298  9.28626347  9.0018692   7.39617062
  2.99406838 -0.38592774 -0.96535051 -1.08048129 -1.86695623 -2.64635777
 -3.36482286 -3.83504701 -3.49438071 -2.7020402  -1.78996098 -0.97808582
 -0.55493236 -0.26253179 -0.10407413  0.04098008  0.02006129  0.01702237
  0.10269096  0.0544901   0.05603733  0.05505235  0.1519101   0.05952205
  0.10308605  0.03018142  0.04805158  0.16840303  0.10256765  0.12390996
  0.21903397  0.14212398  0.12515835  0.14083819  0.10438202  0.16764933
  0.10301582  0.15820114  0.11346184]
[-0.17418972  0.98172957  1.25662661  0.82563901  0.11766006 -0.12208397
  0.22005317  0.62781972 -0.11126529 -1.74740565 -2.21557188 -2.3726325
 -2.43364072 -2.4126339  -2.39446592 -2.37819576 -2.39367843 -2.38297534
 -2.38004088 -2.34494638 -2.38574433 -2.34231186 -2.31370902 -2.34143782
 -2.32736421 -2.31210017 -2.29958582 -2.31877112 -2.29526234 -2.26563501
 -2.26814175 -2.2677145  -2.24323916 -2.26048231 -2.27403855 -2.20644474
 -2.21073103 -2.18390965 -2.16382885 -2.15132713 -2.15066624 -2.12855172
 -2.10530829 -2.06066942 -2.02924347 -2.03720856 -1.98441029 -1.94460726
 -1.93126237 -1.92363834 -1.88928068]
[ 0.650455    0.70843297  0.70494038  0.55979663  0.57627851  0.62079018
  0.70610839  0.69185609  0.78312302  0.80028337  1.19265258  1.66005456
  2.78762579  4.97314167  7.70115757  8.9564724   8.68880272  7.16776133
  3.05165219 -0.54271358 -0.94744956 -0.88017303 -1.64960611 -2.33570027
 -2.97213459 -3.41919374 -3.1199522  -2.38334942 -1.58008671 -0.83064473
 -0.45909289 -0.21555485 -0.1056203   0.04197439  0.040807    0.02818622
  0.09402107  0.0740407   0.07140845  0.11232392  0.13869074  0.05616915
  0.12480006  0.06489668  0.05838702  0.16444921  0.11968795  0.15159729
  0.20983569  0.13870519  0.1621145 ]
[0.10590801 0.14881834 0.18393773 0.2088646  0.22772636 0.24154678
 0.250258   0.25970644 0.27064508 0.28159779 0.29068625 0.30195355
 0.3215926  0.32584515 0.33716726 0.35029319 0.37019166 0.37651843
 0.40321258 0.41928607 0.4236863  0.43738425 0.45847273 0.46706232
 0.47624832 0.48530754 0.4912031  0.51226258 0.52213192 0.52969146
 0.53994477 0.56118983 0.56024545 0.57028371 0.5828774  0.59535605
 0.60429448 0.60723591 0.60639054 0.61365277 0.60379601 0.60066658
 0.59677303 0.59459668 0.58536273 0.57801902 0.57073843 0.55011702
 0.54619378 0.5350576  0.5193702  0.50550663 0.50431848 0.48494151
 0.47999537 0.46373945 0.45495418 0.44153988 0.42941919 0.40586123
 0.4129574  0.39698207 0.38947788 0.37895483 0.38219884 0.36929473
 0.36868963 0.36700788 0.35497084 0.35411686 0.34654561 0.34500456
 0.33589527 0.32300264 0.31120658 0.30426601 0.30050918 0.29109496
 0.28674501 0.28882942 0.27824092 0.27600935 0.27808082 0.27514213
 0.26569003 0.26431948 0.26728535 0.24460138 0.24102366 0.23577726
 0.2184893  0.21632977 0.21073589 0.21287197 0.22323821 0.22682482
 0.24309738 0.24475004 0.25017634 0.24800242 0.24576148 0.23180275
 0.2133394 ]
[-1.02945304 -1.0330894  -1.04477715 -1.0592066  -1.07400692 -1.08304894
 -1.09293973 -1.09725821 -1.10582924 -1.11262619 -1.11812282 -1.12543786
 -1.13459206 -1.15231514 -1.16916323 -1.18116581 -1.1884402  -1.20092678
 -1.21483195 -1.22023642 -1.22961199 -1.22933042 -1.23619521 -1.23880541
 -1.24492848 -1.24954951 -1.25447464 -1.24382889 -1.23810375 -1.22936964
 -1.22580016 -1.22115648 -1.22735155 -1.23329914 -1.22947323 -1.22994471
 -1.22054613 -1.2069087  -1.19338346 -1.175349   -1.15413809 -1.12831724
 -1.10596526 -1.07652307 -1.05163133 -1.02461517 -0.98780382 -0.96520168
 -0.93186277 -0.90718186 -0.87789488 -0.84816301 -0.81659025 -0.78982228
 -0.75781798 -0.73534274 -0.700822   -0.67095774 -0.64408767 -0.6098569
 -0.58198786 -0.55633461 -0.5217194  -0.4906373  -0.46284866 -0.4351027
 -0.4119164  -0.37966499 -0.34575301 -0.31283376 -0.28873965 -0.25788054
 -0.22669415 -0.2028642  -0.17523554 -0.15353973 -0.1186113  -0.09751657
 -0.06665237 -0.0501713  -0.02398074 -0.00472365  0.01913682  0.03496799
  0.05739008  0.0773105   0.09150225  0.11853192  0.13986808  0.15054344
  0.17439221  0.19041875  0.20946926  0.22660208  0.24013852  0.26235306
  0.27072424  0.28732076  0.29967961  0.31804121  0.32677433  0.34389788
  0.35360745]
[0.0250826  0.05841753 0.08791879 0.11257552 0.13210779 0.14657652
 0.16305582 0.1749018  0.1886818  0.20572428 0.22295222 0.24059266
 0.26810744 0.27857554 0.29603299 0.31660539 0.33408123 0.35494828
 0.36623198 0.38553634 0.40258738 0.42241472 0.43537575 0.45215997
 0.46055111 0.47788662 0.49090517 0.49552953 0.50854099 0.52295399
 0.52925122 0.54149705 0.55212283 0.55664968 0.56052202 0.56833529
 0.57628787 0.58147442 0.58330047 0.58955514 0.59676003 0.60118955
 0.59971678 0.60590023 0.60791939 0.61073458 0.61683047 0.61378855
 0.61866629 0.61878026 0.6233052  0.62617469 0.62551963 0.6265077
 0.62907374 0.62768131 0.63364714 0.63287413 0.63493919 0.63880318
 0.63684607 0.64152861 0.64550537 0.63924348 0.64243758 0.64582896
 0.64973015 0.64393288 0.6506049  0.65589398 0.66235429 0.66961795
 0.68023634 0.68263686 0.68397367 0.6766243  0.67471319 0.66942793
 0.66506815 0.66058683 0.64980757 0.64427578 0.63337284 0.62555301
 0.6139977  0.60895562 0.6056273  0.59874588 0.58585048 0.57668406
 0.56763345 0.55715716 0.55225718 0.5416283  0.53327507 0.52274805
 0.5182845  0.50588483 0.50085062 0.49884814 0.49927509 0.49881443
 0.49791321 0.48928624]
[-1.34824419e+00 -1.36467135e+00 -1.38048458e+00 -1.39636326e+00
 -1.41121650e+00 -1.42914963e+00 -1.44934762e+00 -1.47241521e+00
 -1.50041890e+00 -1.52890480e+00 -1.54987240e+00 -1.56540251e+00
 -1.57660007e+00 -1.57674825e+00 -1.57323110e+00 -1.56568909e+00
 -1.55634272e+00 -1.54408789e+00 -1.53071487e+00 -1.51732612e+00
 -1.50114739e+00 -1.48522580e+00 -1.46851993e+00 -1.45020163e+00
 -1.43101215e+00 -1.41233408e+00 -1.39040756e+00 -1.36801100e+00
 -1.34514546e+00 -1.32065952e+00 -1.29581738e+00 -1.26813984e+00
 -1.24065208e+00 -1.21265650e+00 -1.18358743e+00 -1.15318716e+00
 -1.12285149e+00 -1.08988535e+00 -1.05809975e+00 -1.02564716e+00
 -9.91248965e-01 -9.57425833e-01 -9.23993647e-01 -8.89961004e-01
 -8.55628550e-01 -8.20707262e-01 -7.86569655e-01 -7.52496243e-01
 -7.19669461e-01 -6.85328126e-01 -6.51842117e-01 -6.18979514e-01
 -5.85206568e-01 -5.51973641e-01 -5.17913222e-01 -4.86311436e-01
 -4.53730315e-01 -4.21905100e-01 -3.90787899e-01 -3.60612839e-01
 -3.29534024e-01 -2.99562514e-01 -2.70380616e-01 -2.42165148e-01
 -2.13104352e-01 -1.83718294e-01 -1.55674294e-01 -1.30987972e-01
 -1.03527062e-01 -7.61487707e-02 -5.02767190e-02 -2.36134268e-02
  1.33921765e-03  2.53698621e-02  4.93510701e-02  7.38767609e-02
  9.75024477e-02  1.20859727e-01  1.43241227e-01  1.65142938e-01
  1.84853926e-01  2.06768692e-01  2.27068648e-01  2.47178659e-01
  2.68507600e-01  2.85338581e-01  3.03170830e-01  3.20442259e-01
  3.37842762e-01  3.54437441e-01  3.70241970e-01  3.86469245e-01
  4.00616288e-01  4.15012568e-01  4.28121179e-01  4.40394461e-01
  4.52924490e-01  4.64476854e-01  4.75694239e-01  4.87504750e-01
  4.97169495e-01  5.09004056e-01  5.17517030e-01  5.26514411e-01]
[ 1.28386176  1.28890717  1.32385218  1.29731107  1.26296723  1.31504822
  1.33124804  1.34123909  1.36190522  1.38250625  1.42450452  1.40078044
  1.3853122   1.35869884  1.33230853  1.34576035  1.30110872  1.2761476
  1.25524151  1.22196841  1.16531813  1.16553032  1.14966273  1.12301946
  1.1130749   1.06119466  1.04983401  1.01442254  0.97735506  0.94496602
  0.917238    0.89689821  0.80989259  0.76964605  0.73116845  0.65024579
  0.5446524   0.44564345  0.4008601   0.30270547  0.22736309  0.16411111
  0.04658094  0.04520565  0.10361637  0.25691363  0.23436084 -0.37760356
 -1.10289311 -1.21181679 -1.19372833 -1.12197638 -1.09234393 -1.15239596
 -1.23898268 -1.36232841 -1.48281443 -1.57705307 -1.59114408 -1.66525126
 -1.65675235 -1.65210629 -1.70984197 -1.72760916 -1.72250843 -1.77466631
 -1.77043152 -1.80435061 -1.80328488 -1.80015659 -1.82599759 -1.83981884
 -1.85678482 -1.87336779 -1.82916546 -1.82832086 -1.84888792 -1.83436024
 -1.80424166 -1.8006022  -1.79064333 -1.76748025 -1.74359417 -1.7282207
 -1.70566452 -1.6760602  -1.67039728 -1.65736711 -1.65914512 -1.63276327
 -1.64854717 -1.61063182 -1.59675908 -1.6228987  -1.59056163 -1.58556163
 -1.578529   -1.55825913 -1.58276236 -1.54640794 -1.57931137 -1.54625201
 -1.54193342 -1.53378868]
[-0.05187896 -0.02221944  0.00614279  0.03495991  0.06540322  0.08757402
  0.11368158  0.14007542  0.16367391  0.1882062   0.21262857  0.23592348
  0.26166195  0.28660083  0.30804864  0.33007091  0.35317022  0.37382132
  0.39370564  0.41028845  0.43238747  0.44592214  0.46607512  0.47913456
  0.49787721  0.50683188  0.5238145   0.53124642  0.53963351  0.55425197
  0.56228483  0.57254696  0.57972521  0.58929437  0.59180844  0.59749478
  0.60507923  0.60599297  0.61093456  0.6160953   0.61741275  0.62397164
  0.62420565  0.62636739  0.62538165  0.63169223  0.63368714  0.63386005
  0.63662434  0.63823003  0.64061838  0.63863009  0.64348423  0.64195347
  0.64499378  0.6434918   0.64691734  0.64831632  0.64727193  0.64680237
  0.64957565  0.64922011  0.65229577  0.65160882  0.65105736  0.65206689
  0.6533463   0.65632826  0.65386593  0.65477008  0.65334934  0.65434057
  0.65374041  0.65452701  0.65451586  0.65364271  0.65619975  0.65864056
  0.65936488  0.65852463  0.65844065  0.66126359  0.66204804  0.66307092
  0.66408867  0.66317838  0.66010135  0.66573191  0.66357052  0.66834164
  0.67075306  0.67894453  0.67740208  0.6725601   0.66454667  0.64938891
  0.63899326  0.62716395  0.61753023  0.61499465  0.61231428  0.60914469
  0.61581427  0.62062258  0.62545139  0.63181543  0.63022602  0.63095379
  0.63241482  0.63720828  0.63961011  0.64273137  0.63897097  0.63207692
  0.62495583  0.62190902  0.62233174  0.61922795  0.62265229  0.62008244
  0.62127912  0.62439752]
[ 6.85985565e-01  7.39384651e-01  7.62709618e-01  7.98109889e-01
  7.92461216e-01  7.30149269e-01  6.94746673e-01  5.98169982e-01
  4.75944698e-01  3.58875245e-01  2.72323161e-01  1.73684180e-01
  1.16917588e-01  3.77363972e-02 -3.78449373e-02 -1.29538894e-01
 -2.10898742e-01 -2.38398671e-01 -2.68470228e-01 -3.19994032e-01
 -3.87822419e-01 -4.74844515e-01 -4.46829438e-01 -4.01813507e-01
 -4.09273773e-01 -7.50415564e-01 -1.04043531e+00 -1.14547038e+00
 -1.19835818e+00 -1.22410607e+00 -1.28054547e+00 -1.32620764e+00
 -1.36617601e+00 -1.43946469e+00 -1.51570797e+00 -1.58707869e+00
 -1.65649235e+00 -1.71238613e+00 -1.78401875e+00 -1.79670465e+00
 -1.83003592e+00 -1.82569742e+00 -1.85865426e+00 -1.85030091e+00
 -1.82932496e+00 -1.83746219e+00 -1.82440412e+00 -1.82518601e+00
 -1.80469286e+00 -1.79676867e+00 -1.79760408e+00 -1.80121481e+00
 -1.81347060e+00 -1.75940001e+00 -1.74835432e+00 -1.75927317e+00
 -1.75210762e+00 -1.73724854e+00 -1.73276520e+00 -1.70421517e+00
 -1.68251383e+00 -1.68323767e+00 -1.68120718e+00 -1.65661752e+00
 -1.68351626e+00 -1.66795671e+00 -1.64399230e+00 -1.63387716e+00
 -1.62719631e+00 -1.63351452e+00 -1.59787977e+00 -1.59081709e+00
 -1.58033550e+00 -1.52921343e+00 -1.52614462e+00 -1.49469817e+00
 -1.48070502e+00 -1.43971205e+00 -1.41487634e+00 -1.41120243e+00
 -1.37681782e+00 -1.32532704e+00 -1.30431604e+00 -1.27907407e+00
 -1.25249910e+00 -1.20244682e+00 -1.15165257e+00 -1.13031077e+00
 -1.07775676e+00 -1.02771473e+00 -9.56384003e-01 -9.16292250e-01
 -8.55972588e-01 -7.86563754e-01 -7.33953118e-01 -7.11000621e-01
 -6.45862877e-01 -6.16735458e-01 -5.35725117e-01 -4.84885335e-01
 -4.37411398e-01 -3.75651032e-01 -3.25599015e-01 -2.88593173e-01
 -2.43530244e-01 -2.00838745e-01 -1.65000498e-01 -1.09130226e-01
 -1.05595939e-01 -7.16114491e-02 -4.30754647e-02 -7.85943866e-03
  1.00372592e-03  5.36834113e-02  4.64672893e-02  6.73473030e-02
  9.84157249e-02  1.32092640e-01  1.47122353e-01  1.65516078e-01
  2.06993476e-01  2.00431228e-01]
[-1.55146265 -1.57534146 -1.5979147  -1.61699021 -1.62678611 -1.6301043
 -1.62963569 -1.62820363 -1.62038231 -1.61190581 -1.6017437  -1.59208226
 -1.5809015  -1.56841803 -1.55734897 -1.54604506 -1.53011513 -1.51544237
 -1.50169909 -1.48456812 -1.46787786 -1.45106077 -1.43081641 -1.41116774
 -1.38902771 -1.36819649 -1.34332359 -1.31832957 -1.29164219 -1.26466119
 -1.23559368 -1.20680177 -1.1757164  -1.1450237  -1.11374354 -1.08066046
 -1.04778802 -1.01313746 -0.97916871 -0.94406366 -0.90938693 -0.8731212
 -0.83782691 -0.80176377 -0.76414388 -0.72929883 -0.69330901 -0.65683466
 -0.62081182 -0.5851779  -0.55023271 -0.51315647 -0.47918919 -0.44400722
 -0.40927526 -0.37600747 -0.34112334 -0.30852792 -0.27596867 -0.24276364
 -0.21030317 -0.1801303  -0.14929341 -0.11987914 -0.09041683 -0.06072809
 -0.03161975 -0.00532757  0.023479    0.0503595   0.07560855  0.10071782
  0.12528317  0.15094659  0.17462809  0.19672421  0.2191603   0.24119128
  0.26329795  0.28376722  0.30388138  0.32160518  0.34066176  0.3583197
  0.37536812  0.39213508  0.40800634  0.42356476  0.4373523   0.45047355
  0.46432853  0.47811037  0.48883051  0.50180751  0.51095474  0.52281386
  0.52953494  0.53847897  0.54578316  0.55362856  0.56128168  0.56657183
  0.57222152  0.57715833  0.58383459  0.58849323  0.59304088  0.59640878
  0.59978384  0.60453027  0.60772634  0.61151916  0.61431265  0.61761272
  0.62035793  0.62302411  0.62588775  0.62820905  0.63203567  0.63403922
  0.63713449  0.63759643]
[ 0.91348839  0.93194991  0.92624581  0.90471226  0.84914428  0.94414359
  0.93157411  0.98273963  0.91731542  0.95000923  0.97487563  0.97883427
  1.019045    0.96090728  0.97762299  0.9745456   0.96330613  0.96842784
  0.95154697  0.98837298  0.96280074  0.9884665   0.97342604  0.99003464
  0.96498471  1.00641692  0.98015541  1.01796341  1.00081575  0.97176462
  1.01099384  0.98323172  0.96722496  1.02946138  1.07448781  1.07748485
  1.06601751  1.1014998   1.13883221  1.06246686  1.04735756  0.99712807
  0.97387975  0.9354676   0.85873216  0.84200698  0.77192008  0.72743249
  0.6710397   0.70791686  0.75248605  0.72642237  0.58766937  0.30607325
  0.02206605 -0.33449197 -0.4394334  -0.52226406 -0.56925917 -0.57234055
 -0.53328538 -0.39370209 -0.46523517 -0.89733315 -1.56271851 -1.59433162
 -1.53242612 -1.61521482 -1.64360058 -1.69249332 -1.77194571 -1.85644674
 -1.97419417 -2.05897808 -2.17642117 -2.253649   -2.29440999 -2.31602263
 -2.36233544 -2.35826898 -2.42008591 -2.4618969  -2.43690658 -2.48051405
 -2.46643639 -2.48039675 -2.4861455  -2.49670601 -2.49554491 -2.53698993
 -2.57594323 -2.57761049 -2.60610747 -2.57586074 -2.60191512 -2.58453918
 -2.59592199 -2.52342272 -2.52609324 -2.52814507 -2.59549308 -2.61719608
 -2.55276179 -2.58063412 -2.60544586 -2.55966997 -2.57409716 -2.51659632
 -2.5026598  -2.47790694 -2.41483402 -2.37957215 -2.30781126 -2.29188085
 -2.21827698 -2.18959022 -2.09814715 -2.0255723  -1.97934699 -1.96032298
 -1.92437494 -1.80032134]
[ 0.77211601  0.76487106  0.77610207  0.78963965  0.805089    0.81120253
  0.84583026  0.86498725  0.90064043  0.93195027  0.93995571  0.92193407
  0.88897961  0.86874121  0.82674086  0.76875103  0.694731    0.61367172
  0.545452    0.44760433  0.37312874  0.30361113  0.234368    0.14291666
  0.07341567  0.02577423 -0.02183726 -0.05955397 -0.13123578 -0.21796885
 -0.29030234 -0.30856735 -0.29174644 -0.26648194 -0.51231784 -1.00345612
 -1.17947996 -1.26676011 -1.34996736 -1.39703012 -1.48151147 -1.55107939
 -1.64066732 -1.71496296 -1.78897858 -1.8708384  -1.92625999 -1.96660852
 -1.99119973 -2.01442957 -2.0335989  -2.04291201 -2.0321486  -2.01346374
 -2.00153041 -1.98501444 -1.97325051 -1.96084106 -1.94365299 -1.92545366
 -1.92361557 -1.90031779 -1.88398409 -1.86596537 -1.86334431 -1.83411646
 -1.82070255 -1.79793251 -1.77671146 -1.77185965 -1.73204327 -1.7304641
 -1.70730531 -1.67473507 -1.66225326 -1.64394605 -1.61758614 -1.59224653
 -1.55846143 -1.54938889 -1.53121972 -1.48321593 -1.4580164  -1.43022692
 -1.39855206 -1.36764622 -1.32857239 -1.2978431  -1.25609314 -1.21805918
 -1.16779709 -1.13750815 -1.09257793 -1.05237556 -1.0165292  -0.9796254
 -0.93087733 -0.90611881 -0.85209566 -0.81407696 -0.76332211 -0.71910298
 -0.68235743 -0.64353162 -0.59475845 -0.56303126 -0.52344686 -0.49547923
 -0.45393512 -0.43755433 -0.41003239 -0.38402182 -0.34710932 -0.31967276
 -0.30424067 -0.26249993 -0.23533049 -0.2121411  -0.19104631 -0.15735337
 -0.13110778 -0.10118352 -0.07498944 -0.04062688 -0.03891575 -0.00506244
  0.04030477  0.05258872  0.0690155   0.10165621  0.12144878  0.13811348
  0.16669731  0.17805193  0.19234334  0.21666455  0.23739506  0.26324502
  0.27007553  0.29071367  0.32001701  0.3288596   0.34299424  0.35196766
  0.37557986  0.38461494  0.38687834  0.41256136  0.42654592  0.43753335
  0.45121399  0.46705979]
[-1.60041308 -1.59407699 -1.58682919 -1.57418621 -1.56291378 -1.55341136
 -1.539222   -1.52518415 -1.51192272 -1.49509072 -1.47660923 -1.45522654
 -1.43348992 -1.41142118 -1.38807297 -1.35772848 -1.32929313 -1.29841423
 -1.26389098 -1.22995865 -1.18828821 -1.14885664 -1.10635459 -1.06467772
 -1.01613462 -0.97457349 -0.92464763 -0.87429899 -0.82621878 -0.77343452
 -0.71986771 -0.666848   -0.61415678 -0.56082189 -0.50697428 -0.45107898
 -0.39852634 -0.34714425 -0.29559726 -0.24501106 -0.19320627 -0.14537443
 -0.09721623 -0.04915861 -0.00492126  0.03874164  0.08210932  0.12424356
  0.16214444  0.20003997  0.23909001  0.2693814   0.30313975  0.3313781
  0.36015967  0.38292667  0.40809083  0.43048242  0.44634345  0.46631661
  0.48365143  0.49872792  0.50796795  0.52028608  0.53063214  0.53754336
  0.54805362  0.55553973  0.56412512  0.57023036  0.57552928  0.58191174
  0.58472091  0.59117681  0.59697545  0.59887308  0.60351855  0.60677791
  0.61154938  0.61556017  0.61667466  0.61890358  0.62299401  0.62503225
  0.62812942  0.62922847  0.63094276  0.63265336  0.63467014  0.63650382
  0.64021456  0.64170873  0.64010429  0.64302158  0.64557219  0.64780223
  0.64806694  0.64988399  0.64963734  0.65419078  0.65300441  0.65481013
  0.65555555  0.65627533  0.65863276  0.65738231  0.659226    0.66211581
  0.6629284   0.66115701  0.66232044  0.66512281  0.66636235  0.66821426
  0.66971976  0.6742183   0.67366475  0.67379302  0.67550826  0.67143476
  0.67488694  0.67216957  0.67445982  0.67512137  0.67290288  0.67575866
  0.6768536   0.67825204  0.67608136  0.67499268  0.67379338  0.66918021
  0.66545373  0.66504705  0.66330552  0.66220683  0.6620844   0.66023892
  0.66170043  0.65959227  0.66311735  0.66622275  0.66902947  0.67206758
  0.67456889  0.67876089  0.67904621  0.68129754  0.68226171  0.68088943
  0.68304569  0.68031293]
[ 0.63703978  0.65458554  0.65627366  0.68103898  0.65779507  0.69664127
  0.698268    0.72871149  0.7112335   0.6990183   0.7426371   0.72508007
  0.71971917  0.71875966  0.76518989  0.73708373  0.73431146  0.72067291
  0.76573777  0.75453639  0.70719922  0.75248408  0.73700982  0.75346512
  0.73817223  0.74458915  0.72624892  0.74804503  0.74951589  0.75958586
  0.74937958  0.77377433  0.75449294  0.77313477  0.76172411  0.72188616
  0.74662918  0.76271355  0.76386333  0.76928455  0.79453516  0.83427387
  0.81779718  0.88479578  0.89050061  0.89892966  0.93139297  0.91083783
  0.86688614  0.8861149   0.80839443  0.74723893  0.65786225  0.52131963
  0.45353577  0.33865786  0.2821815   0.14789663  0.02522515 -0.16875072
 -0.33186555 -0.49642983 -0.64493555 -0.77135837 -0.7499302  -0.75861138
 -0.73546731 -0.81225795 -1.07815576 -1.51251197 -1.72485387 -1.71450639
 -1.76667953 -1.79204679 -1.87734008 -1.9338398  -2.01781058 -2.15285969
 -2.18353605 -2.18511081 -2.16229987 -2.17631173 -2.17285943 -2.12059259
 -2.12171435 -2.12491536 -2.17183256 -2.19138122 -2.25574827 -2.28616977
 -2.33593941 -2.3391788  -2.37846446 -2.34093475 -2.33503938 -2.31640482
 -2.30135083 -2.33748388 -2.39809561 -2.38411188 -2.40938234 -2.4424088
 -2.41432619 -2.45296383 -2.43912172 -2.44453955 -2.4363966  -2.43748093
 -2.40751672 -2.38312387 -2.32033348 -2.2953372  -2.24072289 -2.21862745
 -2.17680717 -2.12676549 -2.06157112 -2.02635169 -1.97725415 -1.95897579
 -1.90323186 -1.83437228 -1.81570864 -1.76313305 -1.71969068 -1.67379367
 -1.6544714  -1.58579719 -1.54715168 -1.49705446 -1.44714224 -1.38582718
 -1.38520646 -1.32472336 -1.29523385 -1.25332367 -1.22600639 -1.16461611
 -1.11470902 -1.08079541 -1.01142228 -0.97241783 -0.91772199 -0.90383452
 -0.85818928 -0.8298831  -0.73465604 -0.74966341 -0.74049753 -0.67158657
 -0.6344077  -0.58438587]
[0.29548225 0.35309306 0.40273345 0.45268133 0.5031352  0.5402056
 0.58108306 0.61921149 0.65058053 0.68100059 0.71435559 0.73863465
 0.76191056 0.78905225 0.80831736 0.82348424 0.83973348 0.85129827
 0.8598935  0.87189162 0.8800292  0.88680333 0.89057422 0.89786232
 0.90041989 0.90337998 0.9014231  0.90267664 0.89985639 0.89306623
 0.89549565 0.89150286 0.8865242  0.88466322 0.88264924 0.88085115
 0.87648267 0.86495608 0.86051059 0.85699677 0.84849536 0.84078681
 0.83311993 0.81745911 0.82213306 0.81347793 0.80464697 0.80201894
 0.79432029 0.78986764 0.7874487  0.78381705 0.78437638 0.78008854
 0.77293074 0.76908082 0.77029324 0.76833379 0.76082271 0.75774086
 0.75361633 0.74980533 0.73894924 0.73710638 0.73830467 0.735093
 0.72928292 0.72410434 0.72023231 0.71742594 0.71597838 0.71348935
 0.71081793 0.70382142 0.70625985 0.70269138 0.70098448 0.70111227
 0.6960454  0.69756949 0.70141083 0.69790155 0.70257336 0.70801497
 0.70827103 0.70528841 0.7103402  0.70716947 0.70908582 0.7078132
 0.71437055 0.7256875  0.73408842 0.74860662 0.75789392 0.76708305
 0.76234031 0.74872738 0.72461349 0.70123303 0.6767177  0.6486361
 0.62134552 0.60794884 0.59613508 0.58700585 0.59714764 0.6154139
 0.642483   0.66838223 0.67956984 0.67498702 0.6708948  0.66710681
 0.66483045 0.66751963 0.66923928 0.66669655 0.67020684 0.66840911
 0.66609418 0.66029364 0.65968692 0.65623897 0.65494496 0.66304183
 0.66560245 0.6659075  0.66222012 0.66477919 0.66509503 0.6638903
 0.66188771 0.66555464 0.66685528 0.66392028 0.66321874 0.66093409
 0.66248798 0.65637743 0.66332167 0.65704191 0.65907472 0.65960723
 0.66086411 0.66742599 0.66576105 0.66520375 0.66538084 0.66558695
 0.6678825  0.66503841]
[-1.18139172 -1.21604228 -1.25105524 -1.28573799 -1.31888378 -1.357144
 -1.40960097 -1.46715808 -1.52609849 -1.57662523 -1.611992   -1.63885105
 -1.6546185  -1.66791463 -1.67755306 -1.68349874 -1.68219149 -1.67665732
 -1.67098463 -1.66522384 -1.65766454 -1.65075409 -1.6415925  -1.6348474
 -1.6277957  -1.6201452  -1.6110127  -1.60205197 -1.5918256  -1.58135355
 -1.57456517 -1.56371021 -1.55263114 -1.54021978 -1.53038633 -1.51815808
 -1.50277436 -1.48961258 -1.47499931 -1.46176553 -1.44442737 -1.42701423
 -1.40869486 -1.39177203 -1.37064898 -1.34945619 -1.32646811 -1.3029803
 -1.27902305 -1.25300658 -1.22191548 -1.19236434 -1.16189599 -1.12948596
 -1.09524906 -1.05890572 -1.02298999 -0.98315531 -0.94491512 -0.90384316
 -0.86474621 -0.82557344 -0.78388804 -0.74203026 -0.69963157 -0.65842217
 -0.61626548 -0.57295579 -0.53212744 -0.49089339 -0.45030293 -0.4100368
 -0.36928776 -0.33129445 -0.29247904 -0.25481325 -0.2178822  -0.1809724
 -0.14494348 -0.11042654 -0.07575122 -0.04424472 -0.01199616  0.0198523
  0.04969847  0.07920889  0.105621    0.13548572  0.16220145  0.18607378
  0.21279357  0.23557453  0.25994289  0.28336811  0.30521813  0.32648686
  0.34600487  0.36445969  0.38054469  0.39906704  0.41411582  0.43019211
  0.44575769  0.45792577  0.47032791  0.48548448  0.4972952   0.50807571
  0.51719874  0.52732158  0.53595728  0.54513335  0.55253893  0.55977678
  0.56676757  0.57321304  0.57960665  0.5864377   0.59035486  0.59634238
  0.60164297  0.60517275  0.60968256  0.61196321  0.61597353  0.61947387
  0.62378871  0.62643129  0.62869889  0.63242221  0.63461298  0.63739341
  0.64027017  0.64210433  0.64607424  0.64780825  0.64968187  0.65128553
  0.65365958  0.65544862  0.65719777  0.66017807  0.6600464   0.66136348
  0.66422141  0.66527569  0.66640389  0.66859919  0.66947496  0.67161983
  0.67254084  0.67431068]
[-0.55619323 -0.55261952 -0.54660338 -0.54397833 -0.54060435 -0.53878754
 -0.53443724 -0.52428448 -0.52141851 -0.5129081  -0.50558019 -0.50166863
 -0.4940263  -0.47755745 -0.4715395  -0.46258104 -0.45460615 -0.44853616
 -0.44664881 -0.44282749 -0.43798852 -0.43669587 -0.43777177 -0.42995453
 -0.42323634 -0.41676313 -0.40425029 -0.39556411 -0.39559677 -0.39176211
 -0.38780677 -0.38452834 -0.37999761 -0.37487012 -0.37010488 -0.36623859
 -0.36504221 -0.36613846 -0.36142457 -0.36271647 -0.36455074 -0.36828887
 -0.36731127 -0.36284655 -0.35598597 -0.35690388 -0.35666639 -0.35218656
 -0.34843123 -0.34443903 -0.34673259 -0.34372121 -0.3443132  -0.33977813
 -0.34614566 -0.34586102 -0.34393725 -0.34229565 -0.33580831 -0.33018777
 -0.32381898 -0.31883016 -0.31158197 -0.30542633 -0.30181229 -0.29887268
 -0.29530168 -0.28902835 -0.28258443 -0.28012604 -0.27470043 -0.26809195
 -0.26199448 -0.25613549 -0.24623197 -0.24239796 -0.2294711  -0.21970597
 -0.2042343  -0.19450788 -0.18469352 -0.17532483 -0.16579902 -0.15685791
 -0.14579214 -0.13746251 -0.13080195 -0.12320073 -0.11222962 -0.09738029
 -0.08338527 -0.07814203 -0.06799352 -0.05965123 -0.05295421 -0.04688653
 -0.04204993 -0.03015388 -0.02320965 -0.01718083 -0.00401825  0.00483151
  0.01614777  0.03009161  0.04102569  0.0534319   0.06130986  0.06925487
  0.07818083  0.08666138  0.0941044   0.0988953   0.1030319   0.11496398
  0.1231078   0.13471977  0.14119187  0.15429103  0.16591068  0.18003155
  0.19873147  0.21250358  0.22337124  0.23607326  0.24144097  0.24773623
  0.25991297  0.26555791  0.27586854  0.28440726  0.28854263  0.29782912
  0.30475384  0.31470051  0.3246212   0.33585811  0.34137282  0.34850335
  0.35770792  0.36351952  0.36778951  0.37482071  0.38216811  0.38858825
  0.39519706  0.39798874  0.40801603  0.41457671  0.4237563   0.43009883
  0.43669647  0.44135445  0.45203814  0.45544994  0.46595103  0.46869221
  0.47569302  0.48178688  0.48998615  0.4921625   0.5001598   0.50128025
  0.50670356  0.50766373  0.51424658  0.51618999  0.51967847  0.52433473
  0.53077626  0.53461915  0.54560983  0.54853076  0.55620092  0.5646556
  0.57360899  0.5787003   0.5841893   0.59190416  0.59485567  0.59580749
  0.59878308  0.601695    0.60309345  0.60248226  0.60368794  0.60573626
  0.60137695  0.60655457]
[-0.84013522 -0.84050471 -0.83481187 -0.81522852 -0.77498823 -0.71979058
 -0.66989452 -0.64580858 -0.63882625 -0.62578064 -0.63055319 -0.6412071
 -0.64226758 -0.63987768 -0.61890674 -0.58805621 -0.56803131 -0.53068054
 -0.51897228 -0.5076195  -0.49296695 -0.49145418 -0.49884871 -0.50938779
 -0.51796025 -0.5242027  -0.5235396  -0.51264596 -0.50773275 -0.51538807
 -0.53036177 -0.54365349 -0.55312067 -0.55149633 -0.54734838 -0.55368072
 -0.53737354 -0.51705569 -0.50688326 -0.50059247 -0.49580619 -0.4901903
 -0.49867395 -0.49984753 -0.49225128 -0.48289782 -0.47308359 -0.47295839
 -0.44714278 -0.41814852 -0.41025764 -0.40531191 -0.39937487 -0.39699197
 -0.40077513 -0.41555834 -0.42592967 -0.43697825 -0.44834816 -0.45156881
 -0.44304395 -0.41855764 -0.39653674 -0.3887648  -0.38787153 -0.38791487
 -0.38459632 -0.3791748  -0.36989734 -0.36019579 -0.34859577 -0.33182311
 -0.32444641 -0.31813127 -0.31606558 -0.30881223 -0.29978198 -0.29220879
 -0.28020388 -0.27349615 -0.26437202 -0.25470105 -0.24409209 -0.24296311
 -0.23360552 -0.22657426 -0.21709645 -0.20923536 -0.1993625  -0.19244631
 -0.18231694 -0.17388378 -0.166382   -0.1607943  -0.15411532 -0.14827545
 -0.14748961 -0.14163549 -0.14335693 -0.13395564 -0.12635688 -0.11506192
 -0.10189669 -0.09388232 -0.08376669 -0.07773426 -0.06898535 -0.06209807
 -0.05177669 -0.04526489 -0.03755189 -0.02806427 -0.01940761 -0.00777439
  0.0038151   0.01363233  0.02268943  0.03095315  0.04329566  0.05434594
  0.06460604  0.07801746  0.08820353  0.09715489  0.10657653  0.11321887
  0.12427709  0.1341878   0.14702518  0.15308262  0.16086631  0.17392118
  0.18223581  0.19153734  0.20110862  0.21514462  0.22778395  0.23628645
  0.24513352  0.25965315  0.26549593  0.27957892  0.28739646  0.29633054
  0.30318287  0.31492862  0.32547405  0.33298251  0.34344143  0.35305798
  0.36068311  0.37151748  0.37984854  0.38917002  0.39811254  0.40747568
  0.41442752  0.42548311  0.43320388  0.44169268  0.45056847  0.45703095
  0.46243474  0.47006273  0.47820491  0.48435402  0.48805645  0.49259907
  0.49986312  0.50604105  0.51264352  0.52011371  0.52534944  0.52790147
  0.53631717  0.5414058   0.54519153  0.55106401  0.5560137   0.56079215
  0.56197441  0.57060266  0.57199222  0.57875663  0.58092034  0.58458543
  0.58654904  0.58797038  0.58977896  0.59389061  0.5958128   0.59906816
  0.60084152  0.60389918  0.60718638  0.61038548  0.61507243  0.61870295
  0.61714733  0.62048048  0.62222207  0.62988567  0.62552094  0.63267565
  0.6384328   0.63749421  0.64048076  0.64090449  0.64352816  0.64718127
  0.64940763  0.65050328  0.65645808  0.65448248  0.65842766  0.65612888
  0.65969115  0.66057992  0.66230041  0.66420192  0.66338533  0.66617519
  0.66462582  0.66637677  0.66767943]
[-2.37590289 -2.38550878 -2.41117406 -2.45477962 -2.49095798 -2.53247547
 -2.5394938  -2.51696944 -2.45733404 -2.36165428 -2.23211479 -2.13877511
 -2.08002687 -2.04827571 -2.02956271 -2.03274322 -2.05983162 -2.09017181
 -2.10218406 -2.09613442 -2.05881166 -2.02641153 -1.95742118 -1.94017303
 -1.89783037 -1.8556143  -1.83294439 -1.81067467 -1.78925967 -1.75754046
 -1.71092713 -1.6684593  -1.61871994 -1.55449772 -1.52601051 -1.50079
 -1.48801816 -1.47537243 -1.44102812 -1.41514719 -1.41241896 -1.36198378
 -1.32347369 -1.27073884 -1.22126448 -1.13349175 -1.05877805 -1.00549901
 -0.96349066 -0.8882857  -0.82423556 -0.74563861 -0.6554597  -0.52875966
 -0.41306171 -0.32082179 -0.23750053 -0.1627575  -0.07794551  0.0116746
  0.08857682  0.15489766  0.21281609  0.28065264  0.35672668  0.42129984
  0.48623267  0.5503329   0.5923118   0.63978976  0.66883415  0.70075005
  0.72330165  0.75340146  0.78830844  0.81821918  0.83852494  0.86379147
  0.87619919  0.89485765  0.90730953  0.93021029  0.9521147   0.95806015
  0.97312403  0.98731416  0.99723738  1.00954568  1.01483798  1.03280628
  1.03182125  1.04231846  1.05012262  1.05137241  1.0551753   1.05313337
  1.05018795  1.05634129  1.06090629  1.07050884  1.07370424  1.06944656
  1.08436489  1.08119273  1.07912612  1.07517421  1.06295013  1.05767715
  1.04359603  1.04598141  1.04082012  1.0325923   1.04326713  1.04827011
  1.03802025  1.02445269  1.01876009  1.01312768  1.01109004  1.01751983
  1.01545966  1.01089191  1.00811875  1.00322914  0.98776186  0.98708451
  0.98305148  0.97122449  0.96890783  0.96183264  0.95996904  0.95886719
  0.94252616  0.93820137  0.92939657  0.92737383  0.92263371  0.91366941
  0.90124959  0.90306556  0.91090769  0.92578661  0.92916435  0.93901801
  0.94296438  0.93552494  0.93181163  0.92081481  0.90648437  0.89430946
  0.89374536  0.89003831  0.90797061  0.93760502  0.95537055  0.98004973
  0.99055648  0.99480575  0.98747772  0.95949227  0.93009657  0.88742262
  0.84188819  0.77624047  0.72291625  0.67284828  0.64682102  0.63418144
  0.63669002  0.64234024  0.64985961  0.64789408  0.65342414  0.66411734
  0.67315984  0.68636698  0.6917389   0.69775009  0.70072848  0.71070194
  0.71484709  0.72199368  0.731884    0.73240304  0.73658526  0.73626095
  0.74564588  0.73869151  0.74424273  0.74203259  0.74343073  0.74129343
  0.74010038  0.73672086  0.74574584  0.73959494  0.74110723  0.73547667
  0.72870845  0.72194636  0.71829492  0.71692079  0.71664661  0.71328902
  0.71479177  0.72219455  0.72602457  0.72377551  0.72350335  0.72692752
  0.7229327   0.73270929  0.73360121  0.72752404  0.71975565  0.71936959
  0.71434909  0.71377993  0.71562797  0.71937037  0.71765012  0.72224849
  0.72432613  0.72079462  0.72146314  0.72318304  0.72224885  0.71343493
  0.71979994  0.72109056]
[ 1.04307830e+00  1.03160203e+00  1.05059993e+00  1.02210033e+00
  1.01134706e+00  1.05682027e+00  1.05298066e+00  1.08366013e+00
  1.06023514e+00  1.06026363e+00  1.09139824e+00  1.09319079e+00
  1.08536804e+00  1.10066199e+00  1.10671437e+00  1.10014760e+00
  1.11468554e+00  1.14064527e+00  1.15948629e+00  1.22601628e+00
  1.21556973e+00  1.23626328e+00  1.26357031e+00  1.30263650e+00
  1.30276740e+00  1.26723158e+00  1.27497137e+00  1.26859307e+00
  1.24692523e+00  1.23284888e+00  1.22979784e+00  1.23386300e+00
  1.17781913e+00  1.18366373e+00  1.18714345e+00  1.15523732e+00
  1.12117207e+00  1.12966180e+00  1.11316156e+00  1.09143770e+00
  1.07522976e+00  1.04877067e+00  1.02227581e+00  9.77633417e-01
  9.44424093e-01  9.20358539e-01  8.93680632e-01  8.73389423e-01
  8.53157103e-01  8.31395388e-01  8.12478423e-01  7.80650437e-01
  7.24906027e-01  6.11042261e-01  5.05873382e-01  4.03900564e-01
  2.96281517e-01  2.14654714e-01  1.69773072e-01  1.26322731e-01
  1.43935323e-01  1.84393913e-01  1.28060937e-01  7.36857280e-02
 -4.72126678e-02 -2.69317716e-01 -4.90555733e-01 -7.15524197e-01
 -9.21250999e-01 -9.56611991e-01 -1.00994921e+00 -1.03569949e+00
 -1.06802344e+00 -1.09462428e+00 -1.10145307e+00 -1.16855359e+00
 -1.19164443e+00 -1.19434667e+00 -1.22595799e+00 -1.21731436e+00
 -1.25225830e+00 -1.30412900e+00 -1.31737983e+00 -1.30768204e+00
 -1.35000014e+00 -1.38426459e+00 -1.41848695e+00 -1.43737006e+00
 -1.46231890e+00 -1.48922074e+00 -1.53506863e+00 -1.54660785e+00
 -1.58286488e+00 -1.58061922e+00 -1.63165057e+00 -1.67815375e+00
 -1.70418429e+00 -1.70491636e+00 -1.72861457e+00 -1.76159322e+00
 -1.78806031e+00 -1.80114603e+00 -1.83852518e+00 -1.85079205e+00
 -1.86838639e+00 -1.86298180e+00 -1.86853719e+00 -1.83150792e+00
 -1.82040048e+00 -1.76024497e+00 -1.73084688e+00 -1.72462487e+00
 -1.69573855e+00 -1.66359019e+00 -1.65027595e+00 -1.63725173e+00
 -1.58335507e+00 -1.57591128e+00 -1.52140784e+00 -1.47910368e+00
 -1.45715594e+00 -1.36408317e+00 -1.36109734e+00 -1.33258486e+00
 -1.29130507e+00 -1.27102447e+00 -1.26570213e+00 -1.18460357e+00
 -1.14904487e+00 -1.14016628e+00 -1.10239756e+00 -1.03348994e+00
 -9.59395468e-01 -9.01842475e-01 -8.22465181e-01 -7.67069876e-01
 -7.52785206e-01 -7.26392329e-01 -7.25761771e-01 -6.94691181e-01
 -6.59324348e-01 -6.44260466e-01 -6.02964699e-01 -5.67921162e-01
 -5.53519309e-01 -5.37630081e-01 -4.61709023e-01 -4.10242677e-01
 -4.10070509e-01 -3.40065807e-01 -3.42135519e-01 -3.09109509e-01
 -2.97983050e-01 -3.06775481e-01 -2.88861215e-01 -2.77321249e-01
 -2.32328936e-01 -2.13039845e-01 -1.56628773e-01 -1.26142308e-01
 -6.66140467e-02 -4.46662903e-02 -1.38623756e-04  7.16237770e-03
  6.32272586e-02  8.18607584e-02  9.80317146e-02  1.05026416e-01
  9.81713533e-02  1.18457496e-01  1.22830562e-01  1.44347489e-01
  1.67648807e-01  1.59126028e-01  1.68917015e-01  2.22801283e-01
  2.13726297e-01  2.44800359e-01  2.60519594e-01  2.68357873e-01
  3.06750953e-01  2.81914234e-01  2.54482895e-01  2.47518718e-01
  2.66295075e-01  2.74916112e-01  2.85672367e-01  3.19434285e-01
  3.51547152e-01  3.78240794e-01  4.03841853e-01  4.60314512e-01
  4.61373806e-01  4.91720080e-01  4.76907879e-01  4.31296468e-01
  3.78532737e-01  3.49201709e-01  3.11095834e-01  3.25504720e-01
  3.33696663e-01  3.67401421e-01  4.21090424e-01  4.61119026e-01
  4.86168921e-01  5.31124949e-01  6.45029843e-01  6.53698921e-01
  7.03853965e-01  7.21525848e-01  6.94590390e-01  6.79887056e-01
  6.43737793e-01  6.44609272e-01  6.43224120e-01  6.52529955e-01
  6.31702781e-01  6.27025008e-01  6.46981835e-01  6.06579423e-01
  6.02977037e-01  5.95639408e-01  5.89425206e-01  5.97270429e-01
  6.10000312e-01  6.06365561e-01  5.82614303e-01  6.09922111e-01
  5.96995473e-01  6.24063492e-01]
