[ 0.26439118  0.16924067  0.02223654 -0.00233116]
[-0.00966985 -0.00894415 -0.01755025 -0.01631728 -0.01511182 -0.03538969
 -0.02607422 -0.03731619 -0.01725165]
[-0.09277648 -0.08145462 -0.06759065 -0.05192115 -0.04500431 -0.04038281
 -0.03197806 -0.03535637 -0.03975125 -0.03749548 -0.02313798 -0.02827387]
[-0.09043939 -0.07550469 -0.06361885 -0.05474901 -0.04375285 -0.03411462
 -0.02703863 -0.02183342 -0.01989225 -0.01891982 -0.01707342 -0.01581185
 -0.01340055]
[-0.2078542  -0.18395728 -0.17911391 -0.16059138 -0.14523961 -0.12313791
 -0.10422622 -0.07298648 -0.04879787 -0.02710669 -0.0247392  -0.01816611
 -0.02573716 -0.02720213 -0.03176855 -0.04629866 -0.02495254  0.01650309
 -0.02080374]
[-0.14017357 -0.0365178  -0.23026714 -0.35989678 -0.42969623 -0.33631283
 -0.55681521 -0.41073683 -0.13986799  0.00204287 -0.04957337 -0.02927964
 -0.15404087 -0.41344649 -0.56059277 -0.40918094 -0.52495849 -0.23517889
 -0.33730441 -0.16793841 -0.31356078 -0.35153702 -0.39806148 -0.52190888
 -0.91154885 -0.76852256 -0.90389997 -0.68723637  0.01909503 -0.37468618
 -1.06909907  0.72119772  1.76798093]
[-1.11370981 -1.09632683 -1.07482111 -1.05239058 -1.02925038 -0.98323417
 -0.9467389  -0.89301729 -0.81129164 -0.70208269 -0.55800265 -0.39799431
 -0.23910882 -0.09196645  0.04203469  0.17024715  0.29605654  0.41117787
  0.52401948  0.62412417  0.71580333  0.79221231  0.85564935  0.90845454
  0.94761914  0.97134519  0.98076212  0.98342448  0.97684187  0.9627021
  0.94691163  0.92675102  0.89638793  0.86371285  0.82780695]
[ 0.23828846  0.00573827 -0.21309839 -0.37369582 -0.52568531 -0.8623144
 -0.9698652  -0.91891241 -1.0081619  -0.92290384 -1.08812988 -1.34533012
 -1.19971788 -1.34037006 -1.58188903 -0.94303763  0.58061826  0.25076202
 -1.71012402 -1.94504642 -1.02832782 -1.08707297 -1.72165751 -1.31768572
 -0.9851861  -1.16572857 -0.98266041 -1.47903085 -2.22552609 -1.88457882
 -1.91603661 -1.49314964 -0.89333564 -0.70066094 -0.35637197]
[-0.57728422 -0.76871115 -0.86962169 -0.89772069 -0.97320074 -0.9391166
 -1.04807091 -1.08456635 -1.01461601 -1.02076435 -1.11715364 -0.70192719
  0.1221094  -0.06776105 -0.9835043  -1.21307635 -0.72565579 -0.76142663
 -1.06972134 -0.80068457 -0.4698256  -0.4466652  -0.59143198 -0.90671116
 -1.29317272 -1.16267014 -1.17739904 -0.90335554 -0.52360785 -0.46972126
 -0.25907743 -0.00649787  0.13505165  0.15388399  0.17880616  0.27120283
  0.38671532  0.44345987  0.5078854   0.59579158  0.72552311  0.82235229
  0.90340716  0.98617238]
[ 0.38921139  0.37530568  0.21549103  0.21479622  0.17667483  0.0066191
 -0.0541908  -0.15267251 -0.30382726 -0.48476276 -0.57718474 -0.56180269
 -0.61688143 -0.53529626 -0.69401455 -0.8356688  -0.84524989 -0.99598575
 -1.23237264 -0.9476223  -0.10973638 -0.34638613 -1.56737781 -1.89302659
 -1.30464625 -1.19521165 -1.48435855 -1.13886416 -0.75502574 -0.98853785
 -1.31508708 -1.67909181 -2.13260603 -1.90840399 -1.81259131 -1.41929102
 -0.92905146 -0.76433671 -0.42258504 -0.08284879  0.18160088  0.2452025
  0.30008623  0.4262338   0.58196211  0.69729555]
[-0.87925738 -0.21114029 -0.43312943 -1.59172249 -1.90018368 -1.31268966
 -1.21364498 -1.48616004 -1.14770079 -0.7148782  -0.952483   -1.17037857
 -1.57221019 -2.02457738 -1.80145025 -1.75352776 -1.3626281  -0.96551824
 -0.76023161 -0.40160462 -0.14211379  0.13743269  0.18110445  0.29264694
  0.42759225  0.59125137  0.67411941  0.79626912  0.87446064  1.04812241
  1.14120579  1.23262835  1.30712807  1.34421825  1.40705836  1.37770462
  1.40526378  1.4291625   1.42316806  1.40143931  1.42947602  1.31792796
  1.29155934  1.23384941  1.08781791  0.96101493]
[-0.3586241  -0.56246656 -0.74353015 -0.85975665 -0.87738377 -0.97303855
 -0.96552348 -1.02985775 -1.09350312 -1.05049753 -1.06612563 -1.05653226
 -0.8268947  -0.17450935 -0.10004245 -0.78518498 -1.12309265 -0.7976774
 -0.72956055 -0.96207494 -0.82397628 -0.42705259 -0.44096896 -0.50450718
 -0.79601198 -1.13872635 -1.13831222 -1.11037433 -0.94821399 -0.63870203
 -0.48056233 -0.29112613 -0.0961116   0.1025897   0.15865447  0.23974206
  0.32263812  0.39427891  0.50132525  0.55759156  0.64825612  0.74655378
  0.8257997   0.93816102  0.98732692  1.05912828  1.10226882]
[-0.27443752 -0.39251763 -0.58173734 -0.77088165 -0.87905145 -0.91287833
 -0.99374783 -0.97682399 -1.07890368 -1.10916972 -1.06044543 -1.05105782
 -1.10446322 -0.7106778   0.03272681 -0.12518123 -0.93869567 -1.15667689
 -0.75305784 -0.7554332  -1.0050174  -0.74177802 -0.43964365 -0.45388299
 -0.63567197 -0.92650402 -1.26870847 -1.16208065 -1.16364551 -0.90434802
 -0.55850273 -0.48508483 -0.2702567   0.00279382  0.1741675   0.22178023
  0.27157953  0.36818421  0.49493954  0.54425973  0.61727715  0.70159483
  0.8176356   0.90127939  0.97111589  1.04032505  1.11210883  1.11771727]
[-0.00590497 -0.17414634 -0.24047449 -0.37027478 -0.5611006  -0.72792917
 -0.81665212 -0.86800319 -0.96282297 -0.97114563 -1.06308329 -1.09565103
 -1.08051515 -1.08083498 -1.06267536 -0.57511044 -0.12632465 -0.48875859
 -1.08931351 -1.04251051 -0.78901684 -0.89362866 -0.93669671 -0.56125009
 -0.48068178 -0.52647024 -0.7892766  -1.07961881 -1.28101432 -1.19553685
 -1.07813954 -0.83521807 -0.54685307 -0.44429839 -0.21612167  0.05529325
  0.15967377  0.27911165  0.35825688  0.42291799  0.56674033  0.61123925
  0.68920189  0.80422235  0.87114275  0.97795945  1.01841891  1.0803467
  1.13952208  1.09677851  1.11935019]
[ 0.1178513   0.08217911 -0.02372068 -0.03502715 -0.11761824 -0.24515478
 -0.40272754 -0.51464367 -0.59361196 -0.71406502 -0.76000541 -0.90776539
 -0.97350419 -0.99590421 -1.0492965  -1.15139735 -0.94174713 -0.45472637
 -0.5173263  -0.99441266 -1.23987186 -1.02276897 -0.97050661 -1.03718424
 -0.82324624 -0.62372768 -0.68515122 -0.84258622 -1.06349277 -1.32337737
 -1.28400624 -1.22759104 -1.01238608 -0.72206539 -0.59310997 -0.40122235
 -0.13354309  0.06475416  0.18655781  0.2785022   0.37735277  0.5105508
  0.60182637  0.69140404  0.78739446  0.89717478  0.97776896  1.02932274
  1.08487856  1.13957131  1.12629318  1.10993958  1.14625251  1.14392471
  1.12627959  1.12425864]
[ 0.14859872  0.11209994  0.04266264 -0.01359541 -0.06550073 -0.12367887
 -0.20311946 -0.25667518 -0.27642003 -0.28876162 -0.29742584 -0.30309153
 -0.34661841 -0.33116165 -0.28879237 -0.30715638 -0.25342202 -0.17542726
 -0.64645821 -1.46515954 -1.81211436 -1.6357702  -1.65308809 -2.00036788
 -2.03220797 -1.91787076 -2.05556917 -1.95804274 -1.85101366 -1.79141855
 -1.50105762 -1.26871049 -0.99772835 -0.71463919 -0.46708173 -0.12603885
  0.1102697   0.30311149  0.37627286  0.48281157  0.61527002  0.68719804
  0.76566213  0.80253798  0.84860086  0.92080599  0.96894056  1.03991807
  1.1073693   1.15314519  1.21554577  1.25344753  1.29139996  1.32036328
  1.33244848  1.31628406  1.3223635   1.24252415  1.17472053  1.1061033 ]
[ 0.11534948  0.14811967  0.19684818  0.25355399  0.25050595  0.25424126
  0.23161429  0.19112277  0.16915569  0.13812117  0.05780698 -0.00636324
 -0.07411106 -0.14266804 -0.24998228 -0.31709787 -0.33715019 -0.35061085
 -0.35086516 -0.35842988 -0.41496161 -0.39154643 -0.35271069 -0.38879937
 -0.2715157  -0.0775263  -0.62112296 -1.59582591 -1.90718067 -1.55009866
 -1.47916949 -1.80339909 -1.74864113 -1.61810315 -1.91491091 -1.91817856
 -1.92939579 -1.97896159 -1.66791236 -1.44500804 -1.14817762 -0.85491353
 -0.6080547  -0.23483896  0.00363298  0.22042032  0.28110188  0.39399683
  0.54840034  0.62866944  0.73212957  0.79188788  0.84729028  0.93205154
  0.98655194  1.06413829  1.1414746   1.18407333  1.24931061  1.28321469]
[-0.23417567 -0.25578049 -0.27052736 -0.28403237 -0.28776455 -0.30890405
 -0.30112687 -0.28809312 -0.40185401 -0.40704453 -0.4362039  -0.92030036
 -1.5077666  -1.72354543 -1.68918824 -1.89899457 -2.17062259 -2.10029793
 -1.96337223 -1.96328461 -1.76693618 -1.65628815 -1.5625639  -1.28637695
 -1.06861699 -0.79158151 -0.52425647 -0.27473181  0.02236113  0.22086601
  0.37691632  0.47869438  0.5863533   0.68173015  0.74624646  0.79029101
  0.83780122  0.88325703  0.94756097  1.00255764  1.06671786  1.12526071
  1.17132807  1.22524011  1.25688434  1.27829993  1.29831922  1.29047215
  1.27718914  1.25688314  1.17069638  1.09709346  1.01124609  0.88524902
  0.75585127  0.63589966  0.53841919  0.44014302  0.32856029  0.22135901]
[ 0.04203239  0.04539762  0.09601182  0.12167639  0.16627905  0.21097736
  0.22246261  0.22194678  0.19047351  0.17507011  0.14256363  0.10598291
  0.04109978 -0.01497123 -0.04547907 -0.11086307 -0.16554055 -0.19935815
 -0.24501799 -0.26124582 -0.27355951 -0.27909037 -0.29475501 -0.30466083
 -0.27976358 -0.30095273 -0.37144795 -0.39050102 -0.67691219 -1.22192931
 -1.54945242 -1.67247164 -1.86268461 -2.10089207 -2.09630513 -1.99334991
 -2.00055552 -1.85629356 -1.73815894 -1.65349472 -1.43943477 -1.22049499
 -0.9449116  -0.68280452 -0.41791973 -0.13511015  0.08052003  0.27025175
  0.39504391  0.52208382  0.62524927  0.68037909  0.75195372  0.80033004
  0.84926671  0.90276152  0.95405465  1.02362227  1.08546615  1.12741017
  1.18589115  1.22893178  1.25994408  1.28000689  1.28675163  1.28183091
  1.28104866  1.20485401  1.14775217  1.08002579  0.95070922  0.83080924
  0.71850157  0.60849857  0.50833124  0.39360502  0.27269053  0.21783492]
