[0.23502257 0.15851583 0.11442282 0.05271858 0.03244824]
[-2.62451363 -4.2213521  -1.84496379 -1.48153043 -4.35229015 -2.93235421
 -1.64871979 -2.08604527 -1.69890308 -3.02778745 -6.10711908 -4.68141127
 -4.49278355]
[0.48314354 0.46628577 0.48825783 0.48999193 0.49435577 0.52771461
 0.49053785 0.50145    0.47858354 0.47286111 0.44282755 0.39386603
 0.36830261]
[-0.15129767 -0.13661742 -0.12767978 -0.10928189 -0.09413895 -0.07661789
 -0.0544846  -0.02973836 -0.02216545 -0.01162008 -0.01824941 -0.02479193
 -0.03138677 -0.03629548 -0.03391843 -0.02692466 -0.0327461 ]
[-0.20557556 -0.17920879 -0.1682612  -0.15337627 -0.14507596 -0.13294415
 -0.12414957 -0.10247893 -0.08305717 -0.06372175 -0.05570256 -0.04671341
 -0.04712369 -0.04248161 -0.03974618 -0.0481406  -0.03593063 -0.00732547
 -0.02875483]
[-0.35103866 -0.29972029 -0.28373635 -0.27290386 -0.23066117 -0.20267597
 -0.17090903 -0.14486969 -0.11555858 -0.09157537 -0.08727275 -0.07824278
 -0.06155284 -0.05394613 -0.06102257 -0.06787663 -0.08688159 -0.06478675
 -0.06350955 -0.07805768 -0.07577007 -0.03396432 -0.00952733]
[-0.79270285 -0.54112709 -0.63498211 -0.58398914 -0.56251734 -0.53249872
 -0.41640806 -0.35784334 -0.34782451 -0.15894482  0.0801952   0.24667583
  0.34967351  0.39811435  0.4796516   0.58492965  0.62756509  0.62676799
  0.64841163  0.67860764  0.68030554  0.67661095  0.66510034  0.69736183
  0.66830689  0.64512116  0.6324892   0.62538314  0.59430695  0.56608105]
[-0.16955562 -0.15281543 -0.05030956 -0.06427423 -0.04759969  0.04004147
 -0.12671705 -0.03336164 -0.20805311 -0.35292009 -0.37638959 -0.50950342
 -0.70540375 -0.76319444 -0.82501948 -0.79193985 -0.98476207 -1.01392555
 -1.03541005 -1.08473659 -1.06292272 -1.08267546 -1.14432871 -1.05598998
 -1.06017995 -1.1302017  -0.70187312 -0.02411786 -0.26456055 -0.87874001]
[-0.6226725  -0.55684859 -0.5766114  -0.49637553 -0.53141308 -0.39095542
 -0.40303269 -0.28596631 -0.16114219 -0.1836486  -0.19744481 -0.11467645
 -0.17397046 -0.22816722 -0.30155244 -0.29557881 -0.39133823 -0.38403443
 -0.46338686 -0.4901073  -0.49012819 -0.46713355 -0.41574964 -0.33891493
 -0.49102959 -0.41220969 -0.33285192 -0.27504653  0.13377136  0.67276144
  0.68381488]
[-1.67675644e-01 -7.65129551e-02 -2.66952127e-01 -3.55748326e-01
 -3.98717076e-01 -3.21620226e-01 -4.95367885e-01 -3.78208458e-01
 -1.53400436e-01 -3.12124453e-02 -7.49702528e-02  1.03547075e-03
 -4.13916409e-02 -2.65847802e-01 -4.82824177e-01 -5.00767767e-01
 -5.44138730e-01 -2.82202065e-01 -3.26361954e-01 -2.30245337e-01
 -3.56810033e-01 -4.50292349e-01 -4.83558804e-01 -5.33720493e-01
 -8.64579082e-01 -7.49184549e-01 -8.52777958e-01 -6.73479974e-01
 -3.34319733e-02 -2.58472800e-01 -7.58283734e-01  4.91156638e-01
  1.30095994e+00]
[-3.58479917e-02 -4.75480407e-02 -2.14043990e-01 -3.07254970e-01
 -4.75456744e-01 -4.55675364e-01 -5.10079920e-01 -2.68783301e-01
 -3.31854708e-02  4.30921875e-02  5.06538041e-02  9.02323350e-02
 -8.58764106e-04 -2.40326628e-01 -4.21944588e-01 -4.27254170e-01
 -6.52806342e-01 -5.87522805e-01 -6.89683855e-01 -5.47753632e-01
 -4.97783780e-01 -4.59311247e-01 -4.59374815e-01 -5.13248503e-01
 -7.90279388e-01 -7.95613706e-01 -8.86215031e-01 -6.85854435e-01
 -1.02440594e-02  2.51590107e-02 -1.87277660e-01  9.27629530e-01
  1.55660784e+00  2.11589769e-01 -1.41581035e+00 -2.14244199e+00
 -2.56472754e+00]
[-0.95123744 -0.53504306 -0.49528033 -0.41892895 -0.40988898 -0.42626286
 -0.46169835 -0.48236045 -0.58656156 -0.50635898 -0.38551718 -0.3375434
 -0.32894146 -0.31959769 -0.16784175  0.0440723  -0.17902501 -0.52529937
 -0.57709843 -0.44039476 -0.41877973 -0.3792564  -0.26449853 -0.16206436
  0.00817975  0.07365254  0.08928812  0.06587914  0.03184279  0.00274595
 -0.06198682 -0.12942438 -0.0810204  -0.0636187   0.02883551  0.17787609
  0.28195235  0.33624026  0.43489975  0.44142067]
[-0.4494909  -0.60822546 -0.75436634 -0.83621025 -0.87021661 -0.93352425
 -0.92224312 -1.01682997 -1.01974189 -0.96751171 -0.94518095 -0.97003424
 -0.62644511 -0.06019602 -0.20491123 -0.81819737 -0.99570245 -0.70113528
 -0.70272899 -0.86096442 -0.64020884 -0.39606962 -0.44714534 -0.60929739
 -0.83788985 -1.09100163 -0.98874587 -0.9675442  -0.74996316 -0.4746244
 -0.41409096 -0.24650855 -0.01865967  0.11882234  0.17185393  0.22438201
  0.3117978   0.4348112   0.48263684  0.55740517  0.64216566  0.75284427
  0.82715249  0.88549489  0.95660257  1.02263772]
[ 0.12892154  0.15767659  0.24700189  0.22943597  0.24041004  0.23307888
  0.17417593  0.15718506  0.13421138  0.04525409 -0.031207   -0.10540858
 -0.18335557 -0.29499623 -0.36488932 -0.38675627 -0.40489379 -0.37932524
 -0.42106426 -0.46642691 -0.39886257 -0.4035548  -0.55080366 -0.4759886
 -0.21720733 -0.65671647 -1.6263423  -1.89632487 -1.45405209 -1.3339504
 -1.63134515 -1.5546819  -1.41430533 -1.72524226 -1.80717504 -1.90614605
 -2.01342583 -1.68783534 -1.50095677 -1.16983235 -0.84443706 -0.62169063
 -0.27644825 -0.03513938  0.19232941  0.25503436  0.36089838  0.51269841
  0.62920195  0.7330541   0.80733734]
[-0.53724569 -0.62314451 -0.44093639 -0.59516799 -1.36847115 -1.8859458
 -1.67343235 -1.31631911 -1.48677182 -1.64812839 -1.54507363 -1.70891869
 -1.84844995 -1.79561579 -1.81026721 -1.63805997 -1.32432497 -1.09887612
 -0.82087564 -0.58903766 -0.29767925 -0.02517693  0.19683163  0.30565965
  0.39068466  0.52524203  0.63750017  0.76027524  0.8202284   0.87608349
  0.94461226  1.01259339  1.08312094  1.14620411  1.19656813  1.24499416
  1.28437269  1.30812335  1.324875    1.34068382  1.31876755  1.3237102
  1.26861012  1.19990659  1.14300859  1.04212582  0.91838157  0.78325307
  0.69459623  0.59363753  0.48242351]
[-0.10857578 -0.1727788  -0.27621341 -0.33724406 -0.36083525 -0.37802771
 -0.36006737 -0.38924164 -0.43178666 -0.37462449 -0.38183776 -0.52075553
 -0.49347633 -0.2984941  -0.67663491 -1.53740501 -1.83214462 -1.49208415
 -1.34048939 -1.58850133 -1.60853732 -1.5486325  -1.81903911 -1.88934052
 -1.92096603 -1.95310402 -1.63631725 -1.4194119  -1.10580003 -0.80359524
 -0.57528716 -0.24737637 -0.00312756  0.22776328  0.2985861   0.40198901
  0.54601562  0.66088557  0.76465446  0.83386713  0.88365853  0.9741388
  1.03660679  1.10579026  1.17869794  1.22425914  1.28563654  1.30591488
  1.35015261  1.37516916  1.38547015]
[ 9.12173986e-02  7.40126595e-02  6.89018369e-02  1.01160700e-03
 -2.24869065e-02 -6.95386380e-02 -1.27224028e-01 -2.10453779e-01
 -2.72096634e-01 -3.35572511e-01 -4.15323973e-01 -4.71909732e-01
 -6.16807163e-01 -7.31802344e-01 -7.78743804e-01 -8.79159868e-01
 -1.01043761e+00 -9.33869064e-01 -6.74048007e-01 -7.48766780e-01
 -1.15612721e+00 -1.34148288e+00 -1.14451659e+00 -1.05567873e+00
 -1.08539963e+00 -9.55911517e-01 -8.26342404e-01 -9.25824940e-01
 -1.02587068e+00 -1.18926656e+00 -1.35138714e+00 -1.23925257e+00
 -1.18852997e+00 -1.00619066e+00 -7.64067471e-01 -6.18853331e-01
 -4.37954128e-01 -2.23255083e-01 -1.61921438e-02  8.97430256e-02
  2.06553191e-01  3.19392443e-01  4.58658725e-01  5.70613682e-01
  6.74939454e-01  7.63838470e-01  8.78523469e-01  9.52037632e-01
  1.01833534e+00  1.06776667e+00  1.10799503e+00  1.12980735e+00
  1.10790408e+00  1.12313974e+00  1.12635827e+00  1.11737382e+00
  1.09333348e+00  1.08436072e+00  1.03723276e+00  1.00562310e+00]
[ 1.45421401e-01  1.15431137e-01  9.48525742e-02  9.87399593e-02
  5.49828485e-02  1.46593607e-04 -3.77590507e-02 -8.04390535e-02
 -1.58722728e-01 -2.26623356e-01 -2.31171712e-01 -2.64861137e-01
 -3.12977612e-01 -3.56887758e-01 -4.69759464e-01 -5.56866288e-01
 -6.60387993e-01 -7.79038966e-01 -8.76461208e-01 -7.48062670e-01
 -7.31212378e-01 -1.11588538e+00 -1.47623336e+00 -1.40537119e+00
 -1.19745862e+00 -1.18219304e+00 -1.15893245e+00 -1.01084709e+00
 -1.08738518e+00 -1.23070443e+00 -1.36655295e+00 -1.49071801e+00
 -1.47294283e+00 -1.30355370e+00 -1.15473664e+00 -9.26790893e-01
 -7.07573533e-01 -5.33169568e-01 -3.13123912e-01 -8.90093371e-02
  3.98388170e-02  1.60163417e-01  2.84004569e-01  3.96377027e-01
  5.60819745e-01  6.48281634e-01  7.48796821e-01  8.46353233e-01
  9.25456285e-01  1.01516271e+00  1.06487465e+00  1.11616731e+00
  1.15318668e+00  1.14568877e+00  1.16850150e+00  1.17908049e+00
  1.18543613e+00  1.15196335e+00  1.15622783e+00  1.12401342e+00
  1.07387984e+00  1.02337539e+00  9.62829173e-01  8.80040765e-01]
[ 0.14977984  0.14115612  0.11896627  0.10282672  0.09861625  0.0479501
  0.00570503 -0.04069639 -0.09810312 -0.16616005 -0.23056814 -0.24024057
 -0.27250186 -0.2776702  -0.31460094 -0.41191864 -0.4961389  -0.6019206
 -0.73210734 -0.83042783 -0.687051   -0.75332451 -1.23274899 -1.58949149
 -1.46205306 -1.21194375 -1.2273463  -1.23033929 -1.10918272 -1.23512149
 -1.39166665 -1.47992933 -1.5699544  -1.49213743 -1.29866207 -1.12288845
 -0.87857801 -0.67888379 -0.46429002 -0.23781356 -0.03387345  0.09002236
  0.19751287  0.3307589   0.45057592  0.60147262  0.68942279  0.78206241
  0.87141711  0.94947284  1.02948165  1.08140218  1.12589633  1.16298127
  1.16884375  1.18949509  1.19884515  1.20194435  1.17719376  1.17089057
  1.13503337  1.08435297  1.02974558  0.96625543  0.87520987  0.76667088]
