[-0.00685625 -0.00640099  0.00176553 -0.00239551 -0.01142264 -0.00861916
 -0.01029238 -0.01247392 -0.02467907 -0.0103686 ]
[-0.05683928 -0.04488171 -0.03533007 -0.02730501 -0.02200201 -0.01653386
 -0.01222552 -0.01008187 -0.0078194  -0.00945964 -0.01200256 -0.01187792]
[-2.63286948 -4.30205917 -1.86676931 -1.48550606 -4.43227148 -2.98856425
 -1.62116349 -2.12951684 -1.69994569 -3.06874108 -6.2100873  -4.7526226
 -4.56910992]
[0.51367456 0.49333769 0.49473611 0.48575401 0.47522604 0.51065958
 0.46520251 0.49916646 0.46570992 0.47843555 0.44517776 0.40092945
 0.38494956]
[-0.21233892 -0.19094592 -0.18324043 -0.16614796 -0.15657753 -0.1409151
 -0.12939851 -0.10580356 -0.08496457 -0.0646583  -0.05639139 -0.04371271
 -0.04374715 -0.03828535 -0.03217965 -0.03747464 -0.02239323  0.01549052
 -0.00593131]
[-0.22180349 -0.19617294 -0.17722417 -0.16197139 -0.15048204 -0.13095143
 -0.10989125 -0.08918737 -0.07369846 -0.05022702 -0.02815306 -0.02289435
 -0.01999271 -0.02588634 -0.02790698 -0.03256968 -0.04687571 -0.02136608
  0.00824878 -0.02277322]
[-0.60580593 -0.54467213 -0.54636455 -0.47373238 -0.48688731 -0.36966765
 -0.37843701 -0.27348807 -0.17602479 -0.1828946  -0.19570577 -0.11471123
 -0.14691642 -0.19838932 -0.26502144 -0.26785845 -0.36984691 -0.37022242
 -0.44531724 -0.45676252 -0.46086481 -0.44125849 -0.40180582 -0.32729244
 -0.45708394 -0.38725579 -0.30972421 -0.23831995  0.14118744  0.55056596
  0.41862494]
[-0.26151991 -0.14723991 -0.31995586 -0.36943057 -0.3803232  -0.24301612
 -0.45093757 -0.31728885 -0.11608382 -0.03416272 -0.15052444 -0.00811031
 -0.06757458 -0.25038728 -0.38790753 -0.45487669 -0.53830445 -0.25525054
 -0.31388479 -0.22820409 -0.42098397 -0.56765485 -0.51393747 -0.5401777
 -0.86241919 -0.7227897  -0.81851214 -0.57586372  0.02680353 -0.25621715
 -0.53043544  0.5943799   1.02422953]
[-0.15059377 -0.12563528 -0.28660756 -0.31424016 -0.35223278 -0.30908248
 -0.36182052 -0.2081641  -0.04302995  0.03207193  0.00892746  0.05069003
  0.04075557 -0.21106744 -0.42414796 -0.48879239 -0.64853579 -0.43221766
 -0.40909439 -0.28603539 -0.36543989 -0.45594963 -0.49839109 -0.55240971
 -0.82178491 -0.7295891  -0.81306231 -0.59387201  0.06686231 -0.15904614
 -0.66965652  0.22589517  0.76077795 -0.45351142]
[ 0.14305559 -0.01822397 -0.19266172 -0.32870805 -0.42924002 -0.37949917
 -0.40019765 -0.1878863  -0.0841955   0.04268694 -0.02945282  0.04075716
 -0.00642362 -0.2066575  -0.40239817 -0.47388181 -0.71014351 -0.62178624
 -0.66787553 -0.48201117 -0.44492602 -0.42981005 -0.45343211 -0.49179766
 -0.79235595 -0.72737336 -0.80121416 -0.60602641  0.03808099 -0.04215071
 -0.38630199  0.32196686  0.74846041 -0.24830589 -1.41589987 -1.83999908]
[-0.15840115 -0.14224009 -0.24378255 -0.30540666 -0.40143225 -0.41634879
 -0.45197466 -0.33023527 -0.24621281 -0.23737942 -0.23882584 -0.22729379
 -0.26482996 -0.38748071 -0.50888062 -0.5244574  -0.67720097 -0.65012139
 -0.67901188 -0.58156842 -0.52902335 -0.49602821 -0.493218   -0.50974667
 -0.6308347  -0.62449628 -0.62495148 -0.49682459 -0.12134299 -0.09937008
 -0.30819142  0.04608935  0.24887502 -0.38194162 -1.04355681 -1.27525556
 -1.34721541]
[-0.52271092 -0.66603249 -0.74235332 -0.78962928 -0.85441148 -0.84519237
 -0.94139004 -0.95944703 -0.92062497 -0.93114519 -0.97221655 -0.67069644
 -0.15680622 -0.27573317 -0.82573491 -1.00823903 -0.75537378 -0.75394148
 -0.88526011 -0.69182712 -0.46091446 -0.4819217  -0.62915665 -0.84810293
 -1.07473576 -0.98345375 -0.94929332 -0.73779517 -0.47035962 -0.4077844
 -0.25868773 -0.06130707  0.06418938  0.11646987  0.16180146  0.24899691
  0.36135039  0.42561287  0.49443218  0.58286548  0.69294226  0.77825695
  0.83808374  0.9110831 ]
[-0.18424813 -0.28843066 -0.42232642 -0.5776692  -0.68501341 -0.74830294
 -0.82123655 -0.86089271 -0.91545421 -0.96668118 -0.97704655 -0.98515469
 -0.98165321 -0.85641533 -0.44892845 -0.30878514 -0.64974737 -0.9812637
 -0.8945263  -0.7966224  -0.85588431 -0.77391648 -0.52054983 -0.49297774
 -0.6153754  -0.81494212 -1.02740848 -1.06501949 -0.98356491 -0.8512826
 -0.63206774 -0.47255495 -0.36609852 -0.1715889   0.02079268  0.12115607
  0.2226126   0.30158797  0.39488393  0.50912803  0.57579118  0.6554879
  0.75038338  0.82351774  0.90481871  0.94358063  1.00911427  1.02993739
  1.00857782]
[-0.09107862 -0.14917934 -0.26457945 -0.41308811 -0.56619507 -0.6669398
 -0.731969   -0.83470201 -0.85685211 -0.95358551 -0.99121374 -0.99062502
 -1.00437629 -1.00957775 -0.79460061 -0.39669329 -0.41972548 -0.8010776
 -1.00977957 -0.86110806 -0.81329042 -0.85389179 -0.69810313 -0.51645803
 -0.56126547 -0.71784145 -0.90500772 -1.09711552 -1.06120741 -0.99578428
 -0.83052766 -0.59949952 -0.47947383 -0.33123708 -0.11876234  0.05822211
  0.16609442  0.26058775  0.34928769  0.47203153  0.55824089  0.63540757
  0.71632075  0.81146222  0.88414675  0.94154364  0.98412174  1.03506625
  1.03519332  1.02344978  1.04996562]
[ 0.15000226  0.1059735   0.09240344  0.08818242  0.03782739  0.00645754
 -0.03629037 -0.10120827 -0.16617386 -0.2087727  -0.22323774 -0.29590887
 -0.33057132 -0.4284811  -0.54269159 -0.62249696 -0.74253577 -0.86489511
 -0.93263209 -0.76893103 -0.74609405 -1.11622584 -1.40953207 -1.31915092
 -1.13848448 -1.15772128 -1.14405227 -1.01070607 -1.08483529 -1.2233758
 -1.33753359 -1.44109643 -1.36844921 -1.2385335  -1.07406545 -0.83697003
 -0.65477574 -0.47577173 -0.257469   -0.04780875  0.08456926  0.20220992
  0.321412    0.45128638  0.5875237   0.67740285  0.76833177  0.87086993
  0.94353116  1.02116299  1.06277788  1.10290241  1.13988185  1.12695587
  1.13812554  1.1522131   1.14145184  1.12138057  1.10339689  1.07831907
  1.03537655  0.97600132  0.91949975]
[ 0.02410793 -0.03450688 -0.07699691 -0.12595569 -0.19098687 -0.22633067
 -0.24698345 -0.25773451 -0.26122963 -0.27798599 -0.30440933 -0.29276368
 -0.33165506 -0.47266719 -0.50150186 -0.50926352 -0.88803595 -1.462749
 -1.65461457 -1.54477918 -1.65437138 -1.95206046 -1.96873617 -1.9004792
 -1.96642864 -1.8259455  -1.71012926 -1.5965991  -1.3019799  -1.09084749
 -0.82507288 -0.5665378  -0.33428988 -0.04713137  0.15110289  0.32906049
  0.41917446  0.52930886  0.64689273  0.7280376   0.79590839  0.83783412
  0.87846953  0.94962335  0.99788976  1.05631447  1.11622906  1.15632129
  1.20876646  1.23410606  1.25574017  1.27414382  1.27291071  1.24908769
  1.2336911   1.15556264  1.08744919  1.01273191  0.89282995  0.7721591
  0.65632993  0.56254035  0.46229666  0.36032367]
[ 0.14689937  0.1644012   0.20193641  0.20916978  0.20779109  0.18894678
  0.16429268  0.14508563  0.11801285  0.05887065  0.00271825 -0.05439196
 -0.10705467 -0.18634509 -0.24174805 -0.26191676 -0.28162068 -0.28540397
 -0.29636627 -0.3331244  -0.30501223 -0.28402057 -0.36396527 -0.41146073
 -0.36081907 -0.72691596 -1.42483473 -1.73950052 -1.57649827 -1.51117063
 -1.75480855 -1.77224314 -1.67508352 -1.83944821 -1.85254896 -1.80531049
 -1.78479385 -1.54690063 -1.30604219 -1.04378819 -0.77154267 -0.53589916
 -0.24548605 -0.02468547  0.17221314  0.26842737  0.38197395  0.52207625
  0.6113953   0.71531051  0.77859199  0.83513427  0.9122591   0.96847779
  1.03523099  1.10158217  1.14731908  1.20444548  1.2345072   1.27348077
  1.29543936  1.306795    1.28274846  1.28518271]
[ 1.38243482e-01  1.48342520e-01  1.06908239e-01  9.65965986e-02
  9.50740874e-02  3.49258408e-02  1.32813526e-03 -4.47696485e-02
 -1.09701589e-01 -1.73614681e-01 -2.23738790e-01 -2.25589663e-01
 -2.78650910e-01 -2.90139645e-01 -3.72480124e-01 -4.73926216e-01
 -5.49528658e-01 -6.77062213e-01 -8.14511776e-01 -9.05480385e-01
 -7.68711865e-01 -7.89731801e-01 -1.19548917e+00 -1.47387588e+00
 -1.35478711e+00 -1.18029916e+00 -1.22961092e+00 -1.25111461e+00
 -1.13330150e+00 -1.23112488e+00 -1.36685753e+00 -1.44753051e+00
 -1.51405501e+00 -1.40747023e+00 -1.25444746e+00 -1.06306458e+00
 -8.06207776e-01 -6.18308544e-01 -4.19060588e-01 -1.98389947e-01
  5.19308727e-03  1.31400585e-01  2.47200876e-01  3.73614997e-01
  5.02049148e-01  6.32736802e-01  7.16415048e-01  8.04166615e-01
  8.97814274e-01  9.67002630e-01  1.04213536e+00  1.08494723e+00
  1.12314820e+00  1.16081035e+00  1.15383029e+00  1.16795039e+00
  1.17985177e+00  1.17240107e+00  1.14956081e+00  1.13320041e+00
  1.10377431e+00  1.05662191e+00  9.92517233e-01  9.33800995e-01
  8.40197504e-01]
[ 0.15351529  0.14522363  0.12155022  0.10852834  0.10443291  0.05443811
  0.01307816 -0.03385077 -0.09007391 -0.15519929 -0.21880099 -0.22716254
 -0.25942659 -0.2641246  -0.30189157 -0.39674523 -0.47844842 -0.58587998
 -0.7180559  -0.8150503  -0.67895478 -0.76200026 -1.24771655 -1.59294271
 -1.46377444 -1.21800482 -1.23969984 -1.25180292 -1.14106917 -1.26215661
 -1.41288579 -1.49264133 -1.57020342 -1.48083949 -1.28784013 -1.11007822
 -0.86674887 -0.66902655 -0.45305881 -0.2271681  -0.02652458  0.09461503
  0.20154367  0.33630058  0.45749325  0.60489011  0.69154793  0.78154737
  0.87110543  0.94972807  1.02525878  1.07616317  1.12042093  1.15686095
  1.16325855  1.18350506  1.1930536   1.19515669  1.16897547  1.16149652
  1.1251018   1.07308459  1.01747763  0.95309794  0.8611989   0.75220442]
