[0.23169433 0.14095299 0.01503439 0.00028632]
[0.26819056 0.16224982 0.09796725 0.02939069 0.0307227 ]
[ 0.00333738  0.00622799  0.01532315  0.00624116  0.00360421  0.00704446
  0.00146238  0.00376519 -0.0085633   0.00408229]
[0.55298203 0.52843994 0.51336068 0.52058578 0.52671933 0.52756858
 0.51075095 0.49425897 0.44232523 0.46814868 0.41200426 0.3764486
 0.38296387]
[-2.62580037 -3.18444347 -1.1711849   3.73189926  2.90143919 -2.4637711
 -1.87287903 -0.11871888 -0.92342275 -2.98002696 -1.66225433 -0.7284987
 -1.65807819]
[-2.37557101 -0.19295904 -0.79024863 -1.00730968 -1.86342692 -3.88725591
 -2.77252197 -2.74272394 -1.9086473  -0.4301905  -0.11987931  0.8879745
  1.93356442]
[-0.09350841 -0.07888722 -0.0632355  -0.04916843 -0.03882045 -0.03136012
 -0.02652232 -0.02552216 -0.02595291 -0.02516814 -0.02494637 -0.02552916
 -0.02662859 -0.02554522 -0.02651605]
[-0.21025954 -0.18785276 -0.18556841 -0.16914208 -0.15669486 -0.13415399
 -0.11884711 -0.09241341 -0.07315588 -0.05474741 -0.04644035 -0.03858281
 -0.04408315 -0.04163294 -0.03716328 -0.04483777 -0.02141838  0.02411112
 -0.00639322]
[-5.33500910e-01 -4.32259142e-01 -5.36560178e-01 -4.87360686e-01
 -5.26185036e-01 -4.15652603e-01 -4.56935048e-01 -2.98689157e-01
  1.02920420e-02  1.20956525e-01 -1.76311702e-01  2.17575729e-01
 -1.42628571e-03 -1.80138752e-01 -2.75724381e-01 -2.81018883e-01
 -2.95549750e-01 -1.55929312e-01 -3.73339236e-01 -3.22250843e-01
 -6.17663741e-01 -6.63403392e-01 -6.23900533e-01 -5.56071520e-01
 -7.86274850e-01 -7.64982998e-01 -7.12785304e-01 -4.36056703e-01
  2.60657854e-02  2.21950617e-02  6.89059019e-01  1.94224191e+00]
[ 0.10271394  0.1192832  -0.08595624 -0.28828761 -0.39672232 -0.32343018
 -0.35404786 -0.10005533  0.0755163   0.23980616  0.15478365  0.15821622
  0.05063137 -0.2116826  -0.38401902 -0.39638463 -0.71567488 -0.62411189
 -0.62009072 -0.38824439 -0.41387874 -0.38398099 -0.41839308 -0.54870015
 -0.91872078 -0.79862779 -0.84543794 -0.60453635  0.11500863 -0.140266
 -0.64115447  0.60854465  1.38529766 -0.23785283 -2.40200973]
[-0.60931933 -0.70592397 -0.74386644 -0.82184994 -0.80089217 -0.90442914
 -0.92686963 -0.88543963 -0.89765179 -0.97550917 -0.64868933 -0.0411729
 -0.2080458  -0.92253202 -1.15439856 -0.84894288 -0.86592418 -1.00405347
 -0.7520119  -0.52141392 -0.5206567  -0.67982954 -0.90211695 -1.1596421
 -1.04544711 -1.00933802 -0.78326201 -0.48136973 -0.43285531 -0.27151912
 -0.05115496  0.05959122  0.09627517  0.11677761  0.18063612  0.29999319
  0.34945932  0.4229123   0.51120633  0.62202573  0.71668375  0.78258574
  0.85745871]
[-0.50389999 -0.64613217 -0.73183495 -0.76652181 -0.83721983 -0.82096672
 -0.9214372  -0.94181544 -0.90370572 -0.91855824 -0.98314863 -0.6508022
 -0.05256661 -0.21192409 -0.89528054 -1.12515497 -0.82130414 -0.83792484
 -0.97644788 -0.73569059 -0.49318045 -0.49601576 -0.65087909 -0.87519705
 -1.1338594  -1.0318836  -1.00238085 -0.77359051 -0.47857448 -0.43241909
 -0.27624565 -0.05416917  0.06644256  0.10911427  0.13899177  0.2129904
  0.33133256  0.38150477  0.45569569  0.54441071  0.65524822  0.7440033
  0.81160849  0.88394374]
[-0.39777103 -0.55752492 -0.71101785 -0.7976619  -0.82161349 -0.88961124
 -0.87953019 -0.97152478 -0.98321193 -0.93163794 -0.91842675 -0.95081258
 -0.63459831 -0.04396642 -0.17194708 -0.82502431 -1.07715797 -0.78559017
 -0.77191508 -0.92030865 -0.6990068  -0.42174172 -0.44769704 -0.58543164
 -0.81093699 -1.08998954 -1.00861633 -0.98673534 -0.77227646 -0.48616168
 -0.42695338 -0.26298442 -0.03876453  0.10075019  0.15143827  0.19614494
  0.28037369  0.39423543  0.44786718  0.51947689  0.60148621  0.70722806
  0.78196108  0.84434199  0.91242903  0.98075867]
[-9.59060155e-04 -1.27445027e-01 -1.97145566e-01 -3.27093363e-01
 -4.76428747e-01 -6.29500985e-01 -7.01701522e-01 -7.73130596e-01
 -8.50933254e-01 -8.85253489e-01 -9.54941511e-01 -9.96206999e-01
 -9.80673432e-01 -9.78877485e-01 -9.78608429e-01 -5.84556341e-01
 -2.67243981e-01 -5.67888319e-01 -1.05368924e+00 -1.00901330e+00
 -7.98071265e-01 -9.05085862e-01 -9.16085839e-01 -5.84030807e-01
 -5.16813576e-01 -5.83467543e-01 -7.52846837e-01 -9.95370269e-01
 -1.14121938e+00 -1.05986202e+00 -9.55122054e-01 -7.45089173e-01
 -5.35199523e-01 -4.24305618e-01 -2.14812204e-01 -9.61351115e-03
  1.15973055e-01  2.18272015e-01  3.16320866e-01  3.93075049e-01
  5.22816241e-01  5.77781975e-01  6.51334107e-01  7.55951941e-01
  8.20071936e-01  9.00783122e-01  9.47637141e-01  9.94873405e-01
  1.03840756e+00  1.00443137e+00  1.02342713e+00]
[ 0.11099996  0.09571654  0.0640875  -0.00786118 -0.028465   -0.07339811
 -0.15339358 -0.24310176 -0.30573478 -0.38043612 -0.47406685 -0.55453092
 -0.67873383 -0.77042311 -0.84320706 -0.93103284 -1.0258342  -0.82449329
 -0.60850632 -0.88155669 -1.29511499 -1.31090903 -1.11170363 -1.11122859
 -1.07630122 -0.83377188 -0.84209174 -0.93234897 -1.06651509 -1.23814845
 -1.33003128 -1.21802104 -1.09851909 -0.90785295 -0.68465966 -0.56153893
 -0.35500625 -0.12647712  0.01626747  0.1438093   0.2495722   0.35562584
  0.50405878  0.5957067   0.68620795  0.80426759  0.88294804  0.96895766
  1.02460837  1.07080781  1.11578107  1.09291744  1.10266221  1.12260151
  1.10741973  1.08466876  1.08375633  1.06477785  1.01906466]
[ 0.13395731  0.10584535  0.1125048   0.05968478  0.00224128 -0.03054402
 -0.07721087 -0.15614933 -0.224434   -0.26014742 -0.33711514 -0.40357703
 -0.50689739 -0.62823975 -0.7039488  -0.7988596  -0.9136892  -0.97003657
 -0.77378714 -0.67661047 -1.02706647 -1.37497151 -1.30431557 -1.13703525
 -1.14507794 -1.08105469 -0.90154076 -0.95969272 -1.07888663 -1.22834492
 -1.38459158 -1.36541665 -1.24847007 -1.10747325 -0.87725466 -0.67817634
 -0.52853805 -0.30650306 -0.07540888  0.05621352  0.17583844  0.28463686
  0.39856935  0.54718006  0.63670993  0.7298345   0.83699256  0.909199
  0.99348652  1.04549229  1.08920658  1.12144232  1.09688926  1.1180557
  1.13065624  1.1284405   1.09524417  1.0995568   1.07792759  1.02868021
  0.97758049]
[ 0.17558303  0.13677354  0.11280327  0.12128396  0.07311943  0.01765981
 -0.01698662 -0.0659195  -0.1437111  -0.21569157 -0.21772705 -0.25639939
 -0.29960248 -0.34954178 -0.45785904 -0.54877108 -0.64932966 -0.77053052
 -0.86796451 -0.71787328 -0.71966141 -1.15383422 -1.5384419  -1.4443326
 -1.21872354 -1.20567501 -1.15203273 -0.99200886 -1.09343314 -1.23435903
 -1.36603773 -1.51428962 -1.48924136 -1.32123458 -1.17491734 -0.93757218
 -0.72656584 -0.54189664 -0.31372645 -0.09646325  0.03516958  0.14543644
  0.27008927  0.38116089  0.54474616  0.63561809  0.7356109   0.83291507
  0.91168708  0.99895489  1.05644357  1.10334718  1.1387924   1.13243473
  1.15631723  1.16544914  1.17196071  1.1388433   1.14564478  1.11608028
  1.0633657   1.01462734  0.95696199  0.86838931]
[ 0.13332318  0.14106463  0.17464863  0.21137302  0.19628407  0.19095749
  0.18579029  0.15596695  0.12792459  0.09955754  0.0421419  -0.01179215
 -0.0562446  -0.11329655 -0.17797196 -0.21537705 -0.24096787 -0.25156507
 -0.25501075 -0.27841562 -0.29943606 -0.29074445 -0.34272656 -0.50019991
 -0.51325935 -0.51839685 -0.91761839 -1.50596464 -1.68224895 -1.53852594
 -1.63013554 -1.86132181 -1.83025873 -1.77013898 -1.87615812 -1.78415239
 -1.7212224  -1.63917983 -1.34388983 -1.14245558 -0.86955303 -0.61363029
 -0.39690995 -0.11668913  0.08609345  0.26367351  0.35769334  0.47150505
  0.58728504  0.67909145  0.74681163  0.80297345  0.85587639  0.93298572
  0.97938466  1.03850317  1.09868193  1.13815582  1.18894923  1.21454573
  1.23611164  1.25572801  1.25137556  1.23421299  1.22114253  1.14750433
  1.08574402  1.0161835   0.90209144  0.7875157   0.67742413  0.58519107
  0.48855409  0.38488156]
[ 0.05808725  0.06341831  0.11011982  0.13756353  0.17801397  0.21749942
  0.22496942  0.22321416  0.19456464  0.17587782  0.14430484  0.10989437
  0.05062108 -0.00378488 -0.0343651  -0.0931636  -0.14362429 -0.17729297
 -0.21869896 -0.23477845 -0.25009951 -0.25646955 -0.27069181 -0.27928442
 -0.25811493 -0.27919516 -0.35522741 -0.40539795 -0.69523084 -1.215536
 -1.55328572 -1.70662904 -1.90718687 -2.13045549 -2.13202238 -2.03497815
 -2.01680779 -1.85812378 -1.72456455 -1.61515558 -1.3983767  -1.17990935
 -0.90961403 -0.65289509 -0.39154109 -0.11940954  0.09159116  0.2787849
  0.40492621  0.527215    0.62582046  0.68123388  0.749116    0.79512322
  0.8406828   0.89323866  0.94288099  1.00918758  1.06881261  1.11246264
  1.16980457  1.20997751  1.24096763  1.26132154  1.26652384  1.25835347
  1.2529273   1.18100166  1.12062681  1.0499686   0.92474002  0.80786121
  0.69684625  0.58680391  0.48663321  0.37568024  0.26089153  0.20366533]
