[-1.47828632 -1.47140844 -1.44052306 -1.55774586 -1.48029523 -1.46860012
 -1.45267872 -1.50396857 -1.51342639 -1.53432586 -1.54423209 -1.57021694
 -1.59189375 -1.59343149 -1.59287196 -1.60408443 -1.60951702 -1.60468334
 -1.58359424 -1.5845478  -1.56718079 -1.55338297 -1.56736735 -1.55368798
 -1.49953474 -1.47934325 -1.45670833 -1.41552443 -1.39218672 -1.32537549
 -1.35637221 -1.37079878 -1.29757621 -1.24111065 -1.19829773 -1.19036177
 -1.15532029 -1.09594882 -1.06765916 -1.02870291 -0.99151031 -0.89610401
 -0.82567132 -0.62450497 -0.61566572 -0.4888357  -0.36493491 -0.21870544
 -0.04568002  0.32216429  0.48950172  0.87181906  0.95657638  1.03361543
  0.95995786  0.89423277  0.6672798   0.37599144  0.10390516 -0.08122468
 -0.3371868  -0.51395451 -0.60752938 -0.74222774 -0.78651357 -0.8192417
 -0.82993022 -0.8226733  -0.8270009  -0.83262251 -0.81905164 -0.85124051
 -0.84243945 -0.90096883 -0.80327662 -0.95853131 -0.98356997 -1.00182334
 -1.01332958 -1.02651612 -1.02306508 -1.02303601 -1.02151588]
[-1.32318702 -1.30160758 -1.26289528 -1.27531399 -1.28064325 -1.24200796
 -1.2311042  -1.26346722 -1.25224928 -1.24571591 -1.26003103 -1.22921674
 -1.21383478 -1.18799905 -1.15645854 -1.15172473 -1.10257411 -1.07727423
 -1.03548412 -1.00638295 -0.96054011 -0.93080198 -0.92495554 -0.90053984
 -0.82932426 -0.7970519  -0.76427885 -0.7203225  -0.68929148 -0.62138428
 -0.62303637 -0.60224147 -0.59039372 -0.529004   -0.4963846  -0.47916788
 -0.43757099 -0.36815257 -0.33494026 -0.30053968 -0.20419855 -0.06190196
 -0.05182569  0.0639482   0.17898656  0.31767512  0.44963273  0.60003251
  0.78185048  1.16152476  1.31215527  1.59239065  1.75862908  1.83028743
  1.83151969  1.76051226  1.61858732  1.28122261  1.03689663  0.87901583
  0.651486    0.49762799  0.37044332  0.30199435  0.27079687  0.24909879
  0.24660358  0.2592906   0.25392566  0.25865581  0.20049499  0.24087961
  0.23631955  0.18598494  0.14130457  0.11454307  0.07916677  0.04864922]
[-1.47838872 -1.42181926 -1.44061513 -1.47149884 -1.48037428 -1.44233704
 -1.43123764 -1.48364947 -1.5134874  -1.52755397 -1.55795335 -1.58309033
 -1.59194887 -1.53951446 -1.5610916  -1.60498639 -1.60958105 -1.60177653
 -1.59623081 -1.58461938 -1.56725517 -1.5534609  -1.56744847 -1.54070824
 -1.49962426 -1.50383336 -1.4329222  -1.39681712 -1.39230073 -1.35674566
 -1.34509697 -1.33944851 -1.2977245  -1.24126324 -1.19845491 -1.19052169
 -1.15548    -1.13362785 -1.06012694 -1.02885159 -0.95634593 -0.89623248
 -0.80549084 -0.82586035 -0.59600409 -0.49179664 -0.36500047 -0.17834089
 -0.04572628  0.32212587  0.51402588  0.77519669  0.8659254   1.02120663
  0.97685184  0.87980612  0.6559519   0.37249611  0.10390301 -0.08122394
 -0.33718276 -0.51394761 -0.61872906 -0.74221589 -0.76474441 -0.82913493
 -0.82990963 -0.80321879 -0.82697476 -0.83259385 -0.8254652  -0.86784883
 -0.84240449 -0.90093136 -0.8988547  -0.95848993 -0.98352711 -1.02099927
 -1.01328219 -1.02646637 -1.02492923 -1.02298249 -1.02146025]
[-1.32318661 -1.30160705 -1.26289447 -1.27531287 -1.28064175 -1.24200605
 -1.22715377 -1.26346461 -1.25224619 -1.24571037 -1.26002693 -1.22624011
 -1.21685933 -1.18799281 -1.15645157 -1.15171687 -1.10256522 -1.07689746
 -1.03547327 -1.00637113 -0.96052734 -0.9329126  -0.92494101 -0.8972638
 -0.82930865 -0.79703569 -0.76426227 -0.72030536 -0.68927392 -0.62136607
 -0.6250298  -0.6022225  -0.59037456 -0.52898475 -0.49636541 -0.47915371
 -0.43659969 -0.36812943 -0.33492086 -0.29684841 -0.20417957 -0.06188095
 -0.05180761  0.06396587  0.17900381  0.3176919   0.44964886  0.60004812
  0.78186566  1.16154598  1.31216933  1.59530565  1.75864227  1.82923939
  1.8315321   1.76052455  1.61859923  1.28121989  1.04180845  0.87902746
  0.65149761  0.49764918  0.36725627  0.30202026  0.27081012  0.24911278
  0.24661815  0.25930578  0.25393553  0.25867237  0.20051217  0.24089746
  0.23633799  0.18600349  0.14130926  0.11456246  0.07918611  0.04866838]
[0.4372562  0.42931367 0.44805679 0.45540212 0.43136751 0.45233945
 0.47262494 0.43852767]
[0.84425612 0.8240363  0.84945736 0.85907175 0.82464902 0.84841
 0.87237915 0.81800143]
[0.7764269  0.75761708 0.78112836 1.0257734  0.75711548 0.77935912
 0.80276438 0.75294873]
[ 1.25720000e+00  1.21800000e+00  1.16770000e+00  1.15570000e+00
  1.11860000e+00  1.09520000e+00  1.13230000e+00  1.17180000e+00
  1.20290000e+00  1.17740000e+00  1.10960000e+00  1.07050000e+00
  9.80800000e-01  9.08180000e-01  7.99350000e-01  5.95920000e-01
  5.19936062e-01  5.17870000e-01  4.06500000e-01  3.97571352e-01
  1.96160000e-01  9.45370000e-02  2.97010000e-02 -8.29220000e-02
 -2.38390000e-01 -3.23780000e-01 -4.28690000e-01 -5.38170000e-01
 -6.41020000e-01 -7.49320000e-01 -8.62320000e-01 -9.83910000e-01
 -1.10100000e+00 -1.21000000e+00 -1.31140000e+00 -1.32902202e+00
 -1.54030000e+00 -1.65470000e+00 -1.75350000e+00 -2.01104846e+00
 -1.96825090e+00 -1.98840000e+00 -2.05580000e+00 -2.10740000e+00
 -2.24424043e+00 -2.34910000e+00 -2.44730000e+00 -2.49008360e+00
 -2.68990000e+00 -2.79830000e+00 -2.74065840e+00 -3.01100000e+00
 -3.09010000e+00 -3.12820000e+00 -3.14630000e+00 -3.16353109e+00
 -3.23750000e+00 -3.25570000e+00 -3.25940000e+00 -3.22720000e+00
 -3.19390000e+00 -3.17350000e+00 -3.13320000e+00 -3.03620000e+00
 -3.07800000e+00 -3.08390000e+00 -3.08340836e+00 -2.98730000e+00
 -3.08127254e+00 -2.90140000e+00 -2.84310000e+00 -2.74554556e+00
 -2.70130000e+00 -2.63130000e+00 -2.50887760e+00 -2.44530000e+00
 -2.36730000e+00 -2.29040000e+00 -2.20550000e+00 -2.10810000e+00
 -1.99850000e+00 -1.94150000e+00 -1.86200000e+00 -1.77840000e+00
 -1.69480000e+00 -1.63950000e+00 -1.59210000e+00 -1.53190000e+00
 -1.43890000e+00 -1.37970000e+00 -1.30410000e+00 -1.21610000e+00
 -1.15030000e+00 -1.07140000e+00 -9.98630000e-01 -9.19140000e-01
 -8.31840000e-01 -7.30580000e-01 -6.37140000e-01 -5.52460000e-01
 -4.46030000e-01 -3.25810000e-01 -2.24990000e-01 -1.42700000e-01
 -3.68690000e-02  7.60839230e-02  3.16680000e-01  4.76610000e-01
  6.58170000e-01  7.87770000e-01  8.47770000e-01  8.37360000e-01
  7.73230000e-01  6.50860000e-01  5.03850000e-01  3.46090000e-01
  9.86578120e-02  1.11440000e-01  1.12140000e-02 -5.90460000e-02
 -2.67201573e-01 -1.33330000e-01  5.83597881e-02 -1.51740000e-01
 -1.58790000e-01 -1.62787359e-01 -2.37240378e-01 -1.36210000e-01
 -1.19120000e-01 -1.15360000e-01 -3.02048771e-01 -1.04840000e-01
 -9.39180000e-02 -8.55420000e-02 -1.41851713e-01 -1.25914402e-01
 -7.52090000e-02 -7.69440000e-02 -7.69440000e-02 -7.13350000e-02
 -5.84560000e-02 -4.32160000e-02 -3.96360000e-02 -1.20907116e-02
 -1.99680000e-02 -1.74590000e-02 -6.83100000e-03 -1.44300000e-03
 -1.51700000e-03 -8.90000000e-04  1.62000000e-03  5.93700000e-03
  3.83400000e-03  1.62000000e-03 -1.33300000e-03 -7.45800000e-03
  2.76300000e-03  1.42400000e-02  1.51620000e-02  1.58270000e-02
  1.70440000e-02  1.43500000e-02  1.25790000e-02  1.62320000e-02
  1.22100000e-02  8.40900000e-03 -1.69853253e-02  4.19506124e-02
  1.42770000e-02]
