[-0.23473  -0.23961  -0.23746  -0.23489  -0.22777  -0.22258  -0.21985
 -0.21242  -0.20547  -0.19591  -0.17951  -0.15694  -0.13217  -0.10577
 -0.084277 -0.06777  -0.048323 -0.02481  -0.005311  0.007653  0.031797
  0.056964  0.076358  0.090949  0.10302   0.1227    0.12892   0.14228
  0.15669   0.1521    0.1558    0.16236   0.16509   0.16808   0.16981
  0.17424   0.18107   0.18755   0.20495   0.22266   0.23621   0.254
  0.26665   0.27594   0.29389   0.31525   0.32709   0.32992   0.32884
  0.31504   0.28804   0.2587    0.22917   0.20177   0.17532   0.14861
  0.1216    0.10397   0.088928  0.069876  0.060192  0.055914  0.053868
  0.053815  0.048698  0.042111  0.037203  0.028805  0.019699  0.005265
 -0.020269 -0.045962 -0.065775 -0.087662 -0.10543  -0.11341  -0.10947
 -0.093042 -0.075511 -0.059004 -0.043888 -0.028221 -0.005075]
[-1.5745e-01 -1.4743e-01 -1.3237e-01 -1.2253e-01 -1.1648e-01 -1.0433e-01
 -8.1632e-02 -5.9950e-02 -3.4062e-02 -7.6030e-03  1.2443e-02  4.0331e-02
  7.2139e-02  1.0005e-01  1.2649e-01  1.5061e-01  1.7517e-01  2.0355e-01
  2.2682e-01  2.4570e-01  2.6260e-01  2.8659e-01  3.0249e-01  3.1562e-01
  3.3380e-01  3.5699e-01  3.7010e-01  3.7306e-01  4.0217e-01  4.2751e-01
  4.4790e-01  4.8375e-01  5.1426e-01  5.4091e-01  5.5895e-01  5.8214e-01
  6.1520e-01  6.4321e-01  6.8533e-01  7.2662e-01  7.6471e-01  8.1275e-01
  8.6418e-01  9.1505e-01  9.5925e-01  9.9840e-01  1.0340e+00  1.0655e+00
  1.0972e+00  1.1294e+00  1.1546e+00  1.1630e+00  1.1458e+00  1.1109e+00
  1.0692e+00  1.0430e+00  1.0258e+00  1.0119e+00  1.0244e+00  1.0474e+00
  1.0740e+00  1.1013e+00  1.1058e+00  1.0866e+00  1.0296e+00  9.4260e-01
  8.5847e-01  7.9943e-01  7.7800e-01  7.8442e-01  8.5003e-01  9.7574e-01
  1.1205e+00  1.2745e+00  1.4241e+00  1.5518e+00  1.6516e+00  1.7121e+00
  1.7534e+00  1.8150e+00  1.8748e+00  1.9138e+00  1.9567e+00  1.9953e+00
  2.0167e+00  2.0158e+00  1.9859e+00  1.9446e+00  1.8905e+00  1.8242e+00
  1.7575e+00  1.6813e+00  1.5777e+00  1.4635e+00  1.3381e+00  1.2075e+00
  1.0884e+00  9.8381e-01  8.9529e-01  8.2274e-01  7.6788e-01  7.2373e-01
  6.8642e-01  6.5220e-01  6.1187e-01  5.6773e-01  5.3558e-01  5.1710e-01
  5.1432e-01  5.1330e-01  5.2263e-01  5.4200e-01  5.5778e-01  5.8056e-01
  6.0699e-01  6.3075e-01  6.4926e-01  6.6905e-01  6.9608e-01  7.2405e-01
  7.5030e-01  7.7478e-01  7.8857e-01  8.0306e-01  8.1233e-01  8.1072e-01
  7.9613e-01  7.6424e-01  7.2106e-01  6.6425e-01  6.1379e-01  5.5960e-01
  5.0666e-01  4.6849e-01  4.3468e-01  4.1048e-01  3.8321e-01  3.5465e-01
  3.2949e-01  3.0537e-01  2.7847e-01  2.5081e-01  2.2394e-01  2.0065e-01
  1.9371e-01  1.9602e-01  1.8995e-01  1.6902e-01  1.4723e-01  1.2101e-01
  9.6314e-02  7.4580e-02  6.4713e-02  6.6453e-02  6.9309e-02  7.0711e-02
  7.5567e-02  9.4263e-02  1.1366e-01  1.2620e-01  1.3602e-01  1.4212e-01
  1.3586e-01  1.1631e-01  9.7223e-02  8.4499e-02  6.6401e-02  4.0591e-02
  2.2596e-02  4.9650e-03 -2.7648e-02 -5.1615e-02 -5.9665e-02 -6.3170e-02
 -5.4523e-02 -3.4296e-02 -1.3081e-02  1.9270e-03  1.9480e-02  4.3862e-02
  6.0455e-02  6.8115e-02  7.8190e-02  8.6135e-02  9.1276e-02  9.7794e-02
  1.0294e-01  1.0982e-01  1.2773e-01  1.4235e-01  1.5604e-01  1.7800e-01
  2.0093e-01  2.1895e-01  2.4297e-01  2.8145e-01  3.4310e-01  4.0357e-01
  4.0819e-01  3.7156e-01  3.4014e-01  3.3014e-01  3.2206e-01  3.1882e-01
  3.3995e-01  3.6496e-01  3.7148e-01  3.6504e-01  3.6857e-01  3.5634e-01
  3.5574e-01  3.3287e-01  2.7429e-01  2.3941e-01  2.2391e-01  2.2965e-01
  2.4593e-01  2.4970e-01  2.4881e-01  1.8551e-01  1.4274e-01  1.2257e-01
  8.0630e-02  8.9615e-02  1.2633e-01  1.6585e-01  2.2246e-01  2.7979e-01
  3.2939e-01  3.8773e-01  4.4239e-01  4.8529e-01  5.2990e-01  5.7757e-01
  6.3711e-01  7.1013e-01  8.0825e-01  9.2513e-01  9.8384e-01  9.3354e-01
  9.4735e-01  9.8236e-01  9.8376e-01  9.4819e-01  8.2908e-01  5.7388e-01
  2.6956e-01 -9.4771e-02 -2.4101e-01 -3.5134e-01 -3.9696e-01 -4.2093e-01
 -4.3706e-01 -4.3044e-01 -4.0870e-01 -3.9063e-01 -3.8097e-01 -3.5007e-01
 -3.0821e-01 -2.8045e-01 -2.4475e-01 -1.9747e-01 -1.4411e-01 -7.4388e-02
  6.6790e-03  7.6787e-02  1.5484e-01  2.3773e-01  3.3154e-01  3.9708e-01
  4.3569e-01  4.8796e-01  5.1790e-01  5.7103e-01  6.2823e-01  6.5199e-01
  6.8219e-01  7.1636e-01  7.2018e-01  6.9829e-01  7.1675e-01  7.1724e-01
  6.8723e-01  7.1955e-01  7.3111e-01  7.4420e-01  7.3103e-01  6.7393e-01
  6.3607e-01  5.4810e-01  4.9315e-01  4.0310e-01  2.1020e-01  2.1708e-01
  1.6606e-01  7.8034e-02  2.2648e-02 -9.8095e-02 -1.8802e-01 -2.2065e-01
 -3.0585e-01 -4.3807e-01 -5.0054e-01 -5.7810e-01 -6.5704e-01 -7.2993e-01
 -8.0058e-01 -8.7744e-01 -9.5308e-01 -1.0259e+00 -1.0990e+00 -1.1596e+00
 -1.2151e+00 -1.2728e+00 -1.3257e+00 -1.3708e+00 -1.3879e+00 -1.3825e+00
 -1.3801e+00 -1.3801e+00 -1.3678e+00 -1.3853e+00 -1.4682e+00 -1.5137e+00
 -1.5609e+00 -1.6679e+00]
[-2.0465e-01 -2.0225e-01 -1.9666e-01 -1.9979e-01 -1.9471e-01 -1.8268e-01
 -1.7991e-01 -1.7359e-01 -1.6319e-01 -1.4919e-01 -1.2556e-01 -9.7341e-02
 -7.4153e-02 -4.8704e-02 -2.2258e-02  1.6830e-03  2.9198e-02  5.1852e-02
  6.4443e-02  8.5686e-02  1.0992e-01  1.2941e-01  1.5024e-01  1.6369e-01
  1.8063e-01  1.9460e-01  1.9917e-01  2.1580e-01  2.3002e-01  2.3140e-01
  2.4426e-01  2.6009e-01  2.7460e-01  2.8998e-01  3.0158e-01  3.2170e-01
  3.4003e-01  3.5401e-01  3.7299e-01  3.9747e-01  4.2347e-01  4.4661e-01
  4.7077e-01  5.0198e-01  5.4027e-01  5.7636e-01  6.1078e-01  6.4758e-01
  6.8382e-01  7.0463e-01  7.1547e-01  7.3190e-01  7.4539e-01  7.5258e-01
  7.5178e-01  7.4169e-01  7.2351e-01  7.0385e-01  6.7733e-01  6.5441e-01
  6.4252e-01  6.3771e-01  6.5013e-01  6.8226e-01  7.1335e-01  7.2619e-01
  7.1953e-01  6.9502e-01  6.5302e-01  5.9243e-01  5.2345e-01  4.7031e-01
  4.5145e-01  4.6025e-01  5.0210e-01  5.8232e-01  6.8132e-01  7.9699e-01
  9.0457e-01  9.8301e-01  1.0477e+00  1.0940e+00  1.1366e+00  1.1787e+00
  1.2150e+00  1.2486e+00  1.2807e+00  1.3061e+00  1.3084e+00  1.2940e+00
  1.2642e+00  1.2244e+00  1.1748e+00  1.1218e+00  1.0585e+00  9.8675e-01
  9.1121e-01  8.1804e-01  7.2286e-01  6.3749e-01  5.5974e-01  4.9430e-01
  4.4051e-01  3.9022e-01  3.5192e-01  3.2105e-01  2.8811e-01  2.6288e-01
  2.4037e-01  2.1828e-01  2.0143e-01  1.9181e-01  1.9249e-01  2.0255e-01
  2.1886e-01  2.3855e-01  2.5853e-01  2.7289e-01  2.9428e-01  3.2450e-01
  3.4897e-01  3.7005e-01  3.9841e-01  4.2620e-01  4.5065e-01  4.7598e-01
  4.9863e-01  5.1183e-01  5.2087e-01  5.2242e-01  5.0638e-01  4.8400e-01
  4.5330e-01  4.1421e-01  3.6942e-01  3.2462e-01  2.8242e-01  2.4684e-01
  2.2384e-01  1.9840e-01  1.7076e-01  1.4529e-01  1.2285e-01  1.0107e-01
  7.3412e-02  4.3223e-02  1.6778e-02  3.2200e-04 -2.1080e-03  1.2220e-03
 -9.6430e-03 -3.0644e-02 -4.6152e-02 -6.4673e-02 -8.2709e-02 -9.3452e-02
 -1.0334e-01 -1.1523e-01 -1.1805e-01 -1.1210e-01 -1.0638e-01 -9.8459e-02
 -8.6330e-02 -7.4177e-02 -6.1416e-02 -5.2885e-02 -5.7819e-02 -7.4955e-02
 -9.3136e-02 -1.0568e-01 -1.2055e-01 -1.4034e-01 -1.6127e-01 -1.8822e-01
 -2.1552e-01 -2.2672e-01 -2.4065e-01 -2.5093e-01 -2.4398e-01 -2.2782e-01
 -2.0193e-01 -1.8360e-01 -1.8290e-01 -1.7291e-01 -1.6163e-01 -1.5325e-01
 -1.4275e-01 -1.4126e-01 -1.3511e-01 -1.3502e-01 -1.3891e-01 -1.3069e-01
 -1.1535e-01 -9.8167e-02 -9.1896e-02 -6.6496e-02 -3.7110e-02 -2.7290e-02
 -3.3400e-04  3.6223e-02  8.1117e-02  1.3758e-01  1.5353e-01  1.3457e-01
  1.2774e-01  1.4587e-01  1.6507e-01  1.7078e-01  1.9754e-01  2.3128e-01
  2.3529e-01  2.3114e-01  2.3225e-01  1.9660e-01  1.9487e-01  1.7859e-01
  1.0931e-01  6.6922e-02  3.6174e-02  1.2281e-02  1.2670e-02  1.4785e-02
  9.8260e-03 -6.3895e-02 -9.5858e-02 -1.0638e-01 -1.4962e-01 -1.4503e-01
 -1.1844e-01 -9.1726e-02 -3.9419e-02  3.0632e-02  6.2352e-02  1.0579e-01
  1.7139e-01  2.0610e-01  2.5080e-01  3.0184e-01  3.2632e-01  3.8142e-01
  4.7099e-01  5.7055e-01  6.1627e-01  5.2097e-01  5.1234e-01  5.4321e-01
  5.3971e-01  4.8169e-01  3.8701e-01  2.2258e-01  1.1187e-02 -2.8776e-01
 -4.0265e-01 -4.8522e-01 -5.0639e-01 -5.1621e-01 -5.1612e-01 -4.8065e-01
 -4.3858e-01 -4.0632e-01 -3.9434e-01 -3.4765e-01 -2.7701e-01 -2.2113e-01
 -1.6243e-01 -1.0050e-01 -2.1213e-02  9.3756e-02  2.0377e-01  2.4088e-01
  3.5213e-01  4.6547e-01  5.8013e-01  6.7371e-01  7.0837e-01  7.9466e-01
  8.1262e-01  8.4456e-01  9.2467e-01  9.4874e-01  9.9871e-01  1.0814e+00
  1.0850e+00  1.0462e+00  1.1224e+00  1.1380e+00  1.0191e+00  1.0855e+00
  1.0834e+00  1.1069e+00  1.1422e+00  1.0682e+00  1.0566e+00  1.0075e+00
  9.8257e-01]
[ 8.1732e-02  3.1668e-01  4.7661e-01  6.5817e-01  7.8777e-01  8.4777e-01
  8.3736e-01  7.7323e-01  6.5086e-01  5.0385e-01  3.4609e-01  2.5491e-01
  1.1144e-01  1.1214e-02 -5.9046e-02 -1.2148e-01 -1.3333e-01 -1.4174e-01
 -1.5174e-01 -1.5879e-01 -1.6473e-01 -1.5204e-01 -1.3621e-01 -1.1912e-01
 -1.1536e-01 -1.1562e-01 -1.0484e-01 -9.3918e-02 -8.5542e-02 -8.1003e-02
 -7.8420e-02 -7.5209e-02 -7.6944e-02 -7.6944e-02 -7.1335e-02 -5.8456e-02
 -4.3216e-02 -3.9636e-02 -3.3658e-02 -1.9968e-02 -1.7459e-02 -6.8310e-03
 -1.4430e-03 -1.5170e-03 -8.9000e-04  1.6200e-03  5.9370e-03  3.8340e-03
  1.6200e-03 -1.3330e-03 -7.4580e-03  2.7630e-03  1.4240e-02  1.5162e-02
  1.5827e-02  1.7044e-02  1.4350e-02  1.2579e-02  1.6232e-02  1.2210e-02
  8.4090e-03  1.5199e-02  1.8299e-02  1.4277e-02  7.0810e-03  1.1694e-02
  7.0440e-03 -3.8050e-03 -1.1850e-03 -6.3880e-03 -1.8086e-02 -1.3621e-02
 -1.1480e-02 -1.3658e-02 -1.3953e-02 -1.5909e-02 -2.3473e-02 -3.1260e-02
 -3.2699e-02 -3.7053e-02 -4.7939e-02 -5.8936e-02 -5.2773e-02 -5.7091e-02
 -1.4800e-01 -1.4748e-01 -1.5179e-01 -1.5228e-01 -1.6393e-01 -1.6372e-01
 -1.4772e-01 -1.3215e-01 -1.1456e-01 -9.5368e-02 -7.3709e-02 -4.3429e-02
 -8.6980e-03  1.8697e-02  4.8942e-02  8.1413e-02  1.2063e-01  1.5911e-01
  1.9200e-01  2.3518e-01  2.6706e-01  2.9119e-01  3.2254e-01  3.5289e-01
  3.8352e-01  4.1008e-01  4.3063e-01  4.4530e-01  4.5191e-01  4.6150e-01
  4.7954e-01  4.8883e-01  4.9661e-01  5.1483e-01  5.2641e-01  5.4330e-01
  5.7011e-01  5.8892e-01  6.1162e-01  6.3926e-01  6.4777e-01  6.5115e-01
  6.7552e-01  7.0277e-01  7.3069e-01  7.6159e-01  7.8225e-01  8.0290e-01
  8.1976e-01  8.1851e-01  8.0397e-01  7.7713e-01  7.5099e-01  7.3430e-01
  7.1428e-01  6.9300e-01  6.7534e-01  6.4325e-01  6.0981e-01  5.9034e-01
  5.7289e-01  5.4442e-01  5.2126e-01  5.1546e-01  5.2053e-01  5.3576e-01
  5.3555e-01  5.0958e-01  4.6953e-01  4.1578e-01  3.5794e-01  3.0360e-01
  2.6602e-01  2.4888e-01  2.6289e-01  3.1479e-01  3.8464e-01  4.6560e-01
  5.4237e-01  6.1089e-01  6.6790e-01  7.1261e-01  7.4873e-01  7.9125e-01
  8.2761e-01  8.5331e-01  8.7691e-01  8.9339e-01  9.0834e-01  9.0608e-01
  8.9780e-01  8.8209e-01  8.5094e-01  8.2953e-01  8.1419e-01  7.9021e-01
  7.4355e-01  6.6189e-01  5.7150e-01  4.9373e-01  4.1846e-01  3.5867e-01
  3.1709e-01  2.7996e-01  2.6031e-01  2.5632e-01  2.5075e-01  2.4050e-01
  2.2920e-01  2.1728e-01  2.1077e-01  2.0417e-01  2.0751e-01  2.2183e-01
  2.3678e-01  2.6247e-01  2.9126e-01  3.1949e-01  3.4469e-01  3.6478e-01
  3.7984e-01  3.9406e-01  4.1488e-01  4.3988e-01  4.4902e-01  4.4603e-01
  4.5889e-01  4.7617e-01  4.8191e-01  4.7523e-01  4.6115e-01  4.4391e-01
  4.1036e-01  3.5748e-01  3.1281e-01  2.7446e-01  2.3142e-01  1.9273e-01
  1.5960e-01  1.3575e-01  1.1378e-01  9.2190e-02  6.6151e-02  4.8630e-02
  3.0552e-02 -1.1200e-03 -2.4517e-02 -3.8840e-02 -4.2664e-02 -4.6384e-02
 -5.7335e-02 -7.1832e-02 -8.7024e-02 -1.0069e-01 -1.1178e-01 -1.2412e-01
 -1.3264e-01 -1.3347e-01 -1.3507e-01 -1.3785e-01 -1.3469e-01 -1.1803e-01
 -9.8949e-02 -8.3374e-02 -7.1032e-02 -6.0464e-02 -5.9977e-02 -7.5726e-02
 -9.6029e-02 -1.1105e-01 -1.2436e-01 -1.3639e-01 -1.5649e-01 -1.8148e-01
 -1.9483e-01 -2.0564e-01 -2.1506e-01 -2.1889e-01 -2.1433e-01 -2.0888e-01
 -2.0046e-01 -1.9195e-01 -1.8197e-01 -1.5951e-01 -1.4946e-01 -1.3987e-01
 -1.3086e-01 -1.3316e-01 -1.3267e-01 -1.3750e-01 -1.3531e-01 -1.2728e-01
 -1.1449e-01 -9.7419e-02 -7.8298e-02 -5.0660e-02 -3.0183e-02 -1.5269e-02
  1.0805e-02  3.4167e-02  7.9710e-02  1.4545e-01  1.8362e-01  1.8474e-01
  1.8609e-01  1.9767e-01  2.0984e-01  2.4165e-01  2.8382e-01  3.1340e-01
  3.1437e-01  3.1382e-01  3.0624e-01  2.7957e-01  2.6901e-01  2.3890e-01
  1.9051e-01  1.5838e-01  1.2922e-01  1.1256e-01  1.0742e-01  8.3464e-02
  4.7830e-02 -1.6555e-02 -4.5202e-02 -6.4010e-02 -9.6446e-02 -1.0458e-01
 -1.0097e-01 -7.8889e-02 -3.9153e-02  1.6620e-03  4.6092e-02  9.3268e-02
  1.3224e-01  1.6294e-01  2.0125e-01  2.4060e-01  2.7759e-01  3.3054e-01
  3.9892e-01  4.6779e-01  4.7624e-01  4.2197e-01  4.3404e-01  4.6230e-01
  4.7141e-01  4.4805e-01  3.8467e-01  2.3473e-01  4.1920e-02 -1.9257e-01
 -2.8984e-01 -3.6935e-01 -3.9421e-01 -3.9793e-01 -3.9525e-01 -3.7217e-01
 -3.3205e-01 -3.0799e-01 -2.7841e-01 -2.1583e-01 -1.6326e-01]
[-0.3087   -0.30764  -0.31443  -0.32214  -0.32839  -0.33713  -0.33376
 -0.31941  -0.31109  -0.30311  -0.28775  -0.26352  -0.23785  -0.22281
 -0.20486  -0.17699  -0.14804  -0.12167  -0.097598 -0.070568 -0.036447
 -0.000702  0.041986  0.076378  0.10287   0.12965   0.15772   0.18849
  0.2069    0.21436   0.22805   0.24577   0.26197   0.28428   0.30542
  0.32527   0.35119   0.3781    0.39582   0.41337   0.43588   0.46204
  0.48954   0.51392   0.54178   0.57504   0.60631   0.62509   0.63036 ]
[-2.2957e+00 -2.2667e+00 -2.3086e+00 -2.2949e+00 -2.2420e+00 -2.2482e+00
 -2.2024e+00 -2.1668e+00 -2.1261e+00 -2.1095e+00 -2.1126e+00 -2.0436e+00
 -2.0209e+00 -1.9952e+00 -1.9309e+00 -1.9200e+00 -1.9516e+00 -1.9335e+00
 -1.9514e+00 -1.8854e+00 -1.8366e+00 -1.7883e+00 -1.7286e+00 -1.6797e+00
 -1.6182e+00 -1.5371e+00 -1.4683e+00 -1.3839e+00 -1.2916e+00 -1.2047e+00
 -1.0895e+00 -9.6210e-01 -8.6447e-01 -7.9492e-01 -6.9814e-01 -5.9494e-01
 -3.3794e-01 -1.3749e-01  9.8312e-02  2.6851e-01  3.5123e-01  3.4223e-01
  2.5407e-01  1.0541e-01 -6.8447e-02 -2.6333e-01 -3.9959e-01 -5.9235e-01
 -7.1479e-01 -8.0427e-01 -8.9553e-01 -9.2314e-01 -9.4409e-01 -9.7536e-01
 -9.9235e-01 -1.0026e+00 -9.8989e-01 -9.8509e-01 -9.7740e-01 -9.7608e-01
 -9.7447e-01 -9.6504e-01 -9.5858e-01 -9.5454e-01 -9.5654e-01 -9.5488e-01
 -9.4617e-01 -9.4677e-01 -9.4311e-01 -9.3767e-01 -9.3045e-01 -9.2676e-01
 -9.2727e-01 -9.1907e-01 -9.0946e-01 -9.1201e-01 -8.9714e-01 -8.9243e-01
 -9.0101e-01 -8.9825e-01 -8.9323e-01 -8.8499e-01 -8.8924e-01 -8.9629e-01
 -9.0386e-01 -9.0670e-01 -8.9005e-01 -8.8316e-01 -8.8045e-01 -8.8096e-01
 -8.8503e-01 -8.9523e-01 -8.9884e-01 -8.8508e-01 -8.8750e-01 -8.9200e-01
 -8.8911e-01 -8.9264e-01 -8.9651e-01 -9.0292e-01 -9.0594e-01 -9.0105e-01
 -9.0717e-01 -9.1571e-01 -9.2221e-01 -9.2263e-01 -9.1227e-01 -9.1958e-01
 -9.2374e-01 -9.2659e-01 -9.3117e-01 -9.3423e-01 -9.4660e-01 -9.5046e-01
 -9.5293e-01 -9.7052e-01 -9.7961e-01 -9.6814e-01 -9.8033e-01 -2.0418e-01
 -2.1657e-01 -2.2201e-01 -2.2409e-01 -2.2738e-01 -2.2834e-01 -2.2706e-01
 -2.2433e-01 -2.2208e-01 -2.1471e-01 -2.0403e-01 -1.9397e-01 -1.8225e-01
 -1.6841e-01 -1.5409e-01 -1.4041e-01 -1.2794e-01 -1.1657e-01 -9.8968e-02
 -7.5529e-02 -5.6812e-02 -3.7186e-02 -1.8714e-02 -4.3500e-04  1.2159e-02
  2.4421e-02  3.8380e-02  5.0712e-02  6.3219e-02  7.0898e-02  8.0011e-02
  9.2903e-02  1.1870e-01  1.4499e-01  1.6550e-01  1.9193e-01  2.1579e-01
  2.3880e-01  2.6406e-01  2.8079e-01  3.0137e-01  3.2859e-01  3.5170e-01
  3.8116e-01  4.2203e-01  4.6442e-01  5.0339e-01  5.4000e-01  5.7257e-01
  6.0353e-01  6.2577e-01  6.4310e-01  6.6929e-01  6.9150e-01  7.0473e-01
  7.0417e-01  6.8545e-01  6.5590e-01  6.2643e-01  5.9977e-01  5.7516e-01
  5.6551e-01  5.7635e-01  5.9692e-01  6.2083e-01  6.4308e-01  6.4768e-01
  6.2869e-01  5.9026e-01  5.3535e-01  4.7397e-01  4.1864e-01  3.9349e-01
  4.0685e-01  4.5616e-01  5.4745e-01  6.6325e-01  7.8792e-01  9.0198e-01
  9.9978e-01  1.0659e+00  1.1042e+00  1.1445e+00  1.1872e+00  1.2270e+00
  1.2664e+00  1.3097e+00  1.3372e+00  1.3557e+00  1.3638e+00  1.3444e+00
  1.3090e+00  1.2603e+00  1.2072e+00  1.1544e+00  1.0949e+00  1.0202e+00
  9.2796e-01  8.2514e-01  7.2790e-01  6.4233e-01  5.6232e-01  4.8847e-01
  4.2482e-01  3.8107e-01  3.4845e-01  3.2002e-01  2.9613e-01  2.6387e-01
  2.2934e-01  2.0407e-01  1.9264e-01  1.8827e-01  1.8664e-01  1.9674e-01
  2.0660e-01  2.2095e-01  2.4264e-01  2.6531e-01  2.9034e-01  3.0716e-01
  3.1946e-01  3.3972e-01  3.6181e-01  3.7904e-01  3.9690e-01  4.1854e-01
  4.3832e-01  4.4327e-01  4.4166e-01  4.3543e-01  4.1100e-01  3.7552e-01
  3.3645e-01  2.9202e-01  2.4603e-01  2.0452e-01  1.7394e-01  1.5133e-01
  1.2519e-01  9.7906e-02  7.0636e-02  4.4817e-02  2.5383e-02  6.1770e-03
 -2.1216e-02 -4.6229e-02 -5.7109e-02 -6.6503e-02 -7.1068e-02 -7.3255e-02
 -8.8438e-02 -1.1008e-01 -1.2858e-01 -1.4812e-01 -1.6978e-01 -1.8475e-01
 -1.8954e-01 -1.8806e-01 -1.8520e-01 -1.8143e-01 -1.7539e-01 -1.6792e-01
 -1.6553e-01 -1.6439e-01 -1.6371e-01 -1.6572e-01 -1.7212e-01 -1.7868e-01
 -1.8466e-01 -1.9334e-01 -2.0941e-01 -2.3217e-01 -2.5400e-01 -2.7957e-01
 -3.0221e-01 -3.1716e-01 -3.2563e-01 -3.1977e-01 -3.0796e-01 -2.9296e-01
 -2.7629e-01 -2.6075e-01 -2.4477e-01 -2.3565e-01 -2.2937e-01 -2.2363e-01
 -2.1947e-01 -2.1788e-01 -2.1741e-01 -2.1622e-01 -2.1081e-01 -1.9871e-01
 -1.8774e-01 -1.7789e-01 -1.5933e-01 -1.4037e-01 -1.2466e-01 -1.0983e-01
 -8.9575e-02 -4.0492e-02  1.0952e-02  2.1465e-02 -5.6650e-03 -3.0382e-02
 -3.7466e-02 -3.7064e-02 -2.7950e-02 -5.1750e-03  1.5185e-02  2.5191e-02
  3.5336e-02  3.6771e-02  1.8247e-02  1.0795e-02 -1.3414e-02 -5.6445e-02
 -7.8590e-02 -8.6601e-02 -7.8205e-02 -6.2724e-02 -5.6970e-02 -6.5348e-02
 -1.2138e-01 -1.5883e-01 -1.7828e-01 -1.9983e-01 -1.9720e-01 -1.7077e-01
 -1.2986e-01 -8.4117e-02 -3.8673e-02  6.6140e-03  6.3691e-02  1.1047e-01
  1.4344e-01  1.8024e-01  2.1794e-01  2.6721e-01  3.3206e-01  4.1703e-01
  5.0250e-01  5.4200e-01  5.1899e-01  5.2265e-01  5.4752e-01  5.5036e-01
  5.2080e-01  4.2380e-01  2.1962e-01 -1.8977e-02 -2.9453e-01 -4.1110e-01
 -5.0627e-01 -5.4794e-01 -5.6634e-01 -5.7535e-01 -5.7115e-01 -5.5338e-01
 -5.3015e-01 -5.0590e-01 -4.7033e-01 -4.3478e-01 -3.9667e-01 -3.4652e-01
 -2.9436e-01 -2.3717e-01 -1.7228e-01 -9.4630e-02 -2.4644e-02  5.6047e-02
  1.4575e-01  2.3886e-01  3.1239e-01  3.6975e-01  4.2064e-01  4.7185e-01
  5.2627e-01  5.8532e-01  6.3567e-01  6.8604e-01  7.4155e-01  7.7424e-01
  8.1311e-01  8.6422e-01  8.8612e-01  8.5292e-01  8.7910e-01  8.8472e-01
  8.9408e-01  8.9507e-01  8.5432e-01  8.3824e-01  7.9831e-01  7.6542e-01]
[ 1.8248e+00  1.4679e+00  1.2361e+00  9.2914e-01  7.1037e-01  5.6763e-01
  4.2596e-01  3.6207e-01  3.3139e-01  2.9874e-01  2.9303e-01  2.8468e-01
  2.7209e-01  2.7846e-01  2.9098e-01  2.9533e-01  2.9146e-01  3.0064e-01
  3.0674e-01  3.0752e-01  3.1961e-01  3.3089e-01  3.2861e-01  3.2699e-01
  3.3064e-01  3.3299e-01  3.3501e-01  3.3865e-01  3.4487e-01  3.5239e-01
  3.6194e-01  3.6564e-01  3.6642e-01  3.7328e-01  3.7993e-01  3.8235e-01
  3.8428e-01  3.8352e-01  3.8549e-01  3.8390e-01  3.8208e-01  3.7745e-01
  3.7924e-01  3.8830e-01  3.9389e-01  3.9465e-01  3.9561e-01  4.0233e-01
  4.0537e-01  4.0302e-01  3.9798e-01  3.9141e-01  3.9376e-01  3.9234e-01
  3.8939e-01  3.8820e-01  3.9260e-01  3.9090e-01  3.8509e-01  3.8794e-01
  3.9083e-01  3.9214e-01  3.9025e-01  3.8830e-01  3.8453e-01  3.7714e-01
  3.7143e-01  3.7125e-01  3.7259e-01  3.6807e-01  3.6432e-01  3.6091e-01
  3.5550e-01  3.5600e-01  3.5046e-01 -1.8272e-01 -1.7747e-01 -1.8128e-01
 -1.8533e-01 -1.8228e-01 -1.8095e-01 -1.7973e-01 -1.7038e-01 -1.5795e-01
 -1.4727e-01 -1.2802e-01 -1.0791e-01 -8.8581e-02 -6.5095e-02 -4.3538e-02
 -2.3477e-02  4.1410e-03  2.8715e-02  4.2443e-02  6.2912e-02  8.5746e-02
  1.0369e-01  1.2606e-01  1.3938e-01  1.5607e-01  1.8189e-01  1.9992e-01
  2.2147e-01  2.3882e-01  2.3925e-01  2.3305e-01  2.2914e-01  2.3305e-01
  2.4009e-01  2.4412e-01  2.4942e-01  2.5918e-01  2.7119e-01  2.8073e-01
  2.8992e-01  3.0485e-01  3.2700e-01  3.5761e-01  3.8275e-01  4.0512e-01
  4.3310e-01  4.5291e-01  4.5759e-01  4.4373e-01  4.1605e-01  3.8702e-01
  3.4959e-01  3.0025e-01  2.5877e-01  2.2359e-01  1.9263e-01  1.6556e-01
  1.3672e-01  1.1260e-01  8.3517e-02  6.2749e-02  5.7122e-02  4.2905e-02
  3.1189e-02  3.1597e-02  2.1865e-02  1.6755e-02  1.1535e-02 -1.4860e-03
 -9.2060e-03 -2.3749e-02 -4.3348e-02 -7.4718e-02 -1.0038e-01 -1.0989e-01
 -1.1889e-01 -1.2925e-01 -1.3292e-01 -1.2134e-01 -1.0769e-01 -9.3040e-02
 -7.4310e-02 -6.3953e-02 -5.0715e-02 -2.9213e-02 -1.6138e-02 -1.4126e-02
 -1.6953e-02 -2.3504e-02 -2.8615e-02 -3.4785e-02 -4.6991e-02 -5.8544e-02
 -6.7324e-02 -6.9172e-02 -7.5316e-02 -9.2197e-02 -1.0440e-01 -1.2588e-01
 -1.5189e-01 -1.7255e-01 -1.8120e-01 -1.8680e-01 -1.9057e-01 -1.8661e-01
 -1.8065e-01 -1.7242e-01 -1.6255e-01 -1.5254e-01 -1.4874e-01 -1.4732e-01
 -1.4170e-01 -1.2887e-01 -1.1495e-01 -9.8857e-02 -8.6978e-02 -7.3848e-02
 -5.2020e-02 -3.3426e-02 -2.1275e-02 -1.1489e-02 -3.0620e-03  5.1200e-03
  1.3601e-02  2.0343e-02  2.8226e-02  4.0622e-02  4.7798e-02  4.8695e-02
  4.8043e-02  4.3095e-02  3.3309e-02  1.3819e-02 -3.9590e-03 -1.3990e-02
 -3.2828e-02 -5.4656e-02 -6.7786e-02 -8.6679e-02 -1.0908e-01 -1.2234e-01]
[-2.3473e-01 -2.3961e-01 -2.3746e-01 -2.3489e-01 -2.2777e-01 -2.2258e-01
 -2.1985e-01 -2.1242e-01 -2.0547e-01 -1.9591e-01 -1.7951e-01 -1.5694e-01
 -1.3217e-01 -1.0577e-01 -8.4277e-02 -6.7770e-02 -4.8323e-02 -2.4810e-02
 -5.3110e-03  7.6530e-03  3.1797e-02  5.6964e-02  7.6358e-02  9.0949e-02
  1.0302e-01  1.2270e-01  1.2892e-01  1.4228e-01  1.5669e-01  1.5210e-01
  1.5580e-01  1.6236e-01  1.6509e-01  1.6808e-01  1.6981e-01  1.7424e-01
  1.8107e-01  1.8755e-01  2.0495e-01  2.2266e-01  2.3621e-01  2.5400e-01
  2.6665e-01  2.7594e-01  2.9389e-01  3.1525e-01  3.2709e-01  3.2992e-01
  3.2884e-01  3.1504e-01  2.8804e-01  2.5870e-01  2.2917e-01  2.0177e-01
  1.7532e-01  1.4861e-01  1.2160e-01  1.0397e-01  8.8928e-02  6.9876e-02
  6.0192e-02  5.5914e-02  5.3868e-02  5.3815e-02  4.8698e-02  4.2111e-02
  3.7203e-02  2.8805e-02  1.9699e-02  5.2650e-03 -2.0269e-02 -4.5962e-02
 -6.5775e-02 -8.7662e-02 -1.0543e-01 -1.1341e-01 -1.0947e-01 -9.3042e-02
 -7.5511e-02 -5.9004e-02 -4.3888e-02 -2.8221e-02 -5.0750e-03  1.9673e-02
  3.7833e-02  5.3605e-02  6.6884e-02  7.2448e-02  6.8590e-02  6.5861e-02
  7.0532e-02  6.4024e-02  5.0876e-02  5.0981e-02  4.6703e-02  3.8673e-02
  2.8044e-02 -6.2030e-03 -4.2078e-02 -6.2626e-02 -7.6981e-02 -8.9105e-02
 -9.4695e-02 -9.1966e-02 -9.1546e-02 -9.2884e-02 -8.8292e-02 -7.6351e-02
 -6.1550e-02 -5.1604e-02 -4.7300e-02 -3.5595e-02 -1.6176e-02  1.3290e-03
  1.4896e-02  3.1430e-02  5.0482e-02  7.0033e-02  9.3390e-02  1.1184e-01
  1.3451e-01  1.5412e-01  1.7112e-01  1.9498e-01  2.0655e-01  2.1728e-01
  2.3261e-01  2.4830e-01  2.5864e-01  2.5476e-01  2.4043e-01  2.2513e-01
  2.1085e-01  1.9241e-01  1.7031e-01  1.4666e-01  1.2016e-01  9.7038e-02
  7.8142e-02  5.8460e-02  5.1033e-02  4.4656e-02  2.6417e-02  1.1327e-02
 -4.7070e-03 -2.4416e-02 -3.2604e-02 -3.4966e-02 -3.8613e-02 -3.9007e-02
 -3.9716e-02 -4.2839e-02 -4.5227e-02 -4.9767e-02 -5.6852e-02 -6.3125e-02
 -6.6799e-02 -6.7376e-02 -6.2888e-02 -5.9975e-02 -5.2995e-02 -4.2524e-02
 -3.2236e-02 -1.5598e-02  2.2600e-04  9.8050e-03  1.3637e-02  3.8740e-03
 -9.1950e-03 -1.7383e-02 -3.1239e-02 -4.5148e-02 -5.7377e-02 -7.5747e-02
 -9.4170e-02 -1.0084e-01 -1.0514e-01 -1.0742e-01 -1.0372e-01 -9.9576e-02
 -8.8397e-02 -8.1915e-02 -8.2466e-02 -7.8870e-02 -7.9710e-02 -7.9395e-02
 -7.7375e-02 -7.7401e-02 -7.5564e-02 -7.4672e-02 -7.3543e-02 -7.1470e-02
 -6.2626e-02 -5.2863e-02 -4.0503e-02 -1.4234e-02  1.1170e-02  2.6391e-02
  4.5417e-02  7.0847e-02  1.0470e-01  1.4336e-01  1.8574e-01  2.2521e-01
  2.6662e-01  3.1732e-01  3.6676e-01  3.9967e-01  4.3557e-01  4.7402e-01
  4.7998e-01  4.7759e-01  4.7268e-01  4.4807e-01  4.3954e-01  4.1106e-01
  3.5900e-01  3.1664e-01  2.7006e-01  2.2875e-01  1.9920e-01  1.7587e-01
  1.5343e-01  1.0502e-01  8.6645e-02  7.2421e-02  4.1533e-02  3.1535e-02
  2.3504e-02  2.1431e-02  4.7280e-02  7.2369e-02  8.4021e-02  1.2102e-01
  1.5734e-01  1.8256e-01  2.0986e-01  2.3518e-01  2.5087e-01  2.7124e-01
  2.9790e-01  3.2417e-01  3.2617e-01  2.8460e-01  2.6129e-01  2.5562e-01
  2.5087e-01  2.3258e-01  2.0797e-01  1.7427e-01  1.2163e-01  1.8649e-02
 -2.2789e-02 -5.9424e-02 -6.9082e-02 -6.7691e-02 -4.9636e-02 -1.7199e-02
  2.0932e-02  6.0717e-02  1.0105e-01  1.5015e-01  2.0610e-01  2.6324e-01
  3.2462e-01  3.9272e-01  4.6683e-01  5.4957e-01  6.3324e-01  7.2480e-01
  8.2933e-01  9.3792e-01  1.0427e+00  1.1193e+00  1.1892e+00  1.2559e+00
  1.2871e+00  1.3274e+00  1.3959e+00  1.4481e+00  1.4935e+00  1.5439e+00
  1.5547e+00  1.5498e+00  1.5825e+00  1.5653e+00  1.5077e+00  1.5744e+00
  1.5983e+00  1.6232e+00  1.6276e+00  1.5666e+00  1.5327e+00  1.4770e+00
  1.4378e+00  1.3882e+00  1.2048e+00  1.2062e+00  1.1674e+00  1.1071e+00
  1.0830e+00  1.0041e+00  9.5653e-01  9.6104e-01  9.2635e-01  8.6796e-01
  8.6825e-01  8.6643e-01  8.6762e-01  8.8349e-01]
[-8.3184e-01 -7.3058e-01 -6.3714e-01 -5.5246e-01 -4.4603e-01 -3.2581e-01
 -2.2499e-01 -1.4270e-01 -3.6869e-02  8.1732e-02  3.1668e-01  4.7661e-01
  6.5817e-01  7.8777e-01  8.4777e-01  8.3736e-01  7.7323e-01  6.5086e-01
  5.0385e-01  3.4609e-01  2.5491e-01  1.1144e-01  1.1214e-02 -5.9046e-02
 -1.2148e-01 -1.3333e-01 -1.4174e-01 -1.5174e-01 -1.5879e-01 -1.6473e-01
 -1.5204e-01 -1.3621e-01 -1.1912e-01 -1.1536e-01 -1.1562e-01 -1.0484e-01
 -9.3918e-02 -8.5542e-02 -8.1003e-02 -7.8420e-02 -7.5209e-02 -7.6944e-02
 -7.6944e-02 -7.1335e-02 -5.8456e-02 -4.3216e-02 -3.9636e-02 -3.3658e-02
 -1.9968e-02 -1.7459e-02 -6.8310e-03 -1.4430e-03 -1.5170e-03 -8.9000e-04
  1.6200e-03  5.9370e-03  3.8340e-03  1.6200e-03 -1.3330e-03 -7.4580e-03
  2.7630e-03  1.4240e-02  1.5162e-02  1.5827e-02  1.7044e-02  1.4350e-02
  1.2579e-02  1.6232e-02  1.2210e-02  8.4090e-03  1.5199e-02  1.8299e-02
  1.4277e-02  7.0810e-03  1.1694e-02  7.0440e-03 -3.8050e-03 -1.1850e-03
 -6.3880e-03 -1.8086e-02 -1.3621e-02 -1.1480e-02 -1.3658e-02 -1.3953e-02
 -1.5909e-02 -2.3473e-02 -3.1260e-02 -3.2699e-02 -3.7053e-02 -4.7939e-02
 -5.8936e-02 -5.2773e-02 -5.7091e-02 -1.9390e-01 -2.0332e-01 -2.0712e-01
 -2.1251e-01 -2.1546e-01 -2.1947e-01 -2.2115e-01 -2.2636e-01 -2.2687e-01
 -2.1202e-01 -1.9323e-01 -1.7542e-01 -1.6670e-01 -1.6144e-01 -1.4911e-01
 -1.2549e-01 -1.0752e-01 -8.6473e-02 -5.9113e-02 -3.6205e-02 -1.1150e-02
  1.1400e-02  2.9767e-02  5.3950e-02  7.8066e-02  1.0196e-01  1.2388e-01
  1.3914e-01  1.5198e-01  1.6093e-01  1.6287e-01  1.5690e-01  1.6048e-01
  1.7252e-01  1.7762e-01  1.8654e-01  2.0462e-01  2.1941e-01  2.3424e-01
  2.5294e-01  2.6891e-01  2.8618e-01  3.1218e-01  3.3057e-01  3.3871e-01
  3.5486e-01  3.6574e-01  3.6319e-01  3.4985e-01  3.2498e-01  2.8889e-01
  2.4563e-01  2.0753e-01  1.7220e-01  1.3744e-01  1.0961e-01  8.5449e-02
  5.9946e-02  3.7910e-02  1.9700e-02  7.7760e-03  5.0920e-03  4.9130e-03
  3.3690e-03  2.7430e-03  2.1610e-03  5.5000e-04 -1.3960e-03 -1.6200e-03
 -8.1520e-03 -2.4393e-02 -4.1820e-02 -5.8755e-02 -8.2961e-02 -1.0119e-01
 -1.0860e-01 -1.1987e-01 -1.2732e-01 -1.2198e-01 -1.1390e-01 -1.0824e-01
 -9.9694e-02 -8.8397e-02 -7.3766e-02 -6.0545e-02 -5.6675e-02 -5.1932e-02
 -4.7659e-02 -4.8800e-02 -5.5265e-02 -6.3945e-02 -7.0209e-02 -7.3431e-02
 -7.7994e-02 -8.9113e-02 -9.7770e-02 -1.1041e-01 -1.2623e-01 -1.3987e-01
 -1.5374e-01 -1.6016e-01 -1.6506e-01 -1.6951e-01 -1.7198e-01 -1.6864e-01
 -1.5721e-01 -1.4981e-01 -1.3721e-01 -1.2699e-01 -1.2157e-01 -1.0793e-01
 -9.5556e-02 -8.8374e-02 -7.7659e-02 -6.0433e-02 -4.2290e-02 -2.7324e-02
 -9.2930e-03  1.2295e-02  2.6747e-02  3.6680e-02  5.4353e-02  6.6858e-02
  7.1690e-02  8.5806e-02  9.3927e-02  9.5448e-02  1.0205e-01  1.0560e-01
  1.0827e-01  1.0431e-01  9.2786e-02  8.4666e-02  7.2943e-02  5.2362e-02
  3.3525e-02  1.8492e-02 -1.3740e-03 -2.0367e-02 -3.2044e-02 -4.1776e-02
 -5.6362e-02 -7.4370e-02 -8.9247e-02 -9.9157e-02 -1.0439e-01 -1.0806e-01
 -1.1336e-01 -1.1522e-01 -1.1616e-01 -1.1822e-01 -1.1880e-01 -1.2193e-01
 -1.2482e-01 -1.2332e-01 -1.2388e-01 -1.2542e-01 -1.2562e-01 -1.2394e-01
 -1.1649e-01 -1.0730e-01 -9.6070e-02 -8.3677e-02 -7.1775e-02 -5.9963e-02
 -5.2133e-02 -4.8688e-02 -4.8822e-02 -5.6675e-02 -5.8554e-02 -5.9359e-02
 -7.5310e-02 -9.0500e-02 -1.0298e-01 -1.1844e-01 -1.2909e-01 -1.3540e-01
 -1.3981e-01 -1.3739e-01 -1.3088e-01 -1.2260e-01 -1.1958e-01 -1.2471e-01
 -1.1511e-01 -1.0506e-01 -1.0578e-01]
[-0.17932  -0.18108  -0.1781   -0.17005  -0.15745  -0.14743  -0.13237
 -0.12253  -0.11648  -0.10433  -0.081632 -0.05995  -0.034062 -0.007603
  0.012443  0.040331  0.072139  0.10005   0.12649   0.15061   0.17517
  0.20355   0.22682   0.2457    0.2626    0.28659   0.30249   0.31562
  0.3338    0.35699   0.3701    0.37306   0.40217   0.42751   0.4479
  0.48375   0.51426   0.54091   0.55895   0.58214   0.6152    0.64321
  0.68533   0.72662   0.76471   0.81275   0.86418   0.91505   0.95925
  0.9984    1.034     1.0655    1.0972    1.1294    1.1546    1.163
  1.1458    1.1109    1.0692    1.043     1.0258    1.0119  ]
[-2.5417e-01 -2.5821e-01 -2.5570e-01 -2.5442e-01 -2.5601e-01 -2.5616e-01
 -2.5261e-01 -2.4707e-01 -2.4559e-01 -2.3839e-01 -2.1720e-01 -1.9640e-01
 -1.8468e-01 -1.6102e-01 -1.3892e-01 -1.2709e-01 -1.0417e-01 -7.5452e-02
 -4.8012e-02 -2.0705e-02  9.0080e-03  3.5410e-02  6.3424e-02  8.2121e-02
  1.0338e-01  1.3181e-01  1.5618e-01  1.7018e-01  1.7952e-01  1.9095e-01
  1.9722e-01  2.0259e-01  2.0645e-01  2.0811e-01  2.1195e-01  2.1749e-01
  2.2519e-01  2.4274e-01  2.6493e-01  2.8009e-01  2.9652e-01  3.1270e-01
  3.2789e-01  3.4656e-01  3.5510e-01  3.6802e-01  3.8080e-01  3.7687e-01
  3.6650e-01  3.5104e-01  3.2760e-01  3.0343e-01  2.7784e-01  2.4853e-01
  2.2159e-01  2.0031e-01  1.7872e-01  1.6011e-01  1.4210e-01  1.2442e-01
  1.2073e-01  1.2305e-01  1.1746e-01  1.1576e-01  1.2342e-01  1.2610e-01
  1.2038e-01  1.0742e-01  9.4373e-02  7.8678e-02  6.0686e-02  3.9671e-02
  1.5410e-02 -1.0153e-02 -2.6268e-02 -3.3641e-02 -4.1213e-02 -4.2118e-02
 -3.4017e-02 -2.4348e-02 -6.1360e-03  1.0840e-02  2.1944e-02  3.9604e-02
  5.7596e-02  6.7927e-02  7.6139e-02  8.8280e-02  8.6713e-02  8.0775e-02
  7.7000e-02  6.8369e-02  5.9428e-02  5.4218e-02  4.9053e-02  4.1459e-02
  2.7110e-02  3.4010e-03 -1.6158e-02 -4.0308e-02 -6.4061e-02 -7.3333e-02
 -8.0551e-02 -8.4481e-02 -8.1170e-02 -7.6423e-02 -6.9977e-02 -6.3929e-02
 -6.0242e-02 -5.4591e-02 -4.6732e-02 -3.6909e-02 -2.3089e-02 -3.6190e-03
  1.5344e-02  3.3247e-02  5.3755e-02  7.3468e-02  9.6183e-02  1.1976e-01
  1.3764e-01  1.5139e-01  1.6674e-01  1.8490e-01  2.0426e-01  2.1764e-01
  2.2449e-01  2.3117e-01  2.3886e-01  2.4153e-01  2.3563e-01  2.2947e-01
  2.1579e-01  1.9347e-01  1.7146e-01  1.4561e-01  1.2190e-01  1.0270e-01
  8.1945e-02  5.8589e-02  3.8810e-02  2.6028e-02  1.1238e-02 -4.2590e-03
 -1.7350e-02 -3.2538e-02 -4.1898e-02 -4.7394e-02 -5.3995e-02 -5.2317e-02
 -5.0661e-02 -5.2935e-02 -5.5231e-02 -5.5077e-02 -5.8233e-02 -6.2428e-02
 -6.7593e-02 -6.6754e-02 -5.9536e-02 -5.5628e-02 -5.0264e-02 -3.9977e-02
 -2.1986e-02 -1.0374e-02 -7.4900e-04  1.6867e-02  2.0995e-02  9.1850e-03
 -5.1640e-03 -1.6158e-02 -2.4657e-02 -4.3134e-02 -6.2119e-02 -7.7395e-02
 -9.3267e-02 -1.0424e-01 -1.1227e-01 -1.1711e-01 -1.1419e-01 -1.0501e-01
 -9.0728e-02 -7.4966e-02 -8.2295e-02 -8.6092e-02 -7.7969e-02 -7.6909e-02
 -7.4701e-02 -7.5408e-02 -7.2759e-02 -7.3068e-02 -7.6158e-02 -7.0463e-02
 -4.9469e-02 -2.5452e-02 -2.9844e-02 -1.0661e-02  2.3975e-02  3.7419e-02
  6.2783e-02  9.7751e-02  1.1590e-01  1.5184e-01  2.0078e-01  2.4254e-01
  2.9268e-01  3.5608e-01  4.0599e-01  4.3405e-01  4.7692e-01  5.2930e-01
  5.4500e-01  5.3897e-01  5.3833e-01  4.7853e-01  4.6219e-01  4.3720e-01
  3.5444e-01  3.0762e-01  2.7230e-01  2.3064e-01  1.9989e-01  1.8067e-01
  1.7656e-01  1.0919e-01  8.0400e-02  7.8766e-02  3.3158e-02  2.9074e-02
  2.6227e-02  1.1525e-02  3.4947e-02  8.6823e-02  9.5565e-02  1.0212e-01
  1.4506e-01  1.7190e-01  1.9967e-01  2.2992e-01  2.3338e-01  2.5519e-01
  2.8338e-01  3.2305e-01  3.4435e-01  2.4091e-01  2.1122e-01  2.3060e-01
  2.3947e-01  2.0334e-01  1.7435e-01  1.5064e-01  1.1243e-01 -3.3540e-03
 -3.6335e-02 -6.3266e-02 -6.0419e-02 -5.1876e-02 -4.1986e-02  2.2310e-03
  5.2430e-02  1.0559e-01  1.1916e-01  1.7407e-01  2.7369e-01  3.3334e-01
  3.7747e-01  4.4241e-01  5.3389e-01  6.6983e-01  7.9140e-01  8.0670e-01
  9.1418e-01  1.0249e+00  1.1541e+00  1.2545e+00  1.2778e+00  1.3754e+00
  1.3844e+00  1.4110e+00  1.4922e+00  1.5106e+00  1.5541e+00  1.6424e+00
  1.6700e+00  1.6713e+00  1.7907e+00  1.8596e+00  1.6944e+00  1.6987e+00
  1.6567e+00  1.6243e+00  1.6280e+00  1.5409e+00  1.5212e+00]
[-0.20939  -0.21483  -0.22438  -0.23581  -0.24603  -0.25581  -0.26487
 -0.27119  -0.27315  -0.27137  -0.26614  -0.25812  -0.25358  -0.25153
 -0.24693  -0.24005  -0.23347  -0.22484  -0.20963  -0.19564  -0.18411
 -0.16782  -0.1427   -0.12253  -0.10619  -0.088725 -0.071812 -0.055452
 -0.044415 -0.038471 -0.036351 -0.032883 -0.029185 -0.021638 -0.010705
 -0.000532  0.01509   0.032141  0.049607  0.068121  0.089596  0.11117
  0.12984   0.15112   0.16884   0.18081   0.19115   0.19522   0.18913
  0.17696   0.16188   0.14503   0.12636   0.1097    0.095483  0.07728
  0.061577  0.045068  0.024007  0.005851 -0.002917 -0.007318 -0.015452
 -0.018562 -0.014945 -0.007341 -0.001316 -0.001707 -0.008631 -0.021512
 -0.039196 -0.060545 -0.08013  -0.098137 -0.10773  -0.10726  -0.10336
 -0.090395 -0.070671 -0.049749 -0.03301  -0.021661 -0.009472  0.009917
  0.029111  0.04319   0.058167  0.070229  0.076589  0.080506  0.081405
  0.0769    0.068421  0.061785  0.054584  0.043109  0.02433  -0.002134
 -0.032134 -0.059681 -0.08066  -0.099405 -0.11686  -0.128    -0.13291
 -0.13489  -0.13545  -0.13654  -0.13676  -0.13635  -0.13416  -0.1345
 -0.12943  -0.12057  -0.11502  -0.10609  -0.093011 -0.080764 -0.067492
 -0.053102 -0.039841 -0.024415 -0.013885 -0.004645  0.010205  0.023777
  0.036035  0.049123  0.056623  0.059884  0.061635  0.058547  0.048512
  0.033155  0.015977 -0.001281 -0.017733 -0.031857 -0.047756 -0.060844
 -0.071524 -0.085683 -0.096605 -0.10684  -0.11975  -0.13165  -0.14118
 -0.149    -0.15379  -0.15337  -0.15212  -0.1555  ]
[-2.4827e-01 -2.5563e-01 -2.6387e-01 -2.7788e-01 -2.8702e-01 -2.9416e-01
 -2.9700e-01 -3.0078e-01 -3.0298e-01 -2.9753e-01 -2.8731e-01 -2.7208e-01
 -2.5980e-01 -2.5279e-01 -2.4110e-01 -2.2104e-01 -2.0907e-01 -1.8963e-01
 -1.6113e-01 -1.4320e-01 -1.2013e-01 -9.4358e-02 -6.3334e-02 -2.4906e-02
  1.5030e-03  2.5210e-02  5.5706e-02  8.4379e-02  1.1090e-01  1.2678e-01
  1.3135e-01  1.3755e-01  1.4970e-01  1.6139e-01  1.7426e-01  1.9204e-01
  2.1214e-01  2.3884e-01  2.5861e-01  2.7957e-01  3.0376e-01  3.2055e-01
  3.4375e-01  3.6423e-01  3.7152e-01  3.8167e-01  3.9264e-01  3.9053e-01
  3.8308e-01  3.7253e-01  3.4887e-01  3.1347e-01  2.7867e-01  2.4255e-01
  2.0425e-01  1.7387e-01  1.4410e-01  1.1327e-01  8.9081e-02  6.6868e-02
  4.6962e-02  3.8679e-02  3.7075e-02  3.9404e-02  4.8324e-02  4.5973e-02
  4.3073e-02  4.1579e-02  3.1736e-02  1.9608e-02 -9.8000e-04 -2.4291e-02
 -4.6724e-02 -6.7904e-02 -8.0713e-02 -8.3306e-02 -7.8538e-02 -6.9135e-02
 -5.3469e-02 -3.7056e-02 -2.4379e-02 -7.5710e-03  4.7770e-03  1.3104e-02
  2.9033e-02  4.2194e-02  5.4476e-02  6.6758e-02  7.3525e-02  7.7282e-02
  7.3789e-02  6.4868e-02  5.4828e-02  4.9269e-02  4.1205e-02  2.4485e-02
  2.1400e-03 -2.2270e-02 -4.3516e-02 -6.0917e-02 -7.5243e-02 -8.7173e-02
 -9.5742e-02 -1.0293e-01 -1.0225e-01 -9.2973e-02 -8.8887e-02 -8.0867e-02
 -6.9508e-02 -6.3356e-02 -5.6084e-02 -4.4527e-02 -3.4925e-02 -2.4511e-02
 -4.0780e-03  1.2225e-02  2.9802e-02  4.8214e-02  6.2122e-02  7.9304e-02
  9.6024e-02  1.1274e-01  1.2287e-01  1.3203e-01  1.4588e-01  1.5552e-01
  1.5891e-01  1.6359e-01  1.6506e-01  1.6613e-01  1.6293e-01  1.4794e-01
  1.2898e-01  1.0934e-01  8.7191e-02  5.8717e-02  3.5647e-02  1.5345e-02
 -4.6270e-03 -2.1633e-02 -3.8177e-02 -5.4216e-02 -6.9376e-02 -8.1197e-02
 -9.3567e-02 -1.0587e-01 -1.1433e-01 -1.1991e-01 -1.2220e-01 -1.2494e-01
 -1.2692e-01 -1.2716e-01 -1.3564e-01 -1.4085e-01 -1.3808e-01 -1.4070e-01
 -1.4201e-01 -1.4285e-01 -1.4221e-01 -1.3452e-01 -1.2613e-01 -1.1578e-01
 -1.0253e-01 -8.7459e-02 -7.1002e-02 -5.5798e-02 -5.1404e-02 -6.0478e-02
 -7.2562e-02 -8.2867e-02 -8.5064e-02 -9.9455e-02 -1.1534e-01 -1.2947e-01
 -1.5164e-01 -1.6280e-01 -1.6669e-01 -1.6713e-01 -1.6229e-01 -1.5495e-01
 -1.4643e-01 -1.4085e-01 -1.4324e-01 -1.3569e-01 -1.2791e-01 -1.2751e-01
 -1.2630e-01 -1.2597e-01 -1.2707e-01 -1.2692e-01 -1.2826e-01 -1.2931e-01
 -1.2149e-01 -1.1270e-01 -1.0427e-01 -8.2911e-02 -6.7201e-02 -5.7050e-02
 -3.6859e-02 -1.6843e-02  1.5169e-02  5.7948e-02  9.8638e-02  1.3443e-01
  1.7545e-01  2.2561e-01  2.7010e-01  3.1194e-01  3.5671e-01  4.0147e-01
  4.3012e-01  4.3761e-01  4.3414e-01  4.0426e-01  3.9571e-01  3.7739e-01
  3.2811e-01  2.8748e-01  2.5037e-01  2.1058e-01  1.7892e-01  1.5781e-01
  1.3401e-01  7.6118e-02  4.9730e-02  3.0374e-02 -1.4470e-02 -3.1256e-02
 -4.2505e-02 -4.6197e-02 -2.9015e-02  1.1520e-03  1.4620e-02  3.4658e-02
  7.0757e-02  9.6947e-02  1.2149e-01  1.4592e-01  1.6462e-01  1.9188e-01
  2.3022e-01  2.6419e-01  2.7043e-01  2.1109e-01  1.9538e-01  2.0494e-01
  1.9753e-01  1.7699e-01  1.6273e-01  1.3311e-01  8.0578e-02 -3.8023e-02
 -8.6140e-02 -1.1486e-01 -1.1314e-01 -1.1284e-01 -1.0761e-01 -7.6561e-02
 -3.9254e-02  5.2380e-03  3.8063e-02  7.4909e-02  1.2380e-01  1.5946e-01
  2.0562e-01  2.6977e-01  3.4105e-01  4.2181e-01  4.9225e-01  5.7234e-01
  6.7187e-01  7.6788e-01  8.6990e-01  9.4286e-01  9.9316e-01  1.0513e+00
  1.0802e+00  1.1375e+00  1.1996e+00  1.2373e+00  1.2852e+00  1.3334e+00
  1.3414e+00  1.3385e+00  1.3695e+00  1.3849e+00  1.3519e+00  1.4117e+00
  1.4471e+00  1.4818e+00  1.5060e+00  1.4785e+00  1.4736e+00  1.4328e+00
  1.4021e+00  1.3470e+00  1.1783e+00  1.2232e+00  1.2077e+00  1.1646e+00
  1.1537e+00  1.0924e+00  1.0555e+00  1.0676e+00  1.0455e+00  9.9759e-01
  1.0063e+00  1.0189e+00  1.0249e+00  1.0328e+00  1.0535e+00  1.0872e+00
  1.1249e+00  1.1789e+00  1.2317e+00  1.2915e+00  1.3567e+00  1.4404e+00
  1.5272e+00  1.6374e+00  1.7683e+00  1.9021e+00  2.0380e+00  2.1870e+00
  2.3209e+00  2.4198e+00  2.5008e+00  2.5922e+00  2.6481e+00  2.6536e+00
  2.6883e+00  2.6935e+00  2.6638e+00  2.6588e+00  2.6634e+00  2.5977e+00
  2.5098e+00  2.5235e+00  2.4927e+00  2.4621e+00  2.4292e+00  2.2822e+00
  2.1861e+00  2.1883e+00  2.0196e+00  1.8055e+00  1.7745e+00  1.6716e+00
  1.5717e+00  1.4385e+00  1.2850e+00  1.2218e+00  1.1254e+00  9.6908e-01
  8.5109e-01  7.8162e-01  6.1527e-01  5.3112e-01  4.4179e-01  3.5432e-01
  2.4952e-01  5.6453e-02  7.1720e-03 -8.3394e-02 -1.6759e-01 -2.2711e-01
 -3.1706e-01 -4.6398e-01 -5.0465e-01 -6.4160e-01 -6.8890e-01 -7.3269e-01
 -8.0526e-01 -8.4028e-01 -8.7704e-01 -8.9930e-01 -9.1652e-01 -9.3691e-01
 -9.7749e-01 -9.9714e-01 -9.9988e-01 -1.0114e+00 -1.0132e+00 -1.0046e+00
 -1.0024e+00 -9.8417e-01 -9.6161e-01 -9.3109e-01 -8.9183e-01 -8.5815e-01
 -8.3798e-01 -8.4176e-01 -8.7199e-01 -9.2474e-01 -1.0070e+00 -1.0977e+00
 -1.1977e+00 -1.2596e+00 -1.3471e+00 -1.4121e+00 -1.4517e+00]
[ 1.4463e-02  3.4502e-02  5.3230e-02  7.4883e-02  9.5964e-02  1.1523e-01
  1.4051e-01  1.6970e-01  2.0591e-01  2.4306e-01  2.8163e-01  3.2978e-01
  3.7897e-01  4.2429e-01  4.7355e-01  5.2936e-01  5.7687e-01  6.0558e-01
  6.3803e-01  6.6116e-01  6.7101e-01  6.8890e-01  6.9929e-01  7.0063e-01
  7.0863e-01  7.1042e-01  7.1630e-01  7.1677e-01  7.0218e-01  6.9465e-01
  6.8382e-01  6.6842e-01  6.5887e-01  6.5333e-01  6.3941e-01  6.2633e-01
  6.1758e-01  6.0982e-01  6.0817e-01  6.1042e-01  6.1910e-01  6.2781e-01
  6.3823e-01  6.7071e-01  7.2013e-01  7.5927e-01  7.8355e-01  8.0120e-01
  7.9414e-01  7.5883e-01  7.0544e-01  6.3551e-01  5.6150e-01  4.9587e-01
  4.3757e-01  3.8428e-01  3.4736e-01  3.2487e-01  3.0496e-01  2.8832e-01
  2.6250e-01  2.3237e-01  2.2074e-01  2.0920e-01  1.8870e-01  1.7279e-01
  1.6687e-01  1.5339e-01  1.3648e-01  1.2044e-01  9.6603e-02  6.5569e-02
  3.6990e-02  1.2614e-02 -1.2469e-02 -2.0404e-02 -1.2738e-02  3.9000e-05
  1.8397e-02  4.6472e-02  8.1237e-02  1.1291e-01  1.4287e-01  1.7457e-01
  1.9112e-01  1.9848e-01  1.9562e-01  1.8486e-01  1.6038e-01  1.2585e-01
  9.7006e-02  6.2375e-02  3.6183e-02  1.5438e-02 -2.9540e-03 -2.4304e-02
 -5.2345e-02 -7.6251e-02 -1.0059e-01 -1.2985e-01 -1.4666e-01 -1.5224e-01
 -1.5789e-01 -1.5779e-01 -1.5839e-01 -1.4713e-01 -1.3375e-01 -1.2379e-01
 -1.0624e-01 -9.3365e-02 -8.0084e-02 -6.5828e-02 -4.8949e-02 -2.6792e-02
 -1.6537e-02  3.0980e-03  3.6015e-02  5.4709e-02  7.0579e-02  8.6146e-02
  1.0289e-01  1.2182e-01  1.3587e-01  1.4421e-01  1.5121e-01  1.6371e-01
  1.7578e-01  1.8389e-01  1.8500e-01  1.7461e-01  1.5501e-01  1.4226e-01
  1.2401e-01  1.0094e-01  8.6684e-02  6.2879e-02  3.1005e-02  4.4430e-03
 -1.5898e-02 -3.2979e-02 -5.1639e-02 -7.2048e-02 -8.7784e-02 -9.7366e-02
 -1.0876e-01 -1.2453e-01 -1.4326e-01 -1.5227e-01 -1.5463e-01 -1.6061e-01
 -1.6323e-01 -1.6323e-01 -1.5953e-01 -1.5489e-01 -1.5328e-01 -1.5987e-01
 -1.6397e-01 -1.6555e-01 -1.5647e-01 -1.4528e-01 -1.3677e-01 -1.2806e-01
 -1.1572e-01 -1.0422e-01 -9.3096e-02 -7.8806e-02 -8.0084e-02 -8.8019e-02
 -9.7803e-02 -1.0036e-01 -1.0530e-01 -1.1643e-01 -1.2806e-01 -1.4282e-01]
[-1.9611e-01 -1.9057e-01 -1.9035e-01 -1.8694e-01 -1.8328e-01 -1.7548e-01
 -1.7033e-01 -1.6590e-01 -1.5168e-01 -1.3457e-01 -1.0869e-01 -8.1240e-02
 -5.5404e-02 -2.6483e-02 -2.4030e-03  1.9635e-02  4.2756e-02  6.9900e-02
  9.3755e-02  1.0922e-01  1.2364e-01  1.3938e-01  1.5605e-01  1.7474e-01
  1.8779e-01  1.9986e-01  2.1216e-01  2.1789e-01  2.2948e-01  2.4345e-01
  2.5411e-01  2.6765e-01  2.8364e-01  3.0055e-01  3.2230e-01  3.4741e-01
  3.6475e-01  3.8509e-01  4.1205e-01  4.3302e-01  4.5796e-01  4.7961e-01
  5.0696e-01  5.5428e-01  5.9885e-01  6.3328e-01  6.7201e-01  7.2607e-01
  7.6284e-01  7.8093e-01  7.9505e-01  8.0279e-01  8.1704e-01  8.2826e-01
  8.2552e-01  8.1792e-01  7.9654e-01  7.5816e-01  7.2566e-01  6.8984e-01
  6.5526e-01  6.4201e-01  6.4942e-01  6.7397e-01  7.0422e-01  7.3085e-01
  7.3424e-01  7.0436e-01  6.5857e-01  6.0514e-01  5.4152e-01  4.8835e-01
  4.6280e-01  4.6928e-01  5.1507e-01  5.9846e-01  7.0657e-01  8.2783e-01
  9.4647e-01  1.0371e+00  1.1006e+00  1.1454e+00  1.1809e+00  1.2176e+00
  1.2567e+00  1.2935e+00  1.3282e+00  1.3527e+00  1.3602e+00  1.3561e+00
  1.3347e+00  1.2966e+00  1.2431e+00  1.1865e+00  1.1259e+00  1.0551e+00
  9.7662e-01  8.8887e-01  7.9119e-01  7.0099e-01  6.2183e-01  5.4869e-01
  4.8443e-01  4.3290e-01  3.9226e-01  3.5972e-01  3.3117e-01  2.9965e-01
  2.7629e-01  2.5080e-01  2.3233e-01  2.2766e-01  2.2809e-01  2.3869e-01
  2.5125e-01  2.6889e-01  2.8938e-01  3.0880e-01  3.3393e-01  3.6105e-01
  3.8282e-01  4.0047e-01  4.2226e-01  4.4985e-01  4.7512e-01  4.9462e-01
  5.0759e-01  5.2015e-01  5.2871e-01  5.2479e-01  5.1299e-01  4.8868e-01
  4.5363e-01  4.1215e-01  3.6575e-01  3.1609e-01  2.6983e-01  2.3630e-01
  2.1130e-01  1.9040e-01  1.6696e-01  1.3654e-01  1.0877e-01  8.1296e-02
  5.1702e-02  2.4660e-02  1.2330e-03 -1.5944e-02 -2.6728e-02 -3.3468e-02
 -4.0310e-02 -5.3055e-02 -7.3765e-02 -9.4721e-02 -1.1594e-01 -1.3355e-01
 -1.3902e-01 -1.4523e-01 -1.5195e-01 -1.5360e-01 -1.5066e-01 -1.4141e-01
 -1.3665e-01 -1.3606e-01 -1.3702e-01 -1.4002e-01 -1.3972e-01 -1.4243e-01
 -1.5199e-01 -1.6124e-01 -1.7160e-01 -1.9188e-01 -2.1696e-01 -2.3945e-01
 -2.6304e-01 -2.8677e-01 -3.0131e-01 -3.0346e-01 -2.9837e-01 -2.8791e-01
 -2.7023e-01 -2.5262e-01 -2.4361e-01 -2.2852e-01 -2.1784e-01 -2.1526e-01
 -2.0599e-01 -1.9844e-01 -1.9092e-01 -1.9139e-01 -1.9927e-01 -1.9378e-01
 -1.7881e-01 -1.6580e-01 -1.5826e-01 -1.3827e-01 -1.1067e-01 -9.8540e-02
 -7.8504e-02 -4.4477e-02 -2.6480e-03  4.4757e-02  6.0811e-02  3.7057e-02
  1.4917e-02  2.0902e-02  3.2401e-02  3.1073e-02  4.6228e-02  6.9348e-02
  7.3556e-02  6.4058e-02  6.1076e-02  3.8753e-02  3.0971e-02  6.6050e-03
 -5.5506e-02 -8.4856e-02 -9.0758e-02 -9.3944e-02 -8.2752e-02 -6.9496e-02
 -7.2090e-02 -1.4000e-01 -1.7942e-01 -1.9825e-01 -2.2783e-01 -2.2166e-01
 -1.9349e-01 -1.5587e-01 -1.0307e-01 -4.1760e-02  2.1520e-03  4.9353e-02
  1.0166e-01  1.4036e-01  1.7927e-01  2.2126e-01  2.6677e-01  3.2888e-01
  4.1403e-01  5.1225e-01  5.5867e-01  4.9113e-01  4.8997e-01  5.2332e-01
  5.2557e-01  4.7781e-01  3.7678e-01  1.8021e-01 -4.8153e-02 -3.2566e-01
 -4.3926e-01 -5.2402e-01 -5.4982e-01 -5.6236e-01 -5.6652e-01 -5.4843e-01
 -5.2422e-01 -4.8699e-01 -4.5791e-01 -4.1981e-01 -3.6379e-01 -3.0942e-01
 -2.6018e-01 -2.0295e-01 -1.2632e-01 -3.1180e-02  5.6317e-02  1.2139e-01
  2.3144e-01  3.3666e-01  4.4806e-01  5.2681e-01  5.7620e-01  6.4429e-01
  6.7044e-01  7.1596e-01  7.7820e-01  8.1232e-01  8.5466e-01  9.1710e-01
  9.3881e-01  9.6081e-01  1.0316e+00  1.0462e+00  9.4956e-01  9.7456e-01
  9.6248e-01  9.5076e-01  9.5470e-01  9.0646e-01  8.8747e-01  8.3306e-01
  7.8992e-01  7.5030e-01  5.5880e-01  5.8960e-01  5.7740e-01  5.2491e-01
  5.0000e-01  4.2402e-01  3.8151e-01  3.8670e-01  3.4822e-01  2.8583e-01
  2.8103e-01  2.7629e-01  2.7549e-01  2.8237e-01  2.9171e-01  3.1158e-01
  3.3734e-01  3.8464e-01  4.3021e-01  4.8523e-01  5.6182e-01  6.6306e-01
  7.7323e-01  8.9803e-01  1.0365e+00  1.1933e+00  1.3570e+00  1.5266e+00
  1.6833e+00  1.8015e+00  1.8815e+00  1.9796e+00  2.0320e+00  2.0119e+00
  2.0308e+00  2.0209e+00  1.9944e+00  2.0003e+00  2.0087e+00  1.9707e+00
  1.8938e+00  1.9034e+00  1.8854e+00  1.8662e+00  1.8484e+00  1.7368e+00
  1.6500e+00  1.6586e+00  1.5062e+00  1.3039e+00  1.2932e+00  1.2148e+00
  1.1271e+00  1.0001e+00  8.5499e-01  8.0056e-01  7.1890e-01  5.7209e-01
  4.7136e-01  4.2036e-01  2.7341e-01  1.9872e-01  1.1878e-01  4.7249e-02
 -3.9432e-02 -2.2262e-01 -2.5705e-01 -3.2976e-01 -4.0650e-01 -4.4682e-01
 -5.0547e-01 -6.2763e-01 -6.5539e-01 -7.8811e-01 -8.1868e-01 -8.3827e-01
 -8.9084e-01 -9.0824e-01 -9.2387e-01 -9.3222e-01 -9.2530e-01 -9.0171e-01]
[-1.6703e+00 -1.5591e+00 -1.4186e+00 -1.3556e+00 -1.2629e+00 -1.1693e+00
 -1.0755e+00 -9.8129e-01 -8.7216e-01 -7.9824e-01 -6.8648e-01 -6.1407e-01
 -5.3279e-01 -4.4956e-01 -3.8028e-01 -3.0016e-01 -2.1385e-01 -1.1959e-01
 -1.7465e-02  8.8831e-02  1.8832e-01  3.0575e-01  4.6116e-01  6.3003e-01
  7.8546e-01  9.4247e-01  1.1365e+00  1.3661e+00  1.7576e+00  2.0185e+00
  2.3500e+00  2.5840e+00  2.6807e+00  2.6235e+00  2.4581e+00  2.1587e+00
  1.8248e+00  1.4679e+00  1.2361e+00  9.2914e-01  7.1037e-01  5.6763e-01
  4.2596e-01  3.6207e-01  3.3139e-01  2.9874e-01  2.9303e-01  2.8468e-01
  2.7209e-01  2.7846e-01  2.9098e-01  2.9533e-01  2.9146e-01  3.0064e-01
  3.0674e-01  3.0752e-01  3.1961e-01  3.3089e-01  3.2861e-01  3.2699e-01
  3.3064e-01  3.3299e-01  3.3501e-01  3.3865e-01  3.4487e-01  3.5239e-01
  3.6194e-01  3.6564e-01  3.6642e-01  3.7328e-01  3.7993e-01  3.8235e-01
  3.8428e-01  3.8352e-01  3.8549e-01  3.8390e-01  3.8208e-01  3.7745e-01
  3.7924e-01  3.8830e-01  3.9389e-01  3.9465e-01  3.9561e-01  4.0233e-01
  4.0537e-01  4.0302e-01  3.9798e-01  3.9141e-01  3.9376e-01  3.9234e-01
  3.8939e-01  3.8820e-01  3.9260e-01  3.9090e-01  3.8509e-01  3.8794e-01
  3.9083e-01  3.9214e-01  3.9025e-01  3.8830e-01  3.8453e-01  3.7714e-01
  3.7143e-01  3.7125e-01  3.7259e-01  3.6807e-01  3.6432e-01  3.6091e-01
  3.5550e-01  3.5600e-01  3.5046e-01 -4.2802e-01 -4.4441e-01 -4.7503e-01
 -4.8268e-01 -4.8460e-01 -4.6199e-01 -4.4895e-01 -4.6594e-01 -4.6953e-01
 -4.6079e-01 -4.4321e-01 -4.5087e-01 -4.6199e-01 -4.3867e-01 -3.8256e-01
 -3.6594e-01 -3.4118e-01 -2.9405e-01 -2.9381e-01 -2.8149e-01 -2.3448e-01
 -1.9321e-01 -1.8603e-01 -1.6402e-01 -1.0457e-01 -6.8566e-02 -6.9165e-02
 -3.6748e-02  2.4736e-02  6.8516e-02  1.0057e-01  1.1959e-01  1.4292e-01
  1.5536e-01  1.6361e-01  2.1804e-01  2.5261e-01  2.4447e-01  2.6660e-01
  3.3718e-01  3.8311e-01  4.0704e-01  4.2964e-01  4.4101e-01  4.9472e-01
  5.4065e-01  5.6852e-01  6.0967e-01  6.3120e-01  6.6673e-01  6.8969e-01
  6.8072e-01  6.6732e-01  6.5728e-01  6.6206e-01  6.5130e-01  6.0345e-01
  5.6397e-01  5.1828e-01  4.6852e-01  4.4137e-01  4.0632e-01  3.9196e-01
  3.7486e-01  3.6589e-01  3.4400e-01  3.2019e-01  3.3694e-01  3.2294e-01
  2.5141e-01  1.7845e-01  1.3263e-01  8.0239e-02  3.8611e-02  3.0597e-02
  6.9951e-02  1.3036e-01  2.2868e-01  3.3718e-01  3.8646e-01  4.2259e-01
  4.6050e-01  4.8192e-01  5.6457e-01  6.4926e-01  6.7606e-01  7.1960e-01
  7.6876e-01  8.0393e-01  8.2965e-01  8.7068e-01  8.8383e-01  8.6529e-01
  8.4747e-01  8.6697e-01  8.9998e-01  8.5465e-01  7.8814e-01  7.0823e-01
  5.8467e-01  4.8778e-01  4.3216e-01  3.7414e-01  2.9208e-01  2.4974e-01
  2.5751e-01  2.6038e-01  2.5524e-01  2.2845e-01  1.7534e-01  1.4651e-01
  1.3885e-01  1.1684e-01  1.1325e-01  1.3778e-01  1.6445e-01  1.7701e-01
  1.8096e-01  1.8849e-01  1.9412e-01  2.1612e-01  2.1660e-01  1.9615e-01
  2.1517e-01  2.4615e-01  2.4543e-01  2.4316e-01  2.7055e-01  2.7797e-01
  2.7318e-01  2.7581e-01  2.4746e-01  2.1385e-01  1.7270e-01  1.0368e-01
  5.3564e-02 -1.4610e-03 -3.7346e-02 -4.0456e-02 -4.3686e-02 -5.2059e-02
 -7.7777e-02 -9.6796e-02 -1.2048e-01 -1.6617e-01 -2.0098e-01 -2.2072e-01
 -2.2551e-01 -2.4130e-01 -2.5505e-01 -2.3854e-01 -2.5816e-01 -3.0362e-01
 -3.2754e-01 -3.3244e-01 -3.3005e-01 -3.2945e-01 -3.4453e-01 -3.7610e-01
 -3.8197e-01 -3.6570e-01 -3.6522e-01 -3.5433e-01 -3.2395e-01 -2.8149e-01
 -2.6976e-01 -2.8173e-01 -2.9417e-01 -3.0756e-01 -3.0924e-01 -3.2850e-01
 -3.5529e-01 -3.7072e-01 -3.7886e-01 -3.9704e-01 -4.2060e-01 -4.3855e-01
 -4.4381e-01 -4.5912e-01 -4.5565e-01 -4.1678e-01 -3.9584e-01 -3.8304e-01
 -3.9285e-01 -4.0063e-01 -3.9955e-01 -3.9596e-01 -3.9022e-01 -3.8544e-01
 -3.8065e-01 -3.7276e-01 -3.6893e-01 -3.5278e-01 -3.3436e-01 -3.2443e-01
 -3.1797e-01 -3.2766e-01 -3.2670e-01 -3.0206e-01 -2.5122e-01 -1.8017e-01
 -1.4094e-01 -1.1330e-01 -1.1378e-01 -1.4381e-01 -1.4189e-01 -1.2144e-01
 -1.0361e-01 -6.8925e-02 -2.8375e-02  1.3013e-02  4.2679e-02  3.3588e-02
  6.3150e-03 -1.2226e-02]
[0.85729 0.9245  0.91757 0.93788 1.0314  1.0103  0.86303 0.89619 0.86719
 0.88974 0.89931 0.82618 0.8185  0.73879 0.67658 0.59158 0.35166 0.45294
 0.45952 0.40644 0.38868 0.29058 0.25772 0.28645 0.22663]
