[-0.03168558 -0.01045085  0.05307413  0.03583886  0.04144814  0.06229814
  0.04755847  0.10912934  0.15131414  0.18522745  0.22055709  0.26499253
  0.31563935  0.35426676  0.3884793   0.44835974  0.48806795  0.52018769
  0.53751491  0.57935031  0.58346492  0.59792642  0.63121041  0.61820283
  0.61849431  0.63521351  0.61355598  0.66204575  0.61336437  0.62965463
  0.62260588  0.62204991  0.60798181  0.60681344  0.59136487  0.58593254
  0.58136567  0.62110696  0.56321211  0.58542525  0.61568696  0.60908536
  0.63066425  0.65282926  0.69475331  0.73219494  0.75630351  0.77480641
  0.77163914  0.71256453  0.66703166  0.62716496  0.54510202  0.48149277
  0.5644061   0.3899517   0.35542025  0.35910852  0.31084883  0.30720499
  0.2745989   0.24863061  0.2469807   0.22791624  0.20862948  0.19118534
  0.1825176   0.18199117  0.12639407  0.13706826  0.12050857  0.09267119
  0.07132601  0.06120358  0.02297666  0.05072152  0.04559846 -0.03578271
  0.08100149  0.10724794  0.11190846  0.17627269  0.20932117  0.21967877
  0.24709743  0.2644578   0.25210171  0.2422166   0.21235375  0.18026867
  0.1589881   0.13663837  0.10043114  0.07430859  0.05229242  0.03287286
 -0.01483081 -0.03055161 -0.08671559 -0.08696397 -0.10502037 -0.08694178
 -0.15745472 -0.12165834 -0.12322288 -0.00437133 -0.08935161 -0.10855846
 -0.07903037 -0.07147797 -0.04719306 -0.04048431 -0.0209325  -0.00316125
 -0.00984337  0.01422592  0.05961394  0.06648944  0.09176604  0.10224186
  0.06063203  0.11038627  0.1541187   0.17559787  0.16294947  0.18518307
  0.22090645  0.18162123  0.20773033  0.19274147  0.17561202  0.1635603
  0.13921285  0.14824512  0.02736472  0.07591628  0.0426036   0.02282887
 -0.00157108 -0.01736648 -0.04078368 -0.06573726 -0.06240994 -0.06805257
 -0.09573914 -0.15077754 -0.1286282  -0.1398501  -0.13320823 -0.153957
 -0.15627568 -0.1522421  -0.16294117 -0.12810472 -0.1518349  -0.1492678
 -0.10767724 -0.17152424 -0.14477972 -0.13384948 -0.12377795 -0.1342681
 -0.09946568 -0.09422013 -0.07643888 -0.08571842 -0.07187837 -0.10213402
 -0.09462394 -0.1058946  -0.12145391 -0.11031713 -0.12615176 -0.14532682]
[-3.10659067e-01 -3.03496779e-01 -3.04362419e-01 -3.06306939e-01
 -2.98720318e-01 -2.88014946e-01 -2.84945405e-01 -2.75257262e-01
 -2.64590895e-01 -2.46816458e-01 -2.27840318e-01 -2.02508503e-01
 -1.74673470e-01 -1.49154071e-01 -1.21123673e-01 -9.50919080e-02
 -7.42062518e-02 -5.17268432e-02 -3.59790186e-02 -1.72655603e-02
  8.18686010e-03  2.94577939e-02  5.95901016e-02  6.74225217e-02
  7.54267135e-02  1.10368782e-01  1.26735947e-01  1.31625944e-01
  1.53988468e-01  1.55024772e-01  1.75377746e-01  2.09773809e-01
  2.08918132e-01  2.29737588e-01  2.43751417e-01  2.67055385e-01
  2.96576052e-01  3.30227221e-01  3.49075649e-01  3.80403312e-01
  4.07960663e-01  4.29684310e-01  4.53490356e-01  4.67234838e-01
  4.94944487e-01  5.02561269e-01  5.44918906e-01  5.66467649e-01
  5.92530171e-01  5.98055597e-01  6.11783178e-01  6.20637809e-01
  6.35579390e-01  6.28741110e-01  6.29793179e-01  6.18683443e-01
  6.01504872e-01  5.83187069e-01  5.59070179e-01  5.37593306e-01
  5.27913044e-01  5.19690936e-01  5.33684447e-01  5.55462228e-01
  5.89693075e-01  6.00793433e-01  5.95005835e-01  5.69408373e-01
  5.16486582e-01  4.80454657e-01  4.13108522e-01  3.65349095e-01
  3.51274228e-01  3.58176224e-01  3.94790675e-01  4.57168766e-01
  5.56428921e-01  6.58639768e-01  7.54950724e-01  8.25850028e-01
  8.87817187e-01  9.27088329e-01  9.62234606e-01  1.00476491e+00
  1.03777497e+00  1.07391489e+00  1.10362565e+00  1.10342360e+00
  1.12387454e+00  1.10579166e+00  1.08445739e+00  1.04113214e+00
  9.77336500e-01  9.55999178e-01  8.99954126e-01  8.35433618e-01
  7.67752611e-01  6.82635569e-01  5.92069825e-01  5.18124962e-01
  4.47957329e-01  3.89266912e-01  3.40786111e-01  2.95803734e-01
  2.68481474e-01  2.33890014e-01  2.07207791e-01  1.75565716e-01
  1.63993260e-01  1.24724922e-01  1.15576918e-01  1.11021826e-01
  1.23036738e-01  1.32856456e-01  1.48257750e-01  1.65704390e-01
  1.84179604e-01  2.09078863e-01  2.18548390e-01  2.85214749e-01
  3.07738775e-01  3.27408037e-01  3.57804845e-01  3.79723155e-01
  4.01962224e-01  4.27664992e-01  4.46417192e-01  4.59223236e-01
  4.68259174e-01  4.69933480e-01  4.51563791e-01  4.35047799e-01
  4.07566409e-01  3.65728732e-01  3.31898746e-01  2.98934401e-01
  2.52664183e-01  2.20492153e-01  2.02968776e-01  1.79507327e-01
  1.61035535e-01  9.14116079e-02  1.10837349e-01  9.11771536e-02
  6.62156287e-02  1.91857016e-02  1.54624264e-02  1.30737886e-03
 -6.93068565e-04  2.45771627e-03 -6.36480387e-03 -2.25671074e-02
 -3.80050496e-02 -4.62220106e-02 -6.99626211e-02 -7.70155103e-02
 -8.40698095e-02 -9.34202707e-02 -9.48213887e-02 -1.01654674e-01
 -8.86008336e-02 -7.26265747e-02 -5.97462027e-02 -4.87110575e-02
 -2.78973332e-02 -5.21537836e-03 -5.72904425e-03 -3.78959284e-02
 -4.73058680e-02 -6.38633358e-02 -7.70673755e-02 -6.59846600e-02
 -1.10256995e-01 -1.36885521e-01 -1.62312912e-01 -1.73611795e-01
 -1.89580536e-01 -1.98482810e-01 -1.93405137e-01 -1.70146520e-01
 -1.60115375e-01 -1.38186148e-01 -1.37934645e-01 -1.27640382e-01
 -1.17232725e-01 -1.23315865e-01 -1.02339589e-01 -1.00927544e-01
 -9.30390931e-02 -1.01005831e-01 -1.07153077e-01 -1.00969806e-01
 -1.12834707e-01 -6.72051879e-02 -4.32174555e-02 -2.69579088e-02
  2.67204115e-03  2.22749318e-02  4.97923796e-02  9.24054558e-02
  1.30939480e-01  1.90076800e-01  2.06989154e-01  1.94513631e-01
  1.92923523e-01  2.24218063e-01  2.35744669e-01  2.43747714e-01
  2.70134467e-01  3.01513714e-01  3.03678982e-01  2.97634809e-01
  2.95459341e-01  2.59626988e-01  2.54604878e-01  2.34671652e-01
  1.66296759e-01  1.19898986e-01  8.48745036e-02  5.75927746e-02
  5.14092960e-02  5.17283288e-02  2.20780158e-02 -3.14435371e-02
 -7.18455227e-02 -7.04672060e-02 -1.15775660e-01 -1.13909623e-01
 -1.02770615e-01 -6.37900806e-02 -2.25797048e-02  4.10264557e-02
  6.98632640e-02  1.11248354e-01  1.72288880e-01  2.04141200e-01
  2.42452225e-01  2.95962028e-01  3.19934327e-01  3.68569317e-01
  4.52903562e-01  5.44051142e-01  5.85932363e-01  4.94077104e-01
  4.95568365e-01  5.17281158e-01  5.17075146e-01  4.64610981e-01
  3.78833413e-01  2.30243435e-01  3.78293910e-02 -2.36061767e-01
 -3.42702862e-01 -4.21679499e-01 -4.36198263e-01 -4.52998424e-01
 -4.64548721e-01 -4.58888524e-01 -3.82519093e-01 -3.61043662e-01
 -3.31389146e-01 -3.08898581e-01 -2.32534560e-01 -1.85698339e-01
 -1.25744784e-01 -6.77707516e-02  6.70889428e-03  1.13520040e-01
  2.16221890e-01  2.56381039e-01  3.69218997e-01  4.64008480e-01
  5.69477120e-01  6.59891605e-01  7.03414450e-01  7.69352111e-01
  7.87498524e-01  8.22507509e-01  8.98062073e-01  9.22833161e-01
  9.70336326e-01  1.02674721e+00  1.05129113e+00  1.01224616e+00
  1.08394192e+00  1.09561638e+00  9.89496568e-01  1.04788555e+00
  1.05121656e+00  1.07355137e+00  1.10271219e+00  1.03375521e+00
  1.02354988e+00  9.71958501e-01  9.46273886e-01]
[ 5.65529286e-02  3.16680000e-01  4.76610000e-01  6.67609571e-01
  7.06804491e-01  8.47770000e-01  8.07711456e-01  7.82522405e-01
  6.50860000e-01  3.78651380e-01  3.46090000e-01  2.54910000e-01
  1.36478045e-01  2.13755788e-02 -1.19585857e-02 -9.49927623e-02
 -1.44439467e-01 -9.73578604e-02 -1.76077809e-01 -1.58790000e-01
 -1.65515723e-01 -1.96151440e-01 -1.36210000e-01 -1.19120000e-01
 -7.92261598e-02 -9.13950382e-02 -1.04840000e-01 -9.39180000e-02
 -8.55420000e-02 -8.10030000e-02 -7.38725645e-02 -4.67849740e-02
 -7.69440000e-02 -6.45962558e-02 -1.80330392e-02 -1.78902307e-01
 -4.32160000e-02 -4.60065368e-02 -2.04701610e-02 -1.99680000e-02
  1.27546130e-01  1.15817389e-02 -1.44300000e-03 -1.51700000e-03
 -8.90000000e-04 -1.20136993e-01  5.93700000e-03  3.83400000e-03
  2.95368776e-02 -1.33300000e-03 -7.45800000e-03  7.35845404e-03
 -1.76498740e-02  1.51620000e-02  1.58270000e-02  1.70440000e-02
  8.26082830e-04  1.25790000e-02  3.14146378e-02  1.22100000e-02
  1.17329803e-02  1.51990000e-02  1.82990000e-02  2.09339424e-02
  1.05494413e-02  1.16940000e-02 -2.51097780e-02 -3.80500000e-03
  9.07654249e-02  4.15724964e-03 -1.80860000e-02 -1.36210000e-02
  5.89269166e-02 -1.36580000e-02 -1.39530000e-02 -1.59090000e-02
 -3.85012948e-03 -3.12600000e-02 -3.26990000e-02 -5.29010008e-02
 -1.01067838e-02  2.34677194e-02 -5.77969128e-02 -5.70910000e-02
 -1.48000000e-01 -1.47480000e-01 -1.48559272e-01 -1.52280000e-01
 -1.63930000e-01 -1.73574962e-01 -1.45442296e-01 -1.32150000e-01
 -1.17282915e-01 -7.95746812e-02 -1.39550603e-01 -4.34290000e-02
  5.56626526e-02  2.77564758e-02  4.89420000e-02  7.08333091e-02
  1.20630000e-01  1.59110000e-01  1.92000000e-01  2.35180000e-01
  2.72486930e-01  2.91190000e-01  3.22540000e-01  3.52890000e-01
  3.51301360e-01  4.07302109e-01  5.04136157e-01  4.79749935e-01
  4.02073653e-01  4.57014893e-01  4.60085501e-01  4.88830000e-01
  4.96610000e-01  4.85956048e-01  5.52329764e-01  5.37778197e-01
  5.70110000e-01  5.74272544e-01  6.11620000e-01  6.39260000e-01
  6.84296728e-01  6.51150000e-01  7.29832201e-01  7.02770000e-01
  7.27772539e-01  7.51223158e-01  7.82250000e-01  8.02900000e-01
  7.95868254e-01  8.09558811e-01  8.14518844e-01  7.82053063e-01
  7.52898305e-01  7.34300000e-01  7.09610301e-01  6.82064205e-01
  6.65151012e-01  6.55126651e-01  5.89251769e-01  5.23304898e-01
  5.44344666e-01  5.44420000e-01  5.23709683e-01  4.52434657e-01
  5.34727951e-01  5.55572236e-01  5.35550000e-01  5.09580000e-01
  4.69530000e-01  4.15780000e-01  3.76738614e-01  1.95742555e-01
  2.66020000e-01  2.55292589e-01  3.36927593e-01  3.14790000e-01
  3.84640000e-01  4.65600000e-01  5.46827432e-01  6.10890000e-01
  6.77790250e-01  7.12610000e-01  7.48730000e-01  7.97793852e-01
  8.27610000e-01  8.46208306e-01  8.76910000e-01  8.93390000e-01
  9.03092167e-01  9.06080000e-01  8.97800000e-01  8.91435134e-01
  8.50940000e-01  8.44555903e-01  8.14190000e-01  7.90210000e-01
  7.43550000e-01  5.89429404e-01  5.95135549e-01  5.07335104e-01
  4.18460000e-01  3.33360535e-01  3.17090000e-01  2.86371203e-01
  2.73278818e-01  3.04619218e-01  2.20255117e-01  2.40500000e-01
  2.07343721e-01  2.17280000e-01  3.32852841e-01  2.04170000e-01
  2.07510000e-01  2.29598017e-01  2.18944379e-01  2.40910647e-01
  2.91260000e-01  3.19490000e-01  3.43479834e-01  3.64780000e-01
  3.79592963e-01  4.10793862e-01  4.14880000e-01  4.10348589e-01
  4.49020000e-01  4.72646267e-01  4.47716531e-01  4.80236331e-01
  5.22087751e-01  4.75230000e-01  4.29645553e-01  3.93009998e-01
  4.10360000e-01  3.57480000e-01  3.04123717e-01  2.55831844e-01
  2.67341193e-01  1.92730000e-01  1.98241011e-01  1.20597961e-01
  1.42133903e-01  9.21900000e-02  6.61510000e-02  4.86300000e-02
  9.27963955e-02 -1.12000000e-03 -1.68991002e-03 -5.68547776e-02
 -4.26640000e-02 -4.63840000e-02 -5.73350000e-02 -5.57331402e-02
 -9.91501592e-02 -1.14710079e-01 -1.59378337e-01 -1.24120000e-01
 -1.28001263e-01 -1.33470000e-01 -8.68346358e-02 -1.37850000e-01
 -1.10122006e-01 -1.33395696e-01 -9.89490000e-02 -7.58775982e-02
 -7.10320000e-02 -6.04640000e-02 -5.99770000e-02 -7.57260000e-02
 -9.60290000e-02 -1.11050000e-01 -1.24360000e-01 -1.36390000e-01
 -2.03563021e-01 -1.53912543e-01 -1.93494585e-01 -2.25589941e-01
 -2.15060000e-01 -2.18890000e-01 -1.96091829e-01 -2.08880000e-01
 -2.00460000e-01 -1.53637235e-01 -1.45209521e-01 -1.51327348e-01
 -1.85493376e-01 -1.41889261e-01 -1.25529473e-01 -1.33160000e-01
 -1.32670000e-01 -1.37500000e-01 -1.35310000e-01 -1.27280000e-01
 -1.14490000e-01 -9.74190000e-02 -1.11227645e-01 -2.44458606e-02
 -3.12577625e-02 -1.52690000e-02  1.08050000e-02  2.57952148e-01
  4.93990130e-02  1.59105284e-01  1.83620000e-01  1.84740000e-01
  1.86090000e-01  1.98253161e-01  2.08213376e-01  2.61089077e-01
  2.91645233e-01  3.06393916e-01  3.50653812e-01  3.37044753e-01
  3.06672885e-01  3.06342322e-01  1.89927458e-01  2.38900000e-01
  1.32332770e-01  1.97377058e-01  1.20581157e-01  1.12560000e-01
  1.07420000e-01  8.34640000e-02  4.78300000e-02 -6.72469263e-02
 -4.52020000e-02 -2.18733459e-02 -9.64460000e-02 -1.31165064e-01
 -1.19286662e-01 -7.88890000e-02 -3.91530000e-02 -1.69503950e-01
 -6.99817851e-02  1.10029707e-01  1.54966321e-01  1.47149573e-01
  2.01250000e-01  2.33509413e-01  3.73077279e-01  3.30540000e-01
  3.98920000e-01  4.57611570e-01  4.76240000e-01  4.21970000e-01
  4.34040000e-01  4.62300000e-01  4.74457821e-01  4.48050000e-01
  3.82063612e-01  2.43096395e-01  4.19200000e-02 -1.92570000e-01
 -1.98171022e-01 -3.69350000e-01 -3.94210000e-01 -3.97930000e-01
 -4.12740858e-01 -3.72170000e-01 -3.39979648e-01 -3.07990000e-01
 -2.78410000e-01 -2.07821629e-01 -2.05491305e-01]
[-0.36519798 -0.35131563 -0.31881394 -0.33544138 -0.32530786 -0.31430814
 -0.29627641 -0.27284307 -0.28520877 -0.22817215 -0.18492466 -0.13940886
 -0.09152936 -0.06041126 -0.0334845   0.06641543 -0.02485115  0.01000124
  0.01034465 -0.00414254  0.02673627  0.03377736  0.0582719   0.07665687
  0.10386791  0.11068632  0.13404971  0.15638139  0.17756225  0.22560745
  0.19130914  0.20713219  0.22486173  0.25440492  0.26305898  0.28341478
  0.30574818  0.33030016  0.34804716  0.36494433  0.36599805  0.40770159
  0.43301623  0.45665587  0.48355735  0.51593905  0.5455947   0.56612185
  0.57680718]
[-2.19152209e+00 -2.16384733e+00 -2.20338133e+00 -2.19051982e+00
 -2.14000225e+00 -2.17447231e+00 -2.10716326e+00 -2.06749657e+00
 -2.03140568e+00 -2.01183567e+00 -2.01360396e+00 -1.96036082e+00
 -1.92391139e+00 -1.89822390e+00 -1.83580982e+00 -1.82426010e+00
 -1.85291494e+00 -1.80645822e+00 -1.85096897e+00 -1.78719880e+00
 -1.73962270e+00 -1.67777225e+00 -1.63499458e+00 -1.57405318e+00
 -1.52858074e+00 -1.43156350e+00 -1.39206160e+00 -1.30420157e+00
 -1.23514272e+00 -1.13315226e+00 -1.02305093e+00 -9.01209444e-01
 -8.07720554e-01 -7.18018717e-01 -6.48333091e-01 -5.64143907e-01
 -3.04162952e-01 -1.13003048e-01  1.11996694e-01  2.74934898e-01
  3.58302671e-01  3.47430301e-01  2.64866180e-01  1.25167458e-01
 -3.81201961e-02 -2.21495923e-01 -3.49252499e-01 -5.30575622e-01
 -6.45110048e-01 -7.29095306e-01 -8.15268596e-01 -8.40684485e-01
 -8.59918655e-01 -8.89272545e-01 -9.05455945e-01 -9.15697974e-01
 -9.04526940e-01 -9.00945558e-01 -8.91394326e-01 -8.94847587e-01
 -8.93910169e-01 -8.85189618e-01 -8.56147871e-01 -8.72993218e-01
 -8.66926380e-01 -8.71127648e-01 -8.63183395e-01 -8.74753167e-01
 -8.63589432e-01 -8.61439103e-01 -8.64562170e-01 -8.68943579e-01
 -8.34887169e-01 -8.50351093e-01 -8.39134868e-01 -8.44452393e-01
 -8.19230622e-01 -8.08261644e-01 -7.92033445e-01 -8.04524010e-01
 -7.86727642e-01 -7.86395018e-01 -7.88310911e-01 -7.92912215e-01
 -7.98296574e-01 -7.64558495e-01 -7.59424907e-01 -7.74089186e-01
 -7.71399612e-01 -7.78403812e-01 -8.07095109e-01 -7.83569142e-01
 -8.00930141e-01 -7.86981948e-01 -7.90548608e-01 -7.98399061e-01
 -7.99416511e-01 -8.07412453e-01 -8.15831595e-01 -8.17864106e-01
 -8.32918563e-01 -8.31532464e-01 -8.36310923e-01 -8.50647445e-01
 -8.73790256e-01 -8.90534067e-01 -8.37321652e-01 -8.61410866e-01
 -8.65743040e-01 -8.69551593e-01 -9.17595522e-01 -8.78129720e-01
 -8.89849558e-01 -8.93016051e-01 -8.94550415e-01 -9.10283094e-01
 -9.24552771e-01 -9.06310819e-01 -9.16827835e-01 -1.77840708e-01
 -1.88394311e-01 -1.92513062e-01 -1.67664986e-01 -1.94818083e-01
 -1.86574024e-01 -1.92033943e-01 -1.88311512e-01 -1.85515973e-01
 -1.78062772e-01 -1.71834208e-01 -1.59077961e-01 -1.40412032e-01
 -1.37435874e-01 -1.31627555e-01 -1.15009831e-01 -8.55037820e-02
 -9.66919754e-02 -8.17395483e-02 -6.06141792e-02 -3.78949111e-02
 -2.32993083e-02 -1.05431798e-02  1.17940828e-03  1.65886224e-02
  2.68617737e-02  3.23491924e-02  4.90213790e-02  6.00854174e-02
  6.72607784e-02  7.60856643e-02  1.18492587e-01  1.19048247e-01
  1.19315072e-01  1.49651503e-01  1.78247249e-01  2.00383298e-01
  2.18952510e-01  2.45163446e-01  2.60919449e-01  2.80770569e-01
  2.85495535e-01  3.29272692e-01  3.57869247e-01  3.97308541e-01
  4.20454514e-01  4.75675902e-01  5.10216144e-01  5.40309748e-01
  5.68821501e-01  5.89328533e-01  6.05054301e-01  6.28953538e-01
  6.55622208e-01  6.60242464e-01  6.58350254e-01  6.40004907e-01
  6.08969528e-01  5.67060620e-01  5.57733650e-01  5.35154846e-01
  5.27275480e-01  5.38488638e-01  5.58068698e-01  5.81285191e-01
  6.00945484e-01  6.07776979e-01  5.75958327e-01  5.53815045e-01
  5.01947107e-01  4.43629595e-01  3.90862380e-01  3.67374902e-01
  3.80833547e-01  4.30303424e-01  5.15597233e-01  6.26893427e-01
  7.20417710e-01  8.55682970e-01  9.42497526e-01  1.01460061e+00
  1.04884573e+00  1.09433438e+00  1.14957941e+00  1.17257420e+00
  1.18678107e+00  1.23553141e+00  1.27880348e+00  1.29666627e+00
  1.30569592e+00  1.28894341e+00  1.25641895e+00  1.20968097e+00
  1.16369936e+00  1.10668158e+00  1.05005973e+00  9.78801524e-01
  8.72431307e-01  8.02818013e-01  6.93437616e-01  6.10940417e-01
  5.34935965e-01  4.64870606e-01  4.04144642e-01  3.62545588e-01
  3.04762799e-01  2.98776386e-01  2.73922352e-01  2.43498251e-01
  1.83238514e-01  1.90046958e-01  1.86007605e-01  1.80416339e-01
  1.96397964e-01  1.96538990e-01  2.04845808e-01  1.83024614e-01
  2.43046538e-01  2.67129956e-01  2.92132555e-01  3.03897125e-01
  3.31506418e-01  3.51220149e-01  3.74487416e-01  3.75252610e-01
  3.95344573e-01  3.92613309e-01  4.12436655e-01  4.45184117e-01
  4.38937290e-01  4.19774084e-01  3.91080973e-01  3.42474821e-01
  2.99627403e-01  2.82093474e-01  2.08543789e-01  1.68612612e-01
  1.46216941e-01  1.19844213e-01  9.71024942e-02  6.98406000e-02
  6.28556408e-02  2.52639569e-02  1.03175209e-02 -5.14763004e-03
 -2.82514028e-02 -4.89328278e-02 -3.77471319e-02 -5.85187589e-02
 -4.74292268e-02 -5.76045244e-02 -6.64885237e-02 -8.14056045e-02
 -9.32714589e-02 -1.07175723e-01 -1.26029813e-01 -1.34919861e-01
 -1.38588452e-01 -1.36613984e-01 -1.29905323e-01 -1.32880971e-01
 -1.16895329e-01 -1.05677804e-01 -1.03227521e-01 -1.01405872e-01
 -7.53351904e-02 -1.00767549e-01 -1.12772396e-01 -1.15697466e-01
 -1.22542636e-01 -1.26865605e-01 -1.47168036e-01 -1.75011403e-01
 -1.78919146e-01 -2.20969588e-01 -2.38201157e-01]
[-3.24415465e-01 -2.86561317e-01 -3.04362760e-01 -3.06307232e-01
 -2.82027612e-01 -2.88015279e-01 -2.84945738e-01 -2.75257586e-01
 -2.64591247e-01 -2.46816848e-01 -2.27840768e-01 -2.02509000e-01
 -1.74673954e-01 -1.49154548e-01 -1.21124191e-01 -9.50926198e-02
 -6.87315169e-02 -8.90450860e-02 -3.59796007e-02 -1.72662114e-02
  8.18620819e-03  1.31265695e-02  6.05628649e-02  6.74219147e-02
  5.10944209e-02  1.10368182e-01  9.91442930e-02  1.51709786e-01
  1.53989321e-01  1.74042019e-01  1.75376885e-01  2.09772309e-01
  2.08916907e-01  2.53771857e-01  2.43750318e-01  2.67054154e-01
  2.96574725e-01  3.30225383e-01  3.49074246e-01  3.70077187e-01
  4.13794464e-01  4.29682703e-01  4.77635236e-01  4.67232784e-01
  4.94942431e-01  5.02556888e-01  5.44916466e-01  5.66464998e-01
  5.92527208e-01  5.98052664e-01  6.11779504e-01  6.20633860e-01
  6.35575876e-01  6.14306906e-01  6.29788369e-01  5.88196991e-01
  6.01499849e-01  5.83182063e-01  5.62528817e-01  5.37588428e-01
  5.27908452e-01  5.34063033e-01  5.33679471e-01  5.55457239e-01
  5.89687529e-01  6.00787725e-01  5.95000141e-01  5.69402814e-01
  5.16481349e-01  4.80449757e-01  4.13103625e-01  3.69989732e-01
  3.51269912e-01  3.58171652e-01  3.94785605e-01  4.57161816e-01
  5.56422323e-01  6.58632341e-01  7.54942546e-01  8.07673787e-01
  8.87808079e-01  9.27078964e-01  9.23869979e-01  1.00475524e+00
  1.03776515e+00  1.07390492e+00  1.10361620e+00  1.10341407e+00
  1.12386419e+00  1.10578141e+00  1.08444743e+00  1.04112455e+00
  9.77328351e-01  9.36332437e-01  8.99945683e-01  8.01251025e-01
  7.67745241e-01  6.82628691e-01  6.14487294e-01  5.18119120e-01
  4.30998440e-01  3.89262044e-01  3.40781645e-01  2.95799710e-01
  2.68478738e-01  2.33886559e-01  2.07204207e-01  1.75561823e-01
  1.89415163e-01  1.24724884e-01  1.11712225e-01  1.11020378e-01
  1.23034997e-01  1.32854777e-01  1.48256074e-01  1.65702661e-01
  1.84177868e-01  2.09076741e-01  2.18546714e-01  2.85212975e-01
  3.07736985e-01  3.27406236e-01  3.57802024e-01  3.79721247e-01
  4.01960187e-01  4.27663170e-01  4.52297631e-01  4.66602898e-01
  4.68256986e-01  4.69931246e-01  4.51561726e-01  4.35045638e-01
  4.07564386e-01  3.65726881e-01  3.31897085e-01  2.98933062e-01
  2.52662829e-01  2.20490903e-01  2.24609528e-01  1.79506481e-01
  1.61034536e-01  9.14124072e-02  1.33743579e-01  9.11764048e-02
  6.62149768e-02  1.91859521e-02  1.54620143e-02  1.30708439e-03
 -6.93373187e-04 -6.55876461e-03 -6.36505482e-03 -6.18766764e-02
 -3.80050419e-02 -4.62210533e-02 -6.99627494e-02 -7.70153692e-02
 -8.40695046e-02 -9.34198714e-02 -9.48209284e-02 -1.01653687e-01
 -8.86003881e-02 -7.26261079e-02 -5.97457513e-02 -4.87104518e-02
 -2.78969666e-02 -5.21610838e-03 -5.72919153e-03 -3.78952706e-02
 -4.73055732e-02 -6.38625989e-02 -7.70666302e-02 -6.59850344e-02
 -1.04486519e-01 -1.36884582e-01 -1.62311899e-01 -1.73610745e-01
 -1.89579659e-01 -1.86837407e-01 -1.93403966e-01 -1.70145858e-01
 -1.60114428e-01 -1.38185356e-01 -1.37933807e-01 -1.27639597e-01
 -1.05824387e-01 -1.23314650e-01 -1.02339099e-01 -1.00927011e-01
 -9.30379050e-02 -1.01005327e-01 -1.07152532e-01 -1.30640406e-01
 -1.12833161e-01 -8.71409372e-02 -4.32175938e-02 -2.69574727e-02
  2.67225609e-03  2.22753797e-02  4.97927614e-02  9.24057447e-02
  1.30939323e-01  1.90076766e-01  2.05319426e-01  1.94514388e-01
  1.92924682e-01  2.24219101e-01  2.35746353e-01  2.43749624e-01
  2.70136453e-01  3.01515739e-01  3.03681024e-01  2.97636866e-01
  2.95461348e-01  2.59629087e-01  2.54606920e-01  2.34673592e-01
  1.66298843e-01  1.19901070e-01  8.48764553e-02  5.75945810e-02
  5.14108525e-02  5.17296730e-02  2.20768611e-02 -2.35613649e-02
 -7.18439998e-02 -7.04658707e-02 -1.15774065e-01 -1.13908149e-01
 -1.02769431e-01 -6.37891363e-02 -3.34079762e-02  4.10268040e-02
  6.98634448e-02  1.11248481e-01  1.72288763e-01  2.04141004e-01
  2.42451136e-01  2.95961472e-01  3.19933697e-01  3.68568397e-01
  4.52902118e-01  5.44049086e-01  5.66951522e-01  4.94074884e-01
  4.95566270e-01  5.53936151e-01  5.17072735e-01  4.64608903e-01
  3.78831919e-01  2.30243032e-01  3.78303126e-02 -2.36059210e-01
 -3.42699692e-01 -4.21675503e-01 -4.36194614e-01 -4.52994681e-01
 -4.64544369e-01 -4.58883086e-01 -3.38772239e-01 -3.61039422e-01
 -3.31385012e-01 -3.08893967e-01 -2.32530529e-01 -1.99477873e-01
 -1.25740719e-01 -6.77666358e-02  6.71296683e-03  8.85435694e-02
  2.16225473e-01  2.62548249e-01  3.69222566e-01  4.64012210e-01
  5.80271420e-01  6.59895323e-01  7.03418068e-01  7.69355959e-01
  7.87502483e-01  8.22511538e-01  8.98066005e-01  8.89075491e-01
  9.70340454e-01  1.02675122e+00  1.05129505e+00  1.01225054e+00
  1.08156060e+00  1.09561994e+00  9.89500645e-01  1.03835436e+00
  1.06607523e+00  1.07355568e+00  1.10271624e+00  1.02855131e+00
  1.02060289e+00  9.71962419e-01  9.46277684e-01]
[-0.36430231 -0.35086351 -0.34274779 -0.33515672 -0.32449643 -0.31333237
 -0.29519288 -0.27174548 -0.28414021 -0.22696856 -0.18262325 -0.13804104
 -0.09036996 -0.05883769 -0.03486907 -0.01225224 -0.0233327   0.0112739
  0.01205747 -0.00248446  0.02836554  0.03298768  0.05971823  0.0780753
  0.1051614   0.11194892  0.13643407  0.15801266  0.17892779  0.17775701
  0.19252548  0.2082553   0.22609127  0.25456223  0.26432406  0.28480499
  0.30783614  0.33043276  0.34948722  0.36642953  0.36710813  0.40928872
  0.43472767  0.45851349  0.48551635  0.51803552  0.54786798  0.56865321
  0.57964395]
[-0.07901396 -0.06438112 -0.04935143 -0.04068707 -0.02144497 -0.00571236
  0.01151721  0.0401972   0.07010361  0.10010682  0.12998958  0.16768997
  0.20693642  0.243131    0.28004227  0.31905774  0.35011013  0.38269591
  0.4101269   0.43057219  0.44429436  0.4641981   0.47729225  0.48566729
  0.49879857  0.51013187  0.51913121  0.52429936  0.52911534  0.53742632
  0.54293164  0.55191734  0.55798216  0.57162562  0.57515195  0.5818811
  0.59322945  0.60431755  0.62409792  0.64464628  0.66795296  0.69499778
  0.7245338   0.77428316  0.81234498  0.85081542  0.88110635  0.9082395
  0.922085    0.92233857  0.90619356  0.87581437  0.83369481  0.79467027
  0.74352788  0.706825    0.68583819  0.66118848  0.65692273  0.65303096
  0.64872493  0.64339736  0.63913066  0.62535313  0.59287132  0.55103854
  0.51418306  0.481876    0.46182165  0.45513406  0.4690125   0.50370725
  0.54983531  0.60219373  0.65933698  0.72981355  0.77113207  0.81383723
  0.85307223  0.89616218  0.94856008  0.98488146  1.02229565  1.05507199
  1.07431051  1.07935655  1.06017346  1.04350909  1.01231436  0.96722897
  0.92243058  0.86813359  0.80867955  0.74086359  0.67239516  0.60027837
  0.52930158  0.46564813  0.40765009  0.35824379  0.31640349  0.28811348
  0.26666379  0.24205671  0.22166634  0.20569437  0.19633185  0.19099578
  0.1959435   0.1997143   0.20890431  0.22311847  0.23831492  0.26714684
  0.27702866  0.29760485  0.32321254  0.34319888  0.36479477  0.38668773
  0.40631249  0.42841622  0.44316128  0.45571756  0.46655177  0.47126781
  0.47104992  0.46271388  0.44413461  0.41490343  0.38295496  0.35122616
  0.31740061  0.28633286  0.26113234  0.23442412  0.19749293  0.17511265
  0.1523188   0.1316976   0.10866619  0.08433693  0.06310806  0.04687672
  0.03612565  0.03414505  0.01178282 -0.00159816 -0.01756981 -0.02944016
 -0.03171466 -0.05158242 -0.05539419 -0.05445351 -0.05465355 -0.05970443
 -0.05832999 -0.04901752 -0.03993494 -0.02983617 -0.02153671 -0.01461135
 -0.0101143  -0.01477976 -0.02319666 -0.01632573 -0.02525648 -0.03937423
 -0.05322479 -0.05988274 -0.0801673  -0.09662412 -0.1079036  -0.12119005]
[-1.61602665 -1.50257492 -1.36148942 -1.24226714 -1.24867922 -1.11375742
 -1.02803721 -0.92897785 -0.82626505 -0.7590026  -0.65536436 -0.58788401
 -0.51337666 -0.43567496 -0.37059988 -0.30238657 -0.21204408 -0.16092232
 -0.02264277  0.02542666  0.18182749  0.29356438  0.44315875  0.73054599
  0.75831454  0.91220926  1.14132635  1.30143695  1.70205844  1.95523322
  2.27677745  2.45334467  2.59610403  2.58946862  2.39138788  2.11521149
  1.76850889  1.32848527  1.19778864  0.89872105  0.68843748  0.63728971
  0.44022893  0.45947623  0.24644779  0.28615274  0.28437869  0.26943139
  0.26513498  0.27002867  0.28198682  0.28633472  0.28237372  0.31819366
  0.29797358  0.3407232   0.31034508  0.29395175  0.31919675  0.31460922
  0.38137097  0.30968927  0.32415158  0.32924709  0.33485226  0.34212341
  0.34975062  0.35450708  0.35512711  0.36189061  0.36793612  0.31539791
  0.37134084  0.37155137  0.37223047  0.37185209  0.40311987  0.36513386
  0.4272453   0.37131761  0.2956868   0.38202633  0.24376735  0.38694949
  0.38869465  0.38406236  0.44783149  0.47849521  0.37671514  0.50550068
  0.4495718   0.37251968  0.30252974  0.37698097  0.40238053  0.42168449
  0.411633    0.3808866   0.37816653  0.40752122  0.37657759  0.34344499
  0.36602303  0.40784439  0.36971304  0.36965616  0.36701197  0.36113485
  0.36255574  0.35761607  0.35287586 -0.40003373 -0.43367371 -0.36116096
 -0.42406725 -0.45526649 -0.53914074 -0.41973432 -0.42421983 -0.52187903
 -0.42972468 -0.41242289 -0.41885274 -0.38581974 -0.35262531 -0.35141001
 -0.33152305 -0.35136659 -0.28478116 -0.26248837 -0.24856664 -0.17279452
 -0.1416816  -0.22505683 -0.0488588  -0.07797662  0.03417724 -0.11522905
 -0.0143772  -0.05891113  0.08675229  0.11694289  0.16044533  0.09015177
  0.1475479   0.20501702  0.25871473  0.19517412  0.17894099  0.27471091
  0.36772501  0.38692107  0.36581013  0.47309631  0.43938073  0.48434542
  0.54273317  0.55730213  0.5353473   0.62134435  0.6260005   0.68207223
  0.67657275  0.67729138  0.66123213  0.66358328  0.65423597  0.60914121
  0.54666029  0.52797921  0.48099718  0.44276414  0.45295934  0.40745258
  0.39869257  0.30885773  0.3678157   0.26950228  0.35132153  0.33411975
  0.27253142  0.19301806  0.14717506  0.09276577  0.05005743  0.03906964
  0.02282779  0.1382181   0.20327146  0.33594406  0.38009617  0.44442461
  0.44101817  0.47394529  0.5579559   0.66924858  0.7427979   0.73046772
  0.75173308  0.78761355  0.76846414  0.8608658   0.93278177  0.85211665
  0.85176768  0.85365386  0.86981285  0.84215125  0.89106754  0.70156625
  0.58235007  0.48577173  0.43365918  0.45017215  0.29491314  0.25467582
  0.26336262  0.26768498  0.25693233  0.22983647  0.17708626  0.14238282
  0.09906005  0.17455231  0.11484958  0.13078606  0.16148784  0.19401442
  0.18122465  0.18574389  0.19091538  0.19193389  0.20878729  0.15616448
  0.13231977  0.23656788  0.24075575  0.23201532  0.25967412  0.25165706
  0.26095095  0.26347669  0.23593278  0.20318997  0.18162409  0.07416759
  0.0498853  -0.04494995 -0.03945737 -0.04357014 -0.04417692 -0.06729362
 -0.07832701 -0.17206126 -0.09022708 -0.16436444 -0.15908375 -0.21399582
 -0.22448386 -0.2440877  -0.25993141 -0.23705623 -0.34439143 -0.3465592
 -0.32373556 -0.34876201 -0.32558773 -0.32428897 -0.37400803 -0.3477295
 -0.37465099 -0.35764277 -0.35791193 -0.33424197 -0.25617538 -0.27684301
 -0.26309101 -0.27617594 -0.24343072 -0.29641459 -0.30089088 -0.23482843
 -0.34490448 -0.35747108 -0.36393321 -0.37996213 -0.40060613 -0.42043257
 -0.45560692 -0.43930107 -0.4190201  -0.43769538 -0.3749952  -0.36151882
 -0.37136099 -0.5038179  -0.37827949 -0.37579903 -0.36991876 -0.36662603
 -0.36343857 -0.35591055 -0.2731592  -0.44750682 -0.32216427 -0.34914341
 -0.30694692 -0.2694961  -0.31821729 -0.29488656 -0.28744618 -0.17797171
 -0.07259552 -0.11226305 -0.11153118 -0.13942632 -0.13476853 -0.10804234
 -0.1294012  -0.0616408  -0.02145544  0.01893886 -0.02745579  0.09918363
  0.01814583 -0.00268688]
[-0.29648033 -0.30428775 -0.30227608 -0.29189125 -0.27456925 -0.26411822
 -0.2564076  -0.24428488 -0.23145152 -0.17168237 -0.1267659  -0.08731178
  0.05924275  0.26021611  0.05076763  0.08597838]
[ 1.04743607e+00  1.09373709e+00  1.13626679e+00  1.17828801e+00
  1.21383048e+00  1.24807534e+00  1.28013703e+00  1.30550971e+00
  1.30780194e+00  1.29506779e+00  1.26304065e+00  1.22380732e+00
  1.17422243e+00  1.11692348e+00  1.05797822e+00  9.86268857e-01
  9.10776489e-01  8.17667602e-01  7.22551429e-01  6.37243421e-01
  5.61034683e-01  4.93939162e-01  4.40413278e-01  3.90242496e-01
  3.51430186e-01  3.21048962e-01  2.88137722e-01  2.62932524e-01
  2.40446614e-01  2.18615069e-01  2.01549882e-01  1.91937228e-01
  1.92613156e-01  2.02830816e-01  2.18944450e-01  2.38602838e-01
  2.58547291e-01  2.72876587e-01  2.94232694e-01  3.24416349e-01
  3.48858775e-01  3.69915609e-01  3.98247231e-01  4.26004069e-01
  4.47699880e-01  4.75734429e-01  4.97902749e-01  5.11536090e-01
  5.24483085e-01  5.21841339e-01  5.06061564e-01  4.83690817e-01
  4.53007251e-01  4.13931613e-01  3.69157948e-01  3.23687848e-01
  2.82190666e-01  2.46618605e-01  2.23620783e-01  1.95993904e-01
  1.70567547e-01  1.43945138e-01  1.22687043e-01  1.00925606e-01
  7.32895104e-02  4.31217249e-02  2.06172901e-02  2.44598118e-04
 -2.18490572e-03  1.14262489e-03 -9.59178286e-03 -3.11419492e-02
 -4.62192141e-02 -6.47385311e-02 -8.27764097e-02 -9.35269416e-02
 -1.03423520e-01 -1.15317427e-01 -1.18140974e-01 -1.12193654e-01
 -1.03877569e-01 -9.85552953e-02 -8.56214873e-02 -7.42690363e-02
 -6.15125080e-02 -5.33699714e-02 -5.79099516e-02 -7.50343483e-02
 -9.32027442e-02 -1.05738558e-01 -1.20596856e-01 -1.40708123e-01
 -1.59457302e-01 -1.87145584e-01 -2.15505549e-01 -2.26692660e-01
 -2.40215060e-01 -2.50870860e-01 -2.43910270e-01 -2.27752773e-01
 -2.01865738e-01 -1.83530001e-01 -1.82808560e-01 -1.72950656e-01
 -1.61517779e-01 -1.53137844e-01 -1.42649704e-01 -1.42509424e-01
 -1.34995771e-01 -1.35678546e-01 -1.38771047e-01 -1.30538004e-01
 -1.15204152e-01 -9.80362440e-02 -9.17697214e-02 -6.63989377e-02
 -3.62870149e-02 -2.73284545e-02 -3.20465136e-04  3.62007624e-02
  8.13680514e-02  1.37496158e-01  1.53608109e-01  1.34491192e-01
  1.27652107e-01  1.43097973e-01  1.64896858e-01  1.67809412e-01
  1.97320732e-01  2.31045100e-01  2.35061642e-01  2.30925791e-01
  2.32059618e-01  1.96460862e-01  1.94754849e-01  1.78096972e-01
  1.09292527e-01  6.69508502e-02  3.62408423e-02  1.23850273e-02
  1.24224533e-02  1.48360402e-02  1.08163983e-02 -6.35944448e-02
 -9.55107643e-02 -1.06060331e-01 -1.49278124e-01 -1.45423828e-01
 -1.18334703e-01 -9.16452604e-02 -4.02616977e-02  3.07568997e-02
  6.22178463e-02  1.05606210e-01  1.71595778e-01  2.05738243e-01
  2.51933953e-01  3.01932570e-01  3.25858761e-01  3.81214249e-01
  4.72445468e-01  5.69995164e-01  6.17374117e-01  5.20470762e-01
  5.12369571e-01  5.42751236e-01  5.39282973e-01  4.81329817e-01
  3.85204827e-01  2.22456542e-01  1.12359418e-02 -2.87333619e-01
 -4.02951215e-01 -4.84753223e-01 -5.05850111e-01 -5.15615414e-01
 -5.15500937e-01 -4.80007902e-01 -4.37938284e-01 -4.06039229e-01
 -3.93653470e-01 -3.46958999e-01 -2.77539404e-01 -2.20437106e-01
 -1.61762849e-01 -9.98702778e-02 -2.09484912e-02  9.43422336e-02
  2.04258077e-01  2.41373490e-01  3.52568085e-01  4.65855709e-01
  5.80620350e-01  6.73953967e-01  7.12753430e-01  7.94803567e-01
  8.17014192e-01  8.44899314e-01  9.26431328e-01  9.48652123e-01
  9.98287435e-01  1.08119985e+00  1.08479439e+00  1.04596824e+00
  1.12209429e+00  1.13688283e+00  1.01700944e+00  1.08516883e+00
  1.08230021e+00  1.10849133e+00  1.14183957e+00  1.06744148e+00
  1.05630297e+00  1.00793114e+00  9.82350088e-01  9.87725312e-01
  6.62860154e-01  6.95254469e-01  6.77490163e-01  6.05346470e-01
  6.00084578e-01  5.13765806e-01  4.46443524e-01  4.72488147e-01
  4.45667177e-01  3.48273338e-01  3.52666794e-01  3.52409611e-01
  3.46201285e-01  3.59551994e-01  3.72702898e-01  3.92100303e-01
  4.19749804e-01  4.66132182e-01]
[-0.19438317 -0.17230932 -0.17345913 -0.08225423 -0.05302854 -0.10653483
 -0.10287917 -0.12632984 -0.11217835 -0.12291806 -0.12746124 -0.11933673
 -0.11590042 -0.10669723 -0.09747892 -0.09084095 -0.07088381 -0.05536873
 -0.0509532  -0.03154392 -0.0122729  -0.00170706  0.02987705  0.0454012
  0.05512345  0.09434791  0.07645199  0.0982076   0.11467844  0.10400653
  0.11012872  0.11426446  0.11831444  0.12353552  0.1248963   0.1309909
  0.13974248  0.14713726  0.12911211  0.17734615  0.21914433  0.21111622
  0.22408327  0.23363768  0.24970708  0.26798622  0.27883006  0.28127913
  0.27953195  0.26710033  0.24394439  0.22062404  0.1970191   0.17416
  0.14207199  0.11344218  0.1086242   0.13621865  0.08822061  0.06024056
  0.05137165  0.05121083  0.05534534  0.0179933   0.03388686  0.03772737
  0.03412161  0.02771781  0.0238948   0.00512849 -0.01787125 -0.0395442
 -0.052934   -0.06111069 -0.04677568 -0.09620154 -0.09327209 -0.07974094
 -0.06328129 -0.04905741 -0.03660362 -0.02775389 -0.00422052]
[-0.07901384 -0.06438097 -0.0493513  -0.04068697 -0.02144482 -0.00571281
  0.01151746  0.0401975   0.07009106  0.10010709  0.1299899   0.16769033
  0.20693675  0.24313133  0.28004257  0.3190569   0.35011047  0.38269621
  0.41012718  0.43057245  0.44429467  0.46419836  0.47729249  0.48566756
  0.49879889  0.51013212  0.51913139  0.52429973  0.5291157   0.53742665
  0.54293209  0.55191778  0.55798258  0.57162599  0.57515235  0.58188158
  0.5932299   0.60431812  0.62409849  0.64464685  0.66795895  0.69499849
  0.72453453  0.77428384  0.81234562  0.85081603  0.88110693  0.90824162
  0.92208557  0.9223391   0.90619397  0.87581458  0.83369486  0.79467022
  0.74352791  0.70682508  0.6858383   0.66118882  0.65692319  0.6530315
  0.64872554  0.64339783  0.63913095  0.62535309  0.59287097  0.5510381
  0.51418272  0.48187593  0.46182182  0.45513474  0.46901375  0.50370871
  0.54983711  0.60219564  0.65933883  0.72981522  0.77113344  0.81383838
  0.85307347  0.89616338  0.94856112  0.98488252  1.02229669  1.05505659
  1.07431123  1.07935701  1.06017377  1.04351245  1.01231436  0.96722891
  0.9224304   0.86813316  0.808679    0.7408629   0.67239436  0.60027761
  0.52930089  0.46564755  0.40764963  0.35824349  0.31640329  0.28811337
  0.26666373  0.24205661  0.22166621  0.20569433  0.19633191  0.19099597
  0.19594372  0.19971463  0.20889703  0.22311889  0.2383154   0.26714736
  0.27702918  0.29762243  0.32323107  0.34319943  0.36479533  0.38668827
  0.40631303  0.42841668  0.44316174  0.45571796  0.46655208  0.471268
  0.47104995  0.46271378  0.44413042  0.41490318  0.38294088  0.35122583
  0.31740037  0.28633265  0.26113222  0.234424    0.19749282  0.17511257
  0.15231873  0.13169751  0.10868493  0.08433684  0.06310799  0.04687678
  0.0361258   0.03414517  0.01178284 -0.00159815 -0.01756984 -0.0294402
 -0.0317147  -0.05158237 -0.05539405 -0.05445333 -0.05465336 -0.05970457
 -0.05832965 -0.04901714 -0.03994767 -0.02983583 -0.02153639 -0.01461113
 -0.01011419 -0.01476482 -0.02319654 -0.01632565 -0.02524615 -0.03938909
 -0.05322476 -0.05988283 -0.08016734 -0.09663025 -0.10790348 -0.12118811]
[ 1.04736779e+00  1.09363861e+00  1.13613923e+00  1.17813368e+00
  1.21365326e+00  1.24787882e+00  1.27992615e+00  1.30528860e+00
  1.30757792e+00  1.29484429e+00  1.26281724e+00  1.22358532e+00
  1.17400608e+00  1.11671552e+00  1.05778278e+00  9.86088630e-01
  9.10614103e-01  8.17528108e-01  7.22435844e-01  6.37151056e-01
  5.60964121e-01  4.93887578e-01  4.40377047e-01  3.90219399e-01
  3.51418750e-01  3.21048573e-01  2.88148106e-01  2.62952199e-01
  2.40475312e-01  2.18653079e-01  2.01594788e-01  1.91984885e-01
  1.92659288e-01  2.02871216e-01  2.18976083e-01  2.38622630e-01
  2.58553768e-01  2.72871562e-01  2.94214974e-01  3.24385015e-01
  3.48817112e-01  3.69865269e-01  3.98186261e-01  4.25930676e-01
  4.47616533e-01  4.75642443e-01  4.97801316e-01  5.11425996e-01
  5.24365749e-01  5.21721201e-01  5.05942284e-01  4.83575002e-01
  4.52897593e-01  4.13827334e-01  3.69059789e-01  3.23596208e-01
  2.82104762e-01  2.46535674e-01  2.23538669e-01  1.95915568e-01
  1.70495458e-01  1.43878742e-01  1.22626003e-01  1.00871519e-01
  7.32436280e-02  4.30837891e-02  2.05854201e-02  2.15604771e-04
 -2.21371322e-03  1.11289241e-03 -9.62102294e-03 -3.11686491e-02
 -4.62443913e-02 -6.47630779e-02 -8.28016602e-02 -9.35550134e-02
 -1.03454805e-01 -1.15350175e-01 -1.18175051e-01 -1.12228735e-01
 -1.03913206e-01 -9.85913657e-02 -8.56564830e-02 -7.43035114e-02
 -6.15486581e-02 -5.34060897e-02 -5.79440204e-02 -7.50640707e-02
 -9.32277453e-02 -1.05760493e-01 -1.20614407e-01 -1.40721030e-01
 -1.59465822e-01 -1.87147814e-01 -2.15500135e-01 -2.26682419e-01
 -2.40199933e-01 -2.50848707e-01 -2.43884150e-01 -2.27727591e-01
 -2.01841667e-01 -1.83503780e-01 -1.82774308e-01 -1.72907057e-01
 -1.61471014e-01 -1.53095833e-01 -1.42612134e-01 -1.42468890e-01
 -1.34952982e-01 -1.35633447e-01 -1.38718998e-01 -1.30481070e-01
 -1.15149520e-01 -9.79872651e-02 -9.17224197e-02 -6.63625799e-02
 -3.62584990e-02 -2.73063586e-02 -3.15395220e-04  3.61924326e-02
  8.13483524e-02  1.37464752e-01  1.53575401e-01  1.34461672e-01
  1.27619184e-01  1.43045185e-01  1.64832002e-01  1.67739487e-01
  1.97238598e-01  2.30957111e-01  2.34976103e-01  2.30845552e-01
  2.31988304e-01  1.96408743e-01  1.94711716e-01  1.78064801e-01
  1.09285981e-01  6.69616570e-02  3.62658802e-02  1.24239941e-02
  1.24698563e-02  1.48953964e-02  1.08942006e-02 -6.34818622e-02
 -9.53806960e-02 -1.05940589e-01 -1.49150063e-01 -1.45288139e-01
 -1.18201592e-01 -9.15252949e-02 -4.01686630e-02  3.08036848e-02
  6.22170247e-02  1.05537366e-01  1.71487482e-01  2.05602736e-01
  2.51782007e-01  3.01766587e-01  3.25685989e-01  3.81033355e-01
  4.72251769e-01  5.69787332e-01  6.17159263e-01  5.20283756e-01
  5.12195321e-01  5.42579391e-01  5.39123016e-01  4.81194899e-01
  3.85104572e-01  2.22410297e-01  1.12542745e-02 -2.87241951e-01
 -4.02814568e-01 -4.84578377e-01 -5.05647878e-01 -5.15392693e-01
 -5.15269047e-01 -4.79767384e-01 -4.37697909e-01 -4.05795756e-01
 -3.93396309e-01 -3.46700163e-01 -2.77282924e-01 -2.20177560e-01
 -1.61512947e-01 -9.96343952e-02 -2.07142721e-02  9.45618262e-02
  2.04440903e-01  2.41558342e-01  3.52732184e-01  4.66000189e-01
  5.80743604e-01  6.74045353e-01  7.12835938e-01  7.94857344e-01
  8.17058963e-01  8.44933181e-01  9.26394887e-01  9.48619206e-01
  9.98241572e-01  1.08112488e+00  1.08471737e+00  1.04588142e+00
  1.12197978e+00  1.13677006e+00  1.01691581e+00  1.08504478e+00
  1.08217698e+00  1.10836385e+00  1.14170456e+00  1.06732432e+00
  1.05619171e+00  1.00783663e+00  9.82267712e-01  9.87652385e-01
  6.62867704e-01  6.95267380e-01  6.77523542e-01  6.05416318e-01
  6.00176192e-01  5.13902341e-01  4.46623399e-01  4.72693473e-01
  4.45912200e-01  3.48574254e-01  3.53003048e-01  3.52769063e-01
  3.46572602e-01  3.59949213e-01  3.73116023e-01  3.92504965e-01
  4.20158025e-01  4.66533801e-01]
[-0.07637973 -0.06225957 -0.04753476 -0.0391168  -0.01997176 -0.03124939
  0.01456576  0.04012573  0.06865237  0.1037772   0.1261213   0.16241567
  0.20056154  0.23596136  0.27200783  0.31027723  0.34250179  0.37319284
  0.42992569  0.42137019  0.43537401  0.45538439  0.46877573  0.47775618
  0.49143415  0.50344209  0.51320609  0.51876888  0.52328327  0.53152793
  0.53721001  0.54611041  0.55328614  0.56456518  0.56619748  0.60129818
  0.5794331   0.58936026  0.60807527  0.62825085  0.65160404  0.67876897
  0.67802891  0.75315068  0.79306743  0.83077028  0.90019822  0.88742804
  0.87806098  0.90201473  0.88750966  0.85831053  0.8178417   0.84123283
  0.73100542  0.69562561  0.67321502  0.65157849  0.64797249  0.66582655
  0.64123535  0.60635106  0.63294769  0.61936994  0.58747356  0.54682965
  0.51080315  0.47965007  0.46755471  0.47088725  0.46980737  0.5041125
  0.55007389  0.60402792  0.62944911  0.72356162  0.76873593  0.82412064
  0.84967625  0.8942751   0.94451986  0.98015723  1.01765329  1.04889713
  1.11162743  1.07258934  1.05467751  1.03734967  1.00414416  0.95648046
  0.90837803  0.8505932   0.78158723  0.75788839  0.65565749  0.58506258
  0.5157896   0.4622757   0.39805781  0.3417086   0.31035417  0.28388782
  0.26320695  0.24159847  0.23659453  0.20846465  0.20261739  0.17306347
  0.20724221  0.23215711  0.22434519  0.24019475  0.25727306  0.28431831
  0.29706093  0.3180961   0.34371691  0.36406785  0.38607374  0.40786545
  0.42754651  0.45507169  0.45714806  0.47505817  0.48170039  0.49000314
  0.48830568  0.47961718  0.45867389  0.43218787  0.39891652  0.36682475
  0.33243648  0.30889682  0.2666496   0.24488382  0.20753519  0.18292756
  0.15867683  0.13633114  0.11234117  0.08570128  0.06299313  0.04584316
  0.00861899  0.02616559  0.00463366  0.0033884  -0.02738521 -0.04059515
 -0.04761062 -0.0653589  -0.07127967 -0.06962017 -0.07376513 -0.07997074
 -0.07965426 -0.07377623 -0.06372791 -0.05473274 -0.04695182 -0.04011992
 -0.03556818 -0.0399222  -0.04525624 -0.04014124 -0.04882775 -0.09042888
 -0.07450853 -0.08081274 -0.09979794 -0.11405232 -0.13462198 -0.13142086]
[-2.44938812e-04  1.92001966e-02  4.01179752e-02  5.41197267e-02
  6.56960509e-02  7.52965195e-02  8.65888442e-02  9.69984752e-02
  9.46701443e-02  9.87393303e-02  1.06968423e-01  1.16410421e-01
  1.26684484e-01  1.43190058e-01  1.57375371e-01  1.82164653e-01
  1.99585899e-01  2.10869061e-01  2.23583826e-01  2.37415840e-01
  2.44831308e-01  2.62035288e-01  2.76115600e-01  2.89022285e-01
  2.92679197e-01  3.08266102e-01  3.25062489e-01  3.26928585e-01
  3.26406104e-01  3.37099839e-01  3.50740392e-01  3.67556892e-01
  3.79060251e-01  3.75008357e-01  3.48643001e-01  3.20431177e-01
  2.82105588e-01  2.73452102e-01  2.75049925e-01  2.81837823e-01
  3.01199670e-01  3.31642252e-01  3.65116957e-01  4.00120477e-01
  4.04169149e-01  4.24632766e-01  4.52483178e-01  4.72045578e-01
  4.76418823e-01  4.66514588e-01  4.36943620e-01  3.91849179e-01
  3.22387449e-01  2.95012644e-01  2.67853966e-01  2.60324737e-01
  2.63123891e-01  2.68957943e-01  2.88069059e-01  3.05760847e-01
  3.19870612e-01  3.29445106e-01  3.47674540e-01  3.66495824e-01
  3.68745330e-01  3.70422603e-01  3.75565572e-01  3.83113496e-01
  4.05485045e-01  4.36656017e-01  4.55839883e-01  4.92958262e-01
  5.44707633e-01  5.96062931e-01  6.45030765e-01  6.87220857e-01
  7.19556139e-01  7.40263992e-01  7.61567373e-01  7.96927503e-01
  8.22558983e-01  8.21454917e-01  8.57578533e-01  8.66763981e-01
  8.56810008e-01  8.72033858e-01  8.50818696e-01  8.08321278e-01
  8.01405023e-01  7.67274851e-01  7.41178753e-01  7.19334239e-01
  6.73852860e-01  6.35919447e-01  5.93096347e-01  5.57171189e-01
  5.27367854e-01  4.39807420e-01  4.30211663e-01  4.13569075e-01
  3.96539311e-01  4.04172279e-01  3.95075591e-01  3.92234824e-01
  4.17599428e-01  4.31257003e-01  4.39736725e-01  4.71504737e-01
  5.06421273e-01  5.41025340e-01  5.75005239e-01  6.11401192e-01
  6.45817581e-01  6.67757565e-01  6.82397691e-01  7.13779053e-01
  7.44672962e-01  7.66238892e-01  7.99380334e-01  8.24835894e-01
  8.40755376e-01  8.50691016e-01  8.88443458e-01  9.20238410e-01
  9.53210518e-01  9.82234059e-01  9.86998528e-01  9.74959548e-01
  9.91825818e-01  9.69498842e-01  9.02991348e-01  8.87415892e-01
  8.59810757e-01  8.19044201e-01  7.84743752e-01  7.53301171e-01
  7.12671640e-01  6.63862338e-01  6.36569263e-01  5.95629660e-01
  5.76148879e-01  5.42008889e-01  4.91035405e-01  4.48257635e-01
  4.35727787e-01  3.96867178e-01  2.94999958e-01  2.77775305e-01
  2.48596835e-01  2.12407270e-01  1.75993336e-01  1.25205701e-01
  8.28325449e-02  4.72304751e-02 -3.16735602e-03 -3.79525401e-02
 -6.23606009e-02 -9.12238905e-02 -9.71994313e-02 -1.03245865e-01
 -1.06253280e-01 -1.15907127e-01 -1.48759854e-01 -1.50404170e-01
 -1.55185122e-01 -1.50208470e-01 -1.59837181e-01 -1.46915725e-01
 -1.53432448e-01 -1.36762706e-01 -1.37337931e-01 -1.06462950e-01
 -3.09501300e-02  3.14824979e-03]
[-0.05034383 -0.03657208 -0.03686906  0.0164832   0.0279356  -0.01180116
 -0.01750546 -0.040474   -0.04338336 -0.05913361 -0.07001784 -0.073199
 -0.07798908 -0.07914718 -0.08009249 -0.0822257  -0.07505242 -0.07075304
 -0.07308909 -0.06487651 -0.05560536 -0.05023594 -0.03243801 -0.02395596
 -0.01830329  0.00182704 -0.01101865  0.00319377  0.01191637  0.00499269
  0.00832173  0.01100238  0.01656527  0.02311985  0.02804017  0.03701424
  0.04830935  0.05935137  0.05463054  0.0852815   0.10667052  0.0969489
  0.10056675  0.10539431  0.10920809  0.11374044  0.11453606  0.10707991
  0.10154498  0.09255021  0.07853497  0.06654584  0.05539237  0.04515939
  0.02819761  0.01010763  0.01037595  0.03002024  0.00144358 -0.01482374
 -0.01999148 -0.02044942 -0.01797279 -0.04091515 -0.03179963 -0.02634265
 -0.02495991 -0.02538962 -0.01906937 -0.0239799  -0.03364093 -0.03846994
 -0.03840754 -0.0303979  -0.00456333 -0.01781424 -0.001663    0.0229276
  0.05295287  0.0793481   0.10362543  0.12691688  0.1589995 ]
[ 9.63127032e-01  1.00669898e+00  1.04716089e+00  1.08682085e+00
  1.12093942e+00  1.15480399e+00  1.18764353e+00  1.21435539e+00
  1.22066345e+00  1.21407909e+00  1.19062735e+00  1.15889950e+00
  1.11686799e+00  1.06889461e+00  1.01889532e+00  9.57049101e-01
  8.90894134e-01  8.08163707e-01  7.22665704e-01  6.45564810e-01
  5.75568211e-01  5.13995541e-01  4.65674879e-01  4.21174825e-01
  3.88767114e-01  3.66200323e-01  3.41289755e-01  3.20840653e-01
  3.00333414e-01  2.78167510e-01  2.57985802e-01  2.42001111e-01
  2.33969975e-01  2.36267653e-01  2.48009162e-01  2.66309683e-01
  2.88991691e-01  3.11556772e-01  3.42617757e-01  3.83486551e-01
  4.18320679e-01  4.46549992e-01  4.79425902e-01  5.09500038e-01
  5.33873140e-01  5.63600711e-01  5.87535037e-01  6.03663795e-01
  6.18905488e-01  6.19867906e-01  6.06348144e-01  5.84973907e-01
  5.54401082e-01  5.15235157e-01  4.69858494e-01  4.23447469e-01
  3.79225210e-01  3.39131049e-01  3.09565495e-01  2.73801346e-01
  2.39600644e-01  2.05664524e-01  1.77315733e-01  1.50094810e-01
  1.19189870e-01  8.65071887e-02  6.19354172e-02  4.03438819e-02
  3.41005750e-02  3.38583699e-02  2.16520367e-02  4.52800159e-05
 -1.52642706e-02 -3.26711428e-02 -4.83693203e-02 -5.65186711e-02
 -6.31395814e-02 -7.10855699e-02 -7.10587375e-02 -6.40598810e-02
 -5.41751323e-02 -4.56751144e-02 -3.13194676e-02 -1.87308112e-02
 -4.02392937e-03  6.57454170e-03  5.65840737e-03 -6.15898118e-03
 -1.92248510e-02 -2.85435410e-02 -4.04143410e-02 -5.78177269e-02
 -7.62743653e-02 -1.03252493e-01 -1.31904595e-01 -1.46579336e-01
 -1.64009952e-01 -1.78933440e-01 -1.78117733e-01 -1.68427468e-01
 -1.48651366e-01 -1.35787492e-01 -1.38610846e-01 -1.33168482e-01
 -1.25969562e-01 -1.21359847e-01 -1.15640188e-01 -1.19256666e-01
 -1.16021996e-01 -1.18676313e-01 -1.21685668e-01 -1.14065271e-01
 -1.02006386e-01 -8.96098629e-02 -8.60652361e-02 -6.61814506e-02
 -4.21072413e-02 -3.55928373e-02 -1.31976637e-02  1.72715173e-02
  5.64398496e-02  1.06295131e-01  1.21108026e-01  1.05371001e-01
  1.00902764e-01  1.16002463e-01  1.36604638e-01  1.40289506e-01
  1.65424324e-01  1.92790865e-01  1.94032831e-01  1.88846216e-01
  1.87979993e-01  1.54358253e-01  1.50249673e-01  1.32305806e-01
  6.86906467e-02  3.02425126e-02  1.63068857e-03 -2.05274810e-02
 -1.96161382e-02 -1.54931163e-02 -1.57929188e-02 -7.85897362e-02
 -1.06428177e-01 -1.14410793e-01 -1.50815963e-01 -1.46395588e-01
 -1.21380227e-01 -9.78413456e-02 -5.21132707e-02  1.00370325e-02
  3.70768261e-02  7.60658801e-02  1.35722359e-01  1.67743585e-01
  2.08909065e-01  2.55871033e-01  2.80479374e-01  3.30142536e-01
  4.13288961e-01  5.03263669e-01  5.50289330e-01  4.72600442e-01
  4.67506262e-01  4.91720334e-01  4.87832425e-01  4.39390865e-01
  3.57721961e-01  2.15994755e-01  3.45248289e-02 -2.22502517e-01
 -3.23164505e-01 -3.95258179e-01 -4.13577892e-01 -4.26577798e-01
 -4.26693441e-01 -3.97671622e-01 -3.69520713e-01 -3.46907391e-01
 -3.39912695e-01 -3.02041578e-01 -2.41220282e-01 -1.91021887e-01
 -1.40302250e-01 -9.53620478e-02 -3.03009394e-02  6.92624929e-02
  1.60032092e-01  1.93081925e-01  2.93699950e-01  3.96164929e-01
  5.03121347e-01  5.93543107e-01  6.31352155e-01  7.08679452e-01
  7.36205446e-01  7.65051025e-01  8.41925654e-01  8.67799028e-01
  9.14289305e-01  9.93723769e-01  1.00806515e+00  9.86536791e-01
  1.05886076e+00  1.05988832e+00  9.53967714e-01  1.01741802e+00
  1.01448997e+00  1.03010872e+00  1.04747940e+00  9.61839424e-01
  9.25658136e-01  8.45947962e-01  8.09221123e-01  8.03603648e-01
  5.16704247e-01  5.43822030e-01  5.28290495e-01  4.69600263e-01
  4.70255902e-01  3.98667221e-01  3.41286503e-01  3.69980732e-01
  3.55301312e-01  2.77112362e-01  2.88179270e-01  2.95813160e-01
  3.00292319e-01  3.26270057e-01  3.51606112e-01  3.73217185e-01
  4.11316919e-01  4.66068683e-01]
[ 0.092925    0.07750563  0.06511812  0.05000125  0.03611063  0.022015
  0.00296875 -0.01811812 -0.03713475 -0.05952775 -0.08253525 -0.09528713
 -0.10210675 -0.10327237 -0.0987115  -0.09106062 -0.08150637 -0.07420175
 -0.06807625 -0.0601745  -0.055978   -0.05587925 -0.05866213 -0.0683175
 -0.08043125 -0.08909187 -0.096635   -0.10255875 -0.10675562 -0.10580062
 -0.10138875 -0.10035813 -0.10394412 -0.109172   -0.11646175 -0.12368662
 -0.12756125 -0.13285975 -0.13590375 -0.13719413 -0.139294   -0.13792775
 -0.13830813 -0.13589913 -0.129159   -0.12715662 -0.12725625 -0.1268
 -0.12478    -0.12083563 -0.116845   -0.11088    -0.10036938 -0.08997188
 -0.07791813 -0.06328437 -0.05298687 -0.04290563 -0.02932125 -0.01837062
 -0.00748875  0.00510125  0.01604437  0.02793412  0.03844775  0.0438055
  0.04674087  0.04980525  0.05034425  0.04579037  0.039102    0.0312125
  0.02648275  0.02303363  0.01471387  0.00888937  0.00434987 -0.00165188
 -0.00669062 -0.01358    -0.02304375 -0.03150438 -0.03918837 -0.04878825
 -0.05747263 -0.06615837 -0.0732385  -0.07925475 -0.08796487 -0.09265487
 -0.09539825 -0.10329787 -0.10926137 -0.11308425 -0.1167755  -0.1155675
 -0.11167375 -0.107805   -0.10222313 -0.09440875 -0.08892812 -0.0872
 -0.0841775  -0.08150875 -0.08562125 -0.09092938 -0.0943675  -0.1057625
 -0.1174     -0.121735   -0.1251325  -0.13020625 -0.13059688 -0.1262665
 -0.12323713 -0.11879425 -0.1102745  -0.1048805  -0.11219425 -0.11246388
 -0.10988325 -0.11502125 -0.11957    -0.1237525  -0.1273725  -0.1336025
 -0.13848125 -0.1350775  -0.1245925  -0.11614375 -0.118095   -0.10562875
 -0.09150438 -0.08683437 -0.07153938 -0.05500938 -0.04786062 -0.02415063
  0.0034575   0.02399375  0.04793625  0.08208     0.1176325   0.14193725
  0.1667675   0.2026355   0.22040112  0.22161063  0.23300738  0.21776362
  0.21322037  0.21300487  0.191263    0.18827125  0.19014     0.18757625
  0.1926125   0.19756125  0.2076625   0.18017437  0.16746625  0.16626938
  0.14305313  0.12603625  0.11568937  0.09515625  0.08141875  0.09535375
  0.08788875  0.0785475   0.09679812  0.10727062  0.11692875  0.10686762
  0.09978525  0.11203562  0.11415087  0.134001    0.13992613  0.071778
  0.067405    0.09901725  0.10278875  0.08065075  0.08600663  0.0890345
  0.07956375  0.025055    0.00509    -0.005385    0.0081775   0.02428875
  0.0327625   0.01964562  0.03732     0.06951688  0.07298813  0.08682625
  0.1289575   0.15117563  0.159875    0.1566125   0.19306725  0.253255
  0.3093575   0.304106    0.379532    0.46276112  0.54866975  0.62000862
  0.63904487  0.71572975  0.75594125  0.79019625  0.8543025   0.89643875
  0.96434625  1.065965    1.11250375  1.11732625  1.24053875  1.3227125
  1.2734575   1.32928     1.32695     1.361475    1.3882      1.3598
  1.388675    1.3720625   1.376875    1.4192125   1.24105     1.293125
  1.3504    ]
[ 0.33109   0.30998   0.27803   0.25538   0.24336   0.2242    0.20746
  0.18826   0.16748   0.16761   0.17772   0.18218   0.17602   0.1671
  0.15864   0.15745   0.15614   0.15868   0.17262   0.18583   0.19085
  0.20801   0.24196   0.26736   0.28776   0.31096   0.33016   0.33764
  0.33483   0.32489   0.31185   0.28899   0.26282   0.25143   0.23801
  0.20414   0.18048   0.18248   0.18456   0.19042   0.20929   0.22458
  0.22959   0.23346   0.26074   0.27871   0.2776    0.28266   0.28691
  0.29422   0.3031    0.31389   0.32289   0.34558   0.3619    0.36678
  0.40137   0.43782   0.458     0.48778   0.51778   0.56307   0.63202
  0.69125   0.74117   0.79589   0.87275   0.93287   0.98496   1.058
  1.1125    1.1139    1.105     1.1067    1.0724    1.0659    1.029
  0.95203   0.9095    0.86965   0.82508   0.79487   0.75766   0.72494
  0.63377   0.59056   0.57624   0.51345   0.50185   0.49853   0.47635
  0.49488   0.54884   0.551     0.5756    0.63874   0.67727   0.71394
  0.7492    0.78451   0.83065   0.87407   0.93134   0.95199   0.83473
  0.82585   0.86719   0.8759    0.84063   0.8069    0.73488   0.60415
  0.39516   0.32336   0.25509   0.23983   0.23367   0.23571   0.2652
  0.30297   0.33649   0.35769   0.43264   0.51141   0.54939   0.58809
  0.66402   0.76938   0.89302   1.0076    1.0502    1.191     1.3324
  1.4806    1.5773    1.6336    1.7263    1.7337    1.8214    1.9169
  1.9661    2.0303    2.0877    2.0519    2.0014    2.0588    2.0509
  1.9671    2.0399    2.0814    2.1409    2.1414    2.0523    2.0145
  1.8866    1.8283    1.705     1.351     1.4256    1.3603    1.217
  1.1568    0.97225   0.84518   0.81331   0.6785    0.45885   0.38076
  0.27769   0.16493   0.057397 -0.056763 -0.16833  -0.28483  -0.3868
 -0.49106  -0.58279  -0.66844  -0.77321  -0.85933  -0.91486  -0.94333
 -0.96304  -0.98462  -0.99873  -0.97744  -1.0347   -1.1964   -1.209
 -1.26     -1.4526   -1.5221   -1.6161   -1.762    -1.825    -1.8456
 -1.9384   -2.0792   -2.0723   -2.1056   -2.1051   -2.0464   -2.1208
 -2.1934   -2.0752   -2.0539   -2.2855   -2.2638   -2.2714   -2.2746
 -2.3135   -2.3399   -2.2957   -2.2667   -2.3086   -2.2949   -2.242
 -2.2482   -2.2024   -2.1668   -2.1261   -2.1095   -2.1126   -2.0436
 -2.0209   -1.9952   -1.9309   -1.92     -1.9516   -1.9335   -1.9514
 -1.8854   -1.8366   -1.7883   -1.7286   -1.6797   -1.6182   -1.5371
 -1.4683   -1.3839   -1.2916   -1.2047   -1.0895   -0.9621   -0.86447
 -0.79492  -0.69814  -0.59494  -0.33794  -0.13749   0.098312  0.26851
  0.35123   0.34223   0.25407   0.10541  -0.068447 -0.26333  -0.39959
 -0.59235  -0.71479  -0.80427  -0.89553  -0.92314  -0.94409  -0.97536
 -0.99235  -1.0026   -0.98989  -0.98509  -0.9774   -0.97608  -0.97447
 -0.96504  -0.95858  -0.95454  -0.95654  -0.95488  -0.94617  -0.94677
 -0.94311  -0.93767  -0.93045  -0.92676  -0.92727  -0.91907  -0.90946
 -0.91201  -0.89714  -0.89243  -0.90101  -0.89825  -0.89323  -0.88499
 -0.88924  -0.89629  -0.90386  -0.9067   -0.89005  -0.88316  -0.88045
 -0.88096  -0.88503  -0.89523  -0.89884  -0.88508  -0.8875   -0.892
 -0.88911  -0.89264  -0.89651  -0.90292  -0.90594  -0.90105  -0.90717
 -0.91571  -0.92221  -0.92263  -0.91227  -0.91958  -0.92374  -0.92659
 -0.93117  -0.93423  -0.9466   -0.95046  -0.95293  -0.97052  -0.97961 ]
