[-0.22899341 -0.23014359 -0.22589391 -0.22096469 -0.21247281 -0.20689422
 -0.20473797 -0.19885578 -0.19420484 -0.18733437 -0.17400469 -0.15366672
 -0.13215766 -0.10849712 -0.08896567 -0.07399297 -0.05543708 -0.03288797
 -0.01398392 -0.00130058  0.02197917  0.04667381  0.06619106  0.08099545
  0.09307     0.11236922  0.11899463  0.13241028  0.14662059  0.14250242
  0.14613559  0.15254664  0.15523713  0.15832281  0.16040102  0.1651425
  0.17237866  0.17914369  0.19636728  0.21403959  0.22766473  0.24546108
  0.25818573  0.26770411  0.28537625  0.30614828  0.31782386  0.32061553
  0.31936125  0.30578167  0.27948034  0.2511488   0.22259891  0.19597706
  0.17033302  0.14432522  0.1180485   0.10070133  0.08576334  0.06697419
  0.05741073  0.05330183  0.05114598  0.05093544  0.04605889  0.04009036
  0.03552805  0.02734197  0.01848738  0.00424614 -0.02082636 -0.04591239
 -0.06537523 -0.08683303 -0.10407255 -0.11169436 -0.10793536 -0.09199394
 -0.07469081 -0.0583718  -0.04361136 -0.02849592 -0.00595769]
[-2.07342500e-01 -2.05460000e-01 -2.00971250e-01 -2.02571250e-01
 -1.97413750e-01 -1.86767500e-01 -1.83705000e-01 -1.77482500e-01
 -1.67036250e-01 -1.53202500e-01 -1.30195000e-01 -1.02778250e-01
 -7.90615000e-02 -5.30596250e-02 -2.75285000e-02 -1.09072837e-04
  2.12026250e-02  2.75671478e-02  5.93877500e-02  7.88736250e-02
  1.01869625e-01  1.21600500e-01  1.41731000e-01  1.55978625e-01
  1.71823750e-01  1.86270000e-01  1.59001688e-01  1.98557524e-01
  2.20786250e-01  2.22993750e-01  2.34433750e-01  2.53340800e-01
  2.68455886e-01  2.83613484e-01  2.87698750e-01  3.06481250e-01
  3.23250000e-01  3.37087500e-01  3.56867500e-01  3.80062500e-01
  4.04373750e-01  4.26658750e-01  4.49778750e-01  4.80262500e-01
  5.16795000e-01  5.58623489e-01  5.82972500e-01  6.17683750e-01
  6.49325000e-01  6.65468750e-01  6.71988750e-01  6.81611250e-01
  6.89818750e-01  6.82481752e-01  6.88940000e-01  6.82053025e-01
  6.57400000e-01  6.35653750e-01  6.09821000e-01  5.85772000e-01
  5.80995071e-01  5.65523000e-01  5.75508500e-01  6.02668125e-01
  6.29127250e-01  6.30166055e-01  6.36077875e-01  6.12910625e-01
  5.74548625e-01  5.20623125e-01  4.57743875e-01  4.08031000e-01
  3.88215625e-01  3.92889750e-01  4.27780000e-01  4.97371250e-01
  5.85627500e-01  6.89591000e-01  7.87297375e-01  8.76340141e-01
  9.17864000e-01  9.60147375e-01  9.99428125e-01  1.03868413e+00
  1.07306663e+00  1.10483812e+00  1.13491050e+00  1.15771850e+00
  1.15989875e+00  1.14681582e+00  1.12380400e+00  1.09280529e+00
  1.04284700e+00  9.96035125e-01  9.40450375e-01  8.76784125e-01
  8.08990500e-01  7.23863375e-01  6.35784000e-01  5.57913000e-01
  4.87911125e-01  4.28173125e-01  3.79099375e-01  3.40084704e-01
  2.89923506e-01  2.74142000e-01  2.46442250e-01  2.36613031e-01
  2.07120000e-01  1.88609500e-01  1.74201250e-01  1.67865625e-01
  1.70856750e-01  1.81914875e-01  1.97413250e-01  2.16452500e-01
  2.46581261e-01  2.41286899e-01  2.62628722e-01  3.02486250e-01
  3.30324268e-01  3.46861250e-01  3.72980000e-01  4.00253750e-01
  4.23196250e-01  4.45972500e-01  4.66497500e-01  4.79928750e-01
  4.89071250e-01  4.89258750e-01  4.73962500e-01  4.52226250e-01
  4.23035000e-01  3.86227500e-01  3.36255888e-01  3.01308750e-01
  2.60563750e-01  2.39196147e-01  2.04060250e-01  1.79907500e-01
  1.55319125e-01  1.31617000e-01  1.10603962e-01  8.73803750e-02
  6.09333750e-02  3.26556846e-02  8.66212500e-03 -6.12225000e-03
 -9.74862500e-03 -8.14287500e-03 -1.72355000e-02 -3.49697500e-02
 -4.94880000e-02 -6.65657500e-02 -8.36307500e-02 -9.46733750e-02
 -1.03232375e-01 -1.12998250e-01 -1.15392250e-01 -1.10771875e-01
 -1.05241875e-01 -9.68360000e-02 -8.58582500e-02 -7.45900000e-02
 -6.31612500e-02 -5.59406250e-02 -5.91246250e-02 -7.35357500e-02
 -9.00001250e-02 -1.01587875e-01 -1.15767375e-01 -1.34883500e-01
 -1.55244625e-01 -1.80564625e-01 -2.06291250e-01 -2.18491250e-01
 -2.31293750e-01 -2.39557500e-01 -2.33246250e-01 -2.19300750e-01
 -1.96275875e-01 -1.79516875e-01 -1.77934500e-01 -1.68106250e-01
 -1.61923977e-01 -1.51769375e-01 -1.46961308e-01 -1.40425125e-01
 -1.34643000e-01 -1.34522750e-01 -1.38284125e-01 -1.31173750e-01
 -1.16692000e-01 -1.00958125e-01 -9.37673750e-02 -6.89350000e-02
 -4.02700000e-02 -2.94861250e-02 -4.38637500e-03  3.04635000e-02
  7.35942500e-02  1.26699625e-01  1.45966375e-01  1.33710875e-01
  1.30997125e-01  1.51680250e-01  1.73697625e-01  1.81927875e-01
  2.08379750e-01  2.41381000e-01  2.45659500e-01  2.41061000e-01
  2.40907000e-01  2.08302875e-01  2.04966375e-01  1.86150625e-01
  1.19919250e-01  7.94470549e-02  6.07993660e-02  2.60615000e-02
  1.90085047e-02  2.43855000e-02  1.75370000e-02 -5.22937500e-02
 -8.34903750e-02 -9.55136250e-02 -1.35502125e-01 -1.32538125e-01
 -1.10078250e-01 -8.55993750e-02 -3.65380000e-02  2.68001250e-02
  5.75356250e-02  1.00639125e-01  1.60917500e-01  1.89050053e-01
  2.36741250e-01  2.83435000e-01  3.09445000e-01  3.61080000e-01
  4.42233750e-01  5.45578750e-01  5.72807500e-01  4.87693750e-01
  4.78162500e-01  5.04775000e-01  5.01837500e-01  4.50066250e-01
  3.63351250e-01  2.07623216e-01  1.75748750e-02 -2.54196375e-01
 -3.59743625e-01 -4.36845500e-01 -4.57155250e-01 -4.65913875e-01
 -4.64109500e-01 -4.31191125e-01 -3.91846000e-01 -3.58024125e-01
 -3.40362500e-01 -2.94445000e-01 -2.27468750e-01 -1.71620000e-01
 -9.87109005e-02 -5.16537500e-02  2.66540000e-02  1.35115750e-01
  2.39022125e-01  2.86433750e-01  3.96693750e-01  5.08425000e-01
  6.21442500e-01  7.11046250e-01  7.51952500e-01  8.33518750e-01
  8.54157500e-01  8.88840000e-01  9.65265000e-01  9.94107500e-01
  1.04255250e+00  1.11988181e+00  1.12543875e+00  1.09847625e+00
  1.16856250e+00  1.17804547e+00  1.07148250e+00  1.13274500e+00
  1.13264750e+00  1.15192000e+00  1.17943750e+00  1.11028250e+00
  1.09497125e+00  1.04438250e+00  1.01539250e+00]
[-0.30638844 -0.30551406 -0.31202469 -0.31941344 -0.32524562 -0.33355031
 -0.33020031 -0.31606656 -0.30778938 -0.29976    -0.2843675  -0.26018937
 -0.2345475  -0.2191525  -0.20109178 -0.17357688 -0.14492384 -0.11864313
 -0.09471403 -0.06812359 -0.03431438  0.00110006  0.04306013  0.07683334
  0.10287469  0.12943281  0.15682     0.18704594  0.20533094  0.21241437
  0.22579219  0.24316344  0.2589425   0.28064875  0.30118219  0.32055031
  0.34587375  0.37214531  0.38985531  0.40741031  0.42964031  0.45553875
  0.48257469  0.50648312  0.53403344  0.56692156  0.59758438  0.61586594
  0.6209375 ]
[-2.2957e+00 -2.2667e+00 -2.3086e+00 -2.2949e+00 -2.2420e+00 -2.2482e+00
 -2.2024e+00 -2.1668e+00 -2.1261e+00 -2.1095e+00 -2.1126e+00 -2.0436e+00
 -2.0209e+00 -1.9952e+00 -1.9309e+00 -1.9200e+00 -1.9516e+00 -1.9335e+00
 -1.9514e+00 -1.8854e+00 -1.8366e+00 -1.7883e+00 -1.7286e+00 -1.6797e+00
 -1.6182e+00 -1.5371e+00 -1.4683e+00 -1.3839e+00 -1.2916e+00 -1.2047e+00
 -1.0895e+00 -9.6210e-01 -8.6447e-01 -7.9492e-01 -6.9814e-01 -5.9494e-01
 -3.3794e-01 -1.3749e-01  9.8312e-02  2.6851e-01  3.5123e-01  3.4223e-01
  2.5407e-01  1.0541e-01 -6.8447e-02 -2.6333e-01 -3.9959e-01 -5.9235e-01
 -7.1479e-01 -8.0427e-01 -8.9553e-01 -9.2314e-01 -9.4409e-01 -9.7536e-01
 -9.9235e-01 -1.0026e+00 -9.8989e-01 -9.8509e-01 -9.7740e-01 -9.7608e-01
 -9.7447e-01 -9.6504e-01 -9.5858e-01 -9.5454e-01 -9.5654e-01 -9.5488e-01
 -9.4617e-01 -9.4677e-01 -9.4311e-01 -9.3767e-01 -9.3045e-01 -9.2676e-01
 -9.2727e-01 -9.1907e-01 -9.0946e-01 -9.1201e-01 -8.9714e-01 -8.9243e-01
 -9.0101e-01 -8.9825e-01 -8.9323e-01 -8.8499e-01 -8.8924e-01 -8.9629e-01
 -9.0386e-01 -9.0670e-01 -8.9005e-01 -8.8316e-01 -8.8045e-01 -8.8096e-01
 -8.8503e-01 -8.9523e-01 -8.9884e-01 -8.8508e-01 -8.8750e-01 -8.9200e-01
 -8.8911e-01 -8.9264e-01 -8.9651e-01 -9.0292e-01 -9.0594e-01 -9.0105e-01
 -9.0717e-01 -9.1571e-01 -9.2221e-01 -9.2263e-01 -9.1227e-01 -9.1958e-01
 -9.2374e-01 -9.2659e-01 -9.3117e-01 -9.3423e-01 -9.4660e-01 -9.5046e-01
 -9.5293e-01 -9.7052e-01 -9.7961e-01 -9.6814e-01 -9.8033e-01 -2.0418e-01
 -2.1657e-01 -2.2201e-01 -2.2409e-01 -2.2738e-01 -2.2834e-01 -2.2706e-01
 -2.2433e-01 -2.2208e-01 -2.1471e-01 -2.0403e-01 -1.9397e-01 -1.8225e-01
 -1.6841e-01 -1.5409e-01 -1.4041e-01 -1.2794e-01 -1.1657e-01 -9.8968e-02
 -7.5529e-02 -5.6812e-02 -3.7186e-02 -1.8714e-02 -4.3500e-04  1.2159e-02
  2.4421e-02  3.8380e-02  5.0712e-02  6.3219e-02  7.0898e-02  8.0011e-02
  9.2903e-02  1.1870e-01  1.4499e-01  1.6550e-01  1.9193e-01  2.1579e-01
  2.3880e-01  2.6406e-01  2.8079e-01  3.0137e-01  3.2859e-01  3.5170e-01
  3.8116e-01  4.2203e-01  4.6442e-01  5.0339e-01  5.4000e-01  5.7257e-01
  6.0353e-01  6.2577e-01  6.4310e-01  6.6929e-01  6.9150e-01  7.0473e-01
  7.0417e-01  6.8545e-01  6.5590e-01  6.2643e-01  5.9977e-01  5.7516e-01
  5.6551e-01  5.7635e-01  5.9692e-01  6.2083e-01  6.4308e-01  6.4768e-01
  6.2869e-01  5.9026e-01  5.3535e-01  4.7397e-01  4.1864e-01  3.9349e-01
  4.0685e-01  4.5616e-01  5.4745e-01  6.6325e-01  7.8792e-01  9.0198e-01
  9.9978e-01  1.0659e+00  1.1042e+00  1.1445e+00  1.1872e+00  1.2270e+00
  1.2664e+00  1.3097e+00  1.3372e+00  1.3557e+00  1.3638e+00  1.3444e+00
  1.3090e+00  1.2603e+00  1.2072e+00  1.1544e+00  1.0949e+00  1.0202e+00
  9.2796e-01  8.2514e-01  7.2790e-01  6.4233e-01  5.6232e-01  4.8847e-01
  4.2482e-01  3.8107e-01  3.4845e-01  3.2002e-01  2.9613e-01  2.6387e-01
  2.2934e-01  2.0407e-01  1.9264e-01  1.8827e-01  1.8664e-01  1.9674e-01
  2.0660e-01  2.2095e-01  2.4264e-01  2.6531e-01  2.9034e-01  3.0716e-01
  3.1946e-01  3.3972e-01  3.6181e-01  3.7904e-01  3.9690e-01  4.1854e-01
  4.3832e-01  4.4327e-01  4.4166e-01  4.3543e-01  4.1100e-01  3.7552e-01
  3.3645e-01  2.9202e-01  2.4603e-01  2.0452e-01  1.7394e-01  1.5133e-01
  1.2519e-01  9.7906e-02  7.0636e-02  4.4817e-02  2.5383e-02  6.1770e-03
 -2.1216e-02 -4.6229e-02 -5.7109e-02 -6.6503e-02 -7.1068e-02 -7.3255e-02
 -8.8438e-02 -1.1008e-01 -1.2858e-01 -1.4812e-01 -1.6978e-01 -1.8475e-01
 -1.8954e-01 -1.8806e-01 -1.8520e-01 -1.8143e-01 -1.7539e-01 -1.6792e-01
 -1.6553e-01 -1.6439e-01 -1.6371e-01 -1.6572e-01 -1.7212e-01 -1.7868e-01
 -1.8466e-01 -1.9334e-01 -2.0941e-01 -2.3217e-01 -2.5400e-01 -2.7957e-01
 -3.0221e-01 -3.1716e-01 -3.2563e-01 -3.1977e-01 -3.0796e-01 -2.9296e-01
 -2.7629e-01 -2.6075e-01 -2.4477e-01 -2.3565e-01 -2.2937e-01 -2.2363e-01
 -2.1947e-01 -2.1788e-01 -2.1741e-01 -2.1622e-01 -2.1081e-01 -1.9871e-01
 -1.8774e-01 -1.7789e-01 -1.5933e-01 -1.4037e-01 -1.2466e-01 -1.0983e-01
 -8.9575e-02 -4.0492e-02  1.0952e-02  2.1465e-02 -5.6650e-03 -3.0382e-02
 -3.7466e-02 -3.7064e-02 -2.7950e-02 -5.1750e-03  1.5185e-02  2.5191e-02
  3.5336e-02  3.6771e-02  1.8247e-02  1.0795e-02 -1.3414e-02 -5.6445e-02
 -7.8590e-02 -8.6601e-02 -7.8205e-02 -6.2724e-02 -5.6970e-02 -6.5348e-02
 -1.2138e-01 -1.5883e-01 -1.7828e-01 -1.9983e-01 -1.9720e-01 -1.7077e-01
 -1.2986e-01 -8.4117e-02 -3.8673e-02  6.6140e-03  6.3691e-02  1.1047e-01
  1.4344e-01  1.8024e-01  2.1794e-01  2.6721e-01  3.3206e-01  4.1703e-01
  5.0250e-01  5.4200e-01  5.1899e-01  5.2265e-01  5.4752e-01  5.5036e-01
  5.2080e-01  4.2380e-01  2.1962e-01 -1.8977e-02 -2.9453e-01 -4.1110e-01
 -5.0627e-01 -5.4794e-01 -5.6634e-01 -5.7535e-01 -5.7115e-01 -5.5338e-01
 -5.3015e-01 -5.0590e-01 -4.7033e-01 -4.3478e-01 -3.9667e-01 -3.4652e-01
 -2.9436e-01 -2.3717e-01 -1.7228e-01 -9.4630e-02 -2.4644e-02  5.6047e-02
  1.4575e-01  2.3886e-01  3.1239e-01  3.6975e-01  4.2064e-01  4.7185e-01
  5.2627e-01  5.8532e-01  6.3567e-01  6.8604e-01  7.4155e-01  7.7424e-01
  8.1311e-01  8.6422e-01  8.8612e-01  8.5292e-01  8.7910e-01  8.8472e-01
  8.9408e-01  8.9507e-01  8.5432e-01  8.3824e-01  7.9831e-01  7.6542e-01]
[ 1.8248e+00  1.4679e+00  1.2361e+00  9.2914e-01  7.1037e-01  5.6763e-01
  4.2596e-01  3.6207e-01  3.3139e-01  2.9874e-01  2.9303e-01  2.8468e-01
  2.7209e-01  2.7846e-01  2.9098e-01  2.9533e-01  2.9146e-01  3.0064e-01
  3.0674e-01  3.0752e-01  3.1961e-01  3.3089e-01  3.2861e-01  3.2699e-01
  3.3064e-01  3.3299e-01  3.3501e-01  3.3865e-01  3.4487e-01  3.5239e-01
  3.6194e-01  3.6564e-01  3.6642e-01  3.7328e-01  3.7993e-01  3.8235e-01
  3.8428e-01  3.8352e-01  3.8549e-01  3.8390e-01  3.8208e-01  3.7745e-01
  3.7924e-01  3.8830e-01  3.9389e-01  3.9465e-01  3.9561e-01  4.0233e-01
  4.0537e-01  4.0302e-01  3.9798e-01  3.9141e-01  3.9376e-01  3.9234e-01
  3.8939e-01  3.8820e-01  3.9260e-01  3.9090e-01  3.8509e-01  3.8794e-01
  3.9083e-01  3.9214e-01  3.9025e-01  3.8830e-01  3.8453e-01  3.7714e-01
  3.7143e-01  3.7125e-01  3.7259e-01  3.6807e-01  3.6432e-01  3.6091e-01
  3.5550e-01  3.5600e-01  3.5046e-01 -1.8272e-01 -1.7747e-01 -1.8128e-01
 -1.8533e-01 -1.8228e-01 -1.8095e-01 -1.7973e-01 -1.7038e-01 -1.5795e-01
 -1.4727e-01 -1.2802e-01 -1.0791e-01 -8.8581e-02 -6.5095e-02 -4.3538e-02
 -2.3477e-02  4.1410e-03  2.8715e-02  4.2443e-02  6.2912e-02  8.5746e-02
  1.0369e-01  1.2606e-01  1.3938e-01  1.5607e-01  1.8189e-01  1.9992e-01
  2.2147e-01  2.3882e-01  2.3925e-01  2.3305e-01  2.2914e-01  2.3305e-01
  2.4009e-01  2.4412e-01  2.4942e-01  2.5918e-01  2.7119e-01  2.8073e-01
  2.8992e-01  3.0485e-01  3.2700e-01  3.5761e-01  3.8275e-01  4.0512e-01
  4.3310e-01  4.5291e-01  4.5759e-01  4.4373e-01  4.1605e-01  3.8702e-01
  3.4959e-01  3.0025e-01  2.5877e-01  2.2359e-01  1.9263e-01  1.6556e-01
  1.3672e-01  1.1260e-01  8.3517e-02  6.2749e-02  5.7122e-02  4.2905e-02
  3.1189e-02  3.1597e-02  2.1865e-02  1.6755e-02  1.1535e-02 -1.4860e-03
 -9.2060e-03 -2.3749e-02 -4.3348e-02 -7.4718e-02 -1.0038e-01 -1.0989e-01
 -1.1889e-01 -1.2925e-01 -1.3292e-01 -1.2134e-01 -1.0769e-01 -9.3040e-02
 -7.4310e-02 -6.3953e-02 -5.0715e-02 -2.9213e-02 -1.6138e-02 -1.4126e-02
 -1.6953e-02 -2.3504e-02 -2.8615e-02 -3.4785e-02 -4.6991e-02 -5.8544e-02
 -6.7324e-02 -6.9172e-02 -7.5316e-02 -9.2197e-02 -1.0440e-01 -1.2588e-01
 -1.5189e-01 -1.7255e-01 -1.8120e-01 -1.8680e-01 -1.9057e-01 -1.8661e-01
 -1.8065e-01 -1.7242e-01 -1.6255e-01 -1.5254e-01 -1.4874e-01 -1.4732e-01
 -1.4170e-01 -1.2887e-01 -1.1495e-01 -9.8857e-02 -8.6978e-02 -7.3848e-02
 -5.2020e-02 -3.3426e-02 -2.1275e-02 -1.1489e-02 -3.0620e-03  5.1200e-03
  1.3601e-02  2.0343e-02  2.8226e-02  4.0622e-02  4.7798e-02  4.8695e-02
  4.8043e-02  4.3095e-02  3.3309e-02  1.3819e-02 -3.9590e-03 -1.3990e-02
 -3.2828e-02 -5.4656e-02 -6.7786e-02 -8.6679e-02 -1.0908e-01 -1.2234e-01]
[-2.3473e-01 -2.3961e-01 -2.3746e-01 -2.3489e-01 -2.2777e-01 -2.2258e-01
 -2.1985e-01 -2.1242e-01 -2.0547e-01 -1.9591e-01 -1.7951e-01 -1.5694e-01
 -1.3217e-01 -1.0577e-01 -8.4277e-02 -6.7770e-02 -4.8323e-02 -2.4810e-02
 -5.3110e-03  7.6530e-03  3.1797e-02  5.6964e-02  7.6358e-02  9.0949e-02
  1.0302e-01  1.2270e-01  1.2892e-01  1.4228e-01  1.5669e-01  1.5210e-01
  1.5580e-01  1.6236e-01  1.6509e-01  1.6808e-01  1.6981e-01  1.7424e-01
  1.8107e-01  1.8755e-01  2.0495e-01  2.2266e-01  2.3621e-01  2.5400e-01
  2.6665e-01  2.7594e-01  2.9389e-01  3.1525e-01  3.2709e-01  3.2992e-01
  3.2884e-01  3.1504e-01  2.8804e-01  2.5870e-01  2.2917e-01  2.0177e-01
  1.7532e-01  1.4861e-01  1.2160e-01  1.0397e-01  8.8928e-02  6.9876e-02
  6.0192e-02  5.5914e-02  5.3868e-02  5.3815e-02  4.8698e-02  4.2111e-02
  3.7203e-02  2.8805e-02  1.9699e-02  5.2650e-03 -2.0269e-02 -4.5962e-02
 -6.5775e-02 -8.7662e-02 -1.0543e-01 -1.1341e-01 -1.0947e-01 -9.3042e-02
 -7.5511e-02 -5.9004e-02 -4.3888e-02 -2.8221e-02 -5.0750e-03  1.9673e-02
  3.7833e-02  5.3605e-02  6.6884e-02  7.2448e-02  6.8590e-02  6.5861e-02
  7.0532e-02  6.4024e-02  5.0876e-02  5.0981e-02  4.6703e-02  3.8673e-02
  2.8044e-02 -6.2030e-03 -4.2078e-02 -6.2626e-02 -7.6981e-02 -8.9105e-02
 -9.4695e-02 -9.1966e-02 -9.1546e-02 -9.2884e-02 -8.8292e-02 -7.6351e-02
 -6.1550e-02 -5.1604e-02 -4.7300e-02 -3.5595e-02 -1.6176e-02  1.3290e-03
  1.4896e-02  3.1430e-02  5.0482e-02  7.0033e-02  9.3390e-02  1.1184e-01
  1.3451e-01  1.5412e-01  1.7112e-01  1.9498e-01  2.0655e-01  2.1728e-01
  2.3261e-01  2.4830e-01  2.5864e-01  2.5476e-01  2.4043e-01  2.2513e-01
  2.1085e-01  1.9241e-01  1.7031e-01  1.4666e-01  1.2016e-01  9.7038e-02
  7.8142e-02  5.8460e-02  5.1033e-02  4.4656e-02  2.6417e-02  1.1327e-02
 -4.7070e-03 -2.4416e-02 -3.2604e-02 -3.4966e-02 -3.8613e-02 -3.9007e-02
 -3.9716e-02 -4.2839e-02 -4.5227e-02 -4.9767e-02 -5.6852e-02 -6.3125e-02
 -6.6799e-02 -6.7376e-02 -6.2888e-02 -5.9975e-02 -5.2995e-02 -4.2524e-02
 -3.2236e-02 -1.5598e-02  2.2600e-04  9.8050e-03  1.3637e-02  3.8740e-03
 -9.1950e-03 -1.7383e-02 -3.1239e-02 -4.5148e-02 -5.7377e-02 -7.5747e-02
 -9.4170e-02 -1.0084e-01 -1.0514e-01 -1.0742e-01 -1.0372e-01 -9.9576e-02
 -8.8397e-02 -8.1915e-02 -8.2466e-02 -7.8870e-02 -7.9710e-02 -7.9395e-02
 -7.7375e-02 -7.7401e-02 -7.5564e-02 -7.4672e-02 -7.3543e-02 -7.1470e-02
 -6.2626e-02 -5.2863e-02 -4.0503e-02 -1.4234e-02  1.1170e-02  2.6391e-02
  4.5417e-02  7.0847e-02  1.0470e-01  1.4336e-01  1.8574e-01  2.2521e-01
  2.6662e-01  3.1732e-01  3.6676e-01  3.9967e-01  4.3557e-01  4.7402e-01
  4.7998e-01  4.7759e-01  4.7268e-01  4.4807e-01  4.3954e-01  4.1106e-01
  3.5900e-01  3.1664e-01  2.7006e-01  2.2875e-01  1.9920e-01  1.7587e-01
  1.5343e-01  1.0502e-01  8.6645e-02  7.2421e-02  4.1533e-02  3.1535e-02
  2.3504e-02  2.1431e-02  4.7280e-02  7.2369e-02  8.4021e-02  1.2102e-01
  1.5734e-01  1.8256e-01  2.0986e-01  2.3518e-01  2.5087e-01  2.7124e-01
  2.9790e-01  3.2417e-01  3.2617e-01  2.8460e-01  2.6129e-01  2.5562e-01
  2.5087e-01  2.3258e-01  2.0797e-01  1.7427e-01  1.2163e-01  1.8649e-02
 -2.2789e-02 -5.9424e-02 -6.9082e-02 -6.7691e-02 -4.9636e-02 -1.7199e-02
  2.0932e-02  6.0717e-02  1.0105e-01  1.5015e-01  2.0610e-01  2.6324e-01
  3.2462e-01  3.9272e-01  4.6683e-01  5.4957e-01  6.3324e-01  7.2480e-01
  8.2933e-01  9.3792e-01  1.0427e+00  1.1193e+00  1.1892e+00  1.2559e+00
  1.2871e+00  1.3274e+00  1.3959e+00  1.4481e+00  1.4935e+00  1.5439e+00
  1.5547e+00  1.5498e+00  1.5825e+00  1.5653e+00  1.5077e+00  1.5744e+00
  1.5983e+00  1.6232e+00  1.6276e+00  1.5666e+00  1.5327e+00  1.4770e+00
  1.4378e+00  1.3882e+00  1.2048e+00  1.2062e+00  1.1674e+00  1.1071e+00
  1.0830e+00  1.0041e+00  9.5653e-01  9.6104e-01  9.2635e-01  8.6796e-01
  8.6825e-01  8.6643e-01  8.6762e-01  8.8349e-01]
[-0.22552594 -0.22641406 -0.22681844 -0.22435719 -0.21840813 -0.21498781
 -0.20433156 -0.19301656 -0.18615813 -0.1755225  -0.15554375 -0.13295812
 -0.10718    -0.08464812 -0.06527741 -0.03775125 -0.00731197  0.01993188
  0.04534097  0.07011266  0.09794625  0.12875756  0.15858137  0.18265959
  0.20270594  0.22752031  0.24730125  0.26650219  0.28464344  0.30155813
  0.31457344  0.32271969  0.3465675   0.3701675   0.39023219  0.41960031
  0.4477925   0.47390156  0.49181156  0.51289156  0.54171531  0.56877
  0.60494344  0.63942062  0.67336469  0.71549031  0.75875312  0.79709094
  0.82649375]
[-0.18961878 -0.19273013 -0.19958813 -0.20799722 -0.215249   -0.22222344
 -0.22786969 -0.23078125 -0.22917031 -0.22395969 -0.21544812 -0.20344062
 -0.19447281 -0.18821125 -0.17920281 -0.16732375 -0.15673813 -0.14588781
 -0.12864625 -0.19030355 -0.10194312 -0.05358259 -0.06128325 -0.042308
 -0.02643522  0.03787386  0.00605844  0.02131353  0.05899931  0.03542319
  0.03640569  0.03819019  0.04091031  0.04735987  0.05602344  0.06425419
  0.07773125  0.23877711  0.10850362  0.12556931  0.14592963  0.17604383
  0.02708615  0.20649125  0.22685719  0.2413175   0.38192683  0.25813406
  0.25191062  0.07326235  0.21868219  0.19627625  0.19241286  0.150055
  0.08402885  0.10907969  0.090948    0.08592331 -0.08583574  0.03423925
  0.02352456  0.01659016  0.00833247  0.00460212  0.00612388  0.01121234
  0.01583859  0.01418603  0.00623462 -0.006919   -0.02527059 -0.04758888
 -0.06810606 -0.08680931 -0.097955   -0.09836869 -0.0940885  -0.08125244
 -0.06178331 -0.04033163 -0.02202963 -0.00860466  0.00525534  0.02545281
  0.04429691  0.05771731  0.07093787  0.15081275  0.08434866  0.08465625
  0.08262959  0.07516228 -0.04231842  0.05704884  0.04877172  0.09391688
  0.01644828 -0.00971172 -0.05663679 -0.06629797 -0.08667822 -0.10397603
 -0.12004662 -0.13000938 -0.13434062 -0.13472759 -0.13383553 -0.13360491
 -0.13179712 -0.13003909 -0.12349102 -0.12525034 -0.11893162 -0.10877647
 -0.10232028  0.00056346 -0.07707691 -0.00215493 -0.05049741 -0.03590981
 -0.02221419 -0.00641937  0.00442812  0.01358125  0.02766406  0.04101269
  0.03020544  0.0653345   0.07605732  0.07395975  0.07355438  0.06918863
  0.05810456  0.04189063  0.02483122  0.00660894 -0.01149569  0.00606281
 -0.04342153 -0.05700631 -0.06861769 -0.08342138 -0.09492713 -0.13052198
  0.04792375 -0.13017687 -0.14053594 -0.1483975  -0.15288156 -0.15316031
 -0.15237406 -0.15533906]
[-2.02646250e-01 -2.13638000e-01 -2.24260000e-01 -2.36762500e-01
 -2.42632500e-01 -2.43880500e-01 -2.41627750e-01 -2.40336000e-01
 -2.38207000e-01 -2.30202750e-01 -2.16751250e-01 -1.99141750e-01
 -1.85391750e-01 -1.76191250e-01 -1.64104000e-01 -1.47668000e-01
 -1.39655000e-01 -1.25757250e-01 -1.03214500e-01 -9.13940000e-02
 -7.73785000e-02 -5.80232500e-02 -3.58247500e-02 -9.01125000e-03
  8.13825000e-03  1.73567500e-02  3.12600000e-02  4.76277500e-02
  6.39297500e-02  7.28087500e-02  7.48387500e-02  8.01710000e-02
  8.93885000e-02  9.78215000e-02  1.08622000e-01  1.24942250e-01
  1.43717500e-01  1.66229000e-01  1.82132500e-01  2.00778750e-01
  2.23776000e-01  2.40744750e-01  2.61536500e-01  2.81030000e-01
  2.91260500e-01  3.03760750e-01  3.17827500e-01  3.20857500e-01
  3.20937500e-01  3.17927500e-01  3.04432500e-01  2.83847500e-01
  2.60640000e-01  2.36232500e-01  2.11340000e-01  1.92477500e-01
  1.72735000e-01  1.48642500e-01  1.26918250e-01  1.06433500e-01
  8.79340000e-02  7.71117500e-02  7.03837500e-02  6.62180000e-02
  6.62830000e-02  5.87392500e-02  5.18402500e-02  4.57992500e-02
  3.65602500e-02  2.58700000e-02  5.86925000e-03 -1.53865000e-02
 -3.62197500e-02 -5.70320000e-02 -6.86857500e-02 -7.12210000e-02
 -6.85567500e-02 -6.16030000e-02 -5.00307500e-02 -3.85017500e-02
 -2.95910000e-02 -1.81200000e-02 -1.06302500e-02 -5.95325000e-03
  5.07500000e-03  1.48015000e-02  2.51350000e-02  3.50747500e-02
  4.18950000e-02  4.73305000e-02  4.72827500e-02  4.47515000e-02
  4.11775000e-02  3.94030000e-02  3.43130000e-02  1.93322500e-02
 -6.93750000e-04 -2.10482500e-02 -4.04467500e-02 -5.69747500e-02
 -7.07765000e-02 -8.43165000e-02 -9.53490000e-02 -1.02407500e-01
 -1.02972500e-01 -9.65847500e-02 -9.25952500e-02 -8.55442500e-02
 -7.42302500e-02 -6.79957500e-02 -6.26795000e-02 -5.31127500e-02
 -4.61212500e-02 -3.82320000e-02 -2.24022500e-02 -1.01815000e-02
  3.46050000e-03  1.74925000e-02  2.82057500e-02  4.16105000e-02
  5.63615000e-02  7.13392500e-02  8.20267500e-02  9.54640000e-02
  1.12202500e-01  1.23237750e-01  1.30536750e-01  1.40404250e-01
  1.49970000e-01  1.60437500e-01  1.68632500e-01  1.67257500e-01
  1.63390000e-01  1.61335000e-01  1.57083250e-01  1.43955250e-01
  1.35627750e-01  1.30013750e-01  1.16524750e-01  1.03172750e-01
  8.95372500e-02  7.13555000e-02  5.78530000e-02  4.18672500e-02
  1.95747500e-02 -2.42500000e-04 -1.82325000e-02 -3.27450000e-02
 -4.18500000e-02 -4.97375000e-02 -5.68325000e-02 -6.91150000e-02
 -8.00687500e-02 -8.75322500e-02 -9.31767500e-02 -9.76412500e-02
 -1.00631500e-01 -1.01779750e-01 -9.48375000e-02 -8.27977500e-02
 -7.35922500e-02 -5.65800000e-02 -3.75625000e-02 -1.99542500e-02
 -7.86500000e-04  1.69465000e-02  2.41645000e-02  2.24515000e-02
  2.00535000e-02  1.88922500e-02  1.77445000e-02 -3.44125000e-03
 -2.11825000e-02 -3.31975000e-02 -5.10125000e-02 -6.39550000e-02
 -7.30250000e-02 -8.17800000e-02 -9.13100000e-02 -1.11550250e-01
 -1.15519750e-01 -1.20493500e-01 -1.24700500e-01 -1.18690250e-01
 -1.08341500e-01 -9.99322500e-02 -8.94920000e-02 -7.92982500e-02
 -7.00400000e-02 -5.76525000e-02 -4.46700000e-02 -3.11725000e-02
 -9.96250000e-03  1.36550000e-02  3.85050000e-02  7.52092500e-02
  1.07909250e-01  1.38412500e-01  1.79688250e-01  2.21847750e-01
  2.72051750e-01  3.23286000e-01  3.71278500e-01  4.14797500e-01
  4.53362500e-01  5.01057500e-01  5.51550000e-01  5.95980000e-01
  6.40907500e-01  6.87077500e-01  7.11265000e-01  7.15657500e-01
  7.21230000e-01  6.94520000e-01  6.73707500e-01  6.76642500e-01
  6.45657500e-01  6.21410000e-01  5.94677500e-01  5.49585000e-01
  5.17365000e-01  4.87607500e-01  4.59957500e-01  4.04138500e-01
  3.38497500e-01  3.24330500e-01  2.80997500e-01  2.53333000e-01
  2.38871250e-01  2.16377250e-01  2.17371250e-01  2.41124000e-01
  2.42552500e-01  2.42983500e-01  2.70130250e-01  2.89317750e-01
  3.08022500e-01  3.30312500e-01  3.47422500e-01  3.74952500e-01
  4.13595000e-01  4.51742500e-01  4.69522500e-01  4.41042500e-01
  4.48685000e-01  4.79180000e-01  4.99472500e-01  5.14592500e-01
  5.37522500e-01  5.54307500e-01  5.54333500e-01  5.03132750e-01
  4.98145000e-01  4.98055000e-01  5.22620000e-01  5.45220000e-01
  5.57092500e-01  5.76254250e-01  6.08159500e-01  6.39628500e-01
  6.58847250e-01  6.85356750e-01  7.17625000e-01  7.27695000e-01
  7.46865000e-01  7.93877500e-01  8.38037500e-01  8.89332500e-01
  9.30162500e-01  9.63905000e-01  1.01700250e+00  1.08061000e+00
  1.11445000e+00  1.12177000e+00  1.14714500e+00  1.16340000e+00
  1.15642500e+00  1.16710000e+00  1.17910000e+00  1.18587500e+00
  1.19153750e+00  1.19135250e+00  1.17169500e+00  1.15080750e+00
  1.13412250e+00  1.12450000e+00  1.07592250e+00  1.09538250e+00
  1.09414675e+00  1.08246000e+00  1.08731750e+00  1.04212250e+00
  1.01557750e+00  9.68280000e-01  9.22995000e-01  8.45092500e-01
  7.06890000e-01  7.09585000e-01  6.85455000e-01  6.41280000e-01
  6.16415000e-01  5.60950000e-01  5.24725000e-01  5.26825000e-01
  5.02675000e-01  4.63542500e-01  4.68400000e-01  4.74400000e-01
  4.77750000e-01  4.84550000e-01  5.02300000e-01  5.30250000e-01
  5.60750000e-01  6.03825000e-01  6.49425000e-01  7.07550000e-01
  7.65650000e-01  8.41990000e-01  9.14417500e-01  9.98880000e-01
  1.09329500e+00  1.18039750e+00  1.26222500e+00  1.35262500e+00
  1.43065000e+00  1.48872500e+00  1.52917500e+00  1.58270000e+00
  1.61352500e+00  1.60665000e+00  1.62672500e+00  1.62677500e+00
  1.60022500e+00  1.59330000e+00  1.59577500e+00  1.54372500e+00
  1.47447500e+00  1.48252500e+00  1.45767500e+00  1.43510000e+00
  1.40985000e+00  1.29930000e+00  1.22677500e+00  1.22677500e+00
  1.09972500e+00  9.39725000e-01  9.15900000e-01  8.35925000e-01
  7.60075000e-01  6.61400000e-01  5.46325000e-01  4.99125000e-01
  4.26125000e-01  3.08210000e-01  2.19042500e-01  1.67065000e-01
  4.20025000e-02 -2.14600000e-02 -8.76575000e-02 -1.53735000e-01
 -2.33235000e-01 -3.78085250e-01 -4.14296000e-01 -4.82970500e-01
 -5.47717500e-01 -5.92157500e-01 -6.59545000e-01 -7.69985000e-01
 -7.99262500e-01 -9.01300000e-01 -9.38475000e-01 -9.72692500e-01
 -1.02729500e+00 -1.05256000e+00 -1.07818000e+00 -1.09525000e+00
 -1.10854000e+00 -1.12385750e+00 -1.15431750e+00 -1.16853000e+00
 -1.17056000e+00 -1.17875000e+00 -1.18065000e+00 -1.17497500e+00
 -1.17405000e+00 -1.16027750e+00 -1.14353250e+00 -1.12026750e+00
 -1.08859750e+00 -1.06223750e+00 -1.04926000e+00 -1.05287000e+00
 -1.07406750e+00 -1.11183000e+00 -1.17312500e+00 -1.24230000e+00
 -1.31710000e+00]
[-0.07374266  0.034502   -0.13342064  0.074883    0.10230095  0.26904032
  0.14051     0.38634888  0.22212374  0.24306     0.28163     0.32978
  0.37897     0.42429     0.47355     0.52936     0.57687     0.60558
  0.63803     0.66116     0.67101     0.6889      0.69929     0.70063
  0.84539715  0.79213051  0.7163      0.71677     0.70218     0.69465
  0.73561451  0.66842     0.65887     0.65333     0.63941     0.62633
  0.61758     0.60982     0.60817     0.71392508  0.6191      0.62781
  0.63823     0.67071     0.72013     0.77096306  0.78355     0.8012
  0.79414     0.75883     0.70544     0.63551     0.5615      0.49587
  0.43757     0.38428     0.34736     0.32487     0.30496     0.28832
  0.2625      0.23237     0.22074     0.2092      0.1887      0.17279
  0.16687     0.15339     0.13648     0.12044     0.096603   -0.1390714
  0.03699     0.012614   -0.25043095 -0.020404   -0.012738   -0.10191348
  0.018397    0.01851001  0.03989129  0.11291     0.14287     0.17457
  0.19551009  0.19848     0.19562     0.18486     0.16038     0.12585
  0.097006    0.062375    0.036183   -0.17185488 -0.002954    0.0845684
 -0.052345   -0.076251   -0.10059    -0.12985    -0.14666    -0.12947799
 -0.29061688 -0.15779    -0.15839    -0.14713    -0.13375     0.05050529
 -0.10624    -0.093365   -0.080084   -0.065828   -0.048949   -0.16047176
 -0.016537    0.003098    0.036015    0.054709    0.070579    0.086146
  0.10289     0.12182     0.15867958  0.14421     0.15121     0.16371
 -0.00691028  0.18389     0.185       0.17461     0.15501     0.14226
  0.12401     0.10094     0.086684    0.21637298  0.031005    0.004443
 -0.015898   -0.032979   -0.051639   -0.072048   -0.087784   -0.097366
 -0.10876    -0.12453    -0.14326    -0.15227    -0.15463    -0.16061
 -0.16323    -0.16323    -0.22636013 -0.15489    -0.15328    -0.15987
 -0.16397    -0.08180175 -0.15647    -0.14528    -0.22845074 -0.12806
 -0.11572    -0.10422    -0.093096   -0.078806   -0.080084   -0.088019
 -0.097803   -0.17261584 -0.1053     -0.11643    -0.12806    -0.14282   ]
[-3.98006451e-01 -1.99620000e-01 -1.97816250e-01 -1.96146250e-01
 -1.91698750e-01 -1.83167500e-01 -1.78915000e-01 -1.73637500e-01
 -1.10840115e-01 -1.45892500e-01 -1.21760000e-01 -9.47277500e-02
 -6.96870000e-02 -4.19491250e-02 -1.76010000e-02  2.74491358e-02
  2.79816250e-02 -1.13105845e-02 -3.66229202e-02  9.06406250e-02
  1.08729625e-01  1.26585500e-01  2.10858793e-01  1.61503625e-01
  1.75403750e-01  1.88900000e-01  3.34534381e-02  1.66347619e-01
  2.20516250e-01  2.29018750e-01  2.39358750e-01  2.75209001e-01
  2.98634428e-01  2.71717433e-01  3.17362614e-01  3.19336250e-01
  3.35610000e-01  3.52627500e-01  3.76397500e-01  3.97837500e-01
  4.90427993e-01  4.43158750e-01  4.67873750e-01  5.06412500e-01
  5.46085000e-01  6.18232445e-01  6.13587500e-01  6.56928750e-01
  6.88835000e-01  7.03618750e-01  7.11778750e-01  8.02512378e-01
  7.25643750e-01  6.77493759e-01  7.25810000e-01  7.40045123e-01
  6.93915000e-01  6.62808750e-01  7.78708616e-01  6.03487000e-01
  6.26059357e-01  4.62900486e-01  5.75153500e-01  7.92871032e-01
  6.24562250e-01  7.12599762e-01  6.43432875e-01  6.17580625e-01
  5.77323625e-01  5.63012778e-01  5.36469642e-01  4.17051000e-01
  3.93890625e-01  3.97404750e-01  4.34265000e-01  5.05441250e-01
  5.98252500e-01  7.05011000e-01  9.07103527e-01  9.70667703e-01
  9.44314000e-01  9.85847375e-01  1.02157813e+00  1.05813413e+00
  1.09391662e+00  1.12728812e+00  1.15866050e+00  1.18101850e+00
  1.18579875e+00  1.17214861e+00  1.15905400e+00  1.14661443e+00
  1.07699700e+00  9.32742483e-01  9.74150375e-01  9.10959125e-01
  8.41695500e-01  7.59278375e-01  6.69949000e-01  5.89663000e-01
  5.18956125e-01  4.55368125e-01  4.01536849e-01  3.80636521e-01
  2.63670529e-01  2.93477000e-01  2.67972250e-01  3.01160654e-01
  2.25080000e-01  1.97496322e-01  1.89651250e-01  1.64545409e-01
  1.88656750e-01  1.99984875e-01  2.13608250e-01  2.31622500e-01
  6.04136688e-01  2.03361599e-01  1.65096375e-01  2.59100781e-01
  3.62971340e-01  3.62071250e-01  3.84905000e-01  4.12078750e-01
  4.35431250e-01  4.55292500e-01  6.16164353e-01  4.84088750e-01
  4.93031990e-01  4.90443750e-01  6.88360960e-01  4.54566250e-01
  4.23200000e-01  3.85197500e-01  3.03154442e-01  2.97043750e-01
  2.54268750e-01  2.83521733e-01  1.97790250e-01  1.75907500e-01
  1.53419125e-01  1.27242000e-01  1.09836310e-01 -1.68755019e-02
  2.87476072e-02  2.42059232e-02  8.89625000e-04 -1.42552500e-02
 -2.20586250e-02 -2.54878750e-02 -3.25690000e-02 -4.61752500e-02
 -6.32945000e-02 -8.15897500e-02 -1.00246250e-01 -1.14722375e-01
 -1.21072375e-01 -1.27998250e-01 -1.28194707e-01 -1.31521875e-01
 -1.27381875e-01 -1.18311500e-01 -1.11018250e-01 -1.05531500e-01
 -1.00963250e-01 -9.95081250e-02 -1.00075125e-01 -1.07273250e-01
 -1.19427125e-01 -1.29367875e-01 -1.41292375e-01 -1.60653500e-01
 -1.11467269e-01 -2.06179625e-01 -2.30051250e-01 -3.31436760e-01
 -2.61623750e-01 -2.65822500e-01 -2.60441250e-01 -3.42955917e-01
 -2.30425875e-01 -2.14026875e-01 -2.08289500e-01  4.99387653e-02
 -2.04059886e-01 -1.82774375e-01 -3.06789606e-01 -1.69015125e-01
 -1.62548000e-01 -1.62707750e-01 -1.68464125e-01 -1.62718750e-01
 -1.48422000e-01 -1.34774625e-01 -1.78886448e-01  4.42477167e-02
 -7.70500000e-02 -6.51111250e-02 -4.34713750e-02 -9.88650000e-03
  3.17117500e-02  8.02881250e-02  9.96068750e-02  8.49543750e-02
  7.45856250e-02  8.91962500e-02  3.74619907e-02  1.12074375e-01
  9.38672109e-02  1.60415000e-01  1.08661283e-01  1.57520000e-01
  1.55320000e-01  1.29379375e-01  1.23016875e-01  1.00158125e-01
  3.75112500e-02  4.68827451e-03  4.23578301e-02 -1.19920705e-01
 -4.89024767e-02  1.53057783e-01 -2.34210000e-02 -9.03462500e-02
 -1.25271375e-01 -1.41448625e-01 -1.74607125e-01 -1.70853125e-01
 -1.47603250e-01 -1.17671375e-01 -6.83635000e-02 -9.39587500e-03
  2.74356250e-02  8.77869674e-02  1.26052500e-01  1.32620264e-01
  2.00976250e-01  2.43145000e-01  2.79670000e-01  3.34810000e-01
  4.13753750e-01  5.68883752e-01  5.44007500e-01  4.72773750e-01
  4.66977500e-01  4.94830000e-01  4.94767500e-01  4.48126250e-01
  3.58236250e-01  1.71951079e-01 -1.20951250e-02 -2.73146375e-01
 -3.78048625e-01 -4.56245500e-01 -4.78870250e-01 -4.88988875e-01
 -4.89309500e-01 -4.65081125e-01 -4.34666000e-01 -3.98359125e-01
 -3.16307027e-01 -3.30525000e-01 -2.43746043e-01 -2.15765000e-01
 -8.73595026e-02 -1.02878750e-01 -2.58995000e-02  7.26477500e-02
  1.65295625e-01  2.26688750e-01  3.36348750e-01  4.44020000e-01
  5.55407500e-01  6.37596250e-01  6.85867500e-01  7.58333750e-01
  7.83067500e-01  8.24540000e-01  8.92030000e-01  9.25897500e-01
  9.70527500e-01  1.04528138e+00  1.05234375e+00  1.05578125e+00
  1.12316250e+00  1.12457733e+00  1.03671250e+00  1.07727500e+00
  1.06352100e+00  1.07385000e+00  1.16836721e+00  1.02941250e+00
  1.01040625e+00  9.31868955e-01  9.19067500e-01]
[-1.6703e+00 -1.5591e+00 -1.4186e+00 -1.3556e+00 -1.2629e+00 -1.1693e+00
 -1.0755e+00 -9.8129e-01 -8.7216e-01 -7.9824e-01 -6.8648e-01 -6.1407e-01
 -5.3279e-01 -4.4956e-01 -3.8028e-01 -3.0016e-01 -2.1385e-01 -1.1959e-01
 -1.7465e-02  8.8831e-02  1.8832e-01  3.0575e-01  4.6116e-01  6.3003e-01
  7.8546e-01  9.4247e-01  1.1365e+00  1.3661e+00  1.7576e+00  2.0185e+00
  2.3500e+00  2.5840e+00  2.6807e+00  2.6235e+00  2.4581e+00  2.1587e+00
  1.8248e+00  1.4679e+00  1.2361e+00  9.2914e-01  7.1037e-01  5.6763e-01
  4.2596e-01  3.6207e-01  3.3139e-01  2.9874e-01  2.9303e-01  2.8468e-01
  2.7209e-01  2.7846e-01  2.9098e-01  2.9533e-01  2.9146e-01  3.0064e-01
  3.0674e-01  3.0752e-01  3.1961e-01  3.3089e-01  3.2861e-01  3.2699e-01
  3.3064e-01  3.3299e-01  3.3501e-01  3.3865e-01  3.4487e-01  3.5239e-01
  3.6194e-01  3.6564e-01  3.6642e-01  3.7328e-01  3.7993e-01  3.8235e-01
  3.8428e-01  3.8352e-01  3.8549e-01  3.8390e-01  3.8208e-01  3.7745e-01
  3.7924e-01  3.8830e-01  3.9389e-01  3.9465e-01  3.9561e-01  4.0233e-01
  4.0537e-01  4.0302e-01  3.9798e-01  3.9141e-01  3.9376e-01  3.9234e-01
  3.8939e-01  3.8820e-01  3.9260e-01  3.9090e-01  3.8509e-01  3.8794e-01
  3.9083e-01  3.9214e-01  3.9025e-01  3.8830e-01  3.8453e-01  3.7714e-01
  3.7143e-01  3.7125e-01  3.7259e-01  3.6807e-01  3.6432e-01  3.6091e-01
  3.5550e-01  3.5600e-01  3.5046e-01 -4.2802e-01 -4.4441e-01 -4.7503e-01
 -4.8268e-01 -4.8460e-01 -4.6199e-01 -4.4895e-01 -4.6594e-01 -4.6953e-01
 -4.6079e-01 -4.4321e-01 -4.5087e-01 -4.6199e-01 -4.3867e-01 -3.8256e-01
 -3.6594e-01 -3.4118e-01 -2.9405e-01 -2.9381e-01 -2.8149e-01 -2.3448e-01
 -1.9321e-01 -1.8603e-01 -1.6402e-01 -1.0457e-01 -6.8566e-02 -6.9165e-02
 -3.6748e-02  2.4736e-02  6.8516e-02  1.0057e-01  1.1959e-01  1.4292e-01
  1.5536e-01  1.6361e-01  2.1804e-01  2.5261e-01  2.4447e-01  2.6660e-01
  3.3718e-01  3.8311e-01  4.0704e-01  4.2964e-01  4.4101e-01  4.9472e-01
  5.4065e-01  5.6852e-01  6.0967e-01  6.3120e-01  6.6673e-01  6.8969e-01
  6.8072e-01  6.6732e-01  6.5728e-01  6.6206e-01  6.5130e-01  6.0345e-01
  5.6397e-01  5.1828e-01  4.6852e-01  4.4137e-01  4.0632e-01  3.9196e-01
  3.7486e-01  3.6589e-01  3.4400e-01  3.2019e-01  3.3694e-01  3.2294e-01
  2.5141e-01  1.7845e-01  1.3263e-01  8.0239e-02  3.8611e-02  3.0597e-02
  6.9951e-02  1.3036e-01  2.2868e-01  3.3718e-01  3.8646e-01  4.2259e-01
  4.6050e-01  4.8192e-01  5.6457e-01  6.4926e-01  6.7606e-01  7.1960e-01
  7.6876e-01  8.0393e-01  8.2965e-01  8.7068e-01  8.8383e-01  8.6529e-01
  8.4747e-01  8.6697e-01  8.9998e-01  8.5465e-01  7.8814e-01  7.0823e-01
  5.8467e-01  4.8778e-01  4.3216e-01  3.7414e-01  2.9208e-01  2.4974e-01
  2.5751e-01  2.6038e-01  2.5524e-01  2.2845e-01  1.7534e-01  1.4651e-01
  1.3885e-01  1.1684e-01  1.1325e-01  1.3778e-01  1.6445e-01  1.7701e-01
  1.8096e-01  1.8849e-01  1.9412e-01  2.1612e-01  2.1660e-01  1.9615e-01
  2.1517e-01  2.4615e-01  2.4543e-01  2.4316e-01  2.7055e-01  2.7797e-01
  2.7318e-01  2.7581e-01  2.4746e-01  2.1385e-01  1.7270e-01  1.0368e-01
  5.3564e-02 -1.4610e-03 -3.7346e-02 -4.0456e-02 -4.3686e-02 -5.2059e-02
 -7.7777e-02 -9.6796e-02 -1.2048e-01 -1.6617e-01 -2.0098e-01 -2.2072e-01
 -2.2551e-01 -2.4130e-01 -2.5505e-01 -2.3854e-01 -2.5816e-01 -3.0362e-01
 -3.2754e-01 -3.3244e-01 -3.3005e-01 -3.2945e-01 -3.4453e-01 -3.7610e-01
 -3.8197e-01 -3.6570e-01 -3.6522e-01 -3.5433e-01 -3.2395e-01 -2.8149e-01
 -2.6976e-01 -2.8173e-01 -2.9417e-01 -3.0756e-01 -3.0924e-01 -3.2850e-01
 -3.5529e-01 -3.7072e-01 -3.7886e-01 -3.9704e-01 -4.2060e-01 -4.3855e-01
 -4.4381e-01 -4.5912e-01 -4.5565e-01 -4.1678e-01 -3.9584e-01 -3.8304e-01
 -3.9285e-01 -4.0063e-01 -3.9955e-01 -3.9596e-01 -3.9022e-01 -3.8544e-01
 -3.8065e-01 -3.7276e-01 -3.6893e-01 -3.5278e-01 -3.3436e-01 -3.2443e-01
 -3.1797e-01 -3.2766e-01 -3.2670e-01 -3.0206e-01 -2.5122e-01 -1.8017e-01
 -1.4094e-01 -1.1330e-01 -1.1378e-01 -1.4381e-01 -1.4189e-01 -1.2144e-01
 -1.0361e-01 -6.8925e-02 -2.8375e-02  1.3013e-02  4.2679e-02  3.3588e-02
  6.3150e-03 -1.2226e-02]
[0.85729 0.9245  0.91757 0.93788 1.0314  1.0103  0.86303 0.89619 0.86719
 0.88974 0.89931 0.82618 0.8185  0.73879 0.67658 0.59158 0.35166 0.45294
 0.45952 0.40644 0.38868 0.29058 0.25772 0.28645 0.22663]
[ 1.04770000e+00  1.09400000e+00  1.13660000e+00  1.17870000e+00
  1.21500000e+00  1.25552224e+00  1.28070000e+00  1.30610000e+00
  1.30840000e+00  1.29400000e+00  1.26397997e+00  1.22440000e+00
  1.17480000e+00  1.12180000e+00  1.05850000e+00  9.86750000e-01
  9.11210000e-01  8.18040000e-01  7.22860000e-01  6.31630989e-01
  5.59740000e-01  4.93217908e-01  4.40510000e-01  3.86309874e-01
  3.51920000e-01  3.34440409e-01  2.88110000e-01  2.62880000e-01
  2.40370000e-01  2.18280000e-01  2.01430000e-01  1.91810000e-01
  1.92490000e-01  2.02550000e-01  2.18860000e-01  2.34058285e-01
  2.58530000e-01  2.72890000e-01  2.94280000e-01  3.24500000e-01
  3.48970000e-01  3.70050000e-01  3.98410000e-01  4.26200000e-01
  4.50650000e-01  4.75980000e-01  4.98630000e-01  5.11830000e-01
  5.20870000e-01  5.22420000e-01  5.06380000e-01  4.84000000e-01
  4.53300000e-01  4.21582636e-01  3.69420000e-01  3.24620000e-01
  2.82420000e-01  2.46840000e-01  2.23840000e-01  1.94035363e-01
  1.70760000e-01  1.44255115e-01  1.22850000e-01  1.01070000e-01
  7.34120000e-02  4.32230000e-02  1.67780000e-02  3.22000000e-04
 -2.10800000e-03  1.22200000e-03 -9.64300000e-03 -3.06440000e-02
 -4.61520000e-02 -6.46730000e-02 -8.27090000e-02 -9.34520000e-02
 -1.03340000e-01 -1.15230000e-01 -1.18050000e-01 -1.18948150e-01
 -1.06380000e-01 -9.84590000e-02 -8.63300000e-02 -8.12845107e-02
 -6.14160000e-02 -5.28850000e-02 -5.78190000e-02 -7.49550000e-02
 -9.31360000e-02 -1.05680000e-01 -1.20550000e-01 -1.40340000e-01
 -1.61270000e-01 -1.88220000e-01 -2.15520000e-01 -2.21038172e-01
 -2.40650000e-01 -2.50930000e-01 -2.43980000e-01 -2.27820000e-01
 -2.01930000e-01 -1.83600000e-01 -1.82900000e-01 -1.72910000e-01
 -1.61630000e-01 -1.53250000e-01 -1.42750000e-01 -1.41260000e-01
 -1.35110000e-01 -1.35020000e-01 -1.38910000e-01 -1.30690000e-01
 -1.15350000e-01 -9.81670000e-02 -9.18960000e-02 -6.64960000e-02
 -4.30361939e-02 -2.72900000e-02 -3.34000000e-04  3.62230000e-02
  8.11170000e-02  1.40324564e-01  1.53530000e-01  1.34570000e-01
  1.27740000e-01  1.45870000e-01  1.70028471e-01  1.70780000e-01
  1.97540000e-01  2.40032072e-01  2.35290000e-01  2.31140000e-01
  2.29663920e-01  1.96600000e-01  1.94870000e-01  1.78590000e-01
  1.09310000e-01  6.69220000e-02  3.22329135e-02  1.22810000e-02
  1.26700000e-02  1.47850000e-02  1.15145743e-02 -6.38950000e-02
 -9.58580000e-02 -1.06380000e-01 -1.49620000e-01 -1.45030000e-01
 -1.18440000e-01 -8.03461240e-02 -3.85875257e-02  3.06320000e-02
  6.23520000e-02  1.08885720e-01  1.71390000e-01  2.06100000e-01
  2.50800000e-01  3.01840000e-01  3.26320000e-01  3.81420000e-01
  4.73298921e-01  5.70550000e-01  6.16270000e-01  5.20970000e-01
  5.12340000e-01  5.43210000e-01  5.39710000e-01  4.81690000e-01
  3.87010000e-01  2.22580000e-01  1.15290151e-02 -2.87760000e-01
 -4.02650000e-01 -4.85220000e-01 -5.06390000e-01 -5.16210000e-01
 -5.16120000e-01 -4.80650000e-01 -4.38580000e-01 -4.11579213e-01
 -3.94340000e-01 -3.47650000e-01 -2.77010000e-01 -2.22351819e-01
 -1.62430000e-01 -1.00500000e-01 -2.12130000e-02  1.02070653e-01
  2.03770000e-01  2.40880000e-01  3.52130000e-01  4.65470000e-01
  5.80130000e-01  6.73710000e-01  7.08370000e-01  7.94660000e-01
  8.20498843e-01  8.45087412e-01  9.24670000e-01  9.48740000e-01
  9.98710000e-01  1.08140000e+00  1.08500000e+00  1.04654390e+00
  1.12240000e+00  1.13800000e+00  1.01910000e+00  1.08550000e+00
  1.08340000e+00  1.10690000e+00  1.14446843e+00  1.06820000e+00
  1.06326536e+00  1.00750000e+00  9.82570000e-01  9.87920000e-01
  6.62840000e-01  6.95220000e-01  6.77140000e-01  6.05160000e-01
  5.99840000e-01  5.09660000e-01  4.43280000e-01  4.71940000e-01
  4.43310000e-01  3.47470000e-01  3.47150000e-01  3.51450000e-01
  3.45210000e-01  3.55460000e-01  3.71600000e-01  3.91835540e-01
  4.17672608e-01  4.65060000e-01]
[ 0.7279      0.64233     0.56232     0.48847     0.42482     0.38107
  0.34845     0.32002     0.29613     0.26387     0.30694456  0.20407
  0.1598361   0.18632395  0.18664     0.19674     0.2066      0.22095
  0.24264     0.26531     0.29034     0.30716     0.31946     0.33972
  0.36181     0.37904     0.3969      0.41854     0.43832     0.44327
  0.43296758  0.43543     0.37606691  0.37552     0.33645     0.29202
  0.25559445  0.20452     0.17394     0.15133    -0.02064183  0.097906
  0.070636    0.044817   -0.08673787  0.006177   -0.021216   -0.046229
 -0.057109   -0.066503   -0.071068   -0.073255   -0.02508632 -0.11008
 -0.12858    -0.14812    -0.16978    -0.18475    -0.18954    -0.18806
 -0.1852     -0.18143    -0.17539    -0.09107381 -0.16553    -0.16439
 -0.16371    -0.16168196 -0.17212    -0.17868    -0.18466    -0.19334
 -0.20941    -0.23217    -0.41717127 -0.27957    -0.30221    -0.31716
 -0.32563    -0.31977    -0.30796    -0.29296    -0.27629    -0.26075
 -0.24477    -0.39203853 -0.14400628 -0.22363    -0.21947    -0.37686129
 -0.21741    -0.21622    -0.13635669 -0.19871    -0.18774    -0.17789
 -0.15933    -0.14037    -0.12466    -0.10983    -0.089575   -0.040492
  0.010952    0.10286054 -0.005665   -0.030382   -0.0221887  -0.037064
 -0.02795    -0.005175    0.015185   -0.14990393  0.035336   -0.12189343
  0.018247    0.13448585 -0.013414   -0.056445   -0.07859    -0.086601
 -0.078205   -0.062724   -0.05697    -0.065348   -0.12138    -0.15883
 -0.17828    -0.19983    -0.1972     -0.1136149  -0.12986    -0.084117
 -0.038673    0.006614    0.063691    0.11047     0.14344     0.18024
  0.21794     0.26721     0.33206     0.41703     0.5025      0.542
  0.51899     0.52265     0.72444703  0.55036     0.5208      0.4238
  0.21962    -0.018977   -0.29453    -0.4111     -0.50627    -0.54794
 -0.56634    -0.57535    -0.57115    -0.55338    -0.53015    -0.5059
 -0.47033    -0.43478    -0.39667    -0.34652    -0.29436    -0.1682725
 -0.10536973 -0.09463    -0.024644    0.31032124  0.07483693  0.23886
  0.31239     0.36975     0.35536914  0.47185     0.52627     0.58532
  0.63567     0.68604     0.74155     0.77424     0.81311     0.86422
  0.88612     0.64566901  0.8791      0.88472     0.89408     0.77233855
  0.85432     0.83824     0.79831     0.76542     0.72517     0.58403
  0.72478209  0.57418     0.47737516  0.51448     0.45726     0.35050032
  0.41495     0.385       0.34654     0.34629     0.34706     0.35457
  0.3726      0.39268     0.42392     0.45936534  0.56956432  0.5593
  0.62192     0.70254     0.75902334  0.89229     1.017       1.1456
  1.2938      1.5642794   1.54614526  1.751       1.8606      1.957
  1.86575212  2.119       2.1228      2.1612      2.1832      2.28749729
  2.199       2.2079      2.1635      2.1696824   2.132       2.1178
  2.0959      2.0652      1.9519      1.8816      1.8883      1.63790143
  1.542       1.55635439  1.4319      1.43771454  1.2129      1.0807
  1.0125      0.91944     0.78493     0.67717     0.61349     0.4668
  0.38514     0.29746     0.21066     0.11953    -0.038515   -0.089208
 -0.16586    -0.23838    -0.26851115 -0.37073483 -0.48691    -0.52133
 -0.62099    -0.66804    -0.72558452 -0.74696    -0.77336    -0.79272
 -0.80385    -0.80511    -0.79668    -0.76047    -0.70929    -0.63258
 -0.51037    -0.46266605 -0.22446    -0.070841    0.18852498  0.37614
  0.86243     1.1361      1.5001      1.7287      1.7793      1.6617
  1.401       0.97409     0.5231      0.046147   -0.29252    -0.72036
 -1.0322     -1.2495     -1.4489     -1.5674     -1.6448     -1.7159
 -1.7633     -1.7853     -1.8088     -1.8331     -1.8494     -1.8618
 -1.8678     -1.877      -1.90993576 -1.8883     -1.9007     -1.9044
 -1.8962     -1.9045     -1.9168     -1.9271     -1.9286     -1.9238
 -1.9275     -1.939      -1.9424     -1.9359     -1.9334     -1.9382
 -1.9428     -1.9462     -1.9506     -1.9574     -2.1042643  -1.9531
 -2.0723362  -1.9611     -1.9599     -1.9653    ]
[-1.5017e-01 -1.5585e-01 -1.6458e-01 -1.7658e-01 -1.8272e-01 -1.9573e-01
 -2.1701e-01 -2.3523e-01 -2.5227e-01 -2.7020e-01 -2.8571e-01 -2.9134e-01
 -2.8986e-01 -2.8371e-01 -2.6761e-01 -2.5269e-01 -2.4705e-01 -2.2531e-01
 -2.0946e-01 -2.0366e-01 -1.9497e-01 -1.8861e-01 -1.8403e-01 -1.9548e-01
 -1.9416e-01 -1.8492e-01 -1.7886e-01 -1.6649e-01 -1.5208e-01 -1.2966e-01
 -1.1436e-01 -1.0673e-01 -8.1387e-02 -5.4560e-02 -1.2010e-02  4.9612e-02
  7.2964e-02  6.3641e-02  5.3215e-02  5.6987e-02  7.0379e-02  7.9279e-02
  1.1013e-01  1.5184e-01  1.6341e-01  1.7726e-01  1.8227e-01  1.3387e-01
  1.2149e-01  1.0191e-01  5.4868e-02  2.7490e-02  2.1005e-02  1.8250e-02
  1.1003e-02  8.8000e-03 -5.3980e-03 -8.9016e-02 -1.2877e-01 -1.4801e-01
 -1.8433e-01 -1.7518e-01 -1.5314e-01 -1.3110e-01 -9.8976e-02 -5.6806e-02
 -3.9430e-02 -2.0080e-03  6.0250e-02  9.6613e-02  1.3815e-01  1.8023e-01
  2.0583e-01  2.6711e-01  3.4675e-01  4.4329e-01  4.8622e-01  4.1426e-01
  4.4566e-01  5.1691e-01  5.5819e-01  5.2615e-01  4.4308e-01  2.7440e-01
  5.2028e-02 -2.4235e-01 -3.6415e-01 -4.4069e-01 -4.5871e-01 -4.7973e-01
 -4.8113e-01 -4.5680e-01 -4.4235e-01 -4.2828e-01 -4.3090e-01 -3.9289e-01
 -3.4004e-01 -3.0863e-01 -2.8274e-01 -2.4722e-01 -1.8141e-01 -9.6560e-02
 -6.3460e-02 -5.4433e-02  8.3009e-02  1.9956e-01  2.8940e-01  3.5128e-01
  3.8591e-01  4.4210e-01  4.3782e-01  4.9741e-01  5.8188e-01  6.2451e-01
  6.8143e-01  7.5199e-01  7.7289e-01  8.2027e-01  9.1571e-01  9.2224e-01
  8.5095e-01  9.0897e-01  9.1749e-01  9.5237e-01  9.8339e-01  9.5691e-01
  9.6013e-01  9.3224e-01  9.0397e-01  8.5854e-01  6.9550e-01  7.6551e-01
  7.6009e-01  7.2292e-01  7.2601e-01  6.6138e-01  6.2498e-01  6.5138e-01
  6.2235e-01  5.5602e-01  5.7810e-01  5.9484e-01  5.9985e-01  6.0981e-01
  6.2443e-01  6.6706e-01  7.0232e-01  7.3301e-01  7.8039e-01  8.5405e-01
  9.2728e-01  1.0057e+00  1.0973e+00  1.2031e+00  1.3191e+00  1.4487e+00
  1.5891e+00  1.7485e+00  1.8960e+00  2.0025e+00  2.0884e+00  2.1977e+00
  2.2667e+00  2.2819e+00  2.3185e+00  2.3271e+00  2.3154e+00  2.3450e+00
  2.3664e+00  2.2987e+00  2.2223e+00  2.2411e+00  2.2321e+00  2.2037e+00
  2.1548e+00  2.0130e+00  1.9199e+00  1.9183e+00  1.7413e+00  1.5262e+00
  1.5207e+00  1.4348e+00  1.3302e+00  1.1926e+00  1.0466e+00  9.8276e-01
  8.8143e-01  7.1135e-01  6.0281e-01  5.3983e-01  3.6277e-01  3.0551e-01
  2.2549e-01  1.2569e-01  4.3920e-03]
[ 3.6665e-01  3.0583e-01  2.7805e-01  2.8873e-01  3.3009e-01  4.0617e-01
  5.0970e-01  6.1964e-01  7.1879e-01  8.0627e-01  8.7207e-01  9.3286e-01
  9.8456e-01  1.0353e+00  1.0849e+00  1.1358e+00  1.1765e+00  1.2037e+00
  1.2164e+00  1.2133e+00  1.2145e+00  1.1882e+00  1.1424e+00  1.0987e+00
  1.0466e+00  9.9128e-01  9.0548e-01  8.0912e-01  7.2662e-01  6.5294e-01
  5.9216e-01  5.3130e-01  4.8833e-01  4.4723e-01  4.0719e-01  3.8390e-01
  3.5923e-01  3.3568e-01  3.2001e-01  3.0891e-01  3.0606e-01  3.1138e-01
  3.1228e-01  3.1708e-01  3.3767e-01  3.5900e-01  3.7944e-01  4.0276e-01
  4.2706e-01  4.5147e-01  4.7247e-01  4.9902e-01  5.2744e-01  5.4454e-01
  5.6224e-01  5.8353e-01  5.9445e-01  6.0652e-01  6.1391e-01  6.0015e-01
  5.7757e-01  5.4892e-01  5.0760e-01  4.6189e-01  4.1499e-01  3.6688e-01
  3.2514e-01  2.8723e-01  2.5757e-01  2.3013e-01  2.0140e-01  1.7680e-01
  1.4876e-01  1.2041e-01  1.0114e-01  8.2088e-02  5.5277e-02  4.0091e-02
  3.8404e-02  3.5367e-02  2.1043e-02  1.3190e-03 -7.6800e-03 -2.0279e-02
 -3.5390e-02 -5.7176e-02 -7.3712e-02 -7.7199e-02 -7.8399e-02 -7.2812e-02
 -6.2350e-02 -5.2114e-02 -4.5589e-02 -3.0328e-02 -8.4300e-03  3.0440e-03
 -8.3170e-03 -3.1828e-02 -6.5050e-02 -8.8523e-02 -9.7035e-02 -1.2175e-01
 -1.4597e-01 -1.6427e-01 -1.8901e-01 -2.1530e-01 -2.2737e-01 -2.2464e-01
 -2.1894e-01 -1.9726e-01 -1.6745e-01 -1.4848e-01 -1.5958e-01 -1.4964e-01
 -1.3296e-01 -1.3262e-01 -1.3011e-01 -1.3397e-01 -1.2651e-01 -1.1717e-01
 -1.1402e-01 -1.1177e-01 -9.6548e-02 -7.6449e-02 -9.5423e-02 -6.4375e-02
 -5.9930e-03  3.0440e-03  3.5517e-02  8.2575e-02  1.0024e-01  1.5888e-01
  1.8907e-01  1.7804e-01  1.8127e-01  2.0868e-01  2.1539e-01  2.0005e-01
  2.4580e-01  3.0947e-01  3.1206e-01  2.7358e-01  2.5829e-01  1.9405e-01
  2.1858e-01  2.2300e-01  1.3477e-01  9.3337e-02  5.5540e-02  7.0190e-03
 -3.5550e-03  9.3810e-03  2.3930e-02 -8.3311e-02 -1.2295e-01 -1.2385e-01
 -1.8013e-01 -1.5504e-01 -1.1927e-01 -1.0382e-01 -4.0040e-02  6.3939e-02
  7.9875e-02  1.0249e-01  1.8475e-01  2.1899e-01  2.6252e-01  3.2331e-01
  3.4685e-01  4.1086e-01  5.0464e-01  6.1289e-01  6.7705e-01  5.1424e-01
  4.7442e-01  5.2478e-01  5.4394e-01  4.7558e-01  4.1645e-01  3.0748e-01
  1.0597e-01 -2.4800e-01 -3.5891e-01 -4.4287e-01 -4.4703e-01 -4.4276e-01
 -4.4898e-01 -4.0084e-01 -3.3420e-01 -2.7338e-01 -3.1095e-01 -2.5677e-01
 -1.3056e-01 -7.6749e-02 -5.5151e-02  7.0560e-03  1.1745e-01  3.0276e-01
  4.3812e-01  3.3185e-01  4.7828e-01  6.0003e-01  7.2831e-01  8.3956e-01
  8.3926e-01  9.6630e-01  9.5397e-01  9.6919e-01  1.0826e+00  1.0965e+00
  1.1236e+00  1.1934e+00  1.1039e+00  8.8673e-01  9.4748e-01  9.7433e-01
  8.0267e-01  9.7178e-01  1.0691e+00  1.1568e+00  1.2487e+00  1.1691e+00
  1.1502e+00  1.0649e+00  1.0165e+00  1.0226e+00  5.5646e-01  6.4139e-01
  6.5047e-01  5.6936e-01  5.8038e-01  4.4986e-01  3.4723e-01  4.0606e-01
  3.6133e-01  2.0766e-01  2.2473e-01  2.3380e-01  2.2701e-01  2.3841e-01
  2.5622e-01  2.9451e-01  3.3163e-01  3.8206e-01  4.3025e-01  5.0532e-01
  6.1031e-01  7.2928e-01  8.4485e-01  9.7013e-01  1.1199e+00  1.2836e+00
  1.4358e+00  1.6072e+00  1.8151e+00  1.9367e+00  1.8823e+00  1.9909e+00
  2.0963e+00  2.0088e+00  2.0350e+00  2.0329e+00  1.9481e+00  1.9735e+00
  2.0293e+00  1.9450e+00  1.7503e+00  1.7865e+00  1.7792e+00  1.7696e+00
  1.8111e+00  1.6274e+00  1.4691e+00  1.6033e+00  1.4929e+00  1.0586e+00
  1.0947e+00  1.0405e+00  9.7084e-01  8.4301e-01  6.5628e-01  6.3802e-01
  5.9223e-01  3.9031e-01  2.8052e-01  2.7130e-01  7.0164e-02  1.5981e-02
 -3.5503e-02 -7.4537e-02 -1.3412e-01 -4.3274e-01 -4.0803e-01 -4.6867e-01
 -5.4535e-01 -5.1805e-01 -5.6601e-01 -7.5961e-01 -7.3497e-01 -9.3862e-01
 -9.5500e-01 -9.3592e-01 -1.0309e+00 -1.0409e+00 -1.0540e+00 -1.0315e+00
 -9.9494e-01 -9.8680e-01 -1.0341e+00 -1.0039e+00 -9.1548e-01 -8.4386e-01
 -7.4464e-01 -5.9147e-01 -4.1925e-01 -1.8407e-01  5.0890e-02  3.5518e-01
  6.7030e-01  9.8805e-01  1.1902e+00  1.3051e+00  1.2821e+00  1.1304e+00
  7.4342e-01  2.8795e-01 -1.6978e-01 -4.4036e-01 -8.7086e-01 -1.1846e+00
 -1.3642e+00 -1.6029e+00 -1.7081e+00 -1.7461e+00 -1.8198e+00 -1.8289e+00
 -1.8716e+00 -1.9280e+00 -1.9356e+00 -1.9290e+00 -1.9322e+00 -1.9555e+00
 -1.9646e+00 -1.9838e+00 -1.9844e+00 -1.9566e+00 -1.9527e+00 -1.9827e+00
 -1.9847e+00 -1.9889e+00 -1.9870e+00 -2.0012e+00 -2.0133e+00 -2.0056e+00
 -1.9988e+00 -1.9945e+00 -2.0034e+00 -2.0132e+00 -2.0026e+00 -2.0047e+00
 -2.0093e+00 -2.0050e+00 -1.9960e+00 -2.0011e+00 -2.0086e+00 -1.9867e+00
 -2.0177e+00 -2.0359e+00 -2.0208e+00 -2.0170e+00 -2.0257e+00 -2.0343e+00
 -2.0094e+00 -2.0048e+00 -2.0284e+00 -2.0214e+00 -2.0254e+00 -2.0199e+00
 -2.0096e+00 -2.0029e+00 -2.0018e+00 -2.0091e+00]
