[-0.51967857 -0.46363529 -0.41232745 -0.36698552 -0.31188359 -0.25096223
 -0.21140387 -0.1421565  -0.08945281 -0.03646714  0.03884848  0.12615794
  0.18720139  0.2534479   0.27561808  0.25418214  0.2244325   0.18083182
  0.14556259  0.09446668  0.01344719  0.07595224 -0.0038694  -0.05296823
 -0.08853691 -0.10967918 -0.15790636 -0.19808862 -0.27169942 -0.32929258
 -0.38247819 -0.44216438 -0.48789192 -0.53642582 -0.60329935 -0.72026913
 -0.71532803 -0.7974796  -0.85308366 -0.86655272 -0.84417682 -0.79426052
 -0.76257579 -0.69958643 -0.60217957 -0.62205477 -0.5776863  -0.5812289
 -0.48310928 -0.43519877 -0.37964168 -0.3069611  -0.27571444 -0.22531448
 -0.17190988 -0.11512108 -0.02678679 -0.00287896  0.06175375  0.10748229
  0.16325485  0.24665185  0.23267681  0.26777338  0.29540223  0.31291122
  0.34973833  0.35656785  0.32789294  0.2868988   0.19953462  0.18114155
  0.15125039  0.08898627 -0.00969432 -0.01868445 -0.10928183 -0.17187344
 -0.26307252 -0.35959556 -0.3753653  -0.40679342 -0.41106576 -0.34793094
 -0.30401337 -0.24981051 -0.19624991 -0.136483   -0.08961607 -0.02857855
  0.04765625]
[ 0.25585092  0.27332914  0.29606151  0.29062834  0.25855309  0.18400225
  0.11420588  0.04968177 -0.02060907 -0.08293579 -0.16523511 -0.23683557
 -0.30290344 -0.36016292 -0.38781357 -0.40201287 -0.415493   -0.42901834
 -0.44604817 -0.46575324 -0.48066592 -0.49993322 -0.49425533 -0.43697358
 -0.38119488 -0.32004172 -0.25604399 -0.20337872 -0.1459484  -0.08183157
 -0.02837871  0.02553814  0.07149127  0.11170659  0.14699377  0.1772987
  0.21686807  0.25516458  0.29287555  0.32246237  0.356153    0.37302132
  0.41408999  0.44523157  0.47150011  0.49483901  0.52729156  0.53902211
  0.55878182  0.55240484  0.526525    0.49770086  0.47352468  0.44042127
  0.42089742  0.42149438  0.41204466  0.39843425  0.39321886  0.3835852
  0.3648126   0.36659628  0.36560204  0.36406632  0.35541114  0.33795496
  0.32595413  0.35769295  0.36612096  0.36361665  0.33625215  0.29409424
  0.20631937  0.1194079   0.04861434 -0.04018029 -0.14117146 -0.23324738
 -0.33850945 -0.44140434 -0.54166409 -0.62936619 -0.62866807 -0.62313938
 -0.61218399 -0.60399994 -0.56536706 -0.53323914 -0.49797272 -0.45047657
 -0.38775945 -0.33640987 -0.28118382 -0.22350278 -0.16700057 -0.106652
 -0.04586465  0.01732605  0.07918982  0.13959289  0.1935665   0.23805277
  0.2276018   0.19004701  0.16859283  0.09589506  0.05759361  0.0104324
 -0.03520418 -0.07945067 -0.12398384 -0.15026529 -0.20538595 -0.25138297
 -0.28613179 -0.32543781 -0.37157107 -0.41420912 -0.46014129 -0.51188765]
[ 0.17434431  0.18320072  0.18265109  0.19258093  0.20061438  0.20052807
  0.20284551  0.213789    0.20568809  0.18993989  0.16183278  0.1214707
  0.08518545  0.02962164 -0.038101   -0.07905631 -0.12235346 -0.1757372
 -0.21710494 -0.25251329 -0.27132336 -0.33232767 -0.35945288 -0.39768571
 -0.43306918 -0.46649042 -0.48925825 -0.53333461 -0.59253946 -0.60487588
 -0.64948598 -0.68601549 -0.7029522  -0.73110351 -0.68781641 -0.64032938
 -0.59939898 -0.54326466 -0.49949173 -0.47419551 -0.43874177 -0.39930685
 -0.35268867 -0.29826108 -0.24151697 -0.183802   -0.11834253 -0.06127314
 -0.00304048  0.03729893  0.09051391  0.16091187  0.20651168  0.27503148
  0.34135077  0.40520962  0.49396481  0.58553127  0.68901916  0.80307837
  0.87477257  0.94707043  0.99889894  1.0823813   1.15284136  1.19485283
  1.19893106  1.19038461  1.13932683  1.08867576  1.04091313  1.02875465
  0.97583214  0.93799486  0.89657413  0.83765058  0.79112072  0.77524584
  0.70187372  0.61094313  0.52460967  0.43571061  0.35872655  0.27421101
  0.19129686  0.14361764  0.03732876 -0.0355803  -0.06268493 -0.04490431
 -0.0358321  -0.0252661  -0.01201083 -0.00357582  0.01002987  0.03125467
  0.04565867  0.06791681  0.08900228  0.10445283  0.16353327  0.2158783
  0.23729466  0.23863211  0.18473342  0.10449978  0.09899251  0.06243796
  0.01683861 -0.02329161 -0.05761756 -0.09150104 -0.13107236 -0.1717806
 -0.17416041 -0.16373621 -0.201533   -0.25463394 -0.29979653 -0.34876795]
[-0.51266586 -0.45089908 -0.39594934 -0.34620769 -0.28525302 -0.21989138
 -0.17503767 -0.10059798 -0.04231532  0.02645172  0.0919923   0.18922135
  0.25027948  0.31062734  0.32761607  0.30391475  0.27029306  0.22753898
  0.18521747  0.12598072  0.07403478  0.03960346  0.00109084 -0.05485199
 -0.1003803  -0.1509169  -0.2067638  -0.26026394 -0.31758358 -0.37841254
 -0.43365686 -0.48942194 -0.54228649 -0.5899439  -0.65218552 -0.70867969
 -0.75533201 -0.82710452 -0.88960884 -0.89279389 -0.86262703 -0.81028566
 -0.77178397 -0.72833232 -0.65923161 -0.61836094 -0.57019118 -0.52723249
 -0.47038652 -0.41895733 -0.359742   -0.31052987 -0.25618803 -0.20523761
 -0.15423632 -0.10089552 -0.05004585  0.00289741  0.05904415  0.1265874
  0.15267253  0.20065496  0.21705727  0.2403509   0.2695872   0.29228492
  0.30385314  0.32702131  0.30240827  0.25456701]
[ 0.17434464  0.18320105  0.18192159  0.19258125  0.20061469  0.20052835
  0.20284577  0.21378925  0.20568833  0.18994011  0.16112549  0.12110563
  0.08518565  0.02962183 -0.03810082 -0.07905613 -0.12235328 -0.17535449
 -0.21710477 -0.25251314 -0.27132321 -0.33618441 -0.35945274 -0.39768557
 -0.43306904 -0.46649028 -0.48925811 -0.53333447 -0.59253934 -0.60487577
 -0.64948585 -0.68601536 -0.70529042 -0.73110336 -0.68686738 -0.64032921
 -0.5993988  -0.54157248 -0.49949155 -0.47419533 -0.43874158 -0.39930666
 -0.35268848 -0.29768786 -0.24151677 -0.18380182 -0.11834236 -0.06103655
 -0.00798804  0.03729907  0.09051403  0.16091197  0.20651174  0.27490668
  0.34135077  0.40520958  0.49396474  0.58553117  0.68809072  0.80307821
  0.87477239  0.94707022  0.99889872  1.08238106  1.1528411   1.19485256
  1.19893077  1.19038431  1.13725392  1.08867546  1.04091284  1.02875437
  0.97583187  0.9379946   0.89657389  0.83765036  0.79112055  0.7779327
  0.70187362  0.61094306  0.52460962  0.43571059  0.35872654  0.27421103
  0.19129689  0.14361769  0.03732881 -0.03558023 -0.06268487 -0.04490425
 -0.03583203 -0.02526602 -0.01201074 -0.00357572  0.01002997  0.03125478
  0.04565877  0.07128808  0.08900238  0.10445293  0.16353336  0.21587838
  0.23729473  0.23863216  0.18862413  0.10449983  0.09899255  0.05423007
  0.01683865 -0.02329157 -0.05761753 -0.09150102 -0.13107233 -0.17178057
 -0.17746353 -0.16373618 -0.20153297 -0.25463392 -0.29979652 -0.34876793]
[-0.51967854 -0.46363526 -0.41232743 -0.36698549 -0.31188357 -0.25096221
 -0.21140385 -0.14215648 -0.0894528  -0.03646712  0.03884849  0.12615796
  0.1872014   0.25344792  0.27561809  0.25418215  0.22443251  0.18083182
  0.14556259  0.09446669  0.0134472   0.07595224 -0.0038694  -0.05296823
 -0.08853691 -0.10967918 -0.15790636 -0.19808862 -0.27169942 -0.32929258
 -0.38247819 -0.44216439 -0.48789192 -0.53642583 -0.60329935 -0.72026912
 -0.71532803 -0.79747961 -0.85308367 -0.86655272 -0.84417682 -0.79426053
 -0.76257579 -0.69958643 -0.60217958 -0.62205477 -0.5776863  -0.5812289
 -0.48310928 -0.43519877 -0.37964169 -0.30696111 -0.27571445 -0.22531449
 -0.17190989 -0.11512109 -0.02678679 -0.00287897  0.06175374  0.10748228
  0.16325484  0.24665184  0.23267679  0.26777337  0.29540221  0.31291121
  0.34973832  0.35656784  0.32789292  0.28689879  0.19953461  0.18114154
  0.15125038  0.08898626 -0.00969433 -0.01868446 -0.10928184 -0.17187346
 -0.26307253 -0.35959557 -0.37536531 -0.40679344 -0.41106577 -0.34793095
 -0.30401338 -0.24981052 -0.19624993 -0.13648301 -0.08961608 -0.02857856
  0.04765624]
[-0.51967857 -0.46363529 -0.41232745 -0.36698552 -0.31188359 -0.25096223
 -0.21140387 -0.1421565  -0.08945281 -0.03646714  0.03884848  0.12615794
  0.18720139  0.2534479   0.27561808  0.25418214  0.2244325   0.18083182
  0.14556259  0.09446668  0.01344719  0.07595224 -0.0038694  -0.05296823
 -0.08853691 -0.10967918 -0.15790636 -0.19808862 -0.27169942 -0.32929258
 -0.38247819 -0.44216438 -0.48789192 -0.53642582 -0.60329935 -0.72026913
 -0.71532803 -0.7974796  -0.85308366 -0.86655272 -0.84417682 -0.79426052
 -0.76257579 -0.69958643 -0.60217957 -0.62205477 -0.5776863  -0.5812289
 -0.48310928 -0.43519877 -0.37964168 -0.3069611  -0.27571444 -0.22531448
 -0.17190988 -0.11512108 -0.02678679 -0.00287896  0.06175375  0.10748229
  0.16325485  0.24665185  0.23267681  0.26777338  0.29540223  0.31291122
  0.34973833  0.35656785  0.32789294  0.2868988   0.19953462  0.18114155
  0.15125039  0.08898627 -0.00969432 -0.01868445 -0.10928183 -0.17187344
 -0.26307252 -0.35959556 -0.3753653  -0.40679342 -0.41106576 -0.34793094
 -0.30401337 -0.24981051 -0.19624991 -0.136483   -0.08961607 -0.02857855
  0.04765625]
[-0.4546145  -0.51783703 -0.59038228 -0.64096229 -0.68956173 -0.72637575
 -0.77925718 -0.83209453 -0.88129488 -0.9231766  -0.9071401 ]
[-0.51967856 -0.46363527 -0.41232744 -0.3669855  -0.31188358 -0.25096222
 -0.21140386 -0.14215649 -0.0894528  -0.03646713  0.03884848  0.12615795
  0.18720139  0.25344791  0.27561809  0.25418214  0.22443251  0.18083182
  0.14556259  0.09446669  0.0134472   0.07595224 -0.0038694  -0.05296823
 -0.08853691 -0.10967918 -0.15790636 -0.19808862 -0.27169942 -0.32929258
 -0.38247819 -0.44216438 -0.48789192 -0.53642582 -0.60329935 -0.72026913
 -0.71532803 -0.79747961 -0.85308367 -0.86655272 -0.84417682 -0.79426053
 -0.76257579 -0.69958643 -0.60217957 -0.62205477 -0.5776863  -0.5812289
 -0.48310928 -0.43519877 -0.37964168 -0.3069611  -0.27571444 -0.22531448
 -0.17190988 -0.11512108 -0.02678679 -0.00287897  0.06175374  0.10748229
  0.16325484  0.24665184  0.2326768   0.26777337  0.29540222  0.31291121
  0.34973832  0.35656785  0.32789293  0.2868988   0.19953461  0.18114155
  0.15125038  0.08898626 -0.00969432 -0.01868445 -0.10928183 -0.17187345
 -0.26307253 -0.35959556 -0.3753653  -0.40679343 -0.41106576 -0.34793095
 -0.30401338 -0.24981051 -0.19624992 -0.136483   -0.08961607 -0.02857856
  0.04765625]
[ 0.17434448  0.18320089  0.182281    0.19258109  0.20061454  0.20052821
  0.20284564  0.21378912  0.20568821  0.18994001  0.16147396  0.12128549
  0.08518555  0.02962173 -0.03810091 -0.07905622 -0.12235337 -0.17554304
 -0.21710485 -0.25251321 -0.31450326 -0.33428427 -0.35945281 -0.39768564
 -0.41872292 -0.46649035 -0.48925818 -0.53333454 -0.5925394  -0.60487582
 -0.64948591 -0.68322004 -0.61983065 -0.73110343 -0.68733494 -0.6403293
 -0.59939889 -0.54240618 -0.49949164 -0.47419542 -0.43874167 -0.39930675
 -0.35268858 -0.29797028 -0.24151687 -0.18380191 -0.11834244 -0.00687766
 -0.00555047  0.037299    0.09051397  0.16091192  0.20651171  0.27496817
  0.34135077  0.4052096   0.49396477  0.58553122  0.68854814  0.80307828
  0.87477247  0.950688    0.99889883  1.08238118  1.15284123  1.19485269
  1.19893091  1.19038446  1.1382752   1.08867561  1.02123845  1.0287545
  0.975832    0.85519765  0.896574    0.83765047  0.79112063  0.77660894
  0.70187367  0.61094309  0.52460965  0.4357106   0.35872655  0.27421102
  0.19129687  0.14361767  0.1211412  -0.03558027 -0.0626849  -0.04490428
 -0.03583206 -0.02526606  0.01489165 -0.00357577  0.01002992 -0.08484073
  0.04565872  0.06962712  0.08900233  0.10445288  0.16353331  0.21587834
  0.18065181  0.23863214  0.18670725  0.1044998   0.09899253  0.02431475
  0.01683863 -0.02329159 -0.05761755 -0.09150103 -0.13107234 -0.17178059
 -0.17583615 -0.1637362  -0.20153299 -0.25463393 -0.35569344 -0.34876794]
[-0.5495615  -0.61034872 -0.68796788 -0.74574617 -0.79653013 -0.84144495
 -0.89925095 -0.95450442 -1.0045583  -1.0444477  -1.02845262]
[ 0.38393876  0.35183882  0.31970785  0.30473878  0.26285525  0.17911619
  0.10151101  0.02974623 -0.04787299 -0.11708279 -0.21658583 -0.2865201
 -0.35963985 -0.42411327 -0.45735077 -0.47613199 -0.49495964 -0.64134967
 -0.52606112 -0.56949119 -0.55550071 -0.5734667  -0.56605348 -0.63830867
 -0.44762663 -0.38241682 -0.31936742 -0.526527   -0.21264895 -0.1495146
 -0.09493164 -0.04028092  0.00617465  0.0553697   0.082147    0.03354971
  0.15610469  0.1951442   0.23330074  0.26146318  0.2901254   0.30972502
  0.3505911   0.38045455  0.4080399   0.430704    0.46321114  0.4761557
  0.49781484  0.4911779   0.46789083  0.43956736  0.41528081  0.38007855
  0.48891766  0.36265621  0.40247648  0.34257911  0.34204475  0.33471885
  0.32326023  0.33093601  0.33505614  0.33865114  0.33370302  0.31971643
  0.31144562  0.34611203  0.35516277  0.35081507  0.24764612  0.28684666
  0.19007709  0.10223617  0.0336853  -0.057987   -0.15896458 -0.13594789
 -0.35033722 -0.45274472 -0.55345346 -0.63969433 -0.63662299 -0.57606799
 -0.61834238 -0.60837801 -0.56777669 -0.53457899 -0.49098592 -0.43963024
 -0.27020136 -0.31372174 -0.25638616 -0.19921711 -0.13983732 -0.07548577
 -0.0107472   0.05507308  0.11729462  0.18607511  0.24326209  0.29050517
  0.2876439   0.25517074  0.23869699  0.16064129  0.12564094  0.08022896
  0.03376108 -0.03606521 -0.09208296 -0.08532454 -0.14107346 -0.18873503
 -0.35423591 -0.26510607 -0.31203749 -0.35605961 -0.40207269 -0.45356382]
[-0.5198005  -0.46369772 -0.4124086  -0.36710637 -0.31203499 -0.25115559
 -0.21164599 -0.14246622 -0.08981921 -0.03682995  0.03834162  0.12554254
  0.18655263  0.25267613  0.27482798  0.25346417  0.22379931  0.18030555
  0.14516588  0.09419103  0.01365741  0.07564178 -0.0037189  -0.05264923
 -0.08810949 -0.10908676 -0.15997985 -0.19740558 -0.27080995 -0.32831804
 -0.38195491 -0.44105354 -0.48672054 -0.53521205 -0.60198929 -0.71880017
 -0.71382677 -0.79585364 -0.85134029 -0.86454193 -0.84255424 -0.79074311
 -0.76118062 -0.69829249 -0.59867418 -0.62025064 -0.57671386 -0.57788475
 -0.48239279 -0.43460863 -0.37867869 -0.30643497 -0.27551012 -0.22523685
 -0.17194998 -0.11524653 -0.02701196 -0.00285018  0.06138178  0.10708124
  0.16290687  0.24554582  0.23235224  0.27031862  0.29518496  0.31271837
  0.34903949  0.35636291  0.32773457  0.28681739  0.19975267  0.18122764
  0.15138472  0.08924535 -0.0093311  -0.01680746 -0.10872583 -0.17121007
 -0.26234795 -0.35855892 -0.3745626  -0.40597869 -0.41034568 -0.34740439
 -0.30367917 -0.24969016 -0.19637453 -0.13679578 -0.09141152 -0.0291676
  0.04688896]
[-0.51218586 -0.45004554 -0.39484953 -0.34481018 -0.28346184 -0.21779925
 -0.17258667 -0.09779313 -0.03913223  0.03069138  0.09559189  0.19349418
  0.25455779  0.31452593  0.33117086  0.30731103  0.27342143  0.23071382
  0.1879064   0.12811314  0.07806817  0.0371958   0.00140637 -0.05500979
 -0.10121627 -0.15373037 -0.20979429 -0.26449119 -0.3207396  -0.3817923
 -0.43712526 -0.49269115 -0.54603991 -0.59364366 -0.65558831 -0.70804546
 -0.75816213 -0.82925595 -0.89223408 -0.89476184 -0.86403288 -0.81173586
 -0.77255003 -0.73038918 -0.66343656 -0.6183093  -0.56979515 -0.52397714
 -0.46961318 -0.41793616 -0.35851618 -0.31083011 -0.25490405 -0.20390323
 -0.15304892 -0.09992875 -0.05156837  0.00328404  0.05890864  0.12791011
  0.1520085   0.19771066  0.21605436  0.23824477  0.26789178  0.29093265
  0.30087083  0.32507563  0.30072939  0.25242101]
[ 0.25585093  0.27332915  0.29606152  0.29062834  0.2585531   0.18400225
  0.11420588  0.04968177 -0.02060908 -0.08293579 -0.16523511 -0.23683557
 -0.30290344 -0.36016293 -0.38781357 -0.40201288 -0.41549301 -0.42901835
 -0.44604818 -0.46575324 -0.48066593 -0.49993322 -0.49425533 -0.43697358
 -0.38119488 -0.32004172 -0.256044   -0.20337872 -0.1459484  -0.08183157
 -0.0283787   0.02553815  0.07149127  0.11170659  0.14699377  0.17729871
  0.21686808  0.25516459  0.29287556  0.32246238  0.35615301  0.37302133
  0.41409001  0.44523158  0.47150013  0.49483902  0.52729158  0.53902212
  0.55878183  0.55240485  0.52652501  0.49770087  0.4735247   0.44042128
  0.42089743  0.42149439  0.41204467  0.39843426  0.39321887  0.38358521
  0.3648126   0.36659628  0.36560205  0.36406632  0.35541114  0.33795496
  0.32595413  0.35769294  0.36612095  0.36361664  0.33625215  0.29409424
  0.20631937  0.1194079   0.04861433 -0.0401803  -0.14117146 -0.23324739
 -0.33850946 -0.44140435 -0.5416641  -0.6293662  -0.62866808 -0.62313939
 -0.612184   -0.60399994 -0.56536707 -0.53323914 -0.49797273 -0.45047658
 -0.38775945 -0.33640987 -0.28118382 -0.22350278 -0.16700057 -0.106652
 -0.04586465  0.01732605  0.07918982  0.13959289  0.1935665   0.23805278
  0.22760181  0.19004702  0.16859284  0.09589506  0.05759361  0.0104324
 -0.03520418 -0.07945067 -0.12398384 -0.15026529 -0.20538596 -0.25138298
 -0.2861318  -0.32543782 -0.37157108 -0.41420913 -0.4601413  -0.51188766]
[ 1.69370731  1.66534607  1.74510062  1.86928362  1.9121604   2.04157814
  2.12255855  2.17206044  2.1775476   2.1302747   2.10191613  2.05864649
  1.96791715  1.93610666  1.84220881  1.75792135  1.71927545  1.63651094
  1.55083706  1.45876031  1.32236454  1.24431368  1.15324671  1.01822192
  0.93174478  0.8485603   0.76155422  0.68666305  0.58753898  0.47052401
  0.3971422   0.31075621  0.24385641  0.19143118  0.08940573  0.06659267
  0.00592789 -0.1169021  -0.19919533 -0.26043225 -0.37433835 -0.40399682
 -0.45650413 -0.51004635 -0.58559222 -0.65729453 -0.71910363 -0.75323014
 -0.82481778 -0.92365798 -0.97251991 -1.08163032 -1.17286659 -1.23141923
 -1.32059069 -1.36078676 -1.44017097 -1.54595229 -1.57098813 -1.63795478
 -1.67134356 -1.67291057 -1.69755358 -1.7388616  -1.75830747 -1.73873386
 -1.60219783 -1.50515743 -1.41459753 -1.30826991 -1.25579951 -1.18851038
 -1.12602227 -1.12334349 -1.06490498 -1.02970246 -0.96460927 -0.89593776
 -0.81708025 -0.70281912 -0.63120336 -0.61560452 -0.59588059 -0.64135312
 -0.67136545 -0.73747191 -0.76750921 -0.82354177 -0.88294788 -0.93671415
 -0.95151706 -0.99811776 -1.05143386 -1.10177245 -1.15005443]
[ 0.29067045  0.30584432  0.31970772  0.30473861  0.26285512  0.17911606
  0.10151086  0.02974611 -0.0478731  -0.11708288 -0.20774941 -0.28652015
 -0.35963988 -0.4241133  -0.45735079 -0.47613201 -0.49495962 -0.50930142
 -0.52606112 -0.54485796 -0.55550068 -0.57346665 -0.56605341 -0.50598979
 -0.44762656 -0.38241677 -0.31936736 -0.26758962 -0.2126489  -0.14951455
 -0.09493159 -0.04028088  0.00617469  0.05536974  0.08214705  0.11521945
  0.15610475  0.19514427  0.23330079  0.26146325  0.29012546  0.30972508
  0.35059115  0.38045461  0.40803996  0.43070403  0.46321119  0.47615574
  0.49781486  0.4911779   0.46789083  0.43956735  0.4152808   0.38007853
  0.36053491  0.36265615  0.35367315  0.34257906  0.3420447   0.33471879
  0.32326017  0.33093595  0.33505607  0.33865107  0.33370295  0.31971636
  0.31144554  0.34611194  0.35516267  0.35081496  0.3207134   0.28684654
  0.19007699  0.10223608  0.03368521 -0.05798709 -0.15896466 -0.24672071
 -0.35033727 -0.45274478 -0.55345346 -0.63969436 -0.63662297 -0.63169329
 -0.61834234 -0.60837794 -0.56777664 -0.53457894 -0.49098588 -0.4396302
 -0.37391591 -0.31372171 -0.25638614 -0.19921708 -0.1398373  -0.07548575
 -0.01074718  0.0550731   0.11729463  0.18607511  0.24326208  0.29050516
  0.28764388  0.25517072  0.23869698  0.16064129  0.125641    0.08022897
  0.0337611  -0.00998982 -0.05635139 -0.08532447 -0.1410734  -0.18873496
 -0.224115   -0.26510598 -0.31203738 -0.3560595  -0.40207257 -0.45356371]
[ 1.69370724  1.6652485   1.74500543  1.86928358  1.91216037  2.04157813
  2.12255856  2.17206047  2.17754763  2.13027473  2.10190051  2.05864654
  1.96772211  1.93610671  1.84220886  1.75792141  1.71927552  1.63651101
  1.55083713  1.45876037  1.3223646   1.24431375  1.15324678  1.01822198
  0.93174484  0.84856036  0.76155428  0.6866631   0.58753903  0.47052406
  0.39714226  0.31075626  0.24385647  0.19143123  0.08940577  0.06659272
  0.00614556 -0.11690205 -0.19919529 -0.26013938 -0.37433832 -0.40399678
 -0.45650409 -0.51004631 -0.58559217 -0.65729449 -0.71910358 -0.75323008
 -0.82481772 -0.92365792 -0.97251985 -1.08163025 -1.17286653 -1.23141918
 -1.32059064 -1.3607867  -1.4401709  -1.54595224 -1.5709881  -1.63795478
 -1.67126562 -1.67291059 -1.69755362 -1.73892667 -1.75841738 -1.73873392
 -1.60219788 -1.50515747 -1.41459757 -1.30826994 -1.25579955 -1.18851043
 -1.12602234 -1.12334356 -1.06497098 -1.02970252 -0.96460933 -0.8959378
 -0.81708027 -0.70281911 -0.63120334 -0.61524644 -0.59588056 -0.64135309
 -0.67136541 -0.73747187 -0.76750917 -0.82354173 -0.88294784 -0.93671411
 -0.95151703 -0.99811773 -1.05143384 -1.10177244 -1.15005443]
[ 0.29066846  0.29582059  0.3197059   0.304738    0.26285447  0.17911623
  0.1015118   0.0297477  -0.04787087 -0.11708002 -0.20774585 -0.28651627
 -0.35963574 -0.4287422  -0.45734762 -0.47612963 -0.49495814 -0.5093007
 -0.52606131 -0.54485895 -0.55550261 -0.57346966 -0.56605761 -0.50599637
 -0.4476355  -0.38022586 -0.3193804  -0.26760399 -0.21266401 -0.14953049
 -0.09494848 -0.04029897  0.00615607  0.05535074  0.08212912  0.11520185
  0.15608737  0.19512733  0.23328425  0.26144661  0.29010925  0.3097094
  0.35057615  0.38044061  0.40802655  0.43069041  0.46319761  0.47614223
  0.49780114  0.49116423  0.48849517  0.43955485  0.41526866  0.38006733
  0.36052435  0.36264616  0.35366451  0.34257272  0.34204057  0.32754834
  0.32326023  0.33093773  0.33505911  0.33865566  0.33370916  0.31972334
  0.31145242  0.34611776  0.35516667  0.35081792  0.32071541  0.28684795
  0.19007892  0.10223812  0.03368701 -0.05798464 -0.15896129 -0.23059798
 -0.35567645 -0.47542118 -0.55344555 -0.63968616 -0.63661688 -0.6316883
 -0.61833886 -0.60837493 -0.56777487 -0.53457764 -0.49098493 -0.43962925
 -0.37391528 -0.31372166 -0.25638641 -0.19921722 -0.13983799 -0.07548665
 -0.01074841  0.05507156  0.11729303  0.18607268  0.24325995  0.29050356
  0.28764336  0.25517186  0.23869872  0.16064448  0.12564512  0.08023348
  0.03376554 -0.00998584 -0.05634782 -0.08532152 -0.14107048 -0.18873235
 -0.22411271 -0.26510319 -0.3120349  -0.35605744 -0.40207088 -0.45356228]
[-0.59777991 -0.66340776 -0.74613392 -0.8085068  -0.863366   -0.91114381
 -0.97299269 -1.03262517 -1.08545143 -1.14440259 -1.10801327]
[ 0.29121576  0.30632091  0.31988167  0.3054772   0.26342921  0.18085659
  0.10300807  0.03160268 -0.04757355 -0.11856007 -0.20470614 -0.28299778
 -0.35633264 -0.42104177 -0.45503055 -0.47531995 -0.49408115 -0.50922048
 -0.52732147 -0.5450329  -0.55780933 -0.57668846 -0.57032967 -0.51234458
 -0.4560881  -0.39328191 -0.33146118 -0.28100658 -0.22678728 -0.16452142
 -0.11029423 -0.05640072 -0.01027538  0.03871011  0.06638647  0.10253042
  0.14107779  0.18039369  0.21888627  0.24318542  0.27642523  0.29659426
  0.33799121  0.36882569  0.39705878  0.41992735  0.45270192  0.46705858
  0.48776159  0.47529812  0.4589113   0.43125952  0.4026525   0.37287873
  0.3538093   0.35623384  0.34815161  0.33860771  0.33958477  0.33398297
  0.32380034  0.33241722  0.33738507  0.34211102  0.33827409  0.32481235
  0.31655835  0.35034805  0.35816479  0.35319684  0.32256794  0.28836715
  0.19228386  0.10455339  0.03588637 -0.05532128 -0.15564685 -0.24242654
 -0.34525915 -0.44706565 -0.54713612 -0.63304119 -0.63142223 -0.63108781
 -0.61550298 -0.60603541 -0.56936729 -0.53363597 -0.49053011 -0.43929177
 -0.37402746 -0.3144329  -0.25784311 -0.20040998 -0.14160888 -0.07748481
 -0.01307631  0.05206727  0.11076352  0.18245712  0.23966813  0.28713068
  0.28491176  0.25358127  0.23758974  0.16083355  0.12662406  0.07829307
  0.03519916 -0.00849464 -0.05491596 -0.08417066 -0.13975084 -0.18736867
 -0.2226593  -0.26306936 -0.30990442 -0.35388886 -0.39987711 -0.45130932]
[-0.52482895 -0.47380652 -0.42454255 -0.38463095 -0.3305494  -0.27331822
 -0.23985976 -0.17494962 -0.12675883 -0.07384436 -0.00934167  0.06849556
  0.12806985  0.186436    0.20609189  0.19108076  0.16848665  0.13387502
  0.10952065  0.07000075  0.02385983  0.05050546  0.00489949 -0.031409
 -0.05860212 -0.06720305 -0.10361819 -0.14723681 -0.2053112  -0.26896478
 -0.30275335 -0.35632452 -0.3966118  -0.44107782 -0.50005658 -0.58367968
 -0.59658617 -0.66847691 -0.70798562 -0.72967191 -0.70461893 -0.67454432
 -0.63896821 -0.59346653 -0.53063508 -0.53103243 -0.49299891 -0.4844306
 -0.41625031 -0.37717425 -0.33159011 -0.27996462 -0.24777072 -0.20749535
 -0.16346502 -0.11377818 -0.03463022 -0.01917129  0.04258204  0.08513161
  0.14337622  0.22914726  0.2115653   0.24306823  0.27940093  0.29761779
  0.33246641  0.33869436  0.3123823   0.27680396  0.21056449  0.18288435
  0.15653917  0.10369183  0.01362182 -0.00694291 -0.07031487 -0.12605244
 -0.21254415 -0.28468421 -0.31719117 -0.34747569 -0.35723873 -0.3074468
 -0.27385919 -0.24087325 -0.20579523 -0.16070116 -0.12662294 -0.07373026
 -0.01090637]
[-0.51943963 -0.46340937 -0.4120983  -0.36673497 -0.31166864 -0.25075527
 -0.21118096 -0.14196667 -0.08928895 -0.03631925  0.03891805  0.12611776
  0.18711456  0.25327478  0.27539532  0.25405185  0.22439308  0.18081166
  0.14553142  0.09442776  0.0134383   0.07570157 -0.00410138 -0.05322785
 -0.08884427 -0.1100685  -0.15830853 -0.19853575 -0.27214435 -0.3297391
 -0.38294515 -0.44262972 -0.48836388 -0.53691231 -0.60372367 -0.72052182
 -0.71564317 -0.79768401 -0.85323066 -0.86674244 -0.84445073 -0.79466924
 -0.76305969 -0.70012644 -0.60281497 -0.62253002 -0.57812102 -0.58152685
 -0.48347181 -0.43557215 -0.37998153 -0.307312   -0.27602314 -0.22560528
 -0.17218789 -0.11538273 -0.02706612 -0.00307991  0.06161179  0.10742909
  0.163233    0.24662617  0.2327899   0.26796958  0.29570023  0.31328924
  0.35013255  0.35703542  0.32843565  0.28741182  0.20012288  0.18166154
  0.15173742  0.08950708 -0.00911612 -0.01823081 -0.10879158 -0.17136956
 -0.26255011 -0.35907521 -0.37496779 -0.40649097 -0.41090314 -0.34801572
 -0.30433893 -0.25031075 -0.19697807 -0.13742566 -0.09072694 -0.0298658
  0.0461446 ]
[-0.56485333 -0.51118134 -0.4602128  -0.41397018 -0.35128659 -0.28834066
 -0.24252931 -0.16841017 -0.10749074 -0.03710442  0.02954841  0.1291034
  0.19233027  0.25521117  0.27812319  0.26493789  0.24304456  0.21622387
  0.1899057   0.14502888  0.10839686  0.08300745  0.05612551  0.01065575
 -0.02306813 -0.06267189 -0.10019813 -0.14140974 -0.18816846 -0.23408892
 -0.27575812 -0.31649562 -0.35968007 -0.40223337 -0.45796496 -0.51155637
 -0.55705647 -0.62519109 -0.68189691 -0.68743361 -0.66292399]
[-0.07774481 -0.06124454 -0.05249575 -0.03339401 -0.01264116  0.00861258
  0.03205687  0.05893003  0.07337488  0.07513545  0.07052411  0.05404903
  0.03587688  0.00511481 -0.03961325 -0.06083965 -0.08070575 -0.11256617
 -0.14555828 -0.18706124 -0.21836775 -0.2897502  -0.32741323 -0.37711919
 -0.42073678 -0.46368795 -0.50140773 -0.55771219 -0.63041488 -0.66318593
 -0.7189351  -0.77028231 -0.79659578 -0.81075652 -0.7601381  -0.7060357
 -0.65504938 -0.59254874 -0.53965301 -0.50398466 -0.45903854 -0.40965788
 -0.35522059 -0.29356209 -0.23087964 -0.16840952 -0.09713475 -0.03290433
  0.03124487  0.08173224  0.14262464  0.21841336  0.27509806  0.34669196
  0.41945546  0.49291392  0.58217328  0.67717997  0.78239474  0.8971599
  0.97513155  1.05360117  1.11217955  1.2029674   1.28032707  1.32404643
  1.32910831  1.3269535   1.28148636  1.22801393  1.17341345  1.15007738
  1.09147772  1.04689524  0.99442711  0.93154055  0.87745216  0.85079629
  0.77146406  0.67908896  0.59069547  0.49841879  0.41639698  0.32781891
  0.24646894  0.21652268  0.14437184  0.09495621  0.08017262  0.09767188
  0.10580582  0.10584989  0.10969973  0.10538223  0.10578897  0.11231828
  0.11119589  0.11714011  0.11744741  0.11593254  0.14955406  0.18102558
  0.18193823  0.17307147  0.13420988  0.0844832   0.09665678  0.07533961
  0.05366565  0.03535897  0.02233656  0.0137     -0.00411403 -0.0227122
 -0.00460166  0.02182044  0.00558802 -0.02772188 -0.04965934 -0.09612661]
[ 0.2680607   0.27880768  0.28868219  0.27262031  0.23239877  0.15601113
  0.08879481  0.02630225 -0.04279559 -0.10619467 -0.18214018 -0.25298085
 -0.31744834 -0.37574872 -0.40487749 -0.42030966 -0.43451307 -0.44602615
 -0.46035767 -0.47503841 -0.48948102 -0.5126954  -0.51040454 -0.46194594
 -0.41442869 -0.36084919 -0.30650007 -0.26405873 -0.21847549 -0.16462297
 -0.11817828 -0.07257791 -0.03468051  0.00610262  0.03016122  0.062367
  0.09555089  0.13105331  0.1655961   0.18567773  0.21539139  0.23129368
  0.26717517  0.29305058  0.31761706  0.34154627  0.378251    0.39807061
  0.42218203  0.41564925  0.40486677  0.38412386  0.36065172  0.33908524
  0.32607754  0.33482498  0.33315154  0.33072896  0.33826078  0.33978807
  0.33616142  0.34984886  0.35964258  0.36962839  0.37100151  0.35715161
  0.34761922  0.37344602  0.37489783  0.36470028  0.33056628  0.29317911
  0.19808275  0.11098689  0.04134057 -0.0488125  -0.14744279 -0.23284108
 -0.3348018  -0.43598436 -0.53606591 -0.62308632 -0.62739945 -0.6349571
 -0.6271482  -0.62007378 -0.58698484 -0.55349984 -0.51239752 -0.46078123
 -0.39450751 -0.33401473 -0.27645732 -0.21704562 -0.15739187 -0.09271156
 -0.02794812  0.03717621  0.09682749  0.16735125  0.22594439  0.27606659
  0.27713174  0.24762841  0.22776704  0.14976707  0.11257186  0.06165459
  0.01681477 -0.0290809  -0.07677721 -0.10926838 -0.16695286 -0.21783472
 -0.25645886 -0.29791971 -0.34772363 -0.39312701 -0.43507987 -0.48161117]
[ 4.875050e-01  6.094650e-01  7.232000e-01  8.318050e-01  8.712950e-01
  9.016000e-01  8.511450e-01  8.350750e-01  8.284340e-01  8.046750e-01
  7.877050e-01  7.655600e-01  7.367550e-01  6.754850e-01  6.155250e-01
  5.018100e-01  3.903400e-01  2.812000e-01  1.778500e-01  5.935000e-02
 -5.520000e-02 -1.686500e-01 -3.120500e-01 -4.398850e-01 -5.008100e-01
 -5.237800e-01 -5.448150e-01 -5.761900e-01 -5.629450e-01 -5.521850e-01
 -5.237965e-01 -4.981585e-01 -4.837150e-01 -4.556700e-01 -4.556800e-01
 -4.397900e-01 -4.408550e-01 -4.237300e-01 -4.195545e-01 -4.191585e-01
 -3.992350e-01 -3.912450e-01 -4.450300e-01 -4.958300e-01 -5.022400e-01
 -4.906900e-01 -4.857000e-01 -4.692250e-01 -4.706650e-01 -4.538450e-01
 -4.794150e-01 -4.789350e-01 -5.055410e-01 -5.100720e-01 -5.124350e-01
 -5.137450e-01 -4.931350e-01 -3.886700e-01 -2.606000e-01 -1.311900e-01
 -1.860000e-02  1.125800e-01  2.017250e-01  2.223650e-01  2.449750e-01
  2.432600e-01  2.447100e-01  2.276200e-01  2.260050e-01  2.150005e-01
  1.992405e-01  1.787550e-01  1.781850e-01  1.728835e-01  1.483400e-01
  1.434500e-01  1.953650e-01  1.945600e-01  1.745400e-01  1.897400e-01
  1.625550e-01  1.637000e-01  1.594000e-01  1.557000e-01  1.481500e-01
  1.982000e-01  3.160000e-01  4.781500e-01  6.202000e-01  6.858050e-01
  7.501850e-01  8.083300e-01  8.450900e-01  8.645700e-01  8.714800e-01
  8.794850e-01  8.885450e-01  8.987825e-01  8.954700e-01  9.100400e-01
  9.163650e-01  9.231900e-01  9.236450e-01  9.493100e-01  9.571300e-01
  9.760650e-01  9.951150e-01  1.012640e+00  9.913000e-01  1.016965e+00
  1.014865e+00  1.011625e+00  9.863300e-01  9.208950e-01  8.555250e-01
  7.597900e-01  6.701250e-01  5.650750e-01  4.611600e-01  3.449310e-01
  2.431085e-01  1.284450e-01  2.150000e-04 -1.131100e-01 -2.174435e-01
 -2.777380e-01 -3.334500e-01 -3.365850e-01 -2.491000e-01 -1.128130e-01
 -1.116100e-02  9.808950e-02  1.999560e-01  3.293800e-01  4.513350e-01
  5.897900e-01  7.117800e-01  8.429800e-01  9.730350e-01  1.095530e+00
  1.218165e+00  1.331900e+00  1.422400e+00  1.355200e+00  1.219570e+00
  1.080010e+00  9.683300e-01  8.331900e-01  6.928950e-01  5.686750e-01
  4.285950e-01  2.886510e-01  1.738450e-01  3.341500e-02 -1.057655e-01
 -2.193200e-01 -3.577000e-01 -4.680550e-01 -5.900500e-01 -7.162150e-01
 -8.318150e-01 -9.724200e-01 -1.094400e+00 -1.206300e+00 -1.352600e+00
 -1.477650e+00 -1.492350e+00 -1.486200e+00 -1.393950e+00 -1.264700e+00
 -1.157245e+00 -1.037415e+00 -9.280300e-01 -8.346400e-01 -7.211250e-01
 -6.089450e-01 -4.962050e-01 -3.829750e-01 -2.820070e-01 -1.797360e-01
 -8.537000e-02  2.457000e-02  1.266350e-01  2.146250e-01  2.678415e-01
  2.312015e-01  2.262150e-01  2.150050e-01  2.060365e-01  2.124900e-01
  1.869800e-01  1.546000e-01  1.483200e-01  1.203550e-01  7.035000e-02
 -3.749000e-02 -1.547050e-01 -2.730000e-01 -3.910650e-01 -5.075500e-01
 -6.243920e-01 -7.388275e-01 -8.194300e-01 -8.221900e-01 -8.404150e-01
 -8.191550e-01 -7.928550e-01 -7.785050e-01 -7.627200e-01 -7.456100e-01
 -7.437100e-01 -7.194100e-01 -6.046050e-01 -4.609680e-01 -3.166500e-01
 -1.843450e-01 -3.928000e-02]
