[ 1.32748003  1.23846898  1.19469146  1.12824657  1.06253853  0.99811179
  0.88564189  0.84518396  0.74698704  0.66859631  0.59461534  0.54233721
  0.46420134  0.39911557  0.31367992  0.24790528  0.17671896  0.14061142
  0.09499227  0.05766112  0.01981052 -0.03422209 -0.04923862 -0.08022554
 -0.10415727 -0.13189141 -0.16524383 -0.18497584 -0.19091232 -0.22392995
 -0.24423043 -0.28237691 -0.3085538  -0.28281178 -0.24174494 -0.20758479
 -0.16217126 -0.10311817 -0.05128433 -0.00799574  0.02578313  0.04448764
  0.05289063  0.05121785  0.08342081  0.12475037  0.12302665  0.1045804
  0.05132545 -0.01447863 -0.04890043 -0.12928992 -0.16523275 -0.23914902
 -0.29418847 -0.34051036 -0.37245362 -0.41986455 -0.46689111 -0.5121724
 -0.52440822 -0.55918115 -0.56504329 -0.57994899 -0.58824994 -0.56591322
 -0.48324598 -0.39645442 -0.30300454 -0.24076045 -0.16145121 -0.10344378
 -0.01429175  0.04706121  0.11429444  0.17329048  0.24934491  0.32042422
  0.39709599  0.47034261  0.5319506   0.58810992  0.63229496  0.67085154
  0.71271518  0.73096379  0.70448084  0.64309928  0.57926392  0.51018386
  0.44685826  0.36434206  0.28332074  0.20406413  0.12325745  0.04006318
 -0.0548099  -0.11221066 -0.1955359  -0.26926561 -0.34518847 -0.41673043
 -0.49856815 -0.59347008 -0.67686322 -0.71698023 -0.7051488  -0.66916032
 -0.64427081 -0.62523186 -0.57791269 -0.60163266 -0.58645723 -0.5874662
 -0.53701753 -0.55735542 -0.54326318 -0.54652997 -0.53338296 -0.52340433
 -0.50679129 -0.50071134 -0.50537331 -0.47439676 -0.48313814 -0.42154543
 -0.3988416  -0.36666154 -0.33999742 -0.31429851 -0.29638096 -0.35680839
 -0.3857842  -0.42635479 -0.4656948  -0.48657336 -0.52152637 -0.5568587
 -0.58104183 -0.5991553  -0.60613962 -0.62763016 -0.62377572 -0.63628963
 -0.65950451 -0.64033964 -0.576797   -0.51506516 -0.42421803 -0.34849042
 -0.27198677 -0.19735469 -0.12178082 -0.05081046 -0.03404136  0.06732257
  0.10392457  0.15341741  0.19351764  0.22124864  0.25432793  0.2524504
  0.20040788  0.16818984  0.1192399   0.08289966]
[ 0.3087249   0.27928022  0.25652917  0.28080045  0.29566257  0.30948327
  0.31867195  0.31228156  0.32401387  0.33405136  0.35751378  0.38576241
  0.36890681  0.38121902  0.38604705  0.37801418  0.33434952  0.30923848
  0.27825492  0.24965942  0.23498849  0.20912061  0.19884486  0.1609059
  0.14746125  0.14725392  0.15462716  0.20014369  0.25894344  0.3116791
  0.37142497  0.42364421  0.47405313  0.52222361  0.56881128  0.6523921
  0.66139864  0.69073416  0.70780285  0.68648405  0.65103799  0.61813565
  0.56951953  0.51170278  0.44618529  0.31012341  0.31068481  0.24001594
  0.16450585  0.10552686  0.02026789 -0.04272158]
[ 0.31490701  0.27938112  0.25913333  0.28214052  0.29635354  0.31037596
  0.31909048  0.31388483  0.32594888  0.33633863  0.35955705  0.38827361
  0.36843993  0.3822764   0.38782088  0.38209101  0.33528527  0.30944176
  0.27651502  0.24845822  0.23315687  0.20524097  0.19633851  0.15711539
  0.14501415  0.14478832  0.15208327  0.19781466  0.25730267  0.31327886
  0.37144303  0.42408733  0.47513768  0.52399853  0.57128964  0.65507628
  0.66542603  0.6953055   0.71155817  0.69439118  0.65138585  0.61727513
  0.57175115  0.5110143   0.44725359  0.31010804  0.31041096  0.23893185
  0.16215564  0.10315136  0.01701731 -0.04578864]
[ 0.0137162  -0.03650496 -0.09854212 -0.12247049 -0.01218829 -0.0858406
 -0.08630831 -0.12258672 -0.0995349  -0.09773008 -0.09434893 -0.06486246
 -0.0570782  -0.0565395  -0.06725582 -0.05512536 -0.0373469  -0.01888147
 -0.00820834  0.01778913  0.03778472  0.09232229  0.0304576   0.03659696
  0.02485121  0.13378463  0.01278515  0.02537218  0.01780416 -0.0263489
 -0.03919056 -0.03278491 -0.0287748   0.00795755  0.02811135  0.056761
  0.09111841  0.12968986  0.16066431  0.17595205  0.21126462  0.21706541
  0.2402499   0.24486563  0.14383132  0.26154275  0.25800048  0.26089167
  0.26963449  0.26797155  0.24904746  0.17145169  0.12343324  0.10079872
  0.01005109  0.00157159 -0.03535915 -0.06836406 -0.09024647 -0.11614808
 -0.16027362 -0.15662212 -0.15617073 -0.1748578  -0.17151742 -0.19560174
 -0.20262734 -0.18671755 -0.23940257 -0.33048894 -0.25027155 -0.21925709
 -0.21598863 -0.18692512 -0.15215126 -0.0925638  -0.07044906  0.03514899
  0.05400279  0.11382665  0.16853261  0.1881859   0.22515182  0.2656494
  0.3121607   0.32785514  0.39023719  0.42085425  0.43837465  0.44553355
  0.45177506  0.47380941  0.4603381   0.45242193  0.50924977  0.43041236
  0.38500805  0.31037944  0.2605403   0.19692334  0.1254637   0.06337037
 -0.00609533 -0.08841257 -0.14695826 -0.14354002 -0.24585909 -0.30437711
 -0.28444111 -0.47128377 -0.52483798 -0.5456018  -0.47651329 -0.56193062
 -0.56835015 -0.56725358 -0.33618537 -0.5677409  -0.57887116 -0.57257605
 -0.56837809 -0.56978242 -0.56002861 -0.67977416 -0.53337058 -0.5319055
 -0.50175536 -0.50890647 -0.49953095 -0.47662021 -0.47259131 -0.48299832
 -0.4810391  -0.49554221 -0.51619994 -0.51837159 -0.52334993 -0.52098445
 -0.52558133 -0.51926738 -0.49187904 -0.4610743  -0.43566212 -0.3983456
 -0.3771537  -0.26319671 -0.32711508 -0.34693859 -0.3190807  -0.29189225
 -0.26496675 -0.25040387 -0.22298852 -0.37920185 -0.22282757 -0.21334548
 -0.21772788 -0.21694671 -0.20013219 -0.18126499 -0.14530616 -0.11401763
 -0.09460325 -0.08028079 -0.10647078  0.07735652 -0.1213571  -0.1599103
 -0.17894721 -0.23035423 -0.31884584 -0.37138426 -0.43830563 -0.51964675
 -0.57912147 -0.64789013 -0.69656486 -0.74419069 -0.78632955 -0.83324911
 -0.84205425 -0.86293733 -0.89845243 -0.92750157 -0.96059435 -0.97310635
 -0.98682341 -0.95850559 -0.92884056 -0.91047149 -0.84143016 -0.70505424
 -0.68983138 -0.59594633 -0.51349541 -0.41363129 -0.33742366 -0.2348451
 -0.16832383 -0.09985038 -0.02976576  0.03783389  0.08637892  0.12709387]
[ 2.52823532e-01  2.79702490e-01  2.58040340e-01  2.62422875e-01
  2.71522240e-01  2.65601430e-01  2.72499348e-01  2.70784014e-01
  2.71417030e-01  2.76051437e-01  2.83061021e-01  2.92714694e-01
  3.13641520e-01  3.46655990e-01  3.41554998e-01  3.69039172e-01
  4.02312774e-01  4.39736948e-01  4.93893948e-01  5.43602978e-01
  5.88391924e-01  6.39307654e-01  6.83915076e-01  7.52273025e-01
  8.06348149e-01  1.06606639e+00  1.08660353e+00  1.09538685e+00
  1.08588362e+00  1.07880895e+00  1.04997862e+00  1.02968442e+00
  9.79819752e-01  9.43377208e-01  8.53345872e-01  8.29941785e-01
  7.74487888e-01  7.08604122e-01  6.37843695e-01  5.70186464e-01
  4.86217552e-01  4.28854089e-01  3.33413869e-01  2.67863446e-01
  1.63644303e-01  8.25357421e-02 -1.15085315e-03 -7.89882752e-02
 -1.65719454e-01 -2.55518492e-01 -3.08243713e-01 -3.81342006e-01
 -4.63305252e-01 -5.24289983e-01 -5.87171022e-01 -5.70551470e-01
 -5.07214415e-01 -4.49903247e-01 -3.90695594e-01 -3.30292674e-01
 -2.71767310e-01 -1.90295893e-01 -1.22604396e-01 -4.93147366e-02
 -1.46750957e-02  3.54988852e-03  2.08838228e-03 -2.06871914e-02
 -3.86581271e-02 -5.95842330e-02 -7.72197282e-02 -9.82737878e-02
 -1.03305004e-01 -1.47533964e-01 -1.41894495e-01 -1.67602318e-01
 -1.93074135e-01 -2.01809314e-01 -2.36044320e-01 -2.61384981e-01
 -2.78435331e-01 -3.07993695e-01 -3.31556897e-01 -3.60817469e-01
 -3.03758311e-01 -2.58005988e-01 -2.18551877e-01 -1.84017369e-01
 -1.37782142e-01 -1.16871087e-01 -7.20760156e-02 -3.96067150e-02
 -2.20383753e-02  1.30843851e-02  3.67940631e-02  6.84792181e-02
  1.00878768e-01  9.89925267e-02  8.99361723e-02  9.31799724e-02
  9.63303627e-02  8.59144288e-02  1.02201194e-01  1.09186305e-01
  1.42993370e-01  1.44767095e-01  1.30393380e-01  1.50861457e-01
  1.00229810e-01  1.37658886e-02 -6.32403336e-02 -1.49721611e-01
 -2.28088887e-01 -3.20353648e-01 -3.97837688e-01 -4.77819154e-01
 -5.56110375e-01 -6.51512957e-01 -7.41938955e-01 -8.16896843e-01
 -9.16375372e-01 -1.02294674e+00 -1.09509255e+00 -1.17152079e+00
 -1.25148589e+00 -1.31833455e+00 -1.38270326e+00 -1.42708623e+00
 -1.44946341e+00 -1.40674915e+00 -1.33596133e+00 -1.26868286e+00
 -1.22604350e+00 -1.14058035e+00 -1.09780514e+00 -1.03171710e+00
 -9.38505503e-01 -8.54980557e-01 -7.68173566e-01 -6.93177239e-01
 -5.93709668e-01 -5.18413286e-01 -4.21502317e-01 -3.23384548e-01
 -2.25564959e-01 -1.35240204e-01 -1.45367309e-01 -1.61398135e-01
 -2.00274525e-01 -2.04079821e-01 -2.22637553e-01 -2.58975636e-01
 -2.82618556e-01 -2.96536628e-01 -3.76260206e-01 -4.26366941e-01
 -4.30232117e-01 -4.33410861e-01 -4.05229216e-01 -3.59667297e-01
 -3.01195019e-01 -2.44099497e-01 -1.95407989e-01 -1.70082600e-01
 -1.46936191e-01 -9.75269954e-02 -8.80138035e-02 -5.44754999e-02
 -2.23067107e-02 -7.00780400e-03 -5.70339185e-02 -1.31478227e-01
 -1.93198114e-01 -2.55017742e-01 -3.34610970e-01 -4.08035887e-01
 -4.22714245e-01 -3.87184424e-01 -3.55480385e-01 -3.03051225e-01
 -2.56427894e-01 -2.01750467e-01 -1.60135196e-01 -1.57743230e-01
 -1.47193539e-01 -1.45528311e-01 -9.99005995e-02 -4.32355598e-02
  1.93563127e-02  6.78387324e-02  6.21313049e-02  5.34488839e-02
  8.18926697e-02  7.24434221e-02  6.01169845e-02  5.64312752e-02
  5.72361853e-02  8.82671341e-04  1.46130562e-02 -1.28141352e-02
 -4.19968063e-02 -7.29494932e-02 -1.09633423e-01 -1.54038268e-01
 -1.81033481e-01 -1.76452620e-01 -1.17019834e-01 -7.88026504e-02
 -2.97562915e-02 -7.91362290e-03  2.69808037e-02  3.09461986e-02
  6.81390729e-02  5.93355242e-02  8.99804390e-02  1.06766738e-01
  1.17153970e-01  1.40471797e-01  1.57100759e-01  1.67055308e-01
  1.22685311e-01  5.49058335e-02 -2.36711336e-03 -7.39301138e-02
 -1.36226741e-01 -1.95698110e-01 -2.33414593e-01 -2.78387202e-01
 -3.14215706e-01 -3.51505928e-01 -3.61802413e-01 -3.83655675e-01
 -4.13370542e-01 -4.15098424e-01 -4.29111975e-01 -4.27558389e-01
 -4.34195384e-01 -4.31527488e-01 -4.32618614e-01 -4.04083826e-01
 -4.29197009e-01 -4.28325074e-01 -4.38172373e-01 -4.53965879e-01
 -4.48489915e-01 -3.95883847e-01 -2.96430892e-01 -1.87422464e-01
 -9.72174787e-02 -6.27657686e-04  8.48200186e-02  1.96245012e-01
  2.24074097e-01  3.10209334e-01  3.74271654e-01  4.56097919e-01
  5.14624863e-01  5.78756792e-01  6.38706792e-01  6.85465376e-01
  7.41388054e-01  7.86856465e-01  8.12959737e-01  8.57090584e-01
  8.77729017e-01  8.23837780e-01  7.62806852e-01  6.34980280e-01
  5.65749348e-01  4.64469469e-01  3.61574189e-01  2.64332105e-01
  1.61568582e-01  6.53586186e-02 -1.70737132e-02 -1.08301560e-01
 -1.82935698e-01 -2.55390609e-01 -3.25528233e-01 -3.90698738e-01
 -4.63208772e-01 -5.34709465e-01 -6.02597721e-01 -6.63672214e-01
 -7.58456160e-01 -7.70790770e-01 -7.60279510e-01 -7.27426398e-01
 -7.14923508e-01 -6.60371485e-01 -5.98609054e-01 -5.25900169e-01
 -4.71046332e-01 -3.87554585e-01 -3.33773337e-01 -2.67887146e-01
 -2.02235009e-01 -1.41869913e-01 -6.66964173e-02 -2.98882119e-03
  6.81529190e-02  1.45695021e-01  2.18004107e-01  2.17821652e-01
  2.11421343e-01  1.78145985e-01  1.66564730e-01  1.42048447e-01
  1.15868410e-01  1.03146751e-01  1.01713222e-01  8.66024905e-02
  6.97016678e-02  4.43005644e-02  1.36698468e-02  1.79857954e-03
 -1.69940892e-02 -8.86321068e-03  1.25092131e-01  1.43481786e-01
  2.21839729e-01  3.00292389e-01  3.73882785e-01  4.21386763e-01
  4.89784997e-01  5.77801897e-01  6.30331782e-01  6.96670361e-01
  7.25368522e-01  7.94112520e-01  8.27049436e-01  8.68180106e-01
  9.02586019e-01  9.34558638e-01  9.59784081e-01  9.80583207e-01
  9.96310496e-01  1.01829766e+00  1.02051245e+00  1.02928044e+00
  1.04689346e+00  1.04433784e+00  1.05531906e+00  1.05931116e+00
  1.06707290e+00  1.08181131e+00  1.09121494e+00  1.08323988e+00
  1.05248489e+00  1.07628743e+00  1.05383409e+00  1.00706664e+00
  9.73554057e-01  9.24493894e-01  8.59578269e-01  7.59455602e-01
  6.79062772e-01  5.99325757e-01  5.28177781e-01  4.51371043e-01
  3.77548892e-01  3.16788855e-01  2.49488246e-01  2.31891784e-01
  1.94995012e-01  1.46666088e-01  8.90279096e-02  7.33210320e-02
  4.10778595e-02  3.70121012e-02  1.12026656e-01  2.16503242e-01
  3.03660292e-01  3.74513696e-01  4.27060337e-01  4.61485568e-01
  4.66621588e-01  4.73102994e-01  4.71695573e-01  4.40385730e-01
  4.05030199e-01  3.56429853e-01  3.40075482e-01  2.75865416e-01
  2.12752886e-01]
[ 2.52576217e-01  2.79431932e-01  2.57782589e-01  2.62198811e-01
  2.71253006e-01  2.65327449e-01  2.75750477e-01  2.70503845e-01
  2.71132131e-01  2.75779030e-01  2.82777436e-01  2.92438177e-01
  3.13381361e-01  3.46406960e-01  3.41331281e-01  3.68845464e-01
  4.02154281e-01  4.39613693e-01  4.93811075e-01  5.43557839e-01
  5.97311148e-01  6.44804109e-01  6.83985787e-01  7.49338082e-01
  8.06506691e-01  1.06633562e+00  1.08688163e+00  1.09568069e+00
  1.08616771e+00  1.07909929e+00  1.05025778e+00  1.02997681e+00
  9.80118974e-01  9.43643544e-01  8.53646203e-01  8.30244843e-01
  7.74788544e-01  7.07548627e-01  6.38138482e-01  5.70481538e-01
  4.86503523e-01  4.29144765e-01  3.33699919e-01  2.76195163e-01
  1.63913143e-01  8.27676700e-02 -9.51788984e-04 -7.88271610e-02
 -1.65599494e-01 -2.55438269e-01 -3.08199896e-01 -3.81339783e-01
 -4.58418537e-01 -5.24368784e-01 -5.87604094e-01 -5.70673603e-01
 -5.07321261e-01 -4.50029832e-01 -3.90822021e-01 -3.30400234e-01
 -2.71878528e-01 -1.90385164e-01 -1.20604789e-01 -4.93380960e-02
 -1.46779055e-02  3.54500521e-03  2.08129656e-03 -2.06798929e-02
 -3.86522141e-02 -5.95791879e-02 -7.06489507e-02 -9.82662509e-02
 -1.03297039e-01 -1.47526365e-01 -1.48459303e-01 -1.67594356e-01
 -1.93068063e-01 -2.01798842e-01 -2.36037757e-01 -2.56757690e-01
 -2.78425158e-01 -3.07983955e-01 -3.30593989e-01 -3.55702746e-01
 -3.03748058e-01 -2.57998700e-01 -2.18545831e-01 -1.83993314e-01
 -1.37776180e-01 -1.16873105e-01 -8.04300860e-02 -3.96089293e-02
 -2.20337853e-02  1.30924123e-02  3.68032034e-02  6.84922234e-02
  1.00863202e-01  9.90030026e-02  8.99440390e-02  9.31771844e-02
  9.63222519e-02  8.59033818e-02  1.02182426e-01  1.09151560e-01
  1.48073322e-01  1.36961951e-01  1.30366877e-01  1.50825460e-01
  1.00164683e-01  1.36655507e-02 -6.21156198e-02 -1.49894656e-01
 -2.28299669e-01 -3.20615171e-01 -3.98110022e-01 -4.78093199e-01
 -5.56378589e-01 -6.51780021e-01 -7.42222778e-01 -8.17162442e-01
 -9.16642794e-01 -1.02321460e+00 -1.09534954e+00 -1.17178795e+00
 -1.25175381e+00 -1.31860189e+00 -1.38297189e+00 -1.42734750e+00
 -1.44971547e+00 -1.40699596e+00 -1.34105538e+00 -1.26880407e+00
 -1.22615069e+00 -1.14062104e+00 -1.09617242e+00 -1.03168617e+00
 -9.38431823e-01 -8.53795243e-01 -7.68013674e-01 -6.87395286e-01
 -5.93488299e-01 -5.18170241e-01 -4.21257789e-01 -3.23133513e-01
 -2.25249598e-01 -1.34996969e-01 -1.45151031e-01 -1.61218008e-01
 -2.00151907e-01 -2.03981640e-01 -2.22568000e-01 -2.58942497e-01
 -2.82627139e-01 -2.96580360e-01 -3.76351113e-01 -4.26497679e-01
 -4.30406102e-01 -4.33580558e-01 -4.05403793e-01 -3.59834351e-01
 -2.95570553e-01 -2.44250645e-01 -1.95556018e-01 -1.70228533e-01
 -1.47079376e-01 -9.76856235e-02 -8.81476713e-02 -5.46098578e-02
 -2.24447566e-02 -7.15772011e-03 -5.72162405e-02 -1.31698706e-01
 -1.93444744e-01 -2.55261387e-01 -3.28803959e-01 -4.08286070e-01
 -4.22958804e-01 -3.90700770e-01 -3.55662893e-01 -3.03199891e-01
 -2.56545371e-01 -2.01832689e-01 -1.60195524e-01 -1.57786778e-01
 -1.44820243e-01 -1.45575358e-01 -9.99074561e-02 -4.32154008e-02
  1.94107359e-02  5.68176163e-02  6.22041645e-02  6.41196249e-02
  8.19631905e-02  7.25281432e-02  6.01837642e-02  5.64897932e-02
  5.72943032e-02  9.32384816e-04  1.46547939e-02 -1.43577352e-02
 -4.19712512e-02 -7.29280391e-02 -1.09618028e-01 -1.54027270e-01
 -1.81009827e-01 -1.76418420e-01 -1.16925339e-01 -7.87195270e-02
 -2.96309964e-02 -7.75473006e-03  2.71788689e-02  3.11743503e-02
  6.83915946e-02  5.76558273e-02  9.02625773e-02  1.08168395e-01
  1.17436380e-01  1.35446144e-01  1.57395742e-01  1.67351358e-01
  1.22958509e-01  5.51459422e-02 -2.15215471e-03 -7.37517411e-02
 -1.36085100e-01 -1.95590262e-01 -2.33335184e-01 -2.78342054e-01
 -3.14202351e-01 -3.51527211e-01 -3.61853832e-01 -3.83719072e-01
 -4.13485244e-01 -4.15250079e-01 -4.29292726e-01 -4.27751538e-01
 -4.34398414e-01 -4.31714514e-01 -4.32824250e-01 -4.04260544e-01
 -4.29404417e-01 -4.28535180e-01 -4.35131879e-01 -4.54192744e-01
 -4.44705747e-01 -3.96097984e-01 -2.94022035e-01 -1.87566212e-01
 -9.04571558e-02 -7.11077198e-04  8.47610847e-02  1.96216655e-01
  2.32213618e-01  3.10204311e-01  3.74326690e-01  4.56190531e-01
  5.14747934e-01  5.78915826e-01  6.38895626e-01  6.85691531e-01
  7.41648089e-01  7.82522515e-01  8.13256381e-01  8.57392191e-01
  8.78036760e-01  8.24121378e-01  7.63072478e-01  6.35208517e-01
  5.65945088e-01  4.64638174e-01  3.61715482e-01  2.64443259e-01
  1.61650822e-01  6.54142759e-02 -1.70468878e-02 -1.08295964e-01
 -1.82959567e-01 -2.57336885e-01 -3.25600387e-01 -3.90787659e-01
 -4.63339013e-01 -5.34864673e-01 -6.02784349e-01 -6.66915061e-01
 -7.58714634e-01 -7.71065827e-01 -7.60519422e-01 -7.27681029e-01
 -7.15159592e-01 -6.60573429e-01 -5.98780029e-01 -5.26038130e-01
 -4.71150180e-01 -3.87616917e-01 -3.33800798e-01 -2.67880028e-01
 -2.02205510e-01 -1.41796528e-01 -6.65891945e-02 -1.75834464e-03
  6.83196824e-02  1.45863514e-01  2.11581543e-01  2.18069702e-01
  2.11667066e-01  1.78370089e-01  1.66777690e-01  1.42257901e-01
  1.16077104e-01  1.03339911e-01  1.01878528e-01  8.67278146e-02
  7.29351272e-02  4.43587655e-02  1.36885830e-02  1.77721632e-03
 -1.70563731e-02 -8.95669328e-03  1.24990307e-01  1.43388949e-01
  2.21734043e-01  3.00207090e-01  3.73797314e-01  4.21303403e-01
  4.91474307e-01  5.77721656e-01  6.30254138e-01  6.96595292e-01
  7.27516112e-01  7.94035890e-01  8.26973709e-01  8.66764219e-01
  9.02505455e-01  9.34468654e-01  9.59703938e-01  9.80506196e-01
  9.96190701e-01  1.00815049e+00  1.02041280e+00  1.02922056e+00
  1.04682242e+00  1.04428226e+00  1.05526012e+00  1.06054740e+00
  1.07044957e+00  1.08179125e+00  1.09122037e+00  1.08325255e+00
  1.05255838e+00  1.07639619e+00  1.05396518e+00  1.00721385e+00
  9.73726863e-01  9.24665679e-01  8.59755467e-01  7.59632488e-01
  6.79230415e-01  5.99500598e-01  5.28337754e-01  4.51524368e-01
  3.77687309e-01  3.16940319e-01  2.49642807e-01  2.32025707e-01
  1.95145207e-01  1.63306917e-01  8.91755161e-02  7.34623481e-02
  4.12202005e-02  3.71350239e-02  1.04573677e-01  2.16625414e-01
  3.03793916e-01  3.68151374e-01  4.27167518e-01  4.75131545e-01
  4.66685442e-01  4.73121677e-01  4.71713531e-01  4.40378854e-01
  4.05023685e-01  3.56382352e-01  3.40009487e-01  2.75778277e-01
  2.12640391e-01]
[ 0.66131752  0.66673916  0.67871664  0.66060466  0.62046387  0.57192014
  0.50536178  0.42629662  0.390012    0.3460312   0.29507635  0.22665756
  0.18202453  0.14665028  0.12873916  0.09777768  0.06195683  0.01550694
  0.01057839 -0.02640698 -0.08341313 -0.11578652 -0.07902983 -0.08421485
 -0.11198222 -0.11201607]
[ 0.82955791  0.82172794  0.76621534  0.67519123  0.60150055  0.53254417
  0.46287805  0.40840395  0.29538164  0.21696834  0.14070429  0.0781397
  0.01241278 -0.04946989 -0.11897837 -0.17067123 -0.22306378 -0.27385473
 -0.31687447 -0.34357637 -0.36074975 -0.40028458 -0.4411965  -0.47348527
 -0.49872101 -0.51674504 -0.53611424 -0.54529999 -0.57428672 -0.54198453
 -0.52114282 -0.49851085 -0.48214577 -0.44804339 -0.41622834 -0.38482871
 -0.33300387 -0.30754494 -0.27207135 -0.24502677 -0.24855609 -0.20074082
 -0.17119772 -0.16136848 -0.14478107 -0.12872942 -0.09742627 -0.0963804
 -0.06554084 -0.06549124 -0.00996322  0.01586584  0.05016508  0.10087905
  0.14085818  0.17354358  0.24179082  0.2927774   0.36025558  0.42132786
  0.484979    0.55079953  0.6085755   0.67707744  0.7298716   0.8152565
  0.86745632  0.95639797  1.03196166  1.10740191  1.16742221  1.18487197
  1.18633124  1.17059781  1.16233827  1.14176408  1.14732953  1.09838479
  1.09407594  1.06041928  1.0345276   1.01125434  0.97795077  0.93085832
  0.89776787  0.86310105  0.81801191  0.78053797  0.7776619   0.72975151
  0.6655012   0.59721231  0.51429916  0.46111048  0.36634766  0.32250221
  0.23283926  0.16576666  0.06298467 -0.00388601 -0.10563389 -0.15480299
 -0.16337729 -0.16875367 -0.16771369 -0.19793484 -0.18891256 -0.19615738
 -0.21080292 -0.22216028 -0.22983202 -0.23996194 -0.27635187 -0.28072661
 -0.30110928 -0.32661478 -0.34718606 -0.3759167  -0.39511417 -0.42302094
 -0.43236717 -0.46579565 -0.46755446 -0.48678983 -0.50519611 -0.515327
 -0.52429368 -0.55482408 -0.58292052 -0.60460084 -0.62787456 -0.6390273
 -0.67698314 -0.70677439 -0.7157668  -0.69110613 -0.7042976  -0.69521692
 -0.69704305 -0.6870451  -0.69034969 -0.65754714 -0.63977446 -0.60964392
 -0.60389166 -0.58430043 -0.56270785 -0.54186925 -0.54317271 -0.51799703
 -0.52669153 -0.53063329 -0.49131074 -0.42533613 -0.3869044  -0.31864643
 -0.27446907 -0.24833047 -0.18420385 -0.14297173 -0.10771505 -0.07298685
 -0.04136004 -0.00745874  0.00187285  0.01895667 -0.01050631 -0.00481387
  0.03681303  0.04816797  0.06876851  0.08692795  0.11371808  0.13659173
  0.11554779  0.18563205  0.20209373  0.228672    0.26356735  0.2899262
  0.33775449  0.38131049  0.37493396  0.34192926  0.30355627  0.27236292
  0.249656    0.22187308  0.20321145  0.18563079  0.17489386  0.16734728
  0.16355136  0.16503472  0.15389983  0.16636438  0.15132935  0.16122116
  0.15290159  0.13826477  0.10772379  0.09088786  0.06927638  0.01307851
 -0.02073459 -0.05375208 -0.11028405 -0.15377711 -0.2065569  -0.26232149
 -0.33673267 -0.42445353 -0.47774278 -0.55526443 -0.62997343 -0.70635646
 -0.78024918 -0.8433484  -0.90447386 -0.94613466 -0.98890076 -1.01556693
 -1.04633888 -1.03069416 -1.00878591 -0.97183867 -0.95405232 -0.89702579
 -0.84470977 -0.77746071 -0.69641467 -0.64206732 -0.56989408 -0.50566152
 -0.41202029 -0.30873574 -0.22266905 -0.14425259 -0.04461138  0.01342997
  0.13010769  0.21333843  0.29445063  0.38000036  0.47009771  0.57510777
  0.64485385  0.73323699  0.8452183   0.91233933  0.93116229  0.95671837
  0.93973033  0.92526991  0.91862104  0.87547448  0.85183866  0.81586235
  0.77446077  0.72911039  0.69387186  0.65012713  0.59536056  0.56190872
  0.55628368  0.53703047  0.47537592  0.37894519  0.28611369  0.18023497
  0.10761756  0.06773061 -0.02436647 -0.10039721 -0.20889407 -0.27417237
 -0.31594776 -0.38972661 -0.44017854 -0.48007661 -0.52503974 -0.58431063
 -0.65013905 -0.64057494 -0.66203236 -0.68003493 -0.64481354 -0.62218824
 -0.57153605 -0.53857972 -0.49747623 -0.45201966 -0.41372739 -0.35698023
 -0.32061817 -0.2935316  -0.21776663 -0.15862744 -0.097026   -0.03653655
 -0.02940772  0.02465576  0.09627558  0.14397471  0.19947094  0.24689828
  0.32767856  0.37737983  0.48249314  0.56731162  0.65549177  0.74670313
  0.83664209  0.93283985  1.01244025  1.11195254  1.20484308  1.28196199
  1.37998881  1.47162011  1.55967226  1.60969559  1.66129991  1.66956089
  1.64542805  1.62638997  1.57958746]
[ 1.32763398  1.2386105   1.19482235  1.12838647  1.06269808  0.99824414
  0.88578091  0.84534377  0.74713258  0.66873833  0.59475576  0.54247877
  0.46434015  0.39926002  0.3138172   0.24802071  0.17682446  0.14072196
  0.09509582  0.0577573   0.01990416 -0.03414132 -0.0491576  -0.08014923
 -0.10408194 -0.13182497 -0.16523227 -0.18492761 -0.19086399 -0.22389851
 -0.24420906 -0.28236239 -0.3085446  -0.28279583 -0.2417534  -0.20766301
 -0.16214839 -0.10308605 -0.05124431 -0.00795192  0.0258267   0.0445275
  0.05294436  0.05124022  0.0834388   0.12476988  0.12303186  0.10457835
  0.05130038 -0.01452357 -0.04895769 -0.12938282 -0.16530648 -0.23928647
 -0.2943532  -0.34068692 -0.37266189 -0.42010057 -0.46715412 -0.5124417
 -0.52468114 -0.55949599 -0.56536592 -0.58025127 -0.58859657 -0.56626611
 -0.48360105 -0.39681873 -0.30334146 -0.24109703 -0.16177986 -0.10371058
 -0.01458735  0.04678325  0.11403601  0.17305255  0.24913994  0.32018877
  0.39692472  0.47019486  0.53182397  0.58800151  0.63220541  0.67077372
  0.71267244  0.73090884  0.70445909  0.64303691  0.57918439  0.5101046
  0.44677086  0.36425082  0.28322547  0.20400447  0.12315149  0.0399578
 -0.05492038 -0.11231553 -0.19564795 -0.2693812  -0.34528338 -0.41676346
 -0.49870581 -0.59362604 -0.67703137 -0.71713998 -0.70527742 -0.66929319
 -0.64439552 -0.62534411 -0.57799962 -0.60166492 -0.58642196 -0.58753239
 -0.53706045 -0.5573884  -0.54331401 -0.54653699 -0.53337659 -0.5233754
 -0.5067595  -0.50067637 -0.50535039 -0.47436491 -0.48311109 -0.4215165
 -0.39876184 -0.36661526 -0.33994885 -0.31424505 -0.29624725 -0.3567653
 -0.38571199 -0.42640402 -0.46564903 -0.48654654 -0.52152565 -0.55681205
 -0.58099382 -0.59910817 -0.60611869 -0.62758516 -0.6237273  -0.63620545
 -0.65946568 -0.64030617 -0.57676394 -0.51497097 -0.42416404 -0.34842986
 -0.2719184  -0.19724428 -0.12168654 -0.05071093 -0.03394823  0.0673979
  0.1040397   0.15353401  0.19363399  0.22135911  0.25443611  0.25255465
  0.20050075  0.16827277  0.11931258  0.08296203]
[ 7.60815154e-01  7.65444949e-01  7.01147329e-01  6.19754033e-01
  5.26187574e-01  4.89615469e-01  4.10774298e-01  3.45236554e-01
  2.73369372e-01  1.95662870e-01  1.36321705e-01  6.50621121e-02
  1.54723353e-02 -3.14799694e-02 -8.60810130e-02 -1.56814965e-01
 -2.07687057e-01 -2.60811999e-01 -3.02143853e-01 -3.29246256e-01
 -3.71898069e-01 -4.05249929e-01 -4.32055092e-01 -4.65702557e-01
 -4.88898921e-01 -5.18922062e-01 -5.33665621e-01 -5.52612691e-01
 -5.84157878e-01 -5.69096271e-01 -5.49936758e-01 -5.19866197e-01
 -4.99110419e-01 -4.77700110e-01 -4.38027805e-01 -4.23472483e-01
 -3.74428322e-01 -3.59358172e-01 -3.03852308e-01 -2.78617550e-01
 -2.53595241e-01 -2.32060803e-01 -1.95889881e-01 -1.88653299e-01
 -1.70116638e-01 -1.38577167e-01 -1.16901976e-01 -1.12595002e-01
 -7.85506689e-02 -5.18958824e-02 -1.38331965e-02  1.34856879e-02
  5.92761576e-02  1.02735538e-01  1.46451380e-01  1.80063793e-01
  2.52405018e-01  3.00487131e-01  3.71174640e-01  4.30725162e-01
  4.95919501e-01  5.61546714e-01  6.21449115e-01  6.84606700e-01
  7.32829091e-01  8.11619316e-01  8.73430103e-01  9.51395376e-01
  1.02742558e+00  1.10748856e+00  1.16330212e+00  1.18677844e+00
  1.18125315e+00  1.15097490e+00  1.16411597e+00  1.16422438e+00
  1.14115576e+00  1.11604656e+00  1.10906457e+00  1.08308580e+00
  1.06124005e+00  1.03423928e+00  1.01053140e+00  9.69955211e-01
  9.36051631e-01  9.09117357e-01  8.64729848e-01  8.12362668e-01
  8.26559763e-01  7.84986783e-01  7.19087931e-01  6.52870116e-01
  5.89788278e-01  5.22529508e-01  4.43314335e-01  3.74509194e-01
  2.54547483e-01  2.08869332e-01  1.31760879e-01  5.34626894e-02
 -3.69055963e-02 -8.65751468e-02 -1.05080247e-01 -1.13505959e-01
 -1.18184543e-01 -1.27544079e-01 -1.39024259e-01 -1.56164585e-01
 -1.72231288e-01 -1.83052265e-01 -2.01496310e-01 -2.20376657e-01
 -2.45229720e-01 -2.59631015e-01 -2.87548973e-01 -3.13778275e-01
 -3.36339047e-01 -3.63799022e-01 -3.99598609e-01 -4.11561446e-01
 -4.37027714e-01 -4.64580724e-01 -4.53491270e-01 -4.69411363e-01
 -4.85511362e-01 -4.92165909e-01 -5.01105291e-01 -5.22774455e-01
 -5.35035384e-01 -5.54393091e-01 -5.96486983e-01 -6.14495132e-01
 -6.36062901e-01 -6.65140431e-01 -6.82382919e-01 -6.65492659e-01
 -6.81567837e-01 -6.74358666e-01 -6.77391166e-01 -6.69337043e-01
 -6.71839158e-01 -6.46760738e-01 -6.29881505e-01 -6.15411076e-01
 -5.93729955e-01 -5.81840876e-01 -5.64318602e-01 -5.55253529e-01
 -5.53656779e-01 -5.46377858e-01 -5.43297545e-01 -5.50018056e-01
 -5.19898455e-01 -4.44217755e-01 -4.05250338e-01 -3.52184207e-01
 -3.11188558e-01 -2.57342786e-01 -2.16492911e-01 -1.81609096e-01
 -1.43486501e-01 -1.08040412e-01 -8.12778309e-02 -4.08652430e-02
 -3.23673164e-02 -1.58462930e-02 -6.32757874e-02 -2.58228487e-02
 -5.56608747e-04  2.52278014e-02  4.98526224e-02  7.78137448e-02
  9.56136852e-02  1.17929117e-01  1.24918493e-01  1.59031603e-01
  1.74039254e-01  1.99064331e-01  2.31571648e-01  2.54821940e-01
  2.89779731e-01  3.39657883e-01  3.31656060e-01  2.96923598e-01
  2.67155976e-01  2.42238378e-01  2.31650697e-01  1.89491767e-01
  1.74235252e-01  1.71560191e-01  1.62075539e-01  1.56762100e-01
  1.52474612e-01  1.51827300e-01  1.39074356e-01  1.44772183e-01
  1.27345402e-01  1.25112373e-01  1.19959710e-01  9.28257166e-02
  7.30673079e-02  4.91261865e-02  6.60514585e-03 -3.62007681e-02
 -6.43038554e-02 -1.00290234e-01 -1.55523146e-01 -2.01146387e-01
 -2.55658845e-01 -3.16495739e-01 -3.81510090e-01 -4.55428803e-01
 -5.19247454e-01 -5.81752568e-01 -6.48689250e-01 -7.19395970e-01
 -7.90445596e-01 -8.62180701e-01 -8.99936610e-01 -9.24592112e-01
 -9.65447484e-01 -9.85209557e-01 -1.01283693e+00 -1.00453456e+00
 -9.68897733e-01 -9.26508811e-01 -8.96288017e-01 -8.60184838e-01
 -7.96448421e-01 -7.48631349e-01 -6.60445235e-01 -5.97192163e-01
 -5.28645350e-01 -4.75793511e-01 -3.75800208e-01 -2.88704970e-01
 -1.97000909e-01 -1.23391231e-01 -3.78871823e-02  2.35640974e-02
  1.07600736e-01  1.91415009e-01  2.53709943e-01  3.75489032e-01
  4.50442310e-01  5.40625711e-01  6.18583687e-01  6.90909129e-01
  7.92241744e-01  8.57273806e-01  8.69227657e-01  9.23171959e-01
  8.79662442e-01  8.64212637e-01  8.55721727e-01  8.14444560e-01
  7.77510574e-01  7.42961367e-01  7.09681038e-01  6.60319664e-01
  6.27427992e-01  5.83044635e-01  5.36364044e-01  5.01521239e-01
  4.99283009e-01  4.80693019e-01  4.37995636e-01  3.44393417e-01
  2.52002909e-01  1.53451551e-01  1.07885573e-01  5.27909681e-02
 -2.26277874e-02 -1.19142135e-01 -2.02465048e-01 -2.45584189e-01
 -3.07867045e-01 -3.70936069e-01 -4.23375023e-01 -4.46563828e-01
 -4.87154522e-01 -5.40766823e-01 -5.97169801e-01 -6.07084229e-01
 -6.05854691e-01 -6.20111148e-01 -5.72799919e-01 -5.45378311e-01
 -4.84376962e-01 -4.65278581e-01 -4.26693450e-01 -3.84221976e-01
 -3.39113597e-01 -2.91123586e-01 -2.44542525e-01 -1.92270906e-01
 -1.43138835e-01 -7.91554455e-02 -2.02483770e-02  3.91342403e-02
  6.51524629e-02  1.10829337e-01  1.79963131e-01  2.02106788e-01
  2.84257081e-01  3.29590581e-01  4.11128397e-01  4.78253984e-01
  5.59261998e-01  6.43777777e-01  7.27736321e-01  8.07674260e-01
  9.08560386e-01  9.77632776e-01  1.06793036e+00  1.14715939e+00]
[ 8.29457287e-01  8.21622013e-01  7.66111627e-01  6.75090609e-01
  6.03539807e-01  5.32436819e-01  4.62770486e-01  4.04832502e-01
  2.87001024e-01  2.16983230e-01  1.40603680e-01  7.80705740e-02
  1.23695574e-02 -4.94865370e-02 -1.18966519e-01 -1.70634209e-01
 -2.23007324e-01 -2.73170589e-01 -3.16767346e-01 -3.43449062e-01
 -3.60599093e-01 -4.00112650e-01 -4.41004377e-01 -4.73268792e-01
 -4.98488683e-01 -5.15265584e-01 -5.36635092e-01 -5.45008177e-01
 -5.73971664e-01 -5.40396239e-01 -5.20800612e-01 -4.98160566e-01
 -4.81781182e-01 -4.47664774e-01 -4.15846095e-01 -3.84433092e-01
 -3.32607885e-01 -3.07143808e-01 -2.71666148e-01 -2.44622408e-01
 -2.44099674e-01 -2.00332421e-01 -1.71436121e-01 -1.60962833e-01
 -1.44471463e-01 -1.28485147e-01 -9.70472143e-02 -9.60061624e-02
 -6.51821099e-02 -6.49272255e-02 -9.63379144e-03  1.61815012e-02
  5.04591471e-02  1.01155091e-01  1.41118933e-01  1.73782077e-01
  2.41996729e-01  2.92959655e-01  3.60416786e-01  4.21463769e-01
  4.85087805e-01  5.50881805e-01  6.12001490e-01  6.73338023e-01
  7.29881226e-01  8.15259042e-01  8.67459516e-01  9.56387608e-01
  1.03194433e+00  1.10737108e+00  1.16737411e+00  1.18481369e+00
  1.18626850e+00  1.17397031e+00  1.15928266e+00  1.14167715e+00
  1.14723280e+00  1.09827263e+00  1.09316865e+00  1.06028113e+00
  1.03438197e+00  1.01340216e+00  9.78749547e-01  9.30685177e-01
  8.96654175e-01  8.64072090e-01  8.17813201e-01  7.80326520e-01
  7.77435764e-01  7.29513204e-01  6.65255848e-01  5.96966525e-01
  5.14046416e-01  4.60850985e-01  3.66091805e-01  3.22268362e-01
  2.32629192e-01  1.65578399e-01  6.28164408e-02 -4.94321090e-04
 -1.05750778e-01 -1.54897189e-01 -1.63455618e-01 -1.68816653e-01
 -1.67761829e-01 -1.97601278e-01 -1.88928903e-01 -1.96161369e-01
 -2.09278912e-01 -2.22293896e-01 -2.29784854e-01 -2.39683862e-01
 -2.71062128e-01 -2.78689060e-01 -3.01000428e-01 -3.26491330e-01
 -3.47053608e-01 -3.75348077e-01 -3.95002185e-01 -4.21740652e-01
 -4.29345985e-01 -4.65711243e-01 -4.67483973e-01 -4.86730025e-01
 -5.05148109e-01 -5.15291479e-01 -5.24270465e-01 -5.54806511e-01
 -5.84849690e-01 -6.04604187e-01 -6.27888140e-01 -6.39051297e-01
 -6.72454032e-01 -7.09305021e-01 -7.13596891e-01 -6.91171073e-01
 -7.04373105e-01 -6.95295906e-01 -6.97129417e-01 -6.87134343e-01
 -6.91128155e-01 -6.57666910e-01 -6.39916782e-01 -6.09807505e-01
 -6.04070895e-01 -5.84403066e-01 -5.62925666e-01 -5.40531250e-01
 -5.43426973e-01 -5.18269507e-01 -5.26951158e-01 -5.30369196e-01
 -4.91552052e-01 -4.25574837e-01 -3.87138181e-01 -3.18874850e-01
 -2.74457044e-01 -2.44968338e-01 -1.85612919e-01 -1.43174461e-01
 -1.07908970e-01 -7.32244062e-02 -4.15371780e-02 -7.62614429e-03
  1.35545250e-04  1.51433269e-02 -1.06253382e-02 -2.80983176e-03
  3.67146928e-02  4.67602064e-02  6.86908231e-02  8.54103798e-02
  1.13663012e-01  1.36550172e-01  1.15516664e-01  1.85613542e-01
  2.04315716e-01  2.28670775e-01  2.62535645e-01  2.89941784e-01
  3.37770965e-01  3.81328879e-01  3.74966423e-01  3.41979336e-01
  3.03614592e-01  2.72437632e-01  2.49745080e-01  2.21970786e-01
  2.03315750e-01  1.85743115e-01  1.75011860e-01  1.67478844e-01
  1.63687674e-01  1.65175596e-01  1.54047045e-01  1.66507550e-01
  1.51479752e-01  1.61375812e-01  1.53056722e-01  1.38428922e-01
  1.11765410e-01  9.33046130e-02  6.94410798e-02  1.32380882e-02
 -2.14766476e-02 -5.36148118e-02 -1.10157118e-01 -1.54607388e-01
 -2.06446341e-01 -2.63241814e-01 -3.36595572e-01 -4.25667538e-01
 -4.76184624e-01 -5.55126371e-01 -6.29842091e-01 -7.06232710e-01
 -7.80129692e-01 -8.43238424e-01 -9.05288951e-01 -9.46041595e-01
 -9.88819235e-01 -1.01550083e+00 -1.04627945e+00 -1.03637269e+00
 -1.00890675e+00 -9.71811068e-01 -9.54041779e-01 -8.99762559e-01
 -8.44731213e-01 -7.77495205e-01 -6.94452165e-01 -6.42145397e-01
 -5.71616591e-01 -5.05781243e-01 -4.12168533e-01 -3.08922322e-01
 -2.22885068e-01 -1.44498624e-01 -4.48876417e-02  1.31250135e-02
  1.29770123e-01  2.12978934e-01  2.94911750e-01  3.79630518e-01
  4.69719843e-01  5.74729271e-01  6.44477521e-01  7.31118880e-01
  8.44833307e-01  9.11949227e-01  9.30780425e-01  9.57561802e-01
  9.39374572e-01  9.24931206e-01  9.18300324e-01  8.75174686e-01
  8.48079158e-01  8.15600082e-01  7.74219652e-01  7.32630924e-01
  6.93675745e-01  6.49954971e-01  5.93933276e-01  5.61974534e-01
  5.56165943e-01  5.36927257e-01  4.75297762e-01  3.78898679e-01
  2.86078177e-01  1.80213458e-01  1.07594149e-01  6.77002197e-02
 -2.43890587e-02 -1.00421412e-01 -2.08910759e-01 -2.74193813e-01
 -3.15971300e-01 -3.89752231e-01 -4.46129083e-01 -4.80113000e-01
 -5.25080809e-01 -5.84349478e-01 -6.50918367e-01 -6.40593092e-01
 -6.62031622e-01 -6.80012175e-01 -6.44778587e-01 -6.22149922e-01
 -5.71492384e-01 -5.42265384e-01 -4.97411487e-01 -4.51952755e-01
 -4.13648649e-01 -3.54625365e-01 -3.20529830e-01 -2.96697047e-01
 -2.17665328e-01 -1.58517311e-01 -9.69077480e-02 -3.64188184e-02
 -2.92890190e-02  2.47774690e-02  9.63936736e-02  1.44080400e-01
  1.99561481e-01  2.46999943e-01  3.27785689e-01  3.77486416e-01
  4.82596412e-01  5.68531615e-01  6.55590092e-01  7.46795929e-01
  8.36730799e-01  9.32924434e-01  1.01252237e+00  1.11202198e+00
  1.20392173e+00  1.27989937e+00  1.38004009e+00  1.47043097e+00
  1.55970435e+00  1.61282931e+00  1.66134617e+00  1.66961248e+00
  1.64436167e+00  1.62647763e+00  1.58551814e+00]
[ 1.32135104  1.2338109   1.18954214  1.1291208   1.05479106  0.99433192
  0.8825818   0.8424858   0.74475046  0.66682865  0.59357038  0.54167108
  0.46404742  0.39950199  0.31465519  0.24935896  0.1845451   0.14296086
  0.0974427   0.05886914  0.02356927 -0.03011775 -0.04452084 -0.07521831
 -0.09875464 -0.12632197 -0.15906936 -0.17842596 -0.18400154 -0.21695313
 -0.23720013 -0.2744745  -0.30196161 -0.27660119 -0.23587469 -0.20229255
 -0.16461971 -0.09964061 -0.04740853  0.00200999  0.02879574  0.04875276
  0.05237016  0.05326218  0.0850908   0.12591072  0.12401472  0.10537271
  0.05223601 -0.01427916 -0.0483995  -0.12882083 -0.16437011 -0.236897
 -0.29360762 -0.34050358 -0.37259404 -0.420166   -0.46727709 -0.52317133
 -0.52518318 -0.56029018 -0.56656942 -0.58099125 -0.58925648 -0.56775621
 -0.485554   -0.39939287 -0.3062191  -0.23307263 -0.1654928  -0.10770754
 -0.01874875  0.04251797  0.10954661  0.1684975   0.24464729  0.31536185
  0.39215147  0.4652596   0.52664415  0.58272376  0.63856483  0.66539141
  0.70739985  0.72599656  0.69946954  0.63848738  0.56989001  0.5068184
  0.44373278  0.36193729  0.28133299  0.20271894  0.12254903  0.03016039
 -0.05467141 -0.11158383 -0.18404933 -0.26777566 -0.34321196 -0.41432088
 -0.49556468 -0.58948199 -0.67268511 -0.71197005 -0.7009973  -0.67218086
 -0.63979901 -0.62146763 -0.57458381 -0.59859597 -0.58363295 -0.58497543
 -0.53563861 -0.55550201 -0.54164408 -0.55322282 -0.53232773 -0.52236722
 -0.50622845 -0.50089529 -0.50539318 -0.47449408 -0.48369358 -0.42200162
 -0.39941477 -0.36743936 -0.34091314 -0.31566217 -0.29778806 -0.35795124
 -0.38704584 -0.42760189 -0.46713797 -0.48806011 -0.52303477 -0.56714488
 -0.58239342 -0.60003591 -0.60729714 -0.62900735 -0.6252378  -0.6374268
 -0.66095519 -0.6421712  -0.57954321 -0.51725602 -0.42591351 -0.34988361
 -0.27344006 -0.20934656 -0.12291539 -0.05183957 -0.03488456  0.07150726
  0.10318931  0.15288848  0.19322483  0.21280102  0.25474425  0.25283247
  0.20122797  0.16967189  0.12070611  0.08487907]
[ 0.31791971  0.28681401  0.2628144   0.28283818  0.29698701  0.30735096
  0.31582418  0.30751048  0.31695009  0.32519371  0.3475779   0.37675818
  0.36209768  0.37557965  0.38245917  0.37626569  0.33480975  0.31230958
  0.28387402  0.25781058  0.24546731  0.22162192  0.21252942  0.17476639
  0.16056583  0.15960631  0.16556935  0.20942094  0.26438571  0.3150948
  0.37260234  0.42211108  0.46996032  0.51548818  0.55920039  0.63950562
  0.64953953  0.68000561  0.69769311  0.67931446  0.64476669  0.61033681
  0.55952844  0.50031721  0.43448685  0.30056399  0.30052274  0.22972249
  0.15286253  0.09247869  0.0056899  -0.05787372]
[ 0.30614159  0.26411394  0.24210934  0.25440405  0.26526414  0.25033056
  0.27510551  0.26484237  0.270869    0.2769237   0.29435767  0.31868726
  0.29174762  0.30279189  0.30315481  0.29985964  0.27158723  0.24044537
  0.21084507  0.18794386  0.17653754  0.15503951  0.14482618  0.1156297
  0.11311897  0.11769182  0.13012914  0.16771993  0.24135164  0.30173969
  0.36059409  0.41687563  0.46922985  0.52437247  0.57603805  0.66686379
  0.67831829  0.71374258  0.73383217  0.72274254  0.68363404  0.65184797
  0.60419823  0.54680298  0.47458329  0.33806809  0.33287436  0.25917337
  0.1778033   0.11775047  0.02913994 -0.03714896]
[-8.2563e-01 -7.4098e-01 -6.0693e-01 -4.3313e-01 -2.6531e-01 -1.2512e-01
  9.2630e-03  1.3853e-01  2.6866e-01  3.9956e-01  5.3907e-01  6.7866e-01
  7.3224e-01  6.8307e-01  5.9654e-01  5.1201e-01  4.2964e-01  3.0731e-01
  1.8637e-01  1.9693e-01  3.1622e-01  4.1597e-01  5.5549e-01  6.7160e-01
  8.0025e-01  8.7864e-01  8.6574e-01  8.3023e-01  8.2626e-01  8.8814e-01
  9.7037e-01  1.0578e+00  1.1027e+00  1.0092e+00  8.9497e-01  8.0125e-01
  7.0065e-01  5.8993e-01  4.6725e-01  3.6764e-01  2.2361e-01  8.2059e-02
 -5.6685e-02 -1.9225e-01 -3.1986e-01 -4.4625e-01 -5.7339e-01 -6.4731e-01
 -6.4466e-01 -4.9432e-01 -3.8931e-01 -2.4012e-01 -1.4436e-01 -6.5800e-04
  9.5190e-02  2.3902e-01  3.4009e-01  4.6849e-01  5.9774e-01  7.2774e-01
  8.5844e-01  9.8131e-01  1.0744e+00  1.0288e+00  9.1707e-01  8.2343e-01
  6.7146e-01  5.3740e-01  4.0383e-01  2.9936e-01  1.7645e-01  5.3553e-02
 -8.7710e-02 -1.8171e-01 -3.0456e-01 -4.5633e-01 -5.6094e-01 -6.9372e-01
 -7.8610e-01 -9.0890e-01 -1.0054e+00 -1.0929e+00 -1.2013e+00 -1.3080e+00
 -1.4296e+00 -1.5673e+00 -1.7187e+00 -1.8266e+00 -1.8063e+00 -1.6788e+00
 -1.5280e+00 -1.4202e+00 -1.2912e+00 -1.1921e+00 -1.0905e+00 -1.0177e+00
 -8.9640e-01 -8.0437e-01 -6.5263e-01 -5.4557e-01 -4.0870e-01 -2.7149e-01
 -1.4957e-01  3.7740e-03  1.4176e-01  2.7996e-01  4.0130e-01  5.1201e-01
  4.4779e-01  4.0130e-01  2.2909e-01  8.9150e-02 -5.0732e-02 -1.9055e-01
 -3.1829e-01 -4.5778e-01 -5.7769e-01 -6.9733e-01 -7.9545e-01 -8.9128e-01
 -9.8452e-01 -1.0748e+00 -1.1619e+00 -1.2740e+00 -1.3848e+00 -1.4940e+00
 -1.6636e+00 -1.8027e+00 -1.8086e+00 -1.7393e+00 -1.6669e+00 -1.5875e+00
 -1.4759e+00 -1.3127e+00 -1.1438e+00 -1.0085e+00 -8.3919e-01 -6.9981e-01
 -5.6030e-01 -4.2069e-01 -3.0985e-01 -1.6990e-01 -5.7949e-02  5.4773e-02
  1.9509e-01  3.0861e-01  3.3044e-01  2.4744e-01  1.2472e-01 -1.5780e-02
 -1.3251e-01 -2.4875e-01 -3.6444e-01 -4.7184e-01 -6.1238e-01 -7.5293e-01
 -9.1849e-01 -1.0921e+00 -1.2238e+00 -1.3775e+00 -1.4633e+00 -1.3814e+00
 -1.2772e+00 -1.1710e+00 -1.0488e+00 -9.4054e-01 -8.1805e-01 -7.0817e-01
 -5.9715e-01 -4.7433e-01 -3.6225e-01 -2.4932e-01 -1.3565e-01 -2.1309e-02
  7.3741e-02  1.8889e-01  3.0455e-01  4.2069e-01  5.3725e-01  6.5419e-01
  7.9312e-01  8.8493e-01  1.0032e+00  1.1443e+00  1.2380e+00  1.3573e+00
  1.4754e+00  1.5946e+00]
