[-0.2789221  -0.16287175 -0.18134781 -0.12318488 -0.08477848 -0.02976754
  0.02505122  0.06531742  0.14176957  0.18359036  0.25171094  0.28885725
  0.37803333  0.39756365  0.4271786   0.41251143  0.43753285  0.34121995
  0.29435244  0.23578289  0.19344065  0.1239653   0.10056427  0.011736
 -0.07093479 -0.12110572 -0.00516842 -0.26410484 -0.32025307 -0.4103109
 -0.58299169 -0.54558203 -0.59411014 -0.63850013 -0.69351693 -0.70205794
 -0.74657546 -0.80284238 -0.8623617  -0.8733436  -0.83959293 -0.76575851
 -0.66212442 -0.61578623 -0.53983558 -0.53320148 -0.45084668 -0.42176513
 -0.37435437 -0.34174054 -0.27498577 -0.29491363 -0.17655098 -0.12559096
 -0.08655452 -0.03518143 -0.11231245  0.06907173  0.11071793  0.1484043
  0.11858962  0.10003894  0.05272283 -0.00851875  0.00270433 -0.03245386
 -0.07653261 -0.08171407 -0.10066973 -0.15952053 -0.19371138 -0.24053025
 -0.27231486 -0.31467193 -0.3574278  -0.43094856 -0.4576597  -0.53256361
 -0.60553406 -0.63480406 -0.6353736  -0.6122772  -0.71681894 -0.53906413
 -0.49853466 -0.44037763 -0.37558388 -0.32775839 -0.27477727 -0.22533533
 -0.14179647]
[-0.2815599  -0.21391964 -0.18339087 -0.12492944 -0.08630035 -0.03784583
  0.02403634  0.0902818   0.14127867  0.18334763  0.25177051  0.28920705
  0.37875997  0.3984727   0.42827645  0.41367204  0.380838    0.34242725
  0.29539168  0.23699249  0.19458755  0.14866409  0.08128846  0.01274815
 -0.07009059 -0.12031408 -0.18912445 -0.263516   -0.31972377 -0.40999514
 -0.47498311 -0.54554566 -0.59413262 -0.63855211 -0.6936429  -0.70212262
 -0.74670214 -0.80303328 -0.86273815 -0.87363835 -0.8397775  -0.76573494
 -0.66185408 -0.61545761 -0.53934916 -0.49469267 -0.45006182 -0.42090677
 -0.37337284 -0.34068237 -0.27371713 -0.22955437 -0.17503635 -0.12400614
 -0.08490229 -0.03334485  0.01485818  0.07091377  0.11261032  0.15032826
  0.11595601  0.10164466  0.05402135 -0.00750867  0.00361203 -0.03180407
 -0.07621335 -0.08149233 -0.11631742 -0.15972363 -0.19409694 -0.24114118
 -0.27302511 -0.3155118  -0.35840401 -0.4097605  -0.45890421 -0.53411883
 -0.60723703 -0.63651527 -0.63709457 -0.61386256 -0.58344483 -0.54042426
 -0.49970425 -0.44138957 -0.37644611 -0.3285084  -0.27532953 -0.22570453
 -0.14195781]
[-0.42129974 -0.40925508 -0.38155521 -0.31282312 -0.35866584 -0.25735421
 -0.28613544 -0.2434597  -0.20036884 -0.15709162 -0.10551935 -0.05136021
 -0.03308033 -0.00414732  0.00874165 -0.03648279 -0.01852733 -0.0449615
 -0.06032924 -0.08695594 -0.103787   -0.11027994 -0.14269032 -0.16303505
 -0.27508404 -0.20141039 -0.21818007 -0.2533789  -0.29235567 -0.32585539
 -0.37064466 -0.38900806 -0.40159554 -0.42340135 -0.41167111 -0.44862487
 -0.43067159 -0.48184835 -0.49901422 -0.47972216 -0.45695514 -0.41833744
 -0.38010725 -0.29367585 -0.28412088 -0.25304327 -0.21400282 -0.30572948
 -0.13794689 -0.10605521 -0.05434286  0.02034385  0.0513521   0.11672537
  0.14009692  0.18661746  0.22582455  0.28473501  0.31704146  0.36851922
  0.3875983   0.4127086   0.41382284  0.42145057  0.43984588  0.44463179
  0.43911632  0.42462487  0.40268816  0.21560775  0.29594134  0.30303794
  0.26208075  0.23777604  0.20511346  0.16683799  0.12802231  0.08807245
  0.0639168   0.01384582 -0.01982284 -0.02893651 -0.06288096 -0.07833949
 -0.09503851 -0.10587404 -0.11579407 -0.12080704 -0.12306841 -0.11891238
 -0.11001918]
[-0.28155859 -0.21391855 -0.18338989 -0.12492863 -0.08629961 -0.03784527
  0.02403671  0.09028195  0.14127871  0.18334756  0.25177032  0.28920676
  0.37875954  0.398472    0.42827558  0.41367098  0.38083685  0.34242597
  0.29539037  0.23699111  0.19458611  0.1486626   0.08128704  0.01274674
 -0.07009187 -0.12031537 -0.18912567 -0.26351714 -0.3197249  -0.40999623
 -0.47498418 -0.54554652 -0.59413318 -0.63855236 -0.69364287 -0.7021224
 -0.7467017  -0.80303258 -0.8627372  -0.87363716 -0.83977621 -0.76573372
 -0.66185294 -0.61545647 -0.53934806 -0.49469149 -0.45006052 -0.42090532
 -0.37337129 -0.34068066 -0.27371535 -0.22955254 -0.17503443 -0.12400426
 -0.08490053 -0.0333433   0.01485949  0.07091479  0.11261112  0.15032882
  0.11595656  0.10164519  0.05402186 -0.0075082   0.00361244 -0.03180374
 -0.0762131  -0.08149216 -0.11631727 -0.15972351 -0.19409691 -0.24114117
 -0.27302505 -0.31551173 -0.35840392 -0.40976038 -0.45890405 -0.53411864
 -0.60723673 -0.63651488 -0.63709414 -0.61386219 -0.58344448 -0.54042399
 -0.49970403 -0.44138946 -0.37644614 -0.32850854 -0.27532978 -0.22570494
 -0.1419583 ]
[-0.45813344 -0.43600852 -0.42067041 -0.40413251 -0.38093727 -0.33763485
 -0.3403113  -0.3350235  -0.28531725 -0.2565535  -0.21992493 -0.1787686
 -0.17711318 -0.16166352 -0.1608473  -0.18859021 -0.20262829 -0.23132179
 -0.24912383 -0.27519713 -0.2897566  -0.30460704 -0.33789958 -0.35198671
 -0.37342113 -0.36810891 -0.3829493  -0.40532242 -0.42242411 -0.43137278
 -0.44732902 -0.45771634 -0.45020319 -0.44824251 -0.40486588 -0.42757732
 -0.32689618 -0.41888277 -0.42366372 -0.38797004 -0.3505384  -0.30069699
 -0.24892909 -0.14955905 -0.13152742 -0.08431675 -0.03858889  0.00644215
  0.06250802  0.08876385  0.17115173  0.22536632  0.25490386  0.31367294
  0.35000618  0.40379257  0.449015    0.49783853  0.54579591  0.59193032
  0.61210322  0.63787323  0.64500171  0.64042784  0.67106107  0.6647536
  0.67345887  0.63954083  0.60935625  0.56934006  0.487161    0.49994629
  0.47544125  0.45096354  0.39775871  0.35272677  0.31727363  0.26686383
  0.22078927  0.17644022  0.15344714  0.12281461  0.08403032  0.06080839
  0.03097552  0.00102839 -0.01852835 -0.04226439 -0.05915398 -0.06892455
 -0.06634528]
[-0.45813237 -0.43600743 -0.4206693  -0.40413121 -0.38093608 -0.33763362
 -0.34031009 -0.33502223 -0.28531593 -0.25655216 -0.21992356 -0.17876708
 -0.17711167 -0.16166193 -0.16084558 -0.18858842 -0.20262654 -0.23132002
 -0.24912209 -0.27519544 -0.28975493 -0.30460539 -0.33789795 -0.35198503
 -0.37341944 -0.36810725 -0.38294769 -0.40532093 -0.42242264 -0.43137139
 -0.44732763 -0.457715   -0.45020192 -0.44824127 -0.40486482 -0.42757648
 -0.32689556 -0.41888232 -0.42366341 -0.38796989 -0.35053831 -0.30069692
 -0.248929   -0.14955894 -0.13152734 -0.08431672 -0.03858893  0.00644205
  0.06250789  0.08876368  0.17115146  0.22536595  0.25490341  0.31367248
  0.35000568  0.40379206  0.4490145   0.49783807  0.54579552  0.59192994
  0.61210274  0.63787273  0.64500116  0.64042731  0.67106055  0.66475325
  0.67345845  0.63954053  0.60935605  0.56933996  0.48716098  0.4999463
  0.47544122  0.45096345  0.39775858  0.35272656  0.31727333  0.26686344
  0.22078878  0.17643965  0.15344654  0.12281399  0.08402983  0.06080807
  0.0309753   0.00102849 -0.01852808 -0.04226384 -0.05915315 -0.06892353
 -0.06634399]
[-0.37301784 -0.39421155 -0.37033022 -0.37238617 -0.32381151 -0.25167953
 -0.28040295 -0.26041278 -0.21888033 -0.18689916 -0.14344497 -0.09189187
 -0.096219   -0.07237002 -0.07088191 -0.10653494 -0.12797735 -0.13764534
 -0.18257673 -0.23933047 -0.26819914 -0.29320689 -0.33967234 -0.33315723
 -0.37388541 -0.40177214 -0.41725244 -0.44698878 -0.46658148 -0.48489131
 -0.50494581 -0.51569819 -0.51027765 -0.50779787 -0.46318772 -0.49914129
 -0.37695774 -0.47454656 -0.50616679 -0.47463688 -0.43342976 -0.37636623
 -0.31678487 -0.19740624 -0.18501073 -0.13131874 -0.08168123 -0.03736006
  0.03235783  0.07204987  0.15336995  0.2169297   0.24539686  0.32626554
  0.36136053  0.41355754  0.4613877   0.51281665  0.56383751  0.61183268
  0.62474408  0.64932314  0.69218494  0.65466089  0.67325865  0.67052206
  0.67637083  0.64124291  0.60862468  0.56356324  0.46542667  0.48647142
  0.46081304  0.42106551  0.37541205  0.34791077  0.2954329   0.23718179
  0.20121319  0.14723668  0.12994977  0.1018649   0.06993519  0.05516473
 -0.01364405  0.01404181 -0.00444074 -0.01680692 -0.02857077 -0.03600102
 -0.02590112]
[-0.45812998 -0.43600515 -0.42066711 -0.40412915 -0.38093424 -0.33763198
 -0.3403087  -0.33502099 -0.28531484 -0.25655127 -0.21992279 -0.17876644
 -0.17711126 -0.16166165 -0.16084519 -0.18858791 -0.20262599 -0.23131946
 -0.24912158 -0.27519505 -0.28975458 -0.30460505 -0.33789762 -0.35198457
 -0.37341893 -0.36810678 -0.38294719 -0.40532045 -0.42242206 -0.43137068
 -0.4473266  -0.45771369 -0.45020048 -0.4482398  -0.40486359 -0.42757542
 -0.32689469 -0.41888169 -0.42366293 -0.38796959 -0.35053812 -0.30069685
 -0.24892899 -0.14955906 -0.13152763 -0.08431726 -0.03858966  0.00644119
  0.06250687  0.08876252  0.17115006  0.22536417  0.25490143  0.31367036
  0.35000351  0.40378986  0.44901232  0.49783574  0.54579304  0.59192739
  0.6121002   0.63787024  0.64499873  0.64042497  0.67105834  0.66475137
  0.67345665  0.63953908  0.60935492  0.56933913  0.48716042  0.49994585
  0.47544068  0.45096278  0.39775786  0.35272579  0.31727256  0.26686271
  0.22078799  0.17643893  0.15344584  0.1228132   0.08402923  0.06080768
  0.03097497  0.00102845 -0.01852784 -0.04226329 -0.05915238 -0.06892257
 -0.0663428 ]
[-0.25804303 -0.30376787 -0.31965257 -0.41681946 -0.49238134 -0.55086758
 -0.63444168 -0.68969489 -0.71946641 -0.76074328 -0.83079856 -0.89361272
 -0.86729013 -0.83869438 -0.7532956  -0.6822175  -0.5915611  -0.50376416
 -0.41587627 -0.33952234 -0.24394676 -0.11659799 -0.01777986  0.07933965
  0.16914188  0.28544519  0.34607775  0.42685025  0.48646156  0.56145415
  0.63659812  0.68665357  0.73717855  0.81107567  0.89511035  0.9668263
  1.02463135  1.09439324  1.15254008  1.23331435  1.32721304  1.4267349
  1.52329305  1.6164853   1.71313753  1.73083657  1.72399213  1.65740273
  1.61905826  1.51357861  1.48967529  1.39927409  1.31083225  1.23550945
  1.11672258  1.05545626  0.95885951  0.83661594  0.73141626  0.65428155
  0.54912938  0.43490687  0.38945976  0.28050924  0.1739871   0.10356093
  0.02120718 -0.04488106 -0.12395172 -0.15186493 -0.1527582  -0.18468695
 -0.12911972 -0.14723034 -0.21024217 -0.28304453 -0.35475247 -0.35058434
 -0.38191825 -0.33675223 -0.27578487 -0.25303553 -0.27872439 -0.37601288
 -0.43190411 -0.43168021 -0.39933361 -0.33453763 -0.2654597  -0.17452781
 -0.12158339 -0.03318815  0.08694176  0.1930766   0.29750831  0.40634274
  0.49495427  0.59172118  0.71203677  0.82505098  0.91662108  1.0244658
  1.09365538  1.19405155  1.2935691   1.38430818  1.47456421  1.54083467
  1.63820413  1.73682628  1.8138288   1.89271113  1.96039607  2.00961913
  1.99922993  1.9488865   1.86832849  1.83118675  1.76399062  1.68248302
  1.61723251  1.54117172  1.45619887  1.34963235  1.24788659  1.10598083
  1.02017783  0.90060216  0.80327053  0.67802431  0.57999052  0.47543287]
[-0.25806685 -0.30378428 -0.35133665 -0.41676418 -0.49237759 -0.55085985
 -0.63442905 -0.6896758  -0.71944103 -0.7607109  -0.83093667 -0.87253003
 -0.8672595  -0.8386685  -0.75327345 -0.68219744 -0.59157824 -0.50374119
 -0.41585181 -0.33949688 -0.24393539 -0.13007332 -0.01775489  0.07936422
  0.16916571  0.25601617  0.33590377  0.42686914  0.4917033   0.56146287
  0.63659954  0.68684473  0.73716586  0.81105593  0.8950838   0.94785992
  1.02458966  1.09434551  1.15248553  1.23325501  1.32715318  1.42667529
  1.52319902  1.61642742  1.71308014  1.73078251  1.72394417  1.65736172
  1.6050773   1.55329378  1.48952295  1.39925856  1.31081961  1.23549834
  1.11666091  1.05544795  0.9588515   0.83655615  0.74276178  0.65427253
  0.54912034  0.43489793  0.36731621  0.28049698  0.17397614  0.10355315
  0.02120351 -0.04487708 -0.12393944 -0.15185015 -0.18936615 -0.18468233
 -0.12912244 -0.14723517 -0.21026901 -0.28304499 -0.35475337 -0.35059065
 -0.38192848 -0.33677065 -0.27580948 -0.25306225 -0.27861956 -0.37603686
 -0.43192781 -0.43170568 -0.39934193 -0.32664849 -0.26549776 -0.17457051
 -0.12162634 -0.03323119  0.08689866  0.20957853  0.30800536  0.40630174
  0.49491509  0.58656879  0.71184268  0.82501391  0.9223151   1.02444477
  1.09361628  1.19401242  1.29353009  1.37300627  1.47451951  1.54079105
  1.63816098  1.73678365  1.81375204  1.87408262  1.96035689  2.00240251
  1.99919488  1.94885385  1.86829834  1.83116406  1.7639748   1.68247127
  1.6173068   1.54116272  1.45619186  1.34962602  1.24788065  1.10597517
  1.02017334  0.90059911  0.80326852  0.67802273  0.57998926  0.47543159]
[-0.21489453 -0.25098811 -0.29796583 -0.34894281 -0.44259286 -0.49470615
 -0.57637089 -0.63044551 -0.66020576 -0.70068821 -0.77863261 -0.81494297
 -0.81565165 -0.79541437 -0.73036383 -0.65511964 -0.57249122 -0.49017047
 -0.40963931 -0.33967238 -0.25241764 -0.14752099 -0.04239534  0.04685313
  0.12872639  0.2088879   0.27647059  0.3667148   0.4319922   0.50166638
  0.5698253   0.62227448  0.66602635  0.73635112  0.81606268  0.86617294
  0.93784877  1.00534377  1.0626145   1.14296706  1.24246775  1.33719695
  1.4222191   1.530268    1.62963683  1.65347358  1.65481299  1.59920812
  1.56627175  1.51395571  1.45053942  1.36978638  1.28254553  1.20631569
  1.08691501  1.025936    0.92638164  0.80659716  0.70954276  0.62075562
  0.51355596  0.40003652  0.33291642  0.24365766  0.13683065  0.06789285
 -0.01257034 -0.07555015 -0.14954241 -0.1782927  -0.21968108 -0.22021921
 -0.18515164 -0.1949255  -0.25915943 -0.32944323 -0.40625822 -0.4136392
 -0.44520393 -0.41076469 -0.3580543  -0.33582593 -0.35966004 -0.45904273
 -0.50713733 -0.50478726 -0.47158044 -0.40288318 -0.34239917 -0.25458925
 -0.19995913 -0.11162935  0.00500724  0.13242553  0.23351689  0.33064905
  0.42121802  0.51414427  0.63844772  0.74286034  0.85002426  0.95127252
  1.0186071   1.11715485  1.22012113  1.29829991  1.39978396  1.47105895
  1.56605661  1.66466508  1.73983404  1.80822122  1.8951829   1.93746322
  1.94543117  1.89651508  1.82940662  1.79691972  1.7360769   1.6567266
  1.59488287  1.51684174  1.43009952  1.32409134  1.22229447  1.08192021
  0.99855647  0.88580277  0.78141722  0.65610483  0.55868287  0.46338393]
[-0.28089931 -0.21318745 -0.18259683 -0.12409618 -0.08543582 -0.03699979
  0.02490549  0.11171456  0.14442884  0.18258168  0.25242911  0.29030748
  0.37984874  0.39964683  0.35283245  0.41492378  0.3821263   0.4098855
  0.26478609  0.23770652  0.18263042  0.15004953  0.08262919  0.0140971
 -0.06878252 -0.11904906 -0.18788088 -0.26230912 -0.31855854 -0.3946536
 -0.47381101 -0.54445028 -0.56790825 -0.63775105 -0.69299507 -0.70160034
 -0.74628279 -0.80272642 -0.86251173 -0.87357627 -0.84822695 -0.79748947
 -0.66208603 -0.60373866 -0.50831964 -0.49520296 -0.45070436 -0.42166786
 -0.37425401 -0.30702374 -0.27488157 -0.23081591 -0.17640263 -0.12543416
 -0.08636696 -0.11703812  0.01343678  0.08045185  0.11125273  0.14900583
  0.1146505   0.09952135  0.05273494 -0.00873517  0.00237653 -0.04367852
 -0.08776105 -0.08250919 -0.1217911  -0.16066166 -0.18506598 -0.24182227
 -0.27405796 -0.31604358 -0.3903495  -0.40733236 -0.47046093 -0.53430601
 -0.62063307 -0.64935743 -0.63934046 -0.61258155 -0.61327653 -0.5278283
 -0.48771561 -0.40194148 -0.38009625 -0.32842848 -0.27528135 -0.22565876
 -0.1420021 ]
[-0.63012769 -0.55499484 -0.50567621 -0.43637561 -0.3765008  -0.30880016
 -0.23701863 -0.1526552  -0.07659231 -0.01603576  0.06334899  0.11432775
  0.21007378  0.24562251  0.29192429  0.30539311  0.29809768  0.29608175
  0.2840034   0.25684644  0.24835689  0.2274423   0.16826551  0.08853166
  0.00139258 -0.04773008 -0.13849334 -0.2277426  -0.29232951 -0.38447115
 -0.45461954 -0.52071401 -0.5568294  -0.65076828 -0.72486513 -0.76034074
 -0.82439516 -0.89583623 -0.97167199 -1.00917936 -1.0060342  -0.95779954
 -0.89365387 -0.83627223 -0.74039146 -0.67694066 -0.61259995 -0.56768981
 -0.5078247  -0.45942529 -0.3707325  -0.30651784 -0.23426407 -0.17155751
 -0.11057549 -0.04795221  0.01749445  0.09163415  0.15042258  0.19179815
  0.15514703  0.11504281  0.05669747 -0.02181096 -0.03553132 -0.08515741
 -0.14850244 -0.17278167 -0.23737378 -0.29997663 -0.34736103 -0.36807529
 -0.37615792 -0.38215443 -0.38009166 -0.38573252 -0.39641523 -0.42531787
 -0.45533736 -0.45066123 -0.42338338 -0.37550422 -0.32035067 -0.27614272
 -0.2537114  -0.22518725 -0.19116936 -0.16993102 -0.15305724 -0.13965823
 -0.06972542]
[-0.64015934 -0.56876186 -0.5195551  -0.44891779 -0.38792518 -0.31923884
 -0.24657189 -0.16195917 -0.09093716 -0.02295322  0.05675529  0.10815032
  0.20185544  0.23558607  0.27900583  0.29018835  0.2808797   0.276877
  0.26288642  0.23456126  0.2266727   0.20140655  0.14073667  0.06021486
 -0.02718321 -0.09398482 -0.16942542 -0.25876456 -0.32414245 -0.41675353
 -0.48669642 -0.56488251 -0.62439922 -0.67371439 -0.74459983 -0.77734343
 -0.83834938 -0.90606007 -0.97808339 -1.01304373 -1.00729233 -0.96604436
 -0.89171318 -0.83319515 -0.73717656 -0.67267145 -0.60758223 -0.56156482
 -0.50056875 -0.45137117 -0.36176428 -0.29647466 -0.22383252 -0.15978317
 -0.09876438 -0.03771277  0.02441037  0.09543856  0.15105132  0.18988889
  0.15139261  0.11017443  0.04292294 -0.02756345 -0.04337791 -0.09423887
 -0.1579782  -0.18450208 -0.25052667 -0.31455946 -0.36348834 -0.38629806
 -0.39670544 -0.40459661 -0.40415081 -0.41043546 -0.4191351  -0.44435927
 -0.47134513 -0.46425069 -0.43555872 -0.38660605 -0.33206369 -0.28402052
 -0.25954175 -0.22909773 -0.19386408 -0.17049266 -0.15209656 -0.13652437
 -0.06534724]
[-0.5506504  -0.56961751 -0.55350068 -0.55598201 -0.50562155 -0.46682681
 -0.45730161 -0.43047542 -0.37673876 -0.35061524 -0.31109922 -0.27705164
 -0.24160642 -0.21386855 -0.18521646 -0.17302204 -0.16857591 -0.13154577
 -0.13404383 -0.15096794 -0.14099329 -0.12667761 -0.12960344 -0.10587916
 -0.12883354 -0.12221102 -0.14784405 -0.15631259 -0.16005747 -0.1680303
 -0.17007352 -0.16102904 -0.12875179 -0.16049094 -0.13481702 -0.13608493
 -0.08195857 -0.09500544 -0.1231567  -0.09222199 -0.05108833  0.01932253
  0.07704547  0.16904062  0.22552374  0.27469105  0.30756248  0.32100703
  0.35738307  0.37047965  0.4070876   0.43098416  0.43726968  0.46088422
  0.47276512  0.49373712  0.50731208  0.52676621  0.53519522  0.54900444
  0.52313764  0.49635149  0.5105832   0.42265149  0.40678004  0.367473
  0.33227562  0.28652088  0.23952831  0.19160125  0.12471886  0.11272111
  0.09102515  0.06231199  0.01623831 -0.01732004 -0.07673962 -0.12322823
 -0.1690661  -0.19643672 -0.20505072 -0.21874379 -0.23040625 -0.25252287
 -0.32393941 -0.29900361 -0.30359078 -0.3019087  -0.29802721 -0.28812034
 -0.26071474]
[-0.83919  -0.69981  -0.5603   -0.42069  -0.30985  -0.1699   -0.057949
  0.054773  0.19509   0.30861   0.33044   0.24744   0.12472  -0.01578
 -0.13251  -0.24875  -0.36444  -0.47184  -0.61238  -0.75293  -0.91849
 -1.0921   -1.2238   -1.3775   -1.4633   -1.3814   -1.2772   -1.171
 -1.0488   -0.94054  -0.81805  -0.70817  -0.59715  -0.47433  -0.36225
 -0.24932  -0.13565  -0.021309  0.073741  0.18889   0.30455   0.42069
  0.53725   0.65419   0.79312   0.88493   1.0032    1.1443    1.238
  1.3573    1.4754    1.5946    1.715     1.8363    1.9573    2.0819
  2.206     2.2604    2.273     2.3103    2.3022    2.2216    2.1152
  2.0104    1.9072    1.8059    1.6771    1.5837    1.4735    1.364
  1.2415    1.1327    1.0248    0.90263   0.78053   0.65848   0.5827
  0.67793   0.83433   0.94745   1.0183    1.0481    1.0385    0.96777
  0.90874   0.81846   0.72992   0.61615   0.53053   0.41849   0.27849
  0.16735   0.027613 -0.082426 -0.2218   -0.29948  -0.23783  -0.067536
  0.07027   0.16971   0.3052    0.44154   0.57863   0.7483    0.88465
  1.0206    1.1909    1.3273    1.4637    1.566     1.7033    1.6724
  1.5377    1.4034    1.2694    1.1312    0.96106   0.82286   0.65271
  0.48259   0.34652   0.17427   0.004129 -0.13399  -0.30417  -0.4403
 -0.57985  -0.68316  -0.82018  -0.95653  -1.058    -1.1569   -1.2903
 -1.4601   -1.592    -1.7008   -1.6382   -1.5022   -1.3987   -1.261
 -1.1545   -1.0801   -0.96557  -0.85379  -0.74098  -0.62726  -0.53813
 -0.44645  -0.38508  -0.27769  -0.21059  -0.10966   0.006433  0.079983
  0.18587   0.27849   0.37417   0.47268   0.56383   0.61271   0.71378
  0.77149   0.78511   0.68307   0.56156   0.43857   0.31687   0.1966
  0.076516 -0.041555 -0.15776  -0.27188  -0.41053  -0.52711  -0.61566
 -0.73068  -0.84493  -0.95828  -1.0812   -1.1818   -1.0791   -0.94229
 -0.80508  -0.66751  -0.52965  -0.37424  -0.25317  -0.14864  -0.057769
  0.079117  0.18637   0.27849   0.40082   0.55322   0.67558   0.78182
  0.91832   1.0406    1.193     1.2683    1.2848    1.3357    1.2958
  1.1254    0.98649   0.86574   0.72687   0.58812   0.46725 ]
