[1.2086786  1.18121028 1.14875424 1.12899196 1.09211683 1.05821443
 1.01826775 0.97196937 0.93544078 0.88830233 0.84433234 0.79482597
 0.76305753 0.71777511 0.68514776 0.63834691 0.5993064  0.55797094
 0.52648795 0.48441488 0.4542734  0.4148922  0.37658879 0.35433015
 0.32270351 0.29120174 0.26831073 0.23782736 0.21501668 0.19579853
 0.1718207  0.14223549 0.11963684 0.10473172 0.08084949 0.05509065
 0.03130434 0.01058272]
[-1.03485656 -1.04736435 -1.06731248 -1.08189344 -1.09944189 -1.10970378
 -1.11873162 -1.13142872 -1.13520193 -1.14083493 -1.13381684 -1.12276232
 -1.11722124 -1.10492492 -1.09690881 -1.08223343 -1.06795466 -1.05726206
 -1.03823638 -1.02267253 -0.99533457 -0.96304655 -0.9292621  -0.88609356
 -0.83596653 -0.792781   -0.74774915 -0.70079207 -0.65455407 -0.60472286
 -0.55991578 -0.51123875 -0.4646467  -0.42043227 -0.37815288 -0.33614698
 -0.29549131 -0.25700089]
[0.17595772 0.20843342 0.24953209 0.28373027 0.31326228 0.35022905
 0.38401586 0.41852415 0.46432436 0.49084395 0.52258414 0.55874503
 0.58916879 0.62594694 0.67247444 0.70872742 0.76751155 0.81023079
 0.86263275 0.90610033 0.95009404 0.99146694 1.03622997 1.0820049
 1.12684977 1.17210758 1.21396208 1.25293899 1.27838278 1.31960881
 1.3566395  1.39043891 1.42104745 1.43901706 1.45648146 1.47931731
 1.49215698 1.49696302]
[ 0.32997063  0.28289247  0.23610693  0.19806446  0.12693894  0.07804694
  0.02037387 -0.06208707 -0.14497705 -0.22952592 -0.31020063 -0.38811573
 -0.46678084 -0.53718483 -0.62659603 -0.71479237 -0.80595207 -0.86677152
 -0.95502609 -1.04308605 -1.14264822 -1.24660909 -1.35628498 -1.4359138
 -1.52219915 -1.61389434 -1.6849637  -1.74289548 -1.7910794  -1.85576677
 -1.92150712 -1.99202847 -2.06038952 -2.14394641 -2.20342803 -2.21828294
 -2.26805687 -2.28479934]
[-0.52548319 -0.50002664 -0.46912017 -0.44719166 -0.41273737 -0.38809335
 -0.3586514  -0.34033149 -0.32033169 -0.29858294 -0.26859897 -0.24415027
 -0.20758383 -0.16390602 -0.12038527 -0.08217223 -0.04487179 -0.00493295
  0.03217252  0.07495918  0.10886534  0.15434881  0.18584812  0.21778183
  0.24504909  0.26906163  0.2888805   0.31183648  0.33705473  0.35616973
  0.37196249  0.39685306  0.41510138  0.42975122  0.44434997  0.45886621
  0.4837212   0.50800645]
[-1.53136814 -1.52754843 -1.56121242 -1.5726037  -1.58638108 -1.59919
 -1.6022948  -1.62224376 -1.62181628 -1.6409874  -1.67728543 -1.70904446
 -1.71230876 -1.71683609 -1.71981347 -1.73523128 -1.73001373 -1.72532916
 -1.72381616 -1.71026552 -1.71123791 -1.68871558 -1.68576586 -1.69617355
 -1.66878843 -1.66442215 -1.66008615 -1.66235352 -1.64323676 -1.66598189
 -1.69401741 -1.72470319 -1.74483824 -1.76230609 -1.79482079 -1.83178318
 -1.86060047 -1.88678896]
[1.25374091 1.27797282 1.31131077 1.33265233 1.35659528 1.39563119
 1.41303039 1.42563903 1.42528176 1.42672145 1.43958724 1.45289409
 1.44314182 1.44555449 1.42377782 1.42139876 1.3986367  1.38976097
 1.37717474 1.36284232 1.35107732 1.35523856 1.36335611 1.36734164
 1.38449121 1.37875032 1.39657867 1.40175009 1.39640188 1.4246676
 1.43051064 1.4380219  1.43846273 1.43435037 1.43139398 1.43253458
 1.42356038 1.39425111]
[ 0.10118403  0.0909369   0.0836155   0.06410148  0.05010759  0.03556304
  0.01919409 -0.00885205 -0.03316383 -0.05654879 -0.08043657 -0.10123409
 -0.13827129 -0.17302823 -0.2065623  -0.24294518 -0.28979954 -0.32494858
 -0.35053939 -0.37512359 -0.41564438 -0.44197348 -0.47800675 -0.51510471
 -0.54814327 -0.58767116 -0.63943982 -0.68566841 -0.72525054 -0.76208538
 -0.80960804 -0.83770061 -0.88035315 -0.9103995  -0.93993127 -0.9744733
 -1.00568271 -1.02595031]
[-0.63361853 -0.66500032 -0.69297153 -0.72601312 -0.75459468 -0.78489244
 -0.8155964  -0.84846187 -0.87760895 -0.90667182 -0.93537903 -0.96163613
 -0.9838143  -1.00416553 -1.02597415 -1.04156148 -1.06116807 -1.0730437
 -1.08713531 -1.09914994 -1.10764718 -1.10688579 -1.10777366 -1.10993028
 -1.10894012 -1.10943258 -1.10854089 -1.11062396 -1.11010873 -1.10858369
 -1.09971285 -1.09721661 -1.09005451 -1.07744896 -1.0638938  -1.0499121
 -1.03465998 -1.02504706]
[ 0.69414574  0.67610765  0.66481769  0.64695573  0.63743371  0.62031442
  0.60434377  0.58476824  0.55552363  0.52274543  0.48218673  0.43317619
  0.37958726  0.32508808  0.27484265  0.22723156  0.18412794  0.1397935
  0.09774099  0.05359165  0.01285175 -0.02773198 -0.07355402 -0.11821692
 -0.1634406  -0.20870747 -0.26292169 -0.31817314 -0.3740775  -0.43408254
 -0.49561775 -0.548491   -0.60773844 -0.65790606 -0.70847052 -0.75897729
 -0.80554324 -0.84794205]
[-0.43970501 -0.40057394 -0.35693508 -0.31314117 -0.27281028 -0.222683
 -0.17146103 -0.12452982 -0.07168574 -0.01611816  0.03273312  0.09276406
  0.14631698  0.20498122  0.2580677   0.31451637  0.36999366  0.42563698
  0.47249174  0.53544444  0.58829612  0.63978332  0.69561481  0.74273777
  0.78945684  0.83753204  0.88294017  0.93314266  0.98058254  1.0310241
  1.0702095   1.11798513  1.16267657  1.2040261   1.24125504  1.28284776
  1.31562805  1.34763265]
[-1.89204037 -1.88343501 -1.85133851 -1.80758858 -1.76828992 -1.72753751
 -1.69491279 -1.66000319 -1.62278342 -1.60440099 -1.59622478 -1.57162428
 -1.53911495 -1.51525068 -1.48044932 -1.44454539 -1.41105473 -1.38438058
 -1.36317968 -1.3362329  -1.31849694 -1.29237461 -1.26065791 -1.23371506
 -1.20641899 -1.16949582 -1.14596272 -1.11339951 -1.07269812 -1.04521251
 -1.00785363 -0.96738267 -0.92726171 -0.89113569 -0.84610683 -0.79893422
 -0.75366473 -0.69284821]
[1.35700047 1.35537934 1.3709532  1.40272796 1.42259693 1.42297304
 1.42660916 1.41845    1.4065696  1.41294396 1.39462185 1.37861621
 1.37642634 1.36609507 1.3421675  1.31968403 1.29131317 1.27083921
 1.23683679 1.19122601 1.15576899 1.11975908 1.07550251 1.03252494
 0.97751307 0.93233281 0.87741196 0.83703446 0.77414066 0.73127186
 0.67463005 0.6060617  0.54457134 0.50355494 0.44158357 0.39346758
 0.34404495 0.28889564]
[-1.92821503 -1.83466816 -1.74409306 -1.66474962 -1.55979633 -1.46086287
 -1.37762547 -1.26200223 -1.1683104  -1.06230962 -0.93923616 -0.85154915
 -0.76531631 -0.66200817 -0.56910425 -0.4793638  -0.38375318 -0.2841323
 -0.20515542 -0.13537095 -0.02989628  0.05313275  0.13384093  0.23987393
  0.33965248  0.41536543  0.4688502   0.53992826  0.61802375  0.70003319
  0.73442531  0.76770848  0.78112561  0.81740099  0.84863764  0.89056867
  0.95110339  0.97271878]
[0.41129139 0.42696628 0.43817002 0.45723945 0.4925271  0.51997268
 0.53927869 0.54164451 0.55262822 0.56460643 0.57445645 0.58926427
 0.62055463 0.67207682 0.72787607 0.78026026 0.81586039 0.84751081
 0.87944317 0.90712583 0.92748368 0.92046511 0.90710503 0.89894432
 0.87063998 0.81532067 0.76336843 0.71763724 0.69752812 0.66607338
 0.63533318 0.6143924  0.59703779 0.54308408 0.48641545 0.43533972
 0.37875012 0.32816154]
[-1.18531096 -1.16498721 -1.13942277 -1.11928046 -1.09547043 -1.06413734
 -1.03860676 -1.00776637 -0.96498775 -0.93309224 -0.88888168 -0.85753042
 -0.81689155 -0.77103323 -0.72613686 -0.68496317 -0.63179052 -0.59038955
 -0.53292197 -0.49437827 -0.44327152 -0.38953283 -0.34407437 -0.29253775
 -0.24487332 -0.19435534 -0.14784184 -0.0978049  -0.04839702  0.00977734
  0.06466757  0.11857358  0.16501836  0.22669101  0.28213426  0.32976398
  0.38594455  0.43696111]
[-0.54501903 -0.55497146 -0.56719953 -0.57766199 -0.5811407  -0.59519905
 -0.59875149 -0.6051535  -0.60306919 -0.59588742 -0.59484184 -0.58644944
 -0.58562917 -0.59057808 -0.5858742  -0.57612294 -0.57058811 -0.56827736
 -0.56155908 -0.55204123 -0.54953063 -0.53998291 -0.52581638 -0.50807482
 -0.5020383  -0.48405713 -0.45999452 -0.44231117 -0.41891414 -0.39402139
 -0.3658385  -0.33892804 -0.31588539 -0.28483272 -0.25483105 -0.22571689
 -0.18981178 -0.15533789]
[-0.23679587 -0.26734149 -0.27998796 -0.29592538 -0.31268921 -0.32983524
 -0.35214925 -0.37021154 -0.39361238 -0.41913021 -0.44099623 -0.45417571
 -0.46601832 -0.49017462 -0.51627749 -0.54769111 -0.56800532 -0.58412933
 -0.60404021 -0.62559187 -0.64656556 -0.65910625 -0.6793049  -0.70606542
 -0.74216735 -0.75608617 -0.79064703 -0.81269103 -0.82811713 -0.8429392
 -0.85242653 -0.8605302  -0.8719303  -0.88683379 -0.90394157 -0.90553641
 -0.90358192 -0.91537493]
[-2.67719674 -2.77532077 -2.93174005 -3.04682636 -3.21672916 -3.36011171
 -3.44987202 -3.57350159 -3.62714672 -3.79060483 -3.83482981 -3.75874853
 -3.67848492 -3.6391089  -3.50069547 -3.39369392 -3.23494339 -3.03515816
 -2.91210938 -2.76195025 -2.58470726 -2.42764997 -2.2109921  -2.03542709
 -1.9165895  -1.80804801 -1.62005115 -1.4727602  -1.3402518  -1.21821952
 -1.04676926 -0.91352344 -0.79485762 -0.66335326 -0.5130654  -0.33497861
 -0.17316283 -0.01195836]
[ 0.54049724  0.56154495  0.57478821  0.58728123  0.60362983  0.61456496
  0.62955159  0.64462119  0.65670264  0.65745604  0.6568377   0.66079283
  0.65752274  0.65242833  0.64273691  0.62493908  0.60207361  0.56861293
  0.52887946  0.48162082  0.41957378  0.37056482  0.31454536  0.26895222
  0.22288209  0.17969181  0.13774389  0.09819561  0.05809721  0.01515832
 -0.03105246 -0.07852561 -0.13158257 -0.18249017 -0.23626873 -0.29457867
 -0.35223985 -0.40663546]
[-1.96449423 -2.0511148  -2.15731955 -2.33468103 -2.3575933  -2.60591102
 -2.75730038 -2.86283326 -2.97077489 -3.15950537 -3.32691002 -3.35515666
 -3.50092363 -3.55377245 -3.73992038 -3.80368233 -3.76853609 -3.69578719
 -3.71389651 -3.47693634 -3.37486553 -3.14477038 -3.08522725 -2.95568109
 -2.8621366  -2.62556291 -2.41985083 -2.26181936 -2.09039068 -1.95300186
 -1.84003603 -1.66419947 -1.55302346 -1.45626724 -1.34329009 -1.13031983
 -0.9542104  -0.882119  ]
[-0.509      -0.47027013 -0.43744141 -0.39941114 -0.36589953 -0.32508731
 -0.27797207 -0.23011529 -0.18622868 -0.13957505 -0.08965576 -0.03999277
  0.00537482  0.0509263   0.09464657  0.1383867   0.18047389  0.22437753
  0.26994756  0.30521002  0.33878735  0.36419204  0.38151842  0.40509403
  0.43176657  0.45592731  0.48417741  0.51579684  0.5461148   0.57026052
  0.60248739  0.63867331  0.67150342  0.69837642  0.72318566  0.74307835
  0.75406492  0.7698133 ]
[-1.89400423 -1.90886927 -1.92729008 -1.88994157 -1.87371671 -1.83073652
 -1.83586085 -1.80774045 -1.76090527 -1.74330974 -1.67109931 -1.60418928
 -1.59390044 -1.55059195 -1.50828731 -1.49222863 -1.49088013 -1.48697793
 -1.49335766 -1.46367526 -1.44186437 -1.42507398 -1.3987447  -1.36352253
 -1.34471846 -1.3352648  -1.33411372 -1.32713091 -1.30799413 -1.29679191
 -1.29154527 -1.28431511 -1.27654028 -1.24815595 -1.22015333 -1.20537138
 -1.19623995 -1.17436552]
[ 0.09671994  0.08738371  0.07853067  0.06489306  0.04760441  0.03135443
  0.01341089 -0.00397542 -0.01337426 -0.03471919 -0.05162342 -0.0680496
 -0.08556567 -0.10170183 -0.11889463 -0.14296153 -0.16617799 -0.18848613
 -0.21527666 -0.23170009 -0.24875426 -0.27102655 -0.28963637 -0.30376077
 -0.31782603 -0.33095974 -0.34346446 -0.35500839 -0.36599794 -0.38023144
 -0.39108121 -0.4087159  -0.41924828 -0.43499339 -0.4483479  -0.46181038
 -0.47503299 -0.48563367]
[ 0.75914347  0.59098589  0.44829094  0.34524792  0.19477023  0.01123474
 -0.1524615  -0.31390116 -0.48829868 -0.67607236 -0.8466841  -1.04795372
 -1.28514385 -1.38124645 -1.49376976 -1.62208247 -1.72175252 -1.8088764
 -1.98956978 -2.13376856 -2.37841964 -2.51027107 -2.71409512 -2.84473443
 -3.05535102 -3.14480543 -3.34307551 -3.5627954  -3.673069   -3.88589501
 -4.00181103 -4.12741899 -4.26562405 -4.20281839 -4.14514399 -4.08439207
 -3.82544136 -3.68483829]
[0.5833599  0.6334728  0.68168235 0.73217118 0.78601909 0.84225053
 0.8897121  0.95309466 0.99711913 1.05037105 1.10704184 1.15414739
 1.21219063 1.26148093 1.31115925 1.36409926 1.41308796 1.45299506
 1.51181149 1.55304193 1.59503663 1.63961375 1.67315876 1.71005189
 1.74721956 1.77606308 1.80766487 1.82346272 1.83856082 1.85411513
 1.85817409 1.87493789 1.87278414 1.89032853 1.89358473 1.88922334
 1.88553607 1.88164294]
[-0.86570525 -0.90283716 -0.94166797 -0.96824026 -0.99709511 -1.0252893
 -1.05816734 -1.09191489 -1.13186169 -1.16506171 -1.1860528  -1.20865369
 -1.23638272 -1.26183581 -1.29728973 -1.33538914 -1.36513054 -1.39135718
 -1.4239285  -1.45184278 -1.47262287 -1.50630426 -1.52744281 -1.55683398
 -1.57629335 -1.59951365 -1.61432219 -1.64642704 -1.65783906 -1.67448449
 -1.69848144 -1.73371458 -1.74973226 -1.75655591 -1.78126252 -1.79344881
 -1.77939653 -1.78331172]
[ 0.05379006  0.06984302  0.07368825  0.08939246  0.1019773   0.10662454
  0.1085962   0.12211463  0.12787157  0.12405748  0.12925214  0.11628073
  0.0954097   0.08492461  0.06889345  0.06022454  0.05497962  0.04129687
  0.02494161  0.004872   -0.02012148 -0.03475679 -0.05667578 -0.07871673
 -0.09315759 -0.09149656 -0.10991205 -0.12951894 -0.13008678 -0.1469886
 -0.17151208 -0.17752567 -0.19403127 -0.20365396 -0.22682622 -0.26152077
 -0.29585561 -0.30753377]
[1.52905452 1.5880301  1.62795699 1.65644729 1.68026125 1.75212681
 1.78022456 1.78913105 1.81381452 1.81537139 1.79334712 1.72392511
 1.63982916 1.54541206 1.42985344 1.3361218  1.28212976 1.18895471
 1.11663997 1.05205202 0.96807766 0.90224916 0.85511804 0.81075627
 0.78814971 0.79704428 0.81804311 0.88265431 0.9828617  1.08039844
 1.16570032 1.25629807 1.33920598 1.39497221 1.4558723  1.50193107
 1.58221257 1.63848031]
[-0.71988112 -0.71095121 -0.71812075 -0.72066641 -0.74517727 -0.76245397
 -0.78382802 -0.82167566 -0.84362078 -0.86841953 -0.88592505 -0.90020293
 -0.91589254 -0.92800713 -0.93350118 -0.9236235  -0.90755737 -0.8858012
 -0.86600685 -0.82558829 -0.79435796 -0.75252211 -0.71973163 -0.68731588
 -0.64618158 -0.60742337 -0.56778491 -0.51723409 -0.47345421 -0.43580276
 -0.40041772 -0.36069196 -0.31163615 -0.27137929 -0.23517534 -0.20000863
 -0.16057682 -0.11745024]
[0.17964646 0.22870949 0.26724827 0.3182613  0.35543993 0.38481477
 0.40123782 0.39121589 0.41262323 0.42809755 0.42288482 0.42631021
 0.42079461 0.43818903 0.42656192 0.45666847 0.45378885 0.42904085
 0.44795781 0.41811594 0.42568582 0.45881906 0.4786807  0.4734762
 0.51163334 0.51720268 0.48667398 0.46730864 0.47627151 0.49983075
 0.54474407 0.58640635 0.64226544 0.69990867 0.73887622 0.78166729
 0.81036192 0.84775853]
[0.68253565 0.72440237 0.77351421 0.81506908 0.85426921 0.86954498
 0.88825619 0.91522479 0.93557608 0.97394651 1.02066314 1.04737198
 1.06644893 1.05582356 1.03357601 1.03115904 1.03754151 1.02727258
 1.01859319 1.0142411  1.00972843 1.00925148 0.96359205 0.92898405
 0.89833438 0.8770107  0.87625623 0.89257652 0.90672821 0.91188323
 0.91853803 0.89864534 0.8487978  0.85128838 0.84378201 0.79751676
 0.78646386 0.75540787]
[-1.6276474  -1.6091857  -1.58189678 -1.54781806 -1.53624129 -1.51590669
 -1.4841032  -1.44433892 -1.40086448 -1.37705445 -1.31382334 -1.29311442
 -1.24341857 -1.20188355 -1.17265081 -1.13530231 -1.09271574 -1.05958307
 -1.01364756 -0.97280031 -0.94695568 -0.9083305  -0.87808686 -0.82168704
 -0.78393978 -0.72657412 -0.67376918 -0.61266285 -0.56164223 -0.52318048
 -0.4777225  -0.43222395 -0.3793143  -0.31455803 -0.25460368 -0.20977601
 -0.16145994 -0.09303216]
[ 0.56861216  0.5438807   0.51759499  0.49141538  0.46963128  0.44485107
  0.43574941  0.42299137  0.4081361   0.38853943  0.36089435  0.33199802
  0.29613695  0.26128092  0.24041222  0.2214479   0.20426208  0.18536218
  0.1682587   0.14252961  0.1149962   0.08626188  0.05266413  0.03057035
  0.00130817 -0.01902874 -0.05561901 -0.08368465 -0.11678165 -0.14193322
 -0.17301093 -0.20514072 -0.22302772 -0.24423431 -0.27765754 -0.30619898
 -0.32464385 -0.3657257 ]
[-0.77093112 -0.7356782  -0.69389904 -0.65845758 -0.61301887 -0.57588571
 -0.52665097 -0.4881044  -0.43807516 -0.39403233 -0.34409478 -0.29573649
 -0.25280607 -0.19959703 -0.15169767 -0.09703784 -0.03796905  0.00898504
  0.06124795  0.10981334  0.16102597  0.21729803  0.27000633  0.31818628
  0.36704579  0.40896925  0.45982701  0.51272327  0.55969924  0.6155141
  0.66077501  0.71344942  0.76608932  0.80778676  0.85840398  0.90271592
  0.95044672  0.9874121 ]
[ 0.85351682  0.81154054  0.75867903  0.69562984  0.6295585   0.56479371
  0.50182277  0.43678337  0.37554494  0.31264031  0.25820595  0.19479057
  0.13722323  0.07590951  0.0083831  -0.05542388 -0.1213017  -0.18410689
 -0.24957496 -0.32315046 -0.39493781 -0.46839693 -0.53964043 -0.60513896
 -0.66987652 -0.71701831 -0.76891589 -0.82112688 -0.87145478 -0.92352861
 -0.97693235 -1.03694749 -1.08225679 -1.14503634 -1.19076467 -1.23499358
 -1.26784384 -1.30314946]
[-0.60047591 -0.62700093 -0.66296273 -0.69404519 -0.74378443 -0.77378649
 -0.82886171 -0.87366539 -0.90255177 -0.94274175 -0.96237165 -0.98752999
 -1.02223933 -1.03463519 -1.05716705 -1.07378292 -1.09106696 -1.10426724
 -1.13598228 -1.15528154 -1.17544615 -1.1921854  -1.22925556 -1.27476776
 -1.29500198 -1.33508837 -1.37742877 -1.39748788 -1.41698349 -1.44270599
 -1.48455226 -1.5007112  -1.54118574 -1.5585829  -1.57376909 -1.59562516
 -1.61203718 -1.62780786]
[1.15214467 1.20848572 1.27950776 1.33718467 1.39420342 1.44827151
 1.50320613 1.55681551 1.59245038 1.64069808 1.67876518 1.71384072
 1.76652551 1.81642604 1.84328508 1.85692942 1.82147563 1.82831204
 1.81763637 1.79724467 1.79355383 1.79929507 1.8200593  1.82851613
 1.83960283 1.85782361 1.86330211 1.87149155 1.87685859 1.86763012
 1.87925613 1.87247598 1.88251996 1.86699855 1.84880412 1.84016633
 1.84434557 1.83013785]
[ 0.3000091   0.25360385  0.20832865  0.16159928  0.11538938  0.06826874
  0.01910896 -0.02960074 -0.0812862  -0.1361988  -0.18632993 -0.23744869
 -0.28605169 -0.33942577 -0.39445806 -0.44974655 -0.50479996 -0.55686051
 -0.60631037 -0.65356219 -0.70045269 -0.74806875 -0.79988307 -0.83795923
 -0.88353562 -0.92669725 -0.9680407  -1.01026273 -1.04460764 -1.07726169
 -1.10586798 -1.13501763 -1.16275144 -1.18815577 -1.21143126 -1.23093927
 -1.25160992 -1.27489936]
[0.26556018 0.31176758 0.35920408 0.40662244 0.44740796 0.491007
 0.53693676 0.5810135  0.63048476 0.68583381 0.7324357  0.78278106
 0.8301903  0.88117921 0.92928195 0.9773978  1.02828693 1.08219123
 1.1318779  1.18298161 1.23556912 1.28286564 1.33237505 1.3798579
 1.42679679 1.46652102 1.51672447 1.54558408 1.58172488 1.60095632
 1.63348556 1.65769732 1.67851412 1.68734872 1.70226455 1.70601523
 1.69857216 1.70832157]
[-0.94472915 -0.98133832 -1.00821042 -1.03917825 -1.06122434 -1.07352948
 -1.09410954 -1.10402346 -1.11745584 -1.13014126 -1.139974   -1.13634574
 -1.1390847  -1.1420939  -1.14625645 -1.14729846 -1.14718378 -1.14190531
 -1.1307354  -1.13305569 -1.12546992 -1.11743248 -1.1184696  -1.10498405
 -1.09679949 -1.08430707 -1.0777384  -1.06735623 -1.04894364 -1.0340234
 -1.02166808 -1.00320816 -0.99420273 -0.96817356 -0.94146669 -0.91017264
 -0.86778325 -0.83058739]
[ 0.09428585 -0.08332022 -0.2737028  -0.48467144 -0.67665088 -0.88699412
 -1.04410172 -1.21149814 -1.31274784 -1.42078912 -1.61316133 -1.70174205
 -1.82863712 -2.03613615 -2.20909238 -2.4193182  -2.57076669 -2.74367881
 -2.83769107 -3.04313231 -3.24298191 -3.40847063 -3.67621636 -3.8292892
 -4.00990343 -4.07850981 -4.25662565 -4.31266403 -4.1935153  -4.11353874
 -4.03753281 -3.86410522 -3.66601372 -3.44610357 -3.23939371 -3.05178523
 -2.81914163 -2.58790946]
[-0.98618293 -0.94650173 -0.90809321 -0.85965753 -0.81410623 -0.7683416
 -0.72831362 -0.67799813 -0.63365436 -0.59150994 -0.54964143 -0.50766951
 -0.47166923 -0.4307467  -0.39624795 -0.35674703 -0.31442848 -0.28002822
 -0.25030273 -0.20922844 -0.16988969 -0.13629214 -0.10519671 -0.06319083
 -0.01766529  0.02972646  0.07755109  0.12290114  0.17242315  0.21919416
  0.25135174  0.28308824  0.30371955  0.3118802   0.30364987  0.29368863
  0.29287252  0.29338086]
[-5.04690230e-01 -4.93251801e-01 -4.71365690e-01 -4.47005898e-01
 -4.36397195e-01 -4.25276101e-01 -4.05325979e-01 -3.72077227e-01
 -3.43076974e-01 -3.05936873e-01 -2.71259069e-01 -2.33404323e-01
 -1.88758209e-01 -1.47689581e-01 -1.00078210e-01 -6.92620575e-02
 -3.11532263e-02 -3.09288502e-04  2.72999052e-02  5.70759177e-02
  8.46881345e-02  1.10550053e-01  1.25757679e-01  1.22356489e-01
  1.13592319e-01  1.07190385e-01  8.57079849e-02  6.26059771e-02
  3.81282754e-02  1.41653484e-02 -3.19738202e-02 -5.78496195e-02
 -7.88068995e-02 -1.11583911e-01 -1.43321231e-01 -1.72756240e-01
 -1.98112890e-01 -2.18282923e-01]
[ 1.13271809e+00  1.10442662e+00  1.06714380e+00  1.03056479e+00
  9.80865002e-01  9.23263431e-01  8.70212853e-01  8.17555726e-01
  7.61135995e-01  6.98407114e-01  6.40478492e-01  5.86036146e-01
  5.29706299e-01  4.77257431e-01  4.20576632e-01  3.63245159e-01
  3.11479777e-01  2.59668678e-01  2.07094520e-01  1.56629264e-01
  1.06715016e-01  5.43334410e-02  9.41132312e-04 -5.79796322e-02
 -1.15796432e-01 -1.73214510e-01 -2.31110469e-01 -2.91457593e-01
 -3.42996866e-01 -3.91247362e-01 -4.41298455e-01 -4.93183494e-01
 -5.31178415e-01 -5.74239850e-01 -6.15655661e-01 -6.45213068e-01
 -6.89422786e-01 -7.30320513e-01]
[-3.23605943 -3.1259017  -3.01229358 -2.93984532 -2.87022066 -2.75364113
 -2.61235476 -2.51364756 -2.41781592 -2.29559636 -2.18730068 -2.08299375
 -1.9553231  -1.84624946 -1.70536911 -1.55642748 -1.42708063 -1.28060734
 -1.17527521 -1.06281722 -0.9091233  -0.77357    -0.62005842 -0.4726561
 -0.35748345 -0.21362211 -0.0854542   0.0399713   0.13685262  0.27539259
  0.42377236  0.54488057  0.6851244   0.82100707  0.94734037  1.05365086
  1.16107094  1.31468356]
[-0.05485301 -0.02695703  0.00476311  0.03924922  0.07691828  0.112026
  0.15411836  0.18150383  0.21841699  0.23934214  0.27220568  0.30980757
  0.34272909  0.36844796  0.41057608  0.4423888   0.47736588  0.51230747
  0.544164    0.58621961  0.62204546  0.65526885  0.70558572  0.74691349
  0.80268741  0.84656918  0.89756292  0.93935484  0.98608828  1.02528334
  1.06575441  1.09966123  1.13802266  1.17668271  1.20913422  1.24278784
  1.26634276  1.28799427]
[0.38243252 0.4309299  0.48166654 0.52266979 0.56532592 0.61958289
 0.6743474  0.72531676 0.77980494 0.83529323 0.89363104 0.95569205
 1.0070107  1.06218135 1.11544657 1.17206657 1.2280556  1.27964616
 1.33174658 1.38898945 1.44044256 1.48098135 1.53620446 1.58152485
 1.615731   1.6535722  1.68451512 1.71348774 1.74188209 1.76321924
 1.78920484 1.81509161 1.81390798 1.82428133 1.83032775 1.82854033
 1.83102679 1.82987869]
[1.73849297 1.7545197  1.77140903 1.76578677 1.77365923 1.79156208
 1.79489362 1.80014622 1.80244052 1.78667283 1.79504013 1.78454959
 1.77718854 1.76846349 1.75186861 1.73995447 1.7155863  1.68835986
 1.67422485 1.64308679 1.61441255 1.59114003 1.5671916  1.53631747
 1.51660955 1.48157728 1.44997263 1.40806258 1.37373435 1.33720851
 1.29789865 1.27254319 1.24275362 1.1978358  1.16533053 1.12201405
 1.08294582 1.04367936]
[ 1.61372638  1.64353013  1.66210461  1.69193757  1.69254863  1.67800546
  1.65955615  1.63091266  1.59036541  1.52978551  1.48557436  1.42652631
  1.36405241  1.29977     1.23941219  1.16821086  1.09504664  1.03273416
  0.96010959  0.89032066  0.81181628  0.74715447  0.67279232  0.61111802
  0.53533888  0.47711185  0.41355789  0.33697984  0.27379516  0.20451504
  0.13721587  0.07425822  0.00285067 -0.06592125 -0.12738812 -0.20459759
 -0.26441252 -0.33479443]
[-0.39459947 -0.42409062 -0.46346417 -0.48809254 -0.53068918 -0.56401759
 -0.59860092 -0.63200849 -0.6626035  -0.69827896 -0.72499597 -0.76548547
 -0.79621613 -0.83659762 -0.86968219 -0.89722776 -0.93037724 -0.95872545
 -0.98224956 -1.01429093 -1.03061616 -1.05527425 -1.07338166 -1.10010791
 -1.12671435 -1.14124405 -1.15364349 -1.16264188 -1.17001259 -1.17438602
 -1.1816169  -1.18183446 -1.19628584 -1.19189465 -1.19532371 -1.20326769
 -1.20181537 -1.20967472]
[1.76287603 1.76204216 1.75535393 1.74597216 1.73487616 1.72547483
 1.70057213 1.68707013 1.69419754 1.67373168 1.65704203 1.65098083
 1.63137841 1.59941697 1.55028725 1.51418769 1.46203482 1.41104102
 1.36278617 1.31891191 1.27355015 1.2273109  1.1778934  1.11977553
 1.06761301 1.00766098 0.94251871 0.88505048 0.81374335 0.75747412
 0.69872648 0.63488632 0.57691115 0.51915509 0.45771822 0.39401081
 0.3378433  0.27755481]
[-1.70687127 -1.69607544 -1.67829645 -1.67201889 -1.69739664 -1.70314038
 -1.72319746 -1.754215   -1.75077093 -1.75071836 -1.74971831 -1.76248443
 -1.7062844  -1.72510552 -1.73078132 -1.73994696 -1.72197509 -1.68702745
 -1.67126501 -1.65892053 -1.62789011 -1.59132516 -1.57960796 -1.58145893
 -1.59743059 -1.57207131 -1.56267285 -1.549523   -1.58491325 -1.61881053
 -1.65963638 -1.71219242 -1.74617636 -1.78877866 -1.82740045 -1.85256362
 -1.87225711 -1.87391269]
[0.93431097 0.92094731 0.91670853 0.91189355 0.91352296 0.91898847
 0.93426824 0.94868714 0.96093935 0.96055299 0.96084279 0.94704032
 0.93220192 0.9105168  0.89763778 0.8808645  0.86660182 0.84983546
 0.83874643 0.81583691 0.80306363 0.78206658 0.75220346 0.7260204
 0.68637806 0.64064336 0.5949595  0.53752518 0.48549408 0.42623293
 0.37040183 0.3159011  0.26651758 0.21803816 0.17023043 0.1229922
 0.07062954 0.02765306]
[-0.56230867 -0.52849293 -0.48559836 -0.45015231 -0.40231493 -0.36245126
 -0.31768605 -0.27577206 -0.23486121 -0.18819693 -0.14211561 -0.09362093
 -0.03805186  0.01119525  0.0663298   0.11522951  0.16700938  0.22284243
  0.27664334  0.33009091  0.38292137  0.42620799  0.47770473  0.53244442
  0.58153498  0.63750976  0.68393892  0.73498762  0.78752142  0.83578217
  0.88557202  0.92992854  0.97416073  1.01287544  1.05924582  1.1042434
  1.15051556  1.19613051]
[ 0.84147769  0.72547537  0.57859993  0.47569588  0.34568205  0.25190005
  0.12858595 -0.01641658 -0.11777288 -0.20997718 -0.34242886 -0.47591949
 -0.61936337 -0.76288521 -0.88128251 -1.00716639 -1.18722367 -1.34446704
 -1.45712042 -1.60702157 -1.74468458 -1.81351829 -1.90425742 -2.0139904
 -2.13681054 -2.23564625 -2.34582472 -2.48976493 -2.64524198 -2.73039699
 -2.81220341 -2.87356901 -2.97410035 -3.04064989 -3.18317628 -3.24860382
 -3.22588563 -3.23178935]
[-0.50679004 -0.34121972 -0.18390934 -0.04798245  0.07529924  0.24652365
  0.43019944  0.60499275  0.75578099  0.87490445  0.99673027  1.08986092
  1.18696165  1.26875997  1.29953885  1.35350204  1.40353751  1.44295323
  1.43640399  1.40315986  1.36948216  1.32778788  1.27834415  1.2345103
  1.17993009  1.11255836  0.97356707  0.82382423  0.68442774  0.54588974
  0.41760403  0.30298641  0.1857477   0.08192634 -0.01600772 -0.09191332
 -0.19701926 -0.29058096]
[-3.22585702 -3.26479721 -3.27986789 -3.31654167 -3.30995703 -3.20373535
 -3.07816005 -2.97703505 -2.89137506 -2.77435613 -2.62436843 -2.48988247
 -2.40118265 -2.28929234 -2.13660765 -2.00826859 -1.86393237 -1.73797071
 -1.6098938  -1.4618603  -1.30729651 -1.16510415 -1.02649379 -0.87791288
 -0.73204696 -0.59797764 -0.48104733 -0.32774726 -0.17551968 -0.02613638
  0.11184126  0.2422712   0.36858237  0.51246065  0.66120982  0.80422753
  0.95033622  1.10348022]
[ 0.51019943  0.48069772  0.44033736  0.4083564   0.38415575  0.35362467
  0.33043146  0.31526116  0.30636892  0.29097921  0.27304652  0.25680187
  0.23822013  0.21511418  0.18825221  0.16973922  0.15834896  0.14225563
  0.12885906  0.11529628  0.11155494  0.11139216  0.1001364   0.08585101
  0.07801363  0.06775273  0.05566226  0.03934797  0.02257592  0.01483173
  0.00269943 -0.00836925 -0.01310375 -0.02186268 -0.01952712 -0.02806337
 -0.04778508 -0.06099315]
[1.49696577 1.51327729 1.5289079  1.55605984 1.56574798 1.57161903
 1.56925428 1.57456553 1.56143534 1.54877615 1.52774739 1.48572731
 1.4574877  1.44236195 1.41923809 1.38570154 1.35674202 1.32363796
 1.32793868 1.30364096 1.28558755 1.27765262 1.25560021 1.24251497
 1.20523047 1.17913091 1.13729668 1.09448683 1.04285634 0.99626881
 0.95182258 0.93050408 0.87440211 0.84235299 0.81240427 0.77035189
 0.76089942 0.71795219]
[-1.43966413 -1.41222453 -1.40113175 -1.42955744 -1.43534124 -1.45409882
 -1.45970261 -1.47881055 -1.50039065 -1.52309966 -1.56146634 -1.59544957
 -1.60673881 -1.61281753 -1.62738383 -1.67166078 -1.70173073 -1.7073915
 -1.7143867  -1.69787455 -1.69151902 -1.69088542 -1.67685282 -1.71851838
 -1.71885514 -1.72367883 -1.73460233 -1.73862672 -1.73611367 -1.70377755
 -1.6913904  -1.69444728 -1.72917593 -1.74494648 -1.75995135 -1.75799787
 -1.7445538  -1.75293577]
[-2.44156241 -2.36350393 -2.3385005  -2.28974342 -2.23602939 -2.15411282
 -2.03331161 -1.90194488 -1.80211663 -1.68633103 -1.56028068 -1.4602021
 -1.321558   -1.20704341 -1.05232942 -0.91855848 -0.80080724 -0.68648422
 -0.56865144 -0.44756314 -0.31986368 -0.22255884 -0.10508785 -0.00923468
  0.07896774  0.21476685  0.33418271  0.4353548   0.55109483  0.68709356
  0.761401    0.80481803  0.87515587  0.95824748  1.01361406  1.05895102
  1.07072246  1.08371019]
[ 1.09212768  1.04488814  0.99857956  0.94917876  0.89882851  0.85237938
  0.80577666  0.7587781   0.71508431  0.67849135  0.64539635  0.61337614
  0.57832265  0.54382044  0.50227535  0.46115944  0.42210293  0.38651514
  0.35042447  0.31385285  0.28159606  0.24923196  0.2148452   0.18520553
  0.15914236  0.12956834  0.10151031  0.06844186  0.03887051  0.01146695
 -0.01877752 -0.05098306 -0.08081482 -0.11332087 -0.14566004 -0.17629172
 -0.21438669 -0.25622857]
[-1.13225543 -1.07572508 -1.01418388 -0.94280446 -0.87467366 -0.81164742
 -0.74906605 -0.68651038 -0.62174785 -0.56039435 -0.49808589 -0.43914008
 -0.37970433 -0.32482332 -0.26784581 -0.20715205 -0.14385447 -0.0846907
 -0.02644713  0.03126892  0.08993848  0.13931546  0.19995032  0.2499636
  0.30712777  0.36863077  0.41498929  0.44604236  0.477927    0.48477274
  0.50380397  0.51291931  0.51727402  0.52847677  0.53685218  0.5447101
  0.56180394  0.56778103]
[0.0053658  0.10972735 0.17447822 0.22968647 0.29733565 0.38066134
 0.44879696 0.50567615 0.58536017 0.66257799 0.69860095 0.74304146
 0.7902016  0.87042147 0.92534339 0.99720812 1.01849794 1.04429817
 1.05239868 1.04983485 1.05476737 1.04067945 0.99983722 0.93159616
 0.84402418 0.79241621 0.76127607 0.71002245 0.69240475 0.6598317
 0.59799182 0.52241534 0.45456016 0.35753086 0.29343727 0.25247484
 0.21233386 0.20578124]
[-0.49282855 -0.51527065 -0.53205901 -0.55430663 -0.57491863 -0.60130012
 -0.61926889 -0.65775067 -0.69520366 -0.7153734  -0.74392217 -0.76494193
 -0.78940052 -0.82417178 -0.85131854 -0.88784677 -0.92457467 -0.94121581
 -0.95943993 -0.95893556 -0.96257889 -0.96130782 -0.96545142 -0.95848596
 -0.94291425 -0.92920542 -0.92129827 -0.88433689 -0.85186249 -0.82090527
 -0.78044599 -0.72872317 -0.69087344 -0.6373992  -0.59473646 -0.54265654
 -0.49090868 -0.44591427]
[-0.1622301  -0.08473665 -0.0135036   0.0440116   0.10638531  0.13515562
  0.1912099   0.23146215  0.28923267  0.33909187  0.37696785  0.44407633
  0.51435518  0.57209277  0.62550235  0.69101679  0.75163943  0.79800779
  0.84554464  0.89140129  0.9494217   1.00633848  1.0654434   1.11275363
  1.10908592  1.0943855   1.04775822  0.98532432  0.91110498  0.8060897
  0.69474578  0.58256006  0.46249363  0.3540436   0.24528515  0.15782848
  0.08246346  0.0032885 ]
[-1.0961616  -1.22401929 -1.29150617 -1.39887094 -1.6213249  -1.77689433
 -1.90722859 -2.11433411 -2.20930576 -2.30558777 -2.44532299 -2.59452271
 -2.70384073 -2.93485236 -3.1280179  -3.21442366 -3.39779305 -3.5762167
 -3.72652149 -3.79575753 -3.84950829 -4.01949596 -3.96671391 -4.01065063
 -3.90262222 -3.70200896 -3.54142427 -3.39660907 -3.24081588 -3.0290606
 -2.87687016 -2.69235539 -2.55572224 -2.32436585 -2.17218733 -1.95073164
 -1.79660451 -1.66050351]
[-0.54035956 -0.52610499 -0.50995892 -0.49705362 -0.48311782 -0.46776339
 -0.45493612 -0.43703306 -0.4174279  -0.39837244 -0.37410387 -0.35482785
 -0.33152536 -0.31558624 -0.29872569 -0.27721363 -0.24961703 -0.22255784
 -0.18810521 -0.15952316 -0.12641636 -0.0926994  -0.06433941 -0.03490734
 -0.00085508  0.03319476  0.06635467  0.10083396  0.12833819  0.15746713
  0.18301018  0.20823318  0.22509456  0.24025537  0.2506015   0.26701716
  0.2879833   0.29782498]
[-0.93901384 -0.90275413 -0.87168068 -0.83803976 -0.80619299 -0.76977247
 -0.72979426 -0.69206631 -0.64894694 -0.61158282 -0.56333816 -0.52053279
 -0.47401839 -0.4280467  -0.38171107 -0.33703163 -0.29065621 -0.23770894
 -0.18985249 -0.13919237 -0.08524209 -0.03621225  0.01286559  0.06279323
  0.11302382  0.16339947  0.21605638  0.26894453  0.32227409  0.37581959
  0.43543598  0.48638964  0.54006737  0.59419352  0.64410019  0.69489467
  0.74779779  0.79436272]
[1.90758634 1.82385457 1.75513005 1.66227686 1.59442282 1.5300107
 1.46378243 1.41190183 1.32887685 1.24523115 1.1616981  1.05383384
 0.99164194 0.94714946 0.93321407 0.93278086 0.96281207 0.99125767
 1.03886497 1.09089768 1.14290762 1.21907771 1.29146779 1.35756779
 1.42891133 1.47983706 1.54618096 1.60125268 1.66728628 1.70401382
 1.71185303 1.69240737 1.66580725 1.61081994 1.55132699 1.48011124
 1.42033505 1.36103129]
[0.96758151 0.96393019 0.98339576 1.02469075 1.08038092 1.13876247
 1.21617043 1.27335751 1.34496808 1.41124701 1.47603953 1.51348007
 1.54829836 1.57296801 1.58916664 1.61436498 1.65085649 1.64743483
 1.63645434 1.6106652  1.56176102 1.49004674 1.4271394  1.34781837
 1.27393925 1.18949926 1.10815632 1.03505635 0.96134859 0.87001842
 0.80061936 0.72626036 0.64444226 0.5703035  0.48077711 0.41246071
 0.34991428 0.2785362 ]
[1.4878118  1.45911574 1.4252013  1.38922048 1.35244179 1.31976497
 1.28434956 1.2457695  1.2099694  1.17741323 1.14415812 1.10524154
 1.06852019 1.02962863 0.98794079 0.94164127 0.8934269  0.84867632
 0.8038218  0.76433313 0.72090554 0.68039668 0.63965917 0.59518123
 0.5509966  0.50791031 0.46558809 0.42300588 0.37651443 0.33072749
 0.28962973 0.25174919 0.21277124 0.17368075 0.13690215 0.09623621
 0.05172615 0.01096858]
[0.30462259 0.38036579 0.45088294 0.53884763 0.65287864 0.71305567
 0.79411721 0.82484484 0.83686554 0.84636205 0.84740603 0.86104172
 0.88431787 0.91941333 0.92581517 0.91859722 0.90911615 0.90350324
 0.93962419 0.96405452 1.00311434 0.98619872 0.98553061 0.99523759
 0.9394154  0.87268996 0.78387475 0.73877394 0.71801448 0.69335818
 0.68026489 0.6894356  0.70363891 0.68887895 0.65636235 0.60156053
 0.59743476 0.56334192]
[ 0.06765706  0.00724184 -0.05332224 -0.10680746 -0.16576533 -0.21688348
 -0.26518169 -0.31544018 -0.36154065 -0.41441754 -0.47460425 -0.52507353
 -0.5730834  -0.61586463 -0.6692844  -0.71438271 -0.77106667 -0.82482904
 -0.86390108 -0.91078317 -0.94618893 -0.98251742 -1.01514399 -1.03945148
 -1.06251276 -1.08177745 -1.1038928  -1.11720276 -1.13527513 -1.15755498
 -1.16368949 -1.16436553 -1.17991161 -1.17474604 -1.16215062 -1.16466665
 -1.15363503 -1.14783597]
[ 0.38220865  0.39949319  0.37151948  0.34871626  0.30610627  0.23279519
  0.16511217  0.08368044  0.0233537  -0.03119427 -0.0681533  -0.09981951
 -0.1470955  -0.17824595 -0.17969805 -0.18957889 -0.19953556 -0.17109454
 -0.13378932 -0.1311509  -0.08502585 -0.0426084   0.01722475  0.10301082
  0.15138708  0.20824687  0.28163007  0.36779436  0.43604118  0.46780047
  0.53506708  0.59337437  0.65022326  0.70574719  0.7606048   0.79925638
  0.82264328  0.87040216]
[-0.34932297 -0.38222879 -0.40123859 -0.42948267 -0.46245602 -0.49153137
 -0.51553297 -0.528714   -0.56151587 -0.58960426 -0.61406147 -0.64460897
 -0.67726272 -0.68344957 -0.7069813  -0.74645686 -0.76304305 -0.77653939
 -0.78511417 -0.7971617  -0.81136012 -0.81985098 -0.82772434 -0.82815927
 -0.84452379 -0.82740718 -0.82855028 -0.81977135 -0.81499624 -0.81055719
 -0.79339534 -0.78455883 -0.77237481 -0.73365009 -0.71182412 -0.68451488
 -0.66116983 -0.6336844 ]
[-0.82212466 -0.84155875 -0.86976522 -0.88680643 -0.91152626 -0.93630922
 -0.95433682 -0.97368819 -0.97854239 -0.97967571 -0.96044105 -0.93687934
 -0.927387   -0.90099192 -0.86002886 -0.81923938 -0.77372146 -0.73230129
 -0.6948002  -0.66048568 -0.61699158 -0.5741213  -0.53002548 -0.48657748
 -0.44077039 -0.39450526 -0.34553871 -0.30031928 -0.26036611 -0.21094619
 -0.17445828 -0.13161957 -0.08527638 -0.04204726 -0.00222472  0.03360083
  0.07222895  0.10625072]
[-1.84587681 -1.82905114 -1.82543504 -1.8146683  -1.78498328 -1.77965939
 -1.76318109 -1.77176428 -1.76180363 -1.77483857 -1.73080289 -1.75130987
 -1.73320067 -1.75101459 -1.74371338 -1.73869753 -1.73207188 -1.69135046
 -1.64723718 -1.62828636 -1.57247639 -1.54061091 -1.53025758 -1.54138768
 -1.55328286 -1.54325449 -1.56520987 -1.57311273 -1.60352182 -1.63050771
 -1.64810181 -1.65394759 -1.68086421 -1.69903588 -1.72382832 -1.73077333
 -1.74001813 -1.75811899]
[-1.37975585 -1.34959745 -1.30789459 -1.2737608  -1.23786795 -1.19838548
 -1.15683055 -1.11538363 -1.07359934 -1.04223239 -1.00101244 -0.95938444
 -0.92353708 -0.88035917 -0.8454662  -0.81119883 -0.7727856  -0.73404145
 -0.70058227 -0.63993859 -0.60159886 -0.54354727 -0.49625397 -0.44408011
 -0.39469907 -0.34949854 -0.29313821 -0.24147843 -0.19091505 -0.13250101
 -0.08577422 -0.03955829  0.01007452  0.06138667  0.10642058  0.15055403
  0.20496942  0.25896481]
[-6.65507317e-01 -6.47115111e-01 -6.31294549e-01 -6.10516608e-01
 -5.87680817e-01 -5.66815555e-01 -5.49803674e-01 -5.35451949e-01
 -5.22152483e-01 -5.13834774e-01 -5.10890067e-01 -5.10463297e-01
 -5.03872454e-01 -4.90676939e-01 -4.82781172e-01 -4.75743115e-01
 -4.57926929e-01 -4.33825970e-01 -4.11599576e-01 -3.89534324e-01
 -3.66829336e-01 -3.46259147e-01 -3.26930285e-01 -3.04596901e-01
 -2.87507892e-01 -2.66156346e-01 -2.38876626e-01 -2.11200446e-01
 -1.78668812e-01 -1.43018574e-01 -1.06318630e-01 -7.03328326e-02
 -3.75493504e-02 -5.88122057e-04  3.29883657e-02  7.42524415e-02
  1.10841073e-01  1.48201436e-01]
[ 0.50138867  0.45308998  0.40363902  0.35654131  0.30636674  0.26709569
  0.21996652  0.17692097  0.12648529  0.07778594  0.02419752 -0.03245993
 -0.09223056 -0.15200979 -0.20004679 -0.25412834 -0.31017336 -0.36611015
 -0.42161953 -0.47985721 -0.53843933 -0.59444928 -0.64563143 -0.69691712
 -0.74404049 -0.80015278 -0.85442746 -0.90341932 -0.95612979 -1.0064702
 -1.05589616 -1.10473967 -1.14441323 -1.1906774  -1.22416711 -1.26021171
 -1.29477417 -1.32405794]
[ 0.46030635  0.45020759  0.43490255  0.41788629  0.402596    0.38390705
  0.35902452  0.33328694  0.304387    0.27000803  0.24497876  0.22233012
  0.19396462  0.17043701  0.1414092   0.10678076  0.07626464  0.04902421
  0.02394887 -0.00780055 -0.03739137 -0.0713518  -0.10705034 -0.14845087
 -0.18180805 -0.21503748 -0.25044966 -0.28935388 -0.31822649 -0.34832168
 -0.38549915 -0.40922734 -0.43465307 -0.46595648 -0.49495637 -0.51625627
 -0.5299381  -0.55368185]
[-0.03302188  0.02937992  0.08207535  0.14343154  0.2082227   0.26577953
  0.32064921  0.38052028  0.43567955  0.48781323  0.54184139  0.59865129
  0.65594971  0.70544177  0.75827295  0.80808699  0.86049122  0.9163
  0.96610886  1.01942122  1.0730412   1.12558424  1.18162608  1.23543966
  1.28561056  1.33878052  1.39233911  1.44260454  1.49271011  1.54131079
  1.57809305  1.61619747  1.6517036   1.68278372  1.71133816  1.73972416
  1.76160991  1.77779603]
[1.13812435 1.0603677  0.99932081 0.93512416 0.86598974 0.79653597
 0.73378193 0.66757631 0.61089194 0.56243455 0.51567262 0.47814247
 0.44518551 0.41897225 0.38000685 0.35723639 0.33034647 0.32161778
 0.29723239 0.28583044 0.28064421 0.2710852  0.26452547 0.27247477
 0.26551405 0.26379415 0.25284573 0.21302171 0.21345797 0.21040015
 0.20224002 0.19091022 0.19287145 0.19428124 0.19340165 0.18722942
 0.18058048 0.18279456]
[-0.23635806 -0.20270708 -0.17078313 -0.15717612 -0.14755833 -0.13307117
 -0.09560852 -0.06530043 -0.03777121 -0.00109237  0.03143241  0.0657901
  0.09445709  0.11922745  0.14922167  0.17817096  0.18974543  0.2058901
  0.22838886  0.22203754  0.23760565  0.258867    0.26621592  0.26461935
  0.27567917  0.29148519  0.30097377  0.30057248  0.29718432  0.32464135
  0.34810132  0.35081407  0.3694652   0.39775419  0.43020517  0.44164446
  0.45102784  0.47181091]
[-0.03414769 -0.05276747 -0.07219326 -0.09071004 -0.10870427 -0.12687722
 -0.14756459 -0.16772731 -0.19227734 -0.21517877 -0.24247029 -0.26594043
 -0.29112113 -0.31607041 -0.34028509 -0.35977393 -0.37977648 -0.39583868
 -0.40861231 -0.41977584 -0.43109432 -0.4429296  -0.44868094 -0.45536911
 -0.46033272 -0.46527609 -0.46544772 -0.47594628 -0.48368725 -0.49077895
 -0.50202346 -0.50932509 -0.51544613 -0.52413636 -0.53446996 -0.54072297
 -0.54781181 -0.55276388]
[-1.6568265  -1.64104283 -1.61079729 -1.57148933 -1.53347754 -1.51395094
 -1.48302031 -1.45095408 -1.42666686 -1.39103901 -1.36677468 -1.33468711
 -1.28664494 -1.25059402 -1.21360564 -1.17263865 -1.1441983  -1.12347853
 -1.09636056 -1.06591678 -1.0409652  -1.00726676 -1.0020107  -0.99248052
 -0.97101063 -0.9717235  -0.9522711  -0.93889576 -0.91856545 -0.89306211
 -0.86497569 -0.86047417 -0.84479475 -0.85580027 -0.85050619 -0.83481979
 -0.81415677 -0.80783892]
[-1.23580575 -1.26026452 -1.27886987 -1.28961897 -1.31061733 -1.33557522
 -1.35853052 -1.38405848 -1.41291618 -1.43380189 -1.45505488 -1.48885477
 -1.53008103 -1.55503809 -1.57368433 -1.59282541 -1.62423921 -1.65061808
 -1.67174578 -1.69251609 -1.69331503 -1.69024205 -1.69313884 -1.6965512
 -1.70416188 -1.71449995 -1.71551967 -1.73245382 -1.74697781 -1.75091362
 -1.74314833 -1.73940945 -1.72452605 -1.72411954 -1.73814917 -1.75686145
 -1.78355217 -1.79586387]
[0.98980188 1.04422724 1.07671857 1.10982513 1.1533283  1.20164204
 1.23949146 1.2770462  1.30448651 1.32645404 1.35581815 1.36134195
 1.39832711 1.4265511  1.44426835 1.46950483 1.479038   1.4839735
 1.48755765 1.47558486 1.46902597 1.46543181 1.45715714 1.44507802
 1.43722844 1.42561936 1.42121112 1.40365255 1.42263758 1.43821728
 1.43186855 1.44753993 1.44071329 1.45535946 1.45995653 1.45057261
 1.45791304 1.47567761]
[ 1.52748537  1.46604419  1.39740574  1.33555877  1.26567602  1.18521345
  1.10257971  1.01130295  0.93668729  0.84815544  0.77114451  0.69046092
  0.62632775  0.54635483  0.46021786  0.37476     0.29001287  0.19850028
  0.11289451  0.02462433 -0.07272945 -0.16022313 -0.26504838 -0.34804422
 -0.43395424 -0.50135827 -0.59254074 -0.67669284 -0.75413263 -0.8252399
 -0.8839795  -0.93452543 -0.98626971 -1.02777815 -1.07941067 -1.13308632
 -1.18364608 -1.24115419]
[-1.02218699 -1.02302074 -1.03186119 -1.03418553 -1.03502834 -1.03603935
 -1.0343014  -1.03695941 -1.03698659 -1.04709041 -1.05724025 -1.06430101
 -1.06844711 -1.07135355 -1.06680346 -1.0714047  -1.06822109 -1.0660038
 -1.06744754 -1.06139278 -1.06323457 -1.05163622 -1.04256308 -1.03646505
 -1.01060963 -0.99809772 -0.97785074 -0.94896221 -0.91722286 -0.8743341
 -0.82391018 -0.7722913  -0.72244161 -0.66972339 -0.61461222 -0.56388241
 -0.51878494 -0.47561744]
[ 0.69368619  0.6548748   0.61687875  0.57337791  0.52456927  0.47848499
  0.43028995  0.38046673  0.33664343  0.28515497  0.23264684  0.18719909
  0.14352269  0.10373394  0.05850516  0.00757369 -0.03702461 -0.08010236
 -0.12458516 -0.16650276 -0.21274424 -0.25588706 -0.30763274 -0.3594923
 -0.41750199 -0.47197193 -0.5245719  -0.57965058 -0.63064408 -0.67843515
 -0.7301203  -0.78357583 -0.83810043 -0.8853603  -0.93379581 -0.97999895
 -1.02978194 -1.07441366]
[0.58378154 0.61429298 0.61201775 0.64331245 0.66140705 0.66593194
 0.69224864 0.71188807 0.72948492 0.68555427 0.71517146 0.70037609
 0.64062589 0.58215642 0.5368672  0.52252716 0.51438791 0.48231336
 0.45030519 0.45413545 0.46764821 0.42945138 0.41349274 0.44267786
 0.46401143 0.48861122 0.52446163 0.59590697 0.65463233 0.73268956
 0.78526855 0.81466073 0.8861509  0.96192485 1.00669825 1.05417085
 1.11244297 1.14858627]
[-1.26455247 -1.33309126 -1.41065335 -1.4966538  -1.58470786 -1.66368544
 -1.73824215 -1.82164431 -1.91149926 -1.98413026 -2.02892327 -2.08488059
 -2.11740375 -2.15683651 -2.18018746 -2.17831206 -2.17149758 -2.14580727
 -2.11457038 -2.06612611 -1.99341607 -1.90003812 -1.81741095 -1.73629618
 -1.64116132 -1.54685736 -1.44845867 -1.35579085 -1.26142824 -1.17691886
 -1.08411133 -0.99494964 -0.90576631 -0.82870209 -0.75788003 -0.68557888
 -0.62276673 -0.56403178]
[0.76238453 0.82449961 0.88300365 0.93636477 0.975223   1.01438785
 1.07093835 1.1434952  1.18961489 1.26014268 1.29425824 1.36123157
 1.39068532 1.45916235 1.50694132 1.52545595 1.55955672 1.58316207
 1.58786261 1.58323932 1.55944562 1.53149366 1.51419759 1.47515726
 1.45250142 1.40727687 1.37282968 1.33721364 1.28388441 1.23884869
 1.19787562 1.16497934 1.11811948 1.08300948 1.06072831 1.06205595
 1.06396961 1.08322608]
[ 0.21771175  0.16574553  0.11589869  0.06506353  0.01674753 -0.031987
 -0.08472499 -0.13026975 -0.18445742 -0.24149837 -0.29330897 -0.3510634
 -0.41414574 -0.47843415 -0.53432995 -0.59710282 -0.6476053  -0.70528817
 -0.76748043 -0.81789988 -0.87535208 -0.92868215 -0.97925681 -1.03831339
 -1.08916605 -1.15322936 -1.20704985 -1.25928652 -1.30636084 -1.35545754
 -1.39619744 -1.4403131  -1.47643232 -1.5152601  -1.56196439 -1.6046989
 -1.64066267 -1.67803252]
[1.6818254  1.73879552 1.80558908 1.85609388 1.93787539 1.99037242
 2.04049301 2.08525276 2.1468153  2.14671946 2.13010955 2.0461607
 2.05035686 2.01269579 1.98570061 2.00621724 1.97325659 1.92809367
 1.90247548 1.87598085 1.8892957  1.92415202 1.93814278 1.93105614
 1.93212128 1.92997885 1.89104724 1.88365579 1.90184176 1.91891909
 1.92783797 1.9506464  1.95077074 1.96056747 2.01966023 2.01078749
 2.03563714 1.99956155]
[-1.76304281 -1.77473903 -1.81152332 -1.81504452 -1.8339715  -1.8623656
 -1.87964225 -1.92047977 -1.91608155 -1.9370842  -1.95569956 -1.96632802
 -2.00494123 -2.01954508 -1.99156702 -2.00345111 -2.00108957 -1.95473564
 -1.9046551  -1.84336007 -1.80025148 -1.7638104  -1.70786893 -1.64448857
 -1.59404933 -1.5571413  -1.50700104 -1.46147513 -1.40286601 -1.36016846
 -1.32677889 -1.28391671 -1.24500084 -1.1932745  -1.12785125 -1.08710253
 -1.03293037 -0.99845427]
[-0.0964234  -0.12110993 -0.1425043  -0.17151549 -0.20590538 -0.23856761
 -0.28132588 -0.32996753 -0.36871094 -0.43201184 -0.48812965 -0.52657592
 -0.55250698 -0.58901042 -0.62786722 -0.66105735 -0.69223022 -0.72100598
 -0.73360264 -0.77485663 -0.82592064 -0.85257328 -0.86737239 -0.88313234
 -0.89440215 -0.89040887 -0.87162936 -0.84722757 -0.82177591 -0.81447095
 -0.79113317 -0.78807777 -0.76550716 -0.77904093 -0.75084943 -0.74291152
 -0.7532379  -0.73196822]
[ 0.79313499  0.78960961  0.79212946  0.79215479  0.79024291  0.79204088
  0.78762609  0.77970254  0.7703476   0.75263929  0.72960848  0.69490308
  0.65799409  0.61505711  0.56721574  0.51630056  0.45274469  0.39532104
  0.34050947  0.28589863  0.23541978  0.18960908  0.14472853  0.09831702
  0.05253321  0.00614399 -0.04259234 -0.0897665  -0.13578475 -0.17655243
 -0.22761668 -0.2883375  -0.35025832 -0.40999204 -0.47728857 -0.54036748
 -0.59173375 -0.64732569]
[-0.79710299 -0.79327375 -0.77863091 -0.75810719 -0.7315886  -0.7135269
 -0.68000424 -0.64547402 -0.62112689 -0.57445848 -0.51871353 -0.46627307
 -0.40252331 -0.34781885 -0.31925911 -0.31584859 -0.34917086 -0.407343
 -0.48205432 -0.56334054 -0.65577513 -0.73880857 -0.8205533  -0.89681572
 -0.97239524 -1.04946113 -1.13063276 -1.21824324 -1.30936694 -1.40323102
 -1.49256933 -1.58125436 -1.65251613 -1.70564222 -1.75145078 -1.76347721
 -1.76103997 -1.73496354]
[-1.22191525 -1.14352667 -1.07176816 -0.98580897 -0.90845066 -0.83181012
 -0.75183153 -0.67804277 -0.60066378 -0.52213413 -0.44589287 -0.3638134
 -0.28751165 -0.21361233 -0.13806841 -0.06352276  0.01084875  0.08874357
  0.17154416  0.23464578  0.30039221  0.37007582  0.43768218  0.4993954
  0.55992967  0.60980982  0.65854239  0.69498014  0.75424719  0.82120144
  0.86693847  0.9149276   0.97519833  1.01993787  1.08416033  1.13718438
  1.19447923  1.24830067]
[-1.05381644 -1.11249399 -1.17226028 -1.22972679 -1.29904544 -1.35915959
 -1.42053831 -1.4852283  -1.53175867 -1.58196712 -1.62632716 -1.66917944
 -1.70196664 -1.71041799 -1.71459317 -1.69274986 -1.65823936 -1.59536898
 -1.52892673 -1.45701015 -1.37003541 -1.29331148 -1.20856988 -1.12499321
 -1.0445503  -0.96478552 -0.884076   -0.80225796 -0.72328514 -0.64072025
 -0.55936366 -0.4747355  -0.38753256 -0.30578128 -0.23493336 -0.16102698
 -0.07751098  0.00712778]
[ 0.11466481  0.17250687  0.23579259  0.28014308  0.33123809  0.36153495
  0.38379461  0.39244476  0.37120223  0.32991508  0.27385396  0.2025888
  0.13149831  0.06076949  0.00180941 -0.05943334 -0.10849436 -0.1684792
 -0.22690149 -0.2817958  -0.27331889 -0.25684834 -0.26889098 -0.27772322
 -0.275572   -0.22524066 -0.17189382 -0.12597214 -0.06267636  0.01071887
  0.0699491   0.14693658  0.22503689  0.2967014   0.35813862  0.42192709
  0.48984799  0.55300206]
[-0.23695551 -0.24988402 -0.26853871 -0.31758466 -0.37287652 -0.43619627
 -0.53283554 -0.63103586 -0.73341429 -0.81141126 -0.89905614 -0.99453372
 -1.07334638 -1.15423989 -1.27307343 -1.34911263 -1.44033861 -1.53048146
 -1.59689116 -1.66001058 -1.71342778 -1.72440052 -1.75633764 -1.74187088
 -1.72211766 -1.69485664 -1.66058397 -1.61230242 -1.51339102 -1.39108026
 -1.28129423 -1.16132736 -1.05372357 -0.92575616 -0.80314285 -0.69111323
 -0.59186697 -0.47425631]
[-3.20636463 -3.34818387 -3.4822402  -3.59832215 -3.69390225 -3.76377439
 -3.77698374 -3.77838445 -3.72372341 -3.65846729 -3.55769753 -3.41176343
 -3.24055672 -3.04888844 -2.90409851 -2.72711372 -2.50794482 -2.33363128
 -2.18057275 -2.03668904 -1.89939106 -1.7130779  -1.56923199 -1.40249443
 -1.24537706 -1.0979718  -0.92605871 -0.77000874 -0.61985201 -0.47676197
 -0.32562402 -0.12951773  0.06147981  0.18214382  0.32698736  0.47465155
  0.63587439  0.83670461]
[0.5454585  0.58413571 0.64270419 0.68827087 0.72921336 0.79890585
 0.85313004 0.90985185 0.95477355 1.00172758 1.06640077 1.1017679
 1.13756442 1.18114698 1.20902872 1.26060677 1.28997326 1.33803093
 1.3759445  1.41266584 1.42659545 1.43745112 1.44682062 1.47024798
 1.47509301 1.45765281 1.43864131 1.41998947 1.40014565 1.37539244
 1.34333968 1.30922198 1.27143478 1.23513138 1.20391357 1.17230225
 1.15832639 1.1438396 ]
[-0.24058729 -0.26210609 -0.29023328 -0.32737884 -0.36971053 -0.40139928
 -0.43894008 -0.46901095 -0.50463694 -0.51223087 -0.51532489 -0.52114189
 -0.51245975 -0.50357127 -0.49622199 -0.49964651 -0.48433736 -0.48392594
 -0.4804346  -0.46667019 -0.43677002 -0.39004168 -0.33870643 -0.28414527
 -0.22513677 -0.1586563  -0.0998868  -0.03504344  0.02945414  0.09214843
  0.15245117  0.21237987  0.25724655  0.29113752  0.34126875  0.36370268
  0.3893179   0.40082064]
[ 0.61806631  0.62800139  0.64627081  0.66554689  0.67692697  0.68361264
  0.68543655  0.69098759  0.69697869  0.69903374  0.69402641  0.69018072
  0.68786132  0.68599403  0.68113965  0.66658431  0.64882678  0.63469356
  0.62433308  0.61582118  0.60516942  0.59116352  0.57086575  0.53715998
  0.49964994  0.45777318  0.41965023  0.37495074  0.32788756  0.28832439
  0.24997236  0.21249248  0.17364632  0.13124719  0.09151901  0.04737648
  0.01319191 -0.02972595]
[-0.22378987 -0.24494508 -0.2640183  -0.28223053 -0.29779866 -0.31271663
 -0.32930097 -0.34666529 -0.36536697 -0.38649255 -0.39431795 -0.40602943
 -0.42400339 -0.43513989 -0.44985411 -0.46994612 -0.4792546  -0.48653054
 -0.49753615 -0.51088214 -0.51981634 -0.52851373 -0.54680413 -0.56325477
 -0.57726783 -0.6024223  -0.61664563 -0.63056505 -0.64256787 -0.65990824
 -0.66271687 -0.66883004 -0.6749112  -0.68118376 -0.68842357 -0.70909208
 -0.71815264 -0.72251767]
[-0.67656767 -0.68978947 -0.7057215  -0.72320807 -0.72583622 -0.73203725
 -0.73546463 -0.73374385 -0.73441833 -0.74151528 -0.73702991 -0.72936946
 -0.73042262 -0.7268244  -0.72480607 -0.72744077 -0.72502941 -0.72118521
 -0.71291989 -0.71386951 -0.70782053 -0.70254672 -0.70042664 -0.69217885
 -0.68533814 -0.68006116 -0.67367876 -0.66865188 -0.66096479 -0.64956039
 -0.6348787  -0.62218744 -0.61148107 -0.59232146 -0.57458395 -0.54693431
 -0.52918297 -0.50780511]
[-1.60085511 -1.62692487 -1.65750051 -1.69522524 -1.70395434 -1.72154045
 -1.7535044  -1.77863419 -1.76033759 -1.77275467 -1.75643206 -1.78505147
 -1.76188636 -1.77594864 -1.7784059  -1.75460994 -1.72636807 -1.70883083
 -1.67264593 -1.64571774 -1.62829709 -1.604864   -1.59838676 -1.61651182
 -1.61727667 -1.60433507 -1.59829342 -1.61106694 -1.61864865 -1.61871803
 -1.61329377 -1.61151338 -1.61524105 -1.60422432 -1.60795605 -1.59469938
 -1.58332002 -1.56655037]
[ 1.38487625  1.33604419  1.297135    1.27009451  1.21974468  1.1834408
  1.12812507  1.08636367  1.02240932  0.96625972  0.89614296  0.8377021
  0.76933128  0.71035129  0.64189875  0.59924179  0.53710854  0.48017794
  0.41710743  0.35692236  0.29888144  0.24579282  0.18820931  0.12642029
  0.07413166  0.01756491 -0.03358613 -0.09242058 -0.14972179 -0.21650608
 -0.27960965 -0.34177777 -0.40411416 -0.45790896 -0.51198834 -0.56514436
 -0.62371022 -0.67653328]
[-1.7281307  -1.68368149 -1.64919412 -1.63543141 -1.62456346 -1.60201025
 -1.56625366 -1.52064788 -1.49617934 -1.46814513 -1.43680382 -1.40354097
 -1.3642472  -1.33083391 -1.28399181 -1.26597905 -1.22510374 -1.1865294
 -1.17112529 -1.12507045 -1.10147703 -1.07349193 -1.01173711 -0.97197241
 -0.94043273 -0.90469724 -0.86677378 -0.83460271 -0.79957205 -0.75309944
 -0.69251227 -0.64139736 -0.58084053 -0.54323584 -0.50516051 -0.46452779
 -0.4267216  -0.36829087]
[1.57500041 1.61765397 1.65911627 1.70844555 1.71846056 1.77484071
 1.81599271 1.85295665 1.84994268 1.84928811 1.82277572 1.83848405
 1.84235561 1.82907152 1.82271898 1.83863008 1.85509086 1.83622098
 1.84770274 1.84656453 1.84574664 1.83472872 1.81871355 1.81119585
 1.79931295 1.7539196  1.73139381 1.69738328 1.70184433 1.67369092
 1.64581203 1.64928675 1.62005246 1.58538115 1.56960201 1.53421128
 1.51194286 1.48124313]
[0.76530403 0.81592131 0.86806405 0.91924322 0.98253244 1.04892659
 1.09886992 1.13712895 1.16646826 1.19735277 1.21129978 1.20869458
 1.20985126 1.20279455 1.17658162 1.16404414 1.14482641 1.12909031
 1.11733723 1.12183404 1.12987709 1.15060151 1.1833849  1.21844041
 1.25329018 1.2860465  1.32991397 1.3840791  1.43044734 1.46743596
 1.50564468 1.52922797 1.56150925 1.56860924 1.58226573 1.5849638
 1.58722997 1.5696789 ]
[-0.29500762 -0.35519072 -0.40155685 -0.45702124 -0.49692726 -0.55506337
 -0.59436381 -0.64257491 -0.69961959 -0.74534851 -0.80017674 -0.84651959
 -0.8949421  -0.9498741  -0.9954645  -1.04590452 -1.09524441 -1.13788533
 -1.18526649 -1.2337873  -1.27675414 -1.32108235 -1.3522681  -1.39401531
 -1.43579054 -1.46976411 -1.50410724 -1.54924381 -1.5755645  -1.60458934
 -1.63139212 -1.66574132 -1.68076491 -1.71759892 -1.7324723  -1.74219298
 -1.75372899 -1.76039076]
[1.19976461 1.19838774 1.19267774 1.18693638 1.17341971 1.15832627
 1.14198148 1.1227814  1.09650171 1.06927049 1.05322957 1.03466082
 1.02070105 1.00850582 0.99701393 0.99027544 0.9871031  0.97932255
 0.97328001 0.96384525 0.95232886 0.94136566 0.93008506 0.90968108
 0.88786077 0.86778063 0.84052664 0.81315327 0.78542131 0.75720143
 0.72329271 0.69377011 0.6583004  0.62490034 0.59840709 0.56788582
 0.53799522 0.51045382]
[-2.57865286 -2.58052611 -2.56321192 -2.50938606 -2.49219966 -2.44271278
 -2.40412045 -2.35036325 -2.2778275  -2.19095254 -2.0699687  -1.91289663
 -1.79856968 -1.64438665 -1.51787972 -1.41037977 -1.25010502 -1.11845791
 -0.93631285 -0.78406137 -0.6570465  -0.54212564 -0.38688564 -0.24738082
 -0.13260853 -0.01448972  0.11925188  0.24134715  0.34716001  0.47390816
  0.61529219  0.72815442  0.87748802  0.99265486  1.11112797  1.15012479
  1.22775292  1.32896423]
[1.29500699 1.28005445 1.23970234 1.20622182 1.15566432 1.12936532
 1.08770764 1.04892123 1.00656939 0.99116886 0.97675455 1.00335765
 1.03672028 1.07928944 1.1393609  1.18826973 1.2412802  1.28489816
 1.36040807 1.41881216 1.47296679 1.52123356 1.55824625 1.5857141
 1.59051073 1.56616807 1.54635155 1.50259936 1.44924963 1.40986812
 1.36853814 1.3192277  1.27843106 1.23548508 1.20424795 1.16312563
 1.11613345 1.06730843]
[ 1.74876106  1.7395184   1.72422671  1.71086442  1.72346318  1.71971071
  1.72746778  1.71131539  1.68915772  1.67325437  1.63850725  1.59768283
  1.55390477  1.50981617  1.46580803  1.42335892  1.37413907  1.31547582
  1.24782431  1.17708862  1.11821806  1.04450238  0.96099961  0.87156475
  0.79300016  0.71636891  0.65282434  0.5755257   0.51432842  0.44236302
  0.36859742  0.28779954  0.21359645  0.13892278  0.07605984  0.01507372
 -0.05881275 -0.11765616]
[ 0.73309594  0.66683507  0.62364644  0.54036999  0.47109932  0.40652415
  0.33247685  0.2686584   0.2066853   0.14355181  0.09272984  0.03682926
 -0.02199383 -0.09376843 -0.16360167 -0.247988   -0.31887618 -0.38835636
 -0.4681077  -0.5311709  -0.58462954 -0.63376188 -0.66652286 -0.67485619
 -0.70356381 -0.70935315 -0.70314699 -0.6860956  -0.68821245 -0.68166447
 -0.67407125 -0.66693449 -0.63522232 -0.6157397  -0.60516191 -0.57664651
 -0.5649339  -0.58230108]
[-0.93612629 -0.94421768 -0.94088179 -0.92336833 -0.90375519 -0.8723067
 -0.83834469 -0.79235947 -0.7387678  -0.6929974  -0.63793296 -0.58961356
 -0.5385493  -0.49345633 -0.45174509 -0.40676221 -0.36488113 -0.32303038
 -0.28038961 -0.24542855 -0.20320755 -0.16074224 -0.12943521 -0.09981525
 -0.0750391  -0.05576992 -0.0442599  -0.04491995 -0.05544496 -0.067595
 -0.07511634 -0.09169352 -0.09699836 -0.10032018 -0.10573745 -0.10552975
 -0.09997507 -0.09231162]
[-1.32315707 -1.33714366 -1.34550524 -1.35619795 -1.37013292 -1.38185298
 -1.39262617 -1.41008604 -1.41356897 -1.43240368 -1.44281924 -1.45199072
 -1.47987664 -1.50091982 -1.50985372 -1.51411498 -1.50633347 -1.486148
 -1.48334742 -1.47203684 -1.4443506  -1.42297709 -1.38784695 -1.35698712
 -1.32302642 -1.27792597 -1.24338555 -1.20042419 -1.16365731 -1.12219632
 -1.07725346 -1.03778827 -0.98673344 -0.94987315 -0.89964801 -0.86865586
 -0.83734071 -0.81576371]
[0.46782923 0.49568719 0.51297683 0.55483043 0.58331984 0.59680074
 0.62572157 0.64823782 0.66442513 0.68926966 0.71193498 0.743779
 0.76465559 0.79332066 0.83357298 0.86897665 0.91592497 0.95586604
 1.00206161 1.02717471 1.02892029 1.02960873 1.01815486 1.00468624
 0.98054236 0.94536424 0.91939741 0.90046996 0.88498014 0.88705039
 0.89202559 0.89022678 0.89512372 0.90308225 0.91542315 0.93123382
 0.94247162 0.95607764]
[-0.23921674 -0.18849498 -0.13970174 -0.08945073 -0.03199345  0.02122119
  0.07560787  0.12962972  0.18823802  0.2441121   0.29857686  0.35161909
  0.4102515   0.45963505  0.51722318  0.57042563  0.62035614  0.67445856
  0.72468913  0.77248341  0.8288964   0.87729341  0.93045425  0.98076367
  1.03470027  1.0811727   1.13030219  1.17909908  1.22678125  1.27082264
  1.31993794  1.36272311  1.40190589  1.44505489  1.48566735  1.52286947
  1.55911803  1.5966326 ]
[-1.15649176 -1.1346283  -1.0991317  -1.07896388 -1.04758012 -1.01859391
 -0.99457192 -0.98317409 -0.96360463 -0.94896662 -0.93440676 -0.91821605
 -0.90706092 -0.87933797 -0.85360014 -0.83907342 -0.84020239 -0.83113062
 -0.8032409  -0.7847712  -0.76626182 -0.74534744 -0.7338559  -0.70785517
 -0.67069668 -0.64652634 -0.62083137 -0.60002977 -0.5692215  -0.54888719
 -0.52643722 -0.50311124 -0.47565344 -0.45142716 -0.41951892 -0.39615303
 -0.37075371 -0.34814498]
[0.74401528 0.79635215 0.84394467 0.89580673 0.92757732 0.96628726
 1.0200212  1.06483257 1.10718143 1.13491368 1.17925739 1.22625577
 1.25195348 1.28211927 1.32452393 1.3398447  1.36423528 1.37934077
 1.40280139 1.42214167 1.45037186 1.46519458 1.47291327 1.47679698
 1.48097765 1.46159887 1.46029055 1.46351671 1.44020128 1.4511801
 1.45542514 1.47413158 1.48938882 1.51574552 1.53682816 1.57235682
 1.59905457 1.62019289]
[-0.33114755 -0.29444072 -0.26000363 -0.21755879 -0.17603351 -0.13221207
 -0.08359828 -0.02554409  0.0362171   0.09410967  0.14577216  0.180115
  0.22468227  0.26167074  0.28804064  0.31262159  0.32127473  0.32349128
  0.3170549   0.2979331   0.26437604  0.21070425  0.16026039  0.11024746
  0.08164062  0.03922429 -0.02006076 -0.06459701 -0.09291044 -0.14351776
 -0.17420867 -0.17562923 -0.17610532 -0.17591098 -0.18872164 -0.21174981
 -0.22769529 -0.24762785]
[ 0.00996845 -0.03302114 -0.0663721  -0.0940541  -0.13753609 -0.15630229
 -0.18904942 -0.23240423 -0.26080647 -0.3072404  -0.3435213  -0.38367614
 -0.42515424 -0.44471797 -0.47112569 -0.49764153 -0.51792097 -0.52837795
 -0.54372263 -0.56118649 -0.57010317 -0.57289606 -0.5661093  -0.55396092
 -0.54123247 -0.5225659  -0.47859126 -0.42971039 -0.39571083 -0.34219509
 -0.28103831 -0.21348418 -0.14747085 -0.06896607 -0.00182174  0.0549161
  0.10687576  0.16628093]
[-0.94830477 -0.97669095 -1.00420153 -1.02793527 -1.05536604 -1.07111013
 -1.09013796 -1.10794377 -1.11945057 -1.14275646 -1.17687857 -1.19031346
 -1.22712398 -1.24684846 -1.26088834 -1.28591681 -1.31144452 -1.33496535
 -1.37046909 -1.39838684 -1.4093188  -1.40379262 -1.40704465 -1.42152262
 -1.41660297 -1.42572129 -1.41416371 -1.41323829 -1.41308343 -1.40460145
 -1.40819514 -1.38735569 -1.36459708 -1.34546506 -1.3245188  -1.290537
 -1.28544962 -1.25827014]
[ 0.32540023  0.30478415  0.2808477   0.25762859  0.22878703  0.20342995
  0.17198209  0.14170751  0.10618941  0.07481291  0.04079479  0.00585784
 -0.0298798  -0.05958786 -0.08712343 -0.1135903  -0.14288025 -0.1684843
 -0.19490784 -0.22456376 -0.25647968 -0.28413233 -0.3203719  -0.35589901
 -0.38902804 -0.4202747  -0.45633471 -0.48760444 -0.51911855 -0.55068362
 -0.58484608 -0.61059773 -0.63997126 -0.66905934 -0.6900667  -0.71856928
 -0.7397632  -0.75414163]
[1.62104177 1.60762942 1.58422124 1.55737627 1.53353322 1.51781523
 1.4936403  1.46663404 1.43378723 1.40800047 1.36954129 1.33183885
 1.28888059 1.25413406 1.21539998 1.16578352 1.1235373  1.07733893
 1.02459216 0.96713501 0.91890132 0.85646701 0.82189691 0.77342391
 0.73547995 0.68021923 0.64182818 0.59790349 0.55034989 0.50891346
 0.46463668 0.42388982 0.3814272  0.33932823 0.29059079 0.23965627
 0.19294241 0.14967237]
[1.75120187 1.72652352 1.70592868 1.67308533 1.65375257 1.62297606
 1.57749212 1.5396359  1.51155019 1.47776067 1.44683576 1.40104747
 1.34983206 1.30920672 1.26585424 1.23091269 1.19985402 1.16009474
 1.13172603 1.07571697 1.03723228 0.99414957 0.94665033 0.90264237
 0.86930764 0.83111453 0.80209148 0.7748059  0.74537563 0.70797169
 0.68904865 0.66098642 0.63094765 0.6082862  0.58645988 0.55930704
 0.52761602 0.49586251]
[ 0.00767923 -0.00534165 -0.02775385 -0.04880276 -0.07774837 -0.09818629
 -0.12465852 -0.15758082 -0.19600855 -0.23697227 -0.28333899 -0.32569513
 -0.37434849 -0.4135958  -0.43940461 -0.46823001 -0.50950974 -0.54476076
 -0.56715667 -0.60713732 -0.63429183 -0.66008753 -0.69488901 -0.72331214
 -0.75861663 -0.7669372  -0.81498462 -0.8303026  -0.85687226 -0.87572563
 -0.88386011 -0.87755662 -0.88707876 -0.87465763 -0.86777252 -0.87194806
 -0.89002883 -0.88752848]
[ 0.96295571  0.92424637  0.88474244  0.84002614  0.7863608   0.73550338
  0.67824227  0.62481517  0.56061095  0.49999982  0.44078419  0.38072276
  0.32082433  0.2654981   0.21123786  0.15949646  0.10257864  0.04611532
 -0.00603899 -0.06295374 -0.12584151 -0.19037999 -0.25274017 -0.3214868
 -0.38149172 -0.43430647 -0.49803114 -0.54329658 -0.57389116 -0.61818027
 -0.65276438 -0.67017239 -0.7000615  -0.73853981 -0.76408911 -0.78870201
 -0.82026976 -0.8394469 ]
[-0.00206264  0.07041167  0.14697234  0.21145809  0.28230667  0.33298108
  0.39876896  0.4598659   0.54400605  0.61917025  0.67498428  0.71001714
  0.734276    0.75590283  0.78383744  0.81970882  0.86201358  0.89541948
  0.9006682   0.89849013  0.91638815  0.91614133  0.89534748  0.87189811
  0.85054332  0.81229305  0.78788406  0.75007796  0.70896679  0.64018208
  0.57306159  0.51247913  0.46007308  0.40883428  0.35585356  0.30992156
  0.28663617  0.28356549]
[ 1.72016466  1.7163868   1.70509934  1.67219687  1.63316488  1.58026922
  1.52248192  1.47330534  1.40819001  1.33380401  1.26173222  1.18984342
  1.11592793  1.04112291  0.96600068  0.88479871  0.80474877  0.7328558
  0.6664269   0.60058898  0.53347474  0.45526841  0.3756755   0.296114
  0.21872665  0.14076045  0.06256244 -0.02004691 -0.09357186 -0.1723536
 -0.24515007 -0.32217199 -0.39294899 -0.46436515 -0.52996129 -0.58708519
 -0.65023428 -0.70575684]
[1.77461028 1.77789235 1.76841581 1.78025043 1.7573508  1.77610719
 1.75621498 1.75084758 1.76175451 1.72184575 1.71493816 1.6751405
 1.6417824  1.62707841 1.58976877 1.56564283 1.55469537 1.51288366
 1.4684782  1.44831502 1.40047371 1.35101378 1.313061   1.28420508
 1.25225723 1.23837864 1.20066726 1.15529478 1.11349678 1.07786763
 1.02540505 0.99431127 0.92794561 0.87682003 0.82362121 0.80192465
 0.74402827 0.71537799]
[-0.60032213 -0.682455   -0.75401771 -0.81207883 -0.89197439 -0.97535884
 -1.03902435 -1.11430717 -1.19375229 -1.26986194 -1.32936239 -1.37872684
 -1.45255768 -1.49590945 -1.53051507 -1.59565437 -1.62746465 -1.66883349
 -1.73581874 -1.75850892 -1.81918108 -1.85626626 -1.90813172 -1.94239259
 -1.99206758 -2.02249765 -2.04746032 -2.07675505 -2.09026361 -2.11709023
 -2.09694123 -2.11282825 -2.12914109 -2.10645986 -2.10143948 -2.08474565
 -2.02587652 -1.98666239]
[-1.55293465 -1.54613364 -1.50824511 -1.46434152 -1.42155099 -1.39388442
 -1.34586239 -1.31019247 -1.27276492 -1.23238873 -1.19625044 -1.15400338
 -1.09821284 -1.07443166 -1.02484989 -0.97263438 -0.93196398 -0.88267338
 -0.84842306 -0.80928403 -0.77258348 -0.73209858 -0.67664486 -0.62898666
 -0.57325387 -0.53318346 -0.47539347 -0.42911348 -0.38185394 -0.33420944
 -0.28490454 -0.22928888 -0.18151198 -0.12324277 -0.0665953  -0.01614277
  0.03199715  0.09938109]
[-1.09810281 -1.06142032 -1.02856088 -0.99538225 -0.95784169 -0.91744834
 -0.87946993 -0.84748799 -0.81352937 -0.76842147 -0.7281388  -0.69363761
 -0.65119278 -0.61128235 -0.56429702 -0.52090991 -0.47444713 -0.42873272
 -0.3781724  -0.3390384  -0.29200667 -0.25000155 -0.20277704 -0.15526278
 -0.10064045 -0.05046589  0.00709378  0.06384632  0.11387495  0.16360669
  0.21618536  0.26820683  0.31512997  0.36704743  0.41916242  0.4642514
  0.50919843  0.55133587]
[-1.84294271 -1.84552383 -1.85366583 -1.85547268 -1.87832093 -1.88942647
 -1.88198197 -1.88152003 -1.88050544 -1.8933332  -1.87995291 -1.86187196
 -1.8231076  -1.79426062 -1.72608948 -1.66953838 -1.61116421 -1.58614933
 -1.57225215 -1.56469047 -1.55634475 -1.54597759 -1.54310763 -1.54834175
 -1.55328    -1.55340314 -1.54965639 -1.56121099 -1.57165301 -1.57244074
 -1.56993949 -1.56050897 -1.58460331 -1.56944525 -1.57804871 -1.55124211
 -1.52236307 -1.51949382]
[-0.31573722 -0.25908509 -0.18134686 -0.10667384 -0.04038424  0.02154274
  0.08467893  0.14125265  0.20226043  0.24805349  0.29828203  0.35049978
  0.38588554  0.43339279  0.4676401   0.49188715  0.49126586  0.48694316
  0.47686139  0.45921221  0.46751857  0.45384309  0.43622738  0.45288101
  0.45113322  0.45757917  0.48796162  0.52761614  0.5383237   0.57786906
  0.58052224  0.54176289  0.49432954  0.45646828  0.42048073  0.40542212
  0.39387918  0.3793458 ]
[-0.22448704 -0.16633472 -0.10363025 -0.0281162   0.03987783  0.10256536
  0.16429155  0.22867328  0.29761106  0.33156574  0.34041619  0.35440999
  0.34939775  0.32599187  0.26788574  0.21154806  0.15509884  0.10138039
  0.01654076 -0.03547523 -0.08476833 -0.14096533 -0.18103427 -0.20380214
 -0.24130653 -0.26791313 -0.26620573 -0.26491445 -0.25655589 -0.2414591
 -0.20788769 -0.14014649 -0.0761821  -0.01027559  0.04379983  0.11353348
  0.19622952  0.27145651]
[ 1.43047607  1.39343846  1.36544561  1.31824815  1.27641165  1.24696422
  1.20578504  1.17575836  1.13424933  1.09906697  1.05496871  1.01441634
  0.95197207  0.89975768  0.85049671  0.8027975   0.75168735  0.70052391
  0.64207429  0.58512151  0.53898764  0.47929364  0.42176861  0.36759374
  0.31205034  0.25881064  0.20395477  0.15516974  0.11250551  0.06189929
  0.00590328 -0.05637938 -0.11271936 -0.17952184 -0.24560325 -0.3079032
 -0.37310293 -0.43199885]
[-0.06520946 -0.0531096  -0.0511253  -0.04904125 -0.041056   -0.03568768
 -0.02759299 -0.01885071 -0.03076442 -0.02274052 -0.02947375 -0.02440617
 -0.02479527 -0.00163621  0.00572538  0.0151333   0.01538332  0.02484923
  0.03661979  0.01584128  0.01603217  0.01017835 -0.00123171 -0.01745046
 -0.0528467  -0.08765937 -0.12994659 -0.18094245 -0.23717032 -0.29698431
 -0.33731505 -0.37964162 -0.44113645 -0.50004822 -0.55408168 -0.61210644
 -0.6565659  -0.69905692]
[-1.54915977 -1.60029888 -1.5749228  -1.60872567 -1.62886107 -1.62821841
 -1.66988361 -1.68581593 -1.72201562 -1.74408364 -1.76996613 -1.76758325
 -1.79188776 -1.8127563  -1.79738367 -1.81570935 -1.81289923 -1.85718596
 -1.84791851 -1.84302092 -1.87553632 -1.85107076 -1.85947871 -1.87653041
 -1.88304389 -1.8669281  -1.82570887 -1.79555869 -1.74683034 -1.71586525
 -1.68231928 -1.63296211 -1.60040188 -1.58091187 -1.5293529  -1.48904991
 -1.45565069 -1.40868235]
[-0.15650512 -0.20354751 -0.25439322 -0.30917922 -0.35046306 -0.40603042
 -0.44736043 -0.49376172 -0.53739154 -0.58309388 -0.62606913 -0.67436743
 -0.72258401 -0.7734381  -0.8208999  -0.85847682 -0.89469177 -0.94634163
 -0.97895962 -1.01227021 -1.04717624 -1.06960392 -1.10187054 -1.13110995
 -1.16622388 -1.1934191  -1.22490084 -1.26430523 -1.29987419 -1.32827342
 -1.35819006 -1.38677442 -1.41269743 -1.44506681 -1.46992838 -1.51135528
 -1.53631544 -1.57258773]
[0.85776985 0.9173547  0.97737473 1.03529227 1.09459305 1.13845074
 1.19729662 1.25688231 1.31132293 1.35904479 1.41197681 1.4605329
 1.50557244 1.55284107 1.60703444 1.63788271 1.67522204 1.70151043
 1.73334992 1.74435031 1.76674175 1.77190065 1.79295051 1.80636299
 1.81102848 1.84303665 1.8423847  1.85767674 1.86523414 1.87993634
 1.88253164 1.88712311 1.88907623 1.87841022 1.87234437 1.8676722
 1.84592736 1.85198414]
[-0.91656262 -0.91188824 -0.91928804 -0.91260546 -0.89696175 -0.87494606
 -0.84980416 -0.83055866 -0.80673766 -0.78259349 -0.74564904 -0.70490003
 -0.66739684 -0.62971455 -0.59537005 -0.5629583  -0.52893978 -0.50426161
 -0.4813686  -0.46149418 -0.44059023 -0.42414635 -0.41346577 -0.40251014
 -0.38560989 -0.37463176 -0.35861337 -0.34083468 -0.32186887 -0.2987555
 -0.27713171 -0.25475356 -0.23140338 -0.20256414 -0.17342587 -0.14509681
 -0.11430205 -0.08905026]
[-0.39946848 -0.43211216 -0.45845136 -0.47925276 -0.50200164 -0.515356
 -0.54018408 -0.55548209 -0.56479716 -0.57264978 -0.59425431 -0.60742563
 -0.63582629 -0.64737046 -0.67151624 -0.68109518 -0.7043981  -0.72181928
 -0.72834623 -0.75196248 -0.77217472 -0.79081708 -0.81694859 -0.84586149
 -0.87041169 -0.89094603 -0.91675693 -0.94460702 -0.96465051 -0.98448861
 -1.00309885 -1.02457654 -1.04504049 -1.06123435 -1.06727171 -1.07667899
 -1.07310557 -1.08189619]
