[-1.07186353 -1.08818126 -1.11449146 -1.13070154 -1.13992465 -1.14904606
 -1.1366657  -1.13279057 -1.1123215  -1.09667718 -1.08250928 -1.0639559
 -1.05874515 -1.0391444  -1.01432347 -0.99676991 -0.96159846 -0.92722678
 -0.88464344 -0.83627301 -0.78736532 -0.73736429 -0.69647396 -0.65062064
 -0.61155617 -0.56791407 -0.52247423 -0.47222579 -0.42094901 -0.36828044
 -0.31432593 -0.2628814  -0.20748737 -0.15669204 -0.1079696  -0.06328378
 -0.01373657  0.02504551]
[0.49924532 0.54357493 0.58564073 0.63476974 0.67921442 0.71830332
 0.75901729 0.7777887  0.79661906 0.81138027 0.82423484 0.83625001
 0.85411555 0.87071854 0.87410545 0.87525916 0.87030649 0.86717236
 0.86848789 0.8750869  0.88133967 0.87830353 0.87407893 0.86592728
 0.84383595 0.82090372 0.79695326 0.77878451 0.76390111 0.75227487
 0.74802297 0.745058   0.74771643 0.73093957 0.71589464 0.71195906
 0.70920485 0.69586939]
[ 0.28054875  0.23583587  0.19020361  0.14204334  0.09824409  0.0486357
 -0.00552275 -0.05853867 -0.11409267 -0.16519421 -0.21663383 -0.26682544
 -0.32123384 -0.37625757 -0.4344005  -0.48987496 -0.54296088 -0.59712052
 -0.64602888 -0.69161236 -0.74202043 -0.79174763 -0.83848387 -0.88552606
 -0.93231833 -0.97283804 -1.01561689 -1.05212283 -1.09229517 -1.12749135
 -1.162094   -1.18945456 -1.21999919 -1.24652398 -1.27324045 -1.29322755
 -1.32039976 -1.3431685 ]
[-2.25128293 -2.33514118 -2.40971828 -2.48915577 -2.56377888 -2.63887334
 -2.707582   -2.75668359 -2.79466391 -2.81520343 -2.8291285  -2.80855298
 -2.77036262 -2.72620511 -2.6556859  -2.57567716 -2.49698138 -2.41633654
 -2.33317971 -2.24780989 -2.16476917 -2.06950235 -1.9890511  -1.89979601
 -1.81125128 -1.73048282 -1.65145421 -1.57611048 -1.50131762 -1.4239105
 -1.34271693 -1.26583111 -1.18563116 -1.11570084 -1.02846026 -0.94730759
 -0.86019617 -0.77246183]
[ 0.55665791  0.53407454  0.51095301  0.48776719  0.46097058  0.436407
  0.41077965  0.3853533   0.35761374  0.32904994  0.29561824  0.26730007
  0.23707756  0.21536933  0.18482108  0.16175877  0.13321513  0.10787173
  0.07706033  0.0573885   0.02986341  0.00479102 -0.02827486 -0.05492277
 -0.08540483 -0.11262345 -0.14510095 -0.17189328 -0.20409662 -0.23811281
 -0.26587042 -0.29394239 -0.32451585 -0.35420361 -0.3811526  -0.4103094
 -0.43698317 -0.46236858]
[0.95913893 1.00601721 1.05838072 1.10749185 1.15568674 1.20790195
 1.25676346 1.29960775 1.34124303 1.38914049 1.43968129 1.49015915
 1.53593731 1.58216429 1.62097085 1.65418422 1.67996299 1.70065427
 1.71083629 1.72290766 1.72779238 1.73247659 1.74342966 1.73870456
 1.74440312 1.74075353 1.73787606 1.71916354 1.69335639 1.65635216
 1.61127341 1.55215859 1.49126291 1.43074012 1.37402809 1.31050038
 1.24845397 1.18867338]
[-0.82184702 -0.77318007 -0.72207552 -0.67448497 -0.6250515  -0.57896602
 -0.53071952 -0.47981912 -0.4318437  -0.38383141 -0.33274421 -0.28048998
 -0.22866684 -0.17178495 -0.1176338  -0.05937177 -0.00754209  0.05255522
  0.10142221  0.15492962  0.20760961  0.26038438  0.31216645  0.35907254
  0.39084053  0.42683837  0.45811498  0.50300622  0.55338597  0.59356689
  0.63856965  0.68471575  0.71398002  0.76287031  0.80252838  0.84626597
  0.87967598  0.91452181]
[-0.38656288 -0.44736609 -0.49965256 -0.55780417 -0.60841501 -0.65653032
 -0.71115535 -0.76265079 -0.81541532 -0.86434174 -0.91346037 -0.95904344
 -1.0025928  -1.05011201 -1.09908175 -1.14387345 -1.19143271 -1.23794806
 -1.2734865  -1.30991447 -1.34550178 -1.38383853 -1.41254485 -1.44890428
 -1.47788596 -1.51005077 -1.54361367 -1.57239068 -1.60548067 -1.63223529
 -1.66096377 -1.68870533 -1.71414697 -1.73833358 -1.75439298 -1.76993096
 -1.7831434  -1.78700852]
[ 1.54059184  1.51484382  1.48652983  1.4560008   1.42204952  1.38790536
  1.34738088  1.30854654  1.26871598  1.22548294  1.18537402  1.1434021
  1.10398543  1.06055856  1.0199033   0.97153091  0.92130911  0.87348068
  0.82568985  0.77923501  0.73429519  0.68696129  0.63859922  0.59311068
  0.55027777  0.50151688  0.45185596  0.40343642  0.35601428  0.31076255
  0.26707581  0.22068986  0.17987052  0.13858417  0.09644873  0.0530793
  0.00656366 -0.03473733]
[-1.73479581 -1.7272886  -1.71571994 -1.71082103 -1.70041752 -1.68187749
 -1.66641629 -1.65507269 -1.64433634 -1.63241637 -1.60708499 -1.58491814
 -1.56705737 -1.54307318 -1.51152587 -1.47986865 -1.44881761 -1.41422331
 -1.37347317 -1.33555675 -1.29521143 -1.25550747 -1.21259439 -1.17682958
 -1.13515437 -1.09066927 -1.04650187 -0.99683863 -0.9555679  -0.90972131
 -0.86450142 -0.81736338 -0.77146727 -0.72723502 -0.6730029  -0.6248458
 -0.58038902 -0.53160638]
[-0.34706563 -0.28923264 -0.22798908 -0.16810858 -0.11178295 -0.06002679
 -0.01362618  0.03559262  0.09012748  0.13666494  0.17947879  0.223133
  0.26890627  0.3167178   0.37024143  0.41429856  0.45725909  0.49977934
  0.55161935  0.60107619  0.6476742   0.70134878  0.7468161   0.77650386
  0.79959112  0.82960719  0.84833109  0.85571867  0.85232711  0.83194232
  0.80106366  0.75765401  0.72031003  0.69153196  0.66152298  0.64194548
  0.62078172  0.60172069]
[-1.39266276 -1.42994714 -1.47125185 -1.50204718 -1.53515518 -1.56321704
 -1.58818841 -1.61590743 -1.63971436 -1.67013597 -1.70255971 -1.72221458
 -1.74054086 -1.75773835 -1.77569973 -1.78314805 -1.8016988  -1.81329119
 -1.81195414 -1.81568873 -1.81731272 -1.82004309 -1.82978177 -1.81571519
 -1.82111728 -1.82491553 -1.81905842 -1.82295406 -1.8191874  -1.81213903
 -1.80768013 -1.79447436 -1.77925789 -1.76558042 -1.75276649 -1.73965442
 -1.72478545 -1.70602989]
[-0.18877621 -0.13393322 -0.07788277 -0.01680723  0.04006311  0.10002548
  0.15627827  0.21811038  0.27777493  0.33390254  0.39519325  0.4480916
  0.50743997  0.561634    0.61543512  0.6691795   0.72267342  0.77461851
  0.82408816  0.87727839  0.93192202  0.98498684  1.03845429  1.08851063
  1.13859713  1.19017112  1.23673308  1.28633058  1.3314836   1.37748754
  1.4196192   1.45940292  1.50084198  1.5421958   1.57374525  1.60627341
  1.63493764  1.66216075]
[1.6875273  1.70367908 1.717026   1.7305311  1.72729373 1.72250772
 1.69993997 1.68041062 1.65360737 1.63007009 1.59906185 1.57000923
 1.53589571 1.49904215 1.45899642 1.41654873 1.37474942 1.32830358
 1.2821939  1.24348199 1.20672417 1.17185497 1.13158441 1.08602512
 1.04545975 1.00504184 0.95753706 0.9104358  0.86443454 0.82180685
 0.78585011 0.74547058 0.70676088 0.67133367 0.63696516 0.60318768
 0.56940812 0.53132033]
[-0.69957739 -0.68079078 -0.65498346 -0.63400233 -0.61671221 -0.59299487
 -0.57250673 -0.54983604 -0.53249758 -0.52233088 -0.50447822 -0.49147576
 -0.48128387 -0.47760364 -0.47292939 -0.46122697 -0.44746253 -0.43217996
 -0.41324982 -0.39286327 -0.37203264 -0.34778652 -0.32372451 -0.30237302
 -0.27751619 -0.25300464 -0.22599779 -0.19578378 -0.1638508  -0.13248074
 -0.09838488 -0.06471625 -0.02461477  0.0164754   0.05955695  0.09688684
  0.13256021  0.16611896]
[ 0.97537547  0.98089105  0.97783148  0.98242819  0.97541094  0.95875907
  0.92849582  0.90627474  0.87060487  0.82964808  0.78590155  0.73744231
  0.68748933  0.63988906  0.56507754  0.50726193  0.43924221  0.37933278
  0.31413361  0.25521636  0.19512255  0.14401594  0.09564867  0.04273334
 -0.01280822 -0.07908436 -0.14124601 -0.20910732 -0.27319929 -0.34001192
 -0.39955559 -0.47710162 -0.53678656 -0.5855574  -0.63165814 -0.66767371
 -0.68811089 -0.71416759]
[-0.29092449 -0.31634012 -0.35182354 -0.38536781 -0.41966957 -0.44292501
 -0.47815871 -0.50949985 -0.53797954 -0.57026464 -0.59686118 -0.60891867
 -0.64105111 -0.65609336 -0.66593677 -0.67357934 -0.68785083 -0.7004053
 -0.69808948 -0.70687616 -0.70014369 -0.69698912 -0.70963365 -0.71732783
 -0.71308631 -0.707654   -0.69928128 -0.70346254 -0.69332927 -0.67722213
 -0.66457748 -0.64118385 -0.62759918 -0.6174643  -0.59588462 -0.58283269
 -0.57662886 -0.5721724 ]
[0.37259331 0.41669178 0.45958838 0.50585288 0.55303699 0.60397506
 0.65672839 0.71234518 0.76450038 0.81771034 0.87395066 0.92956686
 0.98380703 1.03918493 1.09180808 1.14700294 1.20099831 1.25142312
 1.30827665 1.36190057 1.41037428 1.45676577 1.50076687 1.55061483
 1.59104335 1.62460375 1.65711462 1.6897409  1.72164321 1.7512238
 1.76914263 1.79285061 1.80794442 1.81457627 1.82553124 1.83084285
 1.83712995 1.83427739]
[ 0.07118334  0.07427839  0.07954782  0.08957577  0.09833835  0.10681455
  0.116278    0.12521243  0.13770176  0.14466636  0.15070501  0.15662017
  0.15528786  0.14829504  0.13468881  0.11980394  0.10495351  0.0917959
  0.072779    0.05704149  0.04137636  0.02381378  0.0035383  -0.01733544
 -0.03517299 -0.05072339 -0.06376574 -0.07588287 -0.08699635 -0.10057092
 -0.1200694  -0.13564575 -0.14925188 -0.16377376 -0.17467928 -0.19199334
 -0.20513722 -0.22094248]
[ 0.67609882  0.63779199  0.59263253  0.55161947  0.50144076  0.46162936
  0.40921521  0.35563251  0.30409279  0.25229484  0.20845191  0.16178524
  0.11783226  0.07179143  0.02402777 -0.02416357 -0.07026929 -0.11216191
 -0.15470645 -0.19685636 -0.23860018 -0.28649062 -0.33923945 -0.38886356
 -0.44613111 -0.50013417 -0.5504514  -0.59930074 -0.65018582 -0.69386095
 -0.74087965 -0.79162449 -0.8365925  -0.87395871 -0.91483849 -0.94904113
 -0.98158342 -1.02401042]
[1.86987603 1.909621   1.94208765 1.95600343 1.97598076 1.98818803
 2.00706744 1.99934459 1.9992609  1.98142838 1.97202504 1.94870961
 1.9292897  1.92390037 1.8990376  1.89858127 1.88870347 1.86604476
 1.86324501 1.84958816 1.83899593 1.83190155 1.81307662 1.79142058
 1.76855659 1.76309299 1.76134217 1.74865782 1.73718858 1.7292397
 1.71489072 1.69658327 1.67843521 1.64921486 1.6203351  1.57416511
 1.54375553 1.50838673]
[-2.08506751 -2.04299998 -2.002491   -1.94628406 -1.89308965 -1.83638728
 -1.79706681 -1.73880649 -1.68229866 -1.61930931 -1.54792726 -1.47197914
 -1.39514124 -1.31874776 -1.24184084 -1.16998374 -1.08720553 -1.01503229
 -0.93227905 -0.85203379 -0.76859659 -0.68229097 -0.60209703 -0.52690202
 -0.44104224 -0.3632156  -0.28621754 -0.20818025 -0.12522639 -0.04823196
  0.02739676  0.10975584  0.18881348  0.26896691  0.3454532   0.40590346
  0.47623011  0.52928466]
[-1.32273972 -1.33298087 -1.34136045 -1.35675538 -1.36867404 -1.37278223
 -1.37921333 -1.37372589 -1.36391377 -1.36329174 -1.35620499 -1.34462094
 -1.32715774 -1.30136287 -1.28062892 -1.25099683 -1.22662163 -1.19312418
 -1.16766846 -1.14271462 -1.11753786 -1.08420944 -1.05178809 -1.01180255
 -0.98516226 -0.95413178 -0.93499529 -0.91895604 -0.89944619 -0.87824351
 -0.84556371 -0.81468105 -0.78241044 -0.75818735 -0.7328468  -0.71201223
 -0.68421799 -0.6567474 ]
[-1.18348491 -1.17073667 -1.15139937 -1.13833618 -1.12093711 -1.10163403
 -1.07713521 -1.05566454 -1.03423977 -1.00651419 -0.97709173 -0.94192278
 -0.90103173 -0.859689   -0.81731212 -0.77006602 -0.72501177 -0.68097442
 -0.63245219 -0.58787823 -0.54588002 -0.50206769 -0.45293587 -0.40407023
 -0.35702842 -0.30735695 -0.2556392  -0.20761912 -0.15667337 -0.10935164
 -0.06319347 -0.01932377  0.02297507  0.06352863  0.10214815  0.14700307
  0.19056933  0.23473041]
[-0.21444058 -0.28477347 -0.34429389 -0.41352236 -0.48050222 -0.54543233
 -0.6178484  -0.68726784 -0.74672651 -0.81313449 -0.88635415 -0.95122451
 -1.01954591 -1.09856212 -1.17106354 -1.24367309 -1.31784165 -1.39560723
 -1.45953524 -1.52337253 -1.60187328 -1.67198431 -1.74387503 -1.82984555
 -1.89632475 -1.97953367 -2.04964018 -2.1206646  -2.18597937 -2.26096225
 -2.33839631 -2.40496087 -2.4776206  -2.54448628 -2.60219145 -2.65374446
 -2.70526695 -2.74114323]
[ 0.20240021  0.24324112  0.28079394  0.32024837  0.36525577  0.40715218
  0.44028032  0.46049893  0.4795126   0.49868751  0.52124447  0.54210567
  0.56024581  0.57493013  0.58816886  0.60395384  0.61982483  0.63605589
  0.64310032  0.64146417  0.63321167  0.61177701  0.58211303  0.54348981
  0.50333118  0.45264632  0.39789134  0.34685174  0.30537578  0.26256675
  0.2208831   0.18144017  0.14736439  0.11364076  0.07597853  0.03762628
 -0.00257707 -0.04105843]
[-0.68738818 -0.7172361  -0.74424416 -0.76977837 -0.7953307  -0.81719148
 -0.83748162 -0.85909355 -0.88198513 -0.90325952 -0.92251766 -0.94543755
 -0.96610028 -0.98520696 -0.99795288 -1.01525557 -1.02300513 -1.02939284
 -1.03390682 -1.03425527 -1.02724648 -1.02407837 -1.02229619 -1.02236617
 -1.02164221 -1.01935732 -1.01386094 -1.01127303 -1.01402712 -1.00761032
 -1.00690258 -1.00560677 -1.00484431 -0.99265867 -0.99186438 -0.98911524
 -0.98131496 -0.960352  ]
[ 0.03081924  0.00924735 -0.00952192 -0.02814657 -0.04351871 -0.06071533
 -0.07870892 -0.09790362 -0.11758963 -0.13896213 -0.15934215 -0.18288751
 -0.20694457 -0.22945343 -0.25094283 -0.27495229 -0.30213788 -0.32554683
 -0.34848073 -0.3703416  -0.38667271 -0.39990774 -0.41228089 -0.42353523
 -0.43531716 -0.44423455 -0.45158264 -0.45893225 -0.46183342 -0.46625921
 -0.47170234 -0.47707132 -0.48225406 -0.48416394 -0.48191383 -0.48063177
 -0.47733149 -0.47219184]
[-1.65258551 -1.59175801 -1.52219284 -1.44670248 -1.37323594 -1.29496956
 -1.21921968 -1.14530516 -1.06451547 -0.98461866 -0.90346903 -0.82227027
 -0.74485713 -0.66408736 -0.58811891 -0.50657278 -0.42478028 -0.34501687
 -0.26761162 -0.1945252  -0.12052852 -0.04486149  0.03478419  0.11190391
  0.19244744  0.26622924  0.32830819  0.39449698  0.45704162  0.51455343
  0.56335366  0.60281897  0.63296354  0.68031466  0.71529198  0.76147467
  0.80006772  0.84561741]
[ 1.16157889  1.1301012   1.0958252   1.06227994  1.02590644  0.98326951
  0.93970329  0.89617318  0.85176861  0.8072139   0.76553929  0.72740602
  0.69140095  0.65782827  0.6255089   0.58732152  0.54938287  0.5118432
  0.47667748  0.43766427  0.40068072  0.36548814  0.32912433  0.29348174
  0.26323247  0.23113599  0.20339705  0.17259187  0.14552508  0.11409459
  0.09059938  0.06256709  0.03146717  0.00293203 -0.02552392 -0.05531612
 -0.0837741  -0.10942919]
[0.13882278 0.14020212 0.13169771 0.11766997 0.119114   0.10189281
 0.08294692 0.07036959 0.06017838 0.0513252  0.03787159 0.03433122
 0.02454252 0.03013445 0.0407735  0.05668413 0.07669835 0.07423262
 0.11133173 0.14515325 0.17794156 0.215884   0.25532529 0.30390403
 0.35303661 0.39532703 0.4295046  0.47911865 0.52995211 0.55678689
 0.59170198 0.64396095 0.69004411 0.73432451 0.77946073 0.82679504
 0.87723929 0.9315238 ]
[-2.56577086 -2.57098866 -2.55271006 -2.5179801  -2.50038528 -2.45662808
 -2.40154743 -2.36328387 -2.30116129 -2.23532724 -2.16446781 -2.07409358
 -1.99622738 -1.9209919  -1.83710361 -1.76117647 -1.68372679 -1.60992384
 -1.53169346 -1.45672536 -1.36820197 -1.2960099  -1.21565568 -1.13372314
 -1.05194652 -0.97026646 -0.88845509 -0.81734127 -0.73522359 -0.65552586
 -0.56786275 -0.48612699 -0.40559635 -0.32719582 -0.24967384 -0.16920407
 -0.0899938  -0.01594949]
[-0.57809401 -0.51845765 -0.45851791 -0.40044418 -0.3435424  -0.28570005
 -0.22315146 -0.16036783 -0.09037191 -0.02546442  0.03946684  0.10570902
  0.17029315  0.24008366  0.30263814  0.36387846  0.42108232  0.47837138
  0.54034311  0.59956956  0.65493846  0.71357155  0.77238375  0.82534826
  0.87659395  0.93013179  0.97849619  1.03476667  1.0871321   1.1408242
  1.19279313  1.23705196  1.27909636  1.31465638  1.34129369  1.37138081
  1.40466821  1.43585968]
[ 0.14398025  0.09065758  0.04357008 -0.00377106 -0.04688366 -0.09086911
 -0.13436881 -0.18025815 -0.23033297 -0.285034   -0.34294859 -0.39839521
 -0.45777887 -0.51537031 -0.57270372 -0.62837172 -0.68737221 -0.74327725
 -0.79721147 -0.85326159 -0.90541822 -0.95266747 -1.00539339 -1.05310118
 -1.10425413 -1.1519382  -1.20224857 -1.24942791 -1.29146159 -1.32935274
 -1.36320853 -1.40688503 -1.44566166 -1.48022842 -1.5151242  -1.55556321
 -1.59254622 -1.62274444]
[-0.99619824 -1.08504307 -1.15770626 -1.25354266 -1.32445788 -1.40024018
 -1.47048688 -1.54301262 -1.63510764 -1.71516013 -1.7888062  -1.8867445
 -1.96087527 -2.04598808 -2.11768627 -2.21202374 -2.28469729 -2.37680793
 -2.48061252 -2.56251884 -2.65526843 -2.73690295 -2.832546   -2.89220929
 -2.94827366 -2.98695612 -2.99626207 -2.98172736 -2.94334102 -2.86950493
 -2.79450846 -2.70785856 -2.62804341 -2.53219414 -2.44375563 -2.3480382
 -2.26588225 -2.17896032]
[-0.57962245 -0.57283092 -0.56748217 -0.55636138 -0.54528487 -0.53227222
 -0.51426262 -0.48744407 -0.46144256 -0.42500946 -0.38179606 -0.33825207
 -0.29164386 -0.24476735 -0.19903493 -0.15344034 -0.11400367 -0.06995958
 -0.02885732  0.01420787  0.05622068  0.10091933  0.13718604  0.16866551
  0.19122532  0.20645426  0.20927066  0.19722445  0.17764032  0.15454935
  0.1240645   0.09388601  0.06082266  0.0263354  -0.00712781 -0.03581339
 -0.05958835 -0.08228125]
[-0.26779345 -0.29069585 -0.31328538 -0.33508494 -0.35748628 -0.3819122
 -0.40670857 -0.43209568 -0.45018858 -0.47097203 -0.4848111  -0.50086296
 -0.51654744 -0.53514826 -0.54849482 -0.56670845 -0.58823884 -0.60659516
 -0.62861508 -0.64795607 -0.664967   -0.68182975 -0.70082504 -0.72387922
 -0.74719334 -0.77761739 -0.80644327 -0.83797914 -0.86365169 -0.88585258
 -0.909756   -0.93155563 -0.9449771  -0.9622615  -0.98025644 -0.99411345
 -1.0115881  -1.01947641]
[0.15875149 0.20338692 0.23752455 0.28892383 0.32812831 0.37671191
 0.41504925 0.46217743 0.50100178 0.54439861 0.58280933 0.62512243
 0.66128683 0.70619178 0.75274813 0.80804247 0.85003424 0.90037179
 0.93791473 0.98028702 1.02431488 1.07196438 1.11228502 1.15922487
 1.20308232 1.24972045 1.29114807 1.33382463 1.3764354  1.41092265
 1.4421488  1.46701658 1.49406254 1.50657737 1.52423    1.53469253
 1.54371071 1.55352557]
[-1.67426586 -1.65796244 -1.64375508 -1.62848198 -1.60645854 -1.58514607
 -1.55802274 -1.53403389 -1.50089228 -1.46649039 -1.43332326 -1.39712846
 -1.35970211 -1.31766057 -1.28079772 -1.24125421 -1.20107317 -1.16336596
 -1.12084436 -1.0802983  -1.04060495 -0.99223864 -0.95439065 -0.90865171
 -0.86184931 -0.82114238 -0.77340913 -0.72839785 -0.68543977 -0.6346032
 -0.59150505 -0.5444144  -0.49865612 -0.44814372 -0.4018251  -0.35599783
 -0.30405092 -0.25790852]
[-0.68954778 -0.74549592 -0.79607898 -0.84369498 -0.89340681 -0.93731278
 -0.98478132 -1.03880119 -1.08868837 -1.13781559 -1.18745553 -1.23543441
 -1.28160763 -1.33142173 -1.37950313 -1.41659236 -1.45475984 -1.49811971
 -1.53459394 -1.57009351 -1.6056     -1.63403463 -1.66633117 -1.69399858
 -1.72810316 -1.74690056 -1.78333294 -1.80488992 -1.81999922 -1.84436023
 -1.85279572 -1.85636783 -1.85498583 -1.85449183 -1.86155045 -1.84952807
 -1.84160173 -1.83844507]
[-0.66301113 -0.67955571 -0.69662011 -0.71215773 -0.72097445 -0.73046815
 -0.73676783 -0.73928583 -0.7393741  -0.74378341 -0.73894268 -0.7337932
 -0.73292655 -0.73015016 -0.72546351 -0.72249454 -0.72317958 -0.71610177
 -0.71897978 -0.71879113 -0.71051842 -0.70844924 -0.70385158 -0.7004925
 -0.69110096 -0.68237072 -0.67649466 -0.6647864  -0.65521836 -0.64490062
 -0.63725191 -0.62485802 -0.61401755 -0.5982151  -0.58085924 -0.55722535
 -0.53299397 -0.50884914]
[-1.23657584 -1.26411915 -1.285797   -1.31060553 -1.32418358 -1.33812118
 -1.34565747 -1.37182879 -1.37938607 -1.40058422 -1.41213143 -1.43431103
 -1.44281828 -1.45566761 -1.47589147 -1.49180174 -1.50095904 -1.50863397
 -1.50654793 -1.50456381 -1.50167394 -1.49132848 -1.47710645 -1.45022511
 -1.41521394 -1.38353801 -1.34561038 -1.31162167 -1.26561534 -1.2258935
 -1.18447709 -1.14551914 -1.10018837 -1.05260551 -1.00870323 -0.96957022
 -0.93857133 -0.91955942]
[0.86506337 0.90035039 0.92467421 0.94595969 0.96709234 0.98294914
 0.99254155 1.00755858 1.02281141 1.0351094  1.05253565 1.06474113
 1.06716526 1.06515825 1.06327045 1.05837667 1.05931985 1.05889285
 1.05484688 1.05513954 1.04558253 1.04463995 1.02916682 1.02781403
 1.01618993 1.01743507 1.00992608 1.0098455  0.9984079  0.99082381
 0.97354019 0.95841074 0.93385398 0.9191618  0.90097022 0.87524873
 0.84721124 0.82441252]
[-1.3674078  -1.44335902 -1.51069903 -1.59004998 -1.67852712 -1.75933373
 -1.84349477 -1.92084038 -2.00014758 -2.0761447  -2.15660691 -2.23685527
 -2.325598   -2.42117763 -2.50224113 -2.58867145 -2.6814568  -2.7572794
 -2.82739878 -2.88097143 -2.92440629 -2.95733023 -2.93731427 -2.91612816
 -2.85281777 -2.7648375  -2.68191624 -2.60534883 -2.51288199 -2.42685771
 -2.343256   -2.2498908  -2.1559906  -2.0646193  -1.98047292 -1.88167906
 -1.8072834  -1.72898829]
[-0.6773262  -0.63605613 -0.60034031 -0.55755776 -0.52053666 -0.47450659
 -0.42653078 -0.37739217 -0.32529116 -0.27499366 -0.22774388 -0.17700902
 -0.12419145 -0.07178579 -0.01227561  0.04131513  0.09683987  0.14383613
  0.19939972  0.25692782  0.30997327  0.36634487  0.41194448  0.45771652
  0.50959527  0.55695009  0.61426181  0.66647696  0.7160849   0.76961714
  0.81618047  0.86452711  0.91964144  0.95992756  1.00042832  1.02960253
  1.06158304  1.08815718]
[ 0.11366101  0.08290501  0.05286724  0.01846805 -0.01842907 -0.0587088
 -0.09416778 -0.12819904 -0.16412963 -0.19887444 -0.23636039 -0.27175984
 -0.31383848 -0.35444483 -0.39860171 -0.43284336 -0.4681519  -0.4970907
 -0.52339274 -0.55384201 -0.5816763  -0.61075598 -0.6343798  -0.6654852
 -0.70029318 -0.73012763 -0.7532987  -0.77131563 -0.79032236 -0.80415249
 -0.81554574 -0.81825745 -0.82864517 -0.84433377 -0.85961366 -0.86907119
 -0.88271761 -0.89394557]
[1.08389211 1.12633765 1.16709769 1.20486593 1.2422539  1.28049159
 1.31336808 1.34975958 1.37615645 1.40583432 1.43076813 1.45855761
 1.48129535 1.50345922 1.51896346 1.53789866 1.54888725 1.55611503
 1.56121063 1.56219935 1.57010508 1.57164097 1.57814431 1.57812655
 1.58053911 1.58341479 1.58622777 1.58442914 1.58266377 1.57987165
 1.58249199 1.58059168 1.5874685  1.5842731  1.58535898 1.58406234
 1.58593965 1.57809961]
[ 1.01586401  0.97712094  0.93963736  0.8916117   0.84781855  0.7933777
  0.74626094  0.69133729  0.63257319  0.56860155  0.50503469  0.44321376
  0.37639326  0.31133425  0.24904978  0.18867214  0.12746038  0.07487442
  0.01437418 -0.0456515  -0.10868694 -0.17186566 -0.23916568 -0.30950952
 -0.37899607 -0.44843182 -0.50413227 -0.55805808 -0.60577178 -0.63495028
 -0.66220039 -0.6904847  -0.71520174 -0.73975873 -0.77905035 -0.80967999
 -0.84095395 -0.86905307]
[-1.61078072 -1.58246601 -1.5512377  -1.51065493 -1.47198606 -1.42831981
 -1.38603044 -1.34093904 -1.29901302 -1.25741017 -1.21044672 -1.1645577
 -1.11642563 -1.07281005 -1.02943504 -0.98106784 -0.93538541 -0.88749498
 -0.83860821 -0.7940498  -0.74788845 -0.70190519 -0.65720266 -0.60794777
 -0.56143743 -0.51824898 -0.469796   -0.42454439 -0.37831038 -0.33111972
 -0.28458703 -0.23595987 -0.18595745 -0.13610268 -0.08237272 -0.03088493
  0.01727617  0.0700167 ]
[1.27717793 1.33774245 1.39196563 1.4464668  1.50064552 1.55700123
 1.60404277 1.63981068 1.67734313 1.70652354 1.73879862 1.76326823
 1.79538167 1.81022441 1.83493912 1.84956121 1.86412632 1.87353194
 1.87524724 1.87889683 1.87886906 1.88167131 1.88581169 1.88202953
 1.88074613 1.86539161 1.86148965 1.8438642  1.83305883 1.8247602
 1.81429827 1.80115318 1.76765561 1.75702536 1.7399404  1.71743715
 1.70108211 1.68602848]
[-1.39532793 -1.37773418 -1.35411251 -1.33471549 -1.3094033  -1.28014064
 -1.24896991 -1.21233904 -1.18812716 -1.15634751 -1.12710226 -1.09345353
 -1.06767797 -1.03250539 -1.00719368 -0.97915125 -0.9545936  -0.93612689
 -0.90957475 -0.89081705 -0.87253588 -0.8614285  -0.84669346 -0.84279209
 -0.83101767 -0.81002849 -0.7858398  -0.7660718  -0.73972315 -0.71932077
 -0.69186544 -0.66445214 -0.63104075 -0.59496671 -0.55624759 -0.5154835
 -0.47592536 -0.44101971]
[1.76250124 1.77075267 1.7837919  1.79728758 1.81386507 1.82852685
 1.82861769 1.84674799 1.8556273  1.85966372 1.85775328 1.85489345
 1.85009766 1.8318131  1.81659484 1.80008626 1.78254318 1.75922072
 1.73556697 1.71706069 1.70159733 1.67167664 1.64525449 1.61161482
 1.58298171 1.54163587 1.49593675 1.45421183 1.41041565 1.36469913
 1.31862521 1.27404571 1.2309612  1.18432224 1.13716793 1.08243704
 1.02670538 0.96645164]
[0.15393437 0.18613076 0.21998867 0.25645632 0.28158957 0.30312765
 0.3202714  0.33685559 0.34977654 0.36896348 0.37897742 0.38916051
 0.39160103 0.412276   0.42083743 0.43785456 0.44452411 0.45034841
 0.46257967 0.46724311 0.48865899 0.50946099 0.51722121 0.53635633
 0.54921836 0.55969906 0.55756366 0.56167734 0.56463301 0.57945246
 0.59789789 0.61349028 0.62761271 0.64112967 0.64948881 0.65957141
 0.67105138 0.68384802]
[ 0.80821788  0.74313754  0.6733886   0.61139041  0.54173863  0.4719927
  0.39013407  0.31523436  0.24716933  0.18300644  0.11371116  0.03801918
 -0.03616041 -0.11021061 -0.18696968 -0.26556936 -0.35500643 -0.43267065
 -0.50428802 -0.58655006 -0.6531775  -0.70417184 -0.7295143  -0.75427073
 -0.75878799 -0.75518167 -0.77450949 -0.78456837 -0.78628427 -0.8044312
 -0.83729863 -0.85501033 -0.85173243 -0.84551078 -0.82431656 -0.80352372
 -0.81083846 -0.80537367]
[-1.06336069 -1.04647422 -1.01293242 -0.97670579 -0.94155347 -0.8925522
 -0.85291755 -0.80623901 -0.76284194 -0.7165314  -0.66977733 -0.6321373
 -0.58614254 -0.54538763 -0.49554768 -0.45297679 -0.40525648 -0.35491654
 -0.30706292 -0.25663185 -0.21070133 -0.15875953 -0.10898083 -0.0624104
 -0.01102357  0.04312932  0.09071714  0.13989304  0.19152108  0.24381526
  0.28946388  0.34145886  0.38943705  0.42900658  0.4651832   0.50234181
  0.53664821  0.57242477]
[-0.83100849 -0.86971217 -0.90875387 -0.94035864 -0.97780371 -1.00488472
 -1.02795196 -1.06050289 -1.07518458 -1.10563028 -1.1278131  -1.1421591
 -1.16783917 -1.18799341 -1.21132481 -1.23782504 -1.25458527 -1.27075946
 -1.29924369 -1.3214885  -1.35424197 -1.37622273 -1.39448798 -1.40739954
 -1.42085671 -1.42480314 -1.44047713 -1.43884969 -1.43932438 -1.43214929
 -1.43124819 -1.42659521 -1.41015685 -1.39304399 -1.37355757 -1.34496272
 -1.32324493 -1.29880834]
[0.982544   1.01198506 1.04182017 1.06261694 1.08845055 1.10444117
 1.12440872 1.13782489 1.15934789 1.17778897 1.19820464 1.22812116
 1.25288153 1.27759755 1.30144048 1.3311075  1.35547662 1.39428604
 1.41975582 1.44578314 1.469666   1.48594165 1.50212562 1.51068902
 1.51487589 1.51216185 1.51119518 1.50706577 1.49812329 1.4931196
 1.48500633 1.47819817 1.47408128 1.46453655 1.45819283 1.44365859
 1.43719554 1.42351699]
[ 0.1889019   0.17010126  0.14509688  0.12085557  0.09015199  0.05875672
  0.03443802  0.01160412 -0.0134032  -0.0328403  -0.05636957 -0.07035434
 -0.08938974 -0.10925999 -0.12649858 -0.14895302 -0.17224501 -0.20044965
 -0.23447248 -0.26810172 -0.31032774 -0.35048771 -0.38486683 -0.42877588
 -0.46793497 -0.50810444 -0.54608554 -0.58767432 -0.62794387 -0.66682225
 -0.69388837 -0.72452414 -0.75427687 -0.78189129 -0.80549306 -0.82234401
 -0.84201831 -0.8589496 ]
[-1.6466248  -1.70282924 -1.74449682 -1.79511237 -1.84351003 -1.89147949
 -1.93721437 -1.98386121 -2.03392625 -2.0896101  -2.11966515 -2.15227294
 -2.1797576  -2.1791687  -2.16423607 -2.14428592 -2.09832501 -2.05073714
 -1.99237549 -1.92040253 -1.850968   -1.7776643  -1.70588338 -1.63120019
 -1.55937445 -1.48282075 -1.40861678 -1.33598125 -1.26097488 -1.19000828
 -1.1168735  -1.04452693 -0.97150356 -0.89754814 -0.82540852 -0.75204766
 -0.6817112  -0.61844891]
[-0.4977164  -0.4684532  -0.43978471 -0.4040297  -0.37332961 -0.34239504
 -0.31561235 -0.29171911 -0.27043405 -0.2479149  -0.21633832 -0.18018676
 -0.1397721  -0.10614523 -0.06940667 -0.03091536  0.00836803  0.04786547
  0.08508946  0.12279736  0.16039652  0.19385585  0.21953551  0.24140248
  0.26566246  0.28106725  0.30189598  0.31507578  0.33098394  0.34642881
  0.36231506  0.37459916  0.38173938  0.39319924  0.40278721  0.4155843
  0.42612976  0.43857649]
[1.11211252 1.12220526 1.12687016 1.12541223 1.12271917 1.12338579
 1.11901414 1.11047137 1.10578549 1.09459519 1.08871698 1.08207595
 1.07741535 1.0664053  1.0605768  1.0520314  1.04325283 1.03101158
 1.01362681 0.99450451 0.97087926 0.94341344 0.91155487 0.88573563
 0.85327339 0.81571436 0.77911794 0.74094397 0.70495975 0.67046821
 0.62928855 0.58942723 0.55306143 0.51936102 0.47948471 0.43746251
 0.392423   0.35241121]
[ 1.15830414e-01  6.50601685e-02 -1.37809839e-03 -5.46990074e-02
 -1.10114440e-01 -1.69139415e-01 -2.39524454e-01 -3.08867842e-01
 -3.76009732e-01 -4.45169508e-01 -5.08968174e-01 -5.80672860e-01
 -6.52280033e-01 -7.14315355e-01 -7.81648755e-01 -8.44912827e-01
 -9.11786437e-01 -9.79813814e-01 -1.05176282e+00 -1.12531567e+00
 -1.19754624e+00 -1.26805198e+00 -1.34014606e+00 -1.41016483e+00
 -1.47463500e+00 -1.54516029e+00 -1.60020614e+00 -1.66371083e+00
 -1.72624719e+00 -1.77967894e+00 -1.84377444e+00 -1.90066445e+00
 -1.96879113e+00 -2.01120543e+00 -2.05760431e+00 -2.09772539e+00
 -2.12836480e+00 -2.15635443e+00]
[ 0.89376128  0.8525275   0.80870992  0.76542801  0.72937208  0.689879
  0.65643919  0.62013257  0.58561522  0.55143452  0.52168441  0.49351388
  0.45761749  0.43072587  0.40190125  0.37307596  0.34751633  0.32244298
  0.29875413  0.27355468  0.25206497  0.23093478  0.2058282   0.18665978
  0.17136157  0.14783724  0.13449094  0.11932229  0.09601197  0.0751412
  0.05361926  0.03348323  0.01246961 -0.00727327 -0.02821076 -0.04984959
 -0.07374267 -0.09535395]
[-1.73483491 -1.74513996 -1.75452888 -1.76449192 -1.78391206 -1.79079008
 -1.79426301 -1.80650973 -1.809762   -1.82771039 -1.81611669 -1.81046903
 -1.802652   -1.79216564 -1.78241587 -1.76898324 -1.7441591  -1.72655201
 -1.71658957 -1.70509255 -1.68558502 -1.66191924 -1.64291978 -1.63454115
 -1.61987746 -1.59585726 -1.57154095 -1.55355561 -1.53389251 -1.50777471
 -1.4816407  -1.45301104 -1.43173766 -1.40678322 -1.38093722 -1.34140193
 -1.30449283 -1.27122557]
[ 1.61776078  1.56226027  1.52872419  1.48047888  1.41865194  1.35100222
  1.29203928  1.217098    1.14355958  1.05899215  0.96425557  0.88598758
  0.80097264  0.7198689   0.65323675  0.5866878   0.51721752  0.44005299
  0.35826951  0.27719361  0.20717449  0.1299859   0.04933962 -0.01998012
 -0.10406236 -0.18128711 -0.25041148 -0.32692802 -0.39622962 -0.46369338
 -0.52444613 -0.60102284 -0.65519691 -0.71259207 -0.77014846 -0.81587219
 -0.865058   -0.92154813]
[ 0.92499393  0.89440769  0.86305332  0.82216763  0.7825188   0.73967725
  0.70201904  0.66269386  0.62252873  0.58242428  0.53839189  0.49709362
  0.44775525  0.39759883  0.3487058   0.29866526  0.24904872  0.20287868
  0.15968388  0.11647052  0.07201884  0.02803505 -0.02279707 -0.06894118
 -0.11427558 -0.15745233 -0.19857448 -0.24534053 -0.29536915 -0.34250477
 -0.39198253 -0.44025448 -0.49014631 -0.537247   -0.58306628 -0.63091946
 -0.67572224 -0.71894991]
[0.31544349 0.3378424  0.35782915 0.37862179 0.41782215 0.43207267
 0.45747286 0.49236619 0.5201841  0.54389566 0.57639384 0.61005878
 0.62858987 0.65294373 0.67176276 0.69018787 0.70227396 0.70931822
 0.71881682 0.72587818 0.73532611 0.74214953 0.74771297 0.74709761
 0.75183344 0.76452112 0.77785176 0.79272759 0.81138039 0.82866484
 0.83496594 0.84483677 0.85259938 0.85761917 0.87226737 0.8761875
 0.88170362 0.88606387]
[ 0.72590733  0.65852821  0.59533262  0.53702867  0.47337744  0.40932161
  0.33839735  0.28180692  0.21478811  0.13941735  0.07951039 -0.00218878
 -0.07786193 -0.15623975 -0.24771979 -0.32046744 -0.3916778  -0.45734662
 -0.5401991  -0.60596853 -0.67537099 -0.75127703 -0.80682838 -0.87892646
 -0.9524973  -1.02339149 -1.11169195 -1.19207525 -1.2717073  -1.34310389
 -1.41774321 -1.50745487 -1.56405008 -1.62312138 -1.68606412 -1.72514427
 -1.76333058 -1.8135041 ]
[-1.0304141  -1.01315844 -1.00726199 -1.00414336 -1.00051713 -0.99350625
 -0.9926942  -0.97328722 -0.94669968 -0.92940784 -0.92616844 -0.92233729
 -0.91298461 -0.89996439 -0.8781302  -0.85164475 -0.82880628 -0.79896325
 -0.75679803 -0.71985072 -0.68289006 -0.6451804  -0.6024521  -0.56928283
 -0.53905618 -0.51805884 -0.5018276  -0.48340622 -0.46032557 -0.4476966
 -0.42596805 -0.40456656 -0.39009067 -0.37604615 -0.36552909 -0.34931251
 -0.3298465  -0.31267604]
[1.74157584 1.75777173 1.77683949 1.77926326 1.78567004 1.77412665
 1.76214254 1.75282204 1.73768055 1.73152006 1.7322607  1.72487652
 1.71818733 1.70337594 1.67248392 1.64155138 1.59899414 1.54240358
 1.4926616  1.44120038 1.38992035 1.33587837 1.28295159 1.22553146
 1.16127467 1.09821761 1.03217828 0.96512318 0.89560914 0.82645977
 0.75775516 0.70470524 0.64503449 0.58165991 0.52158964 0.45376876
 0.38717377 0.32399812]
[0.07740872 0.13255569 0.18690331 0.24289283 0.29507086 0.3467015
 0.3995209  0.44895294 0.49810982 0.54744428 0.59857756 0.65125048
 0.70919949 0.76370287 0.81766367 0.87255311 0.92676455 0.98162258
 1.04239392 1.0977751  1.15411389 1.21031165 1.26480985 1.32220483
 1.37763739 1.43068504 1.48089671 1.52974367 1.57323325 1.61043501
 1.64543843 1.67713368 1.7063154  1.73477852 1.76218498 1.78854358
 1.80734253 1.81040215]
[0.97041994 1.02351201 1.07557046 1.13167882 1.19199002 1.2536546
 1.31565309 1.38070893 1.43998265 1.49240947 1.53813422 1.5789361
 1.606323   1.62197697 1.62340224 1.62046146 1.60155892 1.58332086
 1.55844009 1.52077568 1.48041809 1.43106556 1.38336194 1.33399594
 1.27603221 1.2261256  1.17621231 1.118119   1.06289041 1.00843573
 0.95721823 0.90234512 0.84521049 0.78846925 0.73716718 0.68973738
 0.6541099  0.6228736 ]
[ 0.14576113  0.10255551  0.03598198 -0.0286613  -0.10353276 -0.16451703
 -0.22877209 -0.27685833 -0.34128541 -0.38692877 -0.44454908 -0.49038848
 -0.54059231 -0.59156793 -0.63182402 -0.67486447 -0.72208238 -0.77047032
 -0.82489091 -0.89161408 -0.93828255 -0.99501574 -1.04081988 -1.0748347
 -1.1013912  -1.10950673 -1.11642981 -1.11503971 -1.10217333 -1.08662701
 -1.06840086 -1.05446446 -1.01933229 -0.99958879 -0.95321268 -0.90562928
 -0.86513656 -0.81324089]
[1.60923028 1.60257232 1.59292781 1.57180595 1.55829561 1.53259075
 1.5194509  1.49699104 1.46976972 1.43946266 1.40624011 1.37145126
 1.3393755  1.3016609  1.26182568 1.23156357 1.20006037 1.16749048
 1.13125134 1.09124112 1.0553118  1.01731062 0.97340637 0.93153
 0.88772923 0.85289526 0.81597871 0.78334761 0.7440272  0.70389044
 0.67093313 0.62144238 0.58274287 0.53488195 0.48935199 0.44453949
 0.3965607  0.34523121]
[ 0.01234651  0.01616645  0.01926436  0.02148866  0.02366436  0.02422336
  0.02450429  0.02382211  0.02257676  0.01081392  0.00394986 -0.00598108
 -0.01484726 -0.02133857 -0.0289639  -0.03879376 -0.04844179 -0.05832322
 -0.06634122 -0.07608856 -0.08732487 -0.09917846 -0.11634485 -0.13376066
 -0.15286967 -0.17620127 -0.19581455 -0.21830818 -0.24228913 -0.26269257
 -0.28604046 -0.30765185 -0.32967159 -0.34937629 -0.37124795 -0.39051342
 -0.40893334 -0.42841554]
[-0.95981812 -0.91716588 -0.87902904 -0.83611459 -0.79564148 -0.7447027
 -0.70146996 -0.65248978 -0.60956037 -0.5636152  -0.51792884 -0.46671388
 -0.42014119 -0.3703866  -0.31921938 -0.26821619 -0.21459012 -0.16131288
 -0.10900345 -0.05698523 -0.00239647  0.04563963  0.10149172  0.14640784
  0.19572417  0.24818204  0.2993995   0.34712619  0.40031222  0.4429231
  0.49549088  0.54600614  0.59712857  0.64707863  0.6927743   0.73718083
  0.78658718  0.82845992]
[0.80232394 0.80588651 0.79661661 0.79101157 0.78064167 0.77759492
 0.77968174 0.773835   0.77154171 0.77671176 0.79104    0.80933207
 0.83156472 0.85811555 0.8843084  0.89748168 0.89303762 0.88761687
 0.86688143 0.85257667 0.83332247 0.80740237 0.78290266 0.77592617
 0.78117675 0.78575987 0.78689253 0.77826107 0.74207193 0.7014454
 0.65257823 0.59100711 0.53154153 0.46647227 0.39753431 0.33440465
 0.27791056 0.22714682]
[0.84060574 0.82467228 0.80699772 0.78751278 0.77555567 0.7577877
 0.74481213 0.7294392  0.71164918 0.69985288 0.68797773 0.68074596
 0.67692178 0.67543781 0.67396194 0.67655975 0.68079871 0.68380648
 0.6942752  0.69869423 0.70312601 0.71269244 0.71707046 0.71471572
 0.7133801  0.70892757 0.69986808 0.68931979 0.670807   0.65824121
 0.64392573 0.62979913 0.61203545 0.59423178 0.57324809 0.55221677
 0.52929759 0.50896943]
[-0.346257   -0.37810123 -0.40784892 -0.44108424 -0.46868661 -0.50049412
 -0.52991843 -0.55839062 -0.59071487 -0.61666554 -0.64263296 -0.66666311
 -0.6861428  -0.70792001 -0.73007715 -0.75453967 -0.78209943 -0.81050444
 -0.84522587 -0.87368643 -0.90448266 -0.93809938 -0.96815592 -0.99478954
 -1.02062309 -1.04695475 -1.06452775 -1.08721316 -1.11276984 -1.1253531
 -1.14127123 -1.15321243 -1.16248536 -1.17768168 -1.19148779 -1.20276451
 -1.21351528 -1.21894836]
[0.58371896 0.63025784 0.6829564  0.73745048 0.78717244 0.83978975
 0.88045186 0.93067026 0.9705891  1.01706457 1.05425906 1.09397829
 1.13083017 1.1754545  1.20996261 1.24670947 1.28460181 1.31398392
 1.34650886 1.37695765 1.41142988 1.43925929 1.47113359 1.49416578
 1.51784742 1.53300464 1.54555666 1.54745352 1.5444988  1.54140747
 1.52978969 1.51925075 1.50837457 1.49458933 1.4808408  1.46807349
 1.45687914 1.44842052]
[-0.91831851 -0.9485327  -0.98467499 -1.01205444 -1.0321058  -1.05702555
 -1.07169199 -1.08916318 -1.10054445 -1.11082983 -1.11920226 -1.13284504
 -1.13492477 -1.14046454 -1.1508292  -1.15075099 -1.14973652 -1.14995205
 -1.15304911 -1.1490823  -1.14775455 -1.14412487 -1.13518202 -1.12709546
 -1.11913455 -1.10373306 -1.09402192 -1.07699108 -1.06197476 -1.04580486
 -1.02521241 -1.00686085 -0.97902644 -0.95176423 -0.92476177 -0.89554083
 -0.86334306 -0.82366496]
[-4.90394652e-01 -4.52991843e-01 -4.14043814e-01 -3.77143174e-01
 -3.31921101e-01 -2.84790307e-01 -2.41611108e-01 -1.97762460e-01
 -1.53265968e-01 -1.04755916e-01 -4.96720299e-02  9.85796447e-04
  5.36278300e-02  1.06087744e-01  1.60915613e-01  2.21112594e-01
  2.78920352e-01  3.32453847e-01  3.83231223e-01  4.32897598e-01
  4.83809412e-01  5.36860943e-01  5.84023595e-01  6.38682187e-01
  6.92410886e-01  7.41206050e-01  7.91440666e-01  8.37750912e-01
  8.83225977e-01  9.29352403e-01  9.75608289e-01  1.01885700e+00
  1.06429994e+00  1.10695565e+00  1.14909828e+00  1.18159580e+00
  1.21488833e+00  1.24777365e+00]
[-1.93964756 -1.90235472 -1.85352612 -1.80713797 -1.75019276 -1.68581784
 -1.61109686 -1.52869964 -1.4424907  -1.35558069 -1.26755786 -1.18557429
 -1.10438764 -1.02197266 -0.93321764 -0.84360349 -0.76127601 -0.67998159
 -0.5948813  -0.51713616 -0.42712969 -0.35134435 -0.26733199 -0.18700224
 -0.10859915 -0.02736637  0.05450052  0.13756388  0.21815383  0.29448137
  0.36923987  0.43075407  0.49102691  0.55430609  0.61500907  0.65818208
  0.69246912  0.72201371]
[ 0.73032427  0.72930491  0.72646391  0.72917259  0.73741281  0.74216163
  0.75131226  0.75469482  0.75592917  0.75411004  0.7529434   0.75205231
  0.74524438  0.73076123  0.72260106  0.70714504  0.69208169  0.67726266
  0.66363019  0.65332806  0.64133275  0.62635994  0.60648495  0.57763773
  0.54793227  0.50269985  0.46066326  0.41492918  0.36869481  0.32719979
  0.28201982  0.24256432  0.20569846  0.16650821  0.12866579  0.08653833
  0.0406285  -0.00552366]
[-0.19556768 -0.21555614 -0.23507431 -0.25035691 -0.26449302 -0.28199247
 -0.29522336 -0.3124164  -0.32245252 -0.33455661 -0.34748611 -0.35621005
 -0.36708903 -0.37880906 -0.38727361 -0.40162081 -0.41756442 -0.43273789
 -0.44282773 -0.45518425 -0.46993467 -0.48686755 -0.50044209 -0.52063704
 -0.53203171 -0.54806226 -0.56447244 -0.58390921 -0.59975857 -0.6179415
 -0.63360429 -0.65408063 -0.67298013 -0.69226962 -0.71065396 -0.7310816
 -0.75036168 -0.76976746]
[ 0.4254047   0.40153337  0.3752206   0.35076869  0.32829687  0.30002716
  0.27710563  0.25400576  0.23225683  0.21486494  0.19309875  0.18120791
  0.16978008  0.16471608  0.16036783  0.15872405  0.16211626  0.16014391
  0.16171065  0.16056718  0.15961358  0.15313685  0.14686373  0.13660119
  0.12839471  0.11596661  0.10334309  0.08446152  0.06947059  0.05471864
  0.03831725  0.02181555  0.00601936 -0.01132418 -0.02460838 -0.03936538
 -0.05203136 -0.06676889]
[-1.25591636 -1.31133783 -1.37588155 -1.42925394 -1.48177648 -1.53986537
 -1.57982433 -1.62632143 -1.6592505  -1.6796155  -1.69703507 -1.70265698
 -1.69429827 -1.66227949 -1.624331   -1.56087375 -1.48381042 -1.40876377
 -1.32086003 -1.23445702 -1.14876115 -1.06488812 -0.98527616 -0.9046092
 -0.82466674 -0.74118268 -0.6549601  -0.56706184 -0.48894539 -0.40921322
 -0.33807975 -0.2606957  -0.18598658 -0.10472063 -0.0114085   0.07498871
  0.16048476  0.24194279]
[-0.47100681 -0.54586977 -0.62037426 -0.69479048 -0.75578654 -0.83760041
 -0.91061407 -0.99144423 -1.07340312 -1.15473402 -1.23476708 -1.32366085
 -1.39915597 -1.46210444 -1.53391099 -1.60972798 -1.67994463 -1.75928009
 -1.84932303 -1.92525005 -2.01243997 -2.08754539 -2.16298819 -2.24186683
 -2.32806182 -2.40288258 -2.49469233 -2.59175944 -2.66220474 -2.73831677
 -2.81202173 -2.8781054  -2.91746068 -2.93076849 -2.93795514 -2.91126418
 -2.84221125 -2.76149106]
[-1.0146507  -1.06186652 -1.11185646 -1.15719616 -1.19725549 -1.2498672
 -1.29697323 -1.33879697 -1.38073742 -1.41594279 -1.45388591 -1.48754525
 -1.53878677 -1.57323432 -1.61228275 -1.6400466  -1.65682888 -1.69181442
 -1.71129739 -1.73498046 -1.75856829 -1.78906965 -1.80015159 -1.82118213
 -1.83357441 -1.84558678 -1.85282648 -1.85332334 -1.87590408 -1.87669551
 -1.88442409 -1.89381433 -1.89576745 -1.89663553 -1.90065038 -1.89990914
 -1.90186942 -1.88325357]
[ 0.66044182  0.64715528  0.63589615  0.62178826  0.60703117  0.59438789
  0.57648051  0.56125313  0.5437693   0.52939737  0.51421905  0.49641463
  0.47794133  0.45513019  0.42665717  0.39807788  0.36442855  0.32688323
  0.2923381   0.2546784   0.21846591  0.18343161  0.15165621  0.11456002
  0.07834227  0.04320874  0.00749407 -0.02857778 -0.06831587 -0.10714147
 -0.14910021 -0.1861838  -0.22855927 -0.26845729 -0.31042415 -0.35430571
 -0.39783728 -0.43754926]
[-1.39074016 -1.31175649 -1.23951113 -1.16485131 -1.0890131  -1.01314259
 -0.93808991 -0.86404985 -0.78975368 -0.71177292 -0.63572079 -0.55617946
 -0.48209602 -0.40578505 -0.32846269 -0.25997964 -0.17583825 -0.10368303
 -0.02957495  0.04694058  0.12195783  0.20450883  0.27406043  0.34570104
  0.40735865  0.46512508  0.52613795  0.58345085  0.62758487  0.68677932
  0.7446357   0.79106688  0.84317297  0.8878355   0.93367553  0.98061961
  1.03027844  1.08631516]
[1.33660293 1.34939539 1.38007212 1.39597321 1.41562557 1.43047357
 1.45469034 1.46389031 1.48056436 1.48781002 1.50090814 1.50932419
 1.50644732 1.51679659 1.51804042 1.51633346 1.5108813  1.51069808
 1.50630093 1.5060674  1.50037038 1.50128984 1.49618089 1.49428308
 1.48837686 1.47755611 1.46449542 1.44803357 1.43557322 1.41089523
 1.39998066 1.38182592 1.35391223 1.32869995 1.30582666 1.2723012
 1.24033761 1.2099613 ]
[-0.69060308 -0.76220602 -0.83521837 -0.90075642 -0.9839434  -1.05437577
 -1.10783315 -1.18957675 -1.27147412 -1.34008348 -1.41421115 -1.5009644
 -1.60613143 -1.68297589 -1.7566452  -1.84654212 -1.91553259 -2.00026035
 -2.05921841 -2.10219193 -2.15057087 -2.18391943 -2.2115829  -2.22334433
 -2.18802738 -2.14725041 -2.08302021 -2.03375793 -1.96650946 -1.87606072
 -1.78586125 -1.6906538  -1.59786403 -1.49657166 -1.40606999 -1.31319225
 -1.21132708 -1.11839342]
[-0.54036593 -0.5194003  -0.50432897 -0.48362461 -0.46628779 -0.44710469
 -0.43118662 -0.41585836 -0.39457893 -0.3796044  -0.36096516 -0.34127533
 -0.31897101 -0.29170337 -0.26310825 -0.24070756 -0.20642595 -0.16561067
 -0.13098213 -0.09553676 -0.05849449 -0.02572096  0.00885306  0.04260726
  0.07748473  0.11719371  0.15289973  0.18259189  0.20886874  0.236972
  0.26152655  0.29202321  0.3214868   0.35063517  0.37589741  0.41157791
  0.43574169  0.45461664]
[0.59932846 0.65337265 0.71139431 0.76676506 0.8199808  0.86872596
 0.92424113 0.98142385 1.04047287 1.09164512 1.15026236 1.21029949
 1.26213038 1.31821096 1.37111413 1.42480695 1.47335684 1.51965821
 1.56293666 1.5985235  1.6337992  1.66913867 1.69440341 1.72215176
 1.74734259 1.77319694 1.80076241 1.81232512 1.82478034 1.84025741
 1.85432124 1.86453819 1.8682934  1.86988378 1.86894393 1.85630512
 1.84389257 1.83058977]
[0.53577709 0.55929959 0.58448923 0.6105749  0.6354968  0.66338301
 0.69743139 0.73133373 0.77138686 0.80613518 0.84294438 0.88155717
 0.9191342  0.95009029 0.99384922 1.02763045 1.05234134 1.0701896
 1.08452022 1.08157146 1.07091725 1.05892348 1.0495584  1.03580475
 1.0294168  1.02590573 1.01821852 1.01969409 1.02040911 1.03297615
 1.0471046  1.05446827 1.05690897 1.07498252 1.08030844 1.08331931
 1.09274471 1.09063137]
[1.5949446  1.58110559 1.55811262 1.54851699 1.52770865 1.50004399
 1.47320938 1.44377184 1.41261482 1.38079178 1.34510696 1.30771959
 1.27056229 1.23078549 1.18953502 1.14822912 1.10971296 1.06331968
 1.02475381 0.97155201 0.92376316 0.87397873 0.83069944 0.78215539
 0.73548794 0.67690933 0.63234794 0.58376747 0.53041124 0.48205891
 0.43313444 0.38300338 0.33363739 0.28227574 0.23110478 0.18605199
 0.14183007 0.09727277]
[-1.16108251 -1.18873143 -1.21400928 -1.24988627 -1.27645421 -1.30741906
 -1.3318218  -1.35976279 -1.39500725 -1.42550218 -1.46092641 -1.49068284
 -1.52406549 -1.53789866 -1.56645966 -1.58691072 -1.61718619 -1.64020228
 -1.66004324 -1.67043972 -1.68332541 -1.6913147  -1.69705224 -1.72059226
 -1.72286057 -1.72515142 -1.72747254 -1.72821832 -1.73221159 -1.70914209
 -1.69415534 -1.67198193 -1.6680274  -1.65005529 -1.6307615  -1.60578978
 -1.5715183  -1.54608345]
[-0.95201373 -0.94367987 -0.94094849 -0.92123789 -0.90043586 -0.86826956
 -0.83275974 -0.78753108 -0.74124408 -0.69518697 -0.64575231 -0.59563011
 -0.54407412 -0.49930802 -0.45840371 -0.42395037 -0.38162872 -0.34487888
 -0.31009176 -0.27824691 -0.24703902 -0.21553741 -0.18816574 -0.16146608
 -0.14263497 -0.11768957 -0.0957126  -0.07505559 -0.05777603 -0.03957199
 -0.02571577 -0.0182492  -0.00939114 -0.00504207  0.00633964  0.00882748
  0.01655827  0.02195377]
[-2.77237082 -2.83086252 -2.86639953 -2.89562154 -2.87482166 -2.83803415
 -2.78652525 -2.71720362 -2.65060925 -2.58863521 -2.50692725 -2.4212501
 -2.35229897 -2.26818919 -2.18815875 -2.09565473 -2.01158476 -1.93752193
 -1.85447764 -1.78041804 -1.70321    -1.63789356 -1.56146097 -1.49360621
 -1.40882528 -1.33372104 -1.25574028 -1.17872119 -1.09756792 -1.02041113
 -0.93988609 -0.85745645 -0.7705282  -0.68583411 -0.60313064 -0.52510798
 -0.44205329 -0.35418853]
[1.20040989 1.25852787 1.31196165 1.36753345 1.4171232  1.4649477
 1.51615894 1.5588609  1.60161686 1.63868713 1.66412461 1.67354453
 1.67556477 1.6559248  1.61142302 1.55986762 1.50469339 1.45005858
 1.38929462 1.33542311 1.27840233 1.22542977 1.17250741 1.1161412
 1.06521392 1.02436662 0.99792135 0.98071009 0.98917162 1.0243994
 1.07774246 1.13230908 1.18961155 1.2419591  1.27764297 1.3035568
 1.31961465 1.32884061]
[-0.42821085 -0.43604127 -0.44280291 -0.45185855 -0.46063802 -0.47684014
 -0.48675358 -0.49311012 -0.49280027 -0.49552268 -0.49288285 -0.48582795
 -0.47277963 -0.45797667 -0.4378776  -0.42007649 -0.40033886 -0.37602657
 -0.34841534 -0.31686398 -0.28416166 -0.24561119 -0.1997627  -0.14990078
 -0.1000419  -0.05298037 -0.00424524  0.04208313  0.08551548  0.12792145
  0.16867395  0.19923128  0.22558151  0.24743079  0.2626361   0.27772856
  0.28614688  0.2931222 ]
[ 1.5496695   1.53934586  1.50201714  1.47771335  1.441607    1.40067279
  1.36372566  1.31436408  1.27438033  1.21773863  1.16005862  1.10007787
  1.04578984  0.98407435  0.927158    0.8636328   0.80290133  0.72295409
  0.68887776  0.61336529  0.53687608  0.45060411  0.37046465  0.28646538
  0.20040111  0.11970226  0.04464476 -0.03020581 -0.10405315 -0.18560244
 -0.26505062 -0.34714913 -0.41678506 -0.49660829 -0.58952403 -0.66100687
 -0.73489982 -0.77490038]
[ 0.32922059  0.38105944  0.42714369  0.49288476  0.54945976  0.62263167
  0.69819129  0.76535112  0.83848315  0.88701034  0.93345886  0.97482371
  0.99209058  1.00557971  0.98076874  0.9584989   0.92679489  0.87546587
  0.82151818  0.75551128  0.68616289  0.60866678  0.52353406  0.45455375
  0.38071424  0.31814414  0.24852331  0.18819286  0.1229541   0.06700934
  0.01225449 -0.04558959 -0.09772916 -0.17046165 -0.23222674 -0.30341652
 -0.37015483 -0.41751784]
[-2.45029521 -2.43190646 -2.39603782 -2.35274863 -2.28421116 -2.22461128
 -2.15703106 -2.07266331 -1.98924494 -1.91509926 -1.83767951 -1.76214635
 -1.68728864 -1.61172187 -1.54074466 -1.47048855 -1.39235067 -1.31852067
 -1.23983073 -1.16377151 -1.09004581 -1.01092255 -0.93319017 -0.86620253
 -0.77986056 -0.69783342 -0.6133253  -0.53686535 -0.46105739 -0.38998482
 -0.31211874 -0.23747507 -0.16367893 -0.09137069 -0.01557228  0.06030187
  0.13122411  0.20623404]
[-0.31996003 -0.34849784 -0.37634152 -0.41845497 -0.47057751 -0.53745532
 -0.62284255 -0.70201701 -0.77517205 -0.84627062 -0.91390491 -0.98351258
 -1.05012131 -1.12156403 -1.18932796 -1.25785613 -1.32736969 -1.39659953
 -1.46292806 -1.52672696 -1.57825577 -1.62131715 -1.65950429 -1.68994474
 -1.70669687 -1.71657133 -1.70953071 -1.6866523  -1.65043426 -1.59796762
 -1.52362776 -1.44715703 -1.36091208 -1.27148914 -1.18962002 -1.11229217
 -1.03046048 -0.95603859]
[-0.25603732 -0.22787639 -0.19746722 -0.16258244 -0.12475824 -0.08900447
 -0.05316126 -0.02148463  0.01501836  0.05130818  0.08584771  0.12680513
  0.15943956  0.18801692  0.21705525  0.23504177  0.25341916  0.26285955
  0.26854688  0.27968076  0.28863415  0.29997984  0.30790758  0.31836069
  0.32827356  0.33198059  0.3480716   0.35617593  0.35884619  0.37404048
  0.38502362  0.39019844  0.40538701  0.41008273  0.4071463   0.410983
  0.42210513  0.43101096]
[ 0.01171609  0.07260791  0.13031176  0.18705885  0.23553617  0.27295965
  0.29145175  0.29408759  0.28918752  0.26545236  0.2407355   0.19615099
  0.14509705  0.09371383  0.03382824 -0.02586467 -0.071167   -0.12072974
 -0.15063162 -0.17829105 -0.21230775 -0.23522726 -0.24049085 -0.22444767
 -0.19333355 -0.16106372 -0.13551469 -0.09285209 -0.03798455  0.02763992
  0.09906927  0.16542909  0.24202147  0.31756878  0.39216709  0.46939686
  0.53798628  0.60168135]
[0.21827796 0.23635247 0.25909621 0.27933958 0.29491034 0.30584222
 0.3318812  0.34244549 0.3798779  0.39988357 0.42361233 0.44632035
 0.47874928 0.49824646 0.519521   0.53629404 0.5647375  0.60521585
 0.64976257 0.70321584 0.75061476 0.80087239 0.84869623 0.89928788
 0.94955242 1.00749457 1.06329966 1.11577523 1.16614592 1.22109306
 1.28342009 1.33478999 1.39457262 1.442801   1.48525047 1.52070582
 1.55575049 1.57004368]
[1.53417158 1.47619617 1.41420066 1.34409869 1.27432084 1.21798503
 1.17163503 1.12529635 1.07399368 1.01872814 0.97491395 0.94090056
 0.90633702 0.8768363  0.84448707 0.82272011 0.80642849 0.77945548
 0.7577554  0.73198432 0.71276486 0.71249229 0.71739149 0.71258599
 0.71421188 0.71583468 0.70542574 0.71075356 0.70833534 0.70355076
 0.7021957  0.70041806 0.69849014 0.6893357  0.67950803 0.6737386
 0.66799849 0.66507304]
[-0.15090631 -0.20267276 -0.25158584 -0.299907   -0.35396832 -0.40724522
 -0.46199274 -0.5193001  -0.57406718 -0.6292848  -0.68148994 -0.73011422
 -0.78537101 -0.82981837 -0.87698567 -0.92269033 -0.96448362 -1.0042541
 -1.04558003 -1.08603966 -1.12386262 -1.16197622 -1.20022881 -1.23526037
 -1.27224219 -1.30378211 -1.32998359 -1.36291087 -1.39608502 -1.42432857
 -1.45482445 -1.48647773 -1.51388192 -1.53796315 -1.56354749 -1.58356118
 -1.61080623 -1.63048279]
[-0.02084837 -0.05757479 -0.09184664 -0.12600361 -0.16150956 -0.19409432
 -0.22628573 -0.26062068 -0.30178174 -0.34132075 -0.37697643 -0.40651697
 -0.43696529 -0.4661501  -0.49187762 -0.50608629 -0.52085501 -0.53807479
 -0.5401246  -0.54106927 -0.53349757 -0.52302861 -0.5122866  -0.49861714
 -0.47699127 -0.44576305 -0.41114098 -0.3612884  -0.3077147  -0.25179401
 -0.19137946 -0.1260976  -0.05867682  0.00427257  0.06360003  0.11829712
  0.17106047  0.21858509]
[-0.31241769 -0.26373148 -0.2140336  -0.16093497 -0.10875352 -0.0483241
  0.00586443  0.06217279  0.1182686   0.17352697  0.23248982  0.2897447
  0.34700349  0.39662123  0.44635558  0.4952729   0.54919851  0.59594744
  0.64705664  0.69875425  0.74350572  0.79435891  0.84132785  0.88894689
  0.93727708  0.98449647  1.03299308  1.07931435  1.12704897  1.17330337
  1.21674204  1.26019359  1.29839337  1.33237493  1.36957395  1.39969575
  1.42963624  1.46073675]
[ 0.44755903  0.39538646  0.34423819  0.29412162  0.24717011  0.20011108
  0.15583506  0.11035677  0.06645853  0.02011097 -0.02834667 -0.07861289
 -0.12666337 -0.17332198 -0.21895242 -0.26901665 -0.32035917 -0.37509805
 -0.43078658 -0.48463434 -0.54056811 -0.59037572 -0.64065111 -0.6942668
 -0.74699461 -0.79941928 -0.84723604 -0.89723831 -0.94293332 -0.98956579
 -1.03812373 -1.08260059 -1.12293696 -1.16430914 -1.20172584 -1.23572898
 -1.27179468 -1.30068529]
[-0.1874762  -0.12394501 -0.05625767  0.00823522  0.07453672  0.13814861
  0.20618343  0.28186175  0.35233855  0.42535704  0.48972037  0.54537028
  0.58986855  0.61576784  0.64275229  0.67469561  0.70207697  0.72395563
  0.7436415   0.76026636  0.76128328  0.76907057  0.77367258  0.77328962
  0.7616691   0.73916996  0.70662218  0.65949154  0.6083681   0.5480454
  0.47950062  0.41690505  0.35316616  0.29122683  0.23467541  0.18340294
  0.13190959  0.08824291]
[-0.45543995 -0.41857418 -0.38683522 -0.35430866 -0.32472074 -0.29806733
 -0.26758862 -0.24344251 -0.20906709 -0.1832698  -0.16604015 -0.15173869
 -0.13348456 -0.12148832 -0.11882822 -0.11291017 -0.10987787 -0.10932954
 -0.10465503 -0.09871084 -0.0917556  -0.07727353 -0.07475339 -0.06386328
 -0.05420137 -0.03770956 -0.02496873 -0.00492322  0.00307359  0.01205475
  0.03326747  0.03596623  0.04087055  0.03810342  0.0276979   0.01366397
  0.00889286 -0.01129179]
[-0.0838424  -0.0328103   0.01926519  0.07833093  0.13833982  0.19136976
  0.24035855  0.28785157  0.32971969  0.3713401   0.41074708  0.44110516
  0.46901032  0.50947303  0.5469231   0.58967412  0.63493568  0.67950588
  0.7259028   0.77122724  0.80912727  0.85133958  0.89586264  0.94378006
  0.98945355  1.03732991  1.07567561  1.09458649  1.10318673  1.10329866
  1.10722208  1.10858417  1.10470641  1.09723771  1.09429789  1.08579242
  1.07966828  1.08023798]
[-0.82867986 -0.82564771 -0.81831068 -0.82122523 -0.82122988 -0.82606322
 -0.82685345 -0.82902372 -0.81588197 -0.7936179  -0.77416497 -0.75832564
 -0.73801106 -0.71567613 -0.68204618 -0.65292674 -0.62170678 -0.59170932
 -0.56159705 -0.535061   -0.50562727 -0.4766247  -0.45035183 -0.43096799
 -0.40491045 -0.37789488 -0.34845787 -0.33301589 -0.31827959 -0.29530948
 -0.26807666 -0.23668799 -0.20722286 -0.17796372 -0.1473999  -0.11938
 -0.08767613 -0.05836257]
[ 1.75035942  1.75580621  1.76379073  1.75754631  1.75689352  1.73197412
  1.704777    1.67603946  1.63566399  1.58517981  1.53227663  1.486215
  1.43651092  1.38116825  1.31716502  1.24710643  1.17544675  1.10108554
  1.02746713  0.94206792  0.86447936  0.78495711  0.70624381  0.63601083
  0.5707413   0.4938724   0.42099065  0.33513853  0.2504676   0.16539614
  0.08757845  0.00943284 -0.06699736 -0.14240785 -0.22978435 -0.2977702
 -0.37692693 -0.44144872]
[0.86265886 0.87250859 0.88928944 0.90926051 0.93454456 0.96420556
 1.00422454 1.0519309  1.10340023 1.16898596 1.22946012 1.28231871
 1.34462965 1.39928782 1.44903445 1.49320853 1.53452909 1.56083679
 1.57268512 1.58887899 1.59423745 1.59030843 1.57734513 1.54358494
 1.51289392 1.4784317  1.43475914 1.38897216 1.34083104 1.29371548
 1.24544632 1.19528198 1.14417279 1.1026895  1.05317783 1.01250112
 0.97317427 0.93601531]
[-0.44395056 -0.47775382 -0.52077222 -0.5510506  -0.57628536 -0.59438848
 -0.62218863 -0.65345472 -0.69444811 -0.73388308 -0.77530009 -0.80934411
 -0.84872961 -0.88161612 -0.91400814 -0.94593412 -0.97232383 -0.99392474
 -1.01640999 -1.0297277  -1.03953886 -1.04590297 -1.03775716 -1.02453232
 -0.99790466 -0.96411234 -0.92333412 -0.88642842 -0.83632272 -0.79067761
 -0.73972297 -0.68608117 -0.63901561 -0.59078169 -0.54374045 -0.49809054
 -0.45327604 -0.40335542]
[-0.52201426 -0.48925084 -0.44846773 -0.40608653 -0.3567431  -0.31022802
 -0.26247776 -0.21732076 -0.1648404  -0.11230511 -0.06124831 -0.00741972
  0.04533765  0.09409418  0.1431517   0.19269679  0.23787057  0.25824702
  0.26148534  0.26328695  0.24753171  0.22453892  0.19259158  0.15224224
  0.11496886  0.06844369  0.03179967 -0.01044812 -0.05130287 -0.0803202
 -0.11083434 -0.1538644  -0.18025543 -0.19502132 -0.19941504 -0.2062705
 -0.2207744  -0.2319314 ]
[1.48708892 1.49890137 1.51087773 1.51849306 1.5213387  1.52062798
 1.51463938 1.51172042 1.51012516 1.50179982 1.48234296 1.46407223
 1.43304956 1.40734673 1.38654101 1.35420859 1.3239156  1.30724967
 1.28262234 1.26031673 1.24438071 1.22250032 1.2069819  1.18719816
 1.16642213 1.14892066 1.11821818 1.09003782 1.04659772 1.01135945
 0.96179247 0.930942   0.88705093 0.84730959 0.80671656 0.76488972
 0.71246088 0.67226547]
[1.80981016 1.78533792 1.75506365 1.7076422  1.65860987 1.59888422
 1.52984977 1.46328139 1.38982308 1.31852722 1.23977387 1.17024171
 1.10310876 1.05985224 1.0232414  0.99852526 0.98423523 0.98081636
 1.00019217 1.035501   1.08537853 1.14244092 1.21074617 1.27060246
 1.33881068 1.39655101 1.45363605 1.50966001 1.55631089 1.59632969
 1.61373103 1.62496972 1.62443817 1.61377466 1.58177996 1.53888726
 1.48441637 1.42432821]
[-0.40910089 -0.39245284 -0.36684752 -0.34181714 -0.31811818 -0.28805885
 -0.24654806 -0.20121746 -0.15810046 -0.11229611 -0.07458456 -0.03506251
  0.00722835  0.04826995  0.09438504  0.12878285  0.1720686   0.21377628
  0.24640261  0.28365186  0.31731313  0.35167703  0.38101435  0.41123289
  0.43673012  0.46446621  0.50347239  0.54118639  0.56491357  0.59416986
  0.63377088  0.66841578  0.70562959  0.74582833  0.77341384  0.80102068
  0.82666147  0.84451401]
[ 0.78599113  0.7900039   0.79051572  0.78760511  0.78358322  0.78882873
  0.79458201  0.79189855  0.78019851  0.77517259  0.76452893  0.74202943
  0.72430098  0.71120644  0.6966067   0.66626102  0.6263091   0.58319724
  0.52689773  0.47285256  0.40962571  0.34898621  0.29573572  0.23787709
  0.18754949  0.13567752  0.09047627  0.04534805 -0.00480865 -0.05382449
 -0.09794652 -0.14207006 -0.1904847  -0.2440102  -0.30162138 -0.35556155
 -0.41596353 -0.48541963]
[ 1.41785443  1.38584948  1.3491869   1.30740261  1.26891088  1.23183584
  1.1931349   1.15731382  1.12036586  1.08341086  1.04060531  0.99055541
  0.93699747  0.88417965  0.83067614  0.78091931  0.72873849  0.67523682
  0.62410176  0.56971079  0.51415652  0.45937285  0.4086591   0.35747519
  0.30740094  0.25850567  0.20800744  0.16372031  0.11821245  0.06876635
  0.02309869 -0.03437011 -0.08319204 -0.13547795 -0.1844077  -0.23422666
 -0.29065818 -0.34189057]
[ 0.36927888  0.33869919  0.30974397  0.27881706  0.24857156  0.21583182
  0.18381561  0.1575647   0.12919594  0.0983731   0.06328439  0.03169767
 -0.00510688 -0.0426842  -0.07765757 -0.11414783 -0.14581895 -0.18031047
 -0.21113268 -0.24095255 -0.2717419  -0.30071279 -0.32935128 -0.35915416
 -0.38251576 -0.40122199 -0.41827393 -0.431252   -0.44447085 -0.45255369
 -0.4613142  -0.46597993 -0.47349417 -0.47923264 -0.48813072 -0.49633437
 -0.50551337 -0.51631635]
[-0.97796309 -0.99193484 -1.00087535 -1.00556266 -1.01431262 -1.02585232
 -1.03638887 -1.05325878 -1.06774426 -1.0763725  -1.07616663 -1.07367361
 -1.07113159 -1.06832814 -1.06297624 -1.05379832 -1.05246329 -1.05794775
 -1.05051804 -1.03993297 -1.02790368 -0.99887723 -0.96872473 -0.93234926
 -0.89526469 -0.85309047 -0.81350249 -0.77285695 -0.72113502 -0.67572922
 -0.62935859 -0.58325928 -0.53667164 -0.48977894 -0.44965786 -0.40965974
 -0.37231243 -0.3321636 ]
[0.10353375 0.17006437 0.23197418 0.29617801 0.3432638  0.387261
 0.42918056 0.46760014 0.50588644 0.55379653 0.5961414  0.64848584
 0.69982088 0.75644869 0.80849087 0.85825878 0.90734452 0.96372551
 1.02269447 1.07430387 1.12682605 1.16760039 1.2055732  1.22154009
 1.21822464 1.2035886  1.18066645 1.163131   1.13446033 1.12563646
 1.10495532 1.09837258 1.08786869 1.07664537 1.06868291 1.06078279
 1.05498362 1.06856215]
[1.30225837 1.27194917 1.24527109 1.21578693 1.18773115 1.16137218
 1.12682354 1.08941495 1.05467582 1.01847267 0.97836125 0.94337142
 0.90244102 0.8633166  0.82440352 0.78769046 0.74719614 0.71040177
 0.67413896 0.63922119 0.60492122 0.57219452 0.53442085 0.49982387
 0.46526045 0.42692152 0.39289755 0.35611543 0.3184489  0.28596878
 0.25860915 0.23311456 0.20276169 0.17057931 0.13456707 0.1054993
 0.0729963  0.04235497]
[0.39096719 0.435339   0.48190844 0.52377999 0.57543504 0.62679869
 0.67555749 0.72605175 0.7805562  0.8262291  0.87819296 0.91560996
 0.95560032 0.98788059 1.02154136 1.04979837 1.08041251 1.11184561
 1.14008367 1.16569495 1.1934917  1.22306919 1.25037527 1.28506613
 1.30712736 1.34261465 1.36781454 1.39882612 1.42521882 1.45466757
 1.480618   1.50033295 1.51769555 1.53138375 1.53570008 1.54046631
 1.53504443 1.52976072]
[ 0.11044773  0.06961042  0.02420438 -0.02245539 -0.0732943  -0.12536635
 -0.18441975 -0.24944367 -0.31915814 -0.39484775 -0.45461524 -0.53287429
 -0.58723021 -0.62019628 -0.65825051 -0.68658262 -0.69332933 -0.70063162
 -0.71045882 -0.71453452 -0.72032017 -0.73854482 -0.74190515 -0.7192291
 -0.70451629 -0.67587674 -0.64506084 -0.63292098 -0.6345641  -0.63563621
 -0.64710987 -0.67488229 -0.70340312 -0.71100289 -0.71996206 -0.7234506
 -0.72461569 -0.73209846]
[0.88239813 0.93250084 0.99217618 1.05083716 1.10150242 1.16069698
 1.21392906 1.27151275 1.32822669 1.38355732 1.43758595 1.48454821
 1.53247213 1.57198822 1.60153651 1.63022041 1.66369832 1.69610143
 1.72805083 1.75757658 1.78960395 1.81940186 1.83589065 1.850721
 1.86805379 1.87908518 1.88980675 1.89793348 1.8978194  1.8983196
 1.8863368  1.87801039 1.87159443 1.86192417 1.84148097 1.82677138
 1.81292188 1.79652059]
[ 1.42874718  1.36140621  1.29341102  1.21962905  1.14043736  1.06206429
  0.97677904  0.89110798  0.80951023  0.7306118   0.66088533  0.59202754
  0.51594335  0.43738201  0.35107362  0.26757139  0.1847378   0.10328697
  0.0174139  -0.06097123 -0.14476474 -0.22647995 -0.31020287 -0.38843364
 -0.46016422 -0.53445745 -0.60251313 -0.67259043 -0.73095661 -0.786789
 -0.83665907 -0.87999707 -0.92331046 -0.97666186 -1.0276016  -1.08684742
 -1.14245856 -1.1926738 ]
[ 0.61081821  0.59819108  0.58374685  0.56711644  0.54240483  0.51611924
  0.48921201  0.4624396   0.4315972   0.3956261   0.35553083  0.30835402
  0.25930268  0.21378252  0.16632138  0.12566884  0.08027509  0.03995848
 -0.00284156 -0.04079092 -0.07995047 -0.11723612 -0.15613829 -0.19551709
 -0.23540032 -0.27973172 -0.32787526 -0.37551641 -0.42466867 -0.47129431
 -0.51680809 -0.56086004 -0.60069537 -0.64582402 -0.68606246 -0.72489363
 -0.75937158 -0.7860508 ]
[-1.06788623 -0.99643493 -0.92233235 -0.8470161  -0.77853221 -0.70802009
 -0.63161242 -0.5502066  -0.47755584 -0.3991178  -0.32726467 -0.2472994
 -0.16985865 -0.09612148 -0.02376269  0.04972189  0.12988873  0.20019186
  0.27321395  0.33585441  0.40403476  0.46650085  0.52905869  0.58740729
  0.6474511   0.69896537  0.74715585  0.80360794  0.85911453  0.91364199
  0.96942204  1.02150726  1.081393    1.13892627  1.19186854  1.2391628
  1.28203917  1.31214428]
[-0.6824277  -0.65821111 -0.61631304 -0.57312286 -0.52707845 -0.44657418
 -0.38131127 -0.3503474  -0.35082972 -0.38452888 -0.43055359 -0.48838067
 -0.55994356 -0.64616895 -0.72023523 -0.80064404 -0.86881489 -0.94531447
 -1.01924634 -1.09988141 -1.17945373 -1.27069056 -1.36244953 -1.45072341
 -1.53987801 -1.61768353 -1.67893934 -1.7326628  -1.75203145 -1.76481044
 -1.75597751 -1.7334404  -1.67788649 -1.61028028 -1.54404283 -1.44308269
 -1.35422742 -1.25763381]
[-1.85014713 -1.91878629 -1.99192059 -2.06655669 -2.1475718  -2.22228813
 -2.31110954 -2.385988   -2.47203565 -2.55356026 -2.62632322 -2.70295334
 -2.7586925  -2.82262635 -2.87512946 -2.90306163 -2.90723276 -2.86530423
 -2.80937862 -2.75397682 -2.67041659 -2.58214521 -2.50095987 -2.42140007
 -2.33609128 -2.25330091 -2.14656019 -2.06006598 -1.96361279 -1.88354588
 -1.80115557 -1.72166049 -1.64382422 -1.56877971 -1.49610925 -1.41353703
 -1.33327031 -1.2541151 ]
[-0.56560332 -0.59859729 -0.62710059 -0.65405655 -0.68962318 -0.72452271
 -0.75728083 -0.79276866 -0.82547146 -0.8612839  -0.89363724 -0.9278006
 -0.96091515 -0.99272954 -1.02185619 -1.04536664 -1.06383741 -1.08852911
 -1.11234438 -1.13503563 -1.15169644 -1.16996074 -1.18792498 -1.20290959
 -1.21846759 -1.23001754 -1.23058569 -1.2433461  -1.24876416 -1.24976945
 -1.25455403 -1.25183761 -1.24878132 -1.2464689  -1.23691797 -1.22524655
 -1.20692611 -1.20271516]
[-0.46476942 -0.48914668 -0.51634139 -0.54462212 -0.56414765 -0.59015983
 -0.61896151 -0.63596582 -0.63996428 -0.66225743 -0.67634755 -0.68084145
 -0.69391084 -0.70236802 -0.70919526 -0.72887814 -0.73951799 -0.75080621
 -0.75470108 -0.77062345 -0.78683877 -0.78993624 -0.80813253 -0.82808292
 -0.84110135 -0.85789806 -0.87506157 -0.891128   -0.89858121 -0.90256739
 -0.91121089 -0.91486478 -0.90806425 -0.90709281 -0.88507056 -0.8614096
 -0.8392539  -0.80967766]
[ 1.2538569   1.21630502  1.1806525   1.13740087  1.10130358  1.05381846
  1.00658834  0.9511255   0.89950001  0.85115725  0.80395168  0.7498067
  0.69314587  0.63222122  0.58133531  0.52369648  0.47508234  0.42304933
  0.37365532  0.32300487  0.27261746  0.22479345  0.17676274  0.1344409
  0.08472776  0.03570822 -0.02051565 -0.07369029 -0.12660292 -0.17968115
 -0.22800328 -0.27203825 -0.32108232 -0.37377146 -0.42121175 -0.47310239
 -0.51463711 -0.55574435]
[-1.20127237 -1.17407537 -1.14830399 -1.12120211 -1.09289682 -1.06360006
 -1.03556871 -0.99798411 -0.95662344 -0.91042387 -0.862306   -0.81513941
 -0.76540327 -0.71699017 -0.66895169 -0.61997592 -0.57882738 -0.52950621
 -0.4881956  -0.43516684 -0.3872734  -0.33625674 -0.28595564 -0.23434703
 -0.18187787 -0.1335855  -0.08095024 -0.02881732  0.02468242  0.07336584
  0.12709737  0.17849246  0.23456812  0.2859368   0.33776093  0.38702071
  0.43298602  0.47975174]
[-1.82007599 -1.81431913 -1.81791627 -1.81437719 -1.81483519 -1.8069241
 -1.7980659  -1.77315962 -1.75668991 -1.73239124 -1.71356797 -1.69000113
 -1.66539383 -1.64343774 -1.63155901 -1.6070013  -1.57800174 -1.55970263
 -1.53357983 -1.50325441 -1.4695766  -1.44482338 -1.40867972 -1.38884473
 -1.35488033 -1.32723236 -1.28945804 -1.25486171 -1.22063804 -1.18367422
 -1.14875555 -1.11175489 -1.077281   -1.0365535  -1.00293148 -0.95879614
 -0.91542858 -0.86927432]
[ 1.62015295  1.62657881  1.63934362  1.64206648  1.64927053  1.66284442
  1.67781067  1.68689191  1.68830264  1.67289495  1.66659462  1.64310563
  1.60888231  1.57109439  1.51445699  1.46579158  1.41471589  1.35932422
  1.29983103  1.24263167  1.17054415  1.10386121  1.04220414  0.95716977
  0.88735795  0.80759138  0.73342001  0.6622681   0.59184641  0.522762
  0.46054491  0.39265165  0.31390309  0.24825823  0.17095913  0.10392909
  0.04769366 -0.02340461]
[-0.11447213 -0.0869302  -0.05863556 -0.0288738  -0.00574767  0.03262358
  0.06516892  0.08670042  0.12808788  0.16825777  0.19610642  0.23017468
  0.26300216  0.30241939  0.33898553  0.37255493  0.39800519  0.43106014
  0.46101087  0.48249093  0.51175553  0.54602087  0.58351433  0.62035275
  0.65886658  0.70798326  0.75139743  0.80120766  0.84723246  0.89516848
  0.94135511  0.99624747  1.04633927  1.09379947  1.13435924  1.17512381
  1.20785451  1.23084474]
[-1.67317986 -1.6943773  -1.71674287 -1.73853731 -1.74985039 -1.76756418
 -1.77558422 -1.79302657 -1.80070281 -1.81011784 -1.80606318 -1.80880225
 -1.80728471 -1.81271064 -1.80404353 -1.79637122 -1.79147196 -1.79998541
 -1.7967962  -1.80534732 -1.79323459 -1.78625023 -1.77728748 -1.77009642
 -1.76055241 -1.74034405 -1.72859406 -1.71851957 -1.71070778 -1.69083869
 -1.67181635 -1.64626372 -1.6269505  -1.60735548 -1.5811044  -1.55370641
 -1.53439426 -1.50324714]
[-0.53370959 -0.61598921 -0.70118922 -0.77825916 -0.85147315 -0.92159975
 -0.99602073 -1.08194363 -1.1681155  -1.2572968  -1.34935868 -1.44340324
 -1.51709437 -1.59626067 -1.6743232  -1.71453691 -1.75225592 -1.77400231
 -1.77501547 -1.7486707  -1.71834028 -1.67578387 -1.59135926 -1.51783156
 -1.41741157 -1.32324517 -1.23012543 -1.12926245 -1.04016948 -0.94986838
 -0.86154115 -0.77899277 -0.68959081 -0.59566283 -0.50011694 -0.42397362
 -0.33747777 -0.25938442]
[-0.63366371 -0.64882964 -0.67533726 -0.70598602 -0.73472172 -0.760351
 -0.78455675 -0.81730574 -0.83776098 -0.86229396 -0.88680315 -0.90808767
 -0.92612511 -0.94080031 -0.95043677 -0.94816816 -0.93787694 -0.91731185
 -0.88721293 -0.85141462 -0.82251728 -0.77936774 -0.74111414 -0.69620961
 -0.64868045 -0.60445881 -0.55944872 -0.5149703  -0.47179893 -0.43032181
 -0.38777497 -0.34332919 -0.29509631 -0.25498217 -0.20783848 -0.16930079
 -0.12429509 -0.08189234]
[ 0.70856375  0.66377944  0.61368114  0.55296278  0.49283549  0.43507421
  0.37349975  0.32316688  0.26752496  0.21855091  0.16633068  0.11644826
  0.06750546  0.01989749 -0.0321603  -0.08073615 -0.12915751 -0.18227223
 -0.2375807  -0.29621467 -0.36206061 -0.42539689 -0.48502138 -0.55426067
 -0.61189491 -0.666327   -0.7229352  -0.78345615 -0.83968866 -0.89363736
 -0.95580286 -1.01096928 -1.06899738 -1.12097394 -1.17335856 -1.2184602
 -1.26851106 -1.31022954]
[1.52097142 1.56365931 1.59589481 1.63506961 1.67361474 1.71567583
 1.74429762 1.76809716 1.78234804 1.80861592 1.81924605 1.83723474
 1.84275281 1.85343373 1.85511112 1.85472131 1.86026645 1.85934258
 1.85865664 1.84846509 1.82838571 1.81675458 1.79383492 1.76118457
 1.7362746  1.71250117 1.68748224 1.64786243 1.62055397 1.5914923
 1.55736101 1.52793813 1.49286354 1.44693565 1.40930843 1.36362767
 1.32029021 1.27447927]
[1.73226833 1.74829125 1.75134301 1.75954521 1.76651776 1.764853
 1.76757991 1.76387513 1.75920439 1.74420226 1.73107922 1.71439075
 1.6948266  1.67398512 1.65896344 1.64218414 1.62334991 1.60073936
 1.573439   1.54215932 1.50348699 1.46131444 1.41572356 1.37081659
 1.32570982 1.28125811 1.2415334  1.20395803 1.16399384 1.11793768
 1.06824839 1.02313948 0.97554356 0.92729592 0.87545109 0.82597423
 0.78075004 0.73598033]
[-0.53255463 -0.54932106 -0.56636846 -0.57520038 -0.58284372 -0.58788651
 -0.59591049 -0.59241271 -0.58886582 -0.58151025 -0.57217395 -0.56702864
 -0.56173283 -0.56362808 -0.56426102 -0.55922955 -0.55788785 -0.55780506
 -0.55215329 -0.55108792 -0.54746449 -0.53112179 -0.51556396 -0.51078439
 -0.49835289 -0.47559452 -0.45628351 -0.43379068 -0.41471329 -0.39850885
 -0.37512049 -0.34802398 -0.32184708 -0.29587078 -0.26877511 -0.23270099
 -0.19845173 -0.15617211]
