[ 0.74197318  0.86694069  0.74701577  0.74676298  0.74787744  0.74967612
  0.81054931  0.75536295  0.75575155  0.7539516   0.8183772   0.75194867
  0.75435141  0.74753563  0.74358436  0.74740763  0.74177926  0.73548053
  0.74037269  0.73153396  0.72613603  0.71647119  0.7750481   0.70032759
  0.69147429  0.68117241  0.66796708  0.65598755  0.64207285  0.62830392
  0.61332529  0.59542489  0.58360329  0.56728961  0.5501674   0.53187307
  0.51318603  0.49264343  0.481594    0.46248258  0.44289845  0.42183771
  0.40148121  0.37266879  0.35579982  0.33357185  0.3104667   0.28748124
  0.262191    0.23562735  0.19073462  0.18199111  0.15561774  0.16324314
  0.10043979  0.07390982  0.04698444  0.01937102 -0.0073679  -0.04025562
 -0.16992104 -0.09940562 -0.11295153 -0.15524962 -0.18443189 -0.21290418
 -0.24063228 -0.27542464 -0.30091908 -0.32585253 -0.35050889 -0.37919088
 -0.40323712 -0.4372434  -0.45945672 -0.53182356 -0.51488612 -0.51429969
 -0.5738956  -0.59568993 -0.61927571 -0.64558888 -0.6723263  -0.69208145
 -0.71598578 -0.73958358 -0.76697705 -0.78099755 -0.81317379 -0.83742135
 -0.86213413 -0.87196965 -0.88606739 -0.90163787 -0.93523917 -0.93228424
 -0.94180901 -0.95924968 -0.97030109 -0.98137629 -0.98993692 -0.99530834
 -0.99656526 -1.00756988 -1.01814507 -1.02480464 -1.02583262 -1.02818922
 -1.02293269 -1.02856257 -1.03143048 -1.02425001 -1.01908205]
[-0.19864714 -0.22656148 -0.20183471 -0.20133665 -0.1577091  -0.12661552
 -0.10029836 -0.07296269 -0.04604556 -0.01601869  0.00920784  0.03089252
  0.06183458  0.07463508  0.11576632  0.15909481  0.16613081  0.24196667
  0.19673718  0.21311532  0.22637072  0.22814012  0.31290751  0.27869638
  0.29797779  0.32067088  0.3439409   0.36598192  0.38864598  0.40675099
  0.42767029  0.45989683  0.47201014  0.54662474  0.54230439  0.5675483
  0.59071644  0.6640692   0.64428849  0.66737558  0.6883631   0.71031999
  0.73179481  0.75218232  0.77236776  0.78621305  0.80378779  0.76173121
  0.83485133  0.84932603  0.85926229  0.88009187  0.87522133  0.88237432
  0.9566018   0.97673666  0.9808642   0.98510114]
[ 0.3194876   0.3171901   0.31422182  0.31341122  0.30989378  0.30956392
  0.31056171  0.31025578  0.31076223  0.30760503  0.30502032  0.29833118
  0.29083033  0.28737407  0.27878224  0.27987256  0.2718081   0.26441259
  0.25977831  0.2513702   0.24576242  0.23520288  0.22536003  0.21607215
  0.20596074  0.19801697  0.18662746  0.17566491  0.16473353  0.15184582
  0.13927008  0.12608743  0.11354126  0.10023169  0.09045492  0.07979368
  0.06900367  0.056646    0.04396251  0.03246305  0.02225816  0.00893684
 -0.00569869 -0.0199075  -0.03360434 -0.04824471 -0.06335804 -0.07474335
 -0.09088808 -0.10640779 -0.12159533 -0.13747883 -0.15258567 -0.16951455
 -0.18619345 -0.20204498 -0.21751282 -0.232356   -0.24753583 -0.2628488
 -0.28221599 -0.29725651 -0.31621128 -0.33076452 -0.34418908 -0.36139617
 -0.37545423 -0.39358203 -0.40589749 -0.42021773 -0.43109341 -0.44458795
 -0.45730964 -0.47260666 -0.48413839 -0.49545697 -0.50960905 -0.52481262
 -0.53689142 -0.54686033 -0.5611187  -0.57127453 -0.58565316 -0.59906333
 -0.60893165 -0.62041896 -0.63155871 -0.64124056 -0.65061622 -0.65977315
 -0.66563281 -0.67618504 -0.68089953 -0.68802511 -0.69662819 -0.70168139
 -0.70417297 -0.70835989 -0.70883006 -0.71179189 -0.70589721 -0.70399232
 -0.69841282 -0.69384583 -0.68470247 -0.67172542 -0.65740776 -0.64602585
 -0.63118545 -0.61948401 -0.60858249 -0.59463928 -0.58328803]
[ 0.76545707  0.89133308  0.77221387  0.77277485  0.77468186  0.77726951
  0.839008    0.80300831  0.78565149  0.784607    0.84970299  0.7839309
  0.77832856  0.78066989  0.77723171  0.78154549  0.77631286  0.77035848
  0.77554459  0.76398602  0.76188615  0.75238506  0.81117085  0.73671124
  0.72804438  0.72011033  0.70465701  0.69269157  0.67869354  0.664802
  0.64961998  0.63144527  0.61944793  0.60290034  0.58547055  0.56680541
  0.5477012   0.52678034  0.51531588  0.49582209  0.4757603   0.45420252
  0.43337203  0.38027425  0.38668778  0.39034403  0.34029989  0.3093556
  0.29074289  0.26348891  0.21789105  0.20845219  0.18128965  0.18810618
  0.1244414   0.12028965  0.06918161  0.04067342  0.01299731 -0.02079977
 -0.15141344 -0.0818993  -0.09643992 -0.1721254  -0.17002233 -0.19944894
 -0.2282771  -0.26411    -0.29073362 -0.31672539 -0.34243406 -0.38429953
 -0.3974069  -0.42835562 -0.4559453  -0.52946533 -0.51360747 -0.51430973
 -0.57489542 -0.59784902 -0.62255982 -0.68815507 -0.67782476 -0.6986275
 -0.72370349 -0.7483669  -0.77689914 -0.75695538 -0.82525791 -0.85054912
 -0.87634231 -0.88716288 -0.90220943 -0.98870909 -0.9533289  -0.94831799
 -0.922299   -0.98024068 -0.99223746 -1.00428543 -0.96579598 -1.05540542
 -1.02189004 -1.03358172 -1.09294143 -1.05214335 -1.05380179 -1.05675416
 -1.05209356 -1.05828612 -1.06169119 -1.05506246 -1.06435972]
[-0.16491544 -0.21080602 -0.18538863 -0.18411405 -0.13970836 -0.18994152
 -0.08083943 -0.05280128 -0.19514039  0.0055909   0.0314706   0.0538846
  0.08543161  0.09886449  0.14051136  0.18437061  0.19189103  0.26820816
  0.2235489   0.2713282   0.25436103  0.18186063  0.34195862  0.30820215
  0.17839824  0.35106832  0.37462599  0.39704121  0.42003467  0.43836908
  0.54915456  0.53993206  0.51691307  0.54375077  0.53519599  0.59996938
  0.6230298   0.69624906  0.67625272  0.69913537  0.7198452   0.58863456
  0.72865016  0.76452062  0.80267151  0.81605779  0.83307509  0.8134428
  0.86292969  0.87673012  0.88599421  0.97945903  1.06043384  0.9588113
  0.99366485  0.99960187  0.81153175  1.00624716]
[ 0.7603739   0.88564495  0.76597145  0.76593617  0.76724578  0.76925332
  0.83029336  0.77521471  0.77566541  0.77399898  0.83856598  0.77222776
  0.77474759  0.76791927  0.76396121  0.76780404  0.76204602  0.75565641
  0.76041605  0.75144867  0.74584916  0.73589248  0.79424366  0.71934089
  0.71028957  0.69976083  0.68628328  0.67402279  0.65977015  0.64569266
  0.63028593  0.61191138  0.59969265  0.58295936  0.5653872   0.54658425
  0.52738017  0.50636208  0.49485009  0.47533376  0.45528112  0.43372026
  0.41293867  0.38366511  0.36635666  0.34361794  0.32005393  0.29662621
  0.27086752  0.24383107  0.19845929  0.18923076  0.16228277  0.16936728
  0.10601405  0.07885707  0.05132703  0.02309339 -0.00421303 -0.03769459
 -0.16792575 -0.09800542 -0.11212077 -0.15504293 -0.18481095 -0.21371665
 -0.2420181  -0.27724109 -0.30324963 -0.32863304 -0.35368995 -0.38282283
 -0.40729579 -0.44168752 -0.46429773 -0.53703004 -0.52041428 -0.52012919
 -0.57994816 -0.6020402  -0.6258479  -0.65238509 -0.67930412 -0.69915508
 -0.72320285 -0.74688055 -0.77437975 -0.78858968 -0.82082828 -0.84520567
 -0.87005582 -0.87992754 -0.89406784 -0.90970695 -0.94346692 -0.9406425
 -0.95030472 -0.9679339  -0.97912853 -0.99047871 -0.99922249 -1.00477362
 -1.00629357 -1.01743462 -1.02826847 -1.03512222 -1.03640326 -1.03902257
 -1.03408417 -1.04000667 -1.04316711 -1.03630567 -1.03138677]
[ 0.53254267  0.50560677  0.48965709  0.49507927  0.50059435  0.48679
  0.49328832  0.4811924   0.48989114  0.47936181  0.48891044  0.4799268
  0.47202921  0.46592003  0.46127106  0.47334253  0.46957658  0.46656319
  0.46514995  0.4476427   0.44790882  0.4486481   0.43270208  0.43519269
  0.43654577  0.4215005   0.40989477  0.3956972   0.38166709  0.36776844
  0.37148647  0.35928314  0.33158818  0.32014551  0.30892759  0.29833418
  0.28826162  0.25749782  0.2477327   0.23240326  0.2019281   0.19282805
  0.16946522  0.1542087   0.1241974   0.09436079  0.06473574  0.0440535
  0.01540107 -0.01304817 -0.04065575 -0.07672585 -0.09454471 -0.12966907
 -0.15609329 -0.18123319 -0.20597736 -0.23044983 -0.27721078 -0.30021871
 -0.3233255  -0.34489606 -0.38955529 -0.40981513 -0.42868306 -0.4473783
 -0.46485225 -0.46911352 -0.47380134 -0.48819221 -0.47827761 -0.49111691
 -0.50286929 -0.51365519 -0.50824874 -0.50858151 -0.51665928 -0.50100625
 -0.50741473 -0.49045979 -0.45178455 -0.433631   -0.39394532 -0.37588116
 -0.33494556 -0.29449388 -0.26330303 -0.24131617 -0.21897776 -0.2042063
 -0.17966032 -0.14695948 -0.12181929 -0.10364306 -0.07707309 -0.03378674
 -0.00557376  0.02344872  0.06764338  0.09064606  0.13633299  0.13851802
  0.11929776  0.10138896  0.10676686  0.11293291  0.09937032  0.07672042
  0.06527096  0.04436102  0.02370612  0.03654282  0.08992433]
