[-0.04115717 -0.10088258 -0.16658454 -0.22518061 -0.28069785 -0.33174264
 -0.38162261 -0.43132263 -0.48207805 -0.53566664 -0.58652759 -0.63145155
 -0.67323273 -0.7282213  -0.76997685 -0.82394999 -0.87675327 -0.92250168
 -0.96507615 -0.99965835 -1.03137088 -1.05216646 -1.06871963 -1.070755
 -1.0728395  -1.07060027 -1.06416273 -1.05935764 -1.04305637 -1.0161351
 -0.98539472 -0.95127845 -0.90777081 -0.86515707 -0.81473857 -0.7630437
 -0.71706295 -0.6864028 ]
[1.86227953 1.86658943 1.85824573 1.8444519  1.82800567 1.81102884
 1.80269587 1.73915184 1.6578052  1.55606937 1.49536014 1.40659893
 1.30758572 1.23616326 1.10932493 1.04516578 0.98572439 0.88777882
 0.84776437 0.81619912 0.79384917 0.81059569 0.86814851 0.94425225
 1.03582406 1.10302877 1.16535604 1.24317479 1.33079684 1.41290307
 1.4933852  1.57254875 1.62031472 1.65578711 1.72069073 1.74565005
 1.7652936  1.71407759]
[-0.77976274 -0.71885592 -0.66881585 -0.61439008 -0.55136341 -0.49439049
 -0.43732575 -0.37763613 -0.32011348 -0.25687411 -0.19959825 -0.14289187
 -0.08550049 -0.02904337  0.0276492   0.079987    0.13538115  0.19550705
  0.25723633  0.31541708  0.3613795   0.40542299  0.44849774  0.46909019
  0.47639298  0.46992141  0.46525499  0.45941547  0.44736469  0.43892899
  0.42205319  0.40993351  0.40890643  0.4074277   0.40872806  0.40963191
  0.40387759  0.39087954]
[ 0.93417555  0.90970528  0.88584059  0.8651824   0.84243679  0.81561947
  0.77977318  0.75621194  0.72200108  0.67950094  0.64293337  0.5981552
  0.55196923  0.50643653  0.45199871  0.39543083  0.34614015  0.29753301
  0.24993998  0.20549586  0.16118215  0.11701199  0.07317477  0.02385307
 -0.01995035 -0.06544282 -0.10738394 -0.14899392 -0.1916995  -0.23479165
 -0.27955738 -0.3325237  -0.37930837 -0.43740636 -0.49104089 -0.54036504
 -0.59521514 -0.64479983]
[-1.79158223 -1.78792095 -1.78388345 -1.78909636 -1.79452395 -1.81604731
 -1.82441723 -1.80851138 -1.79369533 -1.78248107 -1.79620862 -1.79691136
 -1.80364895 -1.81640589 -1.79588687 -1.7621938  -1.73294842 -1.69554353
 -1.67054594 -1.63693428 -1.6051538  -1.60817754 -1.6086123  -1.60593987
 -1.5944742  -1.5851351  -1.58494508 -1.59499025 -1.62227404 -1.63386607
 -1.63037121 -1.63147163 -1.64112473 -1.63433969 -1.63948917 -1.62463593
 -1.60230863 -1.58516228]
[-1.32692599 -1.31297946 -1.33319569 -1.31883943 -1.33791995 -1.32710671
 -1.31658673 -1.30885673 -1.30368924 -1.29501712 -1.293926   -1.28585315
 -1.27715158 -1.25062299 -1.23790002 -1.2384479  -1.21996939 -1.21503401
 -1.18727303 -1.15840685 -1.148754   -1.12939739 -1.1112963  -1.0866344
 -1.06883466 -1.06063068 -1.03732216 -1.01902163 -1.00316548 -0.97565275
 -0.93985963 -0.90357655 -0.85643446 -0.83384323 -0.80150408 -0.77155292
 -0.72487122 -0.69535977]
[0.11280475 0.15636547 0.19829915 0.24122435 0.28706476 0.32793692
 0.37794286 0.41756895 0.46185037 0.50388759 0.54347777 0.58873975
 0.6305604  0.67255068 0.72772783 0.77445978 0.8291502  0.87632328
 0.92776227 0.97192818 1.02132308 1.07188332 1.11914265 1.16913462
 1.22363245 1.27190578 1.31776547 1.37232327 1.41415226 1.45897853
 1.49644279 1.5324049  1.55940843 1.58704269 1.61131883 1.63604414
 1.656582   1.67826748]
[-0.01942259 -0.03715991 -0.05526665 -0.07182891 -0.09113999 -0.10952549
 -0.12841435 -0.14653355 -0.16442236 -0.18001691 -0.19443643 -0.21487741
 -0.2334248  -0.25449294 -0.2779018  -0.30082753 -0.32656062 -0.34499007
 -0.36298552 -0.37767252 -0.39533791 -0.41085464 -0.42451391 -0.43884
 -0.45300308 -0.46131605 -0.46826422 -0.47518963 -0.48471409 -0.49252588
 -0.50058776 -0.50516963 -0.51535773 -0.51140153 -0.51166016 -0.50666654
 -0.50208187 -0.49876323]
[1.34778976 1.33047235 1.30916202 1.28014934 1.25543773 1.23152614
 1.20499182 1.17514598 1.14455426 1.12190211 1.09433281 1.07499635
 1.05686092 1.04194021 1.02640343 1.00946283 0.99315637 0.97455019
 0.95757675 0.94393063 0.92620468 0.90275902 0.88495517 0.86927718
 0.84875196 0.82239372 0.79989398 0.77423334 0.75500292 0.72796804
 0.70346105 0.67723787 0.65261418 0.63137752 0.60552019 0.58320665
 0.56324202 0.53693885]
[-1.15231836 -1.13101733 -1.10245824 -1.06659186 -1.03825605 -0.99502951
 -0.94638699 -0.92185938 -0.87154728 -0.83795017 -0.80011767 -0.76018012
 -0.71694386 -0.67913741 -0.62588084 -0.58489817 -0.53691232 -0.4993825
 -0.45110148 -0.4003748  -0.3594074  -0.31515163 -0.26485956 -0.21976545
 -0.1711165  -0.12479436 -0.07701205 -0.02101072  0.03832175  0.09079965
  0.13810432  0.19349916  0.25006345  0.29581016  0.34611154  0.39351109
  0.43516737  0.47711882]
[1.25269556 1.31424141 1.35584402 1.40172648 1.44480646 1.49800396
 1.55991244 1.60244107 1.64899671 1.67727447 1.70839787 1.70815372
 1.70893919 1.69786251 1.65773237 1.63296306 1.61491895 1.57810426
 1.55213118 1.50807047 1.47292686 1.42737186 1.38114667 1.32917774
 1.28165746 1.22214735 1.1653471  1.09577727 1.04145098 1.00827634
 0.95638949 0.92710042 0.90106004 0.88619936 0.86324811 0.84374696
 0.83053237 0.82063937]
[-0.94696856 -0.9905706  -1.00951433 -1.03452194 -1.05901384 -1.0898459
 -1.1071856  -1.13099337 -1.14485979 -1.15120006 -1.17628431 -1.19358718
 -1.21867681 -1.21930611 -1.22989762 -1.25562894 -1.28348911 -1.29198539
 -1.31933367 -1.3598063  -1.37137341 -1.356969   -1.37284708 -1.39418185
 -1.39714885 -1.4233253  -1.41466212 -1.42134094 -1.41782415 -1.4219985
 -1.42568231 -1.40462792 -1.38329077 -1.36776042 -1.35611486 -1.31990147
 -1.32809567 -1.28001702]
[0.64860284 0.70031893 0.75819975 0.82029444 0.87602848 0.94178325
 0.99789888 1.05614948 1.11202192 1.16800547 1.2292484  1.27937102
 1.32823372 1.38092959 1.42791593 1.46693254 1.51764297 1.57200623
 1.60460329 1.64332974 1.67155635 1.70130336 1.72499967 1.75252044
 1.76499176 1.79094541 1.80748415 1.812922   1.83241951 1.83578098
 1.83250332 1.83675218 1.83557761 1.83377028 1.83262527 1.82156539
 1.80051219 1.79412115]
[-1.07766056 -1.10990381 -1.13957739 -1.16714776 -1.19973004 -1.23026061
 -1.25540102 -1.28323662 -1.30938518 -1.33894157 -1.36429965 -1.39597833
 -1.42906451 -1.46772051 -1.4938072  -1.51735878 -1.54210258 -1.57406461
 -1.59984148 -1.62327242 -1.66229737 -1.67531276 -1.68313849 -1.69341326
 -1.69056165 -1.71062219 -1.72413647 -1.73221838 -1.73986518 -1.7490437
 -1.7721417  -1.77768731 -1.77095687 -1.75125766 -1.7440542  -1.75158358
 -1.75277984 -1.75869393]
[ 0.655442    0.6140942   0.57004237  0.5228861   0.47477528  0.42438886
  0.37644207  0.3256442   0.2750271   0.22739969  0.1832801   0.13981934
  0.09649461  0.05466032  0.00851644 -0.04017144 -0.08731433 -0.13290794
 -0.17769001 -0.22185825 -0.26756239 -0.31862524 -0.37266716 -0.42730728
 -0.48113352 -0.53641045 -0.59048688 -0.64603609 -0.69433069 -0.75177056
 -0.80334443 -0.85736394 -0.90524209 -0.95774812 -1.00764203 -1.05181217
 -1.09223044 -1.13360608]
[-0.3073791  -0.24602586 -0.18789908 -0.12180169 -0.0594395   0.00591484
  0.0648616   0.1310699   0.19473943  0.25701264  0.31610805  0.37736613
  0.43616098  0.49705735  0.55690014  0.61075896  0.66644174  0.72038788
  0.76534796  0.82088238  0.86911553  0.92175162  0.97728711  1.03226268
  1.09020376  1.14487195  1.19672894  1.25396717  1.30445063  1.35643542
  1.40530908  1.44817281  1.49002564  1.53508222  1.57384753  1.61021411
  1.64443147  1.6722604 ]
[-1.62919831 -1.60573435 -1.57602799 -1.56340849 -1.54433143 -1.50058997
 -1.45994782 -1.4324559  -1.38824749 -1.35161877 -1.31307721 -1.25577354
 -1.21666813 -1.17913365 -1.13431776 -1.10196805 -1.05827999 -0.99319941
 -0.95352542 -0.90456605 -0.86225206 -0.82406348 -0.77538496 -0.7345255
 -0.69147742 -0.63460791 -0.58467603 -0.54618841 -0.50581127 -0.45648354
 -0.40987679 -0.35552126 -0.29665673 -0.24007021 -0.19151494 -0.14589511
 -0.07578464 -0.02998521]
[-0.2025149  -0.24297412 -0.28573948 -0.33139357 -0.36053008 -0.41163719
 -0.44451287 -0.48790869 -0.51654452 -0.55583972 -0.5905754  -0.63481373
 -0.67408174 -0.71629965 -0.76517612 -0.80453801 -0.85393679 -0.90890086
 -0.94622272 -0.98670983 -1.02575743 -1.0585556  -1.09652007 -1.13315487
 -1.17340779 -1.20494986 -1.24503934 -1.28601432 -1.32853234 -1.36377466
 -1.40022027 -1.43435943 -1.46291411 -1.49300921 -1.50947714 -1.54614556
 -1.5637635  -1.59135258]
[ 0.98049885  0.9800663   0.98418504  0.98532122  0.9852519   0.9803437
  0.98372191  0.96943676  0.94141138  0.91965735  0.89615351  0.86598134
  0.83639145  0.8070507   0.78785038  0.77252817  0.74433088  0.71169907
  0.68302441  0.64279097  0.61164701  0.56560999  0.51619202  0.472262
  0.42643866  0.37516087  0.32401663  0.27377698  0.23177408  0.1939183
  0.1543874   0.11451454  0.07526656  0.03063297 -0.00576778 -0.05098245
 -0.08719897 -0.12336625]
[-0.67857033 -0.68510377 -0.68664962 -0.68535477 -0.69087744 -0.69756556
 -0.70529121 -0.70896375 -0.7127915  -0.70853251 -0.7093243  -0.70627987
 -0.70330417 -0.70078135 -0.70236814 -0.69766349 -0.68693286 -0.66811103
 -0.66285616 -0.64902854 -0.62807852 -0.60505897 -0.57748955 -0.55218786
 -0.51742482 -0.48946536 -0.45769954 -0.42889833 -0.40737483 -0.38475567
 -0.35897622 -0.32952783 -0.3012777  -0.26997206 -0.23727852 -0.19823432
 -0.1613327  -0.12097768]
[-1.97250152 -1.93881929 -1.92454338 -1.89494479 -1.8799597  -1.81956089
 -1.79898095 -1.74795306 -1.67677426 -1.63878191 -1.604164   -1.55780399
 -1.53479314 -1.52103031 -1.50437522 -1.48580647 -1.45971084 -1.43794405
 -1.42519307 -1.39832056 -1.36850643 -1.35145044 -1.34303224 -1.32525742
 -1.32314014 -1.29352617 -1.27036691 -1.24800038 -1.2282877  -1.20693862
 -1.2057035  -1.18135369 -1.15615749 -1.12802112 -1.0849719  -1.05854034
 -1.01785469 -0.97600859]
[-0.13743858 -0.10354402 -0.06708861 -0.0397561  -0.00679741  0.02670717
  0.05537917  0.09136166  0.12935537  0.16404581  0.19431317  0.21787709
  0.26177993  0.29378128  0.32993439  0.35910502  0.39453831  0.42586997
  0.46711582  0.49624786  0.53265154  0.5736205   0.61336684  0.65000254
  0.69479555  0.73806667  0.78962803  0.83314031  0.88046372  0.92279798
  0.98181367  1.03086412  1.0771296   1.12272823  1.16811967  1.20998895
  1.24580204  1.28281176]
[1.63718688 1.6278019  1.6004827  1.57850981 1.56331432 1.55038357
 1.5328778  1.52373374 1.49384332 1.4645319  1.43610644 1.39696729
 1.34883463 1.31778896 1.27841949 1.24476659 1.19423509 1.15651166
 1.10060775 1.05009758 0.99280393 0.94174773 0.8832795  0.83236492
 0.77579492 0.71854836 0.65805459 0.6146003  0.55554485 0.50451446
 0.45222652 0.40200615 0.34296429 0.29594156 0.24353056 0.1930404
 0.14246957 0.08717515]
[1.72737372 1.75983405 1.80120051 1.82021701 1.86469615 1.90701938
 1.9331665  1.94238806 1.93824267 1.92141783 1.9266504  1.91255689
 1.90423763 1.8915596  1.87670052 1.894925   1.90568292 1.88653076
 1.87972724 1.86192977 1.840927   1.83489597 1.81415832 1.77779245
 1.74553478 1.72144544 1.69305265 1.65812218 1.64502299 1.63223183
 1.6079706  1.60536158 1.57376492 1.55264938 1.54671144 1.52192569
 1.52003407 1.49505973]
[-0.40305567 -0.38201225 -0.36349499 -0.35168305 -0.33196655 -0.31053561
 -0.28191394 -0.25531447 -0.21267591 -0.17260328 -0.12946877 -0.09031103
 -0.05364586 -0.01119925  0.02968     0.06916022  0.10766421  0.14875606
  0.1824224   0.22744007  0.25869107  0.28819239  0.31615141  0.34450522
  0.37375742  0.39485824  0.42803991  0.45561108  0.48167625  0.51216751
  0.54386061  0.57178181  0.60693443  0.63825917  0.66761255  0.69893175
  0.73475516  0.75967002]
[0.01806959 0.06816009 0.11787277 0.17656758 0.23968913 0.29340592
 0.36640432 0.44074616 0.51721442 0.57567739 0.63136005 0.66495663
 0.69198996 0.71395743 0.72840726 0.75514162 0.78798747 0.81359792
 0.82025284 0.82930994 0.85147226 0.85108221 0.84622079 0.83926475
 0.83188409 0.80377555 0.77351117 0.73891795 0.69639051 0.62991768
 0.57319796 0.52133042 0.46301633 0.39995277 0.35109258 0.29520902
 0.26068366 0.2408773 ]
[ 0.12229089  0.11866591  0.10984425  0.09896705  0.08272433  0.07372849
  0.05908698  0.04368798  0.01988333  0.00272888 -0.01432015 -0.03185125
 -0.05132922 -0.06966253 -0.08392447 -0.10900391 -0.12707292 -0.14767417
 -0.17560038 -0.19438536 -0.21511917 -0.2339451  -0.26117226 -0.27880841
 -0.29849285 -0.3176983  -0.3322356  -0.34804362 -0.35576904 -0.35866785
 -0.36979476 -0.38147596 -0.39446709 -0.40165731 -0.41621786 -0.4299778
 -0.43959236 -0.44631854]
[-1.70457053 -1.6239897  -1.54859602 -1.45538211 -1.36745012 -1.29109895
 -1.1943692  -1.10543263 -1.00542438 -0.90184677 -0.81711811 -0.73707873
 -0.6451667  -0.56102931 -0.47716463 -0.39285141 -0.29748711 -0.219533
 -0.15138067 -0.05750469  0.02134324  0.09499202  0.19209388  0.28077492
  0.34591076  0.40951481  0.46859789  0.54190338  0.61074555  0.64530176
  0.66973484  0.68849778  0.71023637  0.75210726  0.790196    0.83880854
  0.87505293  0.90509331]
[0.2845107  0.35841084 0.44240335 0.55174971 0.63312286 0.71112597
 0.76567668 0.79060185 0.81056243 0.8177163  0.82676131 0.84748375
 0.86538237 0.90337974 0.92562956 0.92904311 0.92478991 0.94960248
 0.97777247 1.01628268 1.05267477 1.02626562 1.00913322 1.01707315
 0.93418109 0.87790418 0.78693712 0.75362456 0.72648734 0.69511348
 0.67946512 0.68654019 0.68778378 0.65826046 0.60132378 0.57721597
 0.57535022 0.5183512 ]
[ 0.13469891  0.07974318  0.02798583 -0.01431704 -0.06562859 -0.10788529
 -0.14435264 -0.19572075 -0.24488014 -0.29786181 -0.35202309 -0.40161514
 -0.45904747 -0.51737243 -0.56868446 -0.62067688 -0.67310393 -0.73331016
 -0.78789228 -0.8336696  -0.87845784 -0.92057651 -0.95687187 -1.00526261
 -1.04300904 -1.08020604 -1.12945068 -1.17174447 -1.2107892  -1.24488509
 -1.28496587 -1.32403493 -1.3658694  -1.39975727 -1.42999506 -1.4704659
 -1.5091604  -1.55110168]
[ 0.37293938  0.36044952  0.34598255  0.32901153  0.31347117  0.29776758
  0.27528664  0.25309488  0.22917642  0.20110205  0.17287159  0.13766079
  0.09716363  0.05298471  0.02693953 -0.00160567 -0.02906563 -0.05544065
 -0.0789525  -0.10592763 -0.12974317 -0.15103246 -0.1765326  -0.19792697
 -0.2243012  -0.26337877 -0.29365134 -0.3306005  -0.37141269 -0.40668646
 -0.43799233 -0.46382576 -0.49746564 -0.52370578 -0.54564333 -0.57595795
 -0.59900326 -0.62686324]
[-0.95811605 -1.00388944 -1.07805097 -1.14164209 -1.20132399 -1.26679862
 -1.33368063 -1.38596094 -1.43495929 -1.48362851 -1.54801774 -1.57484937
 -1.59559917 -1.63488197 -1.64296567 -1.65237319 -1.67963004 -1.69852149
 -1.7444222  -1.76070464 -1.80493021 -1.81638277 -1.84295034 -1.85578978
 -1.87698686 -1.9088794  -1.91582835 -1.95312202 -1.96900403 -2.00931644
 -2.04178238 -2.0515852  -2.06575227 -2.08735132 -2.07347274 -2.05833459
 -2.03316832 -1.97422183]
[-0.69084072 -0.6837672  -0.66770434 -0.64980757 -0.63082361 -0.60833091
 -0.59427112 -0.57587451 -0.56582302 -0.55628103 -0.54467022 -0.53769767
 -0.52707654 -0.51921189 -0.50070345 -0.47898623 -0.46507001 -0.45151585
 -0.43122986 -0.40538862 -0.38786119 -0.36188525 -0.33672395 -0.31927049
 -0.29276276 -0.26432991 -0.23619434 -0.20491093 -0.17411724 -0.14039052
 -0.1023763  -0.06667117 -0.03422672 -0.00332466  0.02716323  0.05918065
  0.09173182  0.12357768]
[-1.37774348 -1.28216481 -1.19268036 -1.09125614 -0.9996537  -0.9183836
 -0.82029593 -0.73397142 -0.65022022 -0.56435221 -0.46991503 -0.378364
 -0.29079261 -0.21580911 -0.14139399 -0.0555531   0.02932049  0.11460546
  0.21024133  0.27446511  0.33980793  0.41500729  0.48507816  0.54923439
  0.61778235  0.66949177  0.71697801  0.75641066  0.82679409  0.88850409
  0.91902715  0.97009701  1.0271405   1.06602311  1.13653982  1.19169295
  1.25136006  1.30123389]
[0.40340692 0.4510164  0.49195668 0.53334516 0.58046782 0.62154841
 0.65953159 0.71333516 0.75724816 0.80497503 0.84859824 0.89333618
 0.93344867 0.97860628 1.01026297 1.04663944 1.07459819 1.11943245
 1.14907229 1.19702113 1.23518491 1.26943028 1.30213439 1.33319652
 1.36119497 1.3785274  1.41818547 1.43571031 1.45814002 1.4769944
 1.48163652 1.50165808 1.51134932 1.50823665 1.50276661 1.48705769
 1.48327518 1.47054672]
[1.53072572 1.57100523 1.57136798 1.57447481 1.58617306 1.59818411
 1.61695516 1.60985386 1.62107527 1.60978794 1.59022009 1.55137527
 1.53116238 1.50137329 1.45060229 1.40944958 1.39344311 1.37288547
 1.3345089  1.31041598 1.31398237 1.29466057 1.28101051 1.27083755
 1.25912154 1.24383652 1.24379015 1.21390212 1.19288325 1.17010033
 1.15004575 1.11825752 1.08444607 1.05022895 1.00728035 0.96495187
 0.94779974 0.9070524 ]
[-0.01189106  0.00362532  0.01360933  0.03148527  0.03877978  0.03755061
  0.05634234  0.07317528  0.08005699  0.08312087  0.076914    0.0549131
  0.04965087  0.03971588  0.03546141  0.03718703  0.03882311  0.024036
  0.01577716  0.00050734 -0.00771441 -0.03273218 -0.05319983 -0.08184848
 -0.08388175 -0.10644788 -0.12896287 -0.15124446 -0.16586679 -0.18210675
 -0.20355269 -0.21185559 -0.23206078 -0.24331175 -0.27895558 -0.30029923
 -0.33263424 -0.34953502]
[-0.42749876 -0.4547607  -0.48347294 -0.51312101 -0.53539973 -0.56459945
 -0.58849353 -0.62416261 -0.64722919 -0.6747337  -0.69743872 -0.72126615
 -0.74476373 -0.77111757 -0.7990877  -0.82505435 -0.85654843 -0.8850739
 -0.90761536 -0.93461788 -0.95669889 -0.97621894 -0.9947831  -1.01096439
 -1.02917874 -1.04101133 -1.06072557 -1.0746851  -1.08732259 -1.0948329
 -1.100559   -1.10393298 -1.11154389 -1.11440313 -1.12284231 -1.12731743
 -1.12365484 -1.12097049]
[1.52994454 1.49916685 1.46396089 1.43253219 1.39557874 1.35995018
 1.32587504 1.28496158 1.24458253 1.20614696 1.16237104 1.11897194
 1.07445109 1.0344063  0.98764896 0.94212598 0.8904686  0.84342188
 0.79650348 0.7621606  0.71560776 0.67920673 0.63596618 0.59732622
 0.55817783 0.51633668 0.47313267 0.435754   0.39617732 0.35383284
 0.3147715  0.27473795 0.23665005 0.19858234 0.16326778 0.1220929
 0.08924405 0.04846986]
[-1.73272121 -1.73068619 -1.73162568 -1.73600805 -1.75045204 -1.77933896
 -1.74640977 -1.75333583 -1.73553967 -1.76141703 -1.74249768 -1.73208392
 -1.70039022 -1.71643877 -1.73035336 -1.71864522 -1.71175385 -1.68691075
 -1.68977654 -1.6563133  -1.5779773  -1.61616755 -1.58105135 -1.56729031
 -1.56767941 -1.55012012 -1.53392363 -1.5377351  -1.57712173 -1.60441566
 -1.65744793 -1.6789341  -1.70754087 -1.74579275 -1.75348699 -1.75975704
 -1.76740766 -1.7927742 ]
[-0.24702276 -0.2640813  -0.28019679 -0.29519644 -0.30876371 -0.32969165
 -0.34212086 -0.35437638 -0.37438694 -0.40082592 -0.43090653 -0.45561656
 -0.47761178 -0.49815074 -0.53988653 -0.56575859 -0.59683287 -0.61778915
 -0.64549977 -0.66110992 -0.69558954 -0.73188585 -0.75998044 -0.8032729
 -0.82953095 -0.85022658 -0.87274528 -0.89199901 -0.90763849 -0.92110026
 -0.93503052 -0.96233946 -0.96535891 -0.9804309  -0.98394579 -0.99130988
 -1.00539672 -0.99715567]
[ 1.54921854  1.50298774  1.45159411  1.37407005  1.3143872   1.25255156
  1.17816818  1.0926404   0.9922148   0.91606247  0.83564442  0.76009595
  0.6851548   0.62104642  0.55478275  0.47922808  0.39709204  0.30236238
  0.21820915  0.1390821   0.04601349 -0.0450291  -0.13713647 -0.23705114
 -0.32365194 -0.40270293 -0.47426492 -0.55526191 -0.62934011 -0.71190017
 -0.78061485 -0.83963102 -0.9001655  -0.94414902 -0.99660981 -1.05868602
 -1.11747897 -1.17168641]
[-1.8404144  -1.8341583  -1.88547516 -1.87741089 -1.94300687 -1.95074141
 -1.96501017 -1.99734557 -2.00857782 -2.04146171 -2.0651021  -2.08011937
 -2.08919311 -2.06228375 -2.06944823 -2.03978395 -1.98164999 -1.91641951
 -1.86678827 -1.81891525 -1.75598526 -1.69615173 -1.62709689 -1.57781172
 -1.52630067 -1.47425044 -1.41485953 -1.36785901 -1.31527579 -1.27743351
 -1.22227252 -1.17039037 -1.11848342 -1.04926753 -0.99828476 -0.94578183
 -0.89109695 -0.82616788]
[-1.26872551 -1.34701288 -1.49264359 -1.70234287 -1.83870506 -1.95983684
 -2.10484219 -2.16679335 -2.34045529 -2.41569424 -2.59183192 -2.70105124
 -2.98355389 -3.05531549 -3.1651938  -3.40491891 -3.47938561 -3.64278698
 -3.64845443 -3.75317764 -3.83005238 -3.72149205 -3.70024657 -3.58898592
 -3.44645858 -3.24925184 -3.17119312 -2.96130872 -2.84755802 -2.73309684
 -2.56238604 -2.35990953 -2.21593666 -2.03375125 -1.86993456 -1.75461721
 -1.66004729 -1.47044373]
[ 1.43024588  1.39689648  1.37203014  1.33248329  1.29492927  1.2574712
  1.2121594   1.1745317   1.13417161  1.09271586  1.04550791  1.0006181
  0.95037824  0.90158248  0.85429132  0.80058676  0.74688202  0.69454998
  0.64103508  0.59690404  0.55055368  0.49070266  0.44366068  0.39464036
  0.33918089  0.29032269  0.24225014  0.19365968  0.14007968  0.09301578
  0.04575819  0.00152859 -0.04156265 -0.09307741 -0.14471146 -0.19198324
 -0.24286419 -0.29320675]
[-3.09013724 -3.10257125 -3.13436866 -3.17807603 -3.14280796 -3.03628039
 -2.9478271  -2.8606565  -2.77326274 -2.65494418 -2.50263095 -2.40433645
 -2.31567812 -2.19053268 -2.04996347 -1.92451572 -1.79644346 -1.67810988
 -1.55238223 -1.40228403 -1.25978172 -1.1307956  -0.99875718 -0.85474873
 -0.72112322 -0.60636586 -0.49477366 -0.33784172 -0.19631068 -0.05346235
  0.07309131  0.18607286  0.30281502  0.44207987  0.57172948  0.70478141
  0.84989411  0.98673421]
[ 0.76904178  0.74310017  0.71660501  0.68559867  0.65127933  0.61296785
  0.57471329  0.52768278  0.47909462  0.42759204  0.37532884  0.32448876
  0.27446976  0.22780301  0.18717715  0.14315684  0.09602579  0.04894615
  0.00210898 -0.04524816 -0.09350334 -0.14196172 -0.18431824 -0.2263636
 -0.27072909 -0.32167649 -0.37235704 -0.42571694 -0.47647598 -0.52659482
 -0.57726049 -0.62488604 -0.67317021 -0.71718621 -0.76344293 -0.80865353
 -0.84689206 -0.88134778]
[1.37746072 1.34988415 1.31700504 1.27579272 1.22986448 1.19894648
 1.15714419 1.09662628 1.04438365 1.01072776 0.98942637 0.99025679
 1.00764859 1.04160643 1.08981943 1.14170432 1.19214153 1.23444712
 1.31091499 1.36005831 1.41156983 1.45542562 1.49585724 1.5306989
 1.54712462 1.54489529 1.55090249 1.52231681 1.49740458 1.45545638
 1.42152154 1.36503148 1.31633615 1.26467848 1.22330546 1.1803453
 1.12642288 1.07840466]
[-1.03312385 -0.99290925 -0.9508782  -0.91534197 -0.87407595 -0.83590764
 -0.79071254 -0.74941689 -0.70531845 -0.66092247 -0.61069417 -0.56638074
 -0.51685143 -0.47079897 -0.41704381 -0.36981919 -0.3263756  -0.27620634
 -0.23041478 -0.18143255 -0.13574189 -0.09066165 -0.03845668  0.01691595
  0.06704576  0.1161468   0.1668402   0.22115587  0.27234051  0.32236013
  0.3723135   0.42210406  0.46869916  0.51096898  0.55035228  0.58422351
  0.61773187  0.65321851]
[1.39749479 1.46143222 1.52185833 1.58609235 1.64276648 1.70643866
 1.75604165 1.78659725 1.81703866 1.86136961 1.93076968 1.95684719
 1.96031582 1.92903173 1.92168844 1.91396368 1.88742852 1.86516964
 1.87908638 1.86776137 1.87763321 1.87954009 1.88982558 1.88462496
 1.88980711 1.8964678  1.91976583 1.9288038  1.92169106 1.8863833
 1.88169444 1.8968184  1.87512529 1.88297021 1.8916117  1.90147948
 1.89553595 1.88953805]
[ 7.75768518e-01  7.31025755e-01  6.66357577e-01  6.08538926e-01
  5.64784408e-01  5.23804605e-01  4.85969394e-01  4.43829298e-01
  4.08504844e-01  3.69723409e-01  3.42229009e-01  3.19726825e-01
  3.01103383e-01  2.80478418e-01  2.46337667e-01  2.12752983e-01
  1.81852683e-01  1.45078942e-01  1.38394356e-01  1.43116131e-01
  1.47902757e-01  1.50716498e-01  1.41600847e-01  1.41115949e-01
  1.48954287e-01  1.40672833e-01  1.25800356e-01  1.10423289e-01
  1.06000796e-01  7.60943145e-02  7.43464381e-02  6.65149018e-02
  5.80314845e-02  3.01031452e-02  1.33778891e-02  1.49810528e-02
  3.07166454e-04 -1.21310847e-02]
[-0.34988791 -0.28662905 -0.21486618 -0.1480808  -0.08315537 -0.02485681
  0.02116079  0.06498361  0.11468493  0.16349871  0.1976715   0.2458574
  0.27567053  0.31415913  0.36284062  0.396184    0.4451586   0.47389245
  0.53743446  0.57601857  0.61517626  0.66045785  0.70937562  0.72989559
  0.75833142  0.78691649  0.81539303  0.82129449  0.81861633  0.78032529
  0.74549729  0.69322234  0.64736044  0.59684056  0.57518208  0.54135299
  0.5210278   0.48820907]
[-2.00296021 -2.07858133 -2.14469433 -2.39763308 -2.40780902 -2.62830567
 -2.7810452  -2.97937536 -3.05652523 -3.23653555 -3.45748544 -3.48691297
 -3.61396337 -3.63276505 -3.83433318 -3.86573553 -3.88881588 -3.79095387
 -3.76740384 -3.57991028 -3.41716099 -3.24290323 -3.11905003 -2.99488616
 -2.90476727 -2.74003959 -2.47521758 -2.3664422  -2.13993192 -2.02289224
 -1.89204192 -1.76560557 -1.6066401  -1.50530267 -1.4061271  -1.22669327
 -1.03687036 -0.92447513]
[-0.63068789 -0.65059841 -0.66666442 -0.68143636 -0.69879878 -0.70864004
 -0.71871203 -0.72450149 -0.726147   -0.73190832 -0.73454076 -0.73363912
 -0.73045796 -0.72800934 -0.7278111  -0.72802079 -0.72960007 -0.73080784
 -0.72053188 -0.72042489 -0.71411681 -0.71457481 -0.70462435 -0.70054597
 -0.70036483 -0.69368154 -0.68817896 -0.68677515 -0.67809945 -0.66818875
 -0.65938467 -0.6454258  -0.63260204 -0.61554837 -0.59841663 -0.58431715
 -0.56260329 -0.53842342]
[-1.32254851 -1.38084269 -1.43781793 -1.50000191 -1.54913342 -1.59250271
 -1.64047492 -1.67070663 -1.69815063 -1.71666443 -1.72937763 -1.72297382
 -1.69978964 -1.66524279 -1.60289133 -1.53326595 -1.45150936 -1.36417866
 -1.28075409 -1.19206083 -1.10627913 -1.02157319 -0.93822974 -0.85552633
 -0.77046007 -0.68396932 -0.59397727 -0.51319289 -0.42979649 -0.3465496
 -0.26780072 -0.18918481 -0.10198664 -0.0204305   0.06759004  0.15682277
  0.24277301  0.32400271]
[1.71640456 1.72433352 1.71553791 1.73857796 1.72545207 1.72997546
 1.73008692 1.72874904 1.72098577 1.70196581 1.68869603 1.69018459
 1.66644335 1.65426242 1.6314801  1.60247254 1.56716871 1.52873743
 1.48140061 1.42993999 1.38623953 1.34885848 1.3043555  1.26151121
 1.21307576 1.16509557 1.10619497 1.05551386 0.99859661 0.94770676
 0.89099818 0.84048837 0.781991   0.74066895 0.68504012 0.64594269
 0.60041779 0.55441964]
[-0.84674633 -0.86752969 -0.88538486 -0.9025318  -0.92331189 -0.94009787
 -0.95573312 -0.96375245 -0.96972746 -0.98106945 -0.98265076 -0.98696196
 -0.99443424 -0.9971984  -1.00128925 -1.00472939 -1.00661218 -1.00611007
 -1.00576806 -1.00917435 -1.01046276 -1.01253629 -1.01293111 -1.01435256
 -1.01257205 -1.01358736 -1.0124706  -1.01250184 -1.00376391 -0.99130911
 -0.9812032  -0.96536326 -0.9485994  -0.92911327 -0.90272546 -0.87790394
 -0.84520048 -0.80822951]
[1.24224234 1.26269698 1.30154669 1.32296252 1.35664201 1.39086366
 1.4112308  1.42611897 1.43220174 1.42842901 1.45098662 1.46419394
 1.453879   1.45625412 1.43634975 1.42742467 1.40538728 1.39511526
 1.38461483 1.37414765 1.3614186  1.36917412 1.37733126 1.38344574
 1.39728165 1.39267814 1.41158473 1.41628039 1.40718639 1.43033528
 1.43722022 1.4473244  1.45673847 1.45327425 1.45523024 1.45550084
 1.44856179 1.41841006]
[-0.52108133 -0.48755273 -0.44933993 -0.4233149  -0.39230061 -0.36617851
 -0.33038878 -0.2950739  -0.26008037 -0.21584792 -0.17921846 -0.13216636
 -0.07828968 -0.01907152  0.02534593  0.06198855  0.09837391  0.12908955
  0.15090038  0.16528399  0.17235959  0.17828083  0.15913327  0.12881115
  0.09786726  0.06336077  0.03480798 -0.0043564  -0.03629016 -0.07087982
 -0.1106393  -0.1306576  -0.15428603 -0.1796207  -0.21273777 -0.23335652
 -0.24477415 -0.27125701]
[-0.501167   -0.447824   -0.39329964 -0.34069487 -0.28337729 -0.22601297
 -0.16702421 -0.10248597 -0.04225913  0.0209035   0.08490287  0.14851481
  0.21024577  0.26841387  0.33104226  0.38962302  0.45050111  0.5091328
  0.57186764  0.62857968  0.68175775  0.73650694  0.78781116  0.83751661
  0.8921333   0.94583923  1.00067234  1.05790043  1.10909569  1.1663835
  1.21613407  1.26640487  1.31066656  1.35567844  1.39542639  1.43643355
  1.47224593  1.50374126]
[-0.81328392 -0.8546561  -0.89310956 -0.9322744  -0.96861857 -1.00402701
 -1.03147733 -1.05000997 -1.07883561 -1.09866107 -1.11325526 -1.14182031
 -1.15621495 -1.17233455 -1.1957016  -1.20285344 -1.21323597 -1.22345448
 -1.22299016 -1.2242471  -1.22794104 -1.23039436 -1.22946799 -1.21509933
 -1.20967662 -1.19094181 -1.17842698 -1.160864   -1.13230383 -1.11602318
 -1.08590269 -1.06559324 -1.05410767 -1.02040839 -1.00606406 -0.98811007
 -0.95380378 -0.92796248]
[-3.29152989 -3.17947984 -3.09743619 -3.01789165 -2.9435308  -2.84728336
 -2.68473816 -2.5895462  -2.47102833 -2.35210919 -2.23733974 -2.13298416
 -2.00371623 -1.87414634 -1.71641576 -1.58048487 -1.42489445 -1.29429877
 -1.19378066 -1.05291462 -0.90397078 -0.75805777 -0.58866674 -0.44102585
 -0.31589109 -0.15805885 -0.0281277   0.09469599  0.19461261  0.35701901
  0.50656629  0.63039035  0.76667935  0.91221434  1.0345819   1.16078401
  1.26395047  1.43650174]
[0.43385166 0.44790438 0.45538801 0.46980751 0.49882334 0.52014899
 0.547059   0.56653345 0.59924889 0.6242277  0.66796726 0.70079356
 0.73261815 0.75575513 0.78324157 0.79969788 0.80193788 0.80610758
 0.80909997 0.7990182  0.76719469 0.74588323 0.72011793 0.70558292
 0.68752694 0.67156309 0.64092559 0.6163134  0.58160788 0.53968865
 0.50181484 0.45130002 0.40337971 0.35430253 0.30579978 0.26154676
 0.21456057 0.16687693]
[-0.93300325 -0.94495928 -0.95935684 -0.98169935 -0.99075353 -1.00027573
 -1.00037992 -1.00700891 -0.99235839 -0.96609575 -0.94099259 -0.91476214
 -0.87335944 -0.84091318 -0.79525453 -0.75207478 -0.70982063 -0.67721695
 -0.63251352 -0.59447253 -0.550488   -0.51362395 -0.4642415  -0.41190112
 -0.36115289 -0.31426153 -0.2658051  -0.21631642 -0.16510281 -0.12123685
 -0.07556134 -0.02555715  0.014422    0.05762323  0.09427412  0.1367418
  0.17972073  0.21271934]
[0.70359665 0.73294628 0.795488   0.81262803 0.85781008 0.86847156
 0.88653523 0.91460347 0.93289721 0.96922243 1.00948441 1.03059399
 1.04796863 1.03633988 1.01262927 0.9957056  1.01134038 1.00577164
 1.00898051 1.0084728  1.00818717 1.00654304 0.98371363 0.9464274
 0.91438484 0.87029612 0.86652839 0.87877864 0.88793486 0.88177878
 0.90128958 0.88584775 0.85892689 0.8420741  0.83144557 0.80820429
 0.78713334 0.77341372]
[0.16160697 0.22698079 0.28372735 0.32212192 0.3737919  0.39977828
 0.46676835 0.51717293 0.54507762 0.60493165 0.64541221 0.66006964
 0.67383635 0.73615563 0.79260468 0.84397662 0.88308924 0.89953637
 0.90934277 0.90703827 0.92436635 0.91886258 0.93109012 0.88938379
 0.84656787 0.78475595 0.74175906 0.69770551 0.660698   0.62745953
 0.5869779  0.53746092 0.48010501 0.42383748 0.38570988 0.35097766
 0.35247114 0.33860242]
[-1.339679   -1.3337214  -1.33276415 -1.31855142 -1.31808257 -1.31717038
 -1.28882229 -1.27182043 -1.26084304 -1.25667143 -1.23400831 -1.21300101
 -1.18576956 -1.15614688 -1.14417732 -1.11262155 -1.07817984 -1.06203485
 -1.02859855 -0.99862039 -0.97506917 -0.9359566  -0.91180396 -0.88251698
 -0.85174531 -0.80805135 -0.76640189 -0.73136973 -0.69705755 -0.64672613
 -0.59932899 -0.56511313 -0.51860851 -0.48277181 -0.43018311 -0.38191369
 -0.34675989 -0.29801539]
[ 0.75372624  0.64966577  0.51703674  0.41598123  0.29532951  0.19428268
  0.06185033 -0.05950405 -0.14398785 -0.27254137 -0.40293032 -0.51079625
 -0.66424334 -0.78983003 -0.91561359 -1.08284748 -1.24532366 -1.36373055
 -1.49956834 -1.64332962 -1.75597668 -1.81677806 -1.91476846 -2.03855038
 -2.15091372 -2.25632334 -2.4045918  -2.54247165 -2.67706037 -2.72206926
 -2.83105254 -2.90224767 -3.00697494 -3.13207197 -3.23950124 -3.27596903
 -3.27833509 -3.32992435]
[-1.342641   -1.35435736 -1.38572788 -1.40328598 -1.41545796 -1.42185152
 -1.43529034 -1.45529687 -1.47302604 -1.47697651 -1.48733723 -1.49161279
 -1.50812554 -1.50156558 -1.50265098 -1.50920331 -1.53170002 -1.5448699
 -1.54145253 -1.54443228 -1.5415467  -1.54412997 -1.5326798  -1.50355327
 -1.46515    -1.43944883 -1.3923521  -1.35545075 -1.29797018 -1.24431527
 -1.19745934 -1.16022861 -1.12044311 -1.07150459 -1.02312374 -0.98300523
 -0.95165008 -0.91689116]
[-0.26142427 -0.20561779 -0.13322854 -0.07085245 -0.00842095  0.05506907
  0.1170708   0.16703834  0.21662422  0.24983238  0.30533844  0.34259236
  0.35946903  0.40575579  0.43927458  0.46533194  0.4681626   0.46064049
  0.44902825  0.42652404  0.44412538  0.41024041  0.3797875   0.40239599
  0.3961173   0.41333413  0.45794636  0.49233374  0.49561614  0.52882355
  0.52145737  0.4796629   0.45982677  0.45825472  0.45456091  0.46978936
  0.47935113  0.49250361]
[-3.37431383 -3.33748388 -3.22122574 -3.17133546 -3.04729772 -2.97363043
 -2.87864518 -2.7129488  -2.57241154 -2.38052559 -2.18406796 -2.01797724
 -1.83360946 -1.68016589 -1.52931952 -1.342682   -1.15868711 -0.93500936
 -0.75112498 -0.63230014 -0.44682524 -0.28356084 -0.12586112  0.0252062
  0.14662407  0.32039666  0.45187014  0.57038379  0.74226123  0.8981505
  1.03118575  1.16714096  1.32114494  1.42515314  1.43751955  1.50986779
  1.63093007  1.68345988]
[-6.25598244e-04 -1.66058969e-02 -3.99444737e-02 -6.58696964e-02
 -9.43039656e-02 -1.03298061e-01 -1.25145420e-01 -1.58672377e-01
 -1.93833724e-01 -2.34990373e-01 -2.71171451e-01 -3.14065039e-01
 -3.59374255e-01 -4.07090932e-01 -4.21881586e-01 -4.44740385e-01
 -4.81797934e-01 -5.20476520e-01 -5.49261868e-01 -5.72029114e-01
 -6.04857385e-01 -6.26518965e-01 -6.63212717e-01 -6.93079412e-01
 -7.19688833e-01 -7.38445044e-01 -7.72137642e-01 -7.91984677e-01
 -8.09184492e-01 -8.35408449e-01 -8.50301743e-01 -8.54188800e-01
 -8.67414236e-01 -8.55920911e-01 -8.59528124e-01 -8.57173979e-01
 -8.79804313e-01 -8.80127192e-01]
[-0.52531976 -0.51266152 -0.49061972 -0.47207332 -0.44797552 -0.42466283
 -0.40046871 -0.37634259 -0.35801163 -0.33277401 -0.31623012 -0.29071343
 -0.26761499 -0.24100924 -0.20990404 -0.17892075 -0.13632506 -0.1069456
 -0.06900129 -0.02987168  0.00501742  0.04752309  0.08003187  0.11061411
  0.14907527  0.18477267  0.19811198  0.22315313  0.24732924  0.26163003
  0.28501695  0.31552407  0.34034309  0.35352758  0.38198203  0.40568289
  0.41618809  0.44601116]
[ 0.27850774  0.25584957  0.23322549  0.21400015  0.20760582  0.19876465
  0.18444806  0.17922804  0.16816391  0.15122852  0.14259216  0.1328081
  0.12260431  0.11033367  0.10024549  0.05892606  0.04621522  0.03753
  0.02670494  0.01699677  0.01119858  0.00347399 -0.00854541 -0.01053023
 -0.01961206 -0.03303436 -0.02441371 -0.03694131 -0.03558386 -0.0366266
 -0.0518851  -0.07834725 -0.08313482 -0.10127181 -0.11942896 -0.12630056
 -0.12888035 -0.14267293]
[-1.76844478 -1.74980032 -1.70037115 -1.67086256 -1.64528036 -1.63440049
 -1.62130833 -1.60676432 -1.56922007 -1.53316224 -1.51382518 -1.48523319
 -1.43890059 -1.39100623 -1.36974227 -1.32270706 -1.29852188 -1.26342332
 -1.22168589 -1.18720591 -1.15816092 -1.12403154 -1.09102654 -1.0429256
 -0.98869431 -0.9740001  -0.92670923 -0.88791174 -0.85297924 -0.80649644
 -0.77349198 -0.7386182  -0.6791085  -0.63288969 -0.59532136 -0.56079721
 -0.52051151 -0.48706535]
[-0.67359835 -0.63579369 -0.58883488 -0.5446561  -0.49998721 -0.46352151
 -0.41225824 -0.36622563 -0.3168917  -0.27076688 -0.22671124 -0.17830969
 -0.12799652 -0.07174039 -0.02355977  0.03168131  0.08355682  0.13223121
  0.17916606  0.2323015   0.28545561  0.33331227  0.38393515  0.42836189
  0.47478065  0.52800655  0.58229226  0.63110381  0.67532659  0.72810125
  0.77478802  0.82873333  0.88090968  0.92757183  0.97166061  1.01098132
  1.04480696  1.08216321]
[ 0.54800534  0.39662254  0.26760024  0.1716518   0.02558514 -0.11174461
 -0.25069964 -0.41833511 -0.55611485 -0.7089262  -0.86362833 -1.05077708
 -1.24960339 -1.3690908  -1.46004581 -1.56306958 -1.66088581 -1.73866391
 -1.89691722 -2.01552534 -2.23048615 -2.35902047 -2.52168941 -2.65464878
 -2.82077217 -2.92531133 -3.0780139  -3.27218747 -3.40616608 -3.55350113
 -3.6887517  -3.81045294 -3.93287182 -3.95102763 -3.93382692 -3.89564466
 -3.69590545 -3.55807829]
[-0.65654844 -0.71135074 -0.74575555 -0.80074203 -0.83562839 -0.87292057
 -0.91815954 -0.95532531 -0.99207276 -1.03579342 -1.08255959 -1.11412919
 -1.15314496 -1.19457304 -1.22802413 -1.26587272 -1.31287479 -1.34714162
 -1.3790673  -1.415061   -1.45710337 -1.48226035 -1.51172221 -1.54872787
 -1.57048023 -1.60319149 -1.61860478 -1.65527117 -1.66936159 -1.71793294
 -1.73262584 -1.76151335 -1.78929722 -1.80951595 -1.83539939 -1.85030901
 -1.87137079 -1.88686275]
[0.64932245 0.66239458 0.67346716 0.66886634 0.68011177 0.68626547
 0.70124626 0.72041851 0.72949409 0.73664355 0.73897654 0.73790395
 0.74854988 0.75414604 0.76046699 0.7695244  0.77737451 0.7812469
 0.79860479 0.80991954 0.81935418 0.82509094 0.83343875 0.83475399
 0.83609867 0.83067799 0.81527114 0.79135138 0.76411182 0.74528366
 0.74298269 0.74480748 0.75128669 0.75067401 0.73839468 0.71934527
 0.69877625 0.66924769]
[-0.91103792 -0.92996448 -0.94959116 -0.96578664 -0.98548895 -0.99042809
 -1.00644565 -1.01459479 -1.01538873 -1.01919556 -1.01923525 -1.01470923
 -1.00881112 -1.00351369 -0.98509145 -0.95829374 -0.92184353 -0.88218325
 -0.84200001 -0.79923862 -0.75577599 -0.7073344  -0.65816754 -0.61194897
 -0.56670904 -0.52994531 -0.49764547 -0.46065289 -0.42850232 -0.38605896
 -0.34609202 -0.30453116 -0.26328707 -0.21964544 -0.17747322 -0.13746442
 -0.10538989 -0.06887303]
[ 0.52965945  0.46383917  0.4007946   0.34345323  0.28211606  0.22829373
  0.17269771  0.12164393  0.0684354   0.01948141 -0.02405987 -0.07464725
 -0.124455   -0.18113124 -0.23207036 -0.29482046 -0.35976303 -0.42803416
 -0.492502   -0.56146133 -0.62563455 -0.68355906 -0.73875093 -0.79860884
 -0.85913271 -0.91668135 -0.97514033 -1.03324366 -1.09083676 -1.14672983
 -1.20991671 -1.27024388 -1.3233577  -1.36892045 -1.41562665 -1.45021737
 -1.47784305 -1.51109385]
[1.36082792 1.3772974  1.38772082 1.40317261 1.43785679 1.44198346
 1.43504155 1.42805076 1.41969717 1.40667641 1.42062223 1.40812385
 1.40352893 1.39890027 1.39411128 1.37537205 1.34813511 1.32621813
 1.29381311 1.26125753 1.22297585 1.18545127 1.13833034 1.08660793
 1.04202759 0.98395985 0.93782401 0.88577628 0.83693218 0.77658451
 0.72722131 0.66681206 0.59868062 0.55121511 0.50139338 0.43783122
 0.38111845 0.3253608 ]
[-1.01375663 -1.01602244 -1.01367307 -1.01021695 -1.00875401 -1.01334429
 -1.00720644 -1.00179958 -1.0028826  -1.00537646 -1.00110161 -1.00016809
 -1.00350511 -1.00010765 -0.99225527 -0.98584974 -0.98752379 -0.98614401
 -0.98176998 -0.96488494 -0.94720703 -0.92089385 -0.89600831 -0.86468881
 -0.82653159 -0.78985876 -0.74817663 -0.70814937 -0.66565126 -0.6230709
 -0.58053094 -0.54160202 -0.50664598 -0.47240469 -0.44067428 -0.41793546
 -0.39810702 -0.37453592]
[-1.53092897 -1.52680159 -1.55416989 -1.57057285 -1.57581675 -1.59551227
 -1.60109866 -1.61606455 -1.62085581 -1.6446532  -1.67690158 -1.70468426
 -1.71396732 -1.71823645 -1.72304416 -1.74005032 -1.7308023  -1.72628415
 -1.71485209 -1.70041633 -1.70480084 -1.68391871 -1.67731404 -1.6796571
 -1.66292918 -1.65336239 -1.64795136 -1.63437617 -1.6234988  -1.63591886
 -1.65899873 -1.68750787 -1.71183133 -1.73638523 -1.77736068 -1.81750059
 -1.85149992 -1.8917104 ]
[-1.46389997 -1.42034316 -1.38628137 -1.34471738 -1.30258262 -1.26120925
 -1.21575642 -1.1711266  -1.13077343 -1.07527125 -1.04440069 -0.99978262
 -0.94976407 -0.91703182 -0.87137419 -0.83000505 -0.79476988 -0.75394714
 -0.71423566 -0.666062   -0.61663914 -0.56719643 -0.52066296 -0.46864536
 -0.42072091 -0.37609109 -0.32642493 -0.27578408 -0.21906599 -0.17333168
 -0.11849423 -0.07230081 -0.02390608  0.022346    0.08319507  0.12471532
  0.17556177  0.22904465]
[0.75999779 0.80306    0.86425817 0.91755074 0.95888871 0.99101394
 1.03624654 1.09118748 1.11809194 1.14473426 1.16275799 1.18382823
 1.2135973  1.22138429 1.250404   1.27888584 1.29121888 1.30423629
 1.31996715 1.32683325 1.34708381 1.37258303 1.38919175 1.38319671
 1.37776959 1.35523641 1.35903788 1.35295081 1.34199548 1.32269585
 1.32768023 1.31302977 1.32827389 1.32598948 1.33966851 1.34336734
 1.36825037 1.40410781]
[ 1.67749155  1.68649173  1.6797092   1.68492746  1.68916285  1.67250466
  1.63475621  1.59624791  1.55379081  1.50241399  1.45726299  1.40728021
  1.3485986   1.28546572  1.23013306  1.16202807  1.09001791  1.01524138
  0.93955535  0.87126088  0.79933494  0.71955061  0.65590531  0.59448153
  0.5224933   0.45786107  0.38368812  0.31423649  0.24796906  0.17721039
  0.108542    0.04627259 -0.0222714  -0.09482969 -0.16248037 -0.22763373
 -0.29061645 -0.35271561]
[1.08376813 1.11560357 1.14438772 1.1801821  1.22653878 1.25703406
 1.2995162  1.33076656 1.34074438 1.36420357 1.37652278 1.39955473
 1.43272114 1.45539963 1.46944761 1.4711895  1.48347104 1.46945333
 1.46539938 1.44163692 1.42611015 1.41676009 1.40355992 1.40045166
 1.38689625 1.38887072 1.37337673 1.39823103 1.4236151  1.41821337
 1.42132425 1.43968141 1.44193697 1.44920623 1.44938028 1.46476245
 1.48883283 1.5043627 ]
[ 0.8201111   0.77334911  0.73209232  0.68420571  0.64274299  0.60287893
  0.5638907   0.52516145  0.49327239  0.46536526  0.43398023  0.40681547
  0.37514853  0.34489447  0.31592655  0.2820321   0.25994989  0.24057059
  0.21679583  0.19849932  0.18473284  0.1697762   0.15251142  0.11819866
  0.08482704  0.06131329  0.03881822  0.01854313 -0.01063579 -0.03639861
 -0.06657916 -0.08790947 -0.11953601 -0.14740771 -0.16455428 -0.18940827
 -0.21601236 -0.23869263]
[ 0.78054464  0.71696138  0.66510439  0.59802234  0.51778322  0.44895408
  0.37751901  0.31129006  0.24491203  0.18621358  0.13283546  0.07646988
  0.01995539 -0.04892424 -0.11435468 -0.18774246 -0.26245534 -0.34488389
 -0.4225266  -0.49570027 -0.55853879 -0.59624773 -0.62539989 -0.65425158
 -0.68144709 -0.67899007 -0.68427873 -0.67165524 -0.6940676  -0.70407313
 -0.70512331 -0.68820351 -0.65799129 -0.64136606 -0.61803156 -0.59187454
 -0.5781033  -0.58904201]
[ 6.36732638e-01  6.36665344e-01  6.46072328e-01  6.63314879e-01
  6.85686409e-01  7.20879614e-01  7.45053768e-01  7.56105602e-01
  7.61300325e-01  7.57229567e-01  7.65358686e-01  7.62724400e-01
  7.51469612e-01  7.47359633e-01  7.36200988e-01  7.18036830e-01
  6.70276225e-01  6.14427388e-01  5.54883599e-01  4.71810371e-01
  4.04868543e-01  3.43520254e-01  2.87484467e-01  2.39652902e-01
  1.88663870e-01  1.48444980e-01  9.67585742e-02  4.95323762e-02
 -5.85155329e-04 -5.09138368e-02 -1.05049610e-01 -1.58986494e-01
 -2.17000693e-01 -2.91531175e-01 -3.68899792e-01 -4.31093335e-01
 -4.95614856e-01 -5.63541293e-01]
[1.04680073 1.09993291 1.14152575 1.20245159 1.26144528 1.32199693
 1.37174094 1.42297184 1.47554171 1.5197196  1.56137335 1.62145627
 1.65399659 1.70233703 1.74138772 1.79058862 1.79978263 1.82013893
 1.80392981 1.80854857 1.78790581 1.78627527 1.79431415 1.7958194
 1.81931579 1.82507157 1.85575962 1.86817086 1.88883436 1.89474845
 1.90356731 1.89608467 1.88987374 1.88413739 1.89375675 1.88640201
 1.85785604 1.83748674]
[-0.36209634 -0.36598843 -0.37475199 -0.36134422 -0.37543169 -0.39499253
 -0.4272013  -0.46767563 -0.52590889 -0.59519577 -0.65964758 -0.74021018
 -0.81494349 -0.8796407  -0.95203137 -1.03038037 -1.10079658 -1.1627115
 -1.2383182  -1.32131267 -1.39252257 -1.46590519 -1.54011559 -1.60274112
 -1.65430403 -1.69423902 -1.73081374 -1.75531185 -1.75180769 -1.72234154
 -1.68611145 -1.62776828 -1.54926229 -1.46293306 -1.37956524 -1.27946818
 -1.1939553  -1.11238396]
[0.24579346 0.28076065 0.32908019 0.37908986 0.39687696 0.41026577
 0.42778018 0.4344267  0.45436853 0.46118659 0.45171899 0.44899634
 0.48298749 0.50289428 0.48802909 0.49988073 0.50477707 0.49218237
 0.47143295 0.47135523 0.49177393 0.51864851 0.49250653 0.4849613
 0.49282727 0.48431242 0.4365181  0.42931545 0.46737504 0.51124704
 0.56203824 0.61059874 0.65538633 0.71113628 0.77048081 0.82103288
 0.87487888 0.95996672]
[ 0.41746938  0.4216488   0.38498053  0.34239501  0.2799938   0.21562563
  0.14425625  0.06346671  0.00590202 -0.0508425  -0.0961818  -0.12542836
 -0.16356799 -0.18621175 -0.19166946 -0.19942412 -0.19341174 -0.15958227
 -0.13990857 -0.1165809  -0.06233377 -0.01204151  0.05315394  0.13603157
  0.18591623  0.25393569  0.32934645  0.39973646  0.46791688  0.51442879
  0.57619423  0.62287825  0.67463982  0.7133655   0.7482363   0.78134149
  0.81283164  0.85495448]
[-0.66362    -0.63619405 -0.60575604 -0.57491744 -0.53583437 -0.50855356
 -0.4818694  -0.46039966 -0.44003606 -0.42074823 -0.40321252 -0.38569638
 -0.36819309 -0.34876579 -0.32828864 -0.30860654 -0.2906611  -0.27274001
 -0.24659945 -0.22375469 -0.19760355 -0.17919959 -0.15863131 -0.13674529
 -0.11431675 -0.0901852  -0.0682786  -0.04333229 -0.01240611  0.01621682
  0.04208887  0.06584843  0.08969153  0.10552739  0.12579896  0.14374988
  0.15900674  0.17858505]
[0.85762125 0.89608157 0.93330014 0.98314345 1.01537621 1.07254493
 1.13552666 1.20104957 1.25480711 1.32631195 1.37203622 1.4480176
 1.48287761 1.55027568 1.58849907 1.61137843 1.64508879 1.66033268
 1.65080142 1.62380099 1.57824266 1.53265822 1.5018872  1.46489739
 1.43689775 1.39469242 1.34977591 1.30605137 1.25220764 1.20744169
 1.14903617 1.10843551 1.06580043 1.02915633 1.00599158 1.00356591
 0.98438281 0.97886825]
[0.36343583 0.40599608 0.43779275 0.47294292 0.50989807 0.54568195
 0.5727309  0.60377967 0.64037836 0.66594398 0.70554024 0.745911
 0.77191347 0.81500673 0.85885662 0.90154624 0.96711642 1.01301908
 1.07078004 1.10424805 1.1165818  1.11138606 1.09638274 1.07326782
 1.04458547 1.01115978 0.98857331 0.977615   0.95346147 0.95481318
 0.95107549 0.95027357 0.95430124 0.95396513 0.96000099 0.97926426
 0.98985916 0.9968853 ]
[-2.58679628 -2.50459504 -2.40789533 -2.31519198 -2.25501132 -2.14820981
 -2.07380581 -1.9978348  -1.89986491 -1.81165469 -1.67823768 -1.57113099
 -1.47372818 -1.37370884 -1.26996255 -1.15719092 -1.04622829 -0.91318697
 -0.78951293 -0.67795265 -0.5878951  -0.46679908 -0.37484562 -0.25596631
 -0.17100988 -0.06717149  0.04043128  0.13009995  0.22066042  0.32204255
  0.43767953  0.51604521  0.61605     0.72659963  0.76658744  0.82736862
  0.92910713  0.9965297 ]
[-0.22808097 -0.24348176 -0.25296107 -0.26819846 -0.28487805 -0.30375022
 -0.31855768 -0.33123592 -0.33996835 -0.35167158 -0.36492342 -0.37601537
 -0.38859653 -0.40603182 -0.41952395 -0.43465361 -0.45025349 -0.4520002
 -0.46441048 -0.48523182 -0.50530356 -0.52485496 -0.54055703 -0.55838913
 -0.57252026 -0.59367621 -0.61716753 -0.63760382 -0.6512866  -0.67243689
 -0.69039625 -0.70805812 -0.72868657 -0.75909382 -0.77379316 -0.78841674
 -0.80794686 -0.82850891]
[1.79727817 1.80193663 1.81102967 1.82386076 1.82493734 1.82946062
 1.82271433 1.82369471 1.81425655 1.80560625 1.79664159 1.78691125
 1.76715314 1.73944187 1.71736157 1.69689691 1.67537951 1.64863706
 1.62484837 1.59261048 1.56121159 1.53227782 1.50314093 1.46165109
 1.42846441 1.3938055  1.35592043 1.30374253 1.27557266 1.24103284
 1.18962228 1.14917123 1.09477556 1.03969014 0.99402106 0.93942744
 0.89508444 0.84638089]
[0.58410966 0.61624867 0.65213627 0.69481182 0.74304432 0.79424095
 0.84044826 0.90217572 0.97304368 1.03423941 1.08704793 1.14089882
 1.19023705 1.21291304 1.21940207 1.21687889 1.19024587 1.17279279
 1.14149463 1.12379539 1.09779179 1.07243621 1.06419444 1.06678748
 1.07715452 1.10447669 1.1433506  1.20449984 1.25206101 1.29203653
 1.35713184 1.40964592 1.46038067 1.51543307 1.56032264 1.59602261
 1.6205343  1.63879335]
[1.7355659  1.72672164 1.70811367 1.69277525 1.6683172  1.64924157
 1.61399102 1.56683934 1.53902781 1.50879252 1.47145951 1.44154334
 1.39772868 1.345873   1.29929185 1.26419616 1.21559048 1.1846962
 1.1471684  1.11817443 1.06777108 1.0351603  0.99155736 0.95895678
 0.91380632 0.88376635 0.84054333 0.8157385  0.78527802 0.74756372
 0.70206219 0.68660843 0.64551437 0.62618095 0.59949172 0.5787105
 0.55307686 0.52808535]
[ 1.01657844  0.98408192  0.95004886  0.90579909  0.87079269  0.83392584
  0.79791594  0.7530182   0.713018    0.66567063  0.61656833  0.56240827
  0.50870514  0.45314142  0.38953367  0.33410874  0.27850834  0.22583385
  0.17735136  0.12399279  0.07400405  0.02317982 -0.02991131 -0.08553413
 -0.14276107 -0.19978602 -0.25637734 -0.31225026 -0.37325004 -0.43239433
 -0.49093392 -0.54353911 -0.5908072  -0.62687254 -0.66604686 -0.70548606
 -0.73671484 -0.76631594]
[-0.49606487 -0.32210755 -0.19402011 -0.06233554  0.03407367  0.16138473
  0.25958672  0.36611867  0.52997243  0.697999    0.83183914  0.93171114
  1.00198472  1.10617518  1.23763514  1.37204933  1.46729934  1.52530646
  1.57159376  1.63894296  1.69676459  1.59077632  1.53623581  1.44765174
  1.3638823   1.22403121  1.10308623  1.00892889  0.8430087   0.6405378
  0.47286025  0.33986595  0.20555794  0.03750938 -0.14072886 -0.27651954
 -0.39192045 -0.46145797]
[-1.47919667 -1.52265918 -1.55846405 -1.62471652 -1.65792692 -1.71051157
 -1.75065768 -1.76413488 -1.79805017 -1.81290162 -1.82883048 -1.84156823
 -1.85959136 -1.87722993 -1.87203276 -1.85190034 -1.81836426 -1.79285681
 -1.73601913 -1.66946435 -1.60367298 -1.53325987 -1.48222923 -1.41510785
 -1.35551715 -1.29383945 -1.22503352 -1.17292154 -1.1048851  -1.03413367
 -0.98242849 -0.91374552 -0.85624051 -0.81581235 -0.75677872 -0.69724202
 -0.64702356 -0.57941079]
[0.18975888 0.23964834 0.29057872 0.33821568 0.37970707 0.42713583
 0.47682428 0.52228266 0.57487804 0.62791973 0.67933381 0.7320354
 0.78895658 0.84880042 0.91264391 0.97124457 1.03027225 1.08688116
 1.146685   1.20740128 1.26076913 1.32032335 1.37857819 1.4324286
 1.48551261 1.53327227 1.58607149 1.62581873 1.66175354 1.69668853
 1.72937322 1.75393832 1.77687538 1.79244351 1.80656815 1.81681335
 1.81338871 1.82071674]
[-1.02232635 -1.01589131 -1.0011425  -0.99053508 -0.96315354 -0.93419224
 -0.90426821 -0.87475216 -0.84126258 -0.80475491 -0.76348233 -0.71412247
 -0.6734271  -0.6293335  -0.58317089 -0.54473674 -0.50680208 -0.47061506
 -0.44399944 -0.41620415 -0.39018589 -0.36741549 -0.35696548 -0.34651181
 -0.33713567 -0.32723731 -0.31834233 -0.30977178 -0.30033508 -0.28725532
 -0.27619281 -0.2634362  -0.24540822 -0.22634174 -0.20536719 -0.18540451
 -0.16028073 -0.1364022 ]
[ 1.25597215  1.21049702  1.17172039  1.1352998   1.09473538  1.05841148
  1.01135361  0.97388428  0.9294979   0.88376355  0.82987452  0.78295976
  0.72567743  0.67307186  0.61749804  0.57012749  0.51593113  0.46626925
  0.41553017  0.36954227  0.32201391  0.27474314  0.2276368   0.18548153
  0.14581148  0.09818511  0.052329    0.0026822  -0.04258769 -0.08863778
 -0.1333116  -0.18092985 -0.21979176 -0.26693267 -0.31173906 -0.36047113
 -0.41616935 -0.47090077]
[-0.2067062  -0.18906097 -0.17587595 -0.1254611  -0.08059069 -0.0419624
  0.0041605   0.06359895  0.11943739  0.16610816  0.2152596   0.26208544
  0.3058506   0.33741915  0.34293038  0.34867257  0.3756814   0.38977849
  0.39228183  0.36519074  0.34166873  0.28683129  0.22420856  0.1724851
  0.13306452  0.08504356  0.03847286  0.00195556 -0.01885471 -0.05822061
 -0.0930377  -0.10999529 -0.11854543 -0.12054741 -0.15282527 -0.15711229
 -0.17639063 -0.18756968]
[-0.28797111 -0.34610751 -0.39733189 -0.45414743 -0.49617484 -0.55041879
 -0.59871268 -0.65248424 -0.69753993 -0.74874634 -0.79844826 -0.84669006
 -0.88944107 -0.94710022 -0.98489839 -1.02807903 -1.07317221 -1.12046194
 -1.16164386 -1.20840394 -1.2487669  -1.28805637 -1.32322145 -1.36218965
 -1.39812207 -1.43113351 -1.46758449 -1.50188529 -1.53213429 -1.56507945
 -1.58928657 -1.62833703 -1.65584898 -1.69026756 -1.71767986 -1.75113058
 -1.76912403 -1.78537381]
[-0.24730881 -0.27295032 -0.30780533 -0.34056562 -0.38078889 -0.41006345
 -0.44462189 -0.48248237 -0.51655138 -0.55759394 -0.60125166 -0.63318825
 -0.66337162 -0.697146   -0.714477   -0.72785652 -0.75887311 -0.8016026
 -0.81082916 -0.81624299 -0.82853025 -0.82448369 -0.83071095 -0.83259606
 -0.82061237 -0.79515743 -0.78389579 -0.76524127 -0.76894206 -0.76835907
 -0.77658391 -0.76499921 -0.74736738 -0.75027782 -0.72767836 -0.71654522
 -0.71915895 -0.70750582]
[ 0.0725572   0.12923819  0.19300266  0.25161308  0.30641544  0.34513041
  0.36759225  0.37893137  0.38046509  0.36032102  0.31423637  0.2599875
  0.20062773  0.13112724  0.07287188  0.00535697 -0.04895765 -0.09913778
 -0.15041052 -0.19207647 -0.23185076 -0.24327011 -0.24228552 -0.25118789
 -0.24022765 -0.2262225  -0.19029236 -0.15430015 -0.107109   -0.04428239
  0.02593029  0.08821069  0.15210521  0.23305619  0.30685127  0.37196252
  0.43113914  0.49310586]
[ 1.43075824  1.39536178  1.34502268  1.31034529  1.25748038  1.21079385
  1.15135956  1.10969174  1.0379225   0.99107808  0.9160673   0.85943162
  0.78523165  0.72195774  0.66982484  0.61021906  0.55190933  0.47882459
  0.41195199  0.33800495  0.26821202  0.20199718  0.13291299  0.06705239
  0.00454776 -0.06390463 -0.13016354 -0.19994305 -0.2590588  -0.33182794
 -0.40085301 -0.47249195 -0.53856295 -0.57912958 -0.62650812 -0.66738999
 -0.6999383  -0.73345435]
[0.9454639  0.93526733 0.92584437 0.91982168 0.91741526 0.91484374
 0.92157727 0.93632299 0.94769359 0.96118516 0.97407186 0.97522014
 0.97264475 0.95542979 0.94061607 0.91954124 0.8988862  0.8761487
 0.85793662 0.83648062 0.82535893 0.80067128 0.78500551 0.75682735
 0.73158282 0.69521278 0.64866352 0.59688747 0.54087257 0.48721725
 0.42734092 0.37017998 0.31572118 0.26301745 0.20987625 0.16292511
 0.11914442 0.06599125]
[-0.16252236 -0.20208611 -0.24902885 -0.28640392 -0.32813597 -0.3743639
 -0.41229764 -0.44035983 -0.47925097 -0.50656158 -0.52128667 -0.54038721
 -0.54439455 -0.55407149 -0.55350018 -0.54979718 -0.53946269 -0.52472204
 -0.52643937 -0.52427059 -0.51240557 -0.51345426 -0.51954365 -0.52706361
 -0.51663423 -0.50964892 -0.51207721 -0.50025415 -0.47998613 -0.45959088
 -0.43350863 -0.40726641 -0.38902348 -0.38103813 -0.35685661 -0.34024167
 -0.31823671 -0.30063123]
[-0.34842172 -0.40470368 -0.45749021 -0.49863064 -0.54008305 -0.5761289
 -0.61018085 -0.62872726 -0.64340305 -0.66154093 -0.66887277 -0.68261629
 -0.69671857 -0.69488323 -0.6886757  -0.68715668 -0.68844998 -0.69710737
 -0.70210958 -0.71121961 -0.71887928 -0.72303939 -0.75065058 -0.75095713
 -0.76248169 -0.79384798 -0.81933665 -0.84762162 -0.87812614 -0.90760559
 -0.9359659  -0.95132673 -0.98941821 -1.02162898 -1.04544473 -1.06306136
 -1.07223427 -1.07062948]
[-0.3571859  -0.38229868 -0.40725175 -0.43231001 -0.45538059 -0.4732922
 -0.49824956 -0.51048118 -0.50671053 -0.50798172 -0.50135648 -0.49274766
 -0.48341182 -0.47649407 -0.46475714 -0.44781858 -0.43846357 -0.41481289
 -0.3879199  -0.34401658 -0.29607591 -0.24418986 -0.1861963  -0.1307269
 -0.06853481 -0.01084743  0.04472991  0.10010517  0.14994107  0.19596729
  0.23333062  0.25871891  0.28693563  0.30512652  0.31491056  0.3158609
  0.31800845  0.31639352]
[-2.53221798 -2.61660576 -2.70492005 -2.78792334 -2.93360782 -3.1008172
 -3.19623399 -3.30702281 -3.35373521 -3.49070525 -3.55146122 -3.61283445
 -3.49069762 -3.50883126 -3.44230533 -3.36965728 -3.21101022 -3.05133343
 -2.8982203  -2.77712941 -2.65334797 -2.49338174 -2.30639553 -2.17362094
 -2.03251553 -1.92844212 -1.75780213 -1.58249998 -1.48181534 -1.35397446
 -1.2115624  -1.04520333 -0.96509105 -0.87123299 -0.76027697 -0.56686741
 -0.42874387 -0.25798342]
[ 0.24967542  0.22180894  0.19408531  0.1719261   0.15209414  0.12182768
  0.09241898  0.06294559  0.03649339  0.00304443 -0.03014268 -0.06150883
 -0.09048433 -0.125009   -0.16032423 -0.1939849  -0.22777121 -0.26362753
 -0.29464036 -0.32401973 -0.35722724 -0.39091468 -0.41782814 -0.44587219
 -0.48134592 -0.50962865 -0.5318265  -0.56491572 -0.60140145 -0.62881094
 -0.65815139 -0.68924004 -0.71855718 -0.74274093 -0.76416481 -0.78413236
 -0.80437487 -0.82742417]
[-0.02374818 -0.05619039 -0.09598973 -0.11274346 -0.14636353 -0.17028773
 -0.19148958 -0.24238972 -0.29285526 -0.35450065 -0.39311251 -0.41806236
 -0.46496141 -0.50227416 -0.52647889 -0.52884614 -0.54137313 -0.56457484
 -0.56679225 -0.58435047 -0.57891017 -0.57346225 -0.56820184 -0.56471294
 -0.54685533 -0.51098245 -0.4647128  -0.40372697 -0.34718984 -0.28059128
 -0.20467836 -0.11789861 -0.04766032  0.02916009  0.10220066  0.16780835
  0.21655373  0.26355979]
[ 0.45021886  0.39986101  0.33857492  0.29409298  0.25303841  0.19491132
  0.13173902  0.06955162  0.01184416 -0.07787371 -0.16102611 -0.24062158
 -0.32864469 -0.41151494 -0.48731807 -0.56657308 -0.64007258 -0.72864985
 -0.82041079 -0.89639038 -0.9818356  -1.06450999 -1.15889657 -1.2686348
 -1.37573409 -1.46240938 -1.53377283 -1.64133906 -1.71665859 -1.78531706
 -1.82425058 -1.8982389  -1.96153128 -2.0313952  -2.10843396 -2.17691803
 -2.27287531 -2.27925944]
[1.18214738 1.10832298 1.06706238 1.0232116  0.96472299 0.91601539
 0.87038463 0.82884055 0.78558117 0.73933446 0.69379336 0.65174979
 0.61008    0.57487994 0.53845441 0.49594039 0.46835229 0.43290076
 0.40339079 0.36447898 0.34713903 0.31899682 0.31592914 0.30689326
 0.29909396 0.29056436 0.28348535 0.27392629 0.26626498 0.25199383
 0.23154473 0.22900374 0.23602599 0.22601497 0.21056546 0.19762862
 0.18957037 0.18681841]
[-0.47638363 -0.50462985 -0.54347432 -0.56449598 -0.59514701 -0.62503135
 -0.65603822 -0.69315237 -0.74069947 -0.77523714 -0.81037182 -0.84456348
 -0.88159478 -0.91709852 -0.94676876 -0.97940701 -1.00192559 -1.01351762
 -1.02466309 -1.02254903 -1.01260197 -0.99174529 -0.98063666 -0.96743017
 -0.92273432 -0.89266425 -0.85891461 -0.82150525 -0.79362464 -0.75836986
 -0.71551096 -0.66716999 -0.62770844 -0.5825026  -0.53809774 -0.48526698
 -0.43273976 -0.3988525 ]
[-0.83992392 -0.80001479 -0.76217717 -0.72024214 -0.68058687 -0.63867986
 -0.59843534 -0.55022115 -0.50785303 -0.46110994 -0.41350946 -0.3656058
 -0.3199361  -0.27559289 -0.22262573 -0.17475772 -0.12191878 -0.06795485
 -0.01180284  0.03846693  0.08600988  0.1405829   0.19466278  0.24899206
  0.30417582  0.3537353   0.40215918  0.4484379   0.49871886  0.54557979
  0.59637344  0.64588839  0.69623387  0.7464785   0.79769307  0.84147573
  0.89047462  0.93464494]
[ 0.36063838  0.4300296   0.48523611  0.53593856  0.56708026  0.60112625
  0.62869477  0.65805113  0.68603402  0.70752406  0.73543143  0.75579816
  0.76541352  0.76070273  0.75985247  0.74313986  0.75003844  0.74502027
  0.73847234  0.7195062   0.68458563  0.63588566  0.57501888  0.51144958
  0.43902576  0.37466052  0.31583261  0.2581183   0.21149327  0.16498233
  0.11856353  0.06655895  0.01186662 -0.03321179 -0.08886647 -0.13966902
 -0.20909518 -0.2789157 ]
[-0.02911753  0.01501908  0.05438554  0.0894431   0.12516931  0.17004815
  0.2103468   0.24457173  0.29724658  0.33617169  0.37509906  0.42086023
  0.46020505  0.49723989  0.53902298  0.57096332  0.61658365  0.66534227
  0.71268779  0.7694236   0.81321436  0.86197686  0.90956467  0.95464528
  0.99911857  1.04115069  1.09217727  1.13245964  1.167202    1.20088136
  1.23186326  1.25186896  1.28144836  1.30589092  1.33509791  1.35992587
  1.3811053   1.39285862]
[-0.2876994  -0.25263107 -0.22235699 -0.19311069 -0.16116324 -0.14544988
 -0.13751489 -0.1293032  -0.10339775 -0.07235105 -0.03990599 -0.01458
  0.02131377  0.05129039  0.08117897  0.10706215  0.13836686  0.15474468
  0.1685392   0.18573157  0.19732262  0.21026422  0.22247763  0.23880215
  0.25160703  0.26615432  0.26294798  0.27198046  0.28679585  0.28995124
  0.3060295   0.33133546  0.35341841  0.36958402  0.37373304  0.40764293
  0.4353222   0.4628109 ]
[-0.5112142  -0.47625405 -0.43870696 -0.40498331 -0.36166683 -0.31685695
 -0.2746323  -0.23440911 -0.18874013 -0.14061487 -0.09177761 -0.04122577
  0.01396258  0.07124647  0.12272487  0.18122762  0.23349822  0.2881892
  0.34347242  0.3987464   0.44545782  0.50591516  0.56276047  0.6181339
  0.67374766  0.72382677  0.77384782  0.82522935  0.87157458  0.92081988
  0.96479774  1.01717472  1.05685592  1.09936726  1.13900924  1.17677867
  1.21825504  1.25672865]
[0.45907328 0.50258821 0.5513919  0.59845072 0.6546793  0.70569009
 0.75532258 0.80923164 0.85872334 0.90977579 0.96714962 1.01554942
 1.06504965 1.12080157 1.16957891 1.22523439 1.27529097 1.32446158
 1.37382185 1.42120838 1.46690977 1.51913846 1.55746663 1.60411572
 1.64610064 1.68574429 1.71466041 1.74522066 1.7687484  1.79413891
 1.80294836 1.80579817 1.81714153 1.81486416 1.82478154 1.82813084
 1.8390969  1.84016383]
[-0.06496764 -0.07195247 -0.08631247 -0.09127641 -0.10019394 -0.09869174
 -0.10221589 -0.10665093 -0.11046246 -0.08986204 -0.05990696 -0.05089948
 -0.02754923 -0.00953606  0.01149347  0.0145678   0.0161883   0.0178959
 -0.00357776 -0.00954189 -0.042698   -0.09044432 -0.12393194 -0.17683259
 -0.24264172 -0.28989983 -0.33380741 -0.3790634  -0.42404786 -0.47521526
 -0.52335495 -0.57610333 -0.62111348 -0.68282109 -0.73884743 -0.77965927
 -0.81564116 -0.8745721 ]
[ 0.42270371  0.35429323  0.30124915  0.2472527   0.19967873  0.14501704
  0.09218847  0.03184279 -0.04048847 -0.10867376 -0.18649627 -0.25709948
 -0.32324561 -0.38752592 -0.45622239 -0.51061893 -0.56525594 -0.59721637
 -0.64684039 -0.65664315 -0.66950595 -0.67811704 -0.67085773 -0.66311419
 -0.6565327  -0.65010983 -0.62565202 -0.60275388 -0.5912286  -0.56907147
 -0.56625712 -0.5603236  -0.55343467 -0.56460023 -0.57793015 -0.5851227
 -0.58241755 -0.56472087]
[ 1.73259199  1.71862185  1.69776869  1.66942108  1.62722862  1.57181072
  1.52951145  1.47775543  1.41492999  1.34669089  1.2834599   1.20945227
  1.13060021  1.04786479  0.96498591  0.88256955  0.80679274  0.73511201
  0.67745471  0.60912597  0.54262018  0.46414459  0.38763011  0.30774105
  0.23407042  0.15668403  0.07392007  0.00437457 -0.08496609 -0.15777418
 -0.23314247 -0.30092999 -0.36899379 -0.43675232 -0.50041837 -0.57141715
 -0.63239026 -0.69245136]
[-1.73308802 -1.6963346  -1.64264905 -1.59751976 -1.53264642 -1.47922111
 -1.4313308  -1.37316322 -1.33190894 -1.26711702 -1.22427452 -1.17741573
 -1.1382426  -1.07587993 -1.02369833 -0.96379995 -0.92407274 -0.89319861
 -0.87753499 -0.87904334 -0.88289547 -0.86467606 -0.85925031 -0.83895797
 -0.82073426 -0.84082812 -0.84657824 -0.85897958 -0.83497864 -0.82079899
 -0.80185169 -0.80195224 -0.79481661 -0.77530491 -0.75193    -0.71726388
 -0.68538845 -0.62061834]
[ 1.27090919  1.19451535  1.1156081   1.03344393  0.92529809  0.833408
  0.74491364  0.6622138   0.60643941  0.52331954  0.44058573  0.34870875
  0.26768121  0.17709595  0.10407457  0.01421385 -0.08131458 -0.14366554
 -0.24063653 -0.31910905 -0.40216264 -0.47164106 -0.55293    -0.62444192
 -0.6868524  -0.75460035 -0.80967736 -0.85166174 -0.91131985 -0.9604969
 -1.00808609 -1.07493043 -1.13864982 -1.20120573 -1.2496289  -1.30940115
 -1.36371648 -1.40644753]
[-0.64757395 -0.81802464 -0.99300718 -1.11752474 -1.24413645 -1.3140372
 -1.42877674 -1.61179292 -1.75713301 -1.90123153 -2.08808184 -2.18927073
 -2.36255431 -2.44129562 -2.62356734 -2.7050941  -2.90630341 -3.10676932
 -3.27024674 -3.44011331 -3.55604172 -3.76629519 -3.86415195 -3.91555977
 -3.99799752 -3.96436214 -3.93843007 -3.83642244 -3.62749052 -3.49375725
 -3.32727361 -3.13717484 -2.96322179 -2.7485559  -2.55917001 -2.43478632
 -2.27545238 -2.09139633]
[ 0.26384038  0.0772476  -0.06341361 -0.26184347 -0.45370182 -0.66427904
 -0.85281628 -1.05265498 -1.20699263 -1.33191264 -1.41936624 -1.59163558
 -1.68990695 -1.79504645 -2.00483251 -2.16470504 -2.38043857 -2.55865264
 -2.7233727  -2.8341763  -2.98094249 -3.18740058 -3.37062144 -3.62780285
 -3.77910805 -3.95069265 -4.0509553  -4.22534752 -4.34031296 -4.21048546
 -4.14729548 -4.06625891 -3.95012641 -3.72737384 -3.49284649 -3.2887516
 -3.06502414 -2.88410926]
[-1.62673438 -1.6459583  -1.65008461 -1.65761435 -1.6627624  -1.68065178
 -1.70595157 -1.71299338 -1.74760318 -1.73220074 -1.74203336 -1.7398653
 -1.73801589 -1.76194894 -1.75795388 -1.77317369 -1.75285399 -1.77438366
 -1.76638162 -1.75074148 -1.73276043 -1.74196005 -1.72579944 -1.7310921
 -1.74646115 -1.778947   -1.77676475 -1.75993991 -1.74615681 -1.73666251
 -1.73186028 -1.75383627 -1.74425733 -1.73256242 -1.70955324 -1.70844841
 -1.69373679 -1.67215919]
[-1.05727971 -1.11187971 -1.1556356  -1.22786534 -1.29814303 -1.36317503
 -1.41712964 -1.51281953 -1.5756197  -1.65378737 -1.71204805 -1.7771306
 -1.85638058 -1.90061677 -1.9657495  -2.01435089 -2.03979731 -2.08255076
 -2.10874724 -2.11161065 -2.09511566 -2.06709719 -2.05905771 -2.02966261
 -1.98291326 -1.91674709 -1.84631622 -1.7692287  -1.69637644 -1.61276913
 -1.53047979 -1.44236064 -1.3459686  -1.26714265 -1.16916561 -1.09484148
 -0.98708111 -0.90614146]
[ 1.03156853  0.98757994  0.93165129  0.88657087  0.83044326  0.77496564
  0.71144891  0.65538299  0.59197408  0.52036577  0.45684418  0.38964114
  0.32743979  0.26144689  0.20291817  0.14285353  0.08141812  0.02220192
 -0.04398551 -0.10703641 -0.17381068 -0.23765878 -0.31140366 -0.3864055
 -0.45125517 -0.51780057 -0.56229341 -0.60201138 -0.64415365 -0.6735751
 -0.68669397 -0.72142893 -0.75572181 -0.78968382 -0.82294315 -0.8555721
 -0.87787473 -0.89280915]
[-0.32829383 -0.42624757 -0.53875983 -0.64430553 -0.72038436 -0.80104226
 -0.90520883 -1.01962805 -1.13493812 -1.26231909 -1.37059867 -1.4591912
 -1.55786824 -1.63218272 -1.69323635 -1.76887298 -1.81770551 -1.84152961
 -1.84138083 -1.82893169 -1.81917429 -1.7663039  -1.67147803 -1.58158064
 -1.46235979 -1.36887836 -1.26107275 -1.14674282 -1.03995347 -0.94162244
 -0.85780442 -0.79715919 -0.70530719 -0.64011389 -0.53353721 -0.45580649
 -0.35563284 -0.26752937]
[-3.18190122 -3.31361389 -3.41412091 -3.49893665 -3.56419015 -3.6011188
 -3.59186935 -3.58423424 -3.51278782 -3.43780971 -3.34002852 -3.19970059
 -3.04315495 -2.86798334 -2.72335839 -2.57378221 -2.38274503 -2.23838997
 -2.09837437 -1.9705615  -1.84247255 -1.67818308 -1.54572558 -1.38432813
 -1.23587549 -1.0961659  -0.94647199 -0.79650807 -0.6546334  -0.51086521
 -0.37762114 -0.18591546 -0.02076171  0.08636845  0.22299251  0.35844553
  0.50759083  0.69164675]
[ 0.35432836  0.31696755  0.2876429   0.2437612   0.21000445  0.17320114
  0.14122346  0.10738671  0.07568116  0.03784091 -0.00169933 -0.04784171
 -0.0993793  -0.1471734  -0.19407597 -0.24413897 -0.2980541  -0.33001351
 -0.37494993 -0.42872158 -0.46813554 -0.51361477 -0.55374783 -0.6028716
 -0.65109152 -0.70185137 -0.74561119 -0.78785372 -0.83635926 -0.89331448
 -0.93667066 -0.97763371 -1.01390564 -1.04518521 -1.08352482 -1.11604857
 -1.14210975 -1.16417921]
[ 0.24627721  0.1997595   0.15774582  0.11107586  0.0673914   0.01222524
 -0.03979667 -0.09857585 -0.14741626 -0.19956866 -0.25271529 -0.3021107
 -0.35151136 -0.40774605 -0.46469232 -0.51611412 -0.5643087  -0.60468304
 -0.65305096 -0.70168322 -0.7500127  -0.78807592 -0.83202332 -0.86909169
 -0.91121888 -0.94691277 -0.98239714 -1.01050293 -1.04073226 -1.07047653
 -1.09847808 -1.11335158 -1.13722765 -1.16069198 -1.17612922 -1.1832521
 -1.19592166 -1.19670928]
[ 0.50421464  0.48495772  0.47918725  0.46852604  0.46401614  0.45267031
  0.43506968  0.41357079  0.38839746  0.35736275  0.32433349  0.29184571
  0.26343042  0.23635319  0.21342489  0.18551682  0.15973951  0.13846721
  0.09902304  0.06849862  0.03392924  0.00511756 -0.02432982 -0.05105404
 -0.08330201 -0.11071336 -0.14848346 -0.17767496 -0.20341758 -0.23063165
 -0.2727246  -0.29504916 -0.3254607  -0.35986158 -0.38453493 -0.41053253
 -0.44044033 -0.47794205]
[-0.57400477 -0.60926014 -0.63921952 -0.6693359  -0.70644087 -0.73534483
 -0.77273524 -0.80393535 -0.83197564 -0.86231661 -0.89634186 -0.92417496
 -0.94449317 -0.97807407 -1.01776612 -1.03930998 -1.05707479 -1.07949889
 -1.09805405 -1.12925899 -1.15812016 -1.17213511 -1.1985631  -1.21797955
 -1.22983873 -1.25701666 -1.27856588 -1.28810358 -1.29224718 -1.29670811
 -1.30328572 -1.31173575 -1.32032907 -1.31958735 -1.31087673 -1.31068075
 -1.31247699 -1.29851854]
[-0.73823488 -0.77797002 -0.8101635  -0.85124946 -0.90420842 -0.91894948
 -0.96263987 -0.99920481 -1.04331005 -1.06685185 -1.10594416 -1.12801027
 -1.14925516 -1.1566503  -1.18297005 -1.20252419 -1.23712385 -1.26700377
 -1.28380334 -1.31586945 -1.3538146  -1.38199162 -1.39189184 -1.43440413
 -1.44095302 -1.47223067 -1.50978124 -1.53628385 -1.57535815 -1.61908579
 -1.63876748 -1.64644599 -1.67479396 -1.69333971 -1.69384313 -1.7097913
 -1.71728933 -1.74035442]
[0.57107222 0.61078727 0.6376825  0.66861838 0.68086398 0.68973547
 0.69281656 0.70227247 0.71369743 0.70249873 0.68757325 0.65958285
 0.62757081 0.60557079 0.60742974 0.58241892 0.57754576 0.58201176
 0.5890103  0.61109096 0.60861868 0.63038594 0.65396285 0.68913043
 0.7145828  0.75996798 0.79337037 0.82733661 0.82799941 0.83284938
 0.87740296 0.91195512 0.95218277 0.97190356 1.00798106 1.02398074
 1.05673778 1.05043018]
[-1.421368   -1.39643741 -1.3910507  -1.41705227 -1.41744387 -1.43964517
 -1.45005989 -1.46755695 -1.49161911 -1.50289273 -1.54770899 -1.58518255
 -1.59609723 -1.60534573 -1.61519897 -1.65223777 -1.69242013 -1.7045691
 -1.70578027 -1.68906283 -1.68095446 -1.69193208 -1.67757785 -1.70831001
 -1.71891272 -1.71731997 -1.73796391 -1.75430381 -1.73841631 -1.71886921
 -1.69656396 -1.69725585 -1.72658551 -1.74236357 -1.75827384 -1.75770259
 -1.75013185 -1.75547552]
[-0.196449   -0.22032019 -0.28163326 -0.35914025 -0.44647071 -0.55543059
 -0.66086698 -0.75468606 -0.83784467 -0.91807741 -0.99939799 -1.07757688
 -1.16481698 -1.27738142 -1.35992241 -1.457008   -1.55392313 -1.64493537
 -1.72594631 -1.78380311 -1.8137989  -1.84173191 -1.83116674 -1.82703781
 -1.81280529 -1.79558301 -1.74666905 -1.63611519 -1.50678718 -1.36584032
 -1.2340107  -1.09153581 -0.94750583 -0.82003099 -0.68429142 -0.58005935
 -0.45262536 -0.36048672]
[-1.84173739 -1.87450159 -1.84467173 -1.87970579 -1.87627721 -1.89585519
 -1.89220095 -1.86932015 -1.85664141 -1.82647121 -1.80090463 -1.7562772
 -1.73420703 -1.66223657 -1.6111083  -1.54460514 -1.5299511  -1.51842177
 -1.49432492 -1.47724295 -1.46632075 -1.48349774 -1.49180162 -1.4883728
 -1.46884906 -1.45255005 -1.45801675 -1.44937599 -1.45195806 -1.44454777
 -1.44790411 -1.46209478 -1.46625161 -1.47034478 -1.44780862 -1.4053129
 -1.41126084 -1.41528773]
[0.69738245 0.7489236  0.80855954 0.86207008 0.89614928 0.92978555
 0.95949125 0.99997979 1.03694904 1.09173119 1.13630283 1.20935452
 1.26853633 1.32819998 1.37968683 1.41139209 1.46242952 1.48690319
 1.51064932 1.53386152 1.56085587 1.54556715 1.53063631 1.50992632
 1.48378122 1.47192061 1.44229352 1.41713107 1.37107003 1.32098746
 1.27422643 1.21801746 1.17204022 1.14126015 1.10322726 1.07124472
 1.04070628 1.0295049 ]
[-2.3480854  -2.31201243 -2.26854777 -2.17121148 -2.1060431  -1.97369647
 -1.85146594 -1.76013708 -1.64187324 -1.53436029 -1.42974424 -1.30905926
 -1.18072867 -1.04889309 -0.93129063 -0.81533009 -0.68536592 -0.60303324
 -0.46189865 -0.35447988 -0.24080712 -0.11181768 -0.04232751  0.05602553
  0.17473939  0.29344863  0.39386705  0.50136441  0.63622272  0.69195098
  0.72687358  0.83495569  0.93316966  0.98514622  1.03826487  1.08535445
  1.07113206  1.10053062]
