[ 0.77521369  0.77325791  0.759127    0.74453979  0.7379215   0.70997858
  0.7175086   0.70545869  0.69080021  0.67957755  0.6190169   0.63527674
  0.62020761  0.61506745  0.59313799  0.57962615  0.56771505  0.55356883
  0.52511567  0.50248388  0.49377603  0.45318881  0.45620977  0.43011114
  0.40175237  0.3922489   0.34463515  0.34972102  0.30196189  0.30576396
  0.2551505   0.21097028  0.2079912   0.19932129  0.15520357  0.13793177
  0.10806804  0.10027519  0.06082114  0.03776854  0.0105091  -0.01328449
 -0.03960325 -0.05865805 -0.09198977 -0.12115762 -0.14048111 -0.1563412
 -0.20703793 -0.20917196 -0.23455161 -0.26386181 -0.29039034 -0.32361419
 -0.34502459 -0.37065596 -0.39284761 -0.42954121 -0.43043504 -0.47211389
 -0.49970731 -0.52779763 -0.58545256 -0.56901056 -0.59959476 -0.60625896
 -0.64612551 -0.66789637 -0.71846961 -0.72137002 -0.73663843 -0.73876375
 -0.78128403 -0.80717888 -0.81326775 -0.84625787 -0.83231766 -0.83255026
 -0.88045773 -0.88508308 -0.89362697 -0.90253124 -0.912909   -0.90625927
 -0.9207904  -0.95124847 -0.95033795 -0.9346828  -0.96752513 -0.94685627
 -0.94118347 -0.94691515 -0.94525874 -0.94243709]
[-0.45342282 -0.46329279 -0.43940312 -0.42842517 -0.43286548 -0.43871339
 -0.44664149 -0.37961363 -0.43465106 -0.41324855 -0.40872919 -0.40320451
 -0.38373574 -0.37297045 -0.37697564 -0.37184088 -0.35322845 -0.34222902
 -0.31939245 -0.32774387 -0.3048692  -0.30155118 -0.29277675 -0.27173421
 -0.25229264 -0.2416424  -0.22691064 -0.17716661 -0.20083937 -0.18413532
 -0.18230231 -0.14148552 -0.1242152  -0.09291246 -0.07626754 -0.04867094
 -0.04785929 -0.02296621 -0.00905614  0.00207891  0.03880571  0.06238739
  0.08378976  0.11473649  0.10367432  0.1355915   0.18501358  0.21238797
  0.21349732  0.25628075  0.27066688  0.30556967  0.34000818  0.36456
  0.39071956  0.40582241  0.41925635  0.4603619   0.48086333  0.51402347
  0.52563993  0.55560898  0.57189266  0.61877067  0.60992363  0.62628247
  0.66141325  0.72095703  0.67278724  0.68289163  0.71361695  0.71760071
  0.70513495  0.71863184  0.74309261  0.75312475  0.76662769  0.77299418
  0.78741001  0.78365215  0.79175767  0.79893502  0.79383203  0.74121828
  0.79547126  0.81796152  0.8164359   0.83176253  0.82853496  0.80997081
  0.804902    0.81053056  0.81443312  0.80165803  0.79841162  0.81864443
  0.78319126  0.79542975  0.75730378  0.74465024  0.70470315  0.71954777
  0.67598265  0.69009484  0.7102922   0.68007145  0.65095944  0.63571291
  0.60190542  0.5964955   0.56766137  0.5630969   0.50194262  0.48672808]
[-0.4524486  -0.4615034  -0.43889618 -0.42826251 -0.4327752  -0.43862533
 -0.44657317 -0.37985595 -0.43486034 -0.41393153 -0.40958497 -0.40427851
 -0.38512947 -0.37437018 -0.37859828 -0.37361837 -0.35502534 -0.34537922
 -0.32170989 -0.33018275 -0.30788569 -0.30456506 -0.29591194 -0.27514513
 -0.25594089 -0.24531961 -0.23084442 -0.18132708 -0.20500578 -0.18751024
 -0.18656985 -0.14646994 -0.12920686 -0.09807576 -0.08156844 -0.05412692
 -0.05339984 -0.02868156 -0.01485541 -0.00379783  0.03345784  0.0560058
  0.07746607  0.10823954  0.09722206  0.12918186  0.17823705  0.20547386
  0.20761699  0.24927287  0.26368334  0.29939876  0.33391707  0.35726297
  0.38338784  0.39847729  0.41159702  0.45286912  0.47335026  0.50648209
  0.51813797  0.54819013  0.56448035  0.61119246  0.6025518   0.61902551
  0.65400359  0.71372373  0.66594368  0.67462745  0.70684224  0.70942285
  0.69944204  0.7123231   0.73673931  0.74698795  0.7605771   0.76710357
  0.78174727  0.77817929  0.78634471  0.79379433  0.79013521  0.73604305
  0.79096032  0.81357747  0.81231658  0.82747686  0.82476736  0.80655602
  0.80182548  0.80749606  0.81154724  0.79896202  0.79606718  0.81645837
  0.78136288  0.79378179  0.75597804  0.7444008   0.70401839  0.71901379
  0.67571209  0.69013441  0.7104323   0.68047567  0.65341415  0.6366417
  0.60316432  0.59799108  0.56939284  0.56505058  0.50467582  0.489406  ]
[-0.45245206 -0.4615079  -0.438901   -0.42826691 -0.43278018 -0.43863046
 -0.44657756 -0.37986035 -0.43486666 -0.4139377  -0.40959112 -0.40428511
 -0.38513685 -0.37437688 -0.37860552 -0.37362544 -0.35503255 -0.34538697
 -0.32171768 -0.33019093 -0.30789397 -0.30457357 -0.29592072 -0.27515451
 -0.2559501  -0.2453288  -0.23085364 -0.18133553 -0.2050152  -0.1875198
 -0.18657974 -0.14647997 -0.12921657 -0.09808552 -0.08157822 -0.05413646
 -0.05340948 -0.02869117 -0.01486511 -0.00380775  0.03344832  0.05599648
  0.07745671  0.10822999  0.09721174  0.12917285  0.17822787  0.2054653
  0.20760845  0.24926448  0.26367448  0.29939091  0.33390949  0.35725564
  0.3833807   0.39847091  0.41158981  0.45286288  0.47334414  0.50647626
  0.51813266  0.54818566  0.56447564  0.61118787  0.60254704  0.61902166
  0.65400082  0.71372198  0.66594086  0.67462556  0.70684061  0.70942178
  0.69944016  0.7123218   0.73673844  0.74698748  0.76057669  0.76710378
  0.78174777  0.77818021  0.78634566  0.79379614  0.79013688  0.73604458
  0.79096246  0.8135807   0.81232012  0.82748033  0.82477082  0.80656077
  0.8018303   0.80750129  0.81155241  0.79896794  0.79607249  0.81646565
  0.78136972  0.79378954  0.75598552  0.74440744  0.70402562  0.71902193
  0.67572005  0.69014405  0.71044185  0.68048535  0.65342365  0.63665143
  0.60317387  0.59800115  0.56940309  0.56506096  0.50468645  0.48941728]
[-0.45340202 -0.46423817 -0.43937416 -0.42839871 -0.4328355  -0.43868253
 -0.44661514 -0.37958717 -0.43485098 -0.41321147 -0.40869231 -0.40316489
 -0.38369148 -0.37293025 -0.37687215 -0.37179175 -0.35318523 -0.34125625
 -0.31947113 -0.32785072 -0.30456182 -0.30150018 -0.29275642 -0.271678
 -0.25223749 -0.24158731 -0.22685541 -0.17724682 -0.20078291 -0.18527684
 -0.18258362 -0.14142546 -0.12419515 -0.092854   -0.07620899 -0.04871218
 -0.04780156 -0.02290869 -0.00899801  0.00213834  0.03816902  0.06265979
  0.08384581  0.11479366  0.10373611  0.13564541  0.1850685   0.21243922
  0.21255442  0.25633097  0.27071993  0.30466454  0.33895002  0.36460382
  0.39076232  0.40586063  0.41929951  0.46039924  0.48089996  0.51405838
  0.5256717   0.5556357   0.5720153   0.61879814  0.60995207  0.62630546
  0.66142976  0.72082714  0.67270423  0.68435188  0.71354687  0.71914022
  0.70442298  0.71859187  0.74316322  0.7531275   0.76663006  0.77299283
  0.78740693  0.78364656  0.79175185  0.79892405  0.79258841  0.74220928
  0.79545838  0.81794214  0.81641464  0.83174169  0.82851415  0.80994229
  0.80487301  0.81049915  0.81440209  0.8016225   0.79837969  0.81860073
  0.7831502   0.79538323  0.75752676  0.74372796  0.7046598   0.71949892
  0.67593491  0.69003707  0.71023491  0.68001339  0.64913045  0.63565461
  0.60184818  0.59643516  0.5675999   0.5630347   0.50141722  0.48666047]
[ 0.77697938  0.77460173  0.7604428   0.7459883   0.73944838  0.71165914
  0.71889595  0.70670095  0.69221936  0.68091397  0.62010183  0.63649266
  0.62147753  0.61631027  0.59434608  0.5808434   0.56886886  0.55468894
  0.526193    0.50358353  0.49448393  0.45416834  0.45699482  0.43098159
  0.40254342  0.39299759  0.34546221  0.35045594  0.30261428  0.30623466
  0.25562542  0.21148766  0.20833238  0.19952077  0.15550768  0.13819432
  0.10828194  0.10044911  0.06090013  0.03774391  0.01042157 -0.01353086
 -0.03972626 -0.05904254 -0.09237357 -0.1216515  -0.14114874 -0.15698546
 -0.20778232 -0.210061   -0.23553057 -0.26512394 -0.2916292  -0.3250281
 -0.34645795 -0.37213188 -0.39438306 -0.43129381 -0.43217537 -0.47403601
 -0.50161115 -0.52986469 -0.58752086 -0.5712855  -0.60179285 -0.60851102
 -0.64846868 -0.67044078 -0.72036707 -0.72375531 -0.73927577 -0.7413239
 -0.78399189 -0.80983843 -0.8160388  -0.84906884 -0.8350577  -0.8354424
 -0.88347123 -0.88807943 -0.89662806 -0.90556736 -0.91600636 -0.90921257
 -0.92398109 -0.95445731 -0.95363533 -0.93776716 -0.97077456 -0.94991747
 -0.9443709  -0.95011501 -0.94845092 -0.94561646]
[ 0.73780275  0.74364954  0.7477105   0.75219788  0.75498326  0.75729249
  0.76045383  0.75993169  0.75752344  0.76159414  0.68142814  0.76037085
  0.74294339  0.76039264  0.7505704   0.74712226  0.7568576   0.73682216
  0.72395599  0.72520243  0.71143668  0.67171141  0.69166634  0.68083241
  0.66221537  0.65970623  0.58445983  0.65894197  0.58079156  0.59571635
  0.57876156  0.4815079   0.5373798   0.52052683  0.49655906  0.47577952
  0.42823235  0.45622201  0.4067412   0.38897205  0.366564    0.34011831
  0.31844477  0.29979604  0.26604683  0.22907901  0.21468283  0.19538337
  0.11799712  0.1360647   0.11537242  0.09517293  0.05728602  0.02794327
 -0.00422567 -0.03713374 -0.05495646 -0.0901569  -0.08618549 -0.15055538
 -0.18060785 -0.21090252 -0.30731134 -0.26214188 -0.28803589 -0.28955089
 -0.3524852  -0.39222445 -0.44681754 -0.42964893 -0.46478572 -0.46028643
 -0.50448116 -0.55754558 -0.55114251 -0.60901688 -0.59030475 -0.57151898
 -0.63120195 -0.65394505 -0.67146053 -0.68823939 -0.71470403 -0.70676233
 -0.74777156 -0.79544864 -0.76289602 -0.75361993 -0.82518914 -0.78209062
 -0.78732502 -0.80874044 -0.81647916 -0.82405971 -0.8278803  -0.82143989
 -0.84271896 -0.85669567 -0.84936818 -0.86014161 -0.86085658 -0.8596702
 -0.8293104  -0.87025322 -0.91948882 -0.87680674 -0.85397577 -0.87735394
 -0.80693342 -0.88009315 -0.88460531 -0.86588056 -0.88021757 -0.8729118 ]
[ 0.73671465  0.74236848  0.74625284  0.75042486  0.75302539  0.75519073
  0.76006344  0.7574098   0.75467827  0.75885489  0.67895837  0.7571457
  0.73982145  0.75726666  0.74694307  0.74316644  0.75295062  0.73293383
  0.72004501  0.72111555  0.70728555  0.66769252  0.68737372  0.67642347
  0.6576104   0.6551649   0.59582632  0.64691293  0.57638884  0.59107582
  0.57386305  0.47730807  0.53247241  0.51581353  0.49186525  0.47116261
  0.43021983  0.44498919  0.40202145  0.38456738  0.36207942  0.33558963
  0.31385613  0.29517494  0.2614345   0.22464639  0.21025032  0.19041313
  0.11398417  0.13168184  0.11127191  0.08765297  0.05351168  0.02369759
 -0.00847675 -0.04005278 -0.0585303  -0.09412532 -0.09013632 -0.13993154
 -0.18437086 -0.21460999 -0.31002907 -0.26521733 -0.29116907 -0.29298165
 -0.35569584 -0.39584667 -0.44989358 -0.44743542 -0.46792734 -0.46322833
 -0.50735081 -0.55952831 -0.55383298 -0.61157553 -0.59288434 -0.57424629
 -0.66101703 -0.65617758 -0.67372972 -0.6905278  -0.71412184 -0.70843782
 -0.72983817 -0.7857166  -0.76480941 -0.75460936 -0.82658535 -0.78340267
 -0.78871704 -0.81039462 -0.8180198  -0.82567805 -0.82905494 -0.82423491
 -0.8434757  -0.85699082 -0.84958881 -0.86026436 -0.86049931 -0.85913058
 -0.83931415 -0.86940766 -0.91851452 -0.87572379 -0.85406497 -0.87697159
 -0.80567243 -0.87818974 -0.88227207 -0.86351362 -0.85520476 -0.87645082]
[ 0.73716931  0.7431162   0.74731177  0.75186586  0.75477025  0.75721863
  0.76047258  0.76011956  0.75791475  0.76212118  0.6823044   0.76119716
  0.74400363  0.76147289  0.75174049  0.74838451  0.75799294  0.73794445
  0.7250927   0.72627857  0.71256391  0.67291144  0.69275457  0.68201628
  0.66361123  0.66125439  0.59503867  0.6567095   0.58290418  0.59788976
  0.58107922  0.48419885  0.53996892  0.52327359  0.49949905  0.47890921
  0.4351302   0.45591922  0.41004811  0.39214663  0.3697208   0.34323633
  0.32156209  0.30292578  0.26922038  0.2323129   0.21792661  0.19867993
  0.12135527  0.13929003  0.11853157  0.09649283  0.06035492  0.03099798
 -0.00116442 -0.0335484  -0.05211331 -0.0872578  -0.08343392 -0.14777419
 -0.1778312  -0.20809736 -0.30430728 -0.2594256  -0.28530068 -0.28684985
 -0.34968798 -0.38933045 -0.44391638 -0.42695869 -0.4620273  -0.45763279
 -0.50183089 -0.55493077 -0.54854492 -0.60636832 -0.58782894 -0.56925052
 -0.62884077 -0.65164645 -0.66923017 -0.68614441 -0.71107357 -0.70489055
 -0.74770286 -0.78728014 -0.76120083 -0.7521747  -0.82359805 -0.78086793
 -0.78617399 -0.80770085 -0.81558594 -0.82328052 -0.82730123 -0.82206171
 -0.84242667 -0.8565746  -0.84946806 -0.86028349 -0.86122994 -0.86024573
 -0.83587107 -0.87110186 -0.92034981 -0.87803009 -0.85840157 -0.87886432
 -0.80877889 -0.88193437 -0.88659124 -0.86808794 -0.88257347 -0.87544246]
[ 1.43168146  1.38825166  1.32633234  1.26953483  1.24654941  1.14059668
  1.14514991  1.1089772   1.04696449  1.00411683  0.94210133  0.88081555
  0.82895653  0.77601875  0.7141027   0.67275397  0.60942265  0.599004
  0.51391031  0.42594525  0.41235437  0.34768663  0.30791556  0.24622418
  0.17472586  0.16118003  0.08052258  0.02355072 -0.02362721 -0.04116415
 -0.13603734 -0.16967099 -0.24028318 -0.28239357 -0.38154033 -0.40526781
 -0.44687129 -0.48860789 -0.54972161 -0.59124767 -0.65222023 -0.68365202
 -0.72133861 -0.76351515 -0.81584001 -0.84816453 -0.88421572 -0.92245714
 -0.96009638 -0.98823823 -1.02680488 -1.08575328 -1.11247713 -1.13572671
 -1.17243182 -1.20320771 -1.2419275  -1.27939561 -1.30343718 -1.3545901
 -1.36119088 -1.40298154 -1.42928716 -1.44670551 -1.49776154 -1.50879602
 -1.52997725 -1.51830449 -1.57345008 -1.60369733 -1.62826531 -1.63811637
 -1.68389727 -1.68301448 -1.7105316  -1.71627414 -1.71970814 -1.71746439
 -1.71357493 -1.74336844 -1.73440313 -1.72755179 -1.71673445 -1.69624797
 -1.72228865 -1.70670203 -1.69870543 -1.67965948 -1.671501   -1.66501725
 -1.64085736 -1.61497498 -1.58890506 -1.56182121 -1.55379021 -1.52751638
 -1.49763777 -1.50436402 -1.4514541  -1.41870985 -1.3853881  -1.36925636
 -1.33421137 -1.29535367 -1.25968791 -1.23382194 -1.19711242 -1.15937452
 -1.12139384 -1.0949396  -1.05588947 -1.01575765 -0.97326234 -0.92951052
 -0.90050993 -0.86233988 -0.81378963 -0.77313589 -0.72801803 -0.67913942
 -0.6381015  -0.61685057]
[-0.45279133 -0.46505426 -0.43474289 -0.4283966  -0.43259228 -0.43811803
 -0.44688411 -0.38009727 -0.43434341 -0.40912812 -0.40790514 -0.40191117
 -0.38233216 -0.36814889 -0.37506416 -0.37071236 -0.35201403 -0.34202848
 -0.31927974 -0.327516   -0.29727153 -0.29900559 -0.29000688 -0.26903253
 -0.24953776 -0.23873054 -0.2239127  -0.17573915 -0.197887   -0.18031524
 -0.17879368 -0.13839377 -0.12149703 -0.09369761 -0.07331979 -0.0468455
 -0.04506555 -0.02026807  0.00282169  0.00444331 -0.07935908  0.06637705
  0.02805012  0.11664308  0.10572271  0.13773087  0.18737688  0.21481395
  0.21656693  0.2582901   0.27288861  0.30812406  0.3121185   0.21986102
  0.39214119  0.40737714  0.42070363  0.461367    0.48198037  0.51510405
  0.52665039  0.70485141  0.5727304   0.50118811  0.61005432  0.62711698
  0.662455    0.77294648  0.67409554  0.75875847  0.71486831  0.71833045
  0.60995767  0.72014403  0.74487326  0.75479006  0.76847506  0.62811247
  0.69910261  0.78555563  0.79351118  0.80065342  0.79642304  0.7426537
  0.91576354  0.81950741  0.8177689   0.83316614  0.83015935  0.77569112
  0.80700974  0.81236849  0.81646016  0.80076137  0.80051261  0.8205404
  0.78498414  0.79730381  0.76175178  0.74793586  0.70735301  0.72562406
  0.67859555  0.69248283  0.71232465  0.68205863  0.65411669  0.63777874
  0.60420131  0.59859662  0.67836427  0.56515781  0.50438122  0.19540796]
