[ 1.2071123   1.20113948  1.19977385  1.20909639  1.21542756  1.23082644
  1.23997596  1.24911217  1.25293276  1.25727998  1.26428416  1.27093792
  1.27539433  1.28244407  1.30813135  1.30412274  1.28210364  1.27726808
  1.2547581   1.23949768  1.21993745  1.1969687   1.17089833  1.14348636
  1.11640408  1.0725623   1.04567272  1.02043017  0.98927491  0.95450812
  0.91544556  0.87856027  0.85322344  0.81336983  0.7761386   0.74478248
  0.69743958  0.65861583  0.62672686  0.60281646  0.56936107  0.52669689
  0.49037141  0.45543694  0.42511478  0.3829863   0.34873079  0.30300876
  0.26257059  0.23025525  0.17499849  0.14679425  0.10598709  0.06038651
  0.02809031 -0.01774009 -0.05527246 -0.09485911 -0.13480961 -0.1951935
 -0.22215301 -0.27716317 -0.31567153 -0.35696838 -0.40462835 -0.44773758
 -0.4988764  -0.54094928 -0.58521686 -0.62647527 -0.67808465 -0.72234591
 -0.77160652 -0.81917287 -0.85920372 -0.91229277 -0.96284718 -0.99577875
 -1.03330761 -1.08917881 -1.12267824 -1.16715906 -1.22029847 -1.26101691
 -1.29043723 -1.33215622 -1.36022979 -1.40373576 -1.44285374 -1.47615886
 -1.51690616 -1.53920508 -1.58209775 -1.61956196 -1.65294648 -1.67533759
 -1.71016406 -1.72257442 -1.76897821 -1.77925982 -1.81464768 -1.82253432
 -1.84783272 -1.8708302  -1.88712152 -1.88108148 -1.89561605 -1.88057118
 -1.86915296 -1.86422858 -1.83720501 -1.82339439 -1.78772743 -1.76123103
 -1.74150135 -1.69710442 -1.65968017 -1.62117993 -1.56666201 -1.52024472
 -1.47366997 -1.41608958 -1.36439892 -1.31669084 -1.27659128 -1.23027502
 -1.19488926 -1.14286535 -1.09634856 -1.04138986 -0.99177895 -0.9510439
 -0.88813344 -0.84290217 -0.78446838 -0.73574561 -0.7000519  -0.6398276
 -0.57213979 -0.52745244 -0.47286134 -0.42487776 -0.36205507 -0.30697233
 -0.24746434 -0.19153841 -0.13644046 -0.09525901 -0.04184208  0.02841522
  0.07720409  0.12689432  0.16863854  0.21169269  0.24765     0.29391645
  0.32623069  0.36641382  0.41215243  0.45280753  0.48750983  0.55145073
  0.58754119  0.62455703  0.66381681  0.69689195  0.73432518  0.78272484
  0.82541416  0.86632313]
[-0.62886267 -0.62338842 -0.62293949 -0.60038157 -0.60109708 -0.58087549
 -0.58003332 -0.55614945 -0.54088164 -0.52038207 -0.50248084 -0.49377697
 -0.47291326 -0.46038449 -0.44036746 -0.42532497 -0.4076095  -0.39172404
 -0.38116187 -0.36155735 -0.34699977 -0.3210985  -0.3047467  -0.29193033
 -0.27387925 -0.25849475 -0.2359086  -0.20930387 -0.19689124 -0.16382768
 -0.15907031 -0.13993748 -0.11592344 -0.09547252 -0.09177706 -0.05195527
 -0.07397304 -0.05709419 -0.07126045 -0.06183519 -0.04130631 -0.01867825
  0.00355143  0.03903297  0.06553988  0.08493975  0.09884503  0.1120293
  0.12486685  0.14719507  0.14645214  0.1739278   0.18960319  0.21211082
  0.22678515  0.24542788  0.2650747   0.28211568  0.30383563  0.30682131
  0.32572729  0.33804964  0.35750432  0.37072524  0.39116315  0.41587348
  0.44071558  0.4636305   0.48653132  0.47440579  0.45936757  0.45750501
  0.455007    0.44983132  0.44540168  0.44258093  0.45813913  0.43143254
  0.42983379  0.42106227  0.40433204  0.39858683  0.41238459  0.37899647
  0.38050976  0.37061262  0.36245043  0.35973835  0.33181608  0.34400564
  0.33604807  0.32992379  0.32706622  0.30699441  0.31143313  0.31344079
  0.28855249  0.27282627  0.25564448  0.23743651  0.25109837  0.20292836
  0.20040144  0.19369276  0.18488581  0.17647088  0.16983667  0.16315364
  0.15650496  0.15797628  0.14872912  0.14577303  0.13360151  0.12399247
  0.11744789  0.10940218  0.10029621  0.10083294  0.09392188  0.09318745
  0.08400782  0.07378064  0.07326979  0.0671825   0.05923875  0.04864895
  0.02715518  0.03837096  0.03297928  0.02425825  0.01825353  0.01021945
  0.01200193 -0.0122477  -0.01109968 -0.01859456 -0.02220255 -0.0205567
 -0.04966467 -0.03840297 -0.04754398 -0.04600467 -0.05386021 -0.05715859
 -0.0616935  -0.07387757 -0.06592267 -0.08223414 -0.07120317 -0.08072192
 -0.09029837 -0.0998899  -0.10109799 -0.10058023 -0.10095066 -0.09987001
 -0.10171856 -0.10197254 -0.10393461 -0.10174038 -0.09312376 -0.09602443
 -0.08921935 -0.07913298 -0.07768528 -0.06564554 -0.06058123 -0.05519688
 -0.05434351 -0.04257271]
[-5.11846183e-01 -5.40200042e-01 -5.32639129e-01 -5.12091215e-01
 -5.22808308e-01 -5.25833774e-01 -5.16211225e-01 -5.16472346e-01
 -4.61882740e-01 -4.70076758e-01 -4.85092643e-01 -4.84053018e-01
 -4.36851414e-01 -4.59484285e-01 -4.27021603e-01 -4.11356643e-01
 -3.85746244e-01 -3.81475973e-01 -3.71565828e-01 -3.32111392e-01
 -3.47142338e-01 -2.88134501e-01 -2.65887046e-01 -2.74958724e-01
 -2.15023425e-01 -1.58813613e-01 -1.41406495e-01 -8.60034586e-02
 -8.44558955e-02 -4.65462608e-02 -1.94398329e-02 -1.94580634e-02
  2.43428233e-02  3.80923097e-02  6.67465676e-02  8.23858150e-02
  9.32198263e-02  1.36176268e-01  1.69347925e-01  2.05338837e-01
  2.33335440e-01  2.68911000e-01  2.88660373e-01  3.12714935e-01
  3.14960098e-01  3.39757780e-01  3.60588631e-01  3.74004201e-01
  3.15323888e-01  3.94909125e-01  4.04737691e-01  3.93638700e-01
  3.99046611e-01  3.33763778e-01  3.81761907e-01  3.78406074e-01
  3.63648373e-01  3.54876450e-01  3.67543825e-01  3.51945386e-01
  3.19459899e-01  3.32527638e-01  3.26754949e-01  3.18586864e-01
  3.19367441e-01  3.24076592e-01  3.18920797e-01  2.98695387e-01
  2.76280216e-01  2.52988480e-01  2.72102377e-01  2.87171919e-01
  2.93745190e-01  2.81393516e-01  2.63750402e-01  2.59395075e-01
  2.38306411e-01  2.14940164e-01  2.29475647e-01  1.71808495e-01
  1.61794439e-01  1.34663012e-01  1.20040150e-01  1.00370231e-01
  6.45341970e-02  4.35418413e-02  2.29574842e-02  1.80764998e-03
 -1.78285798e-02 -3.94044706e-02 -7.87547493e-02 -9.61714219e-02
 -1.11003877e-01 -1.18467239e-01 -1.14237367e-01 -1.32516900e-01
 -1.29236218e-01 -1.36822267e-01 -1.44313808e-01 -1.55746315e-01
 -1.88217512e-01 -1.34754307e-01 -1.76992631e-01 -1.75296974e-01
 -1.77181330e-01 -1.87117963e-01 -1.95486627e-01 -2.07683426e-01
 -2.11163727e-01 -2.57550133e-01 -2.50963646e-01 -2.58122854e-01
 -2.49277859e-01 -2.35212241e-01 -2.24018156e-01 -2.24700045e-01
 -2.54154082e-01 -2.49793215e-01 -2.60050175e-01 -2.77360486e-01
 -2.80474517e-01 -3.09398819e-01 -2.98649912e-01 -2.99566969e-01
 -2.89463071e-01 -2.79047183e-01 -2.79999502e-01 -2.55716090e-01
 -2.64055124e-01 -2.65959307e-01 -2.76557732e-01 -2.64516284e-01
 -2.74719383e-01 -2.61240817e-01 -2.69400746e-01 -2.72371737e-01
 -2.58177721e-01 -2.54736655e-01 -2.47556334e-01 -2.52948222e-01
 -2.22177086e-01 -2.31609159e-01 -1.73504991e-01 -1.57455627e-01
 -1.35603790e-01 -1.06250684e-01 -7.88453654e-02 -4.42616147e-02
 -3.81106665e-04  8.15494173e-03  3.22997967e-02  3.67085997e-02
  4.05223521e-02  7.76433502e-03  1.18795039e-01  6.80089995e-02
  1.29608371e-01  1.03488237e-01  1.43570181e-01  1.67615672e-01
  1.65535532e-01  2.66161625e-01  2.57078584e-01  2.61481645e-01
  2.93253963e-01  3.34265052e-01  2.80163339e-01  2.75141671e-01
  2.99404896e-01  3.42622352e-01]
[-0.62886419 -0.6233919  -0.6229389  -0.60039015 -0.60109942 -0.5808989
 -0.63817758 -0.55615984 -0.54088162 -0.5203908  -0.50249405 -0.49358375
 -0.47292548 -0.46039467 -0.44037974 -0.42533357 -0.40745857 -0.37998241
 -0.38116932 -0.36156428 -0.34700485 -0.32110395 -0.30479818 -0.29193644
 -0.29576112 -0.25850152 -0.28072194 -0.20931381 -0.22060351 -0.16388826
 -0.21381286 -0.13994454 -0.18268933 -0.09548155 -0.09175906 -0.05198514
 -0.07397584 -0.05715415 -0.09984333 -0.06183564 -0.041311   -0.01871027
  0.0035997   0.03902909  0.06553497  0.08493774  0.09884734  0.11203333
  0.08973422  0.14720346  0.1465604   0.17366465  0.18961292  0.21212267
  0.22679348  0.24543738  0.26508205  0.28212855  0.30384925  0.30684551
  0.26621703  0.33806747  0.35752353  0.37074633  0.39347493  0.43187258
  0.4407414   0.46367033  0.48652217  0.4744279   0.45939343  0.45752898
  0.45502238  0.44985264  0.44542374  0.44260057  0.46078664  0.43145181
  0.42998623  0.4210758   0.38736004  0.39860821  0.41231928  0.37902369
  0.38051592  0.37062109  0.36245923  0.38537942  0.33189736  0.34401041
  0.3360522   0.3299268   0.35611178  0.30702623  0.3114257   0.31339917
  0.28854591  0.27283433  0.25564363  0.23742891  0.25095881  0.20291238
  0.2003813   0.23306893  0.26324307  0.17643875  0.16979961  0.16312795
  0.15646262  0.15792833  0.14856276  0.145723    0.12010205  0.12394966
  0.11737099  0.10934584  0.10023721  0.10076859  0.09385765  0.09312007
  0.08393699  0.07370716  0.07319807  0.07100411  0.05916012  0.04856758
  0.02711824  0.0382931   0.03290026  0.02417814  0.01817466  0.01013804
  0.01191774 -0.01229199  0.03061844 -0.01868158 -0.02228875 -0.02067082
 -0.04971241 -0.0384254   0.03395236 -0.04609413 -0.0538901  -0.05726827
 -0.06178935 -0.0739532  -0.06602853 -0.08227263 -0.07130714 -0.08080039
 -0.09037836 -0.09996507 -0.10117105 -0.10066283 -0.10102212 -0.01056295
 -0.10176791 -0.10203674 -0.10399231 -0.10179797 -0.16080093 -0.09607807
 -0.10068765 -0.07918287 -0.07772863 -0.06568885 -0.06062123 -0.05517302
 -0.0543799  -0.0426948 ]
[-0.62886268 -0.62338842 -0.62293949 -0.60038157 -0.60109708 -0.5808755
 -0.5800333  -0.55614945 -0.54088164 -0.52038207 -0.50248083 -0.49377697
 -0.47291326 -0.46038448 -0.44036746 -0.42532497 -0.4076095  -0.39172404
 -0.38116187 -0.36155735 -0.34699977 -0.3210985  -0.3047467  -0.29193033
 -0.27387925 -0.25849474 -0.23590861 -0.20930387 -0.19689124 -0.16382772
 -0.15907029 -0.13993748 -0.11592344 -0.09547252 -0.09177705 -0.05195532
 -0.07397305 -0.05709423 -0.07126045 -0.06183519 -0.04130632 -0.01867825
  0.00355143  0.03903297  0.06553987  0.08493974  0.09884502  0.1120293
  0.12486685  0.14719505  0.14645216  0.1739278   0.18960319  0.21211082
  0.22678514  0.24542788  0.26507469  0.28211568  0.30383563  0.30682131
  0.32572728  0.33804964  0.35750432  0.37072524  0.39116315  0.41587348
  0.44071557  0.4636305   0.4865313   0.47440578  0.45936756  0.457505
  0.455007    0.44983131  0.44540168  0.44258092  0.4581391   0.43143254
  0.42983378  0.42106226  0.40433204  0.39858683  0.41238453  0.37899648
  0.38050976  0.37061262  0.36245043  0.35973835  0.33181613  0.34400564
  0.33604807  0.32992379  0.32706622  0.30699443  0.31143316  0.31344076
  0.28855249  0.27282627  0.25564448  0.23743651  0.25109829  0.20292836
  0.20040144  0.19369276  0.18488581  0.17647088  0.16983667  0.16315364
  0.15650496  0.15797629  0.14872912  0.14577303  0.13360151  0.12399247
  0.11744789  0.10940218  0.10029621  0.10083294  0.09392188  0.09318745
  0.08400782  0.07378064  0.07326979  0.0671825   0.05923875  0.04864895
  0.02715521  0.03837095  0.03297928  0.02425825  0.01825353  0.01021945
  0.01200194 -0.0122477  -0.01109968 -0.01859455 -0.02220255 -0.02055671
 -0.04966465 -0.03840296 -0.04754398 -0.04600467 -0.05386021 -0.05715859
 -0.0616935  -0.07387756 -0.06592267 -0.08223412 -0.07120318 -0.08072192
 -0.09029836 -0.0998899  -0.10109798 -0.10058022 -0.10095065 -0.09987001
 -0.10171856 -0.10197253 -0.10393461 -0.10174037 -0.09312375 -0.09602443
 -0.08921935 -0.07913298 -0.07768528 -0.06564554 -0.06058122 -0.05519687
 -0.0543435  -0.04257274]
[-0.62886272 -0.62338847 -0.62293953 -0.60038161 -0.60109711 -0.5808762
 -0.58003236 -0.5561495  -0.54088168 -0.52038213 -0.50248094 -0.49377701
 -0.47291332 -0.46038454 -0.44036751 -0.42532502 -0.40760955 -0.39172409
 -0.38116192 -0.3615574  -0.34699982 -0.32109855 -0.30474677 -0.29193039
 -0.2738793  -0.25849487 -0.23590867 -0.20930394 -0.19689131 -0.16382948
 -0.15907047 -0.13993756 -0.11592353 -0.0954726  -0.09177632 -0.05195754
 -0.07397313 -0.05709605 -0.07126054 -0.06183528 -0.04130642 -0.01867836
  0.00355132  0.03903287  0.06553977  0.08493965  0.09884495  0.11202924
  0.12486681  0.14719506  0.14645318  0.17392776  0.18960316  0.21211079
  0.22678512  0.24542786  0.26507451  0.28211569  0.30383566  0.3068216
  0.32572732  0.33804969  0.35750438  0.37072531  0.39116323  0.41587357
  0.44071568  0.46363083  0.48653036  0.47440588  0.45936767  0.4575051
  0.45500709  0.44983141  0.44540177  0.442581    0.45813769  0.43143261
  0.42983385  0.42106232  0.40433209  0.39858688  0.41238159  0.37899705
  0.3805098   0.37061266  0.36245047  0.35973839  0.33181856  0.34400568
  0.33604813  0.32992384  0.32706627  0.30699546  0.31143305  0.31343959
  0.28855251  0.27282628  0.25564448  0.23743651  0.25109426  0.20292831
  0.20040138  0.19369268  0.18488572  0.17647077  0.16983654  0.16315349
  0.1565048   0.15797608  0.14872894  0.14577284  0.13360131  0.12399227
  0.1174477   0.10940197  0.10029598  0.10083269  0.09392163  0.09318719
  0.08400754  0.07378035  0.07326949  0.0671822   0.05923844  0.04864863
  0.0271563   0.03837067  0.03297897  0.02425794  0.01825322  0.01021913
  0.01200161 -0.01224681 -0.01110001 -0.01859489 -0.02220287 -0.02055788
 -0.04966384 -0.03840331 -0.04754433 -0.04600501 -0.05386056 -0.05715895
 -0.06169382 -0.07387757 -0.06592301 -0.08223302 -0.07120418 -0.08072223
 -0.09029827 -0.09989019 -0.10109828 -0.10058049 -0.10095092 -0.09987027
 -0.10171881 -0.10197278 -0.10393483 -0.1017406  -0.09312397 -0.09602464
 -0.08921954 -0.07913317 -0.07768544 -0.0656457  -0.06058136 -0.05519701
 -0.05434363 -0.04257463]
[-5.11845569e-01 -5.40199392e-01 -5.32638420e-01 -5.12090496e-01
 -5.22807581e-01 -5.25832955e-01 -5.16210355e-01 -5.16471618e-01
 -4.61881564e-01 -4.70075799e-01 -4.85091938e-01 -4.84052319e-01
 -4.36850730e-01 -4.59483604e-01 -4.27020917e-01 -4.11355959e-01
 -3.85745546e-01 -3.81475245e-01 -3.71565094e-01 -3.32110662e-01
 -3.47141895e-01 -2.88133804e-01 -2.65886397e-01 -2.74958084e-01
 -2.15022900e-01 -1.58813071e-01 -1.41405990e-01 -8.60030190e-02
 -8.44554733e-02 -4.65459324e-02 -1.94395618e-02 -1.94578141e-02
  2.43430160e-02  3.80924486e-02  6.67466611e-02  8.23858927e-02
  9.32198143e-02  1.36176266e-01  1.69347916e-01  2.05338761e-01
  2.33335328e-01  2.68910833e-01  2.88660208e-01  3.12714781e-01
  3.14959868e-01  3.39757513e-01  3.60588321e-01  3.74003902e-01
  3.15322805e-01  3.94908817e-01  4.04737319e-01  3.93638307e-01
  3.99046220e-01  3.33762649e-01  3.81761553e-01  3.78405784e-01
  3.63648030e-01  3.54876249e-01  3.67543478e-01  3.51945017e-01
  3.19459510e-01  3.32527248e-01  3.26754562e-01  3.18586353e-01
  3.19367042e-01  3.24076200e-01  3.18920409e-01  2.98694957e-01
  2.76279812e-01  2.52988088e-01  2.72101999e-01  2.87171547e-01
  2.93744846e-01  2.81393187e-01  2.63750137e-01  2.59394880e-01
  2.38306151e-01  2.14939920e-01  2.29475789e-01  1.71808224e-01
  1.61794174e-01  1.34662760e-01  1.20039905e-01  1.00369981e-01
  6.45339526e-02  4.35415831e-02  2.29572019e-02  1.80734958e-03
 -1.78288918e-02 -3.94047994e-02 -7.87550903e-02 -9.61717324e-02
 -1.11004156e-01 -1.18467504e-01 -1.14237343e-01 -1.32517249e-01
 -1.29236486e-01 -1.36822580e-01 -1.44314114e-01 -1.55746638e-01
 -1.88218222e-01 -1.34754107e-01 -1.76992843e-01 -1.75297193e-01
 -1.77181526e-01 -1.87118137e-01 -1.95486797e-01 -2.07683589e-01
 -2.11163416e-01 -2.57550320e-01 -2.50963856e-01 -2.58123069e-01
 -2.49278201e-01 -2.35212490e-01 -2.24018424e-01 -2.24700315e-01
 -2.54154329e-01 -2.49793501e-01 -2.60050509e-01 -2.77360831e-01
 -2.80474882e-01 -3.09399525e-01 -2.98650304e-01 -2.99567311e-01
 -2.89463472e-01 -2.79047595e-01 -2.79999919e-01 -2.55716238e-01
 -2.64055356e-01 -2.65959719e-01 -2.76558164e-01 -2.64516627e-01
 -2.74719759e-01 -2.61241282e-01 -2.69401258e-01 -2.72372303e-01
 -2.58178216e-01 -2.54737143e-01 -2.47556842e-01 -2.52948742e-01
 -2.22177605e-01 -2.31609646e-01 -1.73505445e-01 -1.57456087e-01
 -1.35604257e-01 -1.06251172e-01 -7.88458536e-02 -4.42621220e-02
 -3.81616639e-04  8.15442745e-03  3.22992805e-02  3.67080519e-02
  4.05218597e-02  7.76368101e-03  1.18795366e-01  6.80085371e-02
  1.29608724e-01  1.03487860e-01  1.43569826e-01  1.67615321e-01
  1.65534903e-01  2.66161363e-01  2.57078357e-01  2.61481446e-01
  2.93253791e-01  3.34265622e-01  2.80163243e-01  2.75141575e-01
  2.99404808e-01  3.42622316e-01]
[-0.5790766  -0.56226947 -0.55187692 -0.56702612 -0.56529551 -0.57342052
 -0.54994275 -0.50432702 -0.56169123 -0.5547327  -0.54189001 -0.52092169
 -0.49960398]
[ 1.18734797  1.17802406  1.12812183  1.15987584  1.17669617  1.19298475
  1.18752207  1.18565133  1.1822884   1.19684024  1.1733724   1.1686912
  1.18061276  1.16374187  1.17437233  1.16789715  1.1444578   1.11919363
  1.09737104  1.0824886   1.05929667  1.03315788  1.0006182   0.97224233
  0.93602573  0.89546871  0.87435986  0.84545995  0.81005821  0.7802695
  0.73885312  0.69784725  0.65239587  0.63271798  0.6063441   0.55880191
  0.52225165  0.48487479  0.44762077  0.37918192  0.3803253   0.35256085
  0.31630026  0.28403563  0.25422304  0.20923718  0.19002846  0.13295334
  0.06091989  0.06354538  0.02234316 -0.0225517  -0.06266861 -0.10296346
 -0.13568078 -0.17149657 -0.21296944 -0.24862824 -0.29016403 -0.31916251
 -0.36421089 -0.41971611 -0.50802831 -0.48334226 -0.53461951 -0.57817682
 -0.62264233 -0.66510211 -0.70664225 -0.74467839 -0.78638288 -0.83205688
 -0.86868621 -0.91725455 -0.95792719 -0.98933951 -1.03441817 -1.07440999
 -1.11374783 -1.1638352  -1.19351835 -1.22865076 -1.28025428 -1.30676008
 -1.41317382 -1.36710998 -1.39740816 -1.42679671 -1.46769945 -1.49938457
 -1.52440334 -1.53823617 -1.57589103 -1.58404426 -1.62686023 -1.65065606
 -1.68145682 -1.68674271 -1.71808229 -1.72937715 -1.75984459 -1.7449337
 -1.77196427 -1.78260181 -1.78398588 -1.76632026 -1.76992116 -1.74170258
 -1.72608196 -1.76714091 -1.68774917 -1.66555943 -1.62959681 -1.59906266
 -1.56913949 -1.52608887 -1.48821067 -1.45934935 -1.3888091  -1.34773187
 -1.29844796 -1.27812215 -1.19258658 -1.14236274 -1.09670705 -1.05488121
 -1.01194277 -0.98294251 -0.92499529 -0.87158436 -0.82165784 -0.77935952
 -0.71382127 -0.67671107 -0.62559437 -0.5673043  -0.52734273 -0.47727612
 -0.42081831 -0.37497941 -0.33817986 -0.28358617 -0.2390771  -0.17899811
 -0.1242682  -0.07792345 -0.02737516  0.01808701  0.06786471  0.11953811
  0.17265203  0.21888417  0.23811219  0.30766844  0.34390524  0.42282668
  0.41272473  0.45006628  0.48262677  0.51240837  0.55138923  0.60628856
  0.64495656  0.66659506  0.70375712  0.76399957  0.75064014  0.77774875
  0.80871648  0.80518543]
[-0.979962   -0.97371045 -0.94699254 -0.94855166 -0.9190196  -0.90755226
 -0.88237928 -0.85590939 -0.851954   -0.83792303 -0.8248905  -0.79672201
 -0.77429258]
[-0.56070309 -0.57413271 -0.55161949 -0.56728956 -0.56811505 -0.55819772
 -0.58250153 -0.58808603 -0.53732059 -0.53066696 -0.53096885 -0.53248584
 -0.52407582 -0.52239078 -0.51541402 -0.50923038 -0.5016148  -0.49452042
 -0.49359759 -0.4844435  -0.47746472 -0.46716068 -0.46007647 -0.45282119
 -0.44725527 -0.43847656 -0.43427704 -0.42625523 -0.42821412 -0.41843824
 -0.422597   -0.41794792 -0.39901638 -0.37415838 -0.36052664 -0.33052174
 -0.32386535 -0.30130164 -0.28961821 -0.27432578 -0.24636658 -0.21753412
 -0.18860206 -0.13505712 -0.12093463 -0.0887696  -0.06356319 -0.03839645
 -0.01683284  0.01732832  0.03540196  0.06664738  0.09551295  0.12784754
  0.14999465  0.17893814  0.2086784   0.23350069  0.26878021  0.28444218
  0.3149602   0.34004763  0.37063294  0.3955664   0.42603368  0.44577759
  0.48986307  0.52971682  0.55324523  0.56960766  0.57302945  0.58630903
  0.59252074  0.67681954  0.63005224  0.64215476  0.66012048  0.65639908
  0.67108645  0.67143038  0.67505684  0.68256216  0.71480953  0.69000639
  0.63262     0.70109951  0.7109696   0.7213619   0.74269676  0.73238787
  0.7381126   0.74527134  0.75576164  0.74870381  0.74987551  0.77449534
  0.77214865  0.77362861  0.76669532  0.76094001  0.77294865  0.71700083
  0.65995513  0.6822326   0.66005289  0.63716776  0.61334732  0.60774357
  0.57053318  0.54811099  0.52392146  0.50280734  0.47958526  0.46558072
  0.40647961  0.43476439  0.43576637  0.43945142  0.44651524  0.44749637
  0.44477975  0.43104543  0.41689403  0.39569417  0.37638234  0.35513691
  0.32661043  0.32067547  0.30165148  0.28134326  0.26399688  0.23646413
  0.2151007   0.19302605  0.1779668   0.15381614  0.13511453  0.1198221
  0.09072409  0.07895569  0.06061883  0.04357984  0.02160021 -0.02310037
 -0.02232965 -0.03293113 -0.04224647 -0.06550753 -0.12270139 -0.09016239
 -0.13161974]
[-0.48165609 -0.44576508 -0.40759107 -0.45804505 -0.51017394 -0.55915258
 -0.51642835 -0.51508036 -0.60964467 -0.60800082 -0.56249219 -0.51846177
 -0.46864659 -0.40969786 -0.37032014 -0.41062147 -0.35105103 -0.39792714
 -0.45651797 -0.47571522 -0.47269588 -0.41641006 -0.36077065 -0.3056259
 -0.24935755 -0.19109575 -0.13358004 -0.07446919 -0.01891543  0.04075515
  0.0979795   0.15623145  0.13084148  0.19370816  0.19577762  0.17356347
  0.23349428  0.21227201  0.19304603  0.16874519  0.23492351  0.30138536
  0.28203801  0.35402366  0.42171864  0.40868571  0.41275077  0.4901134
  0.5453643   0.53529104  0.60089796  0.59280931  0.58163872  0.57377253
  0.56702943  0.56201595  0.62311007  0.6330112   0.70097786  0.69976554
  0.69832929  0.69611653  0.69853631  0.70001944  0.70397367  0.70569499
  0.71638316  0.7256682   0.73335473  0.74154603  0.80676983  0.80940102
  0.81681874  0.82774321  0.85283784  0.8497742   0.85845288  0.79903574
  0.73685509  0.67277137]
[-0.47592395 -0.50492675 -0.50125039 -0.48408686 -0.49419937 -0.50415842
 -0.49000131 -0.49581256 -0.46041623 -0.45777239 -0.4713023  -0.4742933
 -0.44266034 -0.45279314 -0.42612711 -0.40289661 -0.39318189 -0.39219817
 -0.38705488 -0.35050604 -0.35800639 -0.31158643 -0.29178531 -0.29113594
 -0.24520184 -0.19790729 -0.18456983 -0.14000421 -0.12942263 -0.09698222
 -0.08052586 -0.07422158 -0.03317463 -0.02433538  0.00762782  0.02256207
  0.03377522  0.06809302  0.09993304  0.1352974   0.16217996  0.19421453
  0.21037865  0.23923922  0.24037599  0.26158156  0.28078028  0.29604456
  0.26358343  0.31771882  0.32800593  0.32413774  0.32498457  0.28832255
  0.31055323  0.30378587  0.29648371  0.28945794  0.30159536  0.28951416
  0.26634041  0.27202209  0.27118017  0.26877069  0.270546    0.27720664
  0.27472033  0.25705363  0.23707336  0.2143105   0.23249294  0.24587497
  0.24864473  0.23625934  0.21689219  0.20909415  0.1909783   0.16630358
  0.16787617  0.13333895  0.11928761  0.08979781  0.07324371  0.05928573
  0.02285739  0.00549457 -0.01343494 -0.03416112 -0.052512   -0.07090107
 -0.10690802 -0.12135632 -0.13268999 -0.14082916 -0.14453602 -0.14808048
 -0.15359032 -0.14815144 -0.1558711  -0.1633175  -0.18163975 -0.15845015
 -0.1833574  -0.17512255 -0.18392608 -0.1912256  -0.19574762 -0.20749041
 -0.22474518 -0.24853708 -0.23787631 -0.24331103 -0.22977377 -0.21606386
 -0.19936774 -0.19329657 -0.20987685 -0.21449533 -0.2206038  -0.23096889
 -0.2350066  -0.25595791 -0.24785431 -0.24902097 -0.23290194 -0.21716427
 -0.22126849 -0.20370453 -0.20706881 -0.20051338 -0.2068079  -0.20374851
 -0.20882911 -0.1994575  -0.2044434  -0.20823746 -0.20305163 -0.19198018
 -0.18357388 -0.19039604 -0.1621768  -0.17296149 -0.13017559 -0.10423296
 -0.08442288 -0.05774355 -0.03327796 -0.00160737  0.0308101   0.04653846
  0.06902141  0.06997923  0.07321253  0.04871081  0.12501094  0.098026
  0.13291695  0.1304644   0.16136901  0.18796926  0.20430547  0.25651711
  0.2552684   0.26512432  0.291468    0.30731574  0.27477132  0.26914227
  0.29124459  0.31948661]
[-0.48164933 -0.44563493 -0.40746726 -0.45791466 -0.51004167 -0.55901931
 -0.51630683 -0.51496508 -0.6095157  -0.60787768 -0.56238048 -0.51836148
 -0.46856418 -0.40962743 -0.37026846 -0.41056819 -0.35685772 -0.39787201
 -0.45646163 -0.47565723 -0.47264243 -0.41551944 -0.36074103 -0.30561367
 -0.24935773 -0.19110662 -0.13204116 -0.07180908 -0.01895993  0.04034763
  0.09791382  0.15614923  0.13075926  0.19361304  0.19568164  0.16840456
  0.2341355   0.21367764  0.18891584  0.16863726  0.23480624  0.30125567
  0.28132281  0.35622452  0.42157038  0.40854498  0.41260763  0.49153787
  0.54520282  0.53513327  0.60072965  0.5926412   0.58147495  0.57360871
  0.5668704   0.56186135  0.62646035  0.63242422  0.69903246  0.69960313
  0.69816342  0.69595125  0.69838342  0.69986691  0.70382581  0.7055478
  0.71624212  0.72553101  0.73322275  0.74142265  0.80592389  0.80926938
  0.81669368  0.82762584  0.85272141  0.84936266  0.85834259  0.79895079
  0.73678182  0.67249047]
[ 1.18770746  1.17833175  1.12834023  1.1599478   1.17665603  1.19248818
  1.18749552  1.18551585  1.18204792  1.19652164  1.17312317  1.16842743
  1.18024692  1.16327349  1.17376711  1.16720073  1.14362931  1.11830323
  1.0964223   1.08148369  1.05824663  1.03207076  0.99941491  0.97025869
  0.93486873  0.89430287  0.87308425  0.84416311  0.80866738  0.77887356
  0.73746399  0.69654606  0.65213094  0.63133162  0.60489854  0.55748118
  0.52083733  0.4834777   0.44624518  0.37778064  0.37885702  0.35109655
  0.31489657  0.28261582  0.25280099  0.20776233  0.18787429  0.13138161
  0.05956555  0.06222505  0.02108298 -0.02387899 -0.06393593 -0.10426645
 -0.13693835 -0.17270164 -0.21420754 -0.24983782 -0.29140673 -0.32030722
 -0.36666977 -0.42070339 -0.50906862 -0.48433427 -0.53562562 -0.57822885
 -0.62344112 -0.6659383  -0.70756989 -0.74544961 -0.7870435  -0.83274304
 -0.86926994 -0.91783868 -0.95854738 -0.98984561 -1.03498499 -1.07482891
 -1.11403941 -1.16410015 -1.19384339 -1.22884107 -1.28028314 -1.30608399
 -1.41330556 -1.36723654 -1.39759105 -1.42684615 -1.46777077 -1.49927583
 -1.52449852 -1.53731042 -1.57589121 -1.58411292 -1.62681891 -1.65060659
 -1.68126569 -1.68651283 -1.71723878 -1.72902828 -1.75950917 -1.74492035
 -1.77164711 -1.78233161 -1.78359183 -1.76603479 -1.77041663 -1.74141187
 -1.72613359 -1.76672568 -1.68725536 -1.66476671 -1.62898199 -1.59825943
 -1.56827176 -1.52519228 -1.48736796 -1.45845056 -1.38702138 -1.34687767
 -1.2975834  -1.27726101 -1.19281253 -1.14155888 -1.09576091 -1.05399125
 -1.0110266  -0.98184414 -0.92410994 -0.87069797 -0.82063499 -0.77838889
 -0.71288274 -0.67581383 -0.62469194 -0.56632952 -0.52636526 -0.47629611
 -0.41984692 -0.37485986 -0.3372499  -0.28250936 -0.23809292 -0.17808058
 -0.12416931 -0.07714598 -0.02665726  0.01882088  0.06859565  0.12020643
  0.17325374  0.21943886  0.23868359  0.30826612  0.34448432  0.42335085
  0.41327987  0.4512573   0.48320115  0.51315025  0.55367476  0.60703591
  0.64554797  0.66724566  0.70424787  0.76232294  0.75201493  0.77817573
  0.80919204  0.80552748]
[-0.47787051 -0.50651037 -0.50313395 -0.48557349 -0.49541546 -0.50556005
 -0.4917383  -0.49776364 -0.4627735  -0.46032926 -0.47402963 -0.47672044
 -0.44554325 -0.45584761 -0.42956602 -0.40672159 -0.39724136 -0.39652985
 -0.39170648 -0.35539008 -0.36291213 -0.3164167  -0.29639071 -0.29579247
 -0.24978102 -0.20279177 -0.18917755 -0.14455044 -0.13372947 -0.10101716
 -0.08420139 -0.07771577 -0.03666814 -0.02765746  0.00462283  0.01983768
  0.03116076  0.06574032  0.09763631  0.13319247  0.1603735   0.19228464
  0.2084103   0.23719921  0.23840009  0.25926363  0.27844028  0.29370391
  0.26157016  0.31552811  0.32577187  0.32201694  0.32333922  0.28706694
  0.30929142  0.30304779  0.29596012  0.28937686  0.30148262  0.28978108
  0.26676734  0.27243648  0.27161968  0.26885124  0.27071084  0.27705559
  0.27394583  0.25618416  0.23633007  0.21338     0.23135288  0.24420831
  0.24676163  0.23433136  0.21491422  0.20664861  0.18821584  0.16363391
  0.16508391  0.13035177  0.11595024  0.08619091  0.06893607  0.05496439
  0.01833933  0.00060926 -0.01831065 -0.03896042 -0.05727311 -0.07567932
 -0.11152597 -0.1259631  -0.1372912  -0.14542584 -0.14958193 -0.15313035
 -0.158646   -0.15309818 -0.16064159 -0.16802156 -0.18608242 -0.16271889
 -0.18712781 -0.17853352 -0.18728697 -0.19413636 -0.19860684 -0.209855
 -0.22698427 -0.25029313 -0.23923298 -0.2441873  -0.23035911 -0.21651939
 -0.19960618 -0.19335126 -0.2095721  -0.21392351 -0.21964859 -0.22975418
 -0.23338764 -0.25398318 -0.24568145 -0.24658896 -0.23027234 -0.21423211
 -0.2179681  -0.20023214 -0.20331275 -0.19648769 -0.20232354 -0.19913039
 -0.20393923 -0.19433454 -0.19900566 -0.2024907  -0.19710071 -0.18594732
 -0.17785215 -0.1848547  -0.15692525 -0.16783748 -0.12548262 -0.10003298
 -0.08067801 -0.05450684 -0.03064948  0.00052175  0.0324867   0.04784323
  0.06982227  0.07049809  0.07333023  0.04867365  0.12429063  0.09712197
  0.13157732  0.12885242  0.15936659  0.18551584  0.20140101  0.25273353
  0.25157199  0.26104584  0.28692686  0.30230829  0.27009106  0.26416067
  0.28580496  0.31400794]
[-0.47040677 -0.4358036  -0.39912162 -0.44920903 -0.50138289 -0.55047235
 -0.51006073 -0.51001648 -0.6035407  -0.60373886 -0.56056223 -0.51880474
 -0.47194423 -0.41620539 -0.38053771 -0.42210989 -0.36939293 -0.41296953
 -0.47105124 -0.49142596 -0.48953976 -0.4355678  -0.38273132 -0.32982092
 -0.27576669 -0.21958688 -0.16322503 -0.10556755 -0.0530598   0.00424938
  0.05975033  0.11600741  0.09095389  0.15107234  0.15266756  0.12737171
  0.18875842  0.16801077  0.14650615  0.12600053  0.19205099  0.25881405
  0.2406923   0.31409485  0.38033612  0.36855729  0.37426488  0.45215204
  0.50616027  0.49740697  0.56330003  0.55651748  0.54679117  0.5400214
  0.53466514  0.5302702   0.59344511  0.60181463  0.6683961   0.66896557
  0.6689102   0.66740621  0.67048436  0.67264165  0.67778435  0.68023551
  0.69146612  0.70121897  0.7089092   0.71723911  0.78114418  0.78453263
  0.79147504  0.80313879  0.82849081  0.82584143  0.83557789  0.77808319
  0.71849449  0.65694275]
[-0.35179786 -0.37508463 -0.39329209 -0.39192496 -0.41710194 -0.43573263
 -0.45162931 -0.4730243  -0.45550161 -0.45377779 -0.4542911  -0.45681054
 -0.4386361  -0.44265459 -0.42597086 -0.41706575 -0.40787368 -0.4088056
 -0.40872731 -0.39025073 -0.40054231 -0.3812589  -0.37746582 -0.3703397
 -0.3443251  -0.31312035 -0.30104623 -0.27310513 -0.27273664 -0.24850221
 -0.24441081 -0.23785237 -0.20819101 -0.20477035 -0.19370553 -0.18177186
 -0.18690508 -0.16755207 -0.1596543  -0.1435937  -0.13708153 -0.12345757
 -0.11294208 -0.09228604 -0.09556469 -0.082025   -0.08708459 -0.08559178
 -0.11193581 -0.09612767 -0.09919101 -0.11039324 -0.11670794 -0.11921528
 -0.10215782 -0.09814749 -0.09363567 -0.0892493  -0.07676513 -0.08546387
 -0.08731051 -0.08381409 -0.08131828 -0.06521116 -0.04489537 -0.01534026
  0.01188574  0.03110093  0.04188816  0.03525346  0.05435843  0.07611757
  0.0925393   0.09383953  0.09781307  0.10942702  0.11470808  0.11211395
  0.12816093  0.11864668  0.12323821  0.12399621  0.13673372  0.14046757
  0.12583812  0.1282128   0.13513587  0.14376636  0.14118471  0.15834831
  0.15490161  0.15505169  0.14613958  0.13367775  0.13050994  0.12749426
  0.11170021  0.10398267  0.10135651  0.09908674  0.09372302  0.11155421
  0.11120853  0.1148884   0.10373628  0.08148314  0.05398688  0.0336202
  0.00515152 -0.03046012 -0.04012223 -0.05048883 -0.05911222 -0.06104772
 -0.06652333 -0.07734542 -0.10555312 -0.11923797 -0.13558263 -0.15835952
 -0.17953079 -0.2035087  -0.21676499 -0.24242855 -0.24697826 -0.25869575
 -0.28234252 -0.28730744 -0.30873212 -0.32432899 -0.3473173  -0.36347348
 -0.38197485 -0.39602085 -0.41276878 -0.41375353 -0.40084632 -0.37780473
 -0.36269212 -0.34649766 -0.31754114 -0.30440101 -0.26805363 -0.24480776
 -0.21244061 -0.18424523 -0.15874098 -0.12953189 -0.09901367 -0.08169222
 -0.04925559 -0.03333884 -0.02569377 -0.02508267  0.02547989  0.02485442
  0.05464907  0.06624444  0.09945772  0.13149341  0.16589725  0.20952217
  0.22385645  0.23451832  0.2449393   0.25427847  0.24860071  0.26118794
  0.28646911  0.31773302]
