[ 0.65022509  1.33476171  1.23643047  1.03501874  0.82665552  0.70790864
  0.49293955  0.3325434  -0.12305981 -0.26972759 -0.38544555 -0.40747367
 -0.07564082 -0.15414455]
[-0.2489901  -0.31277846 -0.27338539 -0.33607124 -0.29554062 -0.18786248
 -0.2127977  -0.24426005 -0.22191894 -0.28650952 -0.11301037 -0.21327598
  0.02765083 -0.25328405 -0.23483544 -0.32956871 -0.25976644 -0.23014999
 -0.08153705 -0.21581302 -0.21410221 -0.14870973 -0.23061608 -0.28083082
 -0.3298489  -0.28608438 -0.24617753 -0.25617607 -0.18905942 -0.18262282]
[-0.24892053 -0.31261141 -0.27159093 -0.33596488 -0.29499884 -0.18857331
 -0.21274904 -0.24422829 -0.2219253  -0.28643494 -0.113048   -0.21329992
  0.02766235 -0.25369554 -0.23484531 -0.32959699 -0.25978352 -0.23006872
 -0.08155686 -0.2158106  -0.21395915 -0.14878924 -0.23076942 -0.28037242
 -0.32984768 -0.28601578 -0.24612378 -0.25587593 -0.18806902 -0.18262003]
[-0.24899024 -0.31277856 -0.27172502 -0.33606924 -0.29554055 -0.18839663
 -0.21279778 -0.24426013 -0.22191899 -0.28650953 -0.11301034 -0.21327593
  0.02764988 -0.25328415 -0.23483556 -0.32956861 -0.25976639 -0.23014995
 -0.08153667 -0.21581307 -0.21410224 -0.14870974 -0.23061604 -0.28083078
 -0.32984881 -0.28608437 -0.24617746 -0.25587604 -0.18769318 -0.18262278]
[-0.07851399 -0.12955898  0.07794492 -0.39981059 -0.20842487 -0.29356295
 -0.1009144  -0.32339653 -0.40615703 -0.23734437 -0.59463301 -0.35161125
 -0.68389654 -0.57282142 -0.68896848 -0.61065411 -0.66410607 -0.6906283
 -0.65146615  0.56946438  0.42663696  0.12001764  0.1361019   0.09436713
 -0.08276423 -0.5763045  -0.05858077 -0.58598082  0.09244513  0.28895532]
[-0.24898663 -0.31277322 -0.27171827 -0.33606669 -0.29553936 -0.18839805
 -0.21279882 -0.24426147 -0.22192071 -0.2865067  -0.1130099  -0.21327302
  0.02764819 -0.25328557 -0.23483852 -0.32957275 -0.25976985 -0.23015334
 -0.08154048 -0.21581476 -0.21410508 -0.14871457 -0.23062027 -0.28083272
 -0.32985064 -0.28608515 -0.24617918 -0.2558797  -0.18769556 -0.18262527]
[ 0.66089805  0.9780196   0.86674027  0.66126585  0.52383584  0.3563171
  0.37733466  0.23896768 -0.01187828  0.01984072 -0.25485422 -0.0955377
 -0.05477906 -0.13979207]
[ 0.66129283  0.97807473  0.86663672  0.66077054  0.52332285  0.35447671
  0.37839687  0.24078255 -0.01012768  0.02136194 -0.25409259 -0.0952429
 -0.0549254  -0.13995606]
[-0.07865305 -0.07879164  0.07782332 -0.2782531  -0.20841378 -0.29353677
 -0.10089704 -0.32331581 -0.40606226 -0.23726257 -0.59450377 -0.3515165
 -0.68377108 -0.57276386 -0.68894909 -0.61070344 -0.66379334 -0.69033621
 -0.65119059  0.56952632  0.42670582  0.12010183  0.13615406  0.09436956
 -0.08281451 -0.57634279 -0.05868384 -0.58604031  0.0925146   0.28891069]
[-0.24842811 -0.31026995 -0.26603555 -0.33147923 -0.29134114 -0.18774907
 -0.20960988 -0.24159313 -0.2203906  -0.28333077 -0.11284448 -0.21253011
  0.02567643 -0.25567508 -0.23087926 -0.3263294  -0.25672843 -0.22767315
 -0.08046348 -0.21457233 -0.21320957 -0.15027073 -0.2325252  -0.28164226
 -0.33088279 -0.2872916  -0.24301132 -0.25410096 -0.1863949  -0.18121528]
[-0.08055523 -0.13172111  0.0758599  -0.39795805 -0.20865913 -0.29118977
 -0.10133855 -0.3233531  -0.40709615 -0.23915402 -0.59456579 -0.35256903
 -0.68338076 -0.57363479 -0.68668514 -0.61059894 -0.66385338 -0.69023952
 -0.65108701  0.56730799  0.42297664  0.11756562  0.13366956  0.09929491
 -0.07874672 -0.57457315 -0.05640295 -0.58468211  0.09133854  0.28472258]
[ 0.77091663  1.47369973  1.36992093  1.10936025  0.89888158  0.78176409
  0.56365601  0.36908137 -0.14545258 -0.2724542  -0.42853097 -0.43083665
 -0.15811046 -0.22353681]
[ 0.40256657  0.19830911  0.80451992  0.51652673  0.52632624  0.40668471
  0.30317762  0.09333239 -0.06180792 -0.09883826 -0.4474192  -0.48169347
 -0.7922207  -0.78985493  0.60289927  0.44312209  0.3569371   0.12416371
 -0.02019571  0.41095707  0.22609401 -0.1386602  -0.27627254 -0.41497295
 -0.52809184 -0.84115315  0.43625985  0.41271796  0.43211237  0.58520936]
[-0.50458  -0.75129   1.3927    1.2755    0.82773   0.82958   0.41654
  0.067551 -0.44656  -0.57647  -0.66723  -1.0373   -1.0432   -1.0461
 -0.95477   1.1955    0.73945   0.025078 -1.0319   -0.95007  -1.0112
 -0.97582   0.94022   0.66888   0.66105   0.75409   0.55622   0.25897
 -0.76113  -1.0116   -0.99887  -1.0643    0.051912  0.38916   0.29499
 -0.20795  -1.0744   -1.08     -0.62285  -0.2789    0.11557  -0.50913
 -0.75379  -0.53717  -0.91096  -1.0242   -1.0988   -1.0813   -0.91768
 -1.0954  ]
[-0.017609  0.007202  0.21275  -0.30542  -0.58454  -0.58355  -0.82738
 -0.80215  -0.83412  -0.18199  -0.53334  -0.66137  -0.50121  -0.84154
 -0.86205  -0.73488  -0.62825  -0.72649  -0.62823  -0.64274  -0.63149
 -0.65287  -0.48529  -0.56946  -0.60697  -0.4441   -0.88435 ]
