[-0.63057185 -0.65093444 -0.68960226 -0.74577543 -0.80419381 -0.84686963
 -0.87702824 -0.90008526 -0.91752    -0.92976099 -0.9416744  -0.95053059
 -0.95610547 -0.96533645 -0.97367612 -0.9792468  -0.98676163 -0.99540138
 -0.99841307 -1.00026554 -1.00717956 -1.01459702 -1.02285998 -1.03362317
 -1.03787414 -1.0339261  -1.02850426 -1.02875486 -1.03534215 -1.03794625
 -1.02479012 -1.00434477 -0.98675108 -0.96254943 -0.93202381 -0.89622838
 -0.85278465 -0.80470399 -0.74844283 -0.69330291 -0.64982503 -0.60783612
 -0.56781092 -0.53035857 -0.49396275 -0.46948247 -0.44622249 -0.40164253
 -0.3448599  -0.28207768 -0.1993079  -0.10831377 -0.01598571  0.08189517
  0.17435928  0.26475163  0.3567429   0.43908299  0.50254121  0.55655452
  0.59697339  0.63480495  0.68372951  0.73188754  0.78002017  0.81404995
  0.85146625  0.89928789  0.92423541  0.94954401  0.95864617  0.92343841
  0.90337157  0.89868216  0.86900767  0.82887499  0.79263251  0.75789147
  0.72688572  0.72756444  0.7409422   0.72066044  0.67951621  0.64653904
  0.64051957  0.64306504  0.64005576  0.65211571  0.65654988  0.64446371
  0.62671321  0.59739896  0.55844571  0.51403354  0.47561518  0.43728195
  0.39652307  0.3572764   0.3279532   0.29761194  0.26757093  0.25521233
  0.25349101  0.263456    0.282107    0.30154519  0.32194625  0.35715515
  0.38838625  0.43560229  0.49969654  0.55218582  0.60205872  0.64602508
  0.67461104  0.70234318  0.74511227  0.77965846  0.79412513  0.79448235
  0.78145755  0.75197937  0.7161476   0.67470877  0.61983442  0.55022656
  0.4823089   0.43177604  0.39638685  0.35927645  0.32358653  0.29957493
  0.28052462  0.26435064  0.26317622  0.2750408   0.29653281  0.33374359
  0.38089878  0.44229106  0.5042061   0.57506699  0.66860656  0.75250952
  0.79755309  0.84988511  0.91504799  0.93354147  0.93153671  0.95744597
  0.9963727   1.0120873   0.99147582  0.95882919  0.92632485  0.90340655
  0.87937115  0.83094986  0.77608048  0.7237295   0.67150205  0.61630229
  0.56490368  0.51394882  0.44947446  0.3735149   0.29309087  0.20401913
  0.10558752  0.00200058 -0.09142161 -0.16871872 -0.24474913 -0.30970028
 -0.34746686 -0.36498847 -0.35915271 -0.3254907  -0.29373473 -0.28397778
 -0.259557   -0.21685151 -0.18711821 -0.16922409 -0.15344677 -0.13780476
 -0.11428991 -0.08399228 -0.04936474  0.01834328  0.11204683  0.20480423
  0.30235681  0.40758755  0.53376958  0.66058802  0.76731521  0.88646073
  1.02721967  1.16248654  1.2708205   1.37315029  1.46431374  1.53454733
  1.5852313   1.61952742  1.63757421  1.65472109  1.66515868  1.64251683
  1.58551802  1.53447689  1.52020687  1.5134981   1.54537326  1.59488868
  1.56791714  1.50120962  1.46095377  1.39864814  1.30347979  1.19098026
  1.0698982   0.97559507  0.94698255  0.94700248  0.99988135  1.08692852
  1.07416485  1.04201183  1.00953611  0.91722198  0.75302762  0.52084055
  0.25446898  0.00741943 -0.20449794 -0.39885113 -0.57953883 -0.73681751
 -0.86828528 -0.97932043 -1.07047203 -1.14095127 -1.19214853 -1.22548121
 -1.24549455 -1.26169292 -1.28195099 -1.30521713 -1.33755735 -1.3829687
 -1.43919889 -1.5037017  -1.57504754 -1.64040725 -1.69366724 -1.7346314
 -1.76325964 -1.78329798 -1.79701155 -1.8070188  -1.81460163 -1.82096471
 -1.82577043 -1.83009897 -1.83412968 -1.83755739]
[-0.85770865 -0.91216786 -0.9067573  -0.90562741 -0.89428619 -0.88501375
 -0.89450887 -0.91628696 -0.95457783 -0.97824743 -0.98851706 -0.99092609
 -0.98264848 -0.99824703 -1.00623675 -1.02389575 -1.04725978 -1.06949135
 -1.07913813 -1.07098854 -1.05596105 -1.0502327  -1.05927209 -1.06892611
 -1.05372758 -1.05133525 -1.04597213 -1.04088699 -1.02794741 -1.00587849
 -0.97558763 -0.93160985 -0.87985746 -0.82363533 -0.76225913 -0.68966381
 -0.60150357 -0.51827403 -0.4680745  -0.46265201 -0.46656473 -0.47210479
 -0.46465965 -0.44936769 -0.42551473 -0.3764019  -0.30625284 -0.20781415
 -0.08395823  0.04067806  0.18247853  0.29935622  0.38163697  0.45102184
  0.47167107  0.50022162  0.5406703   0.58584753  0.62093769  0.65713457
  0.69592499  0.75084768  0.80656285  0.84214482  0.8629799   0.87170121
  0.84758336  0.79656438  0.75016767  0.6945086   0.63891863  0.61850292
  0.6255606   0.66949258  0.7274878   0.73534841  0.69883912  0.64708275
  0.59907397  0.57704623  0.57604973  0.58955898  0.62676654  0.68462628
  0.73401742  0.72556992  0.6954293   0.64819627  0.61445885  0.58128671
  0.54617189  0.5163761   0.47471171  0.40425552  0.31810047  0.25529713
  0.22897088  0.22617776  0.23551212  0.2379843   0.22335056  0.21446073
  0.24632298  0.32445938  0.42685812  0.53627228  0.56650014  0.61022837
  0.66111396  0.71546765  0.77227179  0.82667186  0.86876519  0.90869047
  0.92763486  0.9298694   0.94527119  0.95949053  0.93376758  0.84000936
  0.72053431  0.62101478  0.54810729  0.47594793  0.39454498  0.33860471
  0.31599973  0.28865534  0.26154439  0.24341046  0.22717586  0.2158865
  0.21116342  0.24495317  0.30365233  0.38287789  0.48230076  0.60280168
  0.71655732  0.79407585  0.84885217  0.88232462  0.85066876  0.85276637
  0.91490847  0.9347235   0.93815559  0.93212492  0.93645686  0.92730899
  0.89714774  0.8412617   0.75907947  0.68005467  0.62750073  0.59022862
  0.5708738   0.55823345  0.54091905  0.50556674  0.47895437  0.43156355
  0.31984235  0.21437378  0.09345933 -0.03140681 -0.15440822 -0.25310393
 -0.3202913  -0.34652768 -0.34302258 -0.31529236 -0.32928884 -0.32891935
 -0.29270831 -0.19003541 -0.10043397 -0.06368903 -0.04552346 -0.06026038
 -0.10825208 -0.16291085 -0.18622053 -0.15905511 -0.06589408  0.03544181
  0.14248678  0.25904464  0.32238961  0.36007988  0.45318673  0.56053483
  0.68831548  0.86149198  1.00903922  1.13289363  1.24408369  1.35409885
  1.45989272  1.54333351  1.61259476  1.63398294  1.6130624   1.56259514
  1.47296483  1.42278595  1.346247    1.32467849  1.3795467   1.48689315
  1.55668975  1.63707591  1.75196845  1.87130297  1.85437683  1.67291673
  1.40693228  1.1822512   1.03878391  0.94974142  0.96771445  1.07121834
  1.19435838  1.31119548  1.48994913  1.66839523  1.67735134  1.44775461
  1.03146292  0.57858485  0.22695824 -0.07357657 -0.32398962 -0.54763293
 -0.73741459 -0.89127633 -1.02768788 -1.13241766 -1.21001791 -1.25805202
 -1.28453614 -1.2943493  -1.29736837 -1.29350552 -1.29653931 -1.33974979
 -1.35622284 -1.41468738 -1.48659981 -1.56218078 -1.62583788 -1.67742947
 -1.71418283 -1.7393738  -1.75710147 -1.76954501 -1.77874564 -1.78581804
 -1.79127691 -1.79606936 -1.80086152 -1.80492553 -1.80791512 -1.81044811
 -1.81284188 -1.82065485 -1.81788083 -1.82086323 -1.8235828  -1.82590691]
[-0.85771194 -0.91216967 -0.90676936 -0.90562703 -0.89428506 -0.88495224
 -0.89450934 -0.91628827 -0.95447521 -0.97824848 -0.98851772 -0.9909266
 -0.98264903 -0.99824801 -1.00623376 -1.02389784 -1.04726215 -1.06942828
 -1.07913416 -1.07098858 -1.05596087 -1.05023345 -1.05924597 -1.06892682
 -1.05372746 -1.05132618 -1.04592845 -1.04088694 -1.02794677 -1.005882
 -0.97558595 -0.93160721 -0.87985225 -0.82359634 -0.76225465 -0.68965804
 -0.60149655 -0.51826782 -0.46807049 -0.4626498  -0.46656356 -0.4721035
 -0.46465836 -0.44936667 -0.42551273 -0.376399   -0.30625173 -0.20780849
 -0.08395106  0.04068577  0.18248616  0.29936286  0.3816406   0.45102399
  0.47167191  0.50033096  0.54067189  0.58592564  0.62093761  0.65707363
  0.69592522  0.75084864  0.80656349  0.84214413  0.86297807  0.87169683
  0.84757542  0.7965556   0.75024463  0.69449914  0.63891068  0.61849802
  0.62555939  0.6695492   0.72748828  0.73538017  0.69884332  0.64707745
  0.59909492  0.5770443   0.5760496   0.58956103  0.6267164   0.68463037
  0.73402902  0.7255627   0.6954278   0.64819543  0.61447295  0.58128661
  0.54617205  0.51637601  0.47471023  0.40425208  0.31809808  0.25529547
  0.22897012  0.22617777  0.23553609  0.23798365  0.22334935  0.21446133
  0.2462984   0.32446574  0.42686571  0.53627878  0.56650535  0.61023401
  0.66112027  0.71547388  0.77227859  0.82667786  0.86877107  0.90869616
  0.92763943  0.92987375  0.94527582  0.95949476  0.93376831  0.84000643
  0.72053047  0.62101349  0.54810402  0.47594496  0.39462968  0.33860243
  0.3159982   0.28865388  0.26154332  0.24340986  0.2271752   0.21592628
  0.21116956  0.24495574  0.30365632  0.38288359  0.48230842  0.60281044
  0.71656439  0.79409398  0.8488564   0.88232366  0.85066526  0.85276816
  0.91487134  0.9347243   0.93815297  0.93212195  0.93645831  0.92730515
  0.89714288  0.8412543   0.75907105  0.68004678  0.62746638  0.59022381
  0.57086805  0.55822985  0.54091574  0.50556401  0.47895069  0.43158664
  0.3198362   0.21436786  0.09345714 -0.03141495 -0.15441606 -0.25311402
 -0.32029771 -0.3465546  -0.34302135 -0.31531957 -0.32928717 -0.32891785
 -0.29270406 -0.19002611 -0.10042639 -0.06367073 -0.04553066 -0.06025788
 -0.10825358 -0.16291274 -0.18622088 -0.15905026 -0.06588708  0.03543022
  0.14249417  0.25905684  0.32239591  0.36007448  0.45319222  0.56046111
  0.68832473  0.86150128  1.00904597  1.132896    1.2440902   1.35400263
  1.45989613  1.54333606  1.6125947   1.63398006  1.61305743  1.56262276
  1.47295256  1.42277504  1.34631763  1.32467354  1.37954937  1.48689457
  1.55669374  1.63708216  1.7519802   1.87131123  1.85447569  1.67286685
  1.40691971  1.18224186  1.03877898  0.94974208  0.96772246  1.07123231
  1.19437374  1.31121209  1.48992312  1.66839968  1.677312    1.44774267
  1.03144006  0.57856288  0.22694487 -0.0735949  -0.32400304 -0.54764878
 -0.73752504 -0.89133706 -1.02769818 -1.13242628 -1.21002436 -1.25805672
 -1.2845393  -1.29434808 -1.29737021 -1.29350717 -1.29654164 -1.33975321
 -1.35622753 -1.41469284 -1.48660586 -1.56218606 -1.62584218 -1.67743262
 -1.71418492 -1.73937518 -1.75710231 -1.76951326 -1.77874598 -1.78581823
 -1.79127701 -1.79606943 -1.80086156 -1.80492551 -1.80791503 -1.81044801
 -1.81284177 -1.82065473 -1.81781401 -1.82086316 -1.82358269 -1.82590773]
[-0.68680552 -0.7697727  -0.81356976 -0.79608467 -0.86438667 -0.8807361
 -0.89382276 -0.906389   -0.91679931 -0.93610814 -0.94883706 -0.95738366
 -0.96391199 -0.96972956 -0.97479579 -0.97884648 -0.99244652 -1.0036413
 -1.01430979 -1.0215944  -1.02658519 -1.04634789 -1.03242738 -1.03937905
 -1.04072211 -1.04039742 -1.03829117 -1.0352624  -1.03234482 -1.02291776
 -1.00181773 -0.97493217 -0.94926527 -0.97134894 -0.86801903 -0.82089602
 -0.77992256 -0.71399552 -0.65634056 -0.60690265 -0.56845986 -0.57162444
 -0.43854624 -0.48224741 -0.45085833 -0.4195312  -0.39033517 -0.31191643
 -0.27634496 -0.17257326 -0.04584718  0.10562093  0.14510236  0.2368552
  0.32127757  0.38816632  0.45224017  0.51041124  0.50590426  0.61345001
  0.68514372  0.68882867  0.7503826   0.78773615  0.83414387  0.8684919
  0.89725052  0.92968934  0.92833644  0.92670471  0.91237331  0.8550907
  0.8111276   0.79537102  0.77892237  0.77005325  0.75865324  0.73533824
  0.69756142  0.68247965  0.67258524  0.64853115  0.63321056  0.63668686
  0.63900996  0.66785354  0.70923916  0.65619081  0.66225148  0.62958573
  0.5806352   0.54280804  0.50510239  0.4982026   0.42289466  0.38816758
  0.3332331   0.29357383  0.28327366  0.26836218  0.25824525  0.25495182
  0.25493197  0.27071534  0.29993861  0.33955813  0.38142647  0.43505617
  0.47525884  0.52565015  0.60200867  0.62288047  0.6742003   0.72096862
  0.74596384  0.76412503  0.79413205  0.81651741  0.81355839  0.8146522
  0.75634336  0.70419883  0.64396039  0.60765798  0.52184306  0.46071197
  0.40704097  0.38541397  0.33266688  0.30589126  0.28067438  0.2713031
  0.27439527  0.26597092  0.28120567  0.30764979  0.3518254   0.41867068
  0.49240272  0.573165    0.65037253  0.68790416  0.79085235  0.84071834
  0.87587206  0.93590218  0.95430496  0.94170263  0.97782287  0.99669382
  1.00008038  0.9996237   1.02968775  0.92109549  0.88006731  0.83728124
  0.79150708  0.73794146  0.693125    0.62842763  0.7292906   0.55397508
  0.49579915  0.4315904   0.32926996  0.24101815  0.13704813  0.0320874
 -0.06386608 -0.18373414 -0.22588626 -0.27770473 -0.30816938 -0.34566712
 -0.34633526 -0.36708094 -0.30628026 -0.26122472 -0.21431606 -0.18648445
 -0.12834096 -0.15766473 -0.15385962 -0.19113495 -0.13016301 -0.11735383
 -0.04474415  0.02722164  0.09941474  0.18338515  0.29899356  0.37765151
  0.48288364  0.59362906  0.72752473  0.85737738  0.96940026  1.08138461
  1.20334371  1.32469319  1.42248813  1.53974172  1.5694761   1.61224062
  1.63556689  1.63045924  1.58927296  1.56100101  1.54997204  1.59581208
  1.49548928  1.51427664  1.50664171  1.53172368  1.5935492   1.60536319
  1.53997002  1.40875286  1.30392016  1.20564251  1.07961638  1.00630567
  0.95477869  0.97100562  1.03304407  1.1138338   1.26834481  1.20397152
  1.14770068  1.01895167  0.84676852  0.55305816  0.36707742  0.12373281
 -0.12707767 -0.33596997 -0.52174249 -0.6938819  -0.94576178 -0.91011565
 -1.01558954 -1.07252209 -1.16686542 -1.19947432 -1.22768634 -1.24083757
 -1.26635575 -1.28364231 -1.33357007 -1.41537209 -1.45290384 -1.51861708
 -1.58323759 -1.64357533 -1.69804158 -1.73910391 -1.79874483 -1.79341759
 -1.80952097 -1.82144299 -1.83000957 -1.83089026 -1.83887124 -1.8472396
 -1.85357957 -1.8511934  -1.86250633 -1.86094   ]
[-0.68680386 -0.76977093 -0.81586463 -0.79535301 -0.86438627 -0.880736
 -0.89382274 -0.9063889  -0.91679905 -0.93610783 -0.9488368  -0.95738347
 -0.96391192 -0.9740008  -0.97479522 -0.97862394 -0.99065439 -1.00364086
 -1.01430886 -1.02159405 -1.02658502 -1.04634779 -1.03242724 -1.03937887
 -1.04072206 -1.04039736 -1.03829102 -1.03526239 -1.03234498 -1.02291852
 -1.00181817 -0.97493277 -0.95188985 -0.97147667 -0.86726018 -0.8208975
 -0.7799243  -0.71390742 -0.65634232 -0.60690396 -0.56846081 -0.57162509
 -0.43854676 -0.48222134 -0.45085881 -0.41953201 -0.39033662 -0.31458749
 -0.27634705 -0.17257579 -0.0458498   0.10560987  0.14509962  0.2368528
  0.32127568  0.38816485  0.45223908  0.51041031  0.50590347  0.61344931
  0.68514296  0.68882778  0.75038162  0.7877353   0.83414312  0.86849132
  0.89725046  0.92982906  0.9283375   0.92670632  0.91237526  0.8550925
  0.80914501  0.79537241  0.77903576  0.77005361  0.76057613  0.73661078
  0.69756242  0.68266187  0.67258645  0.648532    0.63321081  0.63341419
  0.63900922  0.66785239  0.70923882  0.65566197  0.66225332  0.62958639
  0.58063605  0.54735017  0.50856321  0.49820365  0.42281259  0.38816904
  0.33334291  0.29357472  0.28327424  0.26836248  0.2582455   0.25495213
  0.254932    0.27071485  0.29993755  0.33955648  0.38140136  0.43505469
  0.47800013  0.52564855  0.60200717  0.62287895  0.67419885  0.72096721
  0.74596249  0.76412391  0.79398641  0.81651667  0.81355793  0.81382527
  0.75634443  0.70420041  0.64396182  0.60127371  0.52184478  0.46069502
  0.40704213  0.38541498  0.3326678   0.30591223  0.28056893  0.27130364
  0.27442961  0.26276987  0.27747024  0.30764885  0.35182389  0.41597901
  0.48999713  0.57316248  0.65037016  0.68790213  0.79081373  0.84069451
  0.87587106  0.93590143  0.95430466  0.94170233  0.97773038  0.99669386
  1.00008085  0.99962458  1.02968904  0.92274315  0.88006894  0.83728292
  0.79119772  0.73794276  0.69312616  0.6284971   0.72929155  0.55380861
  0.49580073  0.43159263  0.33026814  0.24102091  0.1370512   0.03204795
 -0.0638633  -0.18373187 -0.22588474 -0.2778778  -0.30816892 -0.34566705
 -0.3463359  -0.36708226 -0.30628208 -0.25614532 -0.21447336 -0.18648555
 -0.12568384 -0.15766472 -0.15385939 -0.19113468 -0.13016371 -0.11735523
 -0.0447461   0.02365688  0.09711383  0.18331727  0.29899111  0.37764891
  0.48288071  0.59358887  0.72752115  0.85722335  0.96939677  1.08142464
  1.20334068  1.32469047  1.42248562  1.53973971  1.569475    1.61224015
  1.63556733  1.63054656  1.58927451  1.56100271  1.54997331  1.59581215
  1.49548862  1.51427542  1.5066398   1.53172112  1.59354743  1.60536352
  1.53997221  1.40875603  1.30392391  1.20564626  1.07961887  1.00683465
  0.95481813  0.96923032  1.03303899  1.11012178  1.26980106  1.20397071
  1.14770274  1.0189566   0.84677528  0.55306583  0.36708521  0.12715919
 -0.12707174 -0.3359643  -0.52173732 -0.69387747 -0.94575802 -0.91011265
 -1.01573442 -1.07252037 -1.16692792 -1.19947369 -1.22069972 -1.24083702
 -1.26635512 -1.28364133 -1.33356864 -1.41537017 -1.45290183 -1.51861501
 -1.58323569 -1.64357371 -1.69813784 -1.73914118 -1.79874424 -1.7934172
 -1.8095052  -1.82144283 -1.83000498 -1.83089019 -1.83887119 -1.84723957
 -1.85357956 -1.85524315 -1.86250634 -1.86094   ]
[-0.73515592 -0.81401271 -0.84298522 -0.8733088  -0.87931545 -0.88957587
 -0.9008284  -0.90510835 -0.92276131 -0.93712767 -0.95002226 -0.97100323
 -0.9735719  -0.99134238 -0.99547149 -1.0057695  -1.02043056 -1.03681052
 -1.04717819 -1.05428149 -1.05499292 -1.06204591 -1.06559236 -1.06359478
 -1.0467598  -1.05568372 -1.05680632 -1.0532158  -1.03732123 -1.02120476
 -1.00102213 -0.97194208 -0.93600613 -0.89305117 -0.84427451 -0.78275549
 -0.7080213  -0.63849745 -0.57804312 -0.53767627 -0.49904335 -0.47214003
 -0.45860792 -0.45115387 -0.44097991 -0.4130992  -0.37050084 -0.30401995
 -0.21902565 -0.12356326 -0.00506232  0.10998355  0.21474774  0.32357797
  0.37900286  0.43123687  0.48010556  0.52238738  0.55557545  0.59329667
  0.63641045  0.67726604  0.72149828  0.75664296  0.8029596   0.82553243
  0.83015208  0.81581313  0.8104064   0.77749432  0.73014638  0.70579851
  0.6631753   0.65850215  0.67858301  0.67923811  0.67218896  0.67417898
  0.66553119  0.64370236  0.61826544  0.59674613  0.60672647  0.62495527
  0.65770486  0.66524255  0.67343705  0.68030725  0.66745123  0.63338087
  0.58712823  0.55849114  0.52843311  0.47542842  0.40763539  0.3638259
  0.32218628  0.28512314  0.25907916  0.24453716  0.23325553  0.23040958
  0.25128903  0.28755985  0.33537964  0.42027262  0.43928337  0.50886169
  0.58449121  0.6393016   0.68235849  0.72982915  0.78155681  0.83088784
  0.86538437  0.87661755  0.90626436  0.92428195  0.90851884  0.86319603
  0.80673656  0.75533835  0.68923527  0.5952309   0.49193614  0.42785162
  0.39709681  0.35967219  0.30493859  0.28441627  0.26496433  0.24576329
  0.23576165  0.25469536  0.27836196  0.31358618  0.37122531  0.45935282
  0.5516455   0.63034789  0.70295369  0.78390902  0.81482073  0.8472987
  0.89164441  0.88243255  0.87837641  0.90592866  0.92867427  0.92542585
  0.91622604  0.88745989  0.83938933  0.78886569  0.74454574  0.68716996
  0.64002066  0.60037457  0.5721308   0.53722819  0.52287947  0.4934013
  0.41601758  0.34609368  0.25972241  0.15332019  0.04224199 -0.05969763
 -0.15394356 -0.22357894 -0.27542729 -0.28948945 -0.32332654 -0.32345756
 -0.29627567 -0.24559531 -0.19985186 -0.17993608 -0.12393809 -0.07940815
 -0.07555977 -0.09197091 -0.104475   -0.10928911 -0.09027494 -0.05104422
  0.01454562  0.12347359  0.19740601  0.25792283  0.36705512  0.46211388
  0.55895981  0.67635991  0.80011152  0.91593337  1.04590468  1.16984681
  1.27490886  1.36674345  1.45902775  1.52369187  1.55275761  1.56208459
  1.53235784  1.50939918  1.44492     1.40476907  1.39798038  1.42599488
  1.43727294  1.50053908  1.61490415  1.69687362  1.71476035  1.67076927
  1.60700021  1.52013937  1.37839564  1.21482965  1.11957545  1.08986193
  1.09215506  1.12751387  1.26570556  1.41600024  1.46174184  1.40352274
  1.27909638  1.09068017  0.83555573  0.50345564  0.1563123  -0.13671709
 -0.36887302 -0.57959931 -0.75868062 -0.91031651 -1.02709797 -1.12317176
 -1.19068324 -1.23782959 -1.26952042 -1.27779764 -1.28441204 -1.31820587
 -1.31249691 -1.3416243  -1.38379897 -1.44718347 -1.504484   -1.56969387
 -1.63107674 -1.68275182 -1.72250268 -1.75022407 -1.76495304 -1.78402261
 -1.79377427 -1.80158357 -1.80790192 -1.81711093 -1.81719756 -1.82144471
 -1.82437611 -1.83907927 -1.82749845 -1.82756639]
[-0.73590399 -0.81401104 -0.84273484 -0.87310802 -0.87794325 -0.8895376
 -0.9001179  -0.9044837  -0.92285396 -0.93723821 -0.95057708 -0.97099765
 -0.97354463 -0.99123129 -0.99577142 -1.00574303 -1.02041722 -1.03681606
 -1.04749967 -1.05485985 -1.05300602 -1.06190442 -1.06547661 -1.0633726
 -1.04674723 -1.05538068 -1.05674621 -1.05312367 -1.03192434 -1.02109784
 -1.00115139 -0.97184882 -0.93579201 -0.89286523 -0.84414278 -0.78449346
 -0.70684996 -0.63843039 -0.57801404 -0.53772565 -0.49920806 -0.47112894
 -0.45828555 -0.45150502 -0.44018157 -0.41301629 -0.37030476 -0.30438754
 -0.21874527 -0.12275734 -0.00486757  0.11020357  0.21506162  0.3243394
  0.37947501  0.4305672   0.48013751  0.52248191  0.55582706  0.59358283
  0.63656661  0.67747173  0.72167035  0.75693492  0.80495197  0.82576149
  0.83024206  0.82058637  0.8073478   0.77750015  0.73044627  0.70835309
  0.66360035  0.66008841  0.67901936  0.67966818  0.67200153  0.67426364
  0.66540845  0.65090933  0.6183707   0.59691712  0.60925834  0.625156
  0.65797363  0.66554143  0.67629983  0.67990621  0.66688298  0.63325656
  0.58704974  0.55838611  0.52559881  0.47554547  0.4059083   0.36364318
  0.32201445  0.28507622  0.25905275  0.24756508  0.23331569  0.23044976
  0.25126928  0.28620478  0.33553416  0.4233421   0.43887437  0.5060719
  0.57900404  0.64141093  0.68227353  0.73365791  0.78181062  0.83062834
  0.86532079  0.87489735  0.90602674  0.91978085  0.90832548  0.8629465
  0.80433673  0.75480442  0.69254614  0.59497048  0.49153284  0.4277784
  0.39958476  0.36132369  0.30468688  0.28435846  0.26575557  0.24628602
  0.23690792  0.25418778  0.27829201  0.31376074  0.370423    0.45971904
  0.55188651  0.62969189  0.70915306  0.78391702  0.81613483  0.8486209
  0.89164693  0.88252573  0.87908544  0.90612692  0.92854724  0.92562508
  0.91634719  0.87739662  0.83883582  0.78910321  0.74464157  0.68686253
  0.64037669  0.60122737  0.57243892  0.53742694  0.52280473  0.49345998
  0.41601793  0.34597575  0.25944309  0.15731908  0.04206967 -0.05863169
 -0.15400454 -0.22371223 -0.27532192 -0.28944958 -0.32328473 -0.32341611
 -0.29638866 -0.24652365 -0.19996024 -0.17981678 -0.1241229  -0.07976856
 -0.07596504 -0.09241891 -0.1023649  -0.10371533 -0.09020453 -0.05083665
  0.01429089  0.12298181  0.19831062  0.25807149  0.36644153  0.46151593
  0.55586495  0.67656559  0.80039766  0.91633918  1.04610075  1.16998386
  1.27426853  1.3659908   1.45916884  1.52389104  1.55507913  1.56486191
  1.53246751  1.50952129  1.44507383  1.40477192  1.39906938  1.42640032
  1.43786519  1.50227399  1.61495145  1.69760028  1.71481923  1.67056301
  1.6061721   1.51882206  1.37637467  1.21414666  1.11900185  1.08967177
  1.09215014  1.12758974  1.26580509  1.41696832  1.46150255  1.40253262
  1.27406935  1.08898098  0.83278645  0.50278943  0.15587032 -0.13678612
 -0.36902512 -0.57954523 -0.75856104 -0.91014446 -1.02715487 -1.12295685
 -1.1892406  -1.23730092 -1.26910943 -1.27758906 -1.28425266 -1.31804527
 -1.31247131 -1.34411282 -1.38374227 -1.45178068 -1.50465008 -1.56980307
 -1.62951763 -1.68273919 -1.72247617 -1.75201901 -1.76362637 -1.78403522
 -1.79377118 -1.80161529 -1.80793841 -1.8196199  -1.81723953 -1.82146285
 -1.82441647 -1.84048012 -1.82695773 -1.82637862]
[-0.6305235  -0.65082338 -0.68945059 -0.74587978 -0.80407401 -0.84676638
 -0.87696432 -0.90005157 -0.91750086 -0.92974704 -0.94166208 -0.95051015
 -0.95607668 -0.96530723 -0.9736482  -0.97922464 -0.9867522  -0.99542434
 -0.99840501 -1.0002749  -1.0071541  -1.0145683  -1.02282774 -1.03362923
 -1.037907   -1.03395999 -1.02852425 -1.0287652  -1.03535546 -1.03797769
 -1.02482641 -1.00436941 -0.98677563 -0.96258352 -0.93205987 -0.89628899
 -0.85283994 -0.80476092 -0.74849752 -0.69334107 -0.64986969 -0.60790356
 -0.56785789 -0.5304283  -0.49401002 -0.46949132 -0.44628206 -0.40171527
 -0.34493833 -0.28217217 -0.19940242 -0.10841803 -0.01611436  0.08174243
  0.1741859   0.26455033  0.35654788  0.43884112  0.50236372  0.55644386
  0.59685051  0.63467381  0.68358793  0.73170973  0.7798316   0.81388664
  0.85124672  0.89910363  0.92405883  0.9493999   0.95856187  0.9234064
  0.90338453  0.89874963  0.86910801  0.82914279  0.79267685  0.7578141
  0.72681462  0.72751997  0.74095899  0.72076663  0.67959803  0.64660319
  0.64069115  0.64298034  0.64005489  0.65213928  0.65657978  0.6444959
  0.62681138  0.59773082  0.55858686  0.51415297  0.47571047  0.43739967
  0.39663143  0.35759607  0.3280944   0.29774065  0.26765183  0.255265
  0.25351771  0.26342263  0.28214834  0.30159762  0.3219994   0.35716324
  0.38836243  0.4355556   0.49967412  0.55215457  0.6020402   0.64600177
  0.67466658  0.70229281  0.74529876  0.77963263  0.79412479  0.794487
  0.78147478  0.75198782  0.71618608  0.67480383  0.61997943  0.55037762
  0.48248584  0.43185826  0.39647795  0.3593795   0.32367969  0.29966036
  0.28060358  0.26440322  0.26312625  0.27506104  0.29655318  0.33374806
  0.38087277  0.44213256  0.50410001  0.57473716  0.66849677  0.75233263
  0.79736536  0.84968052  0.91494137  0.93349962  0.93141804  0.95727585
  0.99620733  1.01199102  0.99162414  0.95878751  0.92628615  0.90338714
  0.879434    0.83103039  0.77604732  0.72383348  0.67158785  0.61636462
  0.56497515  0.51402341  0.4495691   0.37353732  0.2932609   0.20419739
  0.10580617  0.00222564 -0.09111859 -0.16849962 -0.24455958 -0.30952377
 -0.34734771 -0.36492673 -0.35910954 -0.32547492 -0.2936722  -0.28398882
 -0.2595978  -0.21689073 -0.18709217 -0.16916933 -0.15337686 -0.13770737
 -0.11419908 -0.08392477 -0.04937648  0.01828443  0.11198428  0.20474831
  0.3022751   0.40755103  0.5335496   0.66043508  0.76724697  0.88622246
  1.02694951  1.16223525  1.27071494  1.37281964  1.46397869  1.534159
  1.58487708  1.61918131  1.63727436  1.65446669  1.66497347  1.6424404
  1.58545892  1.53439759  1.52017433  1.51345083  1.54532211  1.5948642
  1.56787839  1.50111607  1.46094009  1.39883598  1.30371321  1.19141654
  1.0703446   0.97593396  0.94723222  0.94712791  0.99993524  1.08701128
  1.07400624  1.04189153  1.00952241  0.91744422  0.7534209   0.52146046
  0.25499658  0.0078863  -0.20405765 -0.39835341 -0.57916111 -0.73654549
 -0.86795189 -0.97908978 -1.0702645  -1.14078697 -1.19202361 -1.22537597
 -1.24539341 -1.26158539 -1.2818297  -1.30507184 -1.33738992 -1.38278135
 -1.43901098 -1.50352908 -1.57491691 -1.6403246  -1.69363867 -1.73464447
 -1.76330134 -1.78327315 -1.79708486 -1.80710019 -1.81487195 -1.82105597
 -1.82586421 -1.83019437 -1.83422718 -1.83765713]
[-0.85771171 -0.91216954 -0.90676823 -0.90562704 -0.89428512 -0.88495223
 -0.89450921 -0.9162881  -0.95447507 -0.9782484  -0.98851768 -0.99092656
 -0.98264898 -0.99824794 -1.00623409 -1.02389771 -1.04726202 -1.06942818
 -1.07913463 -1.07098864 -1.05596093 -1.05023344 -1.05924591 -1.06892683
 -1.05372752 -1.05132622 -1.04592855 -1.04088697 -1.02794685 -1.00588167
 -0.97558609 -0.93160742 -0.87985268 -0.82359625 -0.76225496 -0.68965843
 -0.60149698 -0.51826812 -0.46807058 -0.46264979 -0.46656353 -0.47210351
 -0.4646584  -0.44936672 -0.42551291 -0.37639926 -0.30625182 -0.207809
 -0.08395167  0.04068515  0.18248558  0.29936236  0.38164032  0.45102377
  0.47167175  0.5003308   0.54067162  0.58592547  0.62093749  0.65707349
  0.69592497  0.75084834  0.80656326  0.84214396  0.86297794  0.8716969
  0.84757576  0.79655598  0.75024493  0.69449944  0.63891087  0.61849803
  0.62555921  0.66954892  0.72748814  0.73538031  0.6988427   0.64707773
  0.59909512  0.57704436  0.57604957  0.58956083  0.62671607  0.68463009
  0.73402893  0.72556353  0.69542804  0.6481956   0.61447174  0.58128678
  0.54617219  0.51637615  0.47471051  0.40425251  0.31809835  0.25529565
  0.22897022  0.22617779  0.23553606  0.23798372  0.22334946  0.21446127
  0.24629811  0.32446527  0.42686523  0.53627846  0.56650515  0.61023374
  0.66111994  0.71547357  0.77227824  0.82667759  0.8687708   0.9086959
  0.92763929  0.92987365  0.94527567  0.95949464  0.93376852  0.84000692
  0.72053096  0.62101369  0.54810441  0.47594529  0.39462996  0.33860262
  0.31599834  0.28865403  0.26154346  0.24340997  0.2271753   0.21592635
  0.21116899  0.24495551  0.303656    0.38288315  0.48230786  0.60280983
  0.71656393  0.79409367  0.84885609  0.88232375  0.8506654   0.85276778
  0.91487112  0.93472412  0.93815297  0.93212193  0.93645792  0.92730531
  0.8971431   0.8412547   0.75907147  0.6800471   0.62746663  0.5902239
  0.57086834  0.55823002  0.54091591  0.50556414  0.47895094  0.43158711
  0.31983666  0.21436831  0.0934572  -0.0314143  -0.15441545 -0.25311319
 -0.32029744 -0.34655454 -0.34302135 -0.31531953 -0.32928713 -0.32891779
 -0.29270425 -0.19002661 -0.10042664 -0.06367084 -0.04552959 -0.0602578
 -0.10825322 -0.16291243 -0.18622075 -0.15905059 -0.06588748  0.03542977
  0.14249382  0.25905603  0.32239562  0.36007524  0.45319181  0.56046065
  0.68832391  0.86150053  1.00904541  1.13289577  1.24408956  1.35400204
  1.45989566  1.5433356   1.61259443  1.63397997  1.6130574   1.56262311
  1.47295297  1.42277525  1.34631781  1.32467339  1.3795487   1.48689435
  1.5566933   1.63708164  1.7519793   1.87131089  1.85447646  1.6728681
  1.40692102  1.18224278  1.03877957  0.94974225  0.96772207  1.07123161
  1.19437306  1.31121131  1.4899237   1.66840029  1.67731267  1.44774434
  1.03144239  0.57856474  0.22694628 -0.07359352 -0.32400221 -0.54764774
 -0.73752387 -0.89133631 -1.02769761 -1.13242581 -1.21002405 -1.25805651
 -1.28453918 -1.29434833 -1.29737013 -1.29350709 -1.29654148 -1.33975297
 -1.35622719 -1.41469247 -1.48660546 -1.56218576 -1.62584195 -1.67743248
 -1.71418486 -1.73937516 -1.75710233 -1.7695133  -1.77874603 -1.78581829
 -1.79127707 -1.7960695  -1.80086164 -1.80492558 -1.80791512 -1.81044809
 -1.81284185 -1.82065482 -1.81781409 -1.82086324 -1.82358278 -1.82590773]
[-0.68704529 -0.77051238 -0.81658732 -0.79508136 -0.86447138 -0.88074132
 -0.89380241 -0.90637485 -0.91664464 -0.93606111 -0.94875473 -0.95727148
 -0.96381945 -0.97393343 -0.97469844 -0.98040737 -0.99055636 -1.0035648
 -1.01426097 -1.02154903 -1.02651795 -1.04672899 -1.0323651  -1.03932909
 -1.04066452 -1.04037016 -1.03828915 -1.03522542 -1.03221463 -1.022723
 -1.00158728 -0.97466856 -0.95162584 -0.97087723 -0.8668302  -0.82044019
 -0.77977575 -0.71351466 -0.65605263 -0.60672623 -0.5683091  -0.57197545
 -0.43740296 -0.48223838 -0.45056145 -0.41906255 -0.39005074 -0.31387186
 -0.27604908 -0.17191023 -0.0448965   0.10727543  0.1458322   0.23730314
  0.32183349  0.38860426  0.45250997  0.51061996  0.50532913  0.61380868
  0.68591669  0.68908419  0.75068269  0.78798945  0.83445672  0.86884289
  0.89749338  0.92882679  0.92851721  0.92677803  0.91241542  0.85520376
  0.80889859  0.79497847  0.77783263  0.76992643  0.76047928  0.73645152
  0.69732757  0.68078325  0.67217161  0.64821022  0.63306357  0.6334165
  0.63887577  0.66783567  0.70972466  0.65363644  0.6621668   0.62940463
  0.58014564  0.54692696  0.50812045  0.4981856   0.42303304  0.3878592
  0.33207729  0.29313472  0.28314518  0.2683414   0.2582926   0.25500375
  0.25501924  0.27084771  0.30006419  0.339698    0.38173716  0.4351697
  0.47814399  0.52579668  0.60235835  0.62283052  0.67414252  0.72093133
  0.74591024  0.76397696  0.79497223  0.81617919  0.81312108  0.81350696
  0.75561942  0.70347565  0.64326219  0.60088353  0.52124356  0.46037739
  0.40668147  0.38537647  0.3323784   0.30551577  0.28130014  0.27124957
  0.27448407  0.26297524  0.27777809  0.30802849  0.35230746  0.41655528
  0.49067946  0.57385968  0.65106916  0.6880566   0.79125004  0.84115817
  0.87646445  0.93674292  0.95461724  0.94182589  0.97911423  0.99708888
  1.0003392   1.00000109  1.03085239  0.92327686  0.88039514  0.83754407
  0.79135387  0.73807135  0.69317721  0.62770867  0.73109501  0.55525802
  0.49561571  0.43132751  0.32955728  0.2405175   0.13640941  0.03176
 -0.06432018 -0.18459744 -0.22624463 -0.27680311 -0.30814924 -0.34577093
 -0.34623665 -0.3672998  -0.30599138 -0.25683592 -0.21303269 -0.1861652
 -0.1248923  -0.15758838 -0.15377844 -0.1915843  -0.12986104 -0.11717416
 -0.04421805  0.02429937  0.09794634  0.18469028  0.30017179  0.37873671
  0.48410279  0.59510312  0.72871036  0.85971211  0.97051213  1.0820308
  1.20411099  1.32542208  1.42319911  1.54074104  1.56993673  1.612796
  1.63613274  1.63021444  1.58945643  1.56102962  1.54982941  1.59689782
  1.49551318  1.51451626  1.506463    1.53147725  1.593248    1.60449829
  1.53887532  1.40749458  1.30245153  1.20443782  1.07835667  1.00587121
  0.95377461  0.96893693  1.03306472  1.11046263  1.27093054  1.20284621
  1.14655975  1.01755967  0.84507832  0.55053793  0.36533455  0.12575096
 -0.12831886 -0.33703626 -0.52269578 -0.6946849  -0.94792735 -0.90999755
 -1.01443326 -1.07206896 -1.16641382 -1.19934972 -1.22049441 -1.24062691
 -1.26644683 -1.28360003 -1.33379235 -1.41639669 -1.45351894 -1.51938076
 -1.58405014 -1.64440771 -1.69802386 -1.73944676 -1.79967199 -1.79388603
 -1.81006497 -1.82183854 -1.83042804 -1.83118186 -1.83918985 -1.8476047
 -1.85400798 -1.85560565 -1.8629321  -1.86130301]
[-0.68704516 -0.77051265 -0.81658794 -0.79533854 -0.86447234 -0.88074215
 -0.893803   -0.9063753  -0.91664498 -0.93606159 -0.94875524 -0.95727206
 -0.96381999 -0.97393432 -0.97469889 -0.98040757 -0.9905563  -1.0035646
 -1.01426084 -1.02154898 -1.026518   -1.04672917 -1.03237243 -1.03932907
 -1.04066447 -1.04037019 -1.03828942 -1.03522586 -1.032037   -1.02272335
 -1.00158759 -0.97453302 -0.95162633 -0.97102184 -0.86683086 -0.82044082
 -0.77963808 -0.71351542 -0.6559782  -0.60672709 -0.56831004 -0.57189928
 -0.43740377 -0.48223949 -0.4504514  -0.41882526 -0.39005212 -0.31387307
 -0.27605013 -0.17191083 -0.04489607  0.10727507  0.14583195  0.23763876
  0.32183406  0.38854154  0.452511    0.51063781  0.5053299   0.61380908
  0.68591712  0.68908494  0.75070851  0.78799065  0.83422754  0.86884434
  0.89751615  0.92882848  0.92872036  0.92677995  0.91241699  0.85520556
  0.80890016  0.79497972  0.77783308  0.76992636  0.76047969  0.73645255
  0.69776055  0.68078424  0.6721718   0.64820967  0.63306266  0.63341557
  0.63893784  0.66783543  0.7097237   0.65363725  0.66216643  0.6294037
  0.57977004  0.54703048  0.50811938  0.49818464  0.42331367  0.38785812
  0.33207629  0.2931889   0.28314368  0.26834012  0.25829172  0.25500305
  0.25493032  0.27084682  0.30006295  0.33957274  0.381729    0.43516894
  0.47806703  0.52610155  0.60256024  0.62296693  0.67414191  0.72090789
  0.74590984  0.76397647  0.79497179  0.81597252  0.81312093  0.81350698
  0.75561956  0.70347566  0.64326194  0.60088239  0.52162823  0.46037646
  0.40668076  0.38537578  0.33237785  0.30604548  0.2812993   0.27124877
  0.27448321  0.26297442  0.2777772   0.30802721  0.35230635  0.41655412
  0.49067855  0.57385888  0.65106875  0.68805675  0.79125084  0.84115913
  0.87646525  0.93674314  0.95461801  0.94182711  0.97911614  0.9970904
  1.00034005  1.00000181  1.03089335  0.92327774  0.88039588  0.83754461
  0.79159028  0.73807192  0.69317769  0.62770973  0.73109483  0.55525769
  0.49561557  0.4315001   0.3295575   0.24051742  0.13640908  0.0317595
 -0.06432097 -0.18459789 -0.22624603 -0.27680509 -0.30815102 -0.34587047
 -0.34623818 -0.3673018  -0.30599331 -0.2564244  -0.21303463 -0.18616662
 -0.1248933  -0.15758939 -0.15399132 -0.19158451 -0.12986316 -0.11717646
 -0.0442993   0.02429754  0.09794503  0.18468898  0.30017019  0.37873562
  0.48410204  0.59510322  0.72871046  0.85971267  0.97051325  1.08203261
  1.20411364  1.32542456  1.42320192  1.54074303  1.56993982  1.61279904
  1.63613627  1.63021848  1.58946054  1.56103371  1.54983263  1.59689992
  1.49551454  1.5145175   1.50646435  1.53147868  1.59324878  1.60449978
  1.538877    1.40749654  1.30202945  1.20443748  1.0783551   1.0058687
  0.95377174  0.96893419  1.03306186  1.11045996  1.27092848  1.20284632
  1.14656066  1.01756178  0.8450801   0.55054525  0.3653332   0.12574897
 -0.12832013 -0.33703756 -0.52269718 -0.69468589 -0.94792844 -0.90999838
 -1.01443403 -1.07207099 -1.16634154 -1.19935019 -1.22049462 -1.24062671
 -1.26644622 -1.28359924 -1.3337911  -1.41639494 -1.45351725 -1.51937964
 -1.58404925 -1.64476481 -1.69802322 -1.73944606 -1.79967116 -1.79388508
 -1.81006393 -1.82177975 -1.83042689 -1.83118068 -1.83918865 -1.84760349
 -1.85400676 -1.85560442 -1.86293086 -1.86130176]
[-0.72763505 -0.75388308 -0.79339743 -0.83488437 -0.87266368 -0.88433668
 -0.90349216 -0.90493362 -0.9155887  -0.93456991 -0.93314698 -0.93206204
 -0.94930124 -0.96100298 -0.97832266 -0.99414262 -0.99952345 -1.00056322
 -1.00809361 -1.02396184 -1.03928124 -1.04263714 -1.03695233 -1.03461726
 -1.0295937  -1.02119865 -1.01291138 -1.00210867 -0.99106431 -0.97479943
 -0.94764449 -0.93929936 -0.90267497 -0.8676403  -0.82538524 -0.79144954
 -0.73550109 -0.71376016 -0.66936316 -0.629685   -0.55380349 -0.51396687
 -0.46820011 -0.42584674 -0.36924157 -0.31720876 -0.25126136 -0.14454246
 -0.06585694 -0.00650308  0.06416834  0.15086618  0.23687244  0.32109019
  0.39073722  0.4486581   0.52950915  0.60475529  0.65548369  0.68842943
  0.7450526   0.78981606  0.85352883  0.91754116  0.95794014  0.96830812
  0.95400752  0.93222054  0.91826278  0.92211007  0.91263816  0.88863059
  0.86168194  0.83147409  0.79740201  0.75867679  0.72764844  0.70400274
  0.70301936  0.72544199  0.71358266  0.67742419  0.63636954  0.5997381
  0.58928921  0.58885019  0.59936903  0.57329477  0.56725561  0.56019509
  0.52035528  0.45685418  0.41560433  0.39086615  0.34764236  0.35085601
  0.32417594  0.29273738  0.23830322  0.21814635  0.2250832   0.25873933
  0.30277754  0.31989629  0.33582035  0.35515829  0.37901649  0.42535743
  0.47729879  0.51742358  0.56907994  0.60405481  0.62485902  0.65920163
  0.6921673   0.73419108  0.71213408  0.71091277  0.68726089  0.6684982
  0.6353797   0.60601169  0.56355427  0.51023124  0.43505373  0.38549121
  0.36871563  0.34196718  0.30001664  0.27598664  0.26556549  0.26660946
  0.26325888  0.30049392  0.36262178  0.40546697  0.46384419  0.54107102
  0.59090074  0.63101599  0.67820386  0.773168    0.86232166  0.90560082
  0.94561468  0.97268916  0.96688422  0.98540336  1.00059818  1.03982873
  1.00952098  0.95714365  0.91111202  0.8719102   0.83016321  0.80074235
  0.760308    0.70926056  0.6458286   0.56884077  0.52070578  0.45099947
  0.37456315  0.28596904  0.2046161   0.09528029  0.00973817 -0.05384695
 -0.12152237 -0.1935618  -0.23793684 -0.28923413 -0.30764695 -0.31437774
 -0.33264887 -0.31475377 -0.28920303 -0.25368291 -0.26086494 -0.24814133
 -0.22165824 -0.16815509 -0.1281842  -0.09177941 -0.0486579  -0.01287159
  0.04580162  0.11107316  0.20898365  0.30807288  0.4282691   0.57215876
  0.66284329  0.73710412  0.86964255  0.98534784  1.09829575  1.24209426
  1.3486895   1.45308764  1.54706888  1.59532384  1.56014028  1.56514952
  1.58455891  1.60826842  1.64923389  1.66581166  1.71224853  1.64528074
  1.58195102  1.58935126  1.54553332  1.48901238  1.38100346  1.33376186
  1.31654945  1.25170367  1.17845488  1.12501048  1.0877117   1.06543225
  1.0580602   1.02765014  1.00820555  0.9416889   0.89430787  0.85614403
  0.76262032  0.65301672  0.52614057  0.34333774  0.15371848 -0.08861983
 -0.29918994 -0.47657498 -0.62736009 -0.75702391 -0.85206096 -0.93022311
 -0.9991095  -1.03944509 -1.09639169 -1.15036719 -1.20724565 -1.26877765
 -1.33817578 -1.39784614 -1.45740619 -1.50991308 -1.55893604 -1.60355844
 -1.64866037 -1.70183322 -1.73333117 -1.76624002 -1.79150231 -1.81081394
 -1.82525396 -1.83515338 -1.84285139 -1.84952687]
[-0.20537872 -0.20329376 -0.12898333 -0.0480312   0.04305562  0.05758685
 -0.00763629 -0.01917724 -0.05156844 -0.09229282 -0.04029197  0.05239542
  0.10414866  0.17624203  0.2494126   0.39165769  0.37550805  0.38263627
  0.50769725  0.58642703  0.66307605  0.7995373   0.92608752  1.01885246
  1.03535849  1.1472818   1.37062294  1.46800385  1.51498754  1.40491539
  1.33400165  1.34723017  1.35243486  1.37164302  1.2634772   1.14271654
  1.31645038  1.59958311  1.75071552  1.72840549  1.94581916  2.04617073
  2.01465919  1.69320734  1.40368088  1.32580073  1.19751884  1.03689206
  1.05810146  1.26374924  1.2984312   1.34246014  1.66129995  1.87400939
  1.9073118   1.65851317  1.11733951  0.71610912  0.44430276  0.12865915
 -0.11199423 -0.39146172 -0.58895244 -0.78262758 -0.92235031 -1.01589397
 -1.08261713 -1.12318848 -1.12680152 -1.10571645 -1.08430468 -1.05408511
 -1.05010213 -1.08600192 -1.16657172 -1.28191502 -1.43309309 -1.56356646
 -1.67982561 -1.7588377  -1.81748147 -1.85424919 -1.87941335 -1.90650643
 -1.90965244 -1.92062383 -1.92910954 -1.93550066 -1.94219547 -1.94808544
 -1.95001908 -1.9577378  -1.96015288 -1.96277532 -1.96812147 -1.97246836
 -1.97566192 -1.98006267 -1.98417813 -1.98790338 -1.991499   -1.99432487
 -1.99743426 -2.00104148 -2.00374019 -2.00544001]
[-0.85739287 -0.911982   -0.90668013 -0.90565008 -0.89437409 -0.87898463
 -0.89433482 -0.91605807 -0.95427345 -0.97813036 -0.98845375 -0.99086858
 -0.98258876 -0.99816088 -1.00581207 -1.02371875 -1.04707211 -1.06930054
 -1.0791256  -1.07107938 -1.05776077 -1.05021255 -1.05916758 -1.0689437
 -1.053814   -1.0513816  -1.04594501 -1.04092142 -1.02445156 -1.00601586
 -0.97577376 -0.93188526 -0.88016148 -0.82392747 -0.76266685 -0.69018888
 -0.60209917 -0.51868488 -0.46820561 -0.46263763 -0.46651446 -0.47211667
 -0.46469721 -0.44745614 -0.42573245 -0.37672183 -0.30670136 -0.20846148
 -0.08475275  0.0398528   0.18168961  0.29868708  0.37948444  0.45072828
  0.47146922  0.50012145  0.54030929  0.58570429  0.62078797  0.65689278
  0.6955911   0.75044994  0.80631574  0.83956339  0.86277669  0.87176542
  0.84801576  0.79705558  0.75064693  0.69490992  0.63918378  0.61852142
  0.62530743  0.66914804  0.72727491  0.73556029  0.69916368  0.64746837
  0.5993803   0.57713417  0.5760172   0.58928837  0.62626055  0.68653547
  0.73388778  0.72566865  0.69575671  0.64841905  0.61461191  0.58151267
  0.54634056  0.51654481  0.47507636  0.40483408  0.3185837   0.25553888
  0.22846708  0.22620606  0.23548941  0.23806825  0.22350495  0.21440364
  0.24591787  0.32167104  0.42620069  0.53585177  0.5662454   0.60987521
  0.66066398  0.71505184  0.77180703  0.82631604  0.86840424  0.90835066
  0.92745201  0.92971724  0.94504337  0.95929024  0.93402523  0.84065793
  0.72118718  0.6163899   0.54842471  0.47637951  0.39500771  0.33886067
  0.31618509  0.2888438   0.26171897  0.24355849  0.22731074  0.21450051
  0.2111216   0.24465765  0.29912034  0.38231234  0.4815512   0.60197707
  0.71413869  0.79365522  0.856024    0.88247004  0.85086674  0.85223653
  0.91457137  0.93474473  0.93815389  0.93209292  0.93644616  0.92750453
  0.89742983  0.84178482  0.75964502  0.68807013  0.62708839  0.59035607
  0.57085652  0.55845592  0.54112654  0.50571988  0.47927326  0.43221033
  0.31498809  0.21520442  0.094292   -0.03306002 -0.15357898 -0.25250476
 -0.31992641 -0.34647247 -0.34425446 -0.31526482 -0.3292135  -0.32258485
 -0.29330125 -0.19071542 -0.10078591 -0.06382009 -0.04543993 -0.05990621
 -0.10775006 -0.15745735 -0.18599081 -0.15521696 -0.07134904  0.03483899
  0.142032    0.25865266  0.32203585  0.35992622  0.45268008  0.55988912
  0.68723672  0.86050773  1.00830514  1.13213493  1.24324617  1.35320884
  1.45925112  1.53588313  1.61219864  1.63203712  1.61296566  1.56308146
  1.47350271  1.42308796  1.3452142   1.32452428  1.3786583   1.48663416
  1.55614046  1.63638977  1.75068565  1.87075872  1.85546953  1.67455239
  1.40872697  1.18352452  1.03962628  0.95075122  0.97055874  1.07361532
  1.19348897  1.3122406   1.48516752  1.66745785  1.67809562  1.44994424
  1.03457036  0.58105458  0.22882523 -0.07173382 -0.32248265 -0.54623808
 -0.74003821 -0.89031348 -1.02691192 -1.13200564 -1.20959321 -1.25775388
 -1.28436361 -1.29421852 -1.29725555 -1.29246642 -1.2937416  -1.33941854
 -1.35577962 -1.41359956 -1.48605795 -1.56177184 -1.62552818 -1.67724452
 -1.71409906 -1.73935127 -1.75712894 -1.7695628  -1.77881674 -1.78590169
 -1.7937309  -1.79616406 -1.80095936 -1.80503148 -1.80802843 -1.81056236
 -1.81344249 -1.8207697  -1.81792659 -1.82174269 -1.82370093 -1.82602508]
[-0.73790257 -0.76475411 -0.80425524 -0.84428149 -0.87992297 -0.88836597
 -0.89703354 -0.90577829 -0.87380392 -0.88005027 -0.93306575 -0.92964475
 -0.94879634 -0.96065255 -0.97872862 -0.9957307  -1.00085289 -1.00170618
 -1.0094125  -1.026083   -1.16553043 -1.04530261 -1.03814322 -1.03439468
 -1.02836263 -1.01946312 -1.01116618 -0.99887092 -0.98589766 -0.70843219
 -0.93917358 -0.91547808 -0.85475839 -0.85731747 -0.8138558  -0.77223608
 -0.72184663 -0.54293295 -0.66039999 -0.60975178 -0.26560758 -0.50338336
 -0.45700424 -0.41413158 -0.35546499 -0.30125261 -0.23007783 -0.00547166
 -0.03672738  0.02256506  0.09202322  0.17828188  0.26503448  0.34643845
  0.41375703  0.46805376  0.54784513  0.62195521  0.67136791  0.70190168
  0.76024748  0.80565921  0.87087674  0.93651631  0.97575787  0.983864
  0.96426121  0.72848335  0.91734148  0.91839062  0.90760608  0.88604078
  0.85713903  0.82444295  0.78988491  0.75136919  0.72083267  0.69842148
  0.70082888  0.72497036  0.71053368  0.6726408   0.63162334  0.5946202
  0.58362185  0.59330291  0.59496206  0.56500341  0.55781634  0.55120027
  0.50890506  0.44221124  0.40059771  0.3661978   0.33457962  0.3229778
  0.31689916  0.28637494  0.22952099  0.20893718  0.221407    0.25970596
  0.30898584  0.32622205  0.34129946  0.3612275   0.38292924  0.29028361
  0.48664949  0.4722929   0.57629357  0.60928263  0.62703255  0.65993729
  0.76602714  0.72096284  0.72716198  0.70340023  0.67594187  0.6557826
  0.62038468  0.5907251   0.54757778  0.49310745  0.42520852  0.12421647
  0.40274641  0.3334539   0.29077496  0.26805968  0.35590837  0.26380434
  0.26229214  0.30506319  0.3737991   0.41944095  0.48103926  0.56297177
  0.56674508  0.65098229  0.76064201  0.638642    0.88249978  0.92147087
  0.96087523  0.98521089  0.97956929  0.99044618  1.00746499  1.02651763
  1.01036993  0.95095694  0.90215932  0.86218801  0.81955876  0.78949769
  0.74694793  0.69486582  0.63170045  0.55183971  0.50357361  0.43372883
  0.35487653  0.26204919  0.16891601 -0.06788393 -0.08344464 -0.08046414
 -0.14815036 -0.21378139 -0.25594093 -0.30229047 -0.31396725 -0.31456465
 -0.32252114 -0.30897783 -0.28148588 -0.21322524 -0.25681107 -0.24347127
 -0.21923483 -0.16207735 -0.12152231 -0.08224728 -0.14141969 -0.04498915
  0.06286375  0.13235007  0.21282148  0.33921642  0.48300713  0.61109445
  0.58759823  0.77203534  0.90503472  1.01940533  1.13283015  1.27988843
  1.38191777  1.48446441  1.57575589  1.53900724  1.57024253  1.56126303
  1.44535734  1.60647715  1.64955208  1.66585811  1.7114523   1.64464106
  1.57965192  1.70099231  1.54808808  1.48677635  1.37143271  1.31894153
  1.29069542  1.2255669   1.14871936  1.0958441   1.06420779  1.05080199
  1.0545537   1.04333573  1.01263113  0.73390955  0.94534301  0.83048465
  0.728673    0.61057306  0.47454134  0.28269287  0.03732293 -0.15294737
 -0.35760094 -0.52770685 -0.67207533 -0.79504834 -0.88123228 -0.95049302
 -1.01448726 -1.0464581  -1.0999865  -1.15231899 -1.20955148 -1.25823726
 -1.3482797  -1.41222788 -1.47591585 -1.53139614 -1.58212955 -1.62667345
 -1.67074391 -1.71447977]
[-0.20395777 -0.20155415 -0.12712104 -0.04679511  0.04404671  0.05870867
 -0.00613324 -0.01753304 -0.04714538 -0.09019881 -0.03452537  0.05436727
  0.11215944  0.17780028  0.25059505  0.39188357  0.37599389  0.38258863
  0.50702364  0.58340584  0.65841736  0.79745974  0.9233743   1.01569153
  1.03227465  1.14321868  1.36580821  1.46294526  1.50972072  1.40000428
  1.3261808   1.34250774  1.34777229  1.36708461  1.25935532  1.13909692
  1.31198597  1.59425969  1.74452911  1.72209095  1.93840231  2.0381354
  2.00647658  1.68563953  1.39832908  1.32070233  1.19265176  1.03250453
  1.05428928  1.25927025  1.29372186  1.33812039  1.65414458  1.86774472
  1.90107786  1.65421799  1.11529019  0.71597015  0.43197235  0.13107451
 -0.11173    -0.3866314  -0.5831098  -0.77582892 -0.9149481  -1.00815542
 -1.07517428 -1.1153799  -1.11915934 -1.10510685 -1.0779798  -1.04751038
 -1.04374478 -1.07964177 -1.15982593 -1.27444524 -1.42534327 -1.55547671
 -1.67121417 -1.75334598 -1.80830641 -1.84466191 -1.8693685  -1.88768979
 -1.89882976 -1.90943579 -1.91773905 -1.92401682 -1.93064529 -1.93640728
 -1.94071335 -1.94545125 -1.94805894 -1.95096789 -1.95598266 -1.96057209
 -1.96368341 -1.96809375 -1.97240655 -1.97645427 -1.97999396 -1.98315015
 -1.98637937 -1.99007883 -1.99276113 -1.99445857]
[-0.82458803 -0.83530991 -0.8729482  -0.89783271 -0.9203019  -0.91935366
 -0.92296988 -0.92429707 -0.92656109 -0.92702433 -0.91806463 -0.90752843
 -0.90229343 -0.88743777 -0.8798556  -0.87144009 -0.8524111  -0.83687808
 -0.8192045  -0.81454151 -0.82106402 -0.81446515 -0.77342067 -0.80336142
 -0.76054452 -0.73223051 -0.71847226 -0.68324922 -0.63905224 -0.6150812
 -0.56864549 -0.51264529 -0.46920015 -0.42186366 -0.36790755 -0.31412009
 -0.26053646 -0.2391142  -0.2133704  -0.16312237 -0.11581745 -0.06873078
 -0.002293    0.06222618  0.08675982  0.12399636  0.1809377   0.25912297
  0.30537011  0.33437638  0.3874784   0.42481862  0.4608424   0.50503173
  0.55322312  0.61076763  0.6433907   0.65293169  0.67383974  0.7153829
  0.75252691  0.75953057  0.79402563  0.84007154  0.85838154  0.85844642
  0.84858269  0.82170469  0.81069858  0.81842194  0.80377125  0.76531777
  0.73224926  0.68824833  0.65455224  0.6189471   0.60049679  0.58980245
  0.57650012  0.56794504  0.5513704   0.53221906  0.50283222  0.489302
  0.50924877  0.52399779  0.52139849  0.50914004  0.51126697  0.52854439
  0.54405374  0.50970857  0.48790244  0.48279523  0.4800471   0.47577463
  0.49033046  0.4812855   0.45118851  0.43028356  0.42052877  0.4330867
  0.45302322  0.45783211  0.44305528  0.42698633  0.42975639  0.45726629
  0.47405035  0.49174951  0.51615141  0.5049765   0.52937423  0.53641771
  0.55482539  0.58664753  0.6001322   0.60077929  0.59545264  0.60032761
  0.6011661   0.59175438  0.57133497  0.56928382  0.56941391  0.55838057
  0.55714111  0.55048257  0.539077    0.54310554  0.54716549  0.5348087
  0.51010557  0.52941002  0.57247791  0.60014619  0.62696752  0.65218865
  0.66395814  0.67636194  0.68316286  0.72123273  0.75038061  0.7246488
  0.72846917  0.71210097  0.67598526  0.64703251  0.62744903  0.61513813
  0.59705314  0.54937076  0.50116204  0.45904104  0.43654226  0.42852045
  0.40849302  0.39910288  0.37753773  0.31860802  0.27208059  0.24239905
  0.20934511  0.18555771  0.14597636  0.09551215  0.04090927]
[-0.81418127 -0.82186481 -0.84999133 -0.86821495 -0.87787872 -0.87077828
 -0.87171524 -0.87663074 -0.88858913 -0.9031146  -0.91365631 -0.92026677
 -0.92784991 -0.93197444 -0.92528823 -0.90884165 -0.90589523 -0.90938578
 -0.89152969 -0.87050047 -0.86465129 -0.85696324 -0.82089404 -0.84617313
 -0.79822721 -0.76473726 -0.72954557 -0.68895883 -0.63849524 -0.58457492
 -0.52549054 -0.4570436  -0.40430342 -0.37617547 -0.35105443 -0.33359935
 -0.29859633 -0.25593108 -0.23085171 -0.19259718 -0.1336441  -0.06919308
  0.03189981  0.14234701  0.20203961  0.30609807  0.42366287  0.47448507
  0.50856046  0.53146143  0.57755874  0.61147382  0.60877057  0.6498832
  0.68594134]
[-0.74428382 -0.77137656 -0.81034226 -0.84981166 -0.88473663 -0.89303588
 -0.9017546  -0.91032325 -0.92013591 -0.94105287 -0.938114   -0.93561289
 -0.95391535 -0.9645138  -0.98156024 -0.9980578  -1.0032276  -1.00409646
 -1.01135721 -1.02735331 -1.04309963 -1.04579547 -1.03825331 -1.03403479
 -1.02736896 -1.01724594 -1.00748133 -0.99354395 -0.97818081 -0.94145465
 -0.92683744 -0.90217975 -0.88043053 -0.84563568 -0.8042618  -0.76418899
 -0.73218377 -0.65471286 -0.65500629 -0.60407246 -0.53625385 -0.49450847
 -0.44407242 -0.39773184 -0.33665932 -0.28032521 -0.21084086 -0.10207234
 -0.02271856  0.03644327  0.10500866  0.20081281  0.27304706  0.35336183
  0.44392653  0.47295725  0.55187973  0.62579691  0.67419254  0.70269335
  0.79269602  0.7976651   0.86081048  0.89265593  0.96137388  0.96883639
  0.95184054  0.92644565  0.90993707  0.88777922  0.89695409  0.89142174
  0.84529446  0.81452599  0.7823103   0.74760572  0.71934517  0.69976568
  0.70308301  0.72442168  0.70913789  0.67159697  0.63074978  0.58934297
  0.58309207  0.59084906  0.58948564  0.55691241  0.59061653  0.53947776
  0.49750312  0.43359292  0.35609725  0.36016571  0.3292716   0.31904483
  0.31577024  0.28947581  0.23782327  0.22077399  0.35465932  0.27288813
  0.32250809  0.34051036  0.35816728  0.43244099  0.40069544  0.4486666
  0.48578651  0.54022044  0.59002191  0.62189491  0.6376106   0.66564163
  0.69235392  0.71819275  0.72077519  0.69455277  0.6438381   0.64510347
  0.61018272  0.58023883  0.53766164  0.48407865  0.41744942  0.36263316
  0.35247819  0.3309276   0.2924727   0.27439235  0.27137425  0.27926924
  0.27952024  0.32240328  0.39113571  0.43415794  0.47455321  0.57250061
  0.62268012  0.65966925  0.70301359  0.79816008  0.88430559  0.92056249
  0.95767839  0.97761618  0.96972979  0.97901045  0.9939425   1.01174296
  1.03685017  0.93848315  0.90034038  0.88878594  0.80800553  0.77509191
  0.73070215  0.67632945  0.6118693   0.52971639  0.48006306  0.41004355
  0.33239141  0.2426381   0.1529197   0.05338906 -0.02995976 -0.08868737
 -0.14976518 -0.20956935 -0.2485916  -0.29286714 -0.30521446 -0.30755923
 -0.31764021 -0.30642528 -0.27979834 -0.25729675 -0.24976115 -0.23332846
 -0.20763386 -0.1494626  -0.10612341 -0.06749474 -0.02047328  0.02032759
  0.08670072  0.15912257  0.26296994  0.36508401  0.54293975  0.68786903
  0.71958575  0.79892857  0.93193937  1.00370335  1.15002336  1.29017528
  1.3848464   1.48089812  1.56672962  1.60841936  1.56943387  1.56400869
  1.58835001  1.61422548  1.73269208  1.67963928  1.71570683  1.64296823
  1.5717158   1.57811109  1.52993617  1.47003467  1.3623739   1.31660061
  1.29420371  1.2376297   1.16983137  1.12176599  1.0850721   1.06008057
  1.04597818  1.02072429  0.9819003   0.9012606   0.83781593  0.78221643
  0.67862343  0.559547    0.49838999  0.23598939  0.03736771 -0.152594
 -0.38726774 -0.552106   -0.69188926 -0.81747548]
[-7.99585939e-01 -8.05972929e-01 -8.33289364e-01 -8.52370183e-01
 -8.67947627e-01 -8.57955857e-01 -8.57833116e-01 -8.53253814e-01
 -8.46112716e-01 -8.38798815e-01 -8.31692324e-01 -8.26315169e-01
 -8.16210083e-01 -7.98161662e-01 -7.87128482e-01 -7.76954549e-01
 -7.64716823e-01 -7.49886680e-01 -7.29268629e-01 -7.25344342e-01
 -7.31249301e-01 -7.20736800e-01 -6.77136120e-01 -7.11392724e-01
 -6.71916450e-01 -6.47965936e-01 -6.40654631e-01 -6.11894253e-01
 -5.75233682e-01 -5.61008342e-01 -5.17985926e-01 -4.60620326e-01
 -4.17385895e-01 -3.77978033e-01 -3.32169360e-01 -2.84034206e-01
 -2.37372091e-01 -2.17295338e-01 -1.89531989e-01 -1.39688496e-01
 -9.99834110e-02 -5.89183014e-02  8.35881971e-04  5.46995158e-02
  7.19294002e-02  1.04903291e-01  1.59534142e-01  2.33875929e-01
  2.80487367e-01  3.10689780e-01  3.59040808e-01  3.95721291e-01
  4.31076465e-01  4.75263578e-01  5.21483772e-01  5.74919854e-01
  6.08553694e-01  6.22298556e-01  6.40394012e-01  6.78104072e-01
  7.13427438e-01  7.28541011e-01  7.70967247e-01  8.18783403e-01
  8.42462797e-01  8.45626158e-01  8.35924202e-01  8.10969967e-01
  7.99807843e-01  8.08251864e-01  7.94811570e-01  7.60215759e-01
  7.32820765e-01  6.95453675e-01  6.72007026e-01  6.40047383e-01
  6.15747790e-01  5.97112695e-01  5.82769583e-01  5.72624852e-01
  5.54136588e-01  5.35773456e-01  5.08463871e-01  4.96915871e-01
  5.17127257e-01  5.26789653e-01  5.20182008e-01  5.06284721e-01
  5.09842772e-01  5.25684995e-01  5.34984123e-01  5.03067997e-01
  4.83877300e-01  4.80518517e-01  4.79220085e-01  4.73466843e-01
  4.88686995e-01  4.82834869e-01  4.58246059e-01  4.38554862e-01
  4.28660860e-01  4.47348416e-01  4.70341859e-01  4.77901686e-01
  4.72067985e-01  4.66599453e-01  4.72431105e-01  5.01757679e-01
  5.21041010e-01  5.35362399e-01  5.54970982e-01  5.43894150e-01
  5.66069239e-01  5.72471593e-01  5.91754224e-01  6.20967088e-01
  6.30247772e-01  6.25707023e-01  6.15667651e-01  6.08856602e-01
  5.96696325e-01  5.71500418e-01  5.40012038e-01  5.24805572e-01
  5.08434201e-01  4.87552961e-01  4.79204667e-01  4.69905588e-01
  4.56183603e-01  4.55859352e-01  4.58538143e-01  4.46400613e-01
  4.29344599e-01  4.54461623e-01  5.00539665e-01  5.33067977e-01
  5.62018910e-01  5.91628071e-01  6.09181982e-01  6.25041328e-01
  6.36027833e-01  6.81467450e-01  7.09998140e-01  6.89862525e-01
  7.06033307e-01  7.03039210e-01  6.79528852e-01  6.57997721e-01
  6.48991802e-01  6.49353615e-01  6.46042864e-01  6.09627245e-01
  5.74160454e-01  5.41874138e-01  5.21053610e-01  5.18546316e-01
  5.11204113e-01  5.07281746e-01  4.91222594e-01  4.36314058e-01
  3.94200322e-01  3.64459829e-01  3.13832282e-01  2.80423518e-01
  2.36568052e-01  1.81759550e-01  1.29047534e-01]
[-0.57725187 -0.51435594 -0.47827    -0.43645031 -0.40414031 -0.39151375
 -0.3931825  -0.39774188 -0.38380719 -0.35939094 -0.30196531 -0.21115656
 -0.11450544 -0.01900719  0.082655    0.19789725  0.30097719  0.4115675
  0.4682625   0.47822844  0.49955344  0.51489156  0.57619344  0.64033656
  0.70609312  0.78782125  0.82143344  0.84725688  0.90568     0.9142625
  0.90901875  0.93690219  0.94637594  0.88817656  0.80645938  0.751095
  0.72506     0.77027375  0.79244094  0.75403281  0.77555938  0.79928375
  0.75818656  0.70722625  0.645255    0.62175594  0.67692312  0.69120656
  0.7010275   0.73124281  0.68880937  0.66803     0.66441562  0.61898688
  0.58395469  0.55822969  0.49131531  0.45078156  0.42861313  0.37407094
  0.31159719  0.29109     0.28109688  0.26783     0.27532219  0.30464719
  0.33302969  0.34671531  0.37947031  0.42822594  0.51648187  0.58480844
  0.61635594  0.64246094  0.68863188  0.74535656  0.77088187  0.79230969
  0.82319562  0.86273156  0.90676406  0.92318562  0.90884438  0.87615906
  0.801505    0.71243531  0.64486594  0.56478156  0.49411219  0.46057094
  0.42615144  0.36997553  0.31381812  0.281625    0.25110687  0.25235031
  0.25786     0.25379031  0.27120937  0.31999125  0.38995094  0.48551031
  0.57610462  0.65355116  0.73352569  0.72574841  0.70808859  0.802945
  0.84408437  0.79363     0.81110875  0.81666816  0.81768578  0.81686938
  0.81002188  0.81530906  0.75337312  0.68652812  0.65190291  0.64832641
  0.62839203  0.58355844  0.56734594  0.56908906  0.53817906  0.47697372
  0.46840081  0.41647625  0.28801963  0.16793025  0.05982063 -0.04111969
 -0.14455875 -0.19603594 -0.22450031 -0.22595813]
[ 6.2506e-01  6.7843e-01  7.4556e-01  7.6239e-01  7.2753e-01  6.2690e-01
  5.5024e-01  5.4914e-01  5.4801e-01  5.1546e-01  5.0309e-01  5.6675e-01
  6.4874e-01  6.9621e-01  6.6534e-01  5.6635e-01  4.8341e-01  4.7770e-01
  5.0676e-01  5.4712e-01  6.3068e-01  6.7289e-01  7.4121e-01  7.7502e-01
  7.0710e-01  6.6553e-01  6.3873e-01  6.0319e-01  5.6568e-01  5.6602e-01
  5.1593e-01  4.1932e-01  3.0560e-01  2.3116e-01  1.7542e-01  1.4189e-01
  1.6580e-01  1.7727e-01  1.7134e-01  1.6444e-01  1.9443e-01  2.8075e-01
  3.8576e-01  4.9544e-01  5.8780e-01  6.0061e-01  6.8226e-01  7.4684e-01
  7.8423e-01  8.8111e-01  9.2139e-01  9.5202e-01  1.0022e+00  1.0063e+00
  9.8558e-01  1.0159e+00  1.0129e+00  9.6538e-01  8.4171e-01  7.0611e-01
  6.2872e-01  5.2473e-01  4.1952e-01  3.5041e-01  3.1755e-01  2.9356e-01
  2.5437e-01  2.2944e-01  2.0343e-01  1.7753e-01  1.8219e-01  2.1153e-01
  2.5324e-01  3.4570e-01  4.7120e-01  6.1867e-01  7.5933e-01  8.1363e-01
  8.6107e-01  9.3003e-01  8.9146e-01  8.1318e-01  8.6923e-01  9.2094e-01
  9.3031e-01  9.0647e-01  9.3603e-01  9.4119e-01  8.9300e-01  8.5905e-01
  7.4241e-01  6.6561e-01  6.2433e-01  5.7468e-01  5.5068e-01  5.6989e-01
  5.5099e-01  5.1541e-01  5.0538e-01  4.4875e-01  3.2745e-01  2.2543e-01
  9.9006e-02 -4.0830e-03 -1.3105e-01 -2.5496e-01 -3.2567e-01 -3.6165e-01
 -3.6031e-01 -3.4543e-01 -3.4761e-01 -3.5301e-01 -3.4450e-01 -2.0102e-01
 -7.9692e-02 -2.1663e-02 -1.9280e-03 -3.3861e-02 -9.0026e-02 -1.6449e-01
 -2.2640e-01 -2.2665e-01 -1.2465e-01 -3.0349e-02  8.2345e-02  1.5298e-01
  2.4297e-01  3.6902e-01  3.9197e-01  4.7928e-01  6.1263e-01  8.2677e-01
  9.9114e-01  1.0712e+00  1.1694e+00  1.3438e+00  1.4975e+00  1.6182e+00
  1.7339e+00  1.7680e+00  1.7163e+00  1.6846e+00  1.6156e+00  1.4768e+00
  1.3716e+00  1.2881e+00  1.3034e+00  1.5449e+00  1.6484e+00  1.7210e+00
  1.8536e+00  2.1130e+00  2.1056e+00  1.8466e+00  1.5901e+00  1.3159e+00
  1.0739e+00  9.6730e-01  9.5369e-01  1.0822e+00  1.2450e+00  1.4022e+00
  1.6102e+00  1.8226e+00  1.9233e+00  1.7297e+00  1.3454e+00  7.7739e-01
  3.1944e-01  2.7192e-02 -2.8149e-01 -5.1932e-01 -7.1710e-01 -8.7619e-01
 -1.0265e+00 -1.1311e+00 -1.2155e+00 -1.2665e+00 -1.2974e+00 -1.3103e+00
 -1.3115e+00 -1.3088e+00 -1.3063e+00 -1.3148e+00 -1.3357e+00 -1.3768e+00
 -1.4323e+00 -1.4948e+00 -1.5467e+00]
[-0.99518  -1.0011   -0.99228  -0.98011  -0.99303  -1.0233   -1.044
 -1.0513   -1.0522   -1.0564   -1.0609   -1.0521   -1.0579   -1.0788
 -1.0971   -1.1164   -1.1147   -1.097    -1.0932   -1.1038   -1.1112
 -1.1072   -1.0973   -1.0899   -1.0785   -1.0771   -1.0654   -1.027
 -0.99914  -0.95864  -0.9108   -0.85809  -0.77657  -0.69331  -0.6253
 -0.5722   -0.55047  -0.57285  -0.57464  -0.55312  -0.56454  -0.54011
 -0.47449  -0.41212  -0.29876  -0.16784  -0.03298   0.12283   0.24439
  0.3172    0.41374   0.51869   0.56358   0.56726   0.58321   0.62221
  0.62656   0.64826   0.74702   0.82728   0.8822    0.89476   0.8807
  0.915     0.83589   0.73162   0.65574   0.62593   0.62525   0.61494
  0.62483   0.63217   0.66137   0.66772   0.65135   0.58963   0.53237
  0.52439   0.55893   0.61012   0.71344   0.77669   0.69949   0.62934
  0.59417   0.59777   0.54814   0.46231   0.44915   0.43142   0.38138
  0.29812   0.21265   0.19495   0.19818   0.20529   0.20914   0.17588
  0.15533   0.19476   0.26598   0.32745   0.41315   0.52904   0.59502
  0.60816   0.63836   0.74337   0.87769   0.87074   0.85014   0.85917
  0.85404   0.87662   0.93401   0.93056   0.79731   0.69712   0.60088
  0.49645   0.44618   0.39324   0.32392   0.26956   0.27017   0.25441
  0.19285   0.19801   0.18686   0.16496   0.19365   0.24486   0.3329
  0.4326    0.54449   0.64164   0.7568    0.86156   0.93494   0.94956
  0.90637   0.93606   0.95821   0.94318   0.9624    0.972     0.9675
  0.9222    0.81081   0.74994   0.69727   0.62424   0.56709   0.53734
  0.51907   0.49803   0.52143   0.49351   0.38844   0.29496   0.23427
  0.11265  -0.015359 -0.15579  -0.2845   -0.36931  -0.39573  -0.37745
 -0.3601   -0.35428  -0.35395  -0.34921  -0.23025  -0.11618  -0.061137
 -0.031045 -0.054495 -0.11993  -0.16827  -0.20805  -0.20271  -0.066541
  0.041226  0.12196   0.20072   0.34135   0.45356   0.51105   0.65596
  0.74375   0.88097   1.1113    1.2261    1.303     1.4404    1.5746
  1.6598    1.7127    1.7349    1.8364    1.9806    1.7302    1.5101
  1.3986    1.2958    1.3484    1.5232    1.605     1.7052    1.7735
  2.0279    2.0419    1.7782    1.4913    1.2466    1.0398    0.92422
  0.85118   0.88497   1.0261    1.2312    1.5284    1.7327    1.8024
  1.6218    1.2599    0.7696    0.35832   0.055194 -0.23527  -0.44735
 -0.6314   -0.77529  -0.91939  -1.0321   -1.125    -1.1738   -1.1903
 -1.1865  ]
