[-0.54721248 -0.51482313 -0.52388532 -0.58388945 -0.67087623 -0.76374548
 -0.82892203 -0.86984507 -0.8947999  -0.90222712 -0.90908625 -0.91397995
 -0.91774404 -0.9303189  -0.94602929 -0.95754092 -0.96547899 -0.96867653
 -0.96150997 -0.95577791 -0.96088946 -0.97932793 -1.00060375 -1.02177539
 -1.03521907 -1.03198565 -1.01941642 -1.01967364 -1.03426872 -1.05371175
 -1.06056185 -1.05017883 -1.040811   -1.03647467 -1.0234013  -1.00322917
 -0.97706288 -0.94048175 -0.89510034 -0.84264571 -0.79496759 -0.75193366
 -0.69331835 -0.63108906 -0.5803695  -0.5518831  -0.54585793 -0.53238494
 -0.50127791 -0.46583343 -0.42079694 -0.34798215 -0.26889219 -0.18400837
 -0.07367883  0.04208772  0.16368387  0.27945686  0.36844204  0.44138434
  0.48711268  0.51816869  0.56552015  0.62441147  0.68402104  0.72623937
  0.77074478  0.82732791  0.90396896  0.95698235  1.00545252  1.05136775
  1.02851519  1.02126563  1.00464744  0.92650501  0.84001767  0.7679811
  0.74751413  0.76081273  0.79867657  0.81133886  0.74601127  0.67182149
  0.62564887  0.59151847  0.58269042  0.60783099  0.63986764  0.66723471
  0.67562823  0.66394951  0.62086378  0.56924252  0.52785226  0.50335518
  0.48430289  0.44166416  0.39888322  0.34583481  0.28115245  0.24040657
  0.23505257  0.23610616  0.24173296  0.24356977  0.2210013   0.20620298
  0.21654455  0.26167876  0.33266955  0.40289259  0.44530736  0.48068518
  0.52525221  0.57072456  0.61937355  0.6697831   0.718032    0.74398792
  0.76322201  0.77865774  0.78915654  0.79415383  0.75814379  0.69075442
  0.60765509  0.53804188  0.48889641  0.43767809  0.38964391  0.34089953
  0.30355241  0.2707105   0.24145691  0.2312055   0.22459615  0.2235682
  0.23527777  0.2551467   0.29182699  0.35091103  0.44726132  0.57242452
  0.68100677  0.76759951  0.86111327  0.92194332  0.89787921  0.90712147
  1.01663315  1.07413923  1.07813949  1.06197514  1.05054594  1.05837682
  1.06153384  1.0295737   0.96311006  0.90511103  0.83935479  0.779175
  0.71766941  0.66920738  0.64031896  0.60737798  0.55150523  0.4896021
  0.39392775  0.27673173  0.13934989  0.02319995 -0.10537327 -0.22691908
 -0.3197184  -0.38146767 -0.40120463 -0.40459919 -0.40171571 -0.40604692
 -0.39941129 -0.32272869 -0.2505838  -0.21005498 -0.17503459 -0.1581913
 -0.17942183 -0.2117537  -0.23298557 -0.21607476 -0.11894105 -0.02724795
  0.06175458  0.14734655  0.25617965  0.38569389  0.47435074  0.59751508
  0.7243386   0.89666892  1.02714224  1.15382104  1.29626514  1.42821228
  1.52946204  1.61066472  1.70605928  1.79478006  1.82436906  1.83861828
  1.76987509  1.63730391  1.56441901  1.51201927  1.50435567  1.55054465
  1.55387912  1.57074355  1.60043176  1.65871536  1.62017177  1.46783963
  1.26742499  1.02713416  0.86050042  0.76884115  0.73053366  0.80256684
  0.91196778  1.0073242   1.1683017   1.36883517  1.37297113  1.20726292
  0.93162879  0.61229588  0.3593135   0.13011875 -0.10907339 -0.3277486
 -0.53306804 -0.69267484 -0.8485476  -0.97039765 -1.0706936  -1.13213021
 -1.16462608 -1.17292156 -1.17369033 -1.17269685 -1.17257449 -1.1932512
 -1.24215583 -1.31786318 -1.41161974 -1.51898612 -1.60652856 -1.67880639
 -1.72869042 -1.76390511 -1.78798851 -1.80401679 -1.81618942 -1.82504844
 -1.8320177  -1.83788507 -1.84179985 -1.84812425 -1.85153237 -1.85457144
 -1.85848829 -1.86040889 -1.86295745 -1.86620956 -1.86908807 -1.87080231
 -1.87340147 -1.8758278  -1.87713773]
[-0.84115881 -0.88277697 -0.90339976 -0.90835026 -0.89993789 -0.88510413
 -0.88437362 -0.91039513 -0.94447899 -0.97267256 -0.98564515 -0.98798867
 -0.99039068 -0.99316163 -1.00099482 -1.01710138 -1.04036326 -1.06661675
 -1.08242606 -1.07995312 -1.06479569 -1.05199557 -1.05816102 -1.07361508
 -1.07292682 -1.06093533 -1.05396092 -1.05147138 -1.04459893 -1.02675438
 -1.00155908 -0.96622061 -0.91607797 -0.86024955 -0.79932073 -0.72771327
 -0.63957509 -0.54477804 -0.48304638 -0.46588816 -0.47067887 -0.48164792
 -0.48128813 -0.47284412 -0.46085832 -0.41863293 -0.35567071 -0.26753157
 -0.15020245 -0.01448427  0.12522479  0.25148244  0.35205431  0.40489965
  0.44827694  0.47676817  0.50815293  0.56643076  0.60311461  0.63002688
  0.6676797   0.72632149  0.79379084  0.83647657  0.86625009  0.88966069
  0.882524    0.82647861  0.76129106  0.70434685  0.64490985  0.61136807
  0.613249    0.65806533  0.72441663  0.75196938  0.71983896  0.66683288
  0.61074092  0.57320758  0.56475345  0.57130825  0.61151581  0.67957094
  0.73219158  0.74471727  0.72418548  0.66886748  0.6306307   0.6050091
  0.57153373  0.54006341  0.50266467  0.43924829  0.34342332  0.26501937
  0.23211329  0.21871198  0.21966063  0.2292903   0.21851207  0.19906385
  0.21304152  0.27471517  0.37743171  0.48055577  0.54012361  0.57615787
  0.62408583  0.68258679  0.74049234  0.80019011  0.84051121  0.88222995
  0.91615445  0.93077415  0.94188158  0.95755569  0.9627039   0.89399196
  0.77194114  0.652333    0.57076998  0.50814796  0.43319998  0.37260426
  0.33019472  0.30053969  0.27489888  0.24980365  0.22745653  0.20958628
  0.19651566  0.20731979  0.26159358  0.33307075  0.42544074  0.54637206
  0.67385539  0.76748608  0.83277869  0.88958758  0.85178374  0.81489555
  0.89832497  0.94595515  0.94371261  0.94795363  0.95530814  0.95693183
  0.92507523  0.87788821  0.79962376  0.71363304  0.64947791  0.60254214
  0.58290269  0.58898648  0.56330838  0.53813842  0.52002953  0.47382888
  0.37933734  0.28653921  0.15989448  0.0321551  -0.09854598 -0.2180323
 -0.301559   -0.34791463 -0.34814772 -0.33793265 -0.3356172  -0.33289607
 -0.32932352 -0.22370674 -0.11006403 -0.05121296 -0.03058731 -0.03977076
 -0.08492924 -0.14952879 -0.19690092 -0.20034226 -0.10769951 -0.00449128
  0.11051772  0.20988778  0.28993417  0.35631486  0.40115451  0.49989487
  0.60519581  0.78717824  0.94792137  1.06854521  1.18632887  1.31111478
  1.43224313  1.52220372  1.60080343  1.62873264  1.61560246  1.58683319
  1.48736384  1.39270673  1.33714141  1.28801024  1.3144025   1.45806171
  1.51537202  1.60630199  1.70821258  1.89027274  1.95901798  1.79161811
  1.52170796  1.25057381  1.06528269  0.94493514  0.89921749  0.99894445
  1.15087284  1.2930755   1.4597163   1.68222151  1.79714442  1.64411303
  1.26846083  0.76489109  0.37105795  0.07439386 -0.21049409 -0.44338887
 -0.65740294 -0.81874989 -0.97240582 -1.08810918 -1.18005514 -1.23537686
 -1.26712668 -1.27585986 -1.2747786  -1.26864519 -1.2623662  -1.27431802
 -1.3083485  -1.36662293 -1.44060182 -1.52808144 -1.60105654 -1.66232571
 -1.7064928  -1.73622446 -1.75725965 -1.77119175 -1.78197998 -1.7898885
 -1.79603949 -1.80103274 -1.80609165 -1.81067159 -1.81411841 -1.81667905
 -1.81923045 -1.8214272  -1.82397062 -1.8270018  -1.83002076 -1.83235759
 -1.83482205 -1.83746642 -1.84017971 -1.84297296 -1.84561624 -1.84799901
 -1.85001961 -1.85170858 -1.85326526]
[-0.58583034 -0.53748836 -0.57330781 -0.64229569 -0.73359309 -0.80107994
 -0.8683021  -0.90312639 -0.9074531  -0.89138017 -0.89467028 -0.85459626
 -0.90030617 -0.9350854  -0.96360819 -0.98349419 -0.99033022 -0.98789579
 -0.99419311 -1.00116645 -1.00874204 -1.03333825 -1.07207139 -1.08259054
 -1.08100682 -1.08178791 -1.05925944 -1.05859961 -1.07141708 -1.07465655
 -1.06551754 -1.04553135 -1.06334538 -1.05888299 -1.00117414 -1.01274229
 -0.98964285 -0.93728723 -0.88217731 -0.82785962 -0.76203085 -0.68544382
 -0.57114807 -0.48216854 -0.48325928 -0.46438532 -0.47848014 -0.48350799
 -0.48843714 -0.45945153 -0.43315029 -0.37725443 -0.29920592 -0.18835602
 -0.05898802  0.06476991  0.20050843  0.30769155  0.39831969  0.43365683
  0.46469741  0.49251888  0.54066977  0.59008668  0.60943258  0.65084171
  0.72151406  0.7707874   0.84989382  0.85036125  0.87106347  0.87787729
  0.8427261   0.79790116  0.75450546  0.6783202   0.62768479  0.62357957
  0.64896759  0.7214746   0.72313028  0.73321114  0.68282329  0.62975406
  0.58959448  0.56844168  0.57466912  0.59056823  0.64488191  0.69433027
  0.73088905  0.68491152  0.69432725  0.64425944  0.60689003  0.58546375
  0.5499852   0.51257432  0.45882478  0.38544373  0.29640553  0.23614787
  0.22481513  0.22431453  0.22962765  0.23228078  0.20731918  0.20809498
  0.25067386  0.32603543  0.41375519  0.51591705  0.56378911  0.60239521
  0.66023078  0.7141619   0.7641071   0.82009401  0.87049349  0.89554437
  0.90715728  0.893644    0.94823402  0.9578434   0.91309221  0.81883236
  0.7189783   0.60379167  0.52947922  0.46623387  0.40449803  0.34531346
  0.31309518  0.2781634   0.28483612  0.23751294  0.22000362  0.20343084
  0.21186695  0.23919356  0.30085501  0.38641266  0.49289037  0.60341036
  0.68887836  0.81625419  0.84343557  0.85668904  0.84197531  0.86198277
  0.91370992  0.90280633  0.93974806  0.94463965  0.95661408  0.94681596
  0.89572648  0.83469148  0.75143372  0.68035624  0.62830201  0.59941252
  0.57010836  0.56606791  0.5487631   0.52644579  0.48653235  0.42480324
  0.32505423  0.21429332  0.09952247 -0.04492459 -0.16531179 -0.26467913
 -0.31852448 -0.3276013  -0.34012276 -0.33238233 -0.33400201 -0.31787857
 -0.26047837 -0.16303737 -0.08223472 -0.03423037 -0.04348403 -0.07469957
 -0.12858807 -0.17704062 -0.17355685 -0.14158414 -0.04329823  0.0698149
  0.17473387  0.26296665  0.3287352   0.39557027  0.46059947  0.5767078
  0.70323181  0.87058237  1.00607568  1.13176787  1.25044224  1.36352011
  1.46621508  1.55391769  1.6193244   1.61557428  1.57603976  1.52046242
  1.43027383  1.35933152  1.32927843  1.32845378  1.37489399  1.49628859
  1.5833555   1.69062629  1.8033266   1.89538138  1.84923007  1.63329863
  1.37657096  1.15555283  1.00605454  0.94108588  0.97411725  1.10029879
  1.25617365  1.39130256  1.5777773   1.71817436  1.69633657  1.42650132
  0.99988698  0.55593633  0.21169015 -0.07734616 -0.33399276 -0.545572
 -0.7415919  -0.89607616 -1.03231102 -1.14551957 -1.20629215 -1.23637137
 -1.27152616 -1.27674119 -1.28324309 -1.2765424  -1.28795972 -1.29504273
 -1.35093009 -1.41027144 -1.48947305 -1.56410738 -1.63243909 -1.68430893
 -1.69331717 -1.74666582 -1.75952698 -1.76967799 -1.78462796 -1.77950164
 -1.83538537 -1.80220918 -1.80710058 -1.80504582 -1.81373809 -1.8083999
 -1.80930359 -1.8237342  -1.83580884 -1.8184429  -1.82116405 -1.83228888
 -1.83177103 -1.83722557 -1.8402155 ]
[-0.88660001 -0.91473135 -0.9143657  -0.90504381 -0.88806824 -0.90284813
 -0.91152127 -0.97482385 -0.9746553  -0.99015395 -0.98961663 -0.99697985
 -1.00031179 -1.00721736 -1.02117224 -1.04485439 -1.06838948 -1.08503597
 -1.09493449 -1.06748888 -1.06793583 -1.05569385 -1.06985002 -1.08077237
 -1.06091469 -1.05162718 -1.05161072 -1.04639368 -1.02878771 -1.00496333
 -0.97675486 -0.92569819 -0.86822678 -0.80910481 -0.7417153  -0.64784505
 -0.55099696 -0.4843406  -0.45688417 -0.4681242  -0.47850055 -0.47742006
 -0.47547196 -0.46232123 -0.4749165  -0.36628788 -0.28342033 -0.16652358
 -0.02901402  0.11107197  0.24493495  0.35068409  0.40803814  0.45397271
  0.47996059  0.51442891  0.57299237  0.60032232  0.62669862  0.65918753
  0.71028835  0.79630272  0.83006627  0.86837954  0.92582226  0.85151899
  0.81125629  0.75008133  0.70080743  0.64384366  0.60647269  0.61272985
  0.65060609  0.71530542  0.75081288  0.72332733  0.67088856  0.59114282
  0.569443    0.56150227  0.58462766  0.61329229  0.67754556  0.73047077
  0.71969961  0.72814675  0.67474118  0.67357974  0.60793066  0.57048153
  0.54372284  0.51097416  0.44485209  0.35122052  0.26866906  0.22866502
  0.2118469   0.2136148   0.22477027  0.21668648  0.19806345  0.20568919
  0.27176965  0.37487225  0.47552777  0.54383639  0.57940463  0.63063824
  0.68866243  0.7438333   0.81892291  0.854014    0.89499616  0.93416053
  0.9468149   0.95271788  0.97234872  0.98177266  0.91921871  0.83474563
  0.67194819  0.5876014   0.52021497  0.4414591   0.37577335  0.33601378
  0.30060477  0.27068495  0.25991326  0.2268248   0.21924215  0.19464503
  0.20567206  0.26591576  0.33729794  0.41482265  0.54021056  0.68789286
  0.7863468   0.83040185  0.89509821  0.8697694   0.8237124   0.90919884
  0.94116519  0.93829208  0.94286285  0.95139774  0.95451618  0.92499601
  0.8791796   0.79731022  0.7144227   0.63013604  0.59733739  0.583225
  0.55896487  0.55490011  0.53014034  0.5234174   0.46825694  0.37601694
  0.28506947  0.17620195  0.02801649 -0.10026422 -0.21132241 -0.30681963
 -0.37846295 -0.33992128 -0.34833869 -0.34558311 -0.34335345 -0.34626015
 -0.21928427 -0.12195402 -0.05698864 -0.03356388 -0.01405828 -0.09259818
 -0.15925973 -0.21029942 -0.2236498  -0.15026277 -0.02761898  0.08734577
  0.18347432  0.27095035  0.36148187  0.38804906  0.48630532  0.59221953
  0.76189282  0.94225458  1.06307021  1.18735697  1.31238919  1.44432607
  1.52706598  1.57332533  1.65580306  1.63374482  1.62309985  1.51573017
  1.40590632  1.34979186  1.30066729  1.30360419  1.448048    1.50339741
  1.60879265  1.71217002  1.90713422  1.96013918  1.80268052  1.54253572
  1.2548792   1.06448032  0.94556584  0.8877288   0.95010278  1.14105941
  1.2890949   1.45108649  1.68009458  1.80339631  1.6613866   1.32973782
  0.79569725  0.38760631  0.08493766 -0.20673043 -0.44621603 -0.65597468
 -0.81794796 -0.97196356 -1.08958784 -1.18386783 -1.23372308 -1.27863311
 -1.29149622 -1.27242268 -1.29056074 -1.28554152 -1.29561103 -1.32004585
 -1.37426537 -1.44218685 -1.52247553 -1.58999005 -1.63758183 -1.6902527
 -1.71848921 -1.75592214 -1.75340978 -1.76391802 -1.77233474 -1.77820822
 -1.78227684 -1.78667082 -1.81206159 -1.79499086 -1.78801027 -1.79982033
 -1.79795126 -1.83182798 -1.80706788 -1.77728741 -1.81253633 -1.79003154
 -1.81783446 -1.82006714 -1.82288875 -1.82549185 -1.82779639 -1.8304401
 -1.83151044 -1.83304168 -1.86162259]
[-0.76366832 -0.84111646 -0.84960568 -0.8696947  -0.87489784 -0.88376455
 -0.88971939 -0.90247653 -0.92660572 -0.94004278 -0.94956008 -0.95526648
 -0.95494203 -0.95275748 -0.95770854 -0.9693176  -0.98756547 -1.0066896
 -1.02225752 -1.02745556 -1.01880256 -1.01934194 -1.02850279 -1.04513709
 -1.05618249 -1.05546821 -1.0563371  -1.03653071 -1.02249039 -1.00317283
 -0.97470739 -0.93254723 -0.92145311 -0.85018944 -0.79885582 -0.75464469
 -0.68568769 -0.63799595 -0.58763383 -0.55334901 -0.53233784 -0.5207853
 -0.5002465  -0.47218613 -0.42986019 -0.37479832 -0.31635657 -0.23946913
 -0.14123296 -0.06258569  0.0650602   0.16927188  0.26906681  0.36549665
  0.41567553  0.45309064  0.49158992  0.53510846  0.56545999  0.62465716
  0.66589324  0.71630932  0.7769137   0.84362986  0.89151167  0.93694296
  0.95652329  0.95701959  0.9403611   0.90771109  0.8549663   0.79393505
  0.74814302  0.7498998   0.73846607  0.7604335   0.75129384  0.7021903
  0.64779976  0.61344398  0.61367468  0.61458835  0.61035157  0.65007051
  0.67755641  0.69164483  0.68566302  0.62377814  0.5710475   0.55011185
  0.5288029   0.49289055  0.45610864  0.40358425  0.34103324  0.29681327
  0.29654583  0.26136534  0.255648    0.26861097  0.2454275   0.23517362
  0.21303232  0.28309334  0.31224152  0.37483894  0.41727513  0.46150903
  0.50598101  0.55282204  0.59730245  0.64745773  0.68914509  0.7226379
  0.76016635  0.76945335  0.78616784  0.78967966  0.77591769  0.72474616
  0.66034017  0.5904431   0.53750242  0.46827372  0.43214874  0.38673588
  0.33473779  0.30619882  0.27591279  0.25879627  0.25534543  0.25315072
  0.25534864  0.26250828  0.28989401  0.3362498   0.41311303  0.50995289
  0.60384217  0.69782136  0.77930369  0.83219771  0.8484607   0.89221524
  0.96336409  1.01334384  1.05092737  1.03537073  1.05259091  1.03985807
  1.07346088  1.03919311  0.99339014  0.94396903  0.90954837  0.84823099
  0.77756877  0.7209923   0.68786181  0.65797045  0.62019241  0.53929479
  0.47948958  0.38182424  0.25080796  0.10767552  0.00393326 -0.11488881
 -0.21939577 -0.29559519 -0.33352586 -0.30888168 -0.35694912 -0.35867327
 -0.33788507 -0.31087666 -0.233804   -0.1793869  -0.12310317 -0.1032707
 -0.12755151 -0.15045074 -0.17342251 -0.15136671 -0.09376794 -0.01954043
  0.06652339  0.13829405  0.2321643   0.33632655  0.43962506  0.54532132
  0.65301417  0.78233064  0.90007266  1.03036224  1.14317053  1.26147409
  1.34482149  1.44258879  1.58399177  1.6349716   1.67782665  1.72860226
  1.73244933  1.66806922  1.57316085  1.51211363  1.50909926  1.521725
  1.53220895  1.54397545  1.59455856  1.64288706  1.61168559  1.56264334
  1.38224126  1.17907299  1.01973884  0.90761143  0.85584188  0.8775894
  0.94112354  0.99662152  1.14119714  1.29824403  1.35735903  1.28673079
  1.08812305  0.83979861  0.58726569  0.32879431  0.0734322  -0.16116136
 -0.38357811 -0.54165504 -0.73428326 -0.88228036 -0.99558355 -1.07296651
 -1.12973782 -1.15326974 -1.16085925 -1.16033973 -1.16185897 -1.17984077
 -1.22167698 -1.28887682 -1.38039308 -1.47769944 -1.58626112 -1.67459018
 -1.75980607 -1.78362976 -1.81807284 -1.84357938 -1.85988885 -1.87173026
 -1.88055276 -1.86617189 -1.89443791 -1.89994    -1.90428541 -1.90834802
 -1.91175984 -1.91339163 -1.91846846 -1.92152752 -1.924665   -1.93460221
 -1.92969725 -1.92930594 -1.93522254 -1.93818793 -1.92610719 -1.94411249
 -1.94453287 -1.94633132 -1.94835522]
[-5.66782020e-01 -6.13732664e-01 -6.86981358e-01 -7.58029739e-01
 -8.13835714e-01 -8.38479956e-01 -8.72472480e-01 -8.84845933e-01
 -8.93650615e-01 -8.98498111e-01 -8.95596308e-01 -9.26166799e-01
 -9.36447706e-01 -9.50047493e-01 -9.56000563e-01 -9.58649769e-01
 -9.45073824e-01 -9.71715860e-01 -9.74941456e-01 -9.92093874e-01
 -1.00902711e+00 -1.02197692e+00 -1.02972290e+00 -1.03245671e+00
 -1.03261553e+00 -1.03637235e+00 -1.04307542e+00 -1.04981189e+00
 -1.05276657e+00 -1.04646918e+00 -1.03578322e+00 -1.02298907e+00
 -1.00288819e+00 -9.75216898e-01 -9.39946126e-01 -8.97405803e-01
 -8.51939954e-01 -8.00499754e-01 -7.45667565e-01 -6.86950838e-01
 -6.45685650e-01 -5.90065860e-01 -5.54067154e-01 -5.29072436e-01
 -5.25927951e-01 -4.90867999e-01 -4.61471866e-01 -4.19763959e-01
 -3.65489312e-01 -2.96828757e-01 -2.18254443e-01 -1.25555614e-01
 -1.99191444e-02  8.85492432e-02  1.92166039e-01  2.80283727e-01
  3.54613498e-01  4.17694775e-01  4.71410639e-01  5.12363540e-01
  5.54084792e-01  6.00792463e-01  6.46199194e-01  6.99457176e-01
  7.37118803e-01  7.91641782e-01  8.49199394e-01  9.03411296e-01
  9.36002385e-01  9.54541023e-01  9.48752650e-01  9.21859326e-01
  8.91736278e-01  8.43379371e-01  7.94355204e-01  7.63225517e-01
  7.51241540e-01  7.46379070e-01  7.43193144e-01  7.33740598e-01
  7.04171909e-01  6.60960626e-01  6.27924913e-01  6.16630540e-01
  6.19571979e-01  6.35672658e-01  6.53961860e-01  6.63947633e-01
  6.64752033e-01  6.57815200e-01  6.29718673e-01  6.01975674e-01
  5.56111024e-01  5.21908988e-01  4.90583288e-01  4.50224804e-01
  4.03163350e-01  3.56229328e-01  3.11277507e-01  2.78313940e-01
  2.66386134e-01  2.58850978e-01  2.76163783e-01  2.47844615e-01
  2.46732412e-01  2.56266297e-01  2.83667564e-01  3.24771857e-01
  3.79394558e-01  4.35932906e-01  4.82776147e-01  5.23600460e-01
  5.68674892e-01  6.13775289e-01  6.53765477e-01  6.92426370e-01
  7.31762501e-01  7.66223381e-01  7.81039314e-01  7.85324864e-01
  7.79750361e-01  7.70667744e-01  7.28710340e-01  6.74186686e-01
  6.07519049e-01  5.46077159e-01  4.85012608e-01  4.33790735e-01
  3.91956103e-01  3.48958784e-01  3.11545739e-01  2.85722707e-01
  2.63899877e-01  2.53448369e-01  2.52831145e-01  2.56684105e-01
  2.75201298e-01  3.07645347e-01  3.58899434e-01  4.28543065e-01
  5.14881345e-01  6.08765069e-01  6.97935398e-01  7.68646776e-01
  8.20775173e-01  8.70210726e-01  9.09988386e-01  9.22449405e-01
  9.75259838e-01  1.01100259e+00  1.02242299e+00  1.02921554e+00
  1.03111209e+00  1.02011157e+00  1.00264783e+00  9.80255741e-01
  9.13985155e-01  8.60080851e-01  8.04855876e-01  7.61125041e-01
  7.07033768e-01  6.67509464e-01  6.35386946e-01  5.91128215e-01
  5.25698543e-01  4.49783727e-01  3.53102344e-01  2.56614689e-01
  1.17916387e-01  8.74796545e-05 -1.13676929e-01 -2.09205724e-01
 -2.81220776e-01 -3.23942252e-01 -3.41583370e-01 -3.48496693e-01
 -3.39754739e-01 -3.13610398e-01 -2.79374772e-01 -2.27462748e-01
 -1.78984412e-01 -1.44516783e-01 -1.28875373e-01 -1.22018429e-01
 -1.33869382e-01 -1.40887952e-01 -1.30777697e-01 -9.01394450e-02
 -1.52828900e-02  7.18046619e-02  1.59975465e-01  2.43941545e-01
  3.43583645e-01  4.48138519e-01  5.46427566e-01  6.62136697e-01
  7.81384873e-01  9.08661678e-01  1.03106199e+00  1.15352436e+00
  1.25408895e+00  1.35241741e+00  1.44822129e+00  1.52702353e+00
  1.60461757e+00  1.65009349e+00  1.64459063e+00  1.63096697e+00
  1.61294093e+00  1.54406546e+00  1.50295259e+00  1.48005608e+00
  1.49062100e+00  1.52831266e+00  1.55971079e+00  1.60565132e+00
  1.60366222e+00  1.58248904e+00  1.51575846e+00  1.39265692e+00
  1.22750638e+00  1.05309213e+00  9.49947874e-01  9.02322347e-01
  9.00716379e-01  9.62544615e-01  1.06155838e+00  1.16498334e+00
  1.25542426e+00  1.31055590e+00  1.22943612e+00  1.06061056e+00
  8.26575901e-01  5.58460794e-01  3.06457481e-01  6.94561678e-02
 -1.60062182e-01 -3.74340253e-01 -5.68777293e-01 -7.32244456e-01
 -8.73982742e-01 -9.83241514e-01 -1.06561720e+00 -1.11920398e+00
 -1.14894450e+00 -1.16517224e+00 -1.16412902e+00 -1.17254722e+00
 -1.19157770e+00 -1.23083961e+00 -1.29362546e+00 -1.37643515e+00
 -1.47081704e+00 -1.56893314e+00 -1.65345257e+00 -1.72298469e+00
 -1.77378145e+00 -1.80953459e+00 -1.83264057e+00 -1.85200878e+00
 -1.87409589e+00 -1.87686773e+00 -1.88198934e+00 -1.89553247e+00
 -1.89377073e+00 -1.89840772e+00 -1.90237803e+00 -1.90586714e+00
 -1.90920428e+00 -1.91230384e+00 -1.91519585e+00 -1.91265895e+00
 -1.91202524e+00 -1.92362255e+00 -1.92628274e+00 -1.92590770e+00
 -1.93145892e+00 -1.93405400e+00 -1.93625873e+00]
[-5.87211890e-01 -6.78656139e-01 -7.69916220e-01 -8.39231463e-01
 -8.77811768e-01 -8.97028171e-01 -9.03513963e-01 -9.23198529e-01
 -9.01761178e-01 -8.88152988e-01 -9.15127805e-01 -9.47546098e-01
 -9.57514361e-01 -9.82851846e-01 -9.89753466e-01 -9.85423232e-01
 -9.90099634e-01 -9.98799512e-01 -1.01600537e+00 -1.04208402e+00
 -1.06472610e+00 -1.07920488e+00 -1.10173719e+00 -1.06100512e+00
 -1.01414194e+00 -1.06339451e+00 -1.07822988e+00 -1.07704512e+00
 -1.06277591e+00 -1.08653810e+00 -1.09019933e+00 -1.04155761e+00
 -1.02668278e+00 -9.96880915e-01 -9.56433755e-01 -8.93303493e-01
 -8.84512809e-01 -7.71571115e-01 -7.15594451e-01 -6.43581254e-01
 -5.37948511e-01 -4.86053803e-01 -4.70131829e-01 -4.77472256e-01
 -4.86510000e-01 -4.84022317e-01 -4.75615854e-01 -4.57629451e-01
 -4.09953841e-01 -3.33010265e-01 -2.48063402e-01 -1.23979276e-01
 -1.23132927e-03  1.35173396e-01  2.33146893e-01  3.43374268e-01
  3.61911449e-01  4.38182622e-01  4.71572157e-01  5.05034573e-01
  5.52277573e-01  5.83233049e-01  6.16788598e-01  6.60360671e-01
  7.20678204e-01  7.88485708e-01  8.22462683e-01  8.45144817e-01
  8.73227134e-01  8.66448515e-01  8.34735509e-01  7.78519817e-01
  7.03939488e-01  6.47611097e-01  6.31430043e-01  6.20922378e-01
  6.54395684e-01  6.19720757e-01  7.43779756e-01  7.16954695e-01
  6.56846463e-01  5.97038902e-01  5.71331098e-01  5.64515793e-01
  5.63130251e-01  6.08599695e-01  6.39365215e-01  7.19435337e-01
  7.13944280e-01  7.08250122e-01  6.50817295e-01  6.19289213e-01
  6.04355488e-01  5.68862500e-01  5.40150925e-01  4.89954024e-01
  4.28354451e-01  3.44470435e-01  2.69846646e-01  2.35172350e-01
  2.33935732e-01  2.23004147e-01  2.39605671e-01  2.49175756e-01
  2.05444390e-01  2.17599634e-01  2.97599165e-01  3.78454634e-01
  4.79929513e-01  5.35411585e-01  5.65880671e-01  6.10788171e-01
  6.66534512e-01  7.22879878e-01  7.84182744e-01  8.26484268e-01
  8.35126530e-01  9.02438930e-01  8.97221951e-01  8.57374481e-01
  9.31159190e-01  9.27137500e-01  8.62402317e-01  7.56251979e-01
  6.33794451e-01  5.53467893e-01  4.95397317e-01  4.77998331e-01
  3.79471593e-01  3.31193232e-01  3.02458806e-01  2.76256402e-01
  2.53071829e-01  2.33124695e-01  2.25946170e-01  2.06419573e-01
  2.15281799e-01  2.83719870e-01  3.41741707e-01  4.31883415e-01
  5.50800648e-01  6.72298354e-01  7.64326951e-01  8.21619939e-01
  9.05826723e-01  8.27993659e-01  8.09982889e-01  1.03473430e+00
  9.39428720e-01  9.40242725e-01  9.53551341e-01  9.57506705e-01
  9.31140352e-01  9.32599817e-01  8.62175909e-01  8.34622430e-01
  7.30648525e-01  6.68497805e-01  6.23063688e-01  5.98274964e-01
  5.96546527e-01  5.83492133e-01  5.61172195e-01  5.29784885e-01
  4.84885671e-01  4.12185723e-01  2.92699756e-01  1.64178171e-01
  6.54800347e-03 -8.57205488e-02 -2.03812061e-01 -2.85075366e-01
 -3.25726220e-01 -3.22415305e-01 -3.12386524e-01 -3.04252218e-01
 -3.14295717e-01 -2.97280061e-01 -1.99019354e-01 -5.10246652e-02
 -3.21110061e-02 -1.77433276e-02 -2.69554207e-02 -9.94618464e-02
 -1.35068427e-01 -1.66176049e-01 -1.51941738e-01 -6.49450183e-02
  3.67680244e-02  1.55918943e-01  2.43754561e-01  3.18404512e-01
  3.69687500e-01  4.49383382e-01  5.25636253e-01  6.45176491e-01
  7.93492744e-01  9.46246646e-01  1.06081756e+00  1.11375850e+00
  1.28043401e+00  1.39580610e+00  1.49585290e+00  1.56966829e+00
  1.51881610e+00  1.56892927e+00  1.54059024e+00  1.46414024e+00
  1.38611857e+00  1.36091518e+00  1.27875069e+00  1.32522988e+00
  1.46200549e+00  1.52885930e+00  1.61566159e+00  1.71909817e+00
  1.88510821e+00  1.94332977e+00  1.75901209e+00  1.50404207e+00
  1.24945366e+00  1.15260623e+00  9.66323121e-01  9.22505506e-01
  1.03012866e+00  1.16639002e+00  1.29580549e+00  1.46264634e+00
  1.68632018e+00  1.86756708e+00  1.63294434e+00  1.28209216e+00
  7.00424711e-01  3.19577842e-01  9.24808110e-02 -1.88384207e-01
 -4.24770970e-01 -6.36212047e-01 -8.03027256e-01 -9.65114333e-01
 -1.02791309e+00 -1.16133354e+00 -1.21374166e+00 -1.23944926e+00
 -1.24612910e+00 -1.24248293e+00 -1.23247317e+00 -1.22061006e+00
 -1.25663691e+00 -1.28339146e+00 -1.33981252e+00 -1.43680970e+00
 -1.53352539e+00 -1.62097677e+00 -1.69742197e+00 -1.72861220e+00
 -1.76024329e+00 -1.78235976e+00 -1.79749164e+00 -1.80866585e+00
 -1.82066633e+00 -1.81246835e+00 -1.83196243e+00 -1.83351880e+00
 -1.83888354e+00 -1.84256220e+00 -1.84546890e+00 -1.84807988e+00
 -1.81487423e+00 -1.85295183e+00 -1.85626707e+00 -1.86539327e+00
 -1.86181157e+00 -1.86218396e+00 -1.86711159e+00 -1.86996951e+00
 -1.87274451e+00 -1.87527744e+00 -1.87912144e+00]
[-0.54700661 -0.51437363 -0.52322549 -0.58315151 -0.67048814 -0.76325957
 -0.82859641 -0.86966527 -0.89469247 -0.9021351  -0.90900272 -0.91386888
 -0.91757457 -0.93014197 -0.9458908  -0.95732481 -0.96541871 -0.96866095
 -0.96188319 -0.9556593  -0.96110103 -0.97918276 -1.0004989  -1.02177154
 -1.03532768 -1.03210947 -1.01948015 -1.01968446 -1.03428548 -1.05379866
 -1.06069364 -1.05028766 -1.04090045 -1.03653938 -1.02354144 -1.00340372
 -0.97728595 -0.94074939 -0.8953735  -0.84286793 -0.79521251 -0.7522713
 -0.69367586 -0.6314109  -0.58057652 -0.55201457 -0.54617922 -0.53268826
 -0.50158327 -0.46621652 -0.42127198 -0.3484757  -0.26949649 -0.18474747
 -0.07477221  0.04117348  0.1627772   0.27866562  0.36779758  0.4408254
  0.48656298  0.51756383  0.5648167   0.62363704  0.68326163  0.72556967
  0.77001772  0.82651233  0.9032736   0.95636539  1.00507034  1.05124584
  1.02841427  1.02146852  1.00507162  0.92689582  0.84021204  0.76787241
  0.74720504  0.76047539  0.79858427  0.81168914  0.74630543  0.67206305
  0.62587617  0.59152307  0.58267547  0.60782681  0.63991966  0.66731458
  0.67587272  0.66467105  0.62139877  0.56967703  0.52818172  0.50334538
  0.48478928  0.44218124  0.39943697  0.34636297  0.28151685  0.24059905
  0.23515149  0.23616114  0.24186588  0.24376074  0.22111717  0.20618001
  0.21625121  0.26138867  0.3324494   0.40271678  0.44513033  0.48049126
  0.5250031   0.57043667  0.61908723  0.66951027  0.717935    0.74391829
  0.76316767  0.77863537  0.78926379  0.79453627  0.75871437  0.69138582
  0.60819842  0.53858052  0.48931971  0.4381052   0.39003491  0.34125533
  0.30389     0.27120864  0.24184986  0.23134337  0.22469021  0.22356711
  0.23517407  0.25489396  0.29139896  0.35025637  0.44648187  0.57168864
  0.68024966  0.76680151  0.8606637   0.92183189  0.89732937  0.90664284
  1.01607252  1.07389542  1.07809428  1.06190593  1.05040452  1.0584204
  1.06178469  1.02998771  0.96357259  0.90527218  0.83982348  0.77957873
  0.71802937  0.66955515  0.64076018  0.60789416  0.55211794  0.49042272
  0.39490724  0.27773102  0.1402978   0.02416986 -0.10452041 -0.22623632
 -0.31922377 -0.3811755  -0.40101986 -0.40428422 -0.40150345 -0.4060258
 -0.39973458 -0.32285911 -0.25053486 -0.20993474 -0.17477296 -0.15778001
 -0.17902399 -0.21147103 -0.23301772 -0.21645921 -0.11911373 -0.02770362
  0.0613994   0.14682904  0.25559928  0.38514051  0.47362612  0.59650636
  0.72315168  0.89558884  1.02594253  1.15263522  1.29487409  1.42666151
  1.52810821  1.60935918  1.70495448  1.79397822  1.82379873  1.8385763
  1.7699565   1.63722115  1.56446011  1.51192939  1.50410889  1.55041404
  1.5536801   1.5703754   1.60031391  1.65943037  1.62158629  1.46967437
  1.26927034  1.02852116  0.86146215  0.76931536  0.73037217  0.80216825
  0.91152038  1.00660906  1.16798216  1.36956699  1.37459419  1.20951726
  0.93397711  0.61435788  0.36117544  0.13197214 -0.10736996 -0.32623419
 -0.53158903 -0.69152546 -0.84759969 -0.96963437 -1.07012178 -1.13166588
 -1.16421205 -1.17249425 -1.17307879 -1.17193021 -1.17194238 -1.19252462
 -1.24140594 -1.31716259 -1.41105607 -1.51864667 -1.60637989 -1.67883242
 -1.72912663 -1.76413564 -1.78827402 -1.80433632 -1.81653419 -1.8254106
 -1.83239117 -1.83826519 -1.84265048 -1.84852292 -1.85197337 -1.85497902
 -1.8587106  -1.86082229 -1.86337133 -1.86662904 -1.86951255 -1.87129911
 -1.87382793 -1.87625627 -1.87787477]
[-0.5470066  -0.51437363 -0.52322549 -0.58315151 -0.67048814 -0.76325957
 -0.82859641 -0.86966527 -0.89469247 -0.9021351  -0.90900272 -0.91386888
 -0.91757457 -0.93014197 -0.9458908  -0.95732481 -0.96541871 -0.96866095
 -0.96188319 -0.9556593  -0.96110103 -0.97918276 -1.0004989  -1.02177154
 -1.03532768 -1.03210947 -1.01948015 -1.01968446 -1.03428549 -1.05379866
 -1.06069364 -1.05028766 -1.04090045 -1.03653938 -1.02354144 -1.00340371
 -0.97728595 -0.94074939 -0.8953735  -0.84286793 -0.79521251 -0.7522713
 -0.69367585 -0.6314109  -0.58057652 -0.55201457 -0.54617922 -0.53268826
 -0.50158327 -0.46621652 -0.42127198 -0.3484757  -0.26949648 -0.18474747
 -0.07477221  0.04117349  0.1627772   0.27866563  0.36779758  0.4408254
  0.48656298  0.51756383  0.5648167   0.62363704  0.68326163  0.72556967
  0.77001773  0.82651234  0.9032736   0.9563654   1.00507035  1.05124585
  1.02841427  1.02146852  1.00507162  0.92689582  0.84021204  0.76787241
  0.74720504  0.76047539  0.79858427  0.81168914  0.74630543  0.67206305
  0.62587617  0.59152307  0.58267547  0.60782682  0.63991966  0.66731458
  0.67587272  0.66467105  0.62139877  0.56967703  0.52818172  0.50334538
  0.48478928  0.44218124  0.39943697  0.34636297  0.28151685  0.24059905
  0.23515149  0.23616115  0.24186589  0.24376074  0.22111717  0.20618001
  0.21625121  0.26138868  0.3324494   0.40271678  0.44513033  0.48049127
  0.5250031   0.57043667  0.61908724  0.66951027  0.717935    0.74391829
  0.76316767  0.77863537  0.78926379  0.79453627  0.75871437  0.69138582
  0.60819842  0.53858052  0.48931971  0.4381052   0.39003491  0.34125533
  0.30389     0.27120864  0.24184986  0.23134337  0.2246902   0.22356711
  0.23517407  0.25489396  0.29139896  0.35025637  0.44648187  0.57168865
  0.68024966  0.76680151  0.8606637   0.92183189  0.89732937  0.90664284
  1.01607253  1.07389542  1.07809428  1.06190593  1.05040452  1.0584204
  1.06178469  1.0299877   0.96357259  0.90527218  0.83982348  0.77957873
  0.71802937  0.66955515  0.64076018  0.60789416  0.55211794  0.49042271
  0.39490724  0.27773102  0.14029779  0.02416985 -0.10452042 -0.22623632
 -0.31922377 -0.3811755  -0.40101986 -0.40428422 -0.40150346 -0.4060258
 -0.39973458 -0.32285911 -0.25053486 -0.20993474 -0.17477296 -0.15778001
 -0.17902399 -0.21147103 -0.23301772 -0.21645921 -0.11911373 -0.02770362
  0.06139941  0.14682905  0.25559928  0.38514051  0.47362612  0.59650636
  0.72315168  0.89558884  1.02594253  1.15263523  1.29487409  1.42666151
  1.52810821  1.60935919  1.70495448  1.79397822  1.82379873  1.83857629
  1.7699565   1.63722114  1.56446011  1.51192939  1.50410889  1.55041404
  1.5536801   1.5703754   1.60031391  1.65943037  1.62158628  1.46967436
  1.26927034  1.02852116  0.86146215  0.76931535  0.73037217  0.80216825
  0.91152039  1.00660906  1.16798217  1.36956699  1.37459419  1.20951725
  0.93397711  0.61435787  0.36117543  0.13197214 -0.10736997 -0.32623419
 -0.53158903 -0.69152546 -0.8475997  -0.96963437 -1.07012178 -1.13166588
 -1.16421205 -1.17249425 -1.17307879 -1.17193021 -1.17194238 -1.19252462
 -1.24140594 -1.31716259 -1.41105607 -1.51864667 -1.60637989 -1.67883242
 -1.72912663 -1.76413564 -1.78827402 -1.80433632 -1.81653419 -1.8254106
 -1.83239117 -1.83826519 -1.84265048 -1.84852292 -1.85197337 -1.85497902
 -1.8587106  -1.86082229 -1.86337133 -1.86662904 -1.86951255 -1.87129911
 -1.87382793 -1.87625627 -1.87787477]
[-0.84115438 -0.882774   -0.9033981  -0.90834943 -0.89993792 -0.88510551
 -0.88437546 -0.91039541 -0.94447789 -0.97267094 -0.98564403 -0.98798841
 -0.99039062 -0.99316154 -1.00099453 -1.01710073 -1.0403496  -1.06662569
 -1.08117554 -1.07995178 -1.06479546 -1.05199609 -1.05816075 -1.0769447
 -1.0729456  -1.06093838 -1.05396114 -1.04946944 -1.04459842 -1.02675444
 -1.00155956 -0.96621511 -0.91607976 -0.86025191 -0.79932317 -0.72771605
 -0.63957355 -0.54478424 -0.48305274 -0.46589197 -0.47068033 -0.48164801
 -0.47886782 -0.47284458 -0.46085796 -0.41865545 -0.35567218 -0.26753364
 -0.14684448 -0.01710257  0.12521863  0.25147626  0.35204835  0.40631703
  0.44827547  0.47676792  0.50815382  0.56642948  0.6031135   0.63002727
  0.6676807   0.72632149  0.79464721  0.8364762   0.86625118  0.88966102
  0.88376707  0.82648236  0.76129763  0.70435387  0.64490388  0.61137471
  0.61325366  0.65806694  0.72441452  0.75061655  0.71983986  0.666836
  0.61074476  0.57321631  0.56475538  0.57130989  0.61150577  0.67956782
  0.73218694  0.74471389  0.72418371  0.66886864  0.63063178  0.60500853
  0.57153358  0.54006344  0.50268457  0.43924803  0.34262766  0.26502387
  0.23304796  0.21871305  0.21965645  0.2295022   0.21851201  0.19906563
  0.21304313  0.27471439  0.37742718  0.48054503  0.54042673  0.57615517
  0.6240834   0.6819416   0.74048846  0.8001856   0.84050781  0.88222599
  0.91615074  0.93077111  0.94187944  0.95755334  0.96269971  0.89399006
  0.77194408  0.65234946  0.5707738   0.50815917  0.43320286  0.37288719
  0.3301862   0.30054066  0.27489923  0.2497856   0.22745705  0.20821016
  0.19651685  0.20732112  0.2615924   0.33306826  0.4254375   0.54636695
  0.67384826  0.76747984  0.83277713  0.88958242  0.85178416  0.81489754
  0.89832351  0.94595179  0.94096982  0.94795548  0.95530916  0.95694589
  0.92507662  0.8778904   0.79962829  0.71363954  0.64948391  0.60253299
  0.58290622  0.58898634  0.56145075  0.53813992  0.52002942  0.47202075
  0.37934048  0.28654191  0.15989909  0.03215772 -0.09854061 -0.21802622
 -0.30155402 -0.34791118 -0.34816411 -0.33545877 -0.33561912 -0.33289801
 -0.3293143  -0.22371103 -0.11007334 -0.05163482 -0.03059293 -0.03977509
 -0.08492231 -0.14952813 -0.19689917 -0.20033978 -0.10770301 -0.00449718
  0.11051949  0.20988018  0.28614453  0.3563091   0.40114963  0.49953466
  0.60519386  0.7871713   0.94791279  1.06853962  1.18632485  1.31111047
  1.43223856  1.52220135  1.60087828  1.62873273  1.61560601  1.586836
  1.48737133  1.39271747  1.33714949  1.28801882  1.31439649  1.45805617
  1.5153699   1.60629624  1.70821086  1.89026149  1.95900264  1.7916143
  1.52171446  1.25058426  1.06661312  0.94494152  0.89922265  0.99894127
  1.15086277  1.29306877  1.45969683  1.6822039   1.79644186  1.64410275
  1.26846516  0.76491217  0.37108026  0.07440946 -0.21047866 -0.44337541
 -0.65738958 -0.81873973 -0.97239597 -1.0881011  -1.18004807 -1.23537186
 -1.26697311 -1.27585828 -1.27477814 -1.26865183 -1.26235692 -1.27431859
 -1.30834802 -1.3666209  -1.4395254  -1.52807647 -1.60106801 -1.66232122
 -1.70648906 -1.73622162 -1.75725737 -1.77118996 -1.78197843 -1.78988712
 -1.79603045 -1.80103156 -1.80609049 -1.8106704  -1.81411727 -1.81666836
 -1.81923094 -1.82256521 -1.82397942 -1.82700312 -1.82975289 -1.83235651
 -1.83482098 -1.83746533 -1.84017861 -1.84297184 -1.8456151  -1.84799788
 -1.85109913 -1.85170747 -1.85326415]
[-5.66782020e-01 -6.13732664e-01 -6.86981358e-01 -7.58029739e-01
 -8.13835714e-01 -8.38479956e-01 -8.28446585e-01 -8.84845933e-01
 -8.93650615e-01 -8.98498111e-01 -8.95596308e-01 -9.17998975e-01
 -9.48127763e-01 -9.50047493e-01 -9.56000563e-01 -9.58649769e-01
 -9.45073824e-01 -9.71715860e-01 -9.74941456e-01 -9.92093874e-01
 -1.00902711e+00 -1.02197692e+00 -1.02972290e+00 -1.03245671e+00
 -1.03261553e+00 -1.03733127e+00 -1.04307542e+00 -1.04981189e+00
 -1.05276657e+00 -1.04646918e+00 -1.03578322e+00 -1.02298907e+00
 -1.00288819e+00 -9.75216898e-01 -9.13758720e-01 -8.97405803e-01
 -8.51939954e-01 -8.00499754e-01 -7.45667565e-01 -6.86950838e-01
 -6.45685650e-01 -6.46183667e-01 -5.83549169e-01 -5.29072436e-01
 -5.25927951e-01 -4.63470516e-01 -4.61471866e-01 -4.19763959e-01
 -3.65489312e-01 -2.96828757e-01 -2.18254443e-01 -1.25555614e-01
 -1.99191444e-02  8.85492432e-02  1.92166039e-01  2.80283727e-01
  3.54613498e-01  4.17694775e-01  4.46482135e-01  5.08785468e-01
  5.99350267e-01  6.00792463e-01  6.46199194e-01  6.99457176e-01
  7.37118803e-01  7.91641782e-01  8.44997869e-01  9.03411296e-01
  9.36002385e-01  9.54541023e-01  9.48752650e-01  9.21859326e-01
  8.91736278e-01  8.43379371e-01  7.94355204e-01  7.63225517e-01
  7.41319823e-01  7.46379070e-01  7.43193144e-01  7.33740598e-01
  7.04171909e-01  6.48911102e-01  6.27924913e-01  6.37831352e-01
  6.11268332e-01  6.36087496e-01  6.29171796e-01  6.63947633e-01
  6.64752033e-01  6.57815200e-01  6.29718673e-01  6.01975674e-01
  5.59524497e-01  5.21908988e-01  4.90583288e-01  4.50224804e-01
  4.03163350e-01  3.86549573e-01  3.11277507e-01  2.78313940e-01
  2.66386134e-01  2.58850978e-01  2.76163783e-01  2.47844615e-01
  2.46732412e-01  2.56266297e-01  2.85374269e-01  3.24771857e-01
  3.79394558e-01  4.35932906e-01  4.82776147e-01  5.37855437e-01
  5.68674892e-01  6.13775289e-01  6.53765477e-01  6.92426370e-01
  7.31762501e-01  7.32938619e-01  7.81039314e-01  7.85324864e-01
  7.79750361e-01  7.70667744e-01  7.28710340e-01  6.74186686e-01
  6.07519049e-01  5.46077159e-01  4.83644481e-01  4.33790735e-01
  3.86105230e-01  3.48958784e-01  3.11545739e-01  2.85722707e-01
  2.63899877e-01  2.53448369e-01  2.52831145e-01  2.56684105e-01
  2.50880563e-01  3.07645347e-01  3.76192763e-01  4.28543065e-01
  5.14881345e-01  6.08765069e-01  6.97935398e-01  7.68646776e-01
  8.76278528e-01  8.70210726e-01  9.09988386e-01  9.22449405e-01
  9.75259838e-01  1.01100259e+00  1.02597501e+00  1.02921554e+00
  1.03111209e+00  1.02011157e+00  1.00264783e+00  9.80255741e-01
  9.13985155e-01  8.48504795e-01  8.04855876e-01  7.61125041e-01
  7.07033768e-01  6.67509464e-01  6.35386946e-01  5.91128215e-01
  5.25698543e-01  4.15535082e-01  3.53102344e-01  2.17632890e-01
  1.17916387e-01  8.74796545e-05 -1.13676929e-01 -2.09205724e-01
 -3.42335961e-01 -3.23942252e-01 -3.41583370e-01 -3.48496693e-01
 -3.39754739e-01 -3.57526186e-01 -2.79374772e-01 -2.27462748e-01
 -1.78984412e-01 -1.23521116e-01 -1.28875373e-01 -1.15002313e-01
 -1.33869382e-01 -1.40887952e-01 -1.30777697e-01 -9.01394450e-02
 -1.52828900e-02  7.18046619e-02  1.56628145e-01  2.43941545e-01
  3.43583645e-01  4.48138519e-01  5.46427566e-01  6.62136697e-01
  7.37082132e-01  8.89331902e-01  1.03106199e+00  1.15352436e+00
  1.25408895e+00  1.35241741e+00  1.44822129e+00  1.52702353e+00
  1.60461757e+00  1.65009349e+00  1.64459063e+00  1.65192145e+00
  1.61294093e+00  1.58699699e+00  1.50295259e+00  1.48005608e+00
  1.49062100e+00  1.52831266e+00  1.55971079e+00  1.60565132e+00
  1.60366222e+00  1.58248904e+00  1.48989093e+00  1.39265692e+00
  1.26125845e+00  1.05309213e+00  9.49947874e-01  9.02322347e-01
  9.00716379e-01  9.62544615e-01  1.04806669e+00  1.16498334e+00
  1.25542426e+00  1.31055590e+00  1.25621943e+00  1.06061056e+00
  7.71717133e-01  5.58460794e-01  3.06457481e-01  6.94561678e-02
 -1.60062182e-01 -3.74340253e-01 -5.68777293e-01 -7.32244456e-01
 -8.73982742e-01 -9.83241514e-01 -1.06561720e+00 -1.11920398e+00
 -1.14894450e+00 -1.16517224e+00 -1.16412902e+00 -1.17254722e+00
 -1.19157770e+00 -1.23083961e+00 -1.29362546e+00 -1.37643515e+00
 -1.47081704e+00 -1.56893314e+00 -1.68790885e+00 -1.72298469e+00
 -1.77378145e+00 -1.80953459e+00 -1.83264057e+00 -1.85200878e+00
 -1.87409589e+00 -1.87686773e+00 -1.88198934e+00 -1.89553247e+00
 -1.89377073e+00 -1.89840772e+00 -1.90237803e+00 -1.90586714e+00
 -1.90920428e+00 -1.91230384e+00 -1.91519585e+00 -1.91265895e+00
 -1.91202524e+00 -1.92362255e+00 -1.92628274e+00 -1.92590770e+00
 -1.93145892e+00 -1.93508235e+00 -1.93625873e+00]
[-0.76389192 -0.84111132 -0.84958258 -0.86967772 -0.87437665 -0.88390016
 -0.8897977  -0.90252408 -0.9264595  -0.94011337 -0.94954953 -0.95525784
 -0.95493317 -0.95265887 -0.95770034 -0.969307   -0.98671654 -1.00670638
 -1.02222173 -1.02745089 -1.01878423 -1.01937441 -1.02849644 -1.04559868
 -1.05594045 -1.05546928 -1.05559416 -1.03685706 -1.02264319 -1.00317473
 -0.97471001 -0.93252572 -0.92146097 -0.85019848 -0.79887781 -0.75467736
 -0.68567806 -0.63801642 -0.58744177 -0.55337577 -0.5324006  -0.52078827
 -0.50068594 -0.47199006 -0.42968478 -0.37481234 -0.31638114 -0.23951097
 -0.14153116 -0.0621683   0.06509739  0.16921817  0.26901028  0.36545676
  0.4156415   0.45306282  0.49155399  0.5351421   0.56542493  0.62461909
  0.66583766  0.71626456  0.77687017  0.84358688  0.89147175  0.93691092
  0.95650457  0.95701025  0.94035447  0.90773712  0.85498708  0.79395312
  0.74814922  0.74988826  0.7385025   0.76042209  0.75101224  0.70220112
  0.64786479  0.61345369  0.61367865  0.61592818  0.61034063  0.65005991
  0.67755063  0.69167388  0.6856748   0.62390123  0.57060092  0.55012545
  0.52881907  0.49290683  0.45613661  0.40360964  0.34104858  0.29683592
  0.29656366  0.26137716  0.25508261  0.26848122  0.24559496  0.2351823
  0.21304185  0.28308183  0.31294161  0.37481834  0.41723994  0.46154473
  0.50596134  0.55357027  0.59735994  0.64741981  0.68895068  0.72261952
  0.76015298  0.76944117  0.78615401  0.78966839  0.77591726  0.72474285
  0.66035928  0.59045     0.53752143  0.46826758  0.43216715  0.38675482
  0.33475532  0.30620444  0.27592649  0.25880985  0.25543558  0.2531622
  0.25535045  0.2627548   0.28988773  0.33615026  0.4130849   0.5100315
  0.60369213  0.69722488  0.77926618  0.83216967  0.84844317  0.89219777
  0.96334728  1.01333984  1.05091098  1.03547098  1.05198753  1.03982519
  1.07354548  1.03931904  0.99337281  0.94397421  0.90962804  0.84827326
  0.77769655  0.72101717  0.68788837  0.65803646  0.62079355  0.53933708
  0.47953601  0.38199784  0.25186807  0.10773562  0.00393978 -0.11483323
 -0.21924652 -0.29547221 -0.33350042 -0.30886236 -0.35693439 -0.35865975
 -0.33769623 -0.3108819  -0.23381345 -0.17930304 -0.12250759 -0.10325687
 -0.12756057 -0.15030398 -0.17340153 -0.15159662 -0.09432452 -0.01955084
  0.06652383  0.13827392  0.23213934  0.33635769  0.43972793  0.54529437
  0.65287103  0.78227838  0.89999136  1.03030261  1.143255    1.26050305
  1.34556528  1.44255024  1.58395698  1.63493347  1.67778489  1.7278675
  1.7324615   1.66809775  1.57318368  1.51208589  1.50936153  1.52179346
  1.53183666  1.54396503  1.59450178  1.64286406  1.61205355  1.5628879
  1.38328118  1.17880068  1.01978242  0.90766353  0.85587295  0.87769388
  0.94097675  0.99658158  1.14114394  1.29819982  1.35734924  1.28677169
  1.08823789  0.83991166  0.58725016  0.32891331  0.07354593 -0.1610514
 -0.38348711 -0.54156631 -0.73418421 -0.88222076 -0.99552645 -1.07278831
 -1.12979938 -1.15323048 -1.16044553 -1.16032558 -1.16184332 -1.17982154
 -1.2216112  -1.28884948 -1.38057279 -1.47767446 -1.58624284 -1.67370921
 -1.75979969 -1.78348348 -1.81854828 -1.84359533 -1.86003476 -1.87175064
 -1.88071755 -1.86656098 -1.89463304 -1.89996351 -1.9044654  -1.90837242
 -1.91155662 -1.91327165 -1.91837406 -1.92155281 -1.92446629 -1.93462786
 -1.92972301 -1.92933181 -1.93535312 -1.93821413 -1.92606724 -1.94402992
 -1.94455935 -1.94667758 -1.94845922]
[-7.65830432e-01 -8.40257401e-01 -8.49867831e-01 -8.69185172e-01
 -8.73979527e-01 -8.82873363e-01 -8.88802486e-01 -9.02425677e-01
 -9.26417073e-01 -9.40068747e-01 -9.49461694e-01 -9.54986249e-01
 -9.54402390e-01 -9.51930728e-01 -9.57423604e-01 -9.69638277e-01
 -9.87278734e-01 -1.00743098e+00 -1.02277746e+00 -1.02738762e+00
 -1.01839028e+00 -1.01875844e+00 -1.02861486e+00 -1.04607882e+00
 -1.05600159e+00 -1.05496475e+00 -1.05435420e+00 -1.03616060e+00
 -1.02177444e+00 -1.00191237e+00 -9.72997302e-01 -9.30923264e-01
 -9.17350473e-01 -8.47278111e-01 -7.95880936e-01 -7.51419716e-01
 -6.82993071e-01 -6.34356175e-01 -5.84201178e-01 -5.50992791e-01
 -5.31161000e-01 -5.19683288e-01 -4.99161940e-01 -4.70168944e-01
 -4.27494826e-01 -3.71835289e-01 -3.13096879e-01 -2.35836144e-01
 -1.37625959e-01 -5.65874814e-02  6.90500257e-02  1.72880841e-01
  2.72190393e-01  3.66698632e-01  4.16595572e-01  4.53155376e-01
  4.91381269e-01  5.35279412e-01  5.66878331e-01  6.24598388e-01
  6.66042039e-01  7.16535602e-01  7.77332484e-01  8.44028100e-01
  8.91404162e-01  9.36641232e-01  9.54672000e-01  9.53633471e-01
  9.37423303e-01  9.03703872e-01  8.49652502e-01  7.89648424e-01
  7.45265045e-01  7.46568598e-01  7.38459832e-01  7.60411565e-01
  7.48767046e-01  6.98110254e-01  6.44208500e-01  6.11040054e-01
  6.11124697e-01  6.14497039e-01  6.11494857e-01  6.50783054e-01
  6.78214689e-01  6.91055876e-01  6.83229441e-01  6.22055953e-01
  5.68964522e-01  5.49096296e-01  5.28114973e-01  4.91626315e-01
  4.54583807e-01  4.02023843e-01  3.38818392e-01  2.94818365e-01
  2.94394230e-01  2.61426106e-01  2.55227623e-01  2.67570190e-01
  2.45176904e-01  2.34438024e-01  2.15117802e-01  2.82937140e-01
  3.15777388e-01  3.77912046e-01  4.19579852e-01  4.63008010e-01
  5.07781666e-01  5.55841084e-01  5.99592874e-01  6.49347457e-01
  6.90882940e-01  7.24997050e-01  7.61672663e-01  7.70276229e-01
  7.86623255e-01  7.90675711e-01  7.75530771e-01  7.23001282e-01
  6.57169218e-01  5.87746306e-01  5.34630524e-01  4.66539342e-01
  4.30401981e-01  3.84796541e-01  3.33255248e-01  3.04910522e-01
  2.74896707e-01  2.58612422e-01  2.55629939e-01  2.53566800e-01
  2.56202088e-01  2.63494654e-01  2.91169362e-01  3.38680152e-01
  4.16924787e-01  5.14599794e-01  6.07822533e-01  7.00618169e-01
  7.82622971e-01  8.34379749e-01  8.48163953e-01  8.92160891e-01
  9.66659951e-01  1.01608765e+00  1.04921704e+00  1.03497586e+00
  1.05197024e+00  1.04120614e+00  1.07222688e+00  1.03872756e+00
  9.91174295e-01  9.41348651e-01  9.07144844e-01  8.46578785e-01
  7.75532508e-01  7.19260925e-01  6.87311516e-01  6.57885290e-01
  6.19813421e-01  5.39519239e-01  4.76996290e-01  3.77646056e-01
  2.47299450e-01  1.04973915e-01 -5.71315879e-04 -1.19280772e-01
 -2.22912638e-01 -2.97741090e-01 -3.33609567e-01 -3.10906893e-01
 -3.55978608e-01 -3.57585016e-01 -3.35951153e-01 -3.05309828e-01
 -2.29515228e-01 -1.75840103e-01 -1.19443003e-01 -1.00856605e-01
 -1.26572251e-01 -1.51077746e-01 -1.73277170e-01 -1.50066275e-01
 -9.01681948e-02 -1.42498737e-02  7.10178573e-02  1.42667049e-01
  2.37036368e-01  3.41659567e-01  4.44621271e-01  5.50315489e-01
  6.58147066e-01  7.88224180e-01  9.06028352e-01  1.03459074e+00
  1.14696721e+00  1.26286693e+00  1.34738798e+00  1.44431128e+00
  1.58426959e+00  1.63653760e+00  1.67791530e+00  1.72772442e+00
  1.73135443e+00  1.66413644e+00  1.56960775e+00  1.51086427e+00
  1.51030390e+00  1.52349838e+00  1.53276261e+00  1.54761415e+00
  1.59713530e+00  1.64531296e+00  1.61599565e+00  1.55947760e+00
  1.37529430e+00  1.16981456e+00  1.01377462e+00  9.04091828e-01
  8.54949016e-01  8.81042354e-01  9.44852628e-01  1.00142197e+00
  1.14830516e+00  1.30687213e+00  1.36154867e+00  1.28294020e+00
  1.07847720e+00  8.27970757e-01  5.76479551e-01  3.19489931e-01
  6.44585050e-02 -1.70709518e-01 -3.92392216e-01 -5.51582309e-01
 -7.41638695e-01 -8.88264756e-01 -1.00054750e+00 -1.07680133e+00
 -1.13196445e+00 -1.15416846e+00 -1.16089584e+00 -1.16061632e+00
 -1.16224794e+00 -1.18108995e+00 -1.22424928e+00 -1.29285836e+00
 -1.38572942e+00 -1.48419115e+00 -1.59180095e+00 -1.67845208e+00
 -1.76206542e+00 -1.78667312e+00 -1.82101194e+00 -1.84547990e+00
 -1.86165542e+00 -1.87321663e+00 -1.88209138e+00 -1.86950462e+00
 -1.89592243e+00 -1.90122818e+00 -1.90568873e+00 -1.90956920e+00
 -1.91279985e+00 -1.91460130e+00 -1.91956257e+00 -1.92276552e+00
 -1.92568470e+00 -1.93526420e+00 -1.93091783e+00 -1.93077227e+00
 -1.93658801e+00 -1.93946515e+00 -1.92837925e+00 -1.94512837e+00
 -1.94580523e+00 -1.94792720e+00 -1.94969539e+00]
[-0.54835309 -0.58725207 -0.66402522 -0.75466663 -0.82612987 -0.88116343
 -0.91905125 -0.91980006 -0.90397057 -0.90036056 -0.89321034 -0.90980258
 -0.93440293 -0.97232393 -0.99152528 -0.99934346 -1.00249188 -1.00584404
 -1.01121101 -1.02443526 -1.04310228 -1.07057135 -1.08931523 -1.09410899
 -1.07910921 -1.06531292 -1.06710618 -1.07982913 -1.08310169 -1.07568549
 -1.06665393 -1.06393506 -1.05108012 -1.02751652 -1.02232404 -0.99230961
 -0.94642416 -0.89187972 -0.83213508 -0.76813853 -0.67854966 -0.58236084
 -0.51093135 -0.47672574 -0.4812546  -0.48940079 -0.47415648 -0.48492096
 -0.47354074 -0.44172949 -0.38218668 -0.30320657 -0.19276731 -0.04543215
  0.07226293  0.21236296  0.33624129  0.39754101  0.41909524  0.47547929
  0.50924553  0.56031117  0.60232831  0.63123342  0.65633685  0.71891156
  0.76539393  0.80372837  0.85392593  0.89174349  0.89285496  0.82821573
  0.76719922  0.69263325  0.63435334  0.59817876  0.5883433   0.62969724
  0.69045461  0.72901438  0.7146076   0.68051273  0.58660701  0.56577433
  0.55265567  0.56308657  0.60046795  0.66685246  0.75619221  0.74962531
  0.73817361  0.6798659   0.64032017  0.61849096  0.58500146  0.54800685
  0.5140518   0.45679112  0.35989466  0.29154886  0.22808287  0.20476483
  0.20201267  0.20659343  0.2050559   0.18889715  0.18894326  0.2383818
  0.33150197  0.43945973  0.52688013  0.55883309  0.60754337  0.67273358
  0.77593698  0.78479787  0.83608869  0.882485    0.92104607  0.93535339
  0.9524871   0.96377786  0.97470157  0.92496543  0.80221804  0.68558815
  0.59468486  0.52285185  0.43915212  0.38222669  0.34656379  0.30129719
  0.2711939   0.24318399  0.21635067  0.19687781  0.18187865  0.19643674
  0.24016494  0.29979163  0.33213605  0.51187224  0.63252537  0.74474399
  0.81993399  0.88470528  0.88113688  0.83516725  0.88743849  0.93131365
  0.94576281  0.9562672   0.96491815  0.95564025  0.92916169  0.88864019
  0.81885833  0.73513543  0.67069567  0.61871388  0.58912674  0.5838743
  0.54699434  0.54226288  0.46776923  0.48497248  0.38332623  0.31333362
  0.17833702  0.05615019 -0.07096285 -0.20351084 -0.29371381 -0.36771491
 -0.36339253 -0.38427207 -0.35201472 -0.36725088 -0.35653033 -0.27866079
 -0.15650191 -0.07875728 -0.04079821 -0.03819563 -0.0686128  -0.13326733
 -0.18440785 -0.21030925 -0.14421406 -0.04147759  0.08042803  0.18533546
  0.27814676  0.34787725  0.38673421  0.46222587  0.59124624  0.75652642
  0.92759165  1.06637562  1.18256389  1.310023    1.43140777  1.55553976
  1.62043989  1.67125843  1.64409041  1.62903539  1.54747022  1.40413831
  1.37673941  1.31641124  1.31373007  1.43656472  1.5287736   1.61273073
  1.69211226  1.85667963  1.99422263  1.86948652  1.6298573   1.35040129
  1.11843137  0.97323017  0.91449264  0.97907702  1.10871427  1.25119698
  1.41821386  1.63462303  1.78135932  1.6901427   1.36995147  0.89396393
  0.43747834  0.12865514 -0.16234317 -0.40118284 -0.62476562 -0.79401875
 -0.94863393 -1.07002373 -1.16803539 -1.24392433 -1.26603216 -1.28494819
 -1.2824191  -1.29284345 -1.25964563 -1.2802881  -1.30063146 -1.32477776
 -1.41883544 -1.49117509 -1.56309607 -1.63016353 -1.67003258 -1.70326011
 -1.72352648 -1.7405309  -1.75152416 -1.74177299 -1.76585    -1.77393979
 -1.77548652 -1.77984494 -1.78348803 -1.786      -1.78826517 -1.78597609
 -1.79260562 -1.81169436 -1.7982     -1.80046461 -1.82842017 -1.80510562
 -1.80756348 -1.81213214 -1.8126927 ]
[-0.55181715 -0.52206228 -0.54853723 -0.61865431 -0.70670545 -0.74858601
 -0.85412736 -0.88756161 -0.90400556 -0.90913757 -0.8917778  -0.86104719
 -0.88473887 -0.92124154 -0.95166305 -1.0498546  -0.90970933 -0.98452963
 -0.98718465 -0.99238743 -1.00195744 -1.01975447 -1.04507832 -1.0673029
 -1.07772325 -1.07141429 -1.05501608 -1.04962387 -1.05978516 -1.07121169
 -1.0568662  -1.05374746 -1.06120195 -1.05799198 -1.03763814 -1.01427029
 -0.98816993 -1.00895486 -0.89351506 -0.83520213 -0.77226476 -0.69804701
 -0.60975309 -0.5243246  -0.4745256  -0.42577852 -0.47136875 -0.47818993
 -0.48816819 -0.47399663 -0.44448727 -0.39377975 -0.32114097 -0.27517584
 -0.09812456  0.03632185  0.16803316  0.26938494  0.37675102  0.401623
  0.46706554  0.49355253  0.53539705  0.6296201   0.60116671  0.64178078
  0.7121977   0.76555608  0.81809332  0.84494841  0.87799899  0.88404196
  0.86301023  0.82221919  0.78279078  0.71081216  0.65009712  0.63182236
  0.65672432  0.67548636  0.71650243  0.72083204  0.7098235   0.64926688
  0.59593427  0.57149178  0.57138066  0.57733402  0.62209542  0.68165894
  0.73024993  0.73740172  0.70405149  0.64972281  0.62044424  0.59738685
  0.56071908  0.54226051  0.47786945  0.41165105  0.33172029  0.24973845
  0.23504018  0.23065756  0.2422329   0.24477295  0.23299945  0.20653805
  0.23119548  0.3002      0.42138372  0.51922845  0.55649869  0.59212905
  0.64481727  0.70378086  0.75424527  0.8098418   0.86167836  0.90229432
  0.90892924  0.90659898  0.95049623  0.97314438  0.91113793  0.86203245
  0.74691126  0.6244386   0.5567586   0.50950733  0.42037566  0.36129178
  0.3230478   0.29457428  0.26134636  0.2413242   0.22413256  0.2056681
  0.19978942  0.22131875  0.27924514  0.30447883  0.45851556  0.58239719
  0.70571707  0.76095037  0.83693818  0.85764155  0.85146345  0.84965171
  0.91016119  0.93267231  0.92665245  0.94451204  0.93288872  0.90886738
  0.90690514  0.85871308  0.77775846  0.695381    0.63031477  0.59665786
  0.56948334  0.55815595  0.56559033  0.52681446  0.50008605  0.44950786
  0.38317447  0.24072208  0.1187258  -0.01474308 -0.1423942  -0.24605015
 -0.31390618 -0.34529949 -0.34527715 -0.24171978 -0.33770347 -0.33472626
 -0.32288098 -0.19333072 -0.10160295 -0.04849274 -0.0702092  -0.07131656
 -0.11492894 -0.19444346 -0.18888596 -0.17477056 -0.08377793  0.02447033
  0.13549503  0.2246766   0.28818431  0.3437781   0.41841552  0.52639513
  0.64465083  0.84117307  0.96268843  1.09266766  1.15105597  1.32399613
  1.40735848  1.5297037   1.61321142  1.62070447  1.60117109  1.54925129
  1.45809038  1.39399146  1.2859715   1.312319    1.33711522  1.45987754
  1.56545943  1.66502987  1.7715165   1.9014472   1.89499518  1.70402216
  1.43947531  1.18895784  1.08195413  0.92815808  0.93100081  1.04852013
  1.19501572  1.32316048  1.50177514  1.70841657  1.76675953  1.55020421
  1.1322397   0.65785544  0.29971893  0.00227688 -0.25630905 -0.49232907
 -0.6983979  -0.85948878 -1.00242652 -1.12295666 -1.19675419 -1.24697544
 -1.27554568 -1.28464924 -1.28580293 -1.30744452 -1.29131516 -1.30221752
 -1.34424388 -1.40189305 -1.47905087 -1.5587943  -1.62542451 -1.66589258
 -1.71762484 -1.7446407  -1.76297008 -1.76935777 -1.78563977 -1.7817856
 -1.80483322 -1.80364154 -1.80841061 -1.80708749 -1.8158125  -1.81902838
 -1.84978193 -1.83219307]
[-1.06920181 -1.02124164 -1.05447205 -1.048426   -1.04863688 -1.03939301
 -1.02445812 -1.00008005 -0.96032011 -0.90843264 -0.85670254 -0.7904652
 -0.71592547 -0.64225793 -0.55562892 -0.48700905 -0.47774529 -0.48744818
 -0.48807294 -0.49566033 -0.49686999 -0.46949383 -0.41538136 -0.34608604
 -0.26176002 -0.15634542 -0.01301063  0.12652377  0.26226508  0.36656008
  0.4021318   0.43347603  0.45669058  0.51205054  0.60002462  0.67710259
  0.67026569  0.69236202  0.74819792  0.82598735  0.86174534  0.98958124
  0.99000662  0.94855752  0.90340231  0.83843125  0.77556665  0.6910412
  0.66918072  0.703046    0.71988941  0.7782209   0.8089324   0.75217121
  0.67196817  0.60774855  0.56844369  0.57815848  0.59495845  0.64407337
  0.71749498  0.74688308  0.74278984  0.73336645  0.69534008  0.6347876
  0.59214742  0.54397528  0.53788358  0.52353551  0.3965772   0.35061401
  0.28383284  0.2779923   0.21697315  0.22639486  0.26807861  0.25232467
  0.24089688  0.22401657  0.27624195  0.39607087  0.52308773  0.58297074
  0.60097733  0.629638    0.70863032  0.77173587  0.79195824  0.81594261
  0.87587136  0.92311495  0.95780021  0.97265204  0.97215557  0.96601576
  0.87665319  0.74202203  0.66050353  0.57606489  0.52456042  0.47940482
  0.39887435  0.32152206  0.28993435  0.26439771  0.27392752  0.26125533
  0.21781853  0.20954818  0.21569108  0.26892154  0.3629983   0.44681072
  0.53116004  0.61633659  0.78561063  0.80803932  0.84525586  0.81651666
  0.79514124  0.90321959  0.93735755  0.91052302  0.90963964  0.93588187
  0.95203742  0.89605093  0.85275061  0.77992865  0.71038314  0.6417886
  0.59201692  0.547329    0.58251701  0.56386015  0.53446891  0.50919517
  0.4761297   0.36947903  0.27279406  0.16433205  0.01865599 -0.13460974
 -0.23480571 -0.30502914 -0.35957647 -0.36101575 -0.34970218 -0.3386049
 -0.34142912 -0.36509783 -0.25487218 -0.11385638  0.01757095 -0.04182521
 -0.07256709 -0.12648211 -0.20977646 -0.24183877 -0.23245875 -0.12866072
 -0.03477319  0.07778624  0.19176018  0.31471955  0.35599509  0.36005877
  0.46704136  0.60158899  0.75608319  0.88860502  1.06978436  1.18087839
  1.35431701  1.43444586  1.54360761  1.62781678  1.6486234   1.61723227
  1.56751566  1.44138119  1.34133361  1.40042147  1.32541567  1.31691263
  1.43378353  1.4790961   1.56183539  1.76769819  1.91945193  1.86875026
  1.73605787  1.50584285  1.22653654  1.03429922  0.93784232  0.8595497
  0.98588169  1.13369671  1.26192704  1.42729557  1.66301389  1.74212228
  1.66621683  1.31572641  0.77606744  0.40200477  0.09982519 -0.19085637
 -0.43658031]
[0.27895532 0.2785005  0.26888129 0.26616419 0.26022594 0.25035259]
[-0.57884527 -0.55120367 -0.5796069  -0.63687576 -0.72549168 -0.76481955
 -0.86824606 -0.89174546 -0.91294432 -0.9135129  -0.90055067 -0.87248454
 -0.8993145  -0.93161607 -0.95884892 -1.05849916 -0.9135583  -0.99304008
 -0.99192827 -0.99949519 -1.00944202 -1.02590138 -1.04768957 -1.06708388
 -1.07646213 -1.06965712 -1.05291422 -1.04863336 -1.05425553 -1.06198069
 -1.04926222 -1.03941319 -1.03792277 -1.03495551 -1.01143738 -0.98622483
 -0.94462153 -0.98503588 -0.85695158 -0.81273077 -0.7502512  -0.67827367
 -0.59292004 -0.50839837 -0.46188925 -0.40674221 -0.44494535 -0.44439738
 -0.44502517 -0.42342321 -0.38661121 -0.34292908 -0.27018204 -0.22691651
 -0.05113919  0.07628413  0.19951109  0.29423321  0.40053443  0.42726852
  0.48836126  0.5178037   0.55858807  0.65756169  0.62759964  0.66187348
  0.71424881  0.76594259  0.81395408  0.83883099  0.87478202  0.87030412
  0.84978362  0.81695088  0.76911161  0.69733829  0.64324819  0.63983872
  0.66043711  0.67447604  0.71448329  0.71273802  0.70502043  0.65326691
  0.59832797  0.56823741  0.56279794  0.57685761  0.62165318  0.67690322
  0.71438785  0.71543795  0.68013072  0.62786236  0.59787656  0.57506599
  0.54219365  0.52556182  0.46907329  0.3961922   0.33664104  0.26371005
  0.2505732   0.25438464  0.26128678  0.26295482  0.25481963  0.24117335
  0.26596169  0.32751232  0.4477659   0.5485506   0.58183611  0.61388066
  0.66603514  0.71508045  0.76917593  0.81135381  0.85308743  0.87699505
  0.89625312  0.88352938  0.92676085  0.93060155  0.86577456  0.82054786
  0.71069611  0.59780329  0.53445982  0.48606858  0.39774028  0.35592068
  0.32407056  0.30308066  0.27293249  0.26373189  0.25426296  0.23757114
  0.2377262   0.26090645  0.31465976  0.3419887   0.48937913  0.608072
  0.7222714   0.76796421  0.84703329  0.86146335  0.8536219   0.84868157
  0.90110995  0.91869379  0.91241272  0.92276798  0.91105583  0.88481465
  0.87874398  0.83333954  0.75695274  0.67569986  0.61195633  0.57315685
  0.54315042  0.5257674   0.52061233  0.48416553  0.4430308   0.39952211
  0.33576804  0.20152957  0.08607163 -0.04092224 -0.1523078  -0.24014929
 -0.29640952 -0.32936461 -0.32703843 -0.22540021 -0.32578403 -0.31779817
 -0.30811996 -0.18150656 -0.08757724 -0.04676327 -0.06119156 -0.05644847
 -0.09165724 -0.16191627 -0.15064337 -0.12437947 -0.02659104  0.07305796
  0.19325588  0.28072897  0.33796798  0.40412061  0.48881509  0.59504191
  0.71006083  0.89226689  1.01537078  1.11884609  1.16476215  1.3310277
  1.40849424  1.52056441  1.6061236   1.59674524  1.58591094  1.55619423
  1.4804252   1.41062206  1.30690695  1.32643421  1.33971226  1.44782044
  1.550727    1.63063007  1.73198595  1.855022    1.82644684  1.66992232
  1.43226853  1.20599057  1.11419566  0.96066731  0.9410573   1.03698498
  1.16328892  1.26508822  1.41428636  1.57544487  1.59940709  1.3819696
  0.98499216  0.54011678  0.19534671 -0.08511167 -0.32709457 -0.5484486
 -0.75025279 -0.89698029 -1.02605403 -1.13393609 -1.21371632 -1.25991844
 -1.28870587 -1.30305984 -1.30790201 -1.33546549 -1.32758675 -1.33804575
 -1.37412068 -1.432061  ]
[-0.60139103 -0.65818885 -0.72302991 -0.78475344 -0.83225105 -0.84945992
 -0.90191902 -0.90429407 -0.90172312 -0.9112217  -0.90696009 -0.93441567
 -0.95662429 -0.93425116 -0.95992146 -0.97032355 -0.95359379 -0.99714311
 -0.99973327 -1.00083735 -1.01448921 -1.02169969 -1.03854512 -1.04260226
 -1.04056197 -1.04058386 -1.04371373 -1.05478314 -1.04835366 -1.02814515
 -1.02765064 -1.00767388 -0.98258918 -0.9426553  -0.91446726 -0.87089787
 -0.82335252 -0.77592071 -0.72779096 -0.6816614  -0.63500327 -0.58210646
 -0.54669732 -0.53208451 -0.50705308 -0.46076822 -0.40899994 -0.36971169
 -0.30855078 -0.25184533 -0.15147464 -0.04866248  0.04838954  0.14316424
  0.24668313  0.31540762  0.39276346  0.44897019  0.4984793   0.54213929
  0.58998872  0.64045854  0.68586032  0.74508159  0.78838251  0.8301808
  0.88155546  0.92367441  0.93980851  0.94596003  0.92373378  0.89274637
  0.87789521  0.83470158  0.79509002  0.76251781  0.74472431  0.7290345
  0.72706957  0.73504953  0.69374263  0.66535691  0.63639595  0.62388988
  0.62190628  0.62824361  0.64623333  0.65081434  0.6294209   0.62966926
  0.60020967  0.56781938  0.51986274  0.48732417  0.47761378  0.41296726
  0.3725603   0.33417382  0.29995428  0.26679171  0.25365273  0.25065323
  0.27360601  0.25787572  0.26740813  0.29002049  0.30691705  0.34765517
  0.40280587  0.45502179  0.50100859  0.55394029  0.56506474  0.62355677
  0.67148124  0.6950478   0.73184791  0.75535823  0.75830475  0.75199326
  0.7387312   0.75793639  0.69620139  0.63300954  0.56892742  0.50273832
  0.47563838  0.40444708  0.36882121  0.33185684  0.29645175  0.27336707
  0.27609856  0.25532487  0.26597295  0.28508783  0.32105784  0.35746595
  0.41205564  0.47985948  0.56960322  0.65063513  0.72065236  0.80106791
  0.84130083  0.89624718  0.9311002   0.93928924  0.96623108  1.01615491
  1.02297839  1.03018755  1.02646814  1.00741533  0.97862925  0.9483983
  0.88321102  0.8320493   0.77629755  0.75274031  0.68892835  0.63943399
  0.58818928  0.53189988  0.46116716  0.37621858  0.27514565  0.18151864
  0.05134484 -0.05185119 -0.15086833 -0.22831739 -0.29161099 -0.32685165
 -0.32864918 -0.32710629 -0.31671409 -0.28737243 -0.25003432 -0.20705603
 -0.15987748 -0.14501746 -0.13041917 -0.10925692 -0.08279867 -0.09858709
 -0.07088558 -0.03166601  0.06348536  0.14532037  0.23081309  0.31640848
  0.42883479  0.53775635  0.63024978  0.7538355   0.87543632  0.99804311
  1.09835723  1.22828257  1.32359141  1.41584339  1.50223799  1.54803128
  1.59637514  1.62855745  1.60896957  1.59805426  1.60575262  1.53979742
  1.50762268  1.48104807  1.516854    1.55176154  1.55305716  1.56661183
  1.52795545  1.49626056  1.42034856  1.31831407  1.18437466  1.03915487
  0.95940325  0.95151643  0.96340109  1.0247765   1.10589897  1.15017735
  1.17850257  1.18676953  1.07882381  0.89695147  0.66035681  0.40356563
  0.16506584 -0.05971849 -0.27396433 -0.4724565  -0.6472569  -0.78942244
 -0.90846815 -1.00048423 -1.06913176 -1.11364125 -1.14049483 -1.16326349
 -1.18712335 -1.19673435 -1.25042439 -1.28587372 -1.35338393 -1.4420642
 -1.52068976 -1.59915598 -1.67950417 -1.74350608 -1.78103221 -1.81544428
 -1.84468935 -1.85747972 -1.86078406 -1.88447621 -1.88702481 -1.89792632
 -1.89599578 -1.90026241 -1.90405418 -1.90755953]
[-0.57880206 -0.55119897 -0.57964164 -0.63691852 -0.72552317 -0.76483761
 -0.86825016 -0.89173766 -0.91292769 -0.91349435 -0.90054819 -0.87250025
 -0.89933506 -0.93162611 -0.95884558 -1.05848349 -0.91354472 -0.99303917
 -0.9911158  -0.99951097 -1.00945696 -1.02592365 -1.04770576 -1.06708352
 -1.07645024 -1.06964773 -1.05253044 -1.04865002 -1.05427267 -1.0620076
 -1.04930334 -1.0394691  -1.03798948 -1.03502072 -1.01150592 -0.98664815
 -0.94467736 -0.98443151 -0.8573868  -0.812708   -0.75017403 -0.67821018
 -0.59288351 -0.50753787 -0.46193298 -0.40681335 -0.44505458 -0.44453547
 -0.44518614 -0.42359506 -0.38674767 -0.34301455 -0.27022387 -0.22694631
 -0.051169    0.07624842  0.19929362  0.29417619  0.40047956  0.42794006
  0.488252    0.51767882  0.5584251   0.6574136   0.62751024  0.66184424
  0.71424035  0.76592799  0.81397547  0.8388197   0.87472787  0.87020073
  0.85009111  0.81701286  0.76901393  0.69725622  0.64322486  0.63987792
  0.66050473  0.67448436  0.714442    0.71267962  0.70494697  0.65319202
  0.59827122  0.56822338  0.5628137   0.57690719  0.62173349  0.67699965
  0.71444276  0.71548494  0.68019724  0.62792981  0.59794086  0.57509763
  0.54219304  0.52554902  0.46968376  0.39612886  0.33660231  0.26366112
  0.25049643  0.25429295  0.26143628  0.26238566  0.25471824  0.24112916
  0.26597483  0.327501    0.44607478  0.548709    0.58221049  0.6138629
  0.66777115  0.71380274  0.76924898  0.81142789  0.85315646  0.87728258
  0.89632947  0.88365673  0.9268941   0.9306578   0.86577457  0.82055311
  0.71070746  0.59780373  0.53445571  0.48606064  0.39772543  0.35589227
  0.32403645  0.30302972  0.27258876  0.26362063  0.25412824  0.23746916
  0.23764529  0.26086291  0.31468251  0.34203392  0.48942335  0.60812735
  0.7223401   0.76798184  0.84700238  0.861464    0.85365075  0.84870667
  0.90115542  0.91878237  0.91252185  0.92284767  0.91110374  0.88481704
  0.87873463  0.83275237  0.75691467  0.67571049  0.61203296  0.57324785
  0.54267685  0.52591905  0.51864825  0.48435607  0.44314037  0.39956038
  0.33526643  0.20152299  0.08604368 -0.04095114 -0.15236658 -0.24022157
 -0.29493857 -0.3294274  -0.32707461 -0.22541436 -0.32572397 -0.31767308
 -0.3079787  -0.18141923 -0.08756364 -0.04609903 -0.0613059  -0.05665356
 -0.09258718 -0.16200573 -0.1506876  -0.12442021 -0.0266318   0.07234361
  0.1932209   0.28062315  0.33784899  0.40373388  0.48871432  0.59497607
  0.71002814  0.89227474  1.0154114   1.11893782  1.16485656  1.33115511
  1.40866439  1.52069484  1.60617783  1.59749705  1.58580167  1.55608154
  1.48028988  1.40991006  1.30687022  1.32649221  1.33988977  1.44807226
  1.55109048  1.63096983  1.73216847  1.85501689  1.82632773  1.66971022
  1.4319624   1.20571869  1.11341303  0.96069235  0.94159686  1.03628143
  1.16381206  1.26574098  1.41487475  1.57581566  1.59953654  1.38202184
  0.98675377  0.54016216  0.19537761 -0.08510981 -0.32710947 -0.5484889
 -0.75030566 -0.89704721 -1.0261143  -1.13397859 -1.21373375 -1.25991299
 -1.2886724  -1.30300513 -1.30774518 -1.33540749 -1.32754328 -1.33802087
 -1.37411586 -1.4320659 ]
[0.31301866 0.31524533 0.30563666 0.30269394 0.2971778  0.28977954]
[0.31729156 0.32056051 0.3142281  0.31443638 0.31078465 0.30296646]
[-0.60431676 -0.66083701 -0.72518857 -0.78635385 -0.83336151 -0.85059041
 -0.90289156 -0.90560503 -0.90299964 -0.91247753 -0.90815826 -0.93538825
 -0.9576397  -0.93528706 -0.96091363 -0.97136256 -0.95477304 -0.99810172
 -1.00064688 -1.00147022 -1.01491277 -1.02174503 -1.03829507 -1.04199429
 -1.03950917 -1.03919804 -1.04195274 -1.0525519  -1.0456533  -1.02537799
 -1.02492085 -1.00486871 -0.9798326  -0.93991735 -0.91158851 -0.86777437
 -0.81989358 -0.77215009 -0.72374273 -0.67756448 -0.63052292 -0.57739733
 -0.54192521 -0.52742324 -0.50231417 -0.45576751 -0.40396496 -0.36443837
 -0.30308388 -0.24644063 -0.14612107 -0.04345011  0.05314611  0.14748582
  0.25064437  0.31900303  0.39557415  0.45102927  0.50008445  0.54304586
  0.59015606  0.64035915  0.685819    0.74468733  0.78817069  0.82943185
  0.88001429  0.92121274  0.93681868  0.9425933   0.92031517  0.88981037
  0.87534777  0.83300721  0.79443693  0.76206272  0.74409368  0.72792544
  0.72575186  0.73369957  0.69254292  0.66449899  0.63593587  0.6234923
  0.62091155  0.62676804  0.64409105  0.64880803  0.62724848  0.62749319
  0.59832963  0.56588756  0.51795813  0.48560652  0.47649158  0.4124703
  0.37255324  0.33460299  0.3009891   0.26840712  0.25569265  0.25305446
  0.27619517  0.2615365   0.27158546  0.29429702  0.31143415  0.3523178
  0.4072357   0.45861428  0.50389653  0.55602611  0.56654539  0.62445066
  0.67167302  0.69476338  0.73095682  0.7542222   0.75676053  0.74986772
  0.73604197  0.75493565  0.69316973  0.63007171  0.56646212  0.50101708
  0.47495221  0.40467725  0.36970387  0.33361004  0.29868562  0.27595479
  0.27863147  0.25782349  0.26939491  0.2887645   0.32468505  0.36162525
  0.4162373   0.48341554  0.57246499  0.65266424  0.72158503  0.80095252
  0.84060122  0.89478269  0.92929036  0.93764045  0.96382367  1.01338785
  1.01967254  1.02630012  1.02167286  1.00203144  0.9727477   0.9420919
  0.87669038  0.82536053  0.76956115  0.74609676  0.68257121  0.63332121
  0.58219733  0.52591125  0.45530498  0.37097362  0.27098805  0.17817314
  0.04911549 -0.05304375 -0.15126487 -0.22830257 -0.29126199 -0.32619732
 -0.32699343 -0.32440184 -0.3131158  -0.28347629 -0.24613934 -0.2032768
 -0.15663024 -0.14182907 -0.12683939 -0.10474728 -0.07702905 -0.09190585
 -0.06335437 -0.02373231  0.07147011  0.15343036  0.23904695  0.32398471
  0.43546926  0.54417192  0.63596509  0.75827953  0.87883144  1.00090445
  1.1009147   1.23095207  1.32659393  1.41824811  1.50379267  1.54971258
  1.59791766  1.6290589   1.60776105  1.5952156   1.60235715  1.53659167
  1.50510679  1.47965779  1.51670781  1.552366    1.55404526  1.56751007
  1.52881554  1.49586064  1.41808059  1.31400749  1.1793917   1.03488599
  0.95487153  0.94656154  0.95855118  1.01926622  1.09829202  1.14044192
  1.16607613  1.17262813  1.06407928  0.88241192  0.64650144  0.39105896
  0.154056   -0.06942973 -0.28240696 -0.4797845  -0.65354723 -0.79513541
 -0.91349908 -1.00499722 -1.07332463 -1.11755518 -1.14428639 -1.16697897
 -1.19091292 -1.20052182 -1.2541658  -1.28937481 -1.35650338 -1.44464568
 -1.52263499 -1.60048433 -1.68017727 -1.74364081 -1.78079455 -1.81495179
 -1.84403571 -1.85669162 -1.85993581 -1.88352981 -1.88605726 -1.89686112
 -1.89495122 -1.89934781 -1.90299109 -1.90632245]
[-1.06902708 -1.02216957 -1.05444509 -1.04831736 -1.04843537 -1.03920803
 -1.02431411 -0.99995396 -0.96019125 -0.90825439 -0.85649075 -0.79041411
 -0.71597831 -0.64245914 -0.55603032 -0.48739496 -0.47801507 -0.48748045
 -0.48800212 -0.49531071 -0.49628605 -0.46924569 -0.41528412 -0.34601395
 -0.2617986  -0.15638362 -0.01341188  0.12585155  0.26147424  0.36546674
  0.40136879  0.4330959   0.4566553   0.51203812  0.59945975  0.67625582
  0.67016532  0.69171809  0.74741586  0.82528083  0.86123958  0.98804818
  0.98933063  0.94848812  0.90351285  0.83848071  0.77606217  0.69147207
  0.669048    0.70293136  0.71961209  0.77768409  0.8087229   0.75190562
  0.6717791   0.60788931  0.56849982  0.57824703  0.59514695  0.64381388
  0.71666087  0.74654806  0.74322349  0.73344319  0.69516453  0.63476189
  0.59261747  0.54501231  0.53774029  0.52282945  0.39757023  0.3509448
  0.28412382  0.27783807  0.21782632  0.22693941  0.26834784  0.25255178
  0.24044824  0.2241492   0.27651217  0.39581981  0.52229325  0.58213346
  0.60024335  0.62896574  0.70804821  0.77133025  0.79165556  0.81585149
  0.87540984  0.92256642  0.95683857  0.97142304  0.97143187  0.96533731
  0.87629542  0.7418637   0.66009992  0.57577632  0.5239901   0.47905755
  0.39900655  0.32187319  0.29017549  0.26446792  0.27389467  0.26166405
  0.21845422  0.21031071  0.21656931  0.26927819  0.36292863  0.4468489
  0.5315172   0.61747202  0.78508167  0.80803392  0.84562538  0.81678852
  0.79541466  0.90423149  0.93841451  0.9110434   0.91001315  0.93632086
  0.95265982  0.89722361  0.85402123  0.78128685  0.71167764  0.64340674
  0.59438268  0.5503375   0.5839487   0.56490208  0.53556431  0.51073853
  0.47743647  0.37085405  0.27399226  0.16484166  0.01951242 -0.13379054
 -0.23415166 -0.30444918 -0.35936907 -0.36112089 -0.34954936 -0.33845883
 -0.34159959 -0.36512634 -0.25468982 -0.1139653   0.01579188 -0.04195804
 -0.07223696 -0.12597699 -0.208969   -0.24145188 -0.23210823 -0.12831618
 -0.03435212  0.07804212  0.19143967  0.3137882   0.35582292  0.36065594
  0.46771078  0.60205894  0.75646723  0.8885658   1.06851192  1.18071688
  1.35308226  1.43289358  1.54165734  1.62685741  1.64833805  1.61669994
  1.56763048  1.44255691  1.34352512  1.40081981  1.32654824  1.31883055
  1.43466834  1.47846982  1.56143752  1.76694175  1.9169341   1.86738357
  1.73519273  1.50428066  1.22409367  1.03305912  0.93745222  0.85936779
  0.9851934   1.1329907   1.26038845  1.42560083  1.66077884  1.7402078
  1.66485191  1.3151138   0.77613388  0.40276038  0.10124159 -0.18919734
 -0.43442223]
[-0.92339775 -0.89531054 -0.91360469 -0.90558041 -0.89043076 -0.8627461
 -0.83301374 -0.78746678 -0.72802769 -0.65135441 -0.57613904 -0.50928346
 -0.44283394 -0.37573846 -0.29345182 -0.23651498 -0.21438087 -0.21107723
 -0.21339712 -0.20614801 -0.19090258 -0.16150632 -0.10029782 -0.03816378
  0.0255054   0.09465485  0.18111078  0.27304599  0.35330718  0.40449964
  0.42829203  0.47112208  0.49519831  0.55539452  0.62404967  0.67326049
  0.6617392   0.66194468  0.69731317  0.74851636  0.78607153  0.87751419
  0.89909355  0.89966166  0.86678811  0.80793968  0.74561778  0.67058319
  0.64640524  0.66870558  0.67475612  0.71052061  0.72063595  0.6460779
  0.56117632  0.50088051  0.46450134  0.47005224  0.492286    0.53549817
  0.57218359  0.59234293  0.61399378  0.63459142  0.62907292  0.59608591
  0.57694478  0.56245282  0.56304511  0.56609659  0.49708645  0.46596206
  0.43990679  0.44802822  0.40315253  0.41714944  0.46336478  0.44655807
  0.4030378   0.36236652  0.37373477  0.43257414  0.50387576  0.52874617
  0.52992764  0.53561225  0.58621625  0.62909055  0.63365651  0.64936054
  0.68774355  0.71812173  0.74595983  0.76541786  0.78614492  0.8156523
  0.78700277  0.71627611  0.68282835  0.63582974  0.61113899  0.56632861
  0.49108354  0.47472727  0.45787628  0.4247335   0.44726987  0.44262986
  0.40112535  0.38821667  0.39224657  0.41071083  0.44953967  0.49743193
  0.55165564  0.61909968  0.72936849  0.74196819  0.77984632  0.7432186
  0.71184859  0.77993949  0.78562728  0.7285728   0.68944683  0.67751868
  0.65997984  0.59690487  0.55303531  0.50264697  0.4546325   0.40164448
  0.36936343  0.33874063  0.37351939  0.38767387  0.38699777  0.38124269
  0.35973194  0.27424552  0.18458029  0.08742861 -0.02251825 -0.12102185
 -0.16278056 -0.17759027 -0.19658652 -0.18123824 -0.15274889 -0.13806702
 -0.12284927 -0.10747491  0.02629433  0.1704263   0.28957924  0.29430397
  0.30263269  0.2873638   0.26041157  0.25623615  0.24634684  0.29668305
  0.36991232  0.43535051  0.48067197  0.541685    0.58115339  0.60976496
  0.74362648  0.87818414  1.01159611  1.10736722  1.2823275   1.41415269
  1.50767179  1.47421649  1.46756911  1.478476    1.47555439  1.44820356
  1.42602587  1.37485339  1.34736307  1.43027179  1.43021634  1.46350426
  1.48861522  1.41139716  1.34988471  1.4002069   1.41885857  1.3163681
  1.1679776   0.9389261   0.68559257  0.51292303  0.42151543  0.34388233
  0.42290487  0.52583231  0.61590278  0.74159093  0.91740705  0.98131464
  0.92757083  0.66438748  0.25252127 -0.03892379 -0.2825476  -0.5175916 ]
[ 0.66152715  0.81773008  0.97061965  1.15733672  1.33333711  1.45121914
  1.50164805  1.50189297  1.6073475   1.74379314  1.82421486  1.75442891
  1.58654863  1.48988555  1.43093008  1.40988488  1.3566441   1.40910373
  1.45585898  1.41593691  1.45140488  1.4936957   1.3804      1.20993613
  1.11814449  0.98105406  0.77900852  0.67039766  0.6485707   0.74040891
  0.84396789  1.01814734  1.27700234  1.37379258  1.30833125  1.14172187
  0.85129172  0.55124914  0.37880199  0.17156676 -0.0745353  -0.31143191
 -0.49188711 -0.63339117 -0.79589266 -0.91925359 -1.01334141 -1.07548555
 -1.10902402]
[ 0.87188   0.95496   0.96577   0.88498   0.88832   0.88928   0.80392
  0.68817   0.59877   0.59187   0.55418   0.50235   0.47549   0.46855
  0.4712    0.45261   0.3789    0.25343   0.1047   -0.00809  -0.14935
 -0.27463  -0.33529  -0.37889  -0.3887   -0.37608  -0.38247  -0.38975
 -0.38014  -0.27791  -0.16104  -0.10373  -0.10769  -0.11509  -0.13257
 -0.20528  -0.26701  -0.26394  -0.20524  -0.10029   0.029415  0.093846
  0.18087   0.25851   0.3146    0.43069   0.50482   0.72266   0.90903
  1.0606    1.1933    1.2775    1.3592    1.4863    1.5884    1.6598
  1.7171    1.681     1.5581    1.5102    1.4443    1.3366    1.2942
  1.3703    1.5052    1.6959    1.7627    1.9075    1.9209    1.7359
  1.5246    1.1833    0.9811    0.90111   0.8137    0.90989   1.0827
  1.1874    1.2976    1.6201    1.8393    1.6871    1.309     0.78458
  0.40273   0.11348  -0.18382  -0.42894  -0.66944  -0.8349   -0.98898
 -1.1085   -1.207   ]
