[-0.41812307 -0.38184974 -0.34698924 -0.30637082 -0.25304821 -0.21533941
 -0.17078258 -0.12965608 -0.10583667 -0.0408108   0.0307582   0.12421113
  0.21888201  0.33484018  0.48046577  0.58128256  0.68083322  0.7432906
  0.84578687  0.94983399  1.03008986]
[-0.72993857 -0.78762758 -0.84157962 -0.89013606 -0.9313938  -0.96429014
 -0.9909662  -1.00929666 -1.02172017 -1.03002799 -1.03593731 -1.04122519
 -1.04767227 -1.05612779 -1.06598938 -1.07733488 -1.08833587 -1.09759295
 -1.1036731  -1.10500753 -1.10104001]
[0.6910792  0.79690075 0.85362548 0.84438777 0.76904547 0.7610001
 0.83310723 0.88056737 0.92067814 0.94819939 0.96267951 0.94238645
 0.91257846 0.83870983 0.74013144 0.65362734 0.57393652 0.55828017
 0.57088727 0.55817956 0.52427721]
[-1.43258369 -1.4706744  -1.50143385 -1.53259921 -1.55984342 -1.58306134
 -1.60503876 -1.62609446 -1.64853323 -1.67232358 -1.69641078 -1.72004485
 -1.7412647  -1.75958455 -1.77535272 -1.78764164 -1.79704607 -1.80376863
 -1.80897558 -1.81357729 -1.8172698 ]
[-0.19537251 -0.04028929  0.56736112  0.84914315  0.32472345 -0.3020339
 -0.34534821  0.15588386  0.796561    0.78109837  0.47382188  0.11238404
 -0.18604627 -0.52817559 -0.93301225 -1.34999228 -1.76783061 -2.06863928
 -2.17175245 -2.23251271 -2.2910955 ]
[ 5.26917028  4.37335205  3.91116285  4.06016731  3.81775808  2.86393046
  2.18019223  1.88365316  1.56342268  1.32237935  1.33961487  0.93935847
  0.22268488 -0.48473457 -0.85743207 -0.93869746 -0.92697221 -0.51659912
  0.14923291  0.65428579  1.83057904]
[0.76922911 0.7447893  0.72026622 0.69630277 0.66088724 0.6162675
 0.56405622 0.50891012 0.45370218 0.40029863 0.35233048 0.30891284
 0.25961301 0.21160375 0.16968857 0.13428384 0.11177539 0.09923285
 0.09792709 0.11102115 0.13203493]
[-0.02195572  0.08049314  0.18342935  0.28703573  0.35543543  0.34162635
  0.39730516  0.49744794  0.63883954  0.83525902  0.95752561  1.08613849
  1.21016717  1.35512388  1.48956966  1.50538683  1.53164601  1.53071177
  1.43217039  1.3033061   1.20306599]
[1.05076349 1.06336689 1.07115507 1.25330365 1.58139288 1.72379792
 1.89471269 2.11261249 2.17691207 2.29725981 2.40866137 2.27508855
 2.12488246 2.13001513 2.0963192  2.01968789 1.90138972 1.75586426
 1.61686528 1.52776384 1.28435969]
[-0.13785741 -0.17769842 -0.21517037 -0.24674174 -0.26728654 -0.28138056
 -0.29446799 -0.30808011 -0.31454685 -0.29486099 -0.26717708 -0.23937574
 -0.21078467 -0.17427093 -0.1340552  -0.09575014 -0.05608231 -0.00322078
  0.05862107  0.11471973  0.16987465]
[-1.01547372 -1.00447416 -0.98799807 -0.96968955 -0.94012266 -0.90409184
 -0.86996943 -0.83639473 -0.80583268 -0.78424233 -0.76640499 -0.7465902
 -0.72293109 -0.68966949 -0.64882535 -0.59639364 -0.52920943 -0.44727707
 -0.36087766 -0.28366581 -0.20205396]
[0.27937099 0.28096998 0.26997834 0.26696053 0.2727949  0.31580666
 0.39350125 0.45844954 0.4750011  0.47242925 0.48071975 0.51338285
 0.55874449 0.59637684 0.6567499  0.70067269 0.70933664 0.71550369
 0.74739254 0.75055575 0.71080577]
[ 4.27600622  3.15599322  2.47495437  2.02092862  1.69261241  2.11526442
  3.07712531  3.99052572  4.18454838  4.7642312   6.33504772  6.25012159
  4.61333799  1.60779428 -0.54521376 -1.53581393 -2.26580119 -2.499295
 -2.90157771 -3.09433389 -3.3271358 ]
[-0.46806112  0.1990089   0.57041031  0.33523542  0.33226523  0.48074985
  0.5090338   0.38990605  0.1941046  -0.0372223  -0.35353437 -0.58878773
 -0.80907112 -0.96696907 -1.11175644 -1.2540282  -1.35988319 -1.40610445
 -1.46394634 -1.62976301 -1.94428253]
[ 1.06888044  1.12569094  1.25153637  1.4126544   1.48768938  1.51716721
  1.84456575  2.10931063  2.18174887  2.43445468  2.57984376  2.52735972
  2.3863523   2.39037538  2.44373012  2.14754534  1.83495355  1.68685579
  1.51850533  1.15910447  0.94756067  0.73605812  0.58820903  0.63072062
  0.65118968  0.62049538  0.48402464  0.41413462  0.36802533  0.24473646
  0.31675607  0.32930323  0.23397058  0.04142584  0.16449761  0.4277564
  0.64784777  0.67216289  0.50758982  0.32600248  0.08396036 -0.19662122]
[0.36731043 0.37721705 0.39079037 0.40834117 0.42410883 0.4448109
 0.47068366 0.49703479 0.5241152  0.55150032 0.576828   0.60339874
 0.62969893 0.65914023 0.68926191 0.71686947 0.74619317 0.77069092
 0.78504318 0.79013211 0.78774548 0.78037053 0.77080274 0.75624609
 0.73851734 0.71844596 0.69451803 0.66685468 0.63967431 0.61207151
 0.57986313 0.54406053 0.50739658 0.4687258  0.43217435 0.4036878
 0.37841049 0.35772133 0.34201074 0.32709265 0.31419051 0.30196977]
[-0.83090305 -0.85058731 -0.87190449 -0.89493203 -0.91779655 -0.93844378
 -0.95542705 -0.9687494  -0.97889382 -0.98658162 -0.99305671 -1.00028932
 -1.00792134 -1.01632416 -1.02415395 -1.03122747 -1.03553236 -1.03501463
 -1.03366446 -1.03102589 -1.02693498 -1.02077413 -1.00900948 -0.99440593
 -0.97601205 -0.95203668 -0.9262498  -0.899625   -0.87228495 -0.84504145
 -0.81402779 -0.78105402 -0.74661219 -0.70824993 -0.66388202 -0.61742902
 -0.57003897 -0.51779222 -0.46357554 -0.4072836  -0.3503406  -0.29375732]
[ 7.54135489e-01  6.11805320e-01  5.41831553e-01  5.35063148e-01
  4.02521431e-01  1.48842201e-01  4.12726891e-04  9.38585103e-02
  3.36082995e-01  4.26006258e-01  3.12969238e-01  1.40957832e-01
 -7.36085251e-02 -2.42305234e-01 -4.23906952e-01 -5.66957116e-01
 -6.97901011e-01 -7.96736717e-01 -8.71747136e-01 -9.14448559e-01
 -9.61297333e-01 -1.00897801e+00 -1.04919028e+00 -1.10946190e+00
 -1.19255722e+00 -1.29068184e+00 -1.39505482e+00 -1.51571882e+00
 -1.60706902e+00 -1.68993199e+00 -1.75298738e+00 -1.80385184e+00
 -1.84715235e+00 -1.87945271e+00 -1.90589142e+00 -1.92499733e+00
 -1.93886721e+00 -1.94836915e+00 -1.95716155e+00 -1.96377945e+00
 -1.96846747e+00 -1.97269297e+00]
[ 0.7681846   0.80971897  0.79086798  0.78332788  0.82353806  0.83769721
  0.82391441  0.81514162  0.80645585  0.79855621  0.78949481  0.76233709
  0.70848817  0.65251148  0.60633719  0.56243652  0.51769412  0.46535543
  0.40163311  0.35450247  0.32231876  0.30010831  0.25689736  0.21314245
  0.16190465  0.10353807  0.04660642 -0.01765791 -0.07949927 -0.12315513
 -0.14655621 -0.16876809 -0.1979901  -0.22525527 -0.24143422 -0.20467807
 -0.15029101 -0.09984464 -0.03842799  0.01303511  0.0383025   0.04766209]
[-0.74443632 -0.70589435 -0.66722357 -0.6271953  -0.58692342 -0.54421872
 -0.4958111  -0.44481522 -0.3904106  -0.33116928 -0.26946256 -0.2069017
 -0.14101501 -0.07463332 -0.00576407  0.0678155   0.14086834  0.21292514
  0.28468221  0.35664576  0.42864746  0.49684522  0.56034172  0.6198296
  0.66352314  0.70097113  0.73530561  0.75800437  0.77756447  0.79118371
  0.79599935  0.80026519  0.80760205  0.80995119  0.80805045  0.80232292
  0.78892601  0.77237952  0.75286639  0.72804457  0.70558649  0.68965048]
[-0.12402933 -0.34211004 -0.53526878 -0.69553423 -0.828421   -0.93978798
 -1.02907336 -1.1014297  -1.16057217 -1.20837247 -1.2515744  -1.29186833
 -1.32870793 -1.36421764 -1.39956367 -1.43706918 -1.47762108 -1.52231503
 -1.56927598 -1.61784124 -1.66287649 -1.70203328 -1.73432219 -1.75898767
 -1.77737725 -1.79073393 -1.80058038 -1.80787563 -1.81349003 -1.81842828
 -1.82268524 -1.8263005  -1.82947063 -1.83243036 -1.83521307 -1.83784103
 -1.84052622 -1.84310865 -1.84558535 -1.84801841 -1.85025132 -1.85250056]
[-1.03038108e+00 -1.03482080e+00 -1.03874493e+00 -1.04008400e+00
 -1.03812277e+00 -1.03047645e+00 -1.01786423e+00 -1.00227010e+00
 -9.83271778e-01 -9.60560083e-01 -9.32396173e-01 -8.99853826e-01
 -8.64931405e-01 -8.27423573e-01 -7.89602280e-01 -7.54432440e-01
 -7.19391227e-01 -6.82151735e-01 -6.42397881e-01 -5.97366631e-01
 -5.48339069e-01 -4.99984860e-01 -4.47726220e-01 -3.90681595e-01
 -3.30716789e-01 -2.71257877e-01 -2.08081633e-01 -1.42124206e-01
 -7.37673715e-02 -7.22289085e-04  7.02414960e-02  1.45148531e-01
  2.27478981e-01  3.05091023e-01  3.79382491e-01  4.49769080e-01
  5.16228139e-01  5.79418480e-01  6.34940088e-01  6.87054217e-01
  7.31691003e-01  7.66867757e-01]
[ 0.63693285  0.58295822  0.52551711  0.47001588  0.40779191  0.33041734
  0.2575365   0.17772838  0.09613491  0.01561202 -0.06219869 -0.13438825
 -0.19621322 -0.23607668 -0.26106682 -0.27408862 -0.2734383  -0.26632753
 -0.24505429 -0.22248615 -0.20272745 -0.18350996 -0.16284819 -0.13571382
 -0.10542808 -0.07893293 -0.04748336 -0.0078473   0.03427265  0.09541676
  0.16434164  0.24887466  0.33716834  0.432955    0.54253769  0.6495018
  0.76605225  0.88262922  0.99916804  1.11257446  1.21641791  1.31513321]
[0.01800139 0.06811997 0.1433842  0.22394156 0.31052208 0.38522479
 0.44361684 0.54061687 0.64335752 0.76946056 0.89421779 1.01666903
 1.12717092 1.21660984 1.32028031 1.4019326  1.42725348 1.44884121
 1.43997729 1.41949272 1.39760602 1.37899923 1.40048087 1.42616236
 1.44027102 1.50339615 1.56174052 1.57367206 1.552338   1.57916462
 1.60550928 1.57443857 1.49474931 1.40401614 1.36406577 1.33456755
 1.30879569 1.3239857  1.34501624 1.32151735 1.27639329 1.26027846]
[ 1.38354123e+00  1.07630658e+00  5.85458219e-01  3.85004252e-01
  2.00443491e-01 -1.40369803e-01 -2.51258820e-01 -2.44846269e-01
 -1.79163009e-01 -1.81026310e-01 -2.88673997e-01 -4.00215209e-01
 -3.26546133e-01 -2.17897613e-02  1.43489704e-01  6.71471730e-02
  3.67812638e-04  1.16645962e-01  4.41961795e-01  7.56093085e-01
  8.49948227e-01  6.76955819e-01  4.74687219e-01  2.69301891e-01
  2.52378471e-02 -1.94606006e-01 -4.14364517e-01 -5.99632978e-01
 -7.11095393e-01 -7.82774627e-01 -8.42154920e-01 -8.97571445e-01
 -9.47583258e-01 -1.05878568e+00 -1.24709606e+00 -1.47388422e+00
 -1.74260020e+00 -2.02314734e+00 -2.27808356e+00 -2.46529126e+00
 -2.60064340e+00 -2.72919774e+00]
[-0.197561   -0.21394727 -0.22564103 -0.23443849 -0.23007931 -0.21426827
 -0.20290108 -0.19021836 -0.17353764 -0.1522018  -0.12799105 -0.10192872
 -0.06232404 -0.0112279   0.04268103  0.10408986  0.16758338  0.24412195
  0.32138309  0.39463612  0.4881756   0.59237134  0.71018934  0.83380586
  0.94474363  1.05316246  1.14969444  1.24195433  1.32045567  1.37241125
  1.41464782  1.43043745  1.43480515  1.44489276  1.453686    1.47523296
  1.50064313  1.51485646  1.55465651  1.5878464   1.57627642  1.54189038]
[ 3.63533115  3.99173284  4.23801899  3.80017495  3.32080054  3.39100552
  3.32867384  2.76097846  2.59073257  1.98570967  1.42469704  1.04575503
  0.57270157  0.04014543 -0.63018042 -0.67882258 -0.63648069 -0.80698842
 -0.65104491 -0.35880184 -0.29949135 -0.26973623  0.17662111  0.46838546
  0.38240942  0.04321323 -0.123726    0.33638638  0.83665574  1.05022967
  1.02887869  0.60356396  0.28869811 -0.12971002 -0.44545671 -0.79153103
 -0.99508524 -1.15959561 -1.17920709 -1.17426157 -1.17946875 -1.18475091]
[0.66366184 0.67278671 0.67718428 0.67674798 0.67581725 0.67854863
 0.67178166 0.65850347 0.63588345 0.61324972 0.58898169 0.55901408
 0.53495759 0.50756556 0.4730148  0.43645599 0.39780894 0.36489299
 0.34518304 0.33736032 0.34042132 0.35244393 0.36521059 0.38343793
 0.41019517 0.44702625 0.49340266 0.53803784 0.57441765 0.61195725
 0.65201682 0.68866885 0.7317124  0.77156585 0.8017801  0.81970555
 0.82424629 0.81999451 0.81592804 0.81474036 0.79875827 0.76532489]
