[0.33592069 0.38805929 0.44855672 0.50843138 0.56716675 0.62085366
 0.66883463 0.72015703 0.75934446 0.78477359 0.81693459 0.84650117
 0.86278683 0.87404823 0.87594426 0.8745209  0.86145389 0.83472764
 0.79632223 0.74893111 0.70265609]
[-0.88034695 -0.90434933 -0.92619187 -0.94841701 -0.96743959 -0.98100489
 -0.99095845 -0.99284738 -0.99246466 -0.99439198 -0.99727315 -0.99924242
 -0.9959864  -0.99155051 -0.98508799 -0.97239798 -0.95638227 -0.93840384
 -0.9222104  -0.90492952 -0.88357604]
[-0.3896654  -0.41152123 -0.41783789 -0.4015727  -0.37508082 -0.35027504
 -0.33296186 -0.3133305  -0.27904201 -0.24006905 -0.1948866  -0.13997693
 -0.0779008  -0.01806544  0.03516248  0.08889025  0.1529115   0.2261118
  0.31652251  0.42236364  0.52627122]
[ 0.61357892  0.55618399  0.496856    0.44184589  0.37581167  0.30707505
  0.23357171  0.15340041  0.06818515 -0.01301422 -0.09015584 -0.16188541
 -0.22120835 -0.25965303 -0.27641124 -0.2773957  -0.26745316 -0.25815436
 -0.24273494 -0.21485457 -0.18852438]
[-1.47855711 -1.51477015 -1.54660487 -1.57610023 -1.60439241 -1.63242471
 -1.66036034 -1.68794143 -1.71450245 -1.7393086  -1.76150882 -1.78058612
 -1.79637432 -1.80878842 -1.81837678 -1.82579219 -1.83163369 -1.83638871
 -1.84037173 -1.84386599 -1.84699523]
[1.3553915  1.43134379 1.51761055 1.58527112 1.62967002 1.66045976
 1.69518197 1.67516303 1.59283185 1.53357804 1.48802638 1.42537045
 1.4065423  1.40376723 1.40108693 1.35198021 1.33434474 1.31900454
 1.27236819 1.20407939 1.08857358]
[0.77896589 0.74863231 0.71039039 0.67937171 0.66000885 0.6356982
 0.60897946 0.57544941 0.54522324 0.50951129 0.47156972 0.44974643
 0.43625316 0.40943259 0.37989494 0.34540147 0.30488434 0.28053597
 0.27223608 0.27001151 0.27459633]
[ 0.66545773  0.60324693  0.59951729  0.61012393  0.6136502   0.55452085
  0.35159788  0.13934492 -0.08192153 -0.28225052 -0.47248742 -0.64490432
 -0.79069102 -0.91595232 -1.01506674 -1.07966125 -1.11864018 -1.14281213
 -1.15976131 -1.19285405 -1.24970186]
[0.09600932 0.08964825 0.09059147 0.0972242  0.11139845 0.1354614
 0.1676655  0.21033548 0.26453227 0.32550859 0.39107028 0.45400292
 0.51920307 0.58976299 0.6623708  0.73193097 0.80263036 0.87337869
 0.93524635 0.98218209 1.01673162]
[ 0.59692603  0.56775063  0.5610761   0.65442312  0.75383669  0.92525536
  1.04197919  0.99350744  0.86936653  0.73208576  0.66600984  0.61188298
  0.42817697  0.15329926 -0.11820079 -0.36147621 -0.60779262 -0.84178007
 -1.06878543 -1.28111303 -1.44432569]
[0.09761605 0.18122208 0.28708908 0.39973676 0.51186401 0.63022256
 0.7492249  0.8640427  0.98021036 1.10873377 1.23065817 1.33283091
 1.42630637 1.51008749 1.56735468 1.60891926 1.62750995 1.62029755
 1.60984778 1.59445858 1.57454312]
[0.89938277 0.91529995 0.88794309 0.83109158 0.82906747 0.85139883
 0.85774863 0.8586027  0.87419659 0.90345269 0.91023016 0.90118355
 0.87344778 0.82373446 0.74894768 0.65810829 0.58349204 0.52776891
 0.47699374 0.43675441 0.4099226 ]
[-0.19376656 -0.42036995 -0.61873162 -0.77749687 -0.91238832 -1.01892114
 -1.10463595 -1.16831672 -1.21597528 -1.24805188 -1.27206385 -1.29616749
 -1.31822491 -1.34380007 -1.37566066 -1.41707802 -1.46486545 -1.52681756
 -1.58750212 -1.64461172 -1.69253457]
[-1.01997721 -1.00078845 -0.97652012 -0.94507891 -0.90848452 -0.86651361
 -0.81667829 -0.76374424 -0.71026796 -0.65875214 -0.61772096 -0.58289611
 -0.55090761 -0.51823837 -0.48513502 -0.44881478 -0.40589276 -0.35816765
 -0.29890874 -0.22677208 -0.14681663]
[0.67556262 0.68200314 0.68169469 0.67921209 0.67187285 0.6591742
 0.6432901  0.62473273 0.60513681 0.58148968 0.55643409 0.53037757
 0.50177681 0.47326455 0.44469407 0.41654128 0.39037737 0.36945593
 0.3587693  0.35636604 0.3602756  0.37185711 0.38735852 0.40514264
 0.42763671 0.45513234 0.48857906 0.52675921 0.5649659  0.60539037
 0.64638865 0.68470734 0.71902698 0.74708629 0.76865494 0.78219527
 0.78741562 0.78395158 0.77577639 0.76223904 0.74576998 0.72877133]
[-0.2759116  -0.48146394 -0.65404278 -0.79670358 -0.91551143 -1.00969899
 -1.08302212 -1.13837373 -1.18174076 -1.21747243 -1.25021851 -1.28474426
 -1.32325113 -1.36597979 -1.41307402 -1.46315527 -1.51579368 -1.57005012
 -1.62263691 -1.67139232 -1.71347857 -1.74722564 -1.77280056 -1.79155004
 -1.80505776 -1.81497729 -1.82245684 -1.82833302 -1.83320725 -1.83738029
 -1.84112442 -1.84450829 -1.84757459 -1.85046506 -1.85313475 -1.85570443
 -1.85834789 -1.86091363 -1.86342525 -1.86583197 -1.86810768 -1.87026632]
[ 1.65776181  1.59587145  1.54078078  1.45430493  1.23409188  1.08224094
  1.05240595  1.01942599  0.98115927  0.91411376  0.84276497  0.80416906
  0.76465631  0.72684193  0.71870607  0.76241058  0.69701719  0.53578955
  0.47898692  0.50491571  0.56875664  0.52480489  0.34911913  0.1470581
 -0.07542717 -0.26418775 -0.45202398 -0.60853696 -0.74249333 -0.8526023
 -0.94034714 -0.99574351 -1.03829014 -1.07246304 -1.10201252 -1.13613296
 -1.1802721  -1.24223042 -1.31553018 -1.40058625 -1.48841023 -1.57379508]
[-0.82721436 -0.84764755 -0.87195486 -0.8984462  -0.92368752 -0.94434083
 -0.95995802 -0.9722119  -0.98140311 -0.98871648 -0.99601823 -1.00330138
 -1.01124609 -1.01956165 -1.02699733 -1.03037548 -1.03055012 -1.03001952
 -1.02722561 -1.0222218  -1.01451778 -1.00365543 -0.9907974  -0.97321016
 -0.95055163 -0.92692131 -0.90157127 -0.87532198 -0.84940499 -0.8196581
 -0.78742164 -0.75323957 -0.7149685  -0.67309791 -0.62877423 -0.5832327
 -0.53326648 -0.48172605 -0.42780542 -0.37072036 -0.31146115 -0.25219497]
[0.35966608 0.37195918 0.38715565 0.40587476 0.42654622 0.45170552
 0.47931665 0.50635225 0.53512537 0.56434286 0.59170866 0.62023604
 0.64712018 0.67484802 0.70387971 0.73154563 0.75797284 0.77707517
 0.78854668 0.79326242 0.78993803 0.77971715 0.7655164  0.74832463
 0.7278012  0.70339745 0.67578238 0.64502692 0.61332667 0.58069319
 0.54588234 0.51025778 0.47400326 0.43933937 0.40893891 0.38214988
 0.36018559 0.34302232 0.33080128 0.32313734 0.31741926 0.3145695 ]
[-0.54963052 -0.55205715 -0.54975188 -0.54206043 -0.51553887 -0.47492445
 -0.43783194 -0.40280738 -0.36452132 -0.32964873 -0.28574783 -0.2247804
 -0.16473392 -0.09844219 -0.0296392   0.03244947  0.10025401  0.17219612
  0.24716558  0.32008994  0.3821899   0.46248865  0.55090946  0.62097025
  0.70423752  0.77656531  0.83117658  0.88941711  0.9543047   1.02066588
  1.06994176  1.10841596  1.12101805  1.1491363   1.17990899  1.16471779
  1.13063145  1.09561872  1.05839503  1.03474998  1.03675616  1.03205407]
[ 1.54912722  1.61609685  1.64908648  1.68062377  1.71782577  1.70037615
  1.65916228  1.63737822  1.6254375   1.59572077  1.56690776  1.58011258
  1.5614413   1.47975099  1.40543234  1.32567453  1.26402712  1.20488811
  1.13418519  1.07370317  1.00846887  0.9786396   0.99519777  1.01768196
  1.04607749  1.02899003  0.96975112  0.88540304  0.80670255  0.71684891
  0.57800478  0.37046689  0.12202895 -0.11325349 -0.32768446 -0.51649433
 -0.6774742  -0.81490177 -0.92727941 -1.01543987 -1.08114159 -1.12843776]
[ 1.244591    1.23038411  1.14025652  1.01229823  0.84678787  0.63167626
  0.37198725  0.09561553 -0.16019976 -0.38011727 -0.57188869 -0.74055219
 -0.878196   -0.98824561 -1.0716567  -1.13196111 -1.16996717 -1.19491124
 -1.21206379 -1.22926605 -1.2544564  -1.29212034 -1.34220386 -1.40367782
 -1.47313666 -1.5429467  -1.6093272  -1.66741002 -1.71473765 -1.75061941
 -1.77681601 -1.79538321 -1.80876958 -1.81875789 -1.82636142 -1.83255398
 -1.83762836 -1.84180832 -1.84545398 -1.84891129 -1.85216177 -1.85497391]
[ 0.60000783  0.5452261   0.4958649   0.43892682  0.36447519  0.28820965
  0.20084418  0.10918608  0.02146546 -0.05647524 -0.12604083 -0.18807127
 -0.23467964 -0.2643967  -0.27473611 -0.27341807 -0.26268151 -0.23508361
 -0.19988154 -0.17618936 -0.16393237 -0.16117217 -0.14783476 -0.12618837
 -0.10591203 -0.07431415 -0.03140391  0.01668163  0.0758366   0.14575073
  0.2242033   0.30442083  0.3914713   0.49251169  0.60530138  0.72708362
  0.85225147  0.96927643  1.0840168   1.19353712  1.29858148  1.39495122]
[0.50931102 0.62620348 0.72931439 0.84556723 0.97023094 1.1008656
 1.22534478 1.33366215 1.42192149 1.52191961 1.60526788 1.65905821
 1.71466899 1.75232613 1.75481141 1.7171644  1.68832397 1.66993916
 1.60632324 1.58076024 1.58873153 1.55906773 1.48093414 1.41667259
 1.3655225  1.32198429 1.26903188 1.18062937 1.09962118 1.01768255
 0.95519918 0.94790888 0.95781922 0.97864485 0.96716899 0.92441624
 0.88733858 0.86705256 0.80302984 0.67322868 0.47777405 0.24848144]
[ 1.08851695e+00  9.88143682e-01  9.11022842e-01  8.82547975e-01
  8.78607333e-01  9.12222445e-01  9.84262705e-01  1.05777538e+00
  1.04492390e+00  9.25816298e-01  8.33428860e-01  7.52006769e-01
  6.49087250e-01  4.78204161e-01  2.38261193e-01  1.00390124e-03
 -2.26716742e-01 -4.24575627e-01 -6.04209006e-01 -7.54843473e-01
 -8.79430115e-01 -9.78200912e-01 -1.05194318e+00 -1.10019326e+00
 -1.13320184e+00 -1.15665174e+00 -1.17675281e+00 -1.20320332e+00
 -1.24078333e+00 -1.29499233e+00 -1.36105919e+00 -1.43626273e+00
 -1.51370001e+00 -1.58779824e+00 -1.65395033e+00 -1.70846784e+00
 -1.75117314e+00 -1.78253973e+00 -1.80502570e+00 -1.82089627e+00
 -1.83251357e+00 -1.84142041e+00]
[-0.14461569 -0.12587991 -0.08855316 -0.0208764   0.05704004  0.12281775
  0.18151832  0.25641918  0.33348092  0.39380404  0.47302893  0.57594693
  0.70909441  0.84408396  0.95194572  1.04711866  1.14518476  1.23689067
  1.32635522  1.39212215  1.41487169  1.4158231   1.40885544  1.3726393
  1.3487581   1.35000217  1.38431382  1.43582702  1.5004524   1.5723424
  1.60804927  1.59981334  1.60788631  1.61548507  1.54304075  1.41687834
  1.32100999  1.28197634  1.28168046  1.29303443  1.34587467  1.40529227]
[ 0.82142246  0.85164082  0.87665242  0.88927847  0.89381135  0.8903327
  0.87893325  0.86388344  0.84928501  0.82934922  0.80073279  0.76463097
  0.72199184  0.67312002  0.62104201  0.55906814  0.48862293  0.41863793
  0.34798589  0.28090131  0.21694396  0.15580183  0.09817418  0.04029954
 -0.01064978 -0.05574553 -0.09760598 -0.13226318 -0.16126838 -0.18678792
 -0.20915614 -0.22720477 -0.23662335 -0.2311988  -0.213284   -0.18730842
 -0.15518142 -0.11717519 -0.07684939 -0.03577401  0.01278223  0.06500039]
[-1.03688467 -1.03739941 -1.03587413 -1.03012407 -1.01733708 -0.99923062
 -0.97753531 -0.95263278 -0.92391938 -0.89146841 -0.85688066 -0.82093173
 -0.78622544 -0.75596023 -0.72571343 -0.69229186 -0.65592331 -0.61135358
 -0.56051987 -0.5115428  -0.45663637 -0.39456227 -0.33141607 -0.26821029
 -0.20174551 -0.1378085  -0.07217444 -0.00468801  0.06011989  0.1354028
  0.21630146  0.29253227  0.36571655  0.43302453  0.50065708  0.56520295
  0.62048596  0.67454952  0.71792883  0.75257027  0.77967101  0.80290467]
