[0.11743654 0.11624856 0.11890075 0.12852518 0.14745577 0.17485733
 0.21124232 0.25590366 0.30614626 0.3612144  0.41947177 0.47795445
 0.53861582 0.60367823 0.66955388 0.73406899 0.79554415 0.84740746
 0.89319056 0.93036807 0.95303941]
[-0.91608524 -0.92769915 -0.94041836 -0.95177203 -0.96016312 -0.96562117
 -0.9665457  -0.96315074 -0.95635319 -0.94640768 -0.93534958 -0.92373163
 -0.91165352 -0.90013897 -0.88902026 -0.87719929 -0.86280358 -0.84587967
 -0.82683468 -0.80460322 -0.77911443]
[ 0.94614995  0.91837806  0.96529955  1.06152546  1.19244421  1.32649529
  1.41562355  1.40898705  1.28782487  1.05271912  0.7456975   0.42165849
  0.11517569 -0.14811739 -0.37626761 -0.57986724 -0.75349325 -0.90118009
 -1.01648629 -1.10675192 -1.1679256 ]
[0.74109006 0.74299371 0.73342156 0.71349406 0.67601669 0.64030731
 0.60894853 0.57174909 0.53523606 0.50148278 0.4553436  0.40434891
 0.35743213 0.31454337 0.28207403 0.25888196 0.24500395 0.2324404
 0.22126411 0.22494146 0.24894936]
[1.90352726 2.04422307 2.16034317 2.09533906 1.95993006 1.92209911
 1.83586943 1.73554516 1.69681454 1.62820327 1.4299351  1.26422393
 1.19880962 1.08235538 0.99865282 0.87931722 0.70987105 0.65092444
 0.630023   0.61304349 0.60312957]
[-0.54578418 -0.51823497 -0.48696503 -0.46117821 -0.45036846 -0.43787566
 -0.41952506 -0.39716679 -0.37082839 -0.33403763 -0.28133047 -0.21079789
 -0.1354581  -0.06531459  0.01799791  0.09462262  0.16668646  0.2262553
  0.28609315  0.36503917  0.420223  ]
[-1.43571162 -1.4687897  -1.4960885  -1.52625036 -1.5539124  -1.57986999
 -1.60532594 -1.6291796  -1.65354824 -1.6778791  -1.70189226 -1.72466767
 -1.74535584 -1.76340723 -1.77873278 -1.79109108 -1.80055547 -1.80747294
 -1.81285083 -1.81752419 -1.82123733]
[ 0.65497833  0.57213473  0.51517409  0.50215781  0.51542759  0.60835838
  0.48121673  0.23526032  0.02693515 -0.18837553 -0.39683697 -0.6060999
 -0.7657097  -0.91966116 -1.04390347 -1.14009237 -1.19901347 -1.23453295
 -1.25318861 -1.29137874 -1.37266052]
[-0.00252535  0.0580323   0.13730954  0.22687541  0.32199153  0.4256027
  0.53535545  0.65048647  0.76431167  0.88199925  1.0014199   1.11636353
  1.22598541  1.32425618  1.40504181  1.46713877  1.50983381  1.53025079
  1.53127241  1.51944578  1.49570858]
[0.59193027 0.66393632 0.72353995 0.75131845 0.76671582 0.77178156
 0.79110408 0.83055675 0.85007954 0.85731846 0.86809015 0.87229508
 0.86420548 0.84210867 0.80778164 0.75527316 0.69646192 0.65064931
 0.62480527 0.60414714 0.58908361]
[ 1.52770627  1.34186733  1.13420236  0.87388098  0.73412335  0.63925892
  0.62561619  0.72099692  0.84305352  0.99943304  1.14721036  1.31880724
  1.24605632  1.04924726  0.8756873   0.69071347  0.46990511  0.20238541
 -0.06107675 -0.32895252 -0.56761533]
[ 0.54802829  0.48561639  0.42674085  0.36319676  0.28581235  0.20579481
  0.11961052  0.03450488 -0.04764779 -0.12393279 -0.18803957 -0.23902716
 -0.26729766 -0.27669242 -0.27446407 -0.26021904 -0.24824877 -0.2227166
 -0.19061671 -0.17199354 -0.16044733]
[ 0.20530938 -0.08090468 -0.32883671 -0.5387792  -0.71859282 -0.86321008
 -0.98305309 -1.07376325 -1.1440798  -1.19431543 -1.22711551 -1.24859405
 -1.26755917 -1.28891659 -1.31525517 -1.34744382 -1.38834393 -1.43768227
 -1.49313271 -1.55463696 -1.6129365 ]
[0.85081089 0.95531029 1.06713581 1.18009627 1.28002965 1.37889516
 1.44659472 1.50861955 1.53285825 1.49407673 1.43605721 1.37849569
 1.34602165 1.30975413 1.27661133 1.32038271 1.41677094 1.48632729
 1.58111989 1.6678803  1.71078086]
[ 0.89107478  0.91558003  0.91843808  0.91218555  0.9024573   0.88380402
  0.86752653  0.84896815  0.81303889  0.77616394  0.73798406  0.69748092
  0.64984435  0.59441847  0.53131783  0.46516374  0.39728224  0.32754821
  0.25674498  0.18725431  0.11391665  0.04411315 -0.02468327 -0.08956395
 -0.14488542 -0.18861219 -0.21726452 -0.23687902 -0.2460269  -0.25249577
 -0.25969398 -0.24905474 -0.23142165 -0.21068701 -0.18295607 -0.14937082
 -0.11532003 -0.08152919 -0.0445275  -0.00686271  0.04542037  0.1044534 ]
[0.6606406  0.67796052 0.68360633 0.68366522 0.68294799 0.67778385
 0.6662578  0.65191859 0.63354021 0.60815877 0.5800696  0.54789817
 0.51759702 0.485728   0.44711566 0.40532169 0.36702073 0.33769083
 0.32024059 0.31599241 0.32237741 0.33406636 0.35254809 0.38153449
 0.41788936 0.45911214 0.49893475 0.53972888 0.58430982 0.62840301
 0.67351574 0.72372544 0.76766747 0.80060321 0.82520008 0.8389231
 0.84260023 0.83464003 0.82414925 0.81069231 0.78617799 0.75083292]
[-1.0398494  -1.04499578 -1.04837835 -1.04853725 -1.04408216 -1.0347023
 -1.02207971 -1.00660801 -0.98803872 -0.96469152 -0.93601841 -0.90183371
 -0.86421227 -0.82598233 -0.78842092 -0.75023973 -0.7073831  -0.66563547
 -0.62637806 -0.58713019 -0.54735875 -0.50260574 -0.45395672 -0.40157989
 -0.34563908 -0.28818914 -0.2298491  -0.16430242 -0.09617462 -0.0264422
  0.04852899  0.12269769  0.19631617  0.26682013  0.3366555   0.40862504
  0.47406176  0.5358364   0.59240776  0.63715351  0.67544502  0.70740747]
[ 0.0808145  -0.12580667 -0.32640228 -0.50519109 -0.65956861 -0.78870451
 -0.89676118 -0.98472875 -1.05800676 -1.11959589 -1.17493403 -1.22637331
 -1.27302384 -1.31773412 -1.36255097 -1.40765607 -1.45294082 -1.49992096
 -1.54617524 -1.59286559 -1.63920045 -1.68280351 -1.72176099 -1.75484955
 -1.78053498 -1.79983938 -1.81385314 -1.82403123 -1.83178675 -1.83790159
 -1.8429147  -1.84708524 -1.85079217 -1.85428834 -1.85749841 -1.86044824
 -1.86328542 -1.86581969 -1.86823583 -1.87066293 -1.87301922 -1.87529755]
[0.22653417 0.20057966 0.19731463 0.20418592 0.20465401 0.20913802
 0.2161928  0.23267618 0.26215717 0.29715154 0.33981353 0.39053115
 0.44194865 0.49706712 0.56438553 0.63237399 0.69229543 0.7407732
 0.78144026 0.79844916 0.81154543 0.84135556 0.85184574 0.85569024
 0.85861248 0.85460806 0.83819211 0.80948234 0.77652889 0.73302972
 0.68745166 0.64966196 0.62401122 0.60573095 0.58464015 0.55348432
 0.53125244 0.50357163 0.46089417 0.42043704 0.37624061 0.32833034]
[ 1.58527422  1.58055592  1.52592194  1.46461058  1.41642237  1.33262348
  1.2749933   1.21380746  1.15728199  1.10856307  1.03925228  0.99463958
  1.00304115  1.00799227  1.00300121  0.99058002  0.94702816  0.86216277
  0.78951657  0.70696795  0.58842808  0.41179228  0.1800943  -0.04816695
 -0.27224401 -0.46366349 -0.62939447 -0.77141082 -0.89028329 -0.98576587
 -1.05746007 -1.10976601 -1.15090597 -1.18593442 -1.21739447 -1.25155151
 -1.2903291  -1.33835053 -1.3924253  -1.45412421 -1.51811826 -1.5820992 ]
[-0.22902156 -0.1863343  -0.13827714 -0.087951   -0.04210119 -0.0078518
  0.02354464  0.06981407  0.1252919   0.1939594   0.28463089  0.40543824
  0.52337182  0.6349113   0.74100399  0.8422637   0.95422214  1.06326294
  1.15816569  1.24703729  1.3234092   1.38973343  1.45399392  1.51221895
  1.56180668  1.6121465   1.65249348  1.67408812  1.67840898  1.67262483
  1.64413214  1.59884119  1.54957032  1.48744476  1.41908228  1.35416627
  1.32950544  1.32907569  1.31864798  1.29850364  1.28768337  1.27071261]
[0.53157884 0.54722142 0.56023532 0.57828277 0.60476315 0.63232923
 0.65956318 0.68379498 0.71017629 0.73298734 0.75221866 0.77040058
 0.78152943 0.78666955 0.78385365 0.7802428  0.7778427  0.76997
 0.75998348 0.74638253 0.72617996 0.69586843 0.66155279 0.62127221
 0.58084297 0.54361844 0.50611097 0.46812165 0.42667428 0.38121444
 0.33696392 0.30055439 0.26635337 0.23887391 0.22055793 0.20719823
 0.20799659 0.22198921 0.24607444 0.27858683 0.31019112 0.34156558]
[ 1.65269065  1.74974358  1.8096441   1.88413656  1.97717953  1.95528364
  1.87719882  1.84529936  1.81701195  1.70626843  1.61813104  1.58922458
  1.50617158  1.31353188  1.19277442  1.08042514  1.00936103  0.99436343
  0.95512325  0.91887486  0.85378826  0.80271202  0.7809124   0.75802839
  0.77873898  0.72816646  0.63624984  0.546956    0.51630276  0.54631162
  0.53796232  0.40672588  0.19882095 -0.00976353 -0.21221142 -0.40046346
 -0.56089205 -0.7028079  -0.82283413 -0.91977406 -0.99022996 -1.03910339]
[ 0.96729141  0.93445003  0.88502079  0.84454042  0.83516395  0.75779068
  0.58920181  0.48722032  0.45043519  0.46428698  0.44950303  0.31504878
  0.12794892 -0.08121241 -0.27809381 -0.45718411 -0.61156762 -0.74202204
 -0.85187054 -0.9398973  -1.00359774 -1.05645561 -1.09897232 -1.1363107
 -1.17786527 -1.22366893 -1.27987516 -1.34426665 -1.4141506  -1.48664355
 -1.55802059 -1.62396646 -1.68269014 -1.73308563 -1.77396047 -1.80517721
 -1.82839799 -1.84519029 -1.85723031 -1.86645019 -1.87347209 -1.87900794]
[0.53096652 0.64724094 0.75895417 0.87928379 1.00346375 1.12650788
 1.24622726 1.34877336 1.43956506 1.51641667 1.57662368 1.60879993
 1.62076211 1.63147855 1.62201154 1.60778332 1.59326935 1.57294774
 1.55668151 1.57075906 1.58925128 1.59396827 1.54635084 1.49117291
 1.43314493 1.35442734 1.27148771 1.18714464 1.11226308 1.0558852
 1.03679395 1.05890954 1.09564328 1.12147272 1.12103975 1.0881927
 1.01743281 0.91704708 0.77945673 0.58548534 0.36294794 0.12380389]
[-0.5863958  -0.58103895 -0.58129597 -0.58067518 -0.57264054 -0.55254698
 -0.5181815  -0.47515732 -0.44641307 -0.41706899 -0.38020286 -0.33480829
 -0.27992585 -0.21831234 -0.15203521 -0.08330585 -0.01348182  0.04647309
  0.11546087  0.19499905  0.27121791  0.34301451  0.42093182  0.51272774
  0.59010273  0.66235846  0.73510361  0.80309665  0.87218541  0.94197017
  1.00669634  1.06515634  1.11547601  1.13362396  1.15017891  1.17903256
  1.18228972  1.16099     1.13620627  1.0919522   1.05670941  1.04230726]
[ 0.62803501  0.58271581  0.52747524  0.47323427  0.40966246  0.33202609
  0.25209776  0.16455579  0.07032819 -0.02123017 -0.10135528 -0.17127134
 -0.23050375 -0.27045289 -0.29228747 -0.2953656  -0.28369096 -0.26401618
 -0.23209018 -0.20015433 -0.18087608 -0.17101648 -0.15621498 -0.1352966
 -0.11507203 -0.09435702 -0.06673162 -0.02983835  0.0194919   0.08811478
  0.16667765  0.25013497  0.33750117  0.43716279  0.54758239  0.66006917
  0.77853853  0.89949208  1.01909781  1.13362837  1.24547398  1.35795963]
[-0.82217896 -0.8433392  -0.86622345 -0.89002943 -0.91409069 -0.93565977
 -0.95297396 -0.96509659 -0.97398782 -0.98132563 -0.98807114 -0.99532115
 -1.00374579 -1.01252043 -1.02052665 -1.02661788 -1.02997959 -1.03037691
 -1.02878368 -1.02596498 -1.0221678  -1.01596475 -1.00470257 -0.98822492
 -0.96693075 -0.94160277 -0.91378438 -0.88492101 -0.85666561 -0.82846183
 -0.79938096 -0.76982266 -0.73830253 -0.70434725 -0.66632408 -0.62292969
 -0.57551575 -0.5229947  -0.46383682 -0.40020734 -0.33448145 -0.26998049]
