[1.1220502  1.14441391 1.15414344 1.16748839 1.16886473 1.16901564
 1.16620904 1.16156369 1.1533238  1.14445181]
[ 0.35809536  0.31023023  0.25911052  0.21954118  0.18349473  0.13347494
  0.08369849  0.04194614  0.00363871 -0.04063173 -0.07798818 -0.12333123
 -0.1704994  -0.20682979 -0.23922848 -0.28236551 -0.3262374  -0.36660482
 -0.40765692 -0.44997316 -0.49245971 -0.52709199 -0.56464611 -0.60222483
 -0.63567966 -0.67124595 -0.70496551 -0.73340587 -0.78012736 -0.81726339
 -0.84733429 -0.86561569 -0.90850776 -0.93653657 -0.95428036 -0.98166131
 -1.00197574 -1.03063386 -1.04497576 -1.06480788 -1.07916443 -1.10448455
 -1.12588301 -1.14117793 -1.15935028 -1.17042595 -1.1694603  -1.17854563
 -1.20402644 -1.22130165 -1.22295756 -1.2223713  -1.22786626 -1.24229334
 -1.24274188 -1.23481583 -1.2246297  -1.22337896 -1.24095265 -1.2286996
 -1.21195982 -1.20491701 -1.21069059 -1.18825573 -1.16568245 -1.15604411
 -1.14979506 -1.1253838  -1.10362098 -1.09623598 -1.09117985 -1.05780549
 -1.02366943 -1.00412782 -0.98169495 -0.96445291 -0.93691454 -0.90629613
 -0.86952799 -0.84381612 -0.81950599 -0.77995681 -0.74056323 -0.70557876
 -0.67603733 -0.63958203 -0.58761757 -0.55036283 -0.51170569 -0.47425489
 -0.42368684 -0.37776021 -0.331199   -0.29940963 -0.24942993 -0.19999963
 -0.15090236 -0.10430013 -0.05398064 -0.00325697  0.04824252  0.09597679
  0.14029233  0.18884647  0.24148758  0.29467001  0.34701333  0.40290676
  0.45632901  0.51083317  0.56507766  0.62138638  0.67744253  0.73006086
  0.78457138  0.8354593   0.88860123  0.94511158  0.9977382   1.05325564
  1.10497291  1.15844195  1.21258677  1.26441704  1.3131367   1.35126964
  1.40092028  1.45285907  1.48972275  1.41823734  1.45461002  1.49434694
  1.51875284  1.51553038  1.51466824  1.52323594  1.5261057   1.53789263
  1.52925402  1.5178249   1.52196897  1.51715291  1.49085804  1.34428912
  1.31286984  1.28263424  1.25849376  1.22902031  1.18347847  1.14409769
  1.15237783  1.11930626  1.07533279  1.03660327  1.00923699  0.96966808
  0.91948437  0.86530675  0.81160453  0.75796055  0.71046998  0.66277961
  0.61276878  0.56097804  0.51409134  0.45922939  0.40210437  0.35675025
  0.30820717  0.2537932   0.20350288  0.16178347  0.11001989  0.05785673
  0.00522764 -0.03590207 -0.08131102 -0.13461643 -0.17778867 -0.21559543
 -0.26257425 -0.31298496 -0.36369329 -0.41538041 -0.4430307  -0.46631181
 -0.50990782 -0.55747737 -0.60251969 -0.63774309 -0.67039369 -0.70459517
 -0.73007844 -0.75941239 -0.7985766  -0.83007615 -0.87044811 -0.90935177
 -0.9328897  -0.94543926 -0.97908053 -1.00259494 -1.01979926 -1.03249815
 -1.04401039 -1.06330228 -1.0795987  -1.10070194 -1.12312195 -1.13672203
 -1.15049642 -1.17077975 -1.18529774 -1.19378026 -1.19873192 -1.19881684
 -1.19312954 -1.18836384 -1.18434086 -1.19157826 -1.1898573  -1.18627249
 -1.19552246 -1.19448449 -1.19372111 -1.18686488 -1.17899116 -1.15407942
 -1.14375625 -1.13195159 -1.11522626 -1.09687787 -1.09030533 -1.08467198
 -1.06394828 -1.03084005 -1.0118651  -1.00341006 -0.97970421 -0.9528415
 -0.93445588 -0.91184913 -0.87900118 -0.84559272 -0.81086218 -0.77359849
 -0.758635   -0.74158866 -0.70253671 -0.66209341 -0.62173943 -0.58062094
 -0.53447936 -0.4948547  -0.47219311 -0.43912424 -0.39287286 -0.3457888
 -0.29891589 -0.2551451  -0.21799644]
[ 0.35810239  0.31023856  0.25911765  0.21954793  0.18350179  0.1334822
  0.08370596  0.0419539   0.00364686 -0.04062316 -0.07797756 -0.12356134
 -0.17048994 -0.20682125 -0.23921837 -0.28235626 -0.32622792 -0.36659526
 -0.40764857 -0.44996536 -0.49245171 -0.52708337 -0.56463727 -0.60178679
 -0.63567293 -0.67123898 -0.7052624  -0.73339788 -0.78012004 -0.81725696
 -0.8473296  -0.86561144 -0.90850249 -0.93653094 -0.95427394 -0.98165481
 -1.00109204 -1.03063136 -1.04497312 -1.06480473 -1.07916087 -1.10448041
 -1.12587886 -1.14171471 -1.15934681 -1.17042249 -1.16945597 -1.17854102
 -1.20402236 -1.2212984  -1.22295435 -1.22236813 -1.22786319 -1.24229052
 -1.24273969 -1.2348137  -1.22462765 -1.2233782  -1.24095207 -1.22869908
 -1.21193536 -1.20491705 -1.21069144 -1.18825666 -1.16568328 -1.15604266
 -1.14979358 -1.12617752 -1.10362015 -1.09623625 -1.09118142 -1.05780648
 -1.02366856 -1.00412695 -0.98169466 -0.96369442 -0.93691649 -0.90629828
 -0.86952965 -0.84381657 -0.82125355 -0.77995956 -0.74056511 -0.70558044
 -0.67603906 -0.63958321 -0.58761896 -0.54880444 -0.51170781 -0.4742562
 -0.42379064 -0.37776157 -0.33120083 -0.29941009 -0.24943298 -0.20000216
 -0.15167428 -0.10449473 -0.05322284 -0.00325941  0.04726989  0.09597385
  0.1402889   0.18884285  0.24148458  0.29466709  0.34701029  0.40290363
  0.45632576  0.50965925  0.56507403  0.62138266  0.6768172   0.73005681
  0.78409496  0.83545505  0.8885973   0.94510753  0.99773176  1.05288039
  1.10496918  1.15843835  1.21258321  1.26441329  1.3131329   1.35126479
  1.40075284  1.45285589  1.48972077  1.41822789  1.45460051  1.49433879
  1.51919118  1.51552449  1.5146625   1.52323033  1.52653325  1.53788865
  1.52924987  1.51782092  1.5210073   1.51715023  1.49085589  1.34428071
  1.31285986  1.28262357  1.25790837  1.22900917  1.18346612  1.14408549
  1.15236819  1.11958487  1.0753235   1.03678039  1.00922964  0.96891144
  0.91947725  0.86529932  0.81042956  0.75795245  0.71063953  0.66349215
  0.61276111  0.56097057  0.5140842   0.45922225  0.40302668  0.35674338
  0.30820172  0.2537867   0.20349661  0.16177679  0.11001212  0.05784956
  0.00522051 -0.03590863 -0.08131716 -0.13446704 -0.17779422 -0.21560101
 -0.26268302 -0.31299167 -0.36369999 -0.41461734 -0.44303612 -0.46631572
 -0.50966287 -0.55708496 -0.60252555 -0.63853457 -0.67039816 -0.70459891
 -0.73008162 -0.75941525 -0.79858119 -0.83008054 -0.87045238 -0.90935587
 -0.93321595 -0.94544206 -0.97908512 -1.00259916 -1.01980227 -1.03250036
 -1.04401139 -1.0633024  -1.07959856 -1.10070153 -1.12312128 -1.13672185
 -1.1504983  -1.17078223 -1.18529994 -1.19378174 -1.19873367 -1.19881607
 -1.19263831 -1.1883627  -1.18433949 -1.19071265 -1.18985502 -1.1862705
 -1.19552079 -1.19448356 -1.19372034 -1.18686395 -1.17899009 -1.15407806
 -1.14375276 -1.13194588 -1.11471081 -1.09687181 -1.09029993 -1.0846674
 -1.06394365 -1.03083525 -1.01185979 -1.00394406 -0.97969734 -0.95283467
 -0.93444977 -0.91184443 -0.87899554 -0.8455842  -0.81060011 -0.77348191
 -0.75862743 -0.74158294 -0.70253048 -0.66208717 -0.62074791 -0.57848687
 -0.53447008 -0.49484577 -0.47218555 -0.43911614 -0.39286354 -0.34578903
 -0.29890652 -0.25513595 -0.217988  ]
[ 0.08726784  0.08503171  0.08219839  0.07266041  0.07339653  0.06283012
  0.04029068  0.05795219  0.04542352  0.04365044  0.03421357  0.02637385
  0.0214582   0.02300579  0.01908366  0.01259397  0.00325686 -0.00400123
 -0.01121987 -0.00783274 -0.01678968 -0.01577208 -0.00875317 -0.00567135
 -0.00123009 -0.01460916 -0.01721421 -0.01998999 -0.0059962  -0.02025602
 -0.01637551  0.00237043 -0.00217443  0.0040915   0.00447036  0.00631407
  0.0050798   0.01491815  0.03139306  0.03955379  0.04316497  0.04709117
  0.04791585  0.04577345  0.05437972  0.03952744  0.0551982   0.0575275
  0.06599111  0.04938888  0.0523673   0.04398484  0.05570974  0.07242262
  0.08768424  0.08713501  0.06762437]
[ 0.08712103  0.08488569  0.08206113  0.07252808  0.07055851  0.06277882
  0.05934317  0.05780918  0.04453373  0.04350952  0.03406919  0.0262322
  0.02128968  0.0228587   0.01894139  0.01172686  0.0031205  -0.00410795
 -0.01134568 -0.01337049 -0.01690609 -0.01588478 -0.00887355 -0.00579362
 -0.00134257 -0.01472103 -0.01731724 -0.02008726 -0.0222418  -0.02034592
 -0.0080998   0.00227153 -0.00226782  0.00399862  0.00438397  0.00623203
  0.00593459  0.01483643  0.03130219  0.03946243  0.04307971  0.04639236
  0.04783943  0.05376419  0.05434835  0.03951113  0.05518201  0.05752437
  0.0660097   0.04942368  0.05241387  0.05539643  0.05578675  0.07250828
  0.08778584  0.09075794  0.09058568]
[-0.56219213 -0.51126555 -0.46211911 -0.40907251 -0.35736539 -0.33681417
 -0.26383856 -0.2431898  -0.2021196  -0.15460472 -0.09868382 -0.04305367
  0.02725521  0.06974184  0.12505699  0.17145241  0.21310825  0.25320702
  0.28686154  0.32062599  0.42127487  0.46362517  0.53918137  0.5960922
  0.643044    0.68861387  0.77310929  0.80286604  0.83445135  0.88565792
  0.93286485  0.97998682  1.0237902   1.07108145  1.12236354  1.17012446
  1.21851803  1.26741785  1.31555524  1.35553845  1.32161281  1.35904135
  1.41021775  1.43364121  1.42679701  1.42137017  1.41515704  1.40706737
  1.40581173  1.4017068   1.40094804  1.39819862  1.39741639  1.39758654
  1.39876483  1.3993233   1.43786003  1.49712481  1.66830451  1.65317603
  1.68154447  1.60118746  1.5817736   1.59476186  1.49046149  1.46094943
  1.39433328  1.34514087  1.27242027  1.24418449  1.19350882  1.14414527
  1.09531077  1.04559457  0.99565093  0.94588016  0.89633019  0.84827673
  0.80053112  0.75025992  0.69181647  0.65569304  0.60733446  0.55595531
  0.5093584   0.46455474  0.41449511  0.36855622  0.309224    0.2782293
  0.22402186  0.1750051   0.13487473  0.09151766  0.03854907 -0.01039932
 -0.04950454 -0.09178541 -0.15550015 -0.18723852 -0.23100141 -0.30462992
 -0.317045   -0.36459959 -0.40670273 -0.44586913 -0.49042747 -0.53007635
 -0.57401562 -0.6156487  -0.65164102 -0.69254536 -0.73686702]
[ 1.62086606  1.62823002  1.6122745   1.59953588  1.57501949  1.5321457
  1.49582174  1.45782484  1.43083731  1.38318431  1.34615983  1.3086074
  1.27115534  1.23461985  1.19807254  1.15072152  1.12054591  1.08514158
  1.04628398  1.01414501  0.97269042  0.98179273  0.9467685   0.8881169
  0.85950695  0.82432186  0.77794923  0.73054867  0.67904397  0.63390178
  0.58322069  0.54231078  0.49515439  0.44314447  0.38213939  0.34728775
  0.30025263  0.2543614   0.20817892  0.17156568  0.11864888  0.0708773
  0.02221127 -0.02179223 -0.05253444 -0.10584689 -0.15120135 -0.19867773
 -0.2406427  -0.28363654 -0.31807076 -0.36391612 -0.4098685  -0.44395134
 -0.48742219 -0.52772403 -0.57067103 -0.61428873 -0.64485455 -0.68527367
 -0.72832513 -0.76708205 -0.79370185 -0.83681757 -0.87305147 -0.9041177
 -0.92979024 -0.96509152 -1.00035344 -1.02419384 -1.04599651 -1.08857821
 -1.10857433 -1.13671564 -1.14694455 -1.1737085  -1.19936504 -1.21816094
 -1.24675082 -1.26069578 -1.26328674 -1.27089096 -1.28374068 -1.2892979
 -1.30134017 -1.30960571 -1.32043474 -1.31102378 -1.27999811 -1.29513091
 -1.28712356 -1.27715438 -1.27522199 -1.26225477 -1.24563514 -1.20798321
 -1.19531569 -1.17298515 -1.15308358 -1.13806803 -1.11894977 -1.09328063
 -1.06182325 -1.02268483 -1.00221971 -0.97848743 -0.93775442 -0.91363693
 -0.88705383 -0.85278595 -0.81304876 -0.77998887 -0.74845562 -0.71407467
 -0.68206217 -0.63705553 -0.60579629 -0.56726037]
[ 1.50958324  1.4983216   1.47999751  1.44707744  1.40130359  1.36522832
  1.32814944  1.26719544  1.1988432   1.18668384  1.14470677  1.12591677
  1.03901736  0.99987481  1.00098578  0.88643408  0.84880645  0.79288025
  0.7407307   0.68651084  0.64012199  0.59202395  0.5465141   0.50073607
  0.44938032  0.40012889  0.3473985   0.31632049  0.24189481  0.18517705
  0.1515797   0.10829023  0.04404511  0.00799464 -0.02844638 -0.08730403
 -0.12461461 -0.12843194 -0.1927523  -0.25626564 -0.30415921 -0.32066283
 -0.39560469 -0.4340807  -0.47476147 -0.50458713 -0.53760326 -0.58142359
 -0.62354433 -0.66374851 -0.69545893 -0.72644301 -0.76939685 -0.79207303
 -0.82071163 -0.84393986 -0.9060456  -0.90269523 -0.9368848  -0.97052552
 -1.00451214 -1.03382495 -1.05024736 -1.0701775  -1.09721165 -1.12389666
 -1.14367461 -1.16953254 -1.25673079 -1.1851122  -1.12709938 -1.21974502
 -1.18473379 -1.22466668 -1.19384099 -1.25807725 -1.26840052 -1.27006713
 -1.2721668  -1.27971651 -1.28622674 -1.29344232 -1.30006899 -1.27495244
 -1.28375475 -1.26295068 -1.24632408 -1.22871144 -1.20223341 -1.18080449
 -1.17075038 -1.14409055 -1.14600304 -1.11642353 -1.09136215 -1.05322967
 -1.02782656 -1.00880894 -0.98494586 -0.9541045  -0.91991241 -0.87602221
 -0.8396993  -0.80673422 -0.78536547 -0.77111427 -0.71287468 -0.69951898
 -0.63379785 -0.59324338 -0.55622137 -0.51984355 -0.48073436 -0.37805928
 -0.40346882 -0.36114183 -0.32216285 -0.27685773]
[ 1.88703503  1.88498911  1.8854975   1.86985648  1.815064    1.73848774
  1.7094391   1.65685522  1.61331181  1.54476393  1.49739587  1.44236221
  1.38735084  1.33300672  1.30687641  1.23257851  1.18655578  1.13121118
  1.08241597  1.03648416  1.04557341  0.94809083  0.89826038  0.8472929
  0.80234002  0.75866137  0.716609    0.70485234  0.61562763  0.47644526
  0.5162634   0.46741807  0.41116027  0.35833091  0.3152223   0.1216865
  0.21791443  0.1655726   0.11349496  0.06137517  0.00978131 -0.04151464
 -0.0930097  -0.14420826 -0.13526406 -0.25560132 -0.29198485 -0.32097357
 -0.36210298 -0.45087508 -0.45216049 -0.49747697 -0.5450645  -0.58848663
 -0.61596186 -0.64509314 -0.69013808 -0.72452535 -0.81394761 -0.8085696
 -0.73338193 -0.84473992 -0.88447551 -0.91093695 -0.93270614 -0.94554619
 -0.97292666 -0.99725749 -1.02336489 -1.01050086 -0.98259102 -1.06144011
 -1.09305174 -1.17148564 -1.12791259 -1.11938803 -1.1179721  -1.13675271
 -1.15479431 -1.17437039 -1.18487379 -1.19755834 -1.08692685 -1.14102264
 -1.22444936 -1.23351215 -1.23329842 -1.23454638 -1.23401976 -1.36269698
 -1.2266049  -1.2202184  -1.21161177 -1.20144215 -1.19016506 -1.17691327
 -1.16135183 -1.14445894 -1.12610069 -1.10194947 -1.09431335 -1.08299982
 -1.05672409 -1.04622903 -1.0462637  -1.03080504 -1.00409251 -0.9808392
 -0.97699426 -0.94161918 -0.92529313 -0.90226652 -0.86482786 -0.83490006
 -0.82623304 -0.79298787 -0.75522233 -0.72268625 -0.69983644 -0.66326291
 -0.62424713 -0.58561818 -0.61337887 -0.51708756 -0.47706681 -0.42861774
 -0.37953497 -0.33241784 -0.30030797 -0.26274743 -0.21116082 -0.16040055
 -0.1089778  -0.05897934 -0.00598657  0.04444808  0.09940515  0.14980162
  0.20219283  0.25479319  0.30740625  0.41576793  0.40421648  0.44576576
  0.50347979  0.55482774  0.60349634  0.64798731  0.69590731  0.74415817
  0.78735151  0.82894389  0.87457707  0.91698415  0.9733445   1.00844924
  1.05917082  1.10512255  1.1519301   1.2020787   1.25470356  1.30550194
  1.35580575  1.40874398  1.46266048  1.51510561  1.56562259  1.61921973
  1.6700579   1.71968305  1.76955595  1.82073963  1.87139875  1.90332013
  1.97099228  1.85474326  1.80244399  1.74992208  1.69622355  1.64344595
  1.59066758  1.53588953  1.47769857  1.42397327  1.37092736  1.28188545
  1.26274443  1.21000233  1.16244009  1.10559301  0.96725248  1.00921205
  0.96040496  0.91228424  0.86832292  0.82299018  0.7775931   0.72840088
  0.68042186  0.63429047  0.5993669   0.54717638  0.49337588  0.45426044
  0.41050859  0.35770448  0.30470853  0.15615229  0.21724173  0.16495781
  0.11237499  0.06113173  0.01028084 -0.04235067 -0.09430126 -0.1450617
 -0.19439333 -0.24520133 -0.29542664 -0.34796686 -0.39292455 -0.43351471
 -0.48235182 -0.51847604 -0.55395247 -0.6006886  -0.64464593 -0.68136613
 -0.72682859 -0.7524266  -0.77403187 -0.81695061 -0.8687366  -0.86998694
 -0.88956814 -0.91449895 -0.95102538 -1.08261365 -0.973449   -1.00229078
 -1.03131897 -1.04822451 -1.05143175 -1.0496388  -1.07195545 -1.09729941
 -1.12155346 -1.13181082 -1.10666708 -1.11606052 -1.13317985]
[ 0.08712178  0.08488644  0.08206188  0.07252851  0.07055925  0.06277957
  0.05934391  0.05780992  0.04453411  0.04351025  0.03406992  0.02623292
  0.02129025  0.02285941  0.01894209  0.01172755  0.00312117 -0.00410728
 -0.01134502 -0.01336983 -0.01690545 -0.01588408 -0.00887293 -0.00579302
 -0.00134143 -0.01472045 -0.01731668 -0.0200867  -0.02224126 -0.02034538
 -0.00809927  0.00227205 -0.00226751  0.00399912  0.00438445  0.0062325
  0.00593505  0.01483688  0.03130263  0.03946287  0.04308015  0.04639279
  0.04783984  0.0537646   0.05434873  0.03951143  0.0551823   0.05752466
  0.06601055  0.04942391  0.05241407  0.05539661  0.05578689  0.0725084
  0.08778593  0.090758    0.09058571]
[ 0.35809129  0.31022544  0.25910635  0.21953724  0.18323831  0.13347069
  0.08369412  0.0419416   0.00363395 -0.0382385  -0.07799432 -0.12357498
 -0.17050483 -0.20274834 -0.23923432 -0.28237093 -0.32624297 -0.36661042
 -0.4076618  -0.44997774 -0.4924644  -0.52709704 -0.56465131 -0.60179841
 -0.63446642 -0.67125003 -0.70527399 -0.73341056 -0.78013164 -0.81726716
 -0.84733703 -0.86561822 -0.90851084 -0.93653987 -0.95316423 -0.98408318
 -1.00110032 -1.0306353  -1.04313911 -1.06480971 -1.08079797 -1.10638556
 -1.12588546 -1.14172088 -1.15935229 -1.17042795 -1.16946283 -1.17854833
 -1.20402883 -1.22067403 -1.22295944 -1.22237316 -1.22786806 -1.242295
 -1.24274314 -1.23481704 -1.22463088 -1.22337945 -1.24095296 -1.22869988
 -1.21193605 -1.20358789 -1.21069006 -1.18825517 -1.16568195 -1.1560449
 -1.14979591 -1.12617942 -1.10362148 -1.09623583 -1.09117893 -1.05780491
 -1.02366994 -1.00412833 -0.98169514 -0.96369283 -0.9369134  -0.90612021
 -0.86934125 -0.84381586 -0.82125147 -0.7799553  -0.74056216 -0.70557781
 -0.6760364  -0.63958135 -0.58761678 -0.54880127 -0.51170448 -0.47425416
 -0.42378876 -0.37775944 -0.33119798 -0.29940922 -0.24942819 -0.19999818
 -0.15167148 -0.10624266 -0.05321919 -0.00325557  0.04633591  0.09597846
  0.1402943   0.18884856  0.2414893   0.29467167  0.34701506  0.40203103
  0.45633087  0.50966315  0.56507974  0.62138852  0.67682325  0.73006318
  0.78410156  0.83546174  0.88860349  0.94511391  0.99774176  1.05288659
  1.10497505  1.15844402  1.21258881  1.26441919  1.31313888  1.35127246
  1.40076091  1.45286089  1.48972388  1.41824296  1.45461569  1.49435182
  1.51920197  1.51553393  1.5141509   1.52323933  1.52426623  1.53789503
  1.52925651  1.51782729  1.52058172  1.51715449  1.49085932  1.34429417
  1.31287583  1.28264063  1.2579232   1.22902688  1.18212924  1.14410501
  1.15163478  1.12059254  1.07560416  1.03679489  1.00924153  0.96892219
  0.91948879  0.86531136  0.81153397  0.75796556  0.71065398  0.66350502
  0.61277353  0.56098267  0.51409578  0.46061331  0.40303841  0.35675456
  0.30821072  0.25379729  0.20350684  0.16178767  0.11107584  0.05786122
  0.00523211 -0.03589794 -0.08106121 -0.13446045 -0.17778514 -0.21559189
 -0.26267214 -0.31115792 -0.36368908 -0.41460649 -0.44302727 -0.46630928
 -0.5096549  -0.55707527 -0.60251601 -0.63597757 -0.67039084 -0.70459276
 -0.72990386 -0.75941044 -0.79857371 -0.83007338 -0.87044542 -0.90934918
 -0.93321098 -0.94543746 -0.97907767 -1.00259231 -1.01979739 -1.03249674
 -1.04400971 -1.06330213 -1.07959871 -1.10070212 -1.12312229 -1.13672208
 -1.15049526 -1.17173738 -1.18529641 -1.19377934 -1.19873088 -1.19881718
 -1.19263932 -1.18836455 -1.18434171 -1.19071482 -1.18985866 -1.18627373
 -1.19552352 -1.1944851  -1.19372162 -1.1868655  -1.17899187 -1.1540803
 -1.14375839 -1.13195506 -1.1147203  -1.09688155 -1.09030863 -1.08468005
 -1.06296006 -1.030843   -1.01186836 -1.00395455 -0.97970838 -0.95356963
 -0.9344596  -0.91185209 -0.87900463 -0.84559776 -0.81061472 -0.7729443
 -0.75574235 -0.74159218 -0.70254051 -0.66084398 -0.62076068 -0.57903554
 -0.53448498 -0.49486012 -0.47219771 -0.43912915 -0.39287849 -0.34580402
 -0.29892158 -0.25643454 -0.21800158]
[-0.55850435 -0.51190633 -0.46668134 -0.41890513 -0.37159391 -0.35452239
 -0.28445728 -0.26172266 -0.22089985 -0.17529457 -0.12320955 -0.06870695
 -0.00693193  0.02627955  0.07692126  0.12115966  0.16184404  0.20195509
  0.23045251  0.25916071  0.35552988  0.39447306  0.46207999  0.51461194
  0.55914261  0.60046212  0.67838357  0.70208408  0.73087854  0.77954072
  0.82356188  0.86383376  0.91032238  0.95105557  0.99247274  1.03633928
  1.08261058  1.12423691  1.16324036  1.20260397  1.18161353  1.22716281
  1.27702711  1.30588473  1.3103558   1.3173108   1.32346547  1.32912353
  1.33924722  1.34664071  1.35709208  1.36643124  1.37671727  1.37740531
  1.38678706  1.39907223  1.44053466  1.50040564  1.62536801  1.61224348
  1.63429034  1.56079612  1.5376566   1.55175633  1.44409611  1.4200556
  1.35506034  1.30777655  1.23703187  1.21005777  1.16077279  1.11400257
  1.06934028  1.01844391  0.97237677  0.93549206  0.89425822  0.84742256
  0.80492026  0.77475009  0.71544968  0.68295959  0.63841331  0.59249271
  0.54993823  0.50908863  0.46306429  0.42356357  0.36887855  0.3432114
  0.29583994  0.25136609  0.21185157  0.17293372  0.12497531  0.07969224
  0.04611733  0.00586048 -0.05520167]
[-0.85352269 -0.89023665 -0.92956912 -0.9714844  -1.00865428 -1.01672268
 -1.05262214 -1.08780202 -1.097531   -1.11071072 -1.14429101 -1.17836358
 -1.20856627 -1.19399308 -1.20717706 -1.23672717 -1.25393479 -1.28743639
 -1.26647518 -1.23859806 -1.28237695 -1.28537856 -1.28101329 -1.27976242
 -1.26920098 -1.27609641 -1.27244984 -1.22968472 -1.22480227 -1.22379718
 -1.22201209 -1.19704672 -1.15315722 -1.14546482 -1.13377397 -1.12436842
 -1.11431017 -1.09614603 -1.05922222 -1.00906074 -0.98184515 -0.92536402
 -0.93111676 -0.92701112 -0.90827573 -0.87740204 -0.83517428 -0.76808478
 -0.74890851 -0.72088511 -0.69509224 -0.64489526 -0.6296916  -0.5943655
 -0.56273691 -0.52741505 -0.49220883 -0.456915   -0.42282046 -0.38555808
 -0.34703796 -0.30858207 -0.27083315 -0.22998064 -0.18802447 -0.14889228
 -0.09067556 -0.06557316 -0.03105428 -0.01692518  0.02614088  0.03222792
  0.11767887  0.14645111  0.17548821  0.18499784  0.26570123  0.28526516
  0.33425235  0.36445892  0.40462266  0.44306866  0.44001804  0.49979584
  0.53025077  0.56364414  0.60131328  0.62778755  0.61353322  0.65078957
  0.68441543  0.67415088  0.7440662   0.75654436  0.76750229  0.76443239
  0.83955894  0.89210184  0.94750729  0.99501417  1.04448385  1.09724253
  1.148895    1.20686164  1.25800566  1.31464623  1.36514197  1.41708809
  1.47041227  1.5228878   1.60184295  1.61852556  1.62459211  1.62757091
  1.62235347  1.63905122  1.6044934   1.57632791  1.53217604  1.45441057
  1.44386744  1.40449055  1.36162022  1.28993098  1.27554013  1.23347996
  1.18088748  1.1438211   1.0974826   1.04988751  1.01136174  1.00001034
  0.9699006   0.92725534  0.91545193  0.87827941  0.88205855  0.86347186
  0.82764498  0.79204389  0.76133394  0.72829803  0.69817794  0.64291948
  0.60528016  0.57787209  0.5416926   0.50205175  0.46950207  0.42038639
  0.39788727  0.35555218  0.32743167  0.29433788  0.24627273  0.20186509
  0.18300302  0.13749375  0.08997516  0.04322121  0.0177925  -0.04100407
 -0.0560199  -0.12244102 -0.15057887 -0.18811834 -0.21515289 -0.29994277
 -0.31104122 -0.35942314 -0.39793015 -0.43697713 -0.46481034 -0.51548182
 -0.55028985 -0.58977444 -0.62080231 -0.66239988 -0.69387269 -0.72916832
 -0.72315205 -0.79184694 -0.82649015 -0.85196253 -0.87339979 -0.90406155
 -0.92919668 -0.95353003 -0.9650525  -1.05309012 -1.07260287 -1.09118016
 -1.10178503 -1.12159173 -1.13547576 -1.17736928 -1.21398958 -1.21769257
 -1.21798422 -1.2325436  -1.28724924 -1.29779231 -1.29693901 -1.29248945
 -1.30309693 -1.29082478 -1.32854793]
[ 3.52474772e-01  3.04108854e-01  2.52886662e-01  2.13906914e-01
  1.77831150e-01  1.27469507e-01  7.68169955e-02  3.48964373e-02
 -3.14934047e-03 -4.84289740e-02 -8.72742353e-02 -1.32831060e-01
 -1.79084179e-01 -2.14330897e-01 -2.47820407e-01 -2.91073207e-01
 -3.35708832e-01 -3.76610028e-01 -4.17564522e-01 -4.59988817e-01
 -5.01466682e-01 -5.35419203e-01 -5.72700756e-01 -6.09989349e-01
 -6.44147234e-01 -6.80125607e-01 -7.13391423e-01 -7.40310126e-01
 -7.86831932e-01 -8.23728693e-01 -8.53328577e-01 -8.72915163e-01
 -9.12830754e-01 -9.39928865e-01 -9.58260250e-01 -9.85722850e-01
 -1.00394885e+00 -1.03396920e+00 -1.04875717e+00 -1.06870094e+00
 -1.08301837e+00 -1.10840875e+00 -1.12995827e+00 -1.14445941e+00
 -1.16045809e+00 -1.17108118e+00 -1.16951571e+00 -1.17979068e+00
 -1.20461203e+00 -1.22116410e+00 -1.22285748e+00 -1.22269355e+00
 -1.22764332e+00 -1.24135588e+00 -1.24207530e+00 -1.23420593e+00
 -1.22555591e+00 -1.22122030e+00 -1.23933792e+00 -1.22602986e+00
 -1.20939648e+00 -1.20237670e+00 -1.20706486e+00 -1.18360723e+00
 -1.16287617e+00 -1.15538258e+00 -1.14973253e+00 -1.12568051e+00
 -1.10188663e+00 -1.09408835e+00 -1.08789493e+00 -1.05429877e+00
 -1.02123174e+00 -1.00088495e+00 -9.79697140e-01 -9.61938125e-01
 -9.34683793e-01 -9.03524808e-01 -8.66863329e-01 -8.41002571e-01
 -8.16479379e-01 -7.76155546e-01 -7.37553813e-01 -7.03739963e-01
 -6.73710952e-01 -6.35875941e-01 -5.84696688e-01 -5.45745184e-01
 -5.09578900e-01 -4.72492672e-01 -4.21902629e-01 -3.74036302e-01
 -3.28270356e-01 -2.95354167e-01 -2.43167225e-01 -1.96470600e-01
 -1.49255132e-01 -1.01917135e-01 -5.03432957e-02  1.90612111e-05
  4.98198027e-02  1.00317675e-01  1.45299477e-01  1.94242661e-01
  2.47790118e-01  2.99350438e-01  3.51248926e-01  4.06736095e-01
  4.61180213e-01  5.15281684e-01  5.70573996e-01  6.27060740e-01
  6.82146723e-01  7.35467702e-01  7.89716661e-01  8.41440818e-01
  8.94465433e-01  9.50625819e-01  1.00333636e+00  1.05902832e+00
  1.11023294e+00  1.16367948e+00  1.21906787e+00  1.26957469e+00
  1.31846164e+00  1.35720634e+00  1.40632644e+00  1.45492298e+00
  1.49148023e+00  1.42450403e+00  1.46132802e+00  1.50077855e+00
  1.52408369e+00  1.52018677e+00  1.51999569e+00  1.52713050e+00
  1.53025244e+00  1.54107268e+00  1.53159459e+00  1.52168731e+00
  1.52474732e+00  1.52112259e+00  1.49528469e+00  1.35447286e+00
  1.32384197e+00  1.29469795e+00  1.27020642e+00  1.24109830e+00
  1.19564537e+00  1.15537982e+00  1.15996785e+00  1.12683784e+00
  1.08401875e+00  1.04526465e+00  1.01650198e+00  9.75546905e-01
  9.26085495e-01  8.72087416e-01  8.16426864e-01  7.65468972e-01
  7.17603724e-01  6.70514764e-01  6.18597464e-01  5.66870013e-01
  5.19700846e-01  4.64436128e-01  4.07343187e-01  3.61840193e-01
  3.13098715e-01  2.58270382e-01  2.07505182e-01  1.65390916e-01
  1.15132531e-01  6.08904962e-02  9.67403701e-03 -3.33634057e-02
 -7.85195984e-02 -1.31938438e-01 -1.75923663e-01 -2.14229458e-01
 -2.62070191e-01 -3.11996309e-01 -3.63016308e-01 -4.14211115e-01
 -4.42642828e-01 -4.66195962e-01 -5.09909478e-01 -5.56775505e-01
 -6.02486880e-01 -6.39315980e-01 -6.71915250e-01 -7.06420838e-01
 -7.31529959e-01 -7.60176425e-01 -7.99724224e-01 -8.31537829e-01
 -8.72148498e-01 -9.11314427e-01 -9.35809461e-01 -9.48714468e-01
 -9.79952327e-01 -1.00328214e+00 -1.02122800e+00 -1.03491178e+00
 -1.04740808e+00 -1.06689245e+00 -1.08423592e+00 -1.10418883e+00
 -1.12520350e+00 -1.13877456e+00 -1.15218807e+00 -1.17091023e+00
 -1.18715573e+00 -1.19652788e+00 -1.20120124e+00 -1.19950887e+00
 -1.19220938e+00 -1.18949931e+00 -1.18592853e+00 -1.19165627e+00
 -1.19189693e+00 -1.19011659e+00 -1.19753746e+00 -1.19661165e+00
 -1.19596515e+00 -1.18919133e+00 -1.18134587e+00 -1.15745817e+00
 -1.14638533e+00 -1.13658545e+00 -1.11993429e+00 -1.10090067e+00
 -1.09489164e+00 -1.08879602e+00 -1.06801804e+00 -1.03418675e+00
 -1.01636874e+00 -1.00871350e+00 -9.84736777e-01 -9.58274474e-01
 -9.38952377e-01 -9.16345982e-01 -8.84170563e-01 -8.53634212e-01
 -8.19376037e-01 -7.81588051e-01 -7.66573895e-01 -7.48477722e-01
 -7.09365212e-01 -6.68767691e-01 -6.27944746e-01 -5.86047392e-01
 -5.42690472e-01 -5.04110411e-01 -4.80938264e-01 -4.48197376e-01
 -4.02209734e-01 -3.54911588e-01 -3.07772311e-01 -2.62818056e-01
 -2.25770481e-01]
[ 1.50957922  1.49833291  1.47999335  1.44707309  1.40129821  1.36522339
  1.32814283  1.2671344   1.19885624  1.18667294  1.14469641  1.12590722
  1.03900626  0.99986348  1.000975    0.88641728  0.84879588  0.79286946
  0.74072031  0.68650051  0.64011204  0.59201419  0.54647691  0.50072604
  0.44937101  0.40011985  0.34739024  0.31631123  0.24188705  0.18517009
  0.15157237  0.10828212  0.04403717  0.00798769 -0.02845313 -0.0873014
 -0.12462104 -0.12843684 -0.19275863 -0.25627281 -0.30416608 -0.32066804
 -0.39561065 -0.43408753 -0.47476963 -0.50458764 -0.53761041 -0.58143006
 -0.62352622 -0.6637674  -0.69546518 -0.72644854 -0.76940221 -0.79207904
 -0.82071737 -0.84394538 -0.90605138 -0.90270003 -0.93690576 -0.97052857
 -1.00451378 -1.03382562 -1.05024916 -1.0701784  -1.0972113  -1.12392402
 -1.14367819 -1.16952842 -1.2567294  -1.18510727 -1.12709206 -1.21973897
 -1.18472539 -1.22465908 -1.19383119 -1.25806703 -1.2683891  -1.27005492
 -1.2722026  -1.27970871 -1.28621295 -1.29342783 -1.30005391 -1.27493665
 -1.28373989 -1.26293519 -1.24631557 -1.22868218 -1.20221826 -1.18078933
 -1.17073527 -1.14407511 -1.14598698 -1.11640714 -1.091346   -1.05321453
 -1.02781146 -1.00879255 -0.98492913 -0.95408664 -0.91989665 -0.87600695
 -0.83968446 -0.80672002 -0.78535089 -0.77109998 -0.71286087 -0.69950684
 -0.63378566 -0.59323222 -0.55621058 -0.51983258 -0.48072338 -0.37804611
 -0.4034596  -0.36113272 -0.32215311 -0.27684867]
[1.11033758 1.13246558 1.14206373 1.1552841  1.15658154 1.15647438
 1.15368947 1.14888865 1.14047246 1.13146963]
[ 0.40669916  0.40620114  0.2655446   0.23526833  0.19355126  0.14039816
  0.08630621  0.04444985  0.02734299 -0.01053135 -0.07123233 -0.12187409
 -0.18861019 -0.21338914 -0.2403004  -0.28297524 -0.32813566 -0.36406211
 -0.40462649 -0.45047866 -0.57453268 -0.53143569 -0.56541485 -0.61615782
 -0.59724139 -0.67758323 -0.69989081 -0.82167225 -0.75775929 -0.80796186
 -0.83989016 -1.01063367 -0.85659505 -0.89955139 -0.94619592 -0.98046547
 -0.98875426 -1.0056776  -1.02641584 -1.04749339 -1.07008028 -1.10493596
 -1.13065608 -1.11957648 -1.11739567 -1.1285283  -1.13845096 -1.15891981
 -1.15557897 -1.20223909 -1.18345044 -1.19670313 -1.20854829 -1.21310701
 -1.1889751  -1.11136413 -1.17736701 -1.17775226 -1.19696432 -1.18749423
 -1.29778198 -1.15067758 -1.1655676  -1.14299123 -1.13124184 -1.1099301
 -1.11519445 -1.10030239 -1.08809693 -1.07741949 -1.05197178 -1.03616846
 -1.0101412  -0.98698732 -0.96815123 -0.95501048 -0.92393731 -0.88967012
 -0.86866483 -0.83513001 -0.80593185 -0.77534333 -0.61699424 -0.71262033
 -0.68208358 -0.63695946 -0.5971863  -0.56266136 -0.51925115 -0.37357236
 -0.4452241  -0.49165841 -0.35793019 -0.32287694 -0.26951991 -0.21576798
 -0.17206569 -0.12557823 -0.07385306 -0.02599096  0.02069826  0.06429588
  0.10901991  0.17501307  0.21049988  0.26303582  0.31397079  0.3682903
  0.42576755  0.47480202  0.53016947  0.59389089  0.63806083  0.68743138
  0.73675381  0.80508262  0.83799153  0.89955885  0.93525937  1.00367311
  1.06646155  1.08870611  1.16418643  1.21383652  1.24473109  1.29955818
  1.29427815  1.38518054  1.417911    1.43976335  1.50811892  1.51529955
  1.54022879  1.53420191  1.53986327  1.53971089  1.53429443  1.59702761
  1.53312626  1.52193388  1.51471462  1.50746539  1.49813193  1.43650035
  1.41402988  1.45147232  1.36938377  1.35468065  1.32204475  1.30228054
  1.35394352  1.33603624  1.31403335  1.2640659   1.22579343  1.18519341
  1.14598574  1.09086195  1.05027027  0.99971521  0.95609447  0.89793316
  0.8607271   0.87553325  0.76933064  0.87762427  0.67262224  0.62868689
  0.58616001  0.60704327  0.45654732  0.44545098  0.39876607  0.34393842
  0.30689256  0.25756558  0.21493185  0.16406516  0.11728097  0.07246169
  0.04086865 -0.0168136  -0.06421458 -0.11343408 -0.15470024 -0.21283716
 -0.24139315 -0.28534473 -0.33396102 -0.38484534 -0.2464537  -0.45797005
 -0.49125255 -0.52909118 -0.57209017 -0.61275266 -0.64975862 -0.69308684
 -0.61777811 -0.73879599 -0.78588362 -0.83030688 -0.86627104 -0.89549261
 -1.01552522 -0.95948465 -0.97770936 -1.00130893 -1.04243731 -1.07437547
 -0.87824004 -1.10348807 -1.12545823 -1.14144747 -1.15627238 -1.1841492
 -1.18658064 -1.19915089 -1.20582837 -1.21968615 -1.23496458 -1.24836438
 -1.25093113 -1.20672243 -1.24777738 -1.25135874 -1.245172   -1.23929033
 -1.22641686 -1.23374735 -1.24621657 -1.21619937 -1.20959499 -1.20688006
 -1.18550207 -1.16598083 -1.18067855 -1.12405541 -1.05541848 -1.07738634
 -1.11567089 -1.04966882 -1.02456867 -0.99959522 -0.96811832 -0.93326879
 -0.90705207 -0.88217739 -0.85943805 -0.803809   -0.77090643]
[ 1.88703417  1.88498785  1.88549582  1.86985451  1.81506208  1.73848579
  1.70943715  1.65685326  1.61330985  1.54476213  1.49739393  1.44236032
  1.38734901  1.33300494  1.30687477  1.23257681  1.1865541   1.1312096
  1.08241437  1.03648258  1.0455718   0.9480892   0.89825881  0.84729132
  0.80233838  0.75865967  0.71660721  0.70485063  0.61562582  0.4764434
  0.51626155  0.46741625  0.41115845  0.3583291   0.31522042  0.12168457
  0.21791251  0.16557069  0.11349306  0.06137328  0.00977954 -0.04151633
 -0.09301139 -0.14420993 -0.1352657  -0.25560304 -0.2919864  -0.32097516
 -0.36210466 -0.45087663 -0.45216193 -0.49747842 -0.54506593 -0.58848788
 -0.61596316 -0.64509454 -0.69013938 -0.72452648 -0.81394874 -0.80857042
 -0.73338284 -0.84474099 -0.88447639 -0.9109377  -0.9327069  -0.94554676
 -0.97292725 -0.99725811 -1.02336552 -1.01050178 -0.98259197 -1.06144095
 -1.09305215 -1.17148599 -1.12791297 -1.11938861 -1.11797278 -1.13675334
 -1.15479488 -1.17437091 -1.18487424 -1.19755872 -1.08692716 -1.14102292
 -1.22444953 -1.23351226 -1.23329846 -1.23454634 -1.23401965 -1.36269681
 -1.22660466 -1.22021809 -1.21161139 -1.20144171 -1.19016455 -1.17691269
 -1.16135141 -1.14445867 -1.12610034 -1.10194917 -1.0943128  -1.08299944
 -1.05672373 -1.04622866 -1.04626325 -1.03080443 -1.00409183 -0.98083869
 -0.97699364 -0.94161837 -0.92529226 -0.90226565 -0.864827   -0.83489931
 -0.82623201 -0.79298674 -0.75522129 -0.72268518 -0.69983518 -0.66326161
 -0.62424592 -0.58561691 -0.61337747 -0.51708603 -0.47706529 -0.42861631
 -0.37953353 -0.33241632 -0.30030636 -0.26274571 -0.21115911 -0.16039883
 -0.10897608 -0.05897762 -0.00598485  0.04444983  0.09940683  0.14980333
  0.20219455  0.2547949   0.30740796  0.41576963  0.40421827  0.44576766
  0.50348149  0.55482944  0.60349802  0.647989    0.69590903  0.74415985
  0.78735318  0.82894559  0.87457877  0.91698588  0.97334626  1.00845105
  1.05917261  1.10512439  1.15193198  1.20208059  1.25470546  1.30550386
  1.3558077   1.40874594  1.46266242  1.51510754  1.56562453  1.61922167
  1.67005981  1.71968458  1.76955673  1.82073961  1.87139794  1.90331868
  1.97099054  1.85474145  1.8024421   1.74992019  1.69622166  1.64344405
  1.59066569  1.53588766  1.47769672  1.42397144  1.37092556  1.28188369
  1.26274274  1.2100007   1.1624385   1.10559142  0.96725093  1.00921054
  0.96040344  0.91228274  0.8683214   0.82298866  0.77759163  0.72839937
  0.68042029  0.63428897  0.59936536  0.54717481  0.49337433  0.4542588
  0.41050689  0.35770279  0.30470685  0.15615058  0.21723995  0.16495603
  0.11237323  0.06112998  0.0102791  -0.04235236 -0.09430292 -0.14506341
 -0.194395   -0.24520282 -0.2954281  -0.34796831 -0.392926   -0.43351621
 -0.48235324 -0.51847737 -0.55395386 -0.60068999 -0.64464713 -0.68136729
 -0.72682961 -0.75242756 -0.774033   -0.81695138 -0.86873736 -0.8699876
 -0.8895688  -0.91449968 -0.95102599 -1.08261406 -0.97344961 -1.00229105
 -1.03131913 -1.04822474 -1.05143213 -1.04963927 -1.07195554 -1.09729945
 -1.12155344 -1.13181081 -1.10666738 -1.11606084 -1.13318011]
[1.11034477 1.13247222 1.14207041 1.15528991 1.15658689 1.15647909
 1.15369367 1.1488924  1.14047616 1.13147282]
[-0.85254553 -0.88924212 -0.92852797 -0.97216095 -1.00752469 -1.01568136
 -1.05145821 -1.08658896 -1.09634586 -1.10954963 -1.1430815  -1.17710393
 -1.20724868 -1.19282978 -1.20585918 -1.23545626 -1.25405531 -1.28612639
 -1.265263   -1.23745557 -1.28117562 -1.28420089 -1.2798822  -1.27858424
 -1.26810489 -1.27329993 -1.2713419  -1.22871282 -1.22384422 -1.22284816
 -1.22107859 -1.19618369 -1.15241537 -1.14475217 -1.1330577  -1.12119843
 -1.11364369 -1.09550994 -1.05864431 -1.00857208 -0.98139503 -0.92502859
 -0.93071941 -0.92416832 -0.90787572 -0.87827118 -0.83485781 -0.76788313
 -0.74873209 -0.72069629 -0.69492244 -0.64479742 -0.62980163 -0.59428534
 -0.56268415 -0.52738452 -0.49218443 -0.45690491 -0.42286893 -0.38562178
 -0.34340766 -0.30872361 -0.27099661 -0.23015591 -0.1882176  -0.14911392
 -0.09095008 -0.06431965 -0.03127263 -0.0170736   0.02602988  0.0321609
  0.11630405  0.14611971  0.1753895   0.18498038  0.26558661  0.28520514
  0.33415915  0.36435541  0.40426342  0.44290391  0.43993414  0.49958748
  0.53001675  0.56335007  0.60096136  0.62808363  0.61320719  0.6503985
  0.68395525  0.67380674  0.74351579  0.75598795  0.7669467   0.76391691
  0.83888326  0.89130982  0.94660705  0.99405204  1.04346473  1.09613324
  1.14886007  1.20558968  1.25664532  1.31321668  1.36361486  1.41547713
  1.46871354  1.52226993  1.5999938   1.61783332  1.62268909  1.62570498
  1.62056235  1.63725182  1.60326447  1.57482098  1.53084211  1.45333089
  1.44284978  1.40361943  1.36089197  1.28938755  1.27504422  1.23309343
  1.18064459  1.1436788   1.09746246  1.04994742  1.01151847  1.00012447
  0.97004425  0.92744187  0.91557178  0.87840039  0.88207257  0.86286729
  0.82760293  0.79198635  0.76126832  0.72821384  0.6980722   0.64280591
  0.60515708  0.57771224  0.54134691  0.50191519  0.46933654  0.42025188
  0.39772474  0.35542305  0.32725699  0.29412505  0.24609102  0.20170426
  0.1827924   0.13730497  0.0898136   0.04308957  0.01764914 -0.04108725
 -0.05616469 -0.12157226 -0.15070539 -0.1882049  -0.21525269 -0.29991045
 -0.3111025  -0.35943791 -0.39792484 -0.43692975 -0.46472597 -0.51539991
 -0.5502065  -0.58963944 -0.62286964 -0.66220457 -0.69370454 -0.72894776
 -0.72299853 -0.79157361 -0.82619189 -0.85141539 -0.87343312 -0.90370284
 -0.92881631 -0.95315947 -0.96468842 -1.05253568 -1.0720295  -1.0902064
 -1.1012164  -1.12098249 -1.13485382 -1.17732348 -1.21318299 -1.21690762
 -1.21725481 -1.23178097 -1.28640811 -1.29694007 -1.29385287 -1.29164054
 -1.30222183 -1.28999935 -1.32516648]
[ 5.48018857e-01  5.23242483e-01  4.31194320e-01  3.92876497e-01
  3.52353958e-01  3.03803847e-01  2.53888915e-01  2.08974203e-01
  1.77777073e-01  1.35140631e-01  8.37703812e-02  3.59377857e-02
 -1.93655837e-02 -5.61275281e-02 -8.89065209e-02 -1.32849489e-01
 -1.77914123e-01 -2.18551316e-01 -2.59975724e-01 -3.06123051e-01
 -3.87821428e-01 -3.88801268e-01 -4.27525294e-01 -4.75060495e-01
 -4.83534718e-01 -5.44068199e-01 -5.73457406e-01 -6.50484748e-01
 -6.45392330e-01 -6.91669403e-01 -7.23701507e-01 -8.22170458e-01
 -7.71756824e-01 -8.07929142e-01 -8.46713340e-01 -8.84870341e-01
 -9.00324764e-01 -9.31508834e-01 -9.47675365e-01 -9.77756476e-01
 -9.98004837e-01 -1.03161539e+00 -1.05845829e+00 -1.06426042e+00
 -1.07464580e+00 -1.09095122e+00 -1.10772705e+00 -1.12535892e+00
 -1.13686306e+00 -1.17008323e+00 -1.16694996e+00 -1.16937058e+00
 -1.19184516e+00 -1.20504639e+00 -1.19862430e+00 -1.15974498e+00
 -1.19279020e+00 -1.19652540e+00 -1.21113956e+00 -1.20764556e+00
 -1.26006544e+00 -1.18805541e+00 -1.19724437e+00 -1.18234084e+00
 -1.17245078e+00 -1.15992467e+00 -1.15818618e+00 -1.14059610e+00
 -1.13040160e+00 -1.12662709e+00 -1.10390741e+00 -1.08580474e+00
 -1.06252222e+00 -1.04326155e+00 -1.02490139e+00 -1.00940497e+00
 -9.81479078e-01 -9.51786702e-01 -9.28219683e-01 -9.00392246e-01
 -8.69619428e-01 -8.42904788e-01 -7.50401910e-01 -7.80968033e-01
 -7.52827259e-01 -7.12169758e-01 -6.75153222e-01 -6.47412414e-01
 -6.06463052e-01 -5.19262031e-01 -5.33049079e-01 -5.34563951e-01
 -4.49133874e-01 -4.16325989e-01 -3.69309631e-01 -3.23111239e-01
 -2.77472588e-01 -2.37009423e-01 -1.96065550e-01 -1.48305824e-01
 -9.92621909e-02 -5.31873435e-02 -1.75947974e-02  3.71097528e-02
  7.69524868e-02  1.24418247e-01  1.71884903e-01  2.22083317e-01
  2.73878615e-01  3.27387748e-01  3.75833030e-01  4.30661573e-01
  4.77294509e-01  5.22399914e-01  5.75018534e-01  6.29585334e-01
  6.71005413e-01  7.27452240e-01  7.74228841e-01  8.25446996e-01
  8.78299500e-01  9.12901538e-01  9.73659726e-01  1.02980944e+00
  1.06043705e+00  1.10647411e+00  1.12708433e+00  1.19412564e+00
  1.23055718e+00  1.23318335e+00  1.28532853e+00  1.30917208e+00
  1.33679195e+00  1.34564851e+00  1.36322982e+00  1.37076645e+00
  1.37683025e+00  1.42486634e+00  1.40233529e+00  1.40699903e+00
  1.41757292e+00  1.42265023e+00  1.42990547e+00  1.36561497e+00
  1.36421783e+00  1.38715733e+00  1.35585382e+00  1.34813582e+00
  1.32906062e+00  1.31906620e+00  1.35112552e+00  1.33640744e+00
  1.32259483e+00  1.29161285e+00  1.26744271e+00  1.23907849e+00
  1.20621187e+00  1.15679654e+00  1.12465306e+00  1.07568112e+00
  1.03591650e+00  9.88624707e-01  9.50199798e-01  9.35065448e-01
  8.64407119e-01  8.90176770e-01  7.67102944e-01  7.26917071e-01
  6.85156926e-01  6.74705458e-01  5.77137095e-01  5.52659104e-01
  5.10076105e-01  4.58490189e-01  4.14135014e-01  3.70021885e-01
  3.26574999e-01  2.75866562e-01  2.33790454e-01  1.88973095e-01
  1.51285335e-01  9.71263038e-02  5.03594447e-02 -1.37203266e-05
 -3.72094131e-02 -8.89241456e-02 -1.21078433e-01 -1.65911241e-01
 -2.11572850e-01 -2.53794098e-01 -2.09913776e-01 -3.31938814e-01
 -3.68421149e-01 -4.05388017e-01 -4.48019954e-01 -4.85987761e-01
 -5.24878571e-01 -5.67915880e-01 -5.47791407e-01 -6.20882397e-01
 -6.64546401e-01 -7.04064115e-01 -7.37768675e-01 -7.65990693e-01
 -8.38196931e-01 -8.27706017e-01 -8.54241850e-01 -8.75400669e-01
 -9.13027679e-01 -9.42373006e-01 -8.62972700e-01 -9.86421614e-01
 -1.01089426e+00 -1.02871449e+00 -1.04827703e+00 -1.06982827e+00
 -1.07859757e+00 -1.09308343e+00 -1.10005809e+00 -1.12423990e+00
 -1.13898305e+00 -1.15207249e+00 -1.16331824e+00 -1.14038349e+00
 -1.17504849e+00 -1.17973054e+00 -1.17952110e+00 -1.18025482e+00
 -1.17685064e+00 -1.18093620e+00 -1.18961532e+00 -1.17318722e+00
 -1.17080116e+00 -1.17278659e+00 -1.16342477e+00 -1.14914089e+00
 -1.15609980e+00 -1.12752845e+00 -1.08960761e+00 -1.09323947e+00
 -1.10679371e+00 -1.07212706e+00 -1.05203313e+00 -1.03158564e+00
 -1.00654838e+00 -9.78296036e-01 -9.61383613e-01 -9.44530374e-01
 -9.19863616e-01 -8.77555046e-01 -8.53519979e-01]
[ 5.49612442e-01  5.24675235e-01  4.32502346e-01  3.94191893e-01
  3.53616117e-01  3.04912870e-01  2.54908300e-01  2.09998191e-01
  1.78828782e-01  1.36245892e-01  8.48678706e-02  3.70293330e-02
 -1.82390761e-02 -5.49835371e-02 -8.77465122e-02 -1.31696580e-01
 -1.76746694e-01 -2.17359784e-01 -2.58828344e-01 -3.05029223e-01
 -3.86709639e-01 -3.87665825e-01 -4.26354485e-01 -4.73814850e-01
 -4.82281734e-01 -5.42816592e-01 -5.72275869e-01 -6.49360348e-01
 -6.44267197e-01 -6.90537297e-01 -7.22568531e-01 -8.21022879e-01
 -7.70588321e-01 -8.06777714e-01 -8.45559854e-01 -8.83766305e-01
 -8.99279263e-01 -9.30465251e-01 -9.46640365e-01 -9.76726315e-01
 -9.96986796e-01 -1.03062356e+00 -1.05740012e+00 -1.06326375e+00
 -1.07378494e+00 -1.09012272e+00 -1.10682657e+00 -1.12441389e+00
 -1.13594073e+00 -1.16934066e+00 -1.16629442e+00 -1.16862780e+00
 -1.19111618e+00 -1.20435077e+00 -1.19796851e+00 -1.15913938e+00
 -1.19230261e+00 -1.19608244e+00 -1.21074783e+00 -1.20728698e+00
 -1.25972293e+00 -1.18771128e+00 -1.19680471e+00 -1.18197805e+00
 -1.17209900e+00 -1.15962688e+00 -1.15804945e+00 -1.14068274e+00
 -1.13059060e+00 -1.12687232e+00 -1.10422295e+00 -1.08612605e+00
 -1.06289939e+00 -1.04369766e+00 -1.02539480e+00 -1.00994921e+00
 -9.82077139e-01 -9.52436095e-01 -9.28938132e-01 -9.01162971e-01
 -8.70442746e-01 -8.43769447e-01 -7.51308398e-01 -7.81914829e-01
 -7.53812438e-01 -7.13286597e-01 -6.76423631e-01 -6.48635550e-01
 -6.07559342e-01 -5.20319862e-01 -5.34135253e-01 -5.35683069e-01
 -4.50285713e-01 -4.17535235e-01 -3.70699441e-01 -3.24580207e-01
 -2.78959637e-01 -2.38404758e-01 -1.97453128e-01 -1.49741340e-01
 -1.00714187e-01 -5.46553063e-02 -1.91626809e-02  3.54406143e-02
  7.52820114e-02  1.22855031e-01  1.70341672e-01  2.20421244e-01
  2.72191749e-01  3.25689401e-01  3.74163763e-01  4.29058337e-01
  4.75655501e-01  5.20726518e-01  5.73338694e-01  6.27876228e-01
  6.69267086e-01  7.25701821e-01  7.72533349e-01  8.23769807e-01
  8.76618996e-01  9.11189749e-01  9.71940599e-01  1.02808879e+00
  1.05870928e+00  1.10475123e+00  1.12537101e+00  1.19241305e+00
  1.22889914e+00  1.23159381e+00  1.28376877e+00  1.30761939e+00
  1.33525171e+00  1.34412426e+00  1.36166377e+00  1.36918424e+00
  1.37530488e+00  1.42337655e+00  1.40081429e+00  1.40546334e+00
  1.41605260e+00  1.42112154e+00  1.42834500e+00  1.36404281e+00
  1.36265964e+00  1.38563300e+00  1.35439129e+00  1.34671007e+00
  1.32770994e+00  1.31794700e+00  1.35025417e+00  1.33568344e+00
  1.32198978e+00  1.29112563e+00  1.26707524e+00  1.23900175e+00
  1.20641743e+00  1.15728287e+00  1.12542114e+00  1.07672818e+00
  1.03724684e+00  9.90237528e-01  9.51826532e-01  9.36636635e-01
  8.65928960e-01  8.91648051e-01  7.68520804e-01  7.28277285e-01
  6.86456056e-01  6.75940264e-01  5.78403737e-01  5.53961875e-01
  5.11368362e-01  4.59763345e-01  4.15276368e-01  3.71012622e-01
  3.27522696e-01  2.76807100e-01  2.34735854e-01  1.89923940e-01
  1.52237035e-01  9.80883515e-02  5.13204208e-02  9.27673688e-04
 -3.62341457e-02 -8.79054737e-02 -1.20066173e-01 -1.64906216e-01
 -2.10540569e-01 -2.52713578e-01 -2.08861893e-01 -3.30897561e-01
 -3.67369711e-01 -4.04331907e-01 -4.46900837e-01 -4.84801980e-01
 -5.23675618e-01 -5.66759165e-01 -5.46689548e-01 -6.19791935e-01
 -6.63448432e-01 -7.02959581e-01 -7.36657658e-01 -7.64861876e-01
 -8.37049251e-01 -8.26558290e-01 -8.53096896e-01 -8.74345847e-01
 -9.12056976e-01 -9.41380686e-01 -8.61902972e-01 -9.85350016e-01
 -1.00982741e+00 -1.02765466e+00 -1.04725504e+00 -1.06885692e+00
 -1.07764502e+00 -1.09213010e+00 -1.09909884e+00 -1.12327051e+00
 -1.13800927e+00 -1.15100328e+00 -1.16231308e+00 -1.13952703e+00
 -1.17424152e+00 -1.17881544e+00 -1.17858052e+00 -1.17932449e+00
 -1.17579648e+00 -1.17986812e+00 -1.18866219e+00 -1.17239852e+00
 -1.16992234e+00 -1.17184577e+00 -1.16248970e+00 -1.14823016e+00
 -1.15520764e+00 -1.12657406e+00 -1.08869578e+00 -1.09249399e+00
 -1.10609282e+00 -1.07140436e+00 -1.05133285e+00 -1.03093076e+00
 -1.00593263e+00 -9.77719436e-01 -9.60828625e-01 -9.43967670e-01
 -9.19339312e-01 -8.77079172e-01 -8.53080475e-01]
[-0.84612943 -0.88292267 -0.92212388 -0.96406145 -1.00131624 -1.00982255
 -1.04581621 -1.08088638 -1.09094521 -1.1044766  -1.13815773 -1.17235939
 -1.20265975 -1.18875611 -1.20226177 -1.23194703 -1.24943503 -1.28297611
 -1.26273468 -1.23568142 -1.27936446 -1.28277131 -1.27887743 -1.27805199
 -1.2680349  -1.27524093 -1.27173756 -1.2296323  -1.22513151 -1.22444366
 -1.22297187 -1.19858208 -1.15545435 -1.14807083 -1.136704   -1.12757312
 -1.11776933 -1.09990964 -1.06348916 -1.01397096 -0.98704826 -0.93127136
 -0.93685798 -0.93268403 -0.91411185 -0.88337316 -0.84142674 -0.77488055
 -0.75576728 -0.72781224 -0.70204631 -0.65212069 -0.63677754 -0.60148653
 -0.56990995 -0.53463054 -0.49945695 -0.46418092 -0.43007704 -0.39283749
 -0.35434735 -0.31590462 -0.27815581 -0.23733519 -0.1954513  -0.15661694
 -0.09862394 -0.07331912 -0.03872357 -0.02425512  0.01879688  0.02535271
  0.11025883  0.13919513  0.1684024   0.1783335   0.2585716   0.27833645
  0.32712276  0.35750229  0.39772357  0.43624162  0.43379637  0.49337136
  0.52384557  0.55735529  0.59515912  0.62180352  0.60830288  0.64566518
  0.67937225  0.66969417  0.73930874  0.75222117  0.76360704  0.76115375
  0.83591264  0.88825979  0.94355133  0.99116093  1.04061217  1.0932902
  1.14485437  1.20271387  1.25380254  1.31032346  1.36077068  1.41265232
  1.46589885  1.51830184  1.59684626  1.6139112   1.62047335  1.62397829
  1.61936572  1.63645363  1.60281101  1.57547612  1.53233832  1.45604259
  1.44576724  1.40712097  1.36505477  1.29413335  1.27992937  1.23837138
  1.18636806  1.14974633  1.103965    1.0569497   1.01890328  1.00719153
  0.97737449  0.93485885  0.92264259  0.88539399  0.8886035   0.86970484
  0.83376795  0.7980425   0.76716278  0.73395438  0.70371656  0.64856376
  0.61080616  0.58316748  0.54677317  0.50708155  0.47430677  0.42525297
  0.40240312  0.36003051  0.33167899  0.29841849  0.25035989  0.2059286
  0.1867288   0.14120804  0.09369504  0.04694763  0.02138561 -0.03725504
 -0.05267158 -0.11883504 -0.14727804 -0.18475591 -0.21199079 -0.29627988
 -0.3078029  -0.35617566 -0.39470287 -0.43371486 -0.46162074 -0.51236767
 -0.5472396  -0.58664444 -0.61789241 -0.65946681 -0.69108638 -0.72630363
 -0.72085484 -0.7892115  -0.82396613 -0.84963104 -0.87130687 -0.90199589
 -0.92714016 -0.95166739 -0.96356157 -1.05098396 -1.0707281  -1.08954914
 -1.10041928 -1.12014116 -1.13423977 -1.17604059 -1.2126148  -1.21665232
 -1.21734527 -1.23205202 -1.28646983 -1.29721218 -1.29668054 -1.29256971
 -1.30323756 -1.29146925 -1.32891807]
[-0.85890066 -0.89575161 -0.93580136 -0.9775723  -1.01522711 -1.0230853
 -1.05844781 -1.09410803 -1.10555931 -1.12029326 -1.15161292 -1.18470114
 -1.21493144 -1.20326236 -1.21455314 -1.24287675 -1.26071925 -1.29361792
 -1.27526894 -1.24777827 -1.2883714  -1.29224925 -1.28859071 -1.28809593
 -1.27697328 -1.28175603 -1.27843504 -1.2383489  -1.23154267 -1.22873446
 -1.22691823 -1.20279896 -1.16120781 -1.15352045 -1.14112762 -1.12807375
 -1.11755747 -1.09958317 -1.06390836 -1.01577978 -0.98881977 -0.93430557
 -0.93672778 -0.92900869 -0.91027288 -0.87932067 -0.83783422 -0.77094498
 -0.75104169 -0.72476541 -0.69861632 -0.64940427 -0.63352243 -0.59756587
 -0.56627268 -0.52922589 -0.49505287 -0.45954811 -0.42511252 -0.38749814
 -0.34861094 -0.30995592 -0.27192785 -0.23094888 -0.18888405 -0.14944238
 -0.09209654 -0.0657214  -0.03054489 -0.01441415  0.02857494  0.03510847
  0.11775227  0.14742878  0.17798285  0.18931057  0.26709925  0.28775083
  0.33699303  0.36827202  0.4073781   0.44529679  0.4442036   0.5034291
  0.53366143  0.56694869  0.60431581  0.63224486  0.61881008  0.65664471
  0.69044285  0.68223135  0.74703816  0.76116461  0.77362106  0.77177501
  0.84253376  0.89413095  0.94891613  0.99644651  1.04607096  1.09913789
  1.15192158  1.20866657  1.26011836  1.31660806  1.3676602   1.42074455
  1.4731123   1.5257562   1.60311887  1.61993541  1.62739972  1.63374296
  1.63172135  1.64737289  1.61493625  1.58670761  1.5428951   1.46962948
  1.45649895  1.41622442  1.37257884  1.3015343   1.28457013  1.24210458
  1.18876256  1.15027867  1.10306017  1.05508873  1.01542496  1.00129033
  0.970078    0.93030017  0.91696454  0.87941633  0.88171807  0.86346951
  0.82869185  0.79255975  0.76142538  0.72837308  0.6980184   0.64399386
  0.60655981  0.57885462  0.5430173   0.50428954  0.47179204  0.4237347
  0.3986409   0.35923225  0.32838417  0.29553962  0.24899424  0.20433149
  0.18366402  0.13996356  0.09288078  0.04602098  0.01926104 -0.03724043
 -0.05222477 -0.11802213 -0.14762668 -0.18506398 -0.21308447 -0.29485066
 -0.30504968 -0.35338133 -0.39203326 -0.43116726 -0.45903039 -0.50969908
 -0.54451216 -0.58408676 -0.61573828 -0.6566884  -0.68834047 -0.722147
 -0.72004356 -0.78637049 -0.820802   -0.84647112 -0.86828854 -0.89902525
 -0.92717247 -0.95217282 -0.96477234 -1.04894581 -1.06854021 -1.08717835
 -1.09791288 -1.11785812 -1.13191953 -1.1752106  -1.21107967 -1.21512865
 -1.21629968 -1.23066202 -1.2821669  -1.29407304 -1.29566601 -1.2914468 ]
[ 0.55345245  0.52773397  0.43705671  0.39850057  0.35790931  0.30916793
  0.25926736  0.21435148  0.18267848  0.13993348  0.0888641   0.04109079
 -0.01377251 -0.05082879 -0.08379355 -0.12779204 -0.17273758 -0.21343263
 -0.25496678 -0.3011482  -0.38150762 -0.38379856 -0.42246076 -0.46963073
 -0.47925679 -0.53907436 -0.56882074 -0.64440004 -0.64088607 -0.68703226
 -0.71915282 -0.81537399 -0.76808375 -0.80399487 -0.8424414  -0.8806847
 -0.89667742 -0.9281251  -0.94412871 -0.97435178 -0.99468974 -1.02828482
 -1.05518068 -1.06179617 -1.07247847 -1.08901352 -1.10572195 -1.12338445
 -1.13544974 -1.16860339 -1.1663736  -1.16872109 -1.19131438 -1.20481508
 -1.19900737 -1.16173277 -1.19392149 -1.19732337 -1.21192308 -1.20866219
 -1.25932693 -1.18978457 -1.19871377 -1.18416458 -1.17434344 -1.1621933
 -1.16051678 -1.14326824 -1.13319418 -1.12952157 -1.10722258 -1.0889759
 -1.065777   -1.04665986 -1.0283278  -1.01279226 -0.98501705 -0.9555216
 -0.93171782 -0.90398146 -0.87332751 -0.84657487 -0.75619881 -0.78463014
 -0.75646497 -0.71595514 -0.67935596 -0.65168244 -0.61061009 -0.5251394
 -0.53698611 -0.53699398 -0.45320594 -0.42072997 -0.37402251 -0.32799749
 -0.28233656 -0.24175919 -0.20107983 -0.1533715  -0.10436029 -0.05833848
 -0.02298656  0.03126941  0.07137634  0.11894522  0.16636814  0.21619473
  0.26784401  0.32141064  0.3697345   0.42431335  0.4710734   0.51613225
  0.56865774  0.6227027   0.66448047  0.72074997  0.7678069   0.8188346
  0.87147118  0.90640118  0.96666525  1.02279371  1.05368437  1.09952976
  1.12125409  1.18756441  1.22415387  1.22634184  1.27801088  1.30255231
  1.33036553  1.33968985  1.35752408  1.36550726  1.37219108  1.41964874
  1.39837594  1.40349706  1.41466104  1.42021562  1.42771624  1.36360245
  1.36274778  1.38532319  1.35562347  1.34819626  1.32939251  1.32015773
  1.35178218  1.33719503  1.32345832  1.29303857  1.26934375  1.24171502
  1.20922752  1.16020427  1.12860001  1.07992688  1.04031267  0.99330862
  0.95472773  0.93843693  0.86867405  0.89175035  0.77114121  0.73089698
  0.68890937  0.67713517  0.58124035  0.55626536  0.51360724  0.46208672
  0.41730168  0.37309165  0.32956784  0.27885333  0.23680755  0.19201093
  0.15388063  0.09996657  0.05315684  0.0027877  -0.03433223 -0.08567407
 -0.11809622 -0.16298882 -0.20847492 -0.25034189 -0.20944043 -0.32866889
 -0.36519703 -0.40220873 -0.44475966 -0.48261097 -0.5213972  -0.56439809
 -0.54615711 -0.61786176 -0.66143322 -0.70071149 -0.73420539 -0.76221898
 -0.83286277 -0.82383145 -0.85061723 -0.87191161 -0.90935197 -0.93860669
 -0.86274282 -0.9829886  -1.00750777 -1.0253473  -1.04492349 -1.06645478
 -1.07549595 -1.09005722 -1.09717148 -1.12144804 -1.13620582 -1.14930593
 -1.16092815 -1.13929816 -1.17362145 -1.178091   -1.17772458 -1.17859445
 -1.1753563  -1.17935001 -1.18814545 -1.17237778 -1.17009081 -1.17209239
 -1.16304533 -1.14889389 -1.15542689 -1.12773178 -1.09091443 -1.09413735
 -1.10697638 -1.07302959 -1.0529279  -1.03256531 -1.00770483 -0.9795998
 -0.96286575 -0.94608985 -0.92135615 -0.87940213 -0.85524066]
[ 1.50562927  1.49379087  1.47559705  1.44251284  1.39673658  1.36059846
  1.32338446  1.26252831  1.19445808  1.18192832  1.13986434  1.12080508
  1.03418978  0.99491342  0.99560088  0.88159269  0.84398493  0.78795601
  0.73594884  0.68174664  0.63531593  0.58719169  0.54158134  0.49581168
  0.44489776  0.39527725  0.34248034  0.31118858  0.2370133   0.17996422
  0.14691269  0.10357885  0.03945671  0.00331442 -0.03325528 -0.09174102
 -0.129021   -0.13316197 -0.19733476 -0.26049774 -0.30816929 -0.3248722
 -0.39955327 -0.43787606 -0.47828391 -0.50855666 -0.54121853 -0.58485369
 -0.62652    -0.66672409 -0.69840815 -0.72938725 -0.77200819 -0.79494571
 -0.82342266 -0.8462669  -0.90796723 -0.90491443 -0.93898079 -0.97246761
 -1.00655599 -1.03543095 -1.05188805 -1.07173655 -1.09864067 -1.12520121
 -1.14481129 -1.17046716 -1.25698976 -1.18591509 -1.12837787 -1.22019725
 -1.18539864 -1.22499304 -1.19430792 -1.25789306 -1.26801507 -1.26953543
 -1.27188949 -1.27937868 -1.28572016 -1.29261355 -1.29895534 -1.27385168
 -1.2823603  -1.26148233 -1.24484214 -1.22742317 -1.20096213 -1.17943958
 -1.16917599 -1.1427815  -1.14443889 -1.11485429 -1.08958812 -1.05166661
 -1.02627423 -1.00705815 -0.98303035 -0.95223736 -0.9181275  -0.87422054
 -0.83780923 -0.80472776 -0.78316228 -0.7688006  -0.71074647 -0.69710658
 -0.63150682 -0.59087599 -0.55374768 -0.51727174 -0.4782399  -0.37601044
 -0.40081983 -0.35841569 -0.31933135 -0.27397103]
[ 0.61208033  0.58816579  0.50052108  0.46178318  0.42342949  0.37436194
  0.32393446  0.27890271  0.2470973   0.20420972  0.15327528  0.10515295
  0.0501042   0.01236485 -0.02079579 -0.06514565 -0.11121484 -0.1524265
 -0.19453969 -0.24132039 -0.32165895 -0.32497258 -0.36434695 -0.41249655
 -0.42316926 -0.48314954 -0.51414735 -0.58995783 -0.5886053  -0.63543433
 -0.66850936 -0.76395283 -0.71975151 -0.75714248 -0.79550715 -0.83534434
 -0.85269556 -0.88592333 -0.90304547 -0.93415881 -0.95612892 -0.99093049
 -1.01851822 -1.02667487 -1.04035223 -1.05873997 -1.07610288 -1.09453475
 -1.10853068 -1.14401568 -1.14405201 -1.1473765  -1.17074948 -1.18623577
 -1.18247791 -1.14774251 -1.18055821 -1.18750484 -1.2042736  -1.2015951
 -1.2531774  -1.18685497 -1.1964162  -1.18416538 -1.17632715 -1.1665368
 -1.16561001 -1.15094707 -1.14337188 -1.14219462 -1.1208802  -1.10426914
 -1.08334345 -1.06508518 -1.04833652 -1.0352907  -1.00842912 -0.98021217
 -0.9585332  -0.93315505 -0.90347483 -0.87714525 -0.78982982 -0.81918229
 -0.79191386 -0.75148421 -0.71536581 -0.6884851  -0.64867328 -0.56510787
 -0.5748012  -0.57572955 -0.49356278 -0.46170671 -0.4133324  -0.36838239
 -0.32371577 -0.28356971 -0.24253702 -0.1957715  -0.14764269 -0.10165456
 -0.06462648 -0.0107217   0.02868983  0.0758738   0.12302597  0.17276045
  0.22354241  0.27644155  0.32444706  0.37911032  0.42564358  0.4701361
  0.5224106   0.57594335  0.61807259  0.67396543  0.72162115  0.77354267
  0.82685711  0.86336774  0.92455995  0.98176883  1.01386747  1.06048764
  1.08362161  1.15097578  1.18883882  1.18864129  1.24100933  1.26701457
  1.29594655  1.30594013  1.3231964   1.33175565  1.33895185  1.38666267
  1.36558749  1.37067975  1.38308801  1.38937034  1.39670734  1.3302126
  1.32945404  1.35118224  1.32208398  1.31583638  1.29800304  1.2890551
  1.32321685  1.3105725   1.29827556  1.26981996  1.24815347  1.22045659
  1.19126146  1.14604496  1.11677044  1.07222048  1.0366254   0.99428577
  0.96012172  0.94793035  0.88366519  0.90995819  0.79490212  0.7590803
  0.72178993  0.71414409  0.62419752  0.60287384  0.56258006  0.51225845
  0.46791456  0.42474475  0.38085935  0.32981312  0.28764803  0.2429679
  0.2045742   0.15048319  0.10311411  0.05228132  0.01558703 -0.03532592
 -0.06807721 -0.11304259 -0.15585856 -0.19778249 -0.15819431 -0.27313083
 -0.30846179 -0.34509412 -0.38734789 -0.42470584 -0.46367083 -0.50666059
 -0.48824705 -0.55844008 -0.60220229 -0.64106674 -0.67350777 -0.70158191
 -0.77168983 -0.76325796 -0.78955646 -0.81181394 -0.85044548 -0.8793713
 -0.80597862 -0.92519207 -0.94998466 -0.96850641 -0.98883028 -1.01088395
 -1.02101149 -1.03615418 -1.04403538 -1.06899414 -1.08451478 -1.09848988
 -1.11182431 -1.09198005 -1.12722313 -1.1336853  -1.1357293  -1.13730682
 -1.13550847 -1.14077328 -1.15097384 -1.13724746 -1.13685606 -1.14060434
 -1.13319123 -1.12046135 -1.12960751 -1.1056893  -1.07179851 -1.07690495
 -1.09152436 -1.06005194 -1.04196024 -1.02351863 -1.00063768 -0.97518403
 -0.96328783 -0.949206   -0.92663488 -0.8870664  -0.86490063]
[ 1.8863066   1.8842966   1.88464002  1.86840536  1.81364017  1.73745619
  1.70795388  1.6553869   1.6116636   1.54331233  1.49583005  1.44085793
  1.38588746  1.33152538  1.30498929  1.23116182  1.18512218  1.12993251
  1.08120512  1.0353104   1.0435028   0.94677079  0.89700889  0.84614946
  0.80105325  0.75742099  0.71532159  0.70283246  0.61424092  0.47654038
  0.51476723  0.46582729  0.40963865  0.35694945  0.31396352  0.12285447
  0.21654273  0.16420503  0.11212965  0.06001584  0.00842217 -0.04287611
 -0.0943667  -0.14556272 -0.13764555 -0.25677281 -0.29339411 -0.32251985
 -0.36340394 -0.45149714 -0.45357659 -0.49893721 -0.54652805 -0.58955856
 -0.61709851 -0.6464865  -0.69152992 -0.72566492 -0.81392758 -0.80936554
 -0.73613909 -0.84591195 -0.88511258 -0.91174511 -0.93375755 -0.94671361
 -0.97351787 -0.99794673 -1.02413842 -1.0119525  -0.98500755 -1.06298005
 -1.09419837 -1.17093687 -1.12845055 -1.12037441 -1.1192878  -1.13804629
 -1.15604542 -1.17551723 -1.18606406 -1.19870186 -1.09010534 -1.14338177
 -1.22546493 -1.23440094 -1.23420945 -1.2354159  -1.23483177 -1.36121266
 -1.22732315 -1.22088633 -1.21222969 -1.20200948 -1.19067564 -1.17736047
 -1.16225341 -1.14593164 -1.12750322 -1.10332985 -1.09542156 -1.0838549
 -1.05754186 -1.04674024 -1.04645575 -1.0314314  -1.00469928 -0.98125024
 -0.97689533 -0.94213891 -0.92566919 -0.90236932 -0.86487081 -0.83523335
 -0.8263232  -0.79290787 -0.75502244 -0.7226212  -0.69976232 -0.66301918
 -0.6238703  -0.58508151 -0.61160618 -0.5165658  -0.47652574 -0.42805083
 -0.37894901 -0.33178665 -0.29937502 -0.2616397  -0.21039715 -0.1597234
 -0.10828997 -0.05825042 -0.00527232  0.04518959  0.10012285  0.15055031
  0.20294963  0.25555637  0.30817704  0.41559467  0.40513381  0.44686331
  0.50452982  0.55572378  0.60431925  0.64895037  0.69696717  0.74519419
  0.78835105  0.82995499  0.87555562  0.91799594  0.97416871  1.00947659
  1.06021501  1.10629885  1.15313447  1.20334328  1.25598342  1.30676938
  1.35715757  1.41014056  1.46407398  1.51650435  1.56708985  1.62070268
  1.67156838  1.72125652  1.77119565  1.82243436  1.87316924  1.90406727
  1.96970689  1.85452187  1.80221763  1.74968249  1.69600424  1.64324658
  1.5904341   1.53567599  1.47761491  1.42385012  1.37076279  1.28232147
  1.26266418  1.20989627  1.16225163  1.10556997  0.96880933  1.00927969
  0.96055659  0.9125173   0.86842176  0.82303721  0.77771404  0.72869023
  0.68070685  0.63452235  0.59956817  0.54740478  0.49361604  0.45428411
  0.41039031  0.35779862  0.30503544  0.15813978  0.2173117   0.16503629
  0.1124705   0.06122305  0.01036626 -0.04224709 -0.09418351 -0.14492623
 -0.19428233 -0.24508142 -0.29530254 -0.3477851  -0.39269079 -0.43297967
 -0.48176778 -0.51807178 -0.55373599 -0.6004732  -0.6441017  -0.68062074
 -0.72607121 -0.75195535 -0.77389206 -0.81673671 -0.86776359 -0.86949953
 -0.88939647 -0.91454907 -0.95046904 -1.08010629 -0.9732538  -1.00146618
 -1.03036825 -1.04749013 -1.05111158 -1.04903963 -1.0710844  -1.09641821
 -1.12065412 -1.13110033 -1.10633999 -1.1150476  -1.13213214]
[ 1.88086705  1.87598274  1.87351344  1.85576995  1.80119734  1.7260276
  1.69548429  1.64282313  1.5987265   1.53118512  1.48351958  1.42884759
  1.37425121  1.32034024  1.29295555  1.22048611  1.17458581  1.11997165
  1.0709742   1.02517882  1.03086618  0.93644269  0.88700543  0.83596471
  0.79061394  0.74646651  0.70388564  0.6896478   0.60272451  0.46881322
  0.5031446   0.45405026  0.39811636  0.34535836  0.30179615  0.11681045
  0.20420343  0.15192964  0.09991318  0.04786481 -0.00287387 -0.05362535
 -0.10503129 -0.15614749 -0.15072326 -0.26674622 -0.30272414 -0.3324485
 -0.37389377 -0.45966288 -0.46245471 -0.50781396 -0.55529535 -0.59734768
 -0.62521535 -0.65512014 -0.69936548 -0.73262093 -0.81908447 -0.81436609
 -0.74555001 -0.85235431 -0.89074283 -0.91613931 -0.93814745 -0.94962198
 -0.97713441 -1.00169809 -1.02787056 -1.01712568 -0.99234086 -1.06746301
 -1.09571923 -1.17061074 -1.13065446 -1.12341506 -1.12284818 -1.14125739
 -1.15886768 -1.17776327 -1.18807043 -1.20028691 -1.09644603 -1.14733041
 -1.22572404 -1.23403327 -1.23356568 -1.23430394 -1.23326625 -1.3535855
 -1.22487621 -1.21800372 -1.20893944 -1.19829925 -1.18651923 -1.17278495
 -1.15833381 -1.14248411 -1.1236471  -1.09920954 -1.09041411 -1.08017343
 -1.05415475 -1.04365393 -1.04306044 -1.02643259 -0.99923705 -0.97714755
 -0.9714039  -0.93581848 -0.91911358 -0.89610991 -0.85868645 -0.82953836
 -0.81884951 -0.78491201 -0.74768733 -0.71504988 -0.69084027 -0.65389145
 -0.61562068 -0.57636933 -0.59962369 -0.50621631 -0.46624434 -0.41840839
 -0.36923961 -0.32195582 -0.28878323 -0.25048692 -0.19891364 -0.14813122
 -0.09670905 -0.04660681  0.00628977  0.05677381  0.11160398  0.16205737
  0.21442508  0.26699487  0.31957996  0.42457959  0.41678524  0.45890339
  0.51592397  0.56692224  0.61564261  0.65998753  0.70818401  0.7561311
  0.79933293  0.84107294  0.88669341  0.92931279  0.98514971  1.02134152
  1.07194751  1.11827268  1.16531974  1.21553661  1.26824201  1.31922044
  1.36972584  1.42272751  1.47650688  1.5288842   1.57947121  1.63300865
  1.68371945  1.73061696  1.77508225  1.82057417  1.86560287  1.89294839
  1.95373345  1.8414179   1.789087    1.73645869  1.68273826  1.62989396
  1.57714928  1.52260966  1.46467589  1.41091039  1.35809599  1.27152153
  1.25069732  1.19835774  1.15080527  1.09421717  0.9615423   0.9984394
  0.94961334  0.90158069  0.85759699  0.81198943  0.76695278  0.7176201
  0.66943774  0.62355392  0.58811402  0.53598208  0.48230865  0.44252448
  0.39836321  0.34564926  0.29276012  0.15007837  0.20451672  0.15232123
  0.09985725  0.04865686 -0.00215802 -0.05466962 -0.10651347 -0.15715704
 -0.20634564 -0.25577856 -0.3058591  -0.35810915 -0.40326831 -0.44423479
 -0.49253607 -0.52787485 -0.56390919 -0.61055184 -0.65319678 -0.68961441]
[0.93103627 0.95227568 0.96227495 0.97582901 0.97851206 0.9790873
 0.97834013 0.975997   0.97186488 0.96482221]
[ 1.52598831  1.53659522  1.52868605  1.52055193  1.5013351   1.47113819
  1.44516917  1.41510395  1.39225793  1.36124178  1.33355603  1.3028602
  1.26376199  1.23136268  1.21031486  1.16310205  1.13781933  1.10511234
  1.06924913  1.03820471  1.00258945  1.00382169  0.9727289   0.92485971
  0.89662009  0.86047905  0.81421636  0.77550005  0.7260462   0.67995253
  0.63271822  0.59220085  0.543511    0.49537573  0.44211342  0.40266126
  0.35850479  0.31953755  0.27091856  0.22930028  0.1779156   0.13340443
  0.08134566  0.0378439   0.00320663 -0.04671381 -0.09095656 -0.13845218
 -0.18096099 -0.22384066 -0.26011935 -0.30438705 -0.35022879 -0.38460211
 -0.42902405 -0.4703128  -0.51616826 -0.55457269 -0.58879308 -0.62812934
 -0.67056461 -0.70916546 -0.73942762 -0.78409441 -0.81898161 -0.85144852
 -0.87900835 -0.91448942 -0.95764188 -0.97219744 -0.9869815  -1.03505442
 -1.05223007 -1.08597236 -1.09885619 -1.13261762 -1.15851799 -1.17838005
 -1.20704261 -1.22215024 -1.23047239 -1.24410867 -1.26462152 -1.27006567
 -1.28544231 -1.29396481 -1.30420338 -1.30002517 -1.27938677 -1.29327624
 -1.28837642 -1.28167873 -1.28369602 -1.27461931 -1.26247539 -1.23332752
 -1.22955157 -1.21671302 -1.20149583 -1.18820399 -1.17158348 -1.14843894
 -1.12147966 -1.08754381 -1.07123404 -1.05161906 -1.01365145 -0.99260946
 -0.96476751 -0.93118091 -0.89579678 -0.86323303 -0.83197745 -0.79038637
 -0.766424   -0.7238574  -0.69037712 -0.64702635]
[ 1.90637426e+00  1.87785357e+00  1.85096009e+00  1.81634136e+00
  1.76251977e+00  1.69633708e+00  1.65393239e+00  1.60189040e+00
  1.55172208e+00  1.48888017e+00  1.43676040e+00  1.38429319e+00
  1.33228709e+00  1.28036465e+00  1.23854483e+00  1.17675010e+00
  1.13045483e+00  1.08037096e+00  1.03405826e+00  9.87207268e-01
  9.63276636e-01  8.93700882e-01  8.48570384e-01  8.03261627e-01
  7.53280516e-01  7.09117293e-01  6.68595932e-01  6.34969519e-01
  5.63705409e-01  4.67968050e-01  4.60016535e-01  4.16560509e-01
  3.68711902e-01  3.15697096e-01  2.67638218e-01  1.45854977e-01
  1.66169533e-01  1.13749066e-01  6.15387225e-02  9.38427457e-03
 -4.23818840e-02 -9.38863711e-02 -1.45404022e-01 -1.96640135e-01
 -2.07006936e-01 -2.82772014e-01 -3.25956463e-01 -3.65337292e-01
 -4.10182630e-01 -4.78571441e-01 -5.03666002e-01 -5.40334288e-01
 -5.73473230e-01 -6.18135476e-01 -6.54550916e-01 -6.91562738e-01
 -7.36225916e-01 -7.59285505e-01 -8.12583158e-01 -8.30974506e-01
 -8.14377399e-01 -8.78338166e-01 -8.96747147e-01 -9.28019435e-01
 -9.56783339e-01 -9.76819193e-01 -9.83239369e-01 -1.00412472e+00
 -1.03217844e+00 -1.04009471e+00 -1.04016817e+00 -1.08206485e+00
 -1.08353834e+00 -1.13179804e+00 -1.12075377e+00 -1.12600525e+00
 -1.13393178e+00 -1.15106942e+00 -1.16714362e+00 -1.18268311e+00
 -1.19333415e+00 -1.20402685e+00 -1.15327366e+00 -1.18214378e+00
 -1.22467619e+00 -1.22962845e+00 -1.22914897e+00 -1.22842341e+00
 -1.22601057e+00 -1.28568989e+00 -1.21470403e+00 -1.20656122e+00
 -1.19625832e+00 -1.18422392e+00 -1.17093573e+00 -1.15581020e+00
 -1.13852865e+00 -1.11997542e+00 -1.10000265e+00 -1.07603977e+00
 -1.07291017e+00 -1.07780173e+00 -1.05046452e+00 -1.03032564e+00
 -1.01492020e+00 -9.91149491e-01 -9.77860801e-01 -9.65093224e-01
 -9.44798406e-01 -9.08550047e-01 -8.89655651e-01 -8.79259024e-01
 -8.40744681e-01 -8.04895316e-01 -7.80748356e-01 -7.60961589e-01
 -7.26495610e-01 -6.87745248e-01 -6.53371663e-01 -6.23954513e-01
 -5.92346828e-01 -5.48710657e-01 -5.37903986e-01 -4.65899070e-01
 -4.21282802e-01 -3.85708526e-01 -3.42582191e-01 -2.93613521e-01
 -2.51857248e-01 -2.07335177e-01 -1.55687993e-01 -1.04352278e-01
 -5.25624050e-02 -1.29254507e-03  5.13402522e-02  1.02880746e-01
  1.56863839e-01  2.08514428e-01  2.61310056e-01  3.08780250e-01
  3.52511809e-01  4.33189010e-01  4.55011615e-01  5.01018635e-01
  5.48188154e-01  5.99042499e-01  6.48463842e-01  6.90012411e-01
  7.34302235e-01  7.79282902e-01  8.22269480e-01  8.65325526e-01
  9.13662136e-01  9.62580558e-01  1.01388958e+00  1.05536285e+00
  1.10567390e+00  1.15714951e+00  1.20620308e+00  1.25737739e+00
  1.31223994e+00  1.36623904e+00  1.41869087e+00  1.47081009e+00
  1.52641862e+00  1.57999139e+00  1.63164994e+00  1.68539879e+00
  1.73811822e+00  1.79053318e+00  1.84347404e+00  1.87512047e+00
  1.89070463e+00  1.87816929e+00  1.88337995e+00  1.79801106e+00
  1.74459490e+00  1.69132303e+00  1.63657376e+00  1.58148494e+00
  1.52639954e+00  1.47200981e+00  1.41632801e+00  1.36064794e+00
  1.30797478e+00  1.23730600e+00  1.19883266e+00  1.14736129e+00
  1.09894625e+00  1.04691635e+00  9.55480468e-01  9.52938891e-01
  9.06487069e-01  8.60951488e-01  8.13172007e-01  7.64402930e-01
  7.21411017e-01  6.77429897e-01  6.31373538e-01  5.80884730e-01
  5.44594918e-01  4.96393158e-01  4.42462800e-01  3.95960654e-01
  3.53400014e-01  3.09497839e-01  2.56504770e-01  1.56797542e-01
  1.60012168e-01  1.07619121e-01  5.52208419e-02  3.50241002e-03
 -4.78886175e-02 -1.00069435e-01 -1.51790640e-01 -2.02608682e-01
 -2.52866199e-01 -3.03601293e-01 -3.53934104e-01 -4.04977745e-01
 -4.41988250e-01 -4.75603187e-01 -5.24102206e-01 -5.65992147e-01
 -6.07387498e-01 -6.54184187e-01 -6.82845416e-01 -7.14610890e-01
 -7.59463007e-01 -7.93932194e-01 -8.14131807e-01 -8.39531558e-01
 -8.85492707e-01 -9.05834178e-01 -9.28989641e-01 -9.37890400e-01
 -9.69813852e-01 -1.05167192e+00 -1.01478084e+00 -1.02224327e+00
 -1.03936660e+00 -1.06211069e+00 -1.07706325e+00 -1.08889815e+00
 -1.10797687e+00 -1.10509924e+00 -1.11972663e+00 -1.13445943e+00
 -1.13013146e+00 -1.14232797e+00 -1.15768799e+00]
[ 9.7148e-01  9.1485e-01  8.5829e-01  8.0179e-01  7.4534e-01  6.8900e-01
  6.3268e-01  5.7648e-01  5.2034e-01  4.6429e-01  4.0833e-01  3.5243e-01
  2.9668e-01  2.4340e-01  2.0782e-01  1.6499e-01  1.1028e-01  5.5735e-02
  1.2840e-03 -5.2910e-02 -1.0703e-01 -1.6088e-01 -2.0422e-01 -2.3238e-01
 -2.7658e-01 -3.2881e-01 -3.8059e-01 -4.3224e-01 -4.8345e-01 -5.2074e-01
 -5.4027e-01 -5.8020e-01 -6.2899e-01 -6.7701e-01 -7.1706e-01 -7.2767e-01
 -7.5429e-01 -7.9901e-01 -8.4285e-01 -8.8637e-01 -9.2857e-01 -9.5981e-01
 -9.5685e-01 -9.7414e-01 -1.0117e+00 -1.0478e+00 -1.0834e+00 -1.1171e+00
 -1.1501e+00 -1.1815e+00 -1.1839e+00 -1.1607e+00 -1.1754e+00 -1.2001e+00
 -1.2222e+00 -1.2433e+00 -1.2624e+00 -1.2797e+00 -1.2955e+00 -1.3087e+00
 -1.3209e+00 -1.3300e+00 -1.3378e+00 -1.3433e+00 -1.3466e+00 -1.3485e+00
 -1.3472e+00 -1.3450e+00 -1.3395e+00 -1.3327e+00 -1.3237e+00 -1.3125e+00
 -1.2999e+00 -1.2845e+00 -1.2682e+00 -1.2491e+00 -1.2289e+00 -1.2068e+00
 -1.1829e+00 -1.1580e+00 -1.1307e+00 -1.1028e+00 -1.0729e+00 -1.0420e+00
 -1.0099e+00 -1.0079e+00 -1.0200e+00 -9.8552e-01 -9.4765e-01 -9.0842e-01
 -8.6850e-01 -8.2775e-01 -8.1405e-01 -8.1129e-01 -7.6784e-01 -7.2289e-01
 -6.7710e-01 -6.3083e-01 -5.8407e-01 -5.6102e-01 -5.4619e-01 -4.9666e-01
 -4.4697e-01 -3.9679e-01 -3.6072e-01 -3.3794e-01 -2.9241e-01 -2.4017e-01
 -1.8750e-01 -1.3472e-01 -8.1657e-02 -2.8398e-02  2.5025e-02  6.0821e-02
  9.3702e-02  1.4841e-01  2.0320e-01  2.5815e-01  3.1323e-01  3.6839e-01
  4.2373e-01  4.7911e-01  5.3466e-01  5.9027e-01  6.4599e-01  7.0180e-01
  7.5768e-01  8.1368e-01  8.6777e-01  9.0791e-01  9.5431e-01  1.0110e+00
  1.0677e+00  1.1245e+00  1.1692e+00  1.2128e+00  1.2582e+00  1.3043e+00
  1.3516e+00  1.4001e+00  1.4492e+00  1.4999e+00  1.5404e+00  1.5344e+00
  1.5547e+00  1.6086e+00  1.6226e+00  1.6194e+00  1.6174e+00  1.6157e+00
  1.6150e+00  1.6150e+00  1.6156e+00  1.6172e+00  1.6192e+00  1.5648e+00
  1.5241e+00  1.5287e+00  1.5049e+00  1.4526e+00  1.4456e+00  1.4521e+00
  1.4030e+00  1.3544e+00  1.3072e+00  1.2609e+00  1.2156e+00  1.1609e+00
  1.1044e+00  1.0615e+00  1.0144e+00  9.5775e-01  9.1034e-01  8.7020e-01
  8.1707e-01  7.6106e-01  7.0519e-01  6.4937e-01  5.9365e-01  5.3803e-01
  4.8248e-01  4.2708e-01  3.7174e-01  3.1657e-01  2.6148e-01  2.0653e-01
  1.5173e-01  9.7017e-02  6.2728e-02  2.8263e-02 -2.5160e-02 -7.8441e-02
 -1.3150e-01 -1.8431e-01 -2.3698e-01 -2.8924e-01 -3.3656e-01 -3.5934e-01
 -3.9375e-01 -4.4393e-01 -4.9366e-01 -5.4319e-01 -5.9202e-01 -6.3373e-01
 -6.4653e-01 -6.7432e-01 -7.2011e-01 -7.6513e-01 -8.0985e-01 -8.5340e-01
 -8.8703e-01 -8.8703e-01 -9.0604e-01 -9.4527e-01 -9.8324e-01 -1.0208e+00
 -1.0086e+00 -1.0079e+00 -1.0401e+00 -1.0711e+00 -1.1010e+00 -1.1291e+00
 -1.1549e+00 -1.1258e+00 -1.1111e+00 -1.1320e+00 -1.1514e+00 -1.1694e+00
 -1.1850e+00 -1.1998e+00 -1.2116e+00 -1.2224e+00 -1.2310e+00 -1.2038e+00
 -1.1504e+00 -1.1429e+00 -1.1442e+00 -1.1426e+00 -1.1398e+00 -1.1350e+00
 -1.1282e+00 -1.1201e+00 -1.1093e+00 -1.0978e+00 -1.0836e+00 -1.0682e+00
 -1.0511e+00 -1.0668e+00 -1.1014e+00 -1.0839e+00 -1.0598e+00 -1.0336e+00
 -1.0064e+00 -9.7782e-01 -9.8027e-01 -9.9825e-01 -9.6799e-01 -9.3342e-01
 -8.9733e-01 -8.6047e-01 -8.2266e-01 -8.1313e-01 -8.1589e-01 -7.7579e-01
 -7.3339e-01 -6.9000e-01 -6.6335e-01 -6.5562e-01 -6.1950e-01 -5.7274e-01
 -5.2511e-01 -4.8497e-01 -4.6825e-01 -4.3480e-01 -3.8462e-01 -3.3399e-01
 -2.8320e-01 -2.3189e-01 -1.8044e-01 -1.2863e-01 -9.0070e-02 -6.3231e-02
 -1.5447e-02  3.7991e-02  9.1741e-02  1.4558e-01  1.9963e-01  2.5384e-01
  3.0816e-01  3.6269e-01  4.1728e-01  4.7208e-01  5.2052e-01  5.5624e-01
  6.0378e-01  6.5950e-01  7.1535e-01  7.7124e-01  8.2726e-01  8.8332e-01
  9.3947e-01  9.9570e-01  1.0520e+00  1.1084e+00  1.1627e+00  1.2043e+00
  1.2468e+00  1.2905e+00  1.3355e+00  1.3811e+00  1.4285e+00  1.4764e+00
  1.5257e+00  1.5510e+00  1.5438e+00  1.5374e+00  1.5314e+00  1.5267e+00
  1.5223e+00  1.5190e+00  1.5162e+00  1.5142e+00  1.5132e+00  1.5125e+00
  1.5131e+00  1.5141e+00  1.5161e+00  1.5188e+00  1.5221e+00]
