[1.54541138 1.56691352 1.58861805 1.60408399 1.59341891 1.54715094
 1.55858719 1.54105218 1.52270898 1.5049072  1.48812874 1.4706611
 1.45508243 1.43841478 1.41576417 1.39128857 1.36222116 1.33370044
 1.30706703 1.27529209 1.24362107 1.25302139 1.21274985 1.17859696
 1.13598075 1.10114883 1.05226837 1.00900149 0.96397959 0.91493554
 0.78872891 0.82927708 0.70737505 0.73288396 0.69503703 0.67898225
 0.70860852 0.58511448 0.53815013 0.49241644]
[ 0.27805304  0.28487426  0.27533577  0.26989476  0.26034108  0.24122036
  0.22797496  0.23352568  0.22784256  0.21470257  0.20030908  0.1826002
  0.19850193  0.20533743  0.18706794  0.17031667  0.14701721  0.12386454
  0.10330529  0.10564544  0.10619184  0.11958714  0.09599684  0.07104642
  0.04576021  0.02152056 -0.01567359 -0.03530301 -0.06240381 -0.07170229
 -0.06647949 -0.07551106 -0.0976831  -0.1206714  -0.12960452 -0.14406354
 -0.16469115 -0.18138431 -0.19612451 -0.20945968]
[1.54537203 1.56687569 1.58858171 1.60404955 1.59338767 1.54712287
 1.55856232 1.54103055 1.52269046 1.50489135 1.48811591 1.4706515
 1.45507551 1.43841064 1.41576286 1.39128999 1.3622253  1.3337073
 1.30707662 1.2753044  1.24363609 1.25303853 1.21276846 1.17861673
 1.13600162 1.10117087 1.05229194 1.00902624 0.96400563 0.91496316
 0.78875814 0.82930793 0.70740753 0.7329181  0.69507281 0.67903452
 0.70866238 0.58516998 0.5382071  0.49247313]
[ 1.56129847  1.57942634  1.58831272  1.58291233  1.5682548   1.55589254
  1.53802976  1.51892748  1.5006499   1.48109438  1.4616278   1.4425351
  1.42415393  1.40907065  1.38243745  1.35358547  1.31941421  1.28850882
  1.25397366  1.21715728  1.17806757  1.18441733  1.14142195  1.1059289
  1.05756019  1.02035648  0.97951702  0.88737054  0.87307171  0.82339434
  0.76977221  0.74212506  0.69294602  0.64526258  0.60771534  0.56148299
  0.51657483  0.46846199  0.42245039  0.37913005  0.33325057  0.28924299
  0.24398513  0.19991742  0.15655815  0.10825039  0.06557358  0.01985953
 -0.02729673 -0.06545002 -0.11165494 -0.15667996 -0.1961224  -0.23873584
 -0.28361026 -0.3258433  -0.36763918 -0.41340168 -0.45423207 -0.4904713
 -0.53469803 -0.57928676 -0.6126669  -0.6510399  -0.71016172 -0.73156149
 -0.76377063 -0.80241245 -0.83803112 -0.87013541 -0.90012767 -0.93746996
 -0.96892775 -0.99995505 -1.02252944 -1.05055356 -1.08069812 -1.10369856
 -1.13040082 -1.16050575 -1.17293953 -1.19622613 -1.20929921 -1.2199614
 -1.23810494 -1.25428214 -1.26158523 -1.28146693 -1.26077355 -1.277233
 -1.28387669 -1.28830406 -1.2811535  -1.278268   -1.27029497 -1.2480445
 -1.25213765 -1.24077625 -1.22875754 -1.2187005  -1.20561764 -1.19352896
 -1.17291656 -1.14360754 -1.12721098 -1.10493421 -1.07660215 -1.0549112
 -1.03694783 -1.01783528 -0.99083938 -0.95445397 -0.93563565 -0.90818473
 -0.87651201 -0.8344486  -0.82701289 -0.7782664  -0.74430324 -0.70867119
 -0.67442094 -0.64471995 -0.60723703 -0.56230944 -0.52047923 -0.47933061
 -0.44837366 -0.41115321 -0.37579759 -0.37644742 -0.29502481 -0.25745854
 -0.21563791 -0.17235471 -0.130633   -0.12029996 -0.0498358  -0.01093585
  0.03205575  0.07011892]
[ 1.57131513e+00  1.59138246e+00  1.61360884e+00  1.62504877e+00
  1.61660935e+00  1.62473555e+00  1.61135980e+00  1.59147649e+00
  1.56929041e+00  1.55072156e+00  1.53036989e+00  1.51102254e+00
  1.49161409e+00  1.46990728e+00  1.44257144e+00  1.41127728e+00
  1.37435246e+00  1.33835777e+00  1.30763439e+00  1.26709042e+00
  1.22572531e+00  1.24114385e+00  1.19915130e+00  1.15707835e+00
  1.10676593e+00  1.06669621e+00  1.00830160e+00  9.57747517e-01
  9.10307546e-01  8.51539515e-01  8.03118636e-01  7.64422589e-01
  7.05656328e-01  6.57490601e-01  6.19075971e-01  5.68496638e-01
  5.16532838e-01  4.75985179e-01  4.24039949e-01  3.72325838e-01
  3.21621926e-01  2.81823178e-01  2.35202244e-01  1.80594549e-01
  1.35997829e-01  9.91127118e-02  4.02935563e-02 -1.53147159e-03
 -4.99068053e-02 -9.94235065e-02 -1.37086167e-01 -1.80268231e-01
 -2.25415729e-01 -2.75811277e-01 -3.09426286e-01 -3.48924480e-01
 -3.92810229e-01 -4.38878841e-01 -4.68481188e-01 -5.10198189e-01
 -5.56268792e-01 -6.02019763e-01 -6.46309759e-01 -6.67000474e-01
 -7.02859459e-01 -7.46191073e-01 -7.88932780e-01 -8.28115832e-01
 -8.45621005e-01 -8.71847446e-01 -9.10619126e-01 -9.48501742e-01
 -9.58204489e-01 -9.80169621e-01 -1.01430317e+00 -1.04632240e+00
 -1.07741625e+00 -1.08059191e+00 -1.09452433e+00 -1.12501470e+00
 -1.14887600e+00 -1.17355774e+00 -1.17859383e+00 -1.17106125e+00
 -1.19124796e+00 -1.20965641e+00 -1.20488608e+00 -1.18756664e+00
 -1.20822941e+00 -1.22836124e+00 -1.23881864e+00 -1.23869497e+00
 -1.23541195e+00 -1.21123564e+00 -1.20532272e+00 -1.20304705e+00
 -1.21338749e+00 -1.20686495e+00 -1.20127885e+00 -1.19359653e+00
 -1.17264892e+00 -1.14457319e+00 -1.12919345e+00 -1.11783476e+00
 -1.10593056e+00 -1.08800364e+00 -1.05984392e+00 -1.04123752e+00
 -1.02709168e+00 -1.00650332e+00 -9.85566015e-01 -9.50164536e-01
 -9.28435841e-01 -9.13767489e-01 -8.77444951e-01 -8.34535637e-01
 -8.07239784e-01 -7.81441685e-01 -7.50292681e-01 -7.11534342e-01
 -6.79350729e-01 -6.50555350e-01 -6.13016623e-01 -5.71166758e-01
 -5.23702701e-01 -4.82718438e-01 -4.50113274e-01 -4.08189552e-01
 -3.68310012e-01 -3.43961296e-01 -3.04265444e-01 -2.64881059e-01
 -2.21124253e-01 -1.75772783e-01 -1.45096080e-01 -1.08807427e-01
 -6.40681854e-02 -1.86771252e-02  1.52142484e-02  5.96512528e-02
  9.97235211e-02  1.32716134e-01  1.68935144e-01  2.06290322e-01
  2.38772401e-01  2.82419057e-01  3.20244496e-01  3.61244633e-01
  4.02845490e-01  4.34088292e-01  4.44361183e-01  4.85120865e-01
  5.30153532e-01  5.64991541e-01  5.84498241e-01  6.26243012e-01
  6.69890745e-01  7.18718542e-01  7.69858853e-01  8.18658264e-01
  8.58668756e-01  9.16670792e-01  9.68721730e-01  1.01599921e+00
  1.06629592e+00  1.11457550e+00]
[-0.23181448 -0.20302542 -0.14607178 -0.10083363 -0.05710498 -0.01347809
  0.02381024  0.04178532  0.09081975  0.16644338  0.18115819  0.21735866
  0.25183496  0.30184401  0.31903097  0.37049681  0.41846219  0.44511603
  0.49239518  0.52781557  0.56693381  0.59921154  0.63473257  0.66356646
  0.70316686  0.70163258  0.72323701  0.76490893  0.80026412  0.7980306
  0.82638603  0.88294226  0.87808598  0.93012889  0.99029199  1.02380649
  1.06589246  1.12507927  1.17661903  1.2248467   1.28003646  1.31161031
  1.38661522  1.43860305  1.48860442  1.48968318  1.55676581  1.60462918
  1.64641676  1.67894342  1.67535206  1.68086827  1.67726781  1.67695772
  1.64932723  1.60147671  1.55613436  1.54306191  1.49573393  1.44928004
  1.39744526  1.34141096  1.28928258  1.24273033  1.18966368  1.14160505
  1.08687578  1.03561246  0.99417036  0.97112292  0.95660923  0.92418095
  0.87506962  0.84769571  0.84182693  0.82083836  0.78156161  0.74246804
  0.70614545  0.66638686  0.63085712  0.58228534  0.54317821  0.49951478
  0.47250637  0.4240507   0.43907127  0.34150191  0.31157266  0.26700623
  0.23139596  0.1948637   0.14425845  0.10185621  0.0835796   0.03374082
 -0.01218808 -0.05688807 -0.06889279 -0.10220316 -0.16313235 -0.20511604
 -0.24929099 -0.29578239 -0.32752221 -0.37699305 -0.3760091  -0.44090811
 -0.50812815 -0.54589705 -0.57923818 -0.64988603 -0.66353665 -0.69289305
 -0.72602555 -0.75765554 -0.79733499 -0.82717842 -0.87565158 -0.8801456
 -0.91214835 -0.94146879 -0.96355255 -0.99705165 -1.0115392  -1.03252272
 -1.0773723  -1.12363301 -1.14503716 -1.15743308 -1.16904922 -1.18329266
 -1.20250517 -1.23412317 -1.26912988 -1.2799764  -1.26621898 -1.27990304
 -1.32249094 -1.33065432 -1.32918858 -1.33156498 -1.3116374  -1.3083892
 -1.34300922 -1.32991105 -1.31381258 -1.29456969 -1.29541531 -1.29275064
 -1.26286502 -1.254121   -1.26975644 -1.24743166 -1.21777857 -1.17276081
 -1.17133244 -1.16122336 -1.12562824 -1.090368   -1.01267112 -1.0099262
 -1.01679249 -0.97210616 -0.93498496 -0.92059212 -0.87447972 -0.83580907
 -0.80715913 -0.77435954 -0.71889508 -0.68569832 -0.65916938 -0.61647235
 -0.5617562  -0.48903487 -0.43269509 -0.42973959 -0.38324359 -0.33580112
 -0.30344327 -0.24971357 -0.19818875 -0.15403343 -0.11069199 -0.05738945
 -0.00564338  0.03848129  0.09050763  0.14276385  0.18833764  0.23825796
  0.29293875  0.34571901  0.39111     0.44622334  0.50624529  0.55424823
  0.60017842  0.65583608  0.74723031  0.76425019  0.81506311  0.84366602
  0.90696909]
[-1.43220412 -1.40052707 -1.37367206 -1.35234293 -1.32448589 -1.29426097
 -1.25481898 -1.20755926 -1.16481843 -1.13553353 -1.0659312  -1.05607408
 -1.02721953 -0.97367026 -0.95824697 -0.8934185  -0.85094561 -0.8151392
 -0.77504515 -0.73082279 -0.67547701 -0.62672435 -0.56369102 -0.52102356
 -0.51293521 -0.4291748  -0.39219944 -0.34468613 -0.3116592  -0.2581648
 -0.21850929 -0.15261934 -0.10879819 -0.05610304 -0.00783223  0.03705724
  0.067913    0.12027538  0.1768328   0.22154822  0.25450704  0.29290779
  0.34622038  0.38589871  0.42208233  0.45857453  0.49535739  0.53454687
  0.56289138  0.60675262  0.64330209  0.69883039  0.73702454  0.77609742
  0.81411789  0.85354816  0.89050751  0.92938853  1.04438313  1.07875079
  1.10624832  1.13103896  1.16852875  1.18810349  1.2064973   1.22616509
  1.24652229  1.26791503  1.2752629   1.31320674  1.32629947  1.3505874
  1.35649797  1.3712232   1.3464779   1.32704182  1.33852829  1.33522398
  1.33307226  1.33070645  1.31577657  1.36188     1.29629429  1.32531624
  1.32084948  1.31379509  1.43051456  1.40444176  1.38454388  1.31590545
  1.30996305  1.26428338  1.21836623  1.16407221  1.13263681  1.08799442
  1.04131717  0.99301754  0.94471919  0.87448543]
[-0.54006681 -0.4929428  -0.45249292 -0.41089532 -0.36867203 -0.32524182
 -0.28166071 -0.25622396 -0.22318618 -0.18568233 -0.10142598 -0.08589396
 -0.05022142  0.00556138  0.03151939  0.10087205  0.14687818  0.178033
  0.21842502  0.26882354  0.31987892  0.36703099  0.40792339  0.44819066
  0.44434983  0.49331737  0.54317116  0.58534002  0.61697485  0.64676885
  0.67854583  0.71171657  0.74604938  0.7803062   0.81953744  0.96592812
  0.98854808  1.03931636  1.07703075  1.09375846  1.0839306   1.08745531
  1.11669767  1.13061604  1.1246689   1.12005901  1.11482519  1.10998219
  1.09886029  1.10300074  1.10014027  1.09983035  1.09757697  1.09765743
  1.09887526  1.10112629  1.10147559  1.10193401  1.30611286  1.29388059
  1.29373789  1.26896382  1.26532985  1.24072965  1.21298699  1.18306518
  1.15251386]
[ 1.32165936  1.29304634  1.26238056  1.23600081  1.19167789  1.14249229
  1.09370991  1.04943885  1.00691985  0.95983513  0.91353993  0.86354177
  0.81714122  0.77381582  0.74457196  0.69700599  0.65503625  0.60683716
  0.56546067  0.52539989  0.48578905  0.44650941  0.4079866   0.37246451
  0.32255823  0.28331638  0.24209537  0.17067517  0.16535648  0.14090369
  0.08363944  0.04329376 -0.0064688  -0.04802162 -0.066755   -0.11607942
 -0.15816701 -0.19348744 -0.24082339 -0.26867215 -0.30297024 -0.34002763
 -0.38211003 -0.41242473 -0.44498696 -0.47931044 -0.50848204 -0.53428084
 -0.56523494 -0.5926377  -0.61976396 -0.63669637 -0.68537396 -0.71402371
 -0.73655151 -0.75582681 -0.77839689 -0.8059478  -0.84751469 -0.85388539
 -0.86757006 -0.8847368  -0.91085143 -0.92406261 -0.92379248 -0.93277879
 -0.95741376 -0.96325424 -0.97849272 -0.97109652 -0.98193607 -0.9750633
 -0.98289632 -1.01247087 -1.00281259 -0.98996412 -0.99242255 -1.00009029
 -1.00945553 -1.00345962 -1.01904845 -1.00043983 -0.99410298 -0.99192707
 -0.98816912 -0.97724605 -0.96133249 -0.94306622 -0.93793026 -0.92636538
 -0.90831753 -0.8886664  -0.87247778 -0.8539108  -0.83036338 -0.80590388
 -0.78589857 -0.76982555 -0.74881487 -0.71723896 -0.69836413 -0.66680004
 -0.64103459 -0.62570527 -0.61738642 -0.58122468 -0.54814626 -0.51689003
 -0.49122181 -0.45871126 -0.44020764 -0.39756721 -0.37336544 -0.32628923
 -0.30850831 -0.26682751 -0.23034891 -0.19538717 -0.15505055 -0.12055489
 -0.08095207 -0.05187817 -0.00242326  0.03341506  0.07533735  0.11845583
  0.16137468  0.206342    0.23999746  0.27229811  0.31750304  0.34848462
  0.40174361  0.42704715  0.46412353  0.50339776  0.53085502  0.56432028
  0.59426288  0.62408115  0.65879375  0.68378386  0.70794364  0.70244942
  0.72193263  0.74625133  0.76930712  0.78588388  0.80613888  0.82407025
  0.84200779  0.86233245  0.88314833  0.89667239  0.91916593  0.94423581
  0.96619339  0.98741673  1.00816847  1.03625081  1.05830966  1.07898438
  1.11521954  1.12497707  1.15082631  1.16435036  1.19301603  1.22116896
  1.24372734  1.24098015  1.2314858   1.22442308  1.21459864  1.20969614
  1.18284511  1.14998071  1.10209529  1.05444646  1.00314425  0.95599449
  0.90850123  0.8606343   0.80531035  0.76116195  0.71659808  0.67538408
  0.63166518  0.60168886  0.54165191  0.49711644  0.47214948  0.41366252
  0.37314584  0.3379593   0.29979474  0.26470546  0.22504543  0.1754178
  0.13744931  0.11273067  0.07583307  0.03758916 -0.00399779 -0.04271704
 -0.06752061 -0.14494796 -0.14614114 -0.17938028 -0.21425579 -0.24039307
 -0.28603583]
[ 1.57130476e+00  1.59137197e+00  1.61359825e+00  1.62503906e+00
  1.61660019e+00  1.62472463e+00  1.61135044e+00  1.59146868e+00
  1.56928287e+00  1.55071524e+00  1.53036576e+00  1.51101885e+00
  1.49161058e+00  1.46990378e+00  1.44256821e+00  1.41127454e+00
  1.37434982e+00  1.33835510e+00  1.30763146e+00  1.26708776e+00
  1.22572323e+00  1.24114192e+00  1.19914941e+00  1.15707651e+00
  1.10676387e+00  1.06669401e+00  1.00829945e+00  9.57745409e-01
  9.10305490e-01  8.51537268e-01  8.03116133e-01  7.64420138e-01
  7.05653927e-01  6.57487908e-01  6.19073294e-01  5.68494773e-01
  5.16531301e-01  4.75983244e-01  4.24037818e-01  3.72323779e-01
  3.21619943e-01  2.81820647e-01  2.35199551e-01  1.80592807e-01
  1.35996832e-01  9.91110629e-02  4.02918363e-02 -1.53309330e-03
 -4.99083166e-02 -9.94246872e-02 -1.37086899e-01 -1.80268633e-01
 -2.25415990e-01 -2.75811404e-01 -3.09427089e-01 -3.48924107e-01
 -3.92808993e-01 -4.38877578e-01 -4.68480867e-01 -5.10197860e-01
 -5.56268267e-01 -6.02018414e-01 -6.46306686e-01 -6.66998042e-01
 -7.02857213e-01 -7.46188574e-01 -7.88930031e-01 -8.28112820e-01
 -8.45617780e-01 -8.71843002e-01 -9.10614380e-01 -9.48496710e-01
 -9.58200683e-01 -9.80166121e-01 -1.01429942e+00 -1.04631834e+00
 -1.07741192e+00 -1.08058865e+00 -1.09452172e+00 -1.12501183e+00
 -1.14887285e+00 -1.17355434e+00 -1.17859126e+00 -1.17105968e+00
 -1.19124614e+00 -1.20965434e+00 -1.20488510e+00 -1.18756645e+00
 -1.20822897e+00 -1.22836056e+00 -1.23881770e+00 -1.23869380e+00
 -1.23541099e+00 -1.21123625e+00 -1.20532315e+00 -1.20304722e+00
 -1.21338755e+00 -1.20686641e+00 -1.20128108e+00 -1.19359849e+00
 -1.17265147e+00 -1.14457681e+00 -1.12919677e+00 -1.11783831e+00
 -1.10593531e+00 -1.08800858e+00 -1.05984856e+00 -1.04124185e+00
 -1.02709572e+00 -1.00650708e+00 -9.85570250e-01 -9.50169762e-01
 -9.28440849e-01 -9.13772200e-01 -8.77449364e-01 -8.34540376e-01
 -8.07245349e-01 -7.81447079e-01 -7.50297778e-01 -7.11539144e-01
 -6.79355732e-01 -6.50561029e-01 -6.13022168e-01 -5.71172013e-01
 -5.23707671e-01 -4.82723136e-01 -4.50117707e-01 -4.08194337e-01
 -3.68315163e-01 -3.43965045e-01 -3.04268708e-01 -2.64884089e-01
 -2.21127054e-01 -1.75775364e-01 -1.45097516e-01 -1.08808507e-01
 -6.40697116e-02 -1.86786267e-02  1.52138745e-02  5.96512967e-02
  9.97241235e-02  1.32717763e-01  1.68937743e-01  2.06293831e-01
  2.38776778e-01  2.82424256e-01  3.20250472e-01  3.61251043e-01
  4.02852090e-01  4.34096208e-01  4.44371185e-01  4.85131019e-01
  5.30163823e-01  5.65002915e-01  5.84511138e-01  6.26256041e-01
  6.69903909e-01  7.18731829e-01  7.69872156e-01  8.18669931e-01
  8.58678924e-01  9.16680915e-01  9.68731062e-01  1.01600680e+00
  1.06630161e+00  1.11457947e+00]
[ 1.91056664e+00  1.89175372e+00  1.88188671e+00  1.86792078e+00
  1.81374830e+00  1.75961380e+00  1.70815970e+00  1.65743953e+00
  1.59726320e+00  1.54295622e+00  1.49099649e+00  1.43590442e+00
  1.38058818e+00  1.32545583e+00  1.27636496e+00  1.22821087e+00
  1.17981975e+00  1.12568436e+00  1.07523382e+00  1.02946159e+00
  9.83824627e-01  9.39052081e-01  8.92659420e-01  8.37403274e-01
  7.92947095e-01  7.50356351e-01  7.08415042e-01  6.53951205e-01
  6.07971429e-01  5.66462309e-01  5.12563075e-01  4.58762003e-01
  4.05050930e-01  3.51458019e-01  3.11682393e-01  2.67693510e-01
  2.16660208e-01  1.64002548e-01  1.11476358e-01  5.90831106e-02
  9.63471352e-03 -4.06793937e-02 -9.24401066e-02 -1.43960221e-01
 -1.95259933e-01 -2.46375139e-01 -2.93096047e-01 -3.24131738e-01
 -3.59661168e-01 -4.07089860e-01 -4.51925163e-01 -5.00391873e-01
 -5.48529160e-01 -5.82752764e-01 -6.21576246e-01 -6.43660289e-01
 -6.86706267e-01 -7.26223178e-01 -7.70214746e-01 -8.03983570e-01
 -8.22230587e-01 -8.43840073e-01 -8.80243912e-01 -9.14392218e-01
 -9.35604218e-01 -9.29491787e-01 -9.64637288e-01 -9.98860264e-01
 -1.02610314e+00 -1.01901816e+00 -1.03775645e+00 -1.06507161e+00
 -1.08319776e+00 -1.10860594e+00 -1.11658393e+00 -1.09658328e+00
 -1.11420059e+00 -1.13305589e+00 -1.15066408e+00 -1.16602743e+00
 -1.17976205e+00 -1.19202312e+00 -1.20338704e+00 -1.21060848e+00
 -1.21729574e+00 -1.22220995e+00 -1.22489746e+00 -1.22585624e+00
 -1.22517825e+00 -1.22196576e+00 -1.21726133e+00 -1.21093850e+00
 -1.20226279e+00 -1.19195031e+00 -1.18270474e+00 -1.16624372e+00
 -1.15578252e+00 -1.14371904e+00 -1.12484333e+00 -1.10409634e+00
 -1.08213097e+00 -1.06610293e+00 -1.04281555e+00 -1.04182906e+00
 -1.05711576e+00 -1.02696002e+00 -9.96128380e-01 -9.70616569e-01
 -9.37607211e-01 -9.30216680e-01 -9.24067569e-01 -8.90114923e-01
 -8.58474446e-01 -8.32387270e-01 -8.25840628e-01 -7.85060840e-01
 -7.45942579e-01 -7.07241359e-01 -6.93230023e-01 -6.60079749e-01
 -6.18446121e-01 -5.71933757e-01 -5.44763475e-01 -5.15793623e-01
 -4.69283144e-01 -4.22757915e-01 -3.73501619e-01 -3.23968424e-01
 -2.96104616e-01 -2.56376479e-01 -2.05388851e-01 -1.54103334e-01
 -1.02627677e-01 -5.09771003e-02 -3.72055923e-03  5.29780376e-02
  1.05199355e-01  1.58598146e-01  2.10165583e-01  2.62866629e-01
  3.15692965e-01  3.68703555e-01  4.12865936e-01  4.50926709e-01
  5.03088932e-01  5.55656418e-01  6.05945062e-01  6.43422098e-01
  6.94363670e-01  7.43977975e-01  7.82637964e-01  8.23967335e-01
  8.66355900e-01  9.09783204e-01  9.54943152e-01  1.00649070e+00
  1.06066471e+00  1.10832323e+00  1.15982073e+00  1.20661996e+00
  1.26322780e+00  1.31089987e+00  1.37640124e+00  1.42412203e+00
  1.48025545e+00  1.53631095e+00  1.58562216e+00  1.64203947e+00
  1.69559933e+00  1.73861622e+00  1.77353845e+00  1.80831477e+00
  1.84345337e+00  1.88435852e+00  1.88029020e+00  1.85089475e+00
  1.79858603e+00  1.74221255e+00  1.68761126e+00  1.63287677e+00
  1.57937100e+00  1.52456402e+00  1.46778925e+00  1.41103288e+00
  1.35798912e+00  1.30561087e+00  1.25031531e+00  1.19929153e+00
  1.14749970e+00  1.09114447e+00  1.04223356e+00  9.94758290e-01
  9.46656477e-01  9.00420155e-01  8.55267041e-01  8.09915401e-01
  7.67902235e-01  7.16164772e-01  6.64048450e-01  6.23419724e-01
  5.83591064e-01  5.38029450e-01  4.83866297e-01  4.40822360e-01
  3.99995967e-01  3.41546767e-01  2.88747375e-01  2.44993556e-01
  2.10256577e-01  1.57694681e-01  1.05289474e-01  5.30316225e-02
  9.54783366e-04 -4.97339963e-02 -1.00578441e-01 -1.54125755e-01
 -2.04782733e-01 -2.48135128e-01 -2.98731473e-01 -3.52456434e-01
 -3.96516784e-01 -4.52486177e-01 -5.00514158e-01 -5.27822879e-01
 -5.57955009e-01 -6.05559652e-01 -6.48099034e-01 -6.94017635e-01
 -7.41856783e-01 -7.49440617e-01 -7.78260177e-01 -8.14715981e-01
 -8.56614031e-01 -8.73172615e-01 -8.83152795e-01 -9.22653874e-01
 -9.58205441e-01 -9.78420108e-01 -9.78073120e-01 -9.97710871e-01
 -1.02838001e+00 -1.06013531e+00 -1.05304969e+00 -1.05915077e+00
 -1.07962599e+00 -1.10800471e+00 -1.12650818e+00 -1.14212429e+00
 -1.11913398e+00 -1.12529250e+00 -1.14232846e+00 -1.15759048e+00
 -1.17086189e+00]
[-0.2317905  -0.20300168 -0.14604824 -0.10080958 -0.05707932 -0.01345035
  0.02383843  0.04181388  0.09084866  0.16647328  0.1811898   0.21739091
  0.25186745  0.30187672  0.31906359  0.37059216  0.41849647  0.44514985
  0.49212354  0.52784928  0.56696705  0.59924463  0.63476574  0.66358766
  0.7032007   0.70166625  0.72327034  0.76494195  0.80029687  0.79863
  0.82641836  0.88328791  0.87809298  0.93016112  0.99032421  1.02383902
  1.06592563  1.12446748  1.17665257  1.22428469  1.28007001  1.31193167
  1.38596357  1.43863647  1.48863569  1.48970363  1.556784    1.60464539
  1.64642995  1.6789438   1.67536     1.68087927  1.6772696   1.67695604
  1.64932206  1.60145578  1.55612276  1.54304879  1.49571927  1.44926381
  1.39741658  1.3413332   1.28926147  1.24270754  1.18963918  1.1415788
  1.08658085  1.03416589  0.99413872  0.97108943  0.95657386  0.92414367
  0.87500269  0.84764418  0.84174729  0.82078331  0.7815068   0.7424646
  0.70609118  0.6663329   0.63080354  0.58223248  0.54312585  0.49946266
  0.47297607  0.42399964  0.43902093  0.34145198  0.31152301  0.26695691
  0.23134715  0.19480095  0.14421106  0.10180905  0.08355983  0.03369459
 -0.01223351 -0.05693284 -0.06893706 -0.1022469  -0.16369551 -0.20515914
 -0.24933354 -0.29582437 -0.32818189 -0.37703436 -0.3760498  -0.44094196
 -0.50816757 -0.54593619 -0.57927683 -0.64992397 -0.66358012 -0.69292965
 -0.72606183 -0.75769015 -0.79736796 -0.82721039 -0.87568318 -0.88051149
 -0.91217784 -0.94149706 -0.96357996 -0.99713985 -1.01156432 -1.03189533
 -1.0773954  -1.12365443 -1.14540331 -1.15745188 -1.16906635 -1.1837021
 -1.20251823 -1.23413472 -1.26917672 -1.27998432 -1.2662246  -1.27990641
 -1.3224891  -1.3306545  -1.32919154 -1.33162581 -1.31163148 -1.30838166
 -1.34299931 -1.32989877 -1.31379845 -1.29455491 -1.29539829 -1.29273144
 -1.26284562 -1.25409985 -1.26973329 -1.24740669 -1.2177538  -1.1727354
 -1.17130527 -1.1611945  -1.12559302 -1.09033832 -1.01263997 -1.00989365
 -1.01679367 -0.97207251 -0.93495091 -0.92055691 -0.87372235 -0.83577246
 -0.80711844 -0.77432322 -0.71885786 -0.68566025 -0.65913053 -0.61643326
 -0.56171649 -0.4889956  -0.43265613 -0.42961943 -0.38320346 -0.33576068
 -0.30340261 -0.24873946 -0.19791682 -0.15397599 -0.11064968 -0.05734684
 -0.00560083  0.0385234   0.09054939  0.14280592  0.18837995  0.23830049
  0.29298147  0.3457619   0.39115305  0.44626653  0.5062886   0.55429164
  0.60020373  0.65588106  0.74727532  0.76435839  0.81510816  0.84340316
  0.90632166]
[-2.22092381e-01 -2.01021263e-01 -1.35379501e-01 -9.06220935e-02
 -4.47945616e-02  3.38019771e-04  3.67678315e-02  5.39694051e-02
  1.03385738e-01  1.95826341e-01  1.92228681e-01  2.32770242e-01
  2.67582024e-01  3.17909086e-01  3.15218549e-01  3.86147784e-01
  4.35635282e-01  4.65733661e-01  5.10470670e-01  5.45458407e-01
  5.84935920e-01  6.17548947e-01  6.54211985e-01  6.76842225e-01
  7.22108930e-01  7.14570390e-01  7.46072155e-01  7.85695057e-01
  8.19089032e-01  8.15111248e-01  8.37542732e-01  9.00015619e-01
  8.73833303e-01  9.47501654e-01  1.01403566e+00  1.04105061e+00
  1.08357408e+00  1.14451131e+00  1.19385174e+00  1.24144581e+00
  1.29261204e+00  1.30848072e+00  1.40139900e+00  1.44973248e+00
  1.49796173e+00  1.49803698e+00  1.56341039e+00  1.60849385e+00
  1.65029310e+00  1.68455882e+00  1.67689394e+00  1.68336109e+00
  1.67653348e+00  1.67509204e+00  1.64635855e+00  1.59841615e+00
  1.55150091e+00  1.55440451e+00  1.50739312e+00  1.46125987e+00
  1.41023452e+00  1.35593609e+00  1.29828807e+00  1.25026349e+00
  1.19566239e+00  1.14604176e+00  1.09076532e+00  1.04049447e+00
  9.93967164e-01  9.70098603e-01  9.53303132e-01  9.19237132e-01
  8.67631355e-01  8.32264140e-01  8.27330678e-01  8.02757596e-01
  7.63356435e-01  7.24376041e-01  6.91470231e-01  6.48491960e-01
  6.13305547e-01  5.65780708e-01  5.25960150e-01  4.76648609e-01
  4.54656967e-01  4.07762437e-01  4.43081186e-01  3.25228250e-01
  2.95217197e-01  2.50606814e-01  2.15014112e-01  1.79735054e-01
  1.30106022e-01  8.52960664e-02  6.47565252e-02  1.72458176e-02
 -2.94550834e-02 -7.27655560e-02 -7.20343785e-02 -1.17957406e-01
 -1.79077553e-01 -2.21055301e-01 -2.64884107e-01 -3.10076320e-01
 -3.38586771e-01 -3.92151339e-01 -3.65378707e-01 -4.45068295e-01
 -5.32847945e-01 -5.60679058e-01 -5.93518642e-01 -6.88332711e-01
 -6.76222937e-01 -7.05052066e-01 -7.39065657e-01 -7.69456149e-01
 -8.15716988e-01 -8.38597508e-01 -8.99660657e-01 -8.91589949e-01
 -9.21736242e-01 -9.53362560e-01 -9.71029884e-01 -9.99303209e-01
 -1.01626015e+00 -1.04046371e+00 -1.08253900e+00 -1.12835808e+00
 -1.15059441e+00 -1.16159608e+00 -1.17134864e+00 -1.18388355e+00
 -1.20481984e+00 -1.23953116e+00 -1.26693295e+00 -1.29436012e+00
 -1.26594704e+00 -1.28228978e+00 -1.32571839e+00 -1.32872727e+00
 -1.32534580e+00 -1.32217977e+00 -1.30939983e+00 -1.30599809e+00
 -1.33991253e+00 -1.32617654e+00 -1.30958200e+00 -1.29077690e+00
 -1.29220460e+00 -1.27638366e+00 -1.25246545e+00 -1.24692324e+00
 -1.26396806e+00 -1.24092760e+00 -1.21132871e+00 -1.15913411e+00
 -1.16736923e+00 -1.15366310e+00 -1.11846541e+00 -1.08521254e+00
 -9.76361804e-01 -9.87132437e-01 -1.00719574e+00 -9.67433901e-01
 -9.30679747e-01 -9.15715778e-01 -8.70805240e-01 -8.31041196e-01
 -7.98841672e-01 -7.69104209e-01 -7.11062638e-01 -6.81905139e-01
 -6.55498681e-01 -6.22997691e-01 -5.57061110e-01 -4.62220314e-01
 -3.96036334e-01 -4.29535985e-01 -3.79556850e-01 -3.32154374e-01
 -3.00078617e-01 -2.47372506e-01 -1.94540633e-01 -1.50741993e-01
 -1.05696555e-01 -5.20188274e-02 -3.69944250e-04  3.45821054e-02
  9.47121465e-02  1.47325515e-01  1.91969140e-01  2.43504059e-01
  2.98510107e-01  3.51604729e-01  3.97299434e-01  4.52706497e-01
  5.20276352e-01  5.66787780e-01  6.11397290e-01  6.64423208e-01
  7.77577899e-01  7.61459159e-01  8.24290354e-01  8.38787643e-01
  9.08860293e-01]
[ 0.27834426  0.28519719  0.27546026  0.26999127  0.26100988  0.24116572
  0.22788283  0.23339469  0.22764897  0.2144464   0.19999885  0.18223619
  0.19803504  0.20485701  0.18652431  0.1697346   0.14633401  0.1231676
  0.10254787  0.10482049  0.10640473  0.1186907   0.09505258  0.06962358
  0.04469871  0.02044891 -0.0169987  -0.03647101 -0.0636036  -0.07291071
 -0.06774744 -0.07664053 -0.09894883 -0.12202962 -0.13102073 -0.14579905
 -0.16623451 -0.18298433 -0.19775767 -0.21135205]
[-1.4297287  -1.39814232 -1.37160039 -1.35058931 -1.32302276 -1.29310869
 -1.25402383 -1.20718724 -1.16478321 -1.13576997 -1.0626847  -1.05695846
 -1.02831139 -0.9763276  -0.95986577 -0.89544706 -0.85327138 -0.81765493
 -0.77779839 -0.73383709 -0.67874692 -0.63032751 -0.57016677 -0.52511446
 -0.51703267 -0.45079545 -0.39681696 -0.34948094 -0.31295523 -0.2635614
 -0.21863184 -0.1585205  -0.1148388  -0.06227085 -0.01413998  0.03056869
  0.06120273  0.12118501  0.16981767  0.21446538  0.24747093  0.2858854
  0.33899929  0.37843828  0.41462052  0.45112791  0.48794652  0.52410057
  0.55536372  0.59920233  0.64373975  0.69125634  0.72941647  0.76791513
  0.80664433  0.84598651  0.8830114   0.92194996  1.04641515  1.07093973
  1.09845906  1.12340113  1.160972    1.18073329  1.19932209  1.21917907
  1.2397236   1.26126282  1.26877436  1.30678132  1.31870297  1.33926118
  1.35076603  1.36573382  1.34145282  1.33512738  1.326181    1.33124491
  1.32943462  1.32736775  1.32399927  1.35097344  1.29404474  1.32313344
  1.31895748  1.31219816  1.42386371  1.40289703  1.38337702  1.31541736
  1.30982823  1.26449506  1.22149967  1.16523042  1.13414935  1.08977758
  1.04339103  0.99539518  0.94740798  0.89576465]
[-1.0117     -1.0478     -1.0834     -1.1171     -1.1501     -1.18233965
 -1.1839     -1.1607     -1.1754     -1.29603864 -1.31627023 -1.2433
 -1.2624     -1.2797     -1.2955     -1.3087     -1.3209     -1.33
 -1.3378     -1.3433     -1.3466     -1.3485     -1.3472     -1.345
 -1.3395     -1.3327     -1.3237     -1.3125     -1.2999     -1.2845
 -1.26590648 -1.2491     -1.28179033 -1.2068     -1.1829     -1.158
 -1.1307     -1.1028     -1.0729     -1.042      -1.0099     -1.0079
 -1.02       -0.98552    -0.94765    -0.90842    -0.8685     -0.82775
 -0.81405    -0.81129    -0.77505708 -0.72289    -0.6771     -0.63083
 -0.54675131 -0.56102    -0.54619    -0.49666    -0.44697    -0.39679
 -0.36072    -0.33794    -0.29241    -0.24017    -0.1875     -0.13472
 -0.081657   -0.028398    0.025025    0.07197686  0.093702    0.16084492
  0.2032      0.25815     0.36832062  0.33993611  0.42373     0.47911
  0.53466     0.59027     0.71879035  0.7018      0.75768     0.81368
  0.87029335  0.90791     0.92542799  1.011       1.0677      1.1245
  1.1692      1.2128      1.2582      1.3043      1.38329545  1.4001
  1.4492      1.4999      1.53155018  1.5344      1.47137127  1.6086
  1.6226      1.6194      1.6174      1.6157      1.615       1.615
  1.69921809  1.6172      1.6192      1.5641499   1.5241      1.5287
  1.5049      1.4526      1.4456      1.4521      1.403       1.3544
  1.3072      1.2609      1.23494878  1.1609      1.1044      1.0615
  1.0144      0.95775     0.91034     0.8702      0.81707     0.76106
  0.70519     0.64937     0.59365     0.55461221  0.48248     0.42708
  0.37174     0.31657     0.26148     0.20653     0.15173     0.06587521
  0.062728    0.028263   -0.02516    -0.11403092 -0.1315     -0.18431
 -0.23698    -0.27522399 -0.33656    -0.35934    -0.39375    -0.44393
 -0.49366    -0.54319    -0.59202    -0.63373    -0.64653    -0.64389428
 -0.72011    -0.76513    -0.80985    -0.8534     -0.88703    -0.88703
 -0.90604    -0.94527    -0.97036283 -1.0208     -1.0086     -1.0079
 -1.0401     -1.0711     -1.101      -1.1291     -1.1549     -1.1258
 -1.1111     -1.132      -1.1514     -1.1694     -1.185      -1.1998
 -1.2116     -1.26430745 -1.231      -1.2038     -1.1504     -1.1429
 -1.1442     -1.1857846  -1.1398     -1.135      -1.1282     -1.1201
 -1.1093     -1.0978     -1.0836     -1.0682     -1.0511     -1.0668
 -1.1014     -1.09053113 -1.0598     -1.0336     -1.0064     -0.97782
 -0.98027    -0.96092392 -0.96799    -0.93342    -0.89733    -0.86047
 -0.82266    -0.83017128 -0.78348881 -0.77579    -0.74144421 -0.69136843
 -0.63637332 -0.65562    -0.49518486 -0.57274    -0.52511    -0.48497
 -0.46825    -0.4348     -0.38462    -0.25893396 -0.2832     -0.23189
 -0.18044    -0.12863    -0.09007    -0.063231   -0.015447    0.037991
  0.091741    0.14558     0.19963     0.25384     0.26692841  0.36269
  0.41728     0.47208     0.52052     0.55624     0.60378     0.6595
  0.71535     0.77124     0.8335634   0.87130904  0.93947     0.9957
  1.052       1.1084      1.1627      1.2043      1.2468      1.2905
  1.3355      1.3811      1.4285      1.4764      1.5257      1.551
  1.5438      1.5374      1.53276315  1.5267      1.5223      1.519
  1.56676786  1.5142      1.5132      1.5125      1.5131      1.5141
  1.5161      1.5188    ]
[-1.14548607 -1.16828876 -1.18933212 -1.20244696 -1.20666471 -1.21192748
 -1.19497502 -1.20623914 -1.21322875 -1.2051722  -1.21230645 -1.21806947
 -1.22188355 -1.20453886 -1.20386712 -1.20207667 -1.1984369  -1.19263348
 -1.07100527 -1.17637969 -1.16252611 -1.1401088  -1.12058689 -1.10589519
 -1.08882371 -1.07022501 -1.05002116 -1.02857223 -1.00523968 -0.9955443
 -0.99917444 -0.97104499 -0.94274556 -0.91279416 -0.87700202 -0.84935166
 -0.8161072  -0.78836907 -0.78044135 -0.71530777 -0.71047511 -0.61485762
 -0.65854951 -0.62667363 -0.61750653 -0.54353748 -0.51976771 -0.48820057
 -0.45399754 -0.41042482 -0.24291309 -0.34596063 -0.29942072 -0.2595536
 -0.13535054 -0.16835923 -0.13638193 -0.11766866 -0.05280135 -0.00341341
  0.0462544   0.09194519  0.13659111  0.17022233  0.24092299  0.25636287
  0.40550683  0.35029852  0.39585072  0.44184914  0.48825169  0.53654473
  0.58281329  0.62907761  0.65955292  0.70834154  0.75753079  0.80642231
  0.84879874  0.86757127  0.94549991  0.91447517  1.04466092  1.08936405
  1.1335498   1.20350146  1.22384123  1.26965999  1.31755635  1.36845619
  1.41013979  1.48677391  1.46121254  1.4857882   1.50852733  1.5236111
  1.53904094  1.55420838  1.56703362  1.58147563  1.59655966  1.60920806
  1.62287524  1.63798885  1.65153745  1.66825624  1.63018445  1.59851608
  1.54809364  1.40023706  1.46783718  1.4211901   1.37453483  1.32577942
  1.27833779  1.23324362  1.18542008  1.13803072  1.09215239  1.04551295
  0.99776712  0.95419828  0.91025859  0.86359416  0.82146623  0.78065129
  0.73607982  0.68885115  0.64718213  0.60357656  0.56182873  0.51665823
  0.47649223  0.43634014  0.35863108  0.33729085  0.30641665  0.2390135
  0.19801438  0.15747965  0.1992639   0.06025693  0.01207995 -0.03584747
 -0.08390491 -0.13051758 -0.17755862 -0.22451763 -0.27132086 -0.31690374
 -0.363028   -0.45663563 -0.4525128  -0.49210191 -0.51899575 -0.5678255
 -0.5923543  -0.66050084 -0.7018921  -0.72820307 -0.75471836 -0.79356977
 -0.83211413 -0.81321922 -0.90608144 -0.93286382 -0.96095586 -0.99384243
 -1.02584883 -1.08261676 -1.04940466 -1.07253477 -1.08905544 -1.10775144
 -1.13034325 -1.15148682 -1.14177096 -1.15909372 -1.18243996 -1.19621788
 -1.18095984 -1.20631791 -1.18231565 -1.18711429 -1.13279386 -1.21393815
 -1.21454401 -1.21315362 -1.21795454 -1.22375619 -1.20463871 -1.20842725
 -1.20308625 -1.20268537 -1.18845619 -1.17274869 -1.15821076 -1.15145514
 -1.13070795 -1.10764794 -1.08496575 -1.0607896  -1.06091599 -1.06480688
 -1.03537701 -1.00506714 -0.97387948 -0.95055918 -0.94235555 -0.92387044
 -0.90748685 -0.85711224 -0.83933244 -0.82052595 -0.78019246 -0.73940731
 -0.71306737 -0.71808934 -0.65361716 -0.60938035 -0.57080879 -0.55001907
 -0.51077337 -0.46404538 -0.41717644]
[-1.33220000e+00 -1.31180000e+00 -1.28940000e+00 -1.26510000e+00
 -1.23910000e+00 -1.21150000e+00 -1.18250000e+00 -1.15220000e+00
 -1.13052390e+00 -1.08800000e+00 -1.05440000e+00 -1.01980000e+00
 -9.84420000e-01 -9.48220000e-01 -9.11310000e-01 -8.73730000e-01
 -8.35560000e-01 -7.79843569e-01 -7.85030000e-01 -7.44560000e-01
 -6.93537577e-01 -6.45515707e-01 -6.32452295e-01 -5.74998359e-01
 -5.36700000e-01 -4.94220000e-01 -4.51490000e-01 -4.01848259e-01
 -3.65350000e-01 -3.21960000e-01 -2.83770000e-01 -2.53480000e-01
 -2.09150000e-01 -1.64680000e-01 -1.20090000e-01 -7.53650000e-02
 -3.05240000e-02  1.43300000e-03  4.42180000e-02  8.96590000e-02
  1.15554391e-01  1.81568818e-01  2.34197149e-01  2.68131232e-01
  3.05290000e-01  3.51370000e-01  3.97490000e-01  4.43670000e-01
  4.89890000e-01  5.35380000e-01  5.75227280e-01  6.18400000e-01
  6.73930000e-01  7.21570000e-01  7.68010000e-01  8.14480000e-01
  8.60990000e-01  9.07520000e-01  9.54080000e-01  1.01046617e+00
  1.04730000e+00  1.09390000e+00  1.14060000e+00  1.19464478e+00
  1.23390000e+00  1.28060000e+00  1.32740000e+00  1.37410000e+00
  1.42090000e+00  1.46130000e+00  1.50130000e+00  1.54210000e+00
  1.58350000e+00  1.59840000e+00  1.61820000e+00  1.64070000e+00
  1.63750000e+00  1.63490000e+00  1.62522365e+00  1.63140000e+00
  1.63050000e+00  1.63030000e+00  1.63060000e+00  1.63150000e+00
  1.59040000e+00  1.58440000e+00  1.55110000e+00  1.50710000e+00
  1.46380000e+00  1.42120000e+00  1.37650000e+00  1.33180000e+00
  1.28850000e+00  1.24150000e+00  1.19590000e+00  1.15460000e+00
  1.10770000e+00  1.09082319e+00  1.01400000e+00  9.60330000e-01
  9.12500000e-01  8.65570000e-01  8.18650000e-01  7.71740000e-01
  7.24860000e-01  6.77990000e-01  6.25981994e-01  5.84310000e-01
  5.54870452e-01  4.90720000e-01  4.30075165e-01  3.97220000e-01
  3.51040000e-01  3.13380000e-01  2.67124687e-01  2.20560000e-01
  1.74160000e-01  1.27810000e-01  8.94130000e-02  2.77973198e-02
  1.19900000e-03 -4.47010000e-02 -9.05330000e-02 -1.31220000e-01
 -1.67540000e-01 -2.12820000e-01 -2.57990000e-01 -3.01370000e-01
 -3.30940000e-01 -3.75340000e-01 -4.19580000e-01 -4.78032566e-01
 -4.91770000e-01 -5.20701034e-01 -5.73550000e-01 -6.16240000e-01
 -6.58660000e-01 -7.00780000e-01 -7.32480000e-01 -7.58350000e-01
 -7.98680000e-01 -8.38560000e-01 -8.77950000e-01 -9.16810000e-01
 -9.55090000e-01 -9.92072366e-01 -1.00030000e+00 -1.03180000e+00
 -1.06600000e+00 -1.09930000e+00 -1.13150000e+00 -1.16260000e+00
 -1.19250000e+00 -1.22090000e+00 -1.25394277e+00 -1.27340000e+00
 -1.29710000e+00 -1.31890000e+00 -1.33880000e+00 -1.35880221e+00
 -1.35915191e+00 -1.39669854e+00 -1.39510000e+00 -1.40280000e+00
 -1.40780000e+00 -1.39049789e+00 -1.40970000e+00 -1.40650000e+00
 -1.40050000e+00 -1.39200000e+00 -1.38080000e+00 -1.36710000e+00
 -1.35110000e+00 -1.33810865e+00 -1.31250000e+00 -1.29020000e+00
 -1.26600000e+00 -1.22149174e+00 -1.21250000e+00 -1.18350000e+00
 -1.15320000e+00 -1.12170000e+00 -1.08920000e+00 -1.05560000e+00
 -1.02100000e+00 -9.85640000e-01 -9.49470000e-01 -9.20780000e-01
 -9.04930000e-01 -8.65930000e-01 -8.26410000e-01 -7.94403335e-01
 -7.57962691e-01 -7.05070000e-01 -6.51814985e-01 -6.05374659e-01
 -5.80330000e-01 -5.59661034e-01 -4.95670000e-01 -4.73674565e-01
 -4.30680000e-01 -3.87020000e-01 -3.43170000e-01 -2.99160000e-01
 -2.54990000e-01 -2.10660000e-01 -1.67210000e-01 -1.38140000e-01
 -9.31180000e-02 -4.79470000e-02 -2.68200000e-03  4.26730000e-02
  7.87170000e-02  1.19950000e-01  1.65810000e-01  2.11720000e-01
  2.57690000e-01  2.95841930e-01  3.38280000e-01  3.84610000e-01
  4.30980000e-01  4.77390000e-01  5.23830000e-01  5.67191296e-01
  6.16820000e-01  6.63360000e-01  7.09930000e-01  7.56530000e-01
  8.03150000e-01  8.49800000e-01  8.96470000e-01  9.43170000e-01
  9.89890000e-01  1.03970000e+00  1.10186830e+00  1.13900000e+00
  1.18560000e+00  1.23160000e+00  1.27060000e+00  1.31750000e+00
  1.35760000e+00  1.40668219e+00  1.43960000e+00  1.48170000e+00
  1.52450000e+00]
[0.74563021 0.71888324 0.69048392 0.66369199 0.62603457 0.59339026
 0.5676045  0.53683893 0.49677855 0.46406209 0.41612824 0.3898461
 0.36286793 0.33906986 0.29832295 0.25714971 0.22076419 0.17712212
 0.14593862 0.12003514 0.082829   0.05061859]
[ 0.27784699  0.28493275  0.2746457   0.26890335  0.26052833  0.2397742
  0.22635435  0.23167639  0.2257902   0.21247735  0.19795064  0.18006212
  0.19556918  0.20225954  0.18383022  0.16698076  0.14346928  0.12025178
  0.09913632  0.10160765  0.1043155   0.11523237  0.09158019  0.06555073
  0.04106692  0.01689012 -0.02158039 -0.04012874 -0.06720448 -0.07651911
 -0.07155338 -0.08038465 -0.10272954 -0.12579829 -0.13487157 -0.1499668
 -0.1702414  -0.18701937 -0.20218173 -0.21558184]
[ 1.32155046  1.29293825  1.24912075  1.23586967  1.19154409  1.14235911
  1.09357555  1.04929507  1.00676587  0.95968103  0.9133863   0.86339163
  0.81699332  0.77367349  0.74440596  0.69682685  0.65465728  0.60671462
  0.56527453  0.52520623  0.48559213  0.44611236  0.40776785  0.37222743
  0.32222069  0.28570343  0.24184558  0.1071201   0.16509682  0.16711893
  0.08318755  0.04305086 -0.00670343 -0.04762377 -0.04373206 -0.11632713
 -0.15881466 -0.19346236 -0.24099354 -0.26888839 -0.30318196 -0.34022792
 -0.39223471 -0.41261426 -0.4431156  -0.47953832 -0.50906424 -0.53447302
 -0.56541905 -0.59581985 -0.61994312 -0.63694257 -0.68553492 -0.71417349
 -0.73671227 -0.75600558 -0.77856215 -0.8061036  -0.8476209  -0.85361869
 -0.86768234 -0.88485356 -0.91096251 -0.92417003 -0.92390515 -0.93289623
 -0.95748719 -0.96326984 -0.9785648  -0.97118822 -0.98204519 -0.94264687
 -0.96855629 -1.01251866 -1.00267215 -0.99008119 -0.9925404  -1.00018442
 -1.0204043  -1.00355904 -1.04523373 -0.99699247 -0.99417509 -0.992001
 -0.98824763 -0.97732074 -0.96140311 -0.92621255 -0.93800916 -0.9266061
 -0.90839036 -0.88844346 -0.87252799 -0.85396806 -0.83043158 -0.80597346
 -0.78596208 -0.76988022 -0.74897146 -0.71728377 -0.69839018 -0.666845
 -0.64106285 -0.62573001 -0.61739774 -0.58098913 -0.54816328 -0.51690173
 -0.49122305 -0.45874166 -0.44649684 -0.39757295 -0.37337513 -0.32633995
 -0.30850522 -0.26683673 -0.23023876 -0.19605328 -0.15509769 -0.1205744
 -0.08097788 -0.07713982 -0.00259477  0.03353578  0.07533924  0.11848248
  0.16142542  0.20641129  0.23998193  0.27254206  0.31766577  0.34874454
  0.40210121  0.42731015  0.46542219  0.50395468  0.53120652  0.56469922
  0.59468319  0.62452156  0.65930403  0.68424296  0.70821013  0.70269974
  0.72218554  0.74649207  0.76955088  0.78613834  0.80636923  0.82428827
  0.84225355  0.86257574  0.89478765  0.89689619  0.91921933  0.94448094
  0.96642269  0.9876321   1.00836061  1.03640263  1.05878088  1.07914324
  1.14531516  1.12506456  1.15087646  1.15075019  1.1928696   1.22109379
  1.24359587  1.24084949  1.23133909  1.22425248  1.21424917  1.20948447
  1.1826143   1.14975829  1.10187775  1.05425357  1.00292891  0.95577477
  0.90827359  0.86040436  0.80508357  0.76093429  0.7163767   0.67518064
  0.63163349  0.63348722  0.54144704  0.49668368  0.50561769  0.41344202
  0.36520843  0.3375492   0.29962082  0.26452448  0.22485886  0.17523397
  0.12854557  0.11258913  0.07572138  0.0374443  -0.00405342 -0.04282285
 -0.06724953 -0.2127577  -0.14622531 -0.17977427 -0.21434024 -0.22265984
 -0.28613492]
[-1.25742985 -1.27158086 -1.2838837  -1.28059892 -1.2601386  -1.26227141
 -1.25520094 -1.25706403 -1.25067672 -1.21405153 -1.21086406 -1.20580791
 -1.19778427 -1.14974075 -1.13961875 -1.12790235 -1.11456305 -1.0994864
 -1.03986904 -1.06470606 -1.0438791  -0.99653404 -0.96514869 -0.9419514
 -0.91739271 -0.89150533 -0.86448059 -0.83636452 -0.80698962 -0.78220441
 -0.76178761 -0.72920866 -0.6956666  -0.66128487 -0.62467884 -0.5899874
 -0.55314081 -0.51811344 -0.49011005 -0.44024193 -0.41276862 -0.35086639
 -0.34115359 -0.30268594 -0.27250586 -0.2178131  -0.18169648 -0.14239949
 -0.11885259 -0.07657436  0.01459913  0.00433522  0.05044175  0.08168636
  0.15275012  0.16961928  0.21103256  0.23828426  0.2862333   0.33478298
  0.38353242  0.42429085  0.46385548  0.50174063  0.54642477  0.57534521
  0.65894477  0.65829703  0.69631831  0.73534357  0.77535158  0.8163179
  0.85819357  0.89718306  0.90304646  0.94732499  0.99247229  1.03841126
  1.0825023   1.11832737  1.18022217  1.19835265  1.28002894  1.33017258
  1.37764559  1.43441091  1.47298904  1.5218906   1.57172323  1.62313769
  1.65240093  1.68076277  1.65482272  1.64575176  1.6403892   1.61358512
  1.58734368  1.56145883  1.53431008  1.50693732  1.48119222  1.45236763
  1.42448883  1.39973165  1.37195046  1.34898801  1.30784526  1.30122243
  1.25518127  1.17309399  1.20368961  1.16408457  1.12185752  1.07968806
  1.03877186  0.99950606  0.95999074  0.92147009  0.88434876  0.83980502
  0.79838206  0.76420116  0.72298141  0.67496373  0.63566914  0.59815333
  0.55148294  0.50984943  0.4746813   0.42924104  0.38436504  0.34259753
  0.3121436   0.26870499  0.21112644  0.17537051  0.13579541  0.08256694
  0.03967356 -0.00269275 -0.01385625 -0.09287548 -0.13745228 -0.18166004
 -0.225478   -0.26887551 -0.3118584  -0.35437439 -0.39640678 -0.43793008
 -0.47893504 -0.53715651 -0.55917345 -0.59638955 -0.62854617 -0.68118034
 -0.72581454 -0.77220827 -0.80807889 -0.83765343 -0.86664644 -0.89955142
 -0.93138857 -0.94067452 -0.9977476  -1.04822988 -1.07357134 -1.09972118
 -1.12447019 -1.15751431 -1.15571981 -1.17397306 -1.22021905 -1.23704156
 -1.25179651 -1.26476438 -1.26482656 -1.30061009 -1.3181754  -1.32300113
 -1.31560331 -1.32203179 -1.30858189 -1.30474499 -1.295854   -1.3325992
 -1.32274909 -1.31084477 -1.31350152 -1.32003284 -1.29735403 -1.28233628
 -1.2715474  -1.27320034 -1.24807917 -1.22158931 -1.19909692 -1.19569439
 -1.16465271 -1.13240697 -1.09915342 -1.06509746 -1.06072782 -1.0362376
 -0.99833583 -0.95970465 -0.92035947 -0.89871525 -0.8708758  -0.83509324
 -0.79976992 -0.76261399 -0.73118308 -0.6941278  -0.64881502 -0.60306391
 -0.5698769  -0.5473727  -0.49217922 -0.44448444 -0.39873441 -0.36386472
 -0.3248564  -0.27565556 -0.22626687 -0.17665841 -0.14380557 -0.09842849
 -0.03554836 -0.03585368  0.05352986  0.10390669  0.14553866  0.19274516
  0.24006575  0.29170511  0.34343567  0.38802135  0.43884837]
[ 1.91770844  1.9305      1.9306      1.9257      1.8707      1.8164
  1.7628      1.71        1.6537      1.5984      1.5469      1.4903
  1.4332      1.3761      1.3262      1.2772      1.2277      1.1709
  1.09810249  1.0746      1.0295      0.98568     0.93791     0.88199
  0.83929     0.79886     0.75921     0.7042      0.65957     0.6204
  0.56437109  0.51176     0.45758     0.40352     0.36637     0.32624
  0.27304     0.22003     0.16715     0.1144      0.061901    0.009558
 -0.042631   -0.094568   -0.14628    -0.19782    -0.24909    -0.27757
 -0.31033    -0.36005    -0.40933    -0.45833    -0.50703    -0.55519
 -0.58321    -0.59529789 -0.6478     -0.69315    -0.73805    -0.76156474
 -0.79406    -0.81217    -0.85339    -0.89357    -0.91195    -0.90903
 -0.94538    -0.98087    -1.0081     -0.99532639 -1.011      -1.041
 -1.0697     -1.0968     -1.1027     -1.0747     -1.0932     -1.1136
 -1.1329     -1.1499     -1.1654     -1.1795     -1.1916     -1.19827529
 -1.2105     -1.2173     -1.2219     -1.2249     -1.2263     -1.22347437
 -1.2223     -1.21604945 -1.2112     -1.2028     -1.1929     -1.1809
 -1.167      -1.1517     -1.1347     -1.1157     -1.0955     -1.0739
 -1.0503     -1.0515     -1.0728     -1.06572598 -1.0144     -0.98357
 -0.95139    -0.95162    -0.94934    -0.90679592 -0.87547    -0.85398
 -0.86614866 -0.81665    -0.77488    -0.73532    -0.73519148 -0.69805
 -0.65279    -0.60689    -0.58474    -0.56043    -0.51227    -0.46363
 -0.41469    -0.36544    -0.34278    -0.30561    -0.25948574 -0.20339
 -0.1519     -0.10022    -0.048281    0.003876    0.05619     0.10869
  0.16141     0.21426     0.26725     0.32045     0.36279     0.40451961
  0.4517      0.50586     0.55643     0.5928      0.65078829  0.69311
  0.73206     0.76466685  0.81443     0.85721     0.90173     0.95277
  1.0082      1.0547      1.1023      1.1522      1.2092      1.2605
  1.3127      1.3698      1.427       1.4816      1.54233997  1.5902
  1.6449      1.6977      1.7516      1.8062      1.8614      1.9174
  1.9295      1.91        1.853       1.79834577  1.7414      1.70086583
  1.6327      1.5769      1.52246192  1.4621      1.4081      1.34799101
  1.2973      1.245       1.192       1.1349      1.0847      1.03118866
  1.0081328   0.94198     0.8967      0.85238     0.8096      0.75796
  0.70584     0.66534     0.62644     0.58223     0.52746     0.48989
  0.44559     0.39153     0.33764     0.29627     0.26127     0.20828
  0.15545     0.10276     0.050258   -0.00357757 -0.054149   -0.1084601
 -0.15773    -0.20919    -0.26045    -0.31136    -0.36202    -0.41246
 -0.46252    -0.49107    -0.51771    -0.56683288 -0.61354    -0.66134607
 -0.70772    -0.72106    -0.74787    -0.79211    -0.83547    -0.85441
 -0.86236    -0.90246    -0.94169    -0.96842    -0.96128    -0.98861
 -1.0229     -1.0562     -1.0422     -1.0474     -1.07883822 -1.1027
 -1.1282     -1.12313712 -1.13024829 -1.11675873 -1.1366     -1.1536
 -1.1686     -1.1822     -1.1943     -1.2039     -1.21675168 -1.2187
 -1.2228     -1.2252     -1.2261     -1.2247     -1.2214     -1.21694484
 -1.2097     -1.2007     -1.1902     -1.1782     -1.14627884 -1.1479
 -1.1308     -1.1114     -1.0907     -1.0779     -1.1058     -1.0938
 -1.03571015 -1.0378     -1.0076     -0.9952     -1.0098     -0.97693
 -0.94128    -0.90784    -0.91247    -0.88904    -0.84873    -0.80751
 -0.79356    -0.77732    -0.73305    -0.69782778 -0.64261    -0.59672
 -0.58163    -0.54975    -0.50155    -0.45282    -0.40377    -0.35443
 -0.30471    -0.27497    -0.23400635 -0.19202    -0.14045    -0.0887
 -0.036764    0.015458    0.067832    0.12036     0.17311     0.23285497
  0.27905     0.33225     0.37008     0.40963     0.46369     0.50188
  0.54579     0.60056     0.63932     0.68692     0.74089   ]
[ 1.90169048e+00  1.88214741e+00  1.87157256e+00  1.85690514e+00
  1.80283665e+00  1.74881548e+00  1.69748307e+00  1.64689173e+00
  1.58690995e+00  1.53278741e+00  1.48098711e+00  1.42594590e+00
  1.37083508e+00  1.31583363e+00  1.26679422e+00  1.21873606e+00
  1.17028450e+00  1.11619187e+00  1.06571312e+00  1.01983826e+00
  9.74094137e-01  9.29197023e-01  8.82727007e-01  8.27534495e-01
  7.82953477e-01  7.40206935e-01  6.98101603e-01  6.43699227e-01
  5.97629644e-01  5.55953771e-01  5.02109077e-01  4.48367140e-01
  3.94704164e-01  3.41412495e-01  3.01610650e-01  2.57491762e-01
  2.06519596e-01  1.53925306e-01  1.01469079e-01  4.94970948e-02
  2.04491530e-04 -5.00569360e-02 -1.01568674e-01 -1.52639526e-01
 -2.03841020e-01 -2.54853067e-01 -3.01068883e-01 -3.32172494e-01
 -3.67839798e-01 -4.14966347e-01 -4.59258606e-01 -5.07569156e-01
 -5.54929074e-01 -5.88959966e-01 -6.27909266e-01 -6.49864696e-01
 -6.92296230e-01 -7.31553620e-01 -7.74604421e-01 -8.08223548e-01
 -8.26691451e-01 -8.48399231e-01 -8.84607013e-01 -9.18560308e-01
 -9.39693506e-01 -9.33174946e-01 -9.68019474e-01 -1.00193865e+00
 -1.02897107e+00 -1.02225693e+00 -1.04088412e+00 -1.06788796e+00
 -1.08579885e+00 -1.11086572e+00 -1.11877667e+00 -1.09916853e+00
 -1.11647876e+00 -1.13497321e+00 -1.15220676e+00 -1.16720377e+00
 -1.18056197e+00 -1.19243305e+00 -1.20341118e+00 -1.21025277e+00
 -1.21656043e+00 -1.22109085e+00 -1.22340116e+00 -1.22398581e+00
 -1.22293515e+00 -1.21983928e+00 -1.21523086e+00 -1.20854234e+00
 -1.19952092e+00 -1.18887434e+00 -1.17995179e+00 -1.16333866e+00
 -1.15287330e+00 -1.14082125e+00 -1.12162779e+00 -1.10062472e+00
 -1.07897711e+00 -1.06261386e+00 -1.03902461e+00 -1.03764648e+00
 -1.05226456e+00 -1.02198106e+00 -9.91392148e-01 -9.65555101e-01
 -9.32321516e-01 -9.24561234e-01 -9.17907835e-01 -8.83725289e-01
 -8.51982902e-01 -8.25804014e-01 -8.18507044e-01 -7.77577446e-01
 -7.38289003e-01 -6.99577448e-01 -6.85146988e-01 -6.51692546e-01
 -6.09916379e-01 -5.63327296e-01 -5.35737032e-01 -5.06376947e-01
 -4.59791469e-01 -4.13190259e-01 -3.63894788e-01 -3.14325390e-01
 -2.86042808e-01 -2.46111974e-01 -1.95109099e-01 -1.43810641e-01
 -9.23337370e-02 -4.06961871e-02  6.55651799e-03  6.32495800e-02
  1.15455788e-01  1.68701153e-01  2.20134777e-01  2.72757209e-01
  3.25393111e-01  3.78385418e-01  4.22508115e-01  4.60590446e-01
  5.12591166e-01  5.65009655e-01  6.15208840e-01  6.52844390e-01
  7.03803681e-01  7.53386590e-01  7.92246293e-01  8.33719479e-01
  8.76231720e-01  9.19813317e-01  9.65103419e-01  1.01666687e+00
  1.07080503e+00  1.11849854e+00  1.17001464e+00  1.21681155e+00
  1.27332185e+00  1.32090925e+00  1.38550254e+00  1.43143711e+00
  1.48572746e+00  1.53998376e+00  1.58755106e+00  1.64215465e+00
  1.69395362e+00  1.73530327e+00  1.76866338e+00  1.80187853e+00
  1.83544634e+00  1.87479603e+00  1.86983086e+00  1.83993785e+00
  1.78767794e+00  1.73142109e+00  1.67695105e+00  1.62235730e+00
  1.56898896e+00  1.51432461e+00  1.45761488e+00  1.40108666e+00
  1.34823269e+00  1.29591315e+00  1.24077794e+00  1.18986522e+00
  1.13811005e+00  1.08205690e+00  1.03309652e+00  9.85549375e-01
  9.37570613e-01  8.91378503e-01  8.46120947e-01  8.00670449e-01
  7.58504225e-01  7.06777730e-01  6.54687922e-01  6.13898347e-01
  5.73883891e-01  5.28233732e-01  4.74136301e-01  4.30920474e-01
  3.90024284e-01  3.31644219e-01  2.78914373e-01  2.35050747e-01
  2.00113019e-01  1.47670258e-01  9.57230225e-02  4.35541486e-02
 -8.44521505e-03 -5.90507396e-02 -1.09808294e-01 -1.63129668e-01
 -2.13285036e-01 -2.56588046e-01 -3.07072996e-01 -3.60275520e-01
 -4.04006151e-01 -4.59585850e-01 -5.07067819e-01 -5.34511716e-01
 -5.64178021e-01 -6.11562720e-01 -6.53464972e-01 -6.98929734e-01
 -7.46590037e-01 -7.54300781e-01 -7.82495616e-01 -8.18800365e-01
 -8.59741887e-01 -8.76250280e-01 -8.86475795e-01 -9.25694068e-01
 -9.60790118e-01 -9.80202219e-01 -9.80179728e-01 -9.99723646e-01
 -1.03010057e+00 -1.06152189e+00 -1.05475757e+00 -1.06090761e+00
 -1.08115704e+00 -1.10918979e+00 -1.12734179e+00 -1.14272072e+00
 -1.12013317e+00 -1.12614913e+00 -1.14281653e+00 -1.15770895e+00
 -1.17060963e+00]
[-0.96103094 -0.99766268 -1.03381414 -1.06814828 -1.10136705 -1.13384235
 -1.13751934 -1.11751606 -1.13189793 -1.24546329 -1.26639982 -1.20149646
 -1.22408417 -1.24266615 -1.2593733  -1.27320424 -1.28685787 -1.29753797
 -1.30696417 -1.31378724 -1.31777251 -1.32147722 -1.32210657 -1.3218551
 -1.31812469 -1.31374205 -1.30553416 -1.29605806 -1.28568462 -1.2718531
 -1.25654842 -1.24190945 -1.27180854 -1.20443511 -1.18300044 -1.16052925
 -1.13570828 -1.11349847 -1.08246458 -1.05192981 -1.02193447 -1.0208019
 -1.03304343 -1.00074023 -0.96508309 -0.92801848 -0.89083479 -0.85149252
 -0.83848646 -0.83579312 -0.79927666 -0.75099981 -0.70693508 -0.66229814
 -0.5796686  -0.59440607 -0.57948614 -0.53136822 -0.48298804 -0.43407176
 -0.39854824 -0.37563949 -0.3309509  -0.27979017 -0.22815972 -0.17637863
 -0.12428181 -0.07562785 -0.0206172   0.02444165  0.04743858  0.11257857
  0.15540178  0.20961994  0.31317973  0.2911541   0.37152385  0.42628752
  0.48561439  0.53594823  0.65567743  0.64528455  0.70063541  0.75600515
  0.81120544  0.84899085  0.8693102   0.95156039  1.00752033  1.06311688
  1.10791413  1.15166661  1.19681684  1.24246304  1.31836513  1.33823829
  1.38691119  1.43714954  1.46918092  1.4744728   1.42088676  1.54969272
  1.56513859  1.5638547   1.56416572  1.56476441  1.56631837  1.56860839
  1.64723011  1.57559707  1.5797241   1.5332511   1.49340616  1.50001814
  1.47793167  1.43183917  1.42738394  1.43581055  1.39262516  1.34702683
  1.30420964  1.26221484  1.24103594  1.17086633  1.11902764  1.08005391
  1.03710845  0.98509008  0.94192182  0.90085117  0.85427049  0.80298617
  0.74985862  0.69655509  0.64578302  0.61115247  0.53735281  0.48456424
  0.43072809  0.37925228  0.324041    0.26967309  0.21391273  0.13306165
  0.12646925  0.09208969  0.03849853 -0.04647438 -0.06666399 -0.11906042
 -0.17154004 -0.21098145 -0.27099769 -0.29494735 -0.32999606 -0.38009114
 -0.42975677 -0.47923016 -0.52803413 -0.56761456 -0.58445568 -0.585982
 -0.65971393 -0.70488276 -0.74976347 -0.79352576 -0.82781912 -0.83001554
 -0.8503518  -0.89005852 -0.91646716 -0.96568705 -0.95621398 -0.96031199
 -0.99060394 -1.02234737 -1.05303719 -1.08200463 -1.10811165 -1.08217915
 -1.07026497 -1.09024217 -1.11293352 -1.13263273 -1.14871807 -1.16444241
 -1.17749944 -1.22763372 -1.20005689 -1.17567239 -1.12571427 -1.12049561
 -1.12365648 -1.16298423 -1.1228755  -1.11443902 -1.114133   -1.10816551
 -1.0995939  -1.09032502 -1.07844335 -1.065374   -1.05064346 -1.06717437
 -1.10170132 -1.09242419 -1.06483567 -1.04021531 -1.01404709 -0.98792238
 -0.99132427 -0.97580617 -0.98151326 -0.949357   -0.91564513 -0.8867314
 -0.84555746 -0.85227654 -0.81066065 -0.80183167 -0.76874183 -0.7213068
 -0.67021504 -0.68696076 -0.54002491 -0.6070976  -0.56111709 -0.52219332
 -0.50550619 -0.47275698 -0.42669382 -0.30696828 -0.32513804 -0.27502464
 -0.22438436 -0.17632824 -0.13814991 -0.11108898 -0.06398907 -0.00818827
  0.04143266  0.09443395  0.14768591  0.20112253  0.21689455  0.30675116
  0.36068191  0.41484047  0.46294948  0.49893838  0.54616382  0.6001727
  0.65520823  0.710549    0.77171136  0.8104924   0.87630956  0.93173285
  0.98754663  1.04346315  1.09250558  1.1385569   1.18090259  1.22474686
  1.26983679  1.31550532  1.36289564  1.41049309  1.45919315  1.48607862
  1.48083177  1.47691034  1.47460294  1.47107937  1.46907439  1.46774255
  1.51264273  1.46733267  1.46859027  1.47013646  1.47322234  1.47666302
  1.48078047  1.48556778]
[ 0.21565446  0.0660494   0.01265972 -0.03004459 -0.07731359 -0.12727457
 -0.1851635  -0.21978403 -0.34887677 -0.32000498 -0.36514168 -0.40666153
 -0.45034233 -0.5011698  -0.54570679 -0.60140405 -0.62758173 -0.66988014
 -0.71826566 -0.76646758 -0.78190407 -0.82480584 -0.86792962 -0.90259352
 -0.92427037 -0.96322057 -1.0026899  -1.04254239 -1.08266028 -1.08831876
 -1.1158312  -1.15088115 -1.18641601 -1.19467707 -1.22553503 -1.23238781
 -1.26245585 -1.29069174 -1.2721257  -1.28037883 -1.30312233 -1.32609276
 -1.34716973 -1.32791313 -1.32146256 -1.24846248 -1.34324126 -1.37486978
 -1.33171226 -1.30602033 -1.30550243 -1.31135369 -1.29655006 -1.24522645
 -1.2415415  -1.22337358 -1.23009379 -1.31216499 -1.19161801 -1.1331506
 -1.11674357 -1.10186346 -1.08448441 -1.06536393 -1.04448201 -1.02209601
 -0.97584067 -0.91635734 -0.90210274 -0.86832362 -0.83917182 -0.80494984
 -0.77711466 -0.74497489 -0.7125561  -0.68014926 -0.64501995 -0.60890626
 -0.57179767 -0.53712126 -0.49914094 -0.45830017 -0.41841719 -0.37873783
 -0.3401871  -0.29062236 -0.25584455 -0.21309657 -0.1695933  -0.12467521
 -0.08147869 -0.16606231  0.00721043  0.05070112  0.09691662  0.11169317
  0.1479247   0.2564058   0.24542997  0.29113605  0.31451464  0.35335967
  0.40004844  0.44655217  0.41767955  0.51238532  0.54900519  0.57609139
  0.6091656   0.64025836  0.6658716   0.69644644  0.79189079  0.7652291
  0.80725202  0.81839975  0.82755141  0.85388155  0.98464036  0.92213032
  0.91935025  0.96142572  1.00454909  1.04810559  1.09500845  1.14741032
  1.22304447  1.23880377  1.28892539  1.33337365  1.38119469  1.42524826
  1.53118992  1.50992675  1.55103048  1.53254061  1.57691214  1.62127632
  1.65078112  1.72062593  1.65051615  1.6058467   1.57981539  1.56426827
  1.52926253  1.48057417  1.43143099  1.38292004  1.32996162  1.28259412
  1.23199265  1.1770226   1.12226513  1.00597199  1.01784458  0.97335554
  1.03578132  0.93618012  0.98240794  0.84921696  0.76249016  0.8163431
  0.7782613   0.74908232  0.69517154  0.65493543  0.61734138  0.58246826
  0.54725743  0.51256136  0.47931923  0.44796798  0.42163335  0.38660542
  0.33526287  0.30701228  0.26122677  0.20571281  0.16451045  0.1616827
  0.09582172  0.07617511  0.04746414  0.03858379 -0.06893222 -0.07034613
 -0.09519422 -0.14311325 -0.18267766 -0.22319686 -0.26180534 -0.29747042
 -0.30440519 -0.34724941 -0.37869198 -0.41522389 -0.45219081 -0.48969334
 -0.52234518 -0.56020517 -0.58717793 -0.63020633 -0.65960654 -0.70037938
 -0.68321778 -0.75656184 -0.7778695  -0.81050154 -0.83151091 -0.85672328
 -0.93052647 -0.96580462 -0.98678385 -1.00508812 -1.02329809 -1.04350846
 -1.05704787 -1.07253779 -1.08805721 -1.14528703 -1.1661489  -1.17695628
 -1.1822202  -1.18727017 -1.2050945  -1.21383795 -1.24906687 -1.24125034
 -1.24103191 -1.23406561 -1.28102018 -1.27824605 -1.26335716 -1.2477202
 -1.23350889 -1.2196439  -1.25442864 -1.24336821 -1.20885576 -1.19414529
 -1.21386234 -1.18414111 -1.13086118 -1.14019741 -1.14007631 -1.10614167
 -1.06884471 -1.0490763  -1.03949801 -0.99936634 -0.9184149  -0.94022109
 -0.91684251 -0.87346777 -0.82337687 -0.80547892 -0.77215063 -0.72025057
 -0.71757163 -0.65941699 -0.6093941  -0.56922452 -0.5153933  -0.56595082
 -0.43787592 -0.37830012 -0.33703276 -0.30416328 -0.25240706 -0.20088822
 -0.14615253 -0.11918467 -0.06662544 -0.01360264  0.03157417  0.08046617
  0.12489535  0.16721397  0.2507983   0.26650899  0.31999124  0.36680666
  0.42011259  0.47089255]
[ 1.91446526  1.92662847  1.92612693  1.92062423  1.86559975  1.81126711
  1.75771024  1.70495454  1.64873381  1.59341633  1.54193381  1.48545389
  1.42849378  1.37154859  1.32167343  1.27259275  1.22317203  1.16656286
  1.09388601  1.07028198  1.02518746  0.98142167  0.93357473  0.87767396
  0.83484013  0.79425124  0.75463038  0.69979385  0.65506394  0.6157326
  0.55972106  0.50712769  0.45296729  0.3989273   0.36160198  0.32133434
  0.26815169  0.21515882  0.16229759  0.10983053  0.05756164  0.00524922
 -0.04690587 -0.09880863 -0.15048552 -0.20198612 -0.25298508 -0.28135095
 -0.31426413 -0.36393318 -0.41316212 -0.4621071  -0.51037611 -0.5581858
 -0.58635968 -0.5986981  -0.65087939 -0.69566667 -0.74046699 -0.76387926
 -0.79655522 -0.81428459 -0.85522737 -0.8952887  -0.913789   -0.91121897
 -0.94721399 -0.98196384 -1.00909207 -0.99672578 -1.01242108 -1.04226953
 -1.07081564 -1.09776409 -1.10373637 -1.0761817  -1.09456745 -1.11480891
 -1.13393754 -1.15077433 -1.16610995 -1.18003043 -1.19195789 -1.19846414
 -1.21050816 -1.21713096 -1.22156193 -1.22438706 -1.2256087  -1.22261986
 -1.22127878 -1.21485687 -1.2098512  -1.20129732 -1.19123761 -1.17939149
 -1.16590184 -1.1504468  -1.13329758 -1.11415967 -1.09382001 -1.07247449
 -1.04912304 -1.04988517 -1.07049958 -1.06350845 -1.01255622 -0.98162409
 -0.9493323  -0.94909844 -0.94677041 -0.90429033 -0.87287406 -0.8510995
 -0.86298359 -0.81366306 -0.77181857 -0.73215272 -0.73152827 -0.69417253
 -0.64917599 -0.60337776 -0.58089214 -0.55626773 -0.50806891 -0.45939347
 -0.41041851 -0.36113462 -0.33812892 -0.30078021 -0.2546352  -0.19852116
 -0.14701367 -0.09531595 -0.04348885  0.00846639  0.06080074  0.11332009
  0.16601503  0.21867291  0.27163365  0.32479436  0.36709484  0.40889218
  0.4559286   0.50995594  0.56045541  0.59699643  0.65504243  0.69732531
  0.73637615  0.76909072  0.81903212  0.86191144  0.90652097  0.95763162
  1.01308225  1.05967668  1.10731981  1.15730608  1.21427927  1.26559675
  1.31781657  1.37488743  1.43206411  1.48668043  1.54696342  1.59392814
  1.64732597  1.69885645  1.75148109  1.80480457  1.85873388  1.91343055
  1.92472034  1.90477851  1.84781348  1.79318956  1.73622281  1.69571895
  1.62756245  1.57174729  1.51739315  1.45713265  1.40320516  1.34318081
  1.29262992  1.24042295  1.18754209  1.13050574  1.08028336  1.02686761
  1.00391527  0.93778614  0.89239551  0.84815419  0.80535648  0.75368826
  0.70154763  0.66103749  0.62218295  0.5778706   0.52312321  0.48537695
  0.44098133  0.38694205  0.33307264  0.29157952  0.25638542  0.20341325
  0.15060156  0.09793231  0.04545178 -0.0083623  -0.05890967 -0.1129482
 -0.16192654 -0.21334807 -0.26456622 -0.31543414 -0.36605007 -0.41605757
 -0.46584653 -0.49457944 -0.52141436 -0.5701966  -0.61644067 -0.66416281
 -0.71044756 -0.72394365 -0.75035787 -0.79440074 -0.83765501 -0.85676241
 -0.86445652 -0.90414967 -0.94325575 -0.9699854  -0.96322591 -0.99042149
 -1.02394919 -1.05691928 -1.04330049 -1.04863805 -1.07991772 -1.10362679
 -1.12897057 -1.12383541 -1.13140357 -1.11793382 -1.1376049  -1.15443469
 -1.16927032 -1.18269545 -1.19461592 -1.20404689 -1.21672486 -1.21849016
 -1.22241996 -1.22465209 -1.22537256 -1.22380469 -1.22034381 -1.21571961
 -1.20831273 -1.19926843 -1.18921609 -1.17721609 -1.14514571 -1.14661649
 -1.12936377 -1.11004537 -1.08975689 -1.07672292 -1.10388207 -1.09163213
 -1.03391451 -1.0360658  -1.00574794 -0.99301196 -1.00727914 -0.974603
 -0.93885251 -0.90527775 -0.90932405 -0.88563222 -0.84561622 -0.80450511
 -0.79015583 -0.77353707 -0.72921135 -0.69393853 -0.63867086 -0.59296913
 -0.57768585 -0.54557969 -0.4973404  -0.44857519 -0.39949155 -0.35011795
 -0.30036701 -0.27036136 -0.22915196 -0.18714673 -0.13555959 -0.08379268
 -0.03202113  0.02005314  0.0724468   0.12480765  0.1774546   0.23722136
  0.28324992  0.33638464  0.3744028   0.41396854  0.46788946  0.50613716]
[ 0.21255095  0.06341377  0.01009004 -0.03261052 -0.07988757 -0.12983661
 -0.18767396 -0.22228843 -0.35090538 -0.32244686 -0.36753018 -0.40904777
 -0.45270725 -0.50343151 -0.54792558 -0.60359625 -0.62978699 -0.67203794
 -0.72032524 -0.76846605 -0.78394937 -0.82682937 -0.86979711 -0.90442961
 -0.92612043 -0.965026   -1.00436502 -1.04410786 -1.08414953 -1.08982539
 -1.1172735  -1.15212572 -1.18758714 -1.19590328 -1.22642383 -1.23326718
 -1.26324453 -1.29138812 -1.27274742 -1.28088158 -1.30352802 -1.32639797
 -1.3473318  -1.32790179 -1.32145374 -1.24880699 -1.34302823 -1.37443677
 -1.33122383 -1.30553612 -1.30487845 -1.3106315  -1.29572008 -1.24437972
 -1.24060156 -1.22245658 -1.22898082 -1.31045983 -1.19035038 -1.13189881
 -1.11534961 -1.1003965  -1.08294601 -1.06375621 -1.04280847 -1.0203594
 -0.97412872 -0.91471945 -0.90039553 -0.86655559 -0.83735284 -0.8030261
 -0.77507019 -0.74288848 -0.71042505 -0.67796947 -0.64280451 -0.60665722
 -0.5695173  -0.53481583 -0.49682132 -0.45596113 -0.41609736 -0.37645435
 -0.33789017 -0.28832149 -0.25350962 -0.2107359  -0.16723984 -0.1223059
 -0.07910617 -0.16301153  0.00950863  0.05297389  0.09913662  0.11400234
  0.1502107   0.25835762  0.24759456  0.29319926  0.31660258  0.3554198
  0.40200269  0.44845576  0.419929    0.51421815  0.55067848  0.57781776
  0.61093732  0.64190913  0.66755556  0.69816956  0.7933109   0.76704955
  0.80912362  0.82038167  0.82974375  0.8561409   0.98644011  0.92451571
  0.92190685  0.96401875  1.00714563  1.05065496  1.09750107  1.14983105
  1.22519309  1.24085655  1.29070224  1.33489409  1.38244917  1.42608363
  1.53141301  1.51012898  1.55083064  1.5321168   1.57612068  1.62006495
  1.64919689  1.71844041  1.64846371  1.60367585  1.57760106  1.56194635
  1.52683835  1.47813097  1.42897198  1.38057147  1.32776501  1.28042175
  1.22998994  1.17506263  1.12035359  1.00461983  1.01616796  0.97172318
  1.03359951  0.93445089  0.98017691  0.84752681  0.76101434  0.8144786
  0.77642556  0.74723239  0.69337074  0.65311449  0.61553442  0.58068271
  0.5454706   0.51078052  0.47748491  0.44609073  0.41973069  0.38475845
  0.33344571  0.30513332  0.25934463  0.20392262  0.16285996  0.15982527
  0.09404121  0.07437114  0.04560741  0.0365516  -0.07059768 -0.07218988
 -0.0970812  -0.14496607 -0.18449875 -0.22498818 -0.26356485 -0.29921188
 -0.30623686 -0.34905687 -0.38046089 -0.41696092 -0.45388887 -0.49134726
 -0.52394972 -0.56178894 -0.588814   -0.63187541 -0.66122559 -0.70195015
 -0.6849699  -0.75801312 -0.77929011 -0.81189991 -0.83286404 -0.85799176
 -0.93165109 -0.96695648 -0.98787189 -1.00610845 -1.02423544 -1.04437444
 -1.0580005  -1.07346178 -1.08888558 -1.14584369 -1.16656518 -1.17739473
 -1.18268322 -1.18763748 -1.20536641 -1.21398976 -1.24915634 -1.24124096
 -1.24092757 -1.23388316 -1.28061635 -1.27783064 -1.26284989 -1.24712448
 -1.23288674 -1.21900044 -1.25352788 -1.24238932 -1.20784336 -1.19309837
 -1.21260952 -1.18284628 -1.12963699 -1.13877165 -1.13853053 -1.10455646
 -1.06721008 -1.04734004 -1.03771057 -0.99754745 -0.91677186 -0.93822607
 -0.91478702 -0.87142226 -0.82130375 -0.80328473 -0.76990839 -0.71808459
 -0.71522057 -0.65704776 -0.60706921 -0.56686674 -0.51307129 -0.56306374
 -0.435432   -0.37587441 -0.3345836  -0.30163891 -0.24987388 -0.19838088
 -0.14362429 -0.11659642 -0.06407102 -0.01105735  0.03415533  0.08307314
  0.12748328  0.16984521  0.25325871  0.26916778  0.3226583   0.36946687
  0.42276853  0.47353896]
[-1.24841587e+00 -1.26259322e+00 -1.27438857e+00 -1.27167747e+00
 -1.25277500e+00 -1.25453372e+00 -1.24746989e+00 -1.24947119e+00
 -1.24307050e+00 -1.20803076e+00 -1.20499053e+00 -1.20126204e+00
 -1.19392228e+00 -1.14753675e+00 -1.13753031e+00 -1.12594173e+00
 -1.11242503e+00 -1.09685506e+00 -1.03800719e+00 -1.06232258e+00
 -1.04163837e+00 -9.95660009e-01 -9.64090240e-01 -9.40991096e-01
 -9.16520102e-01 -8.91178859e-01 -8.64397953e-01 -8.36459234e-01
 -8.07149447e-01 -7.82339715e-01 -7.62411089e-01 -7.30715369e-01
 -6.97200568e-01 -6.63219626e-01 -6.26872199e-01 -5.92722470e-01
 -5.56436418e-01 -5.21359807e-01 -4.93622537e-01 -4.44565672e-01
 -4.17483128e-01 -3.56202611e-01 -3.45981824e-01 -3.07867579e-01
 -2.77872755e-01 -2.23305198e-01 -1.87321113e-01 -1.48369931e-01
 -1.24113100e-01 -8.18926943e-02  8.64639698e-03 -1.02224100e-03
  4.48537603e-02  7.69270494e-02  1.47875727e-01  1.65227007e-01
  2.06761178e-01  2.34651571e-01  2.82622177e-01  3.31130300e-01
  3.79896332e-01  4.20645278e-01  4.60645461e-01  4.98953207e-01
  5.44276482e-01  5.73852800e-01  6.56779959e-01  6.57256304e-01
  6.95883068e-01  7.35297767e-01  7.75425252e-01  8.16570701e-01
  8.58783656e-01  8.98276083e-01  9.06194003e-01  9.50564449e-01
  9.95637177e-01  1.04010953e+00  1.08287766e+00  1.11760483e+00
  1.17895839e+00  1.19700659e+00  1.27663016e+00  1.32520616e+00
  1.37129113e+00  1.42659323e+00  1.46390915e+00  1.51067182e+00
  1.55918241e+00  1.60926325e+00  1.63838885e+00  1.66633118e+00
  1.64125457e+00  1.63420461e+00  1.62991160e+00  1.60471925e+00
  1.58011336e+00  1.55579018e+00  1.53026041e+00  1.50458712e+00
  1.48048722e+00  1.45350462e+00  1.42746214e+00  1.40392190e+00
  1.37676627e+00  1.35369531e+00  1.31261867e+00  1.30420990e+00
  1.25792304e+00  1.17611662e+00  1.20392323e+00  1.16378236e+00
  1.12114463e+00  1.07857073e+00  1.03714555e+00  9.97330833e-01
  9.57302043e-01  9.18154625e-01  8.80450560e-01  8.35802124e-01
  7.94442427e-01  7.59135565e-01  7.17665246e-01  6.70594094e-01
  6.31090492e-01  5.93229633e-01  5.46715822e-01  5.04920915e-01
  4.68818551e-01  4.23041298e-01  3.78349644e-01  3.36553016e-01
  3.05303336e-01  2.61947507e-01  2.04803086e-01  1.68981491e-01
  1.29246598e-01  7.62415487e-02  3.34549391e-02 -9.44264474e-03
 -2.17838927e-02 -1.00146048e-01 -1.44806492e-01 -1.89099184e-01
 -2.32888609e-01 -2.76021718e-01 -3.19081309e-01 -3.62147904e-01
 -4.05148580e-01 -4.46842029e-01 -4.87966232e-01 -5.46040304e-01
 -5.68435164e-01 -6.05799516e-01 -6.38157769e-01 -6.90110686e-01
 -7.34107371e-01 -7.80415475e-01 -8.16346885e-01 -8.46053726e-01
 -8.75152968e-01 -9.08212722e-01 -9.41308962e-01 -9.51572019e-01
 -1.00800921e+00 -1.05702392e+00 -1.08234726e+00 -1.10841214e+00
 -1.13337290e+00 -1.16652635e+00 -1.16490358e+00 -1.18300181e+00
 -1.22723438e+00 -1.24368786e+00 -1.25819057e+00 -1.27087181e+00
 -1.27079926e+00 -1.30486505e+00 -1.32226662e+00 -1.32681656e+00
 -1.31930177e+00 -1.32537193e+00 -1.31160452e+00 -1.30643206e+00
 -1.29616659e+00 -1.33228530e+00 -1.32238337e+00 -1.31040272e+00
 -1.31216210e+00 -1.31750948e+00 -1.29561248e+00 -1.28074418e+00
 -1.26943953e+00 -1.26987441e+00 -1.24482164e+00 -1.21841265e+00
 -1.19573013e+00 -1.19095643e+00 -1.15979703e+00 -1.12769174e+00
 -1.09456995e+00 -1.06098390e+00 -1.05580924e+00 -1.03125129e+00
 -9.93483137e-01 -9.55200558e-01 -9.16393384e-01 -8.93234425e-01
 -8.64876901e-01 -8.29250103e-01 -7.94498640e-01 -7.56870263e-01
 -7.25146629e-01 -6.88094256e-01 -6.42903027e-01 -5.97815032e-01
 -5.64221487e-01 -5.41173787e-01 -4.86198633e-01 -4.38603983e-01
 -3.93312440e-01 -3.58227324e-01 -3.18842650e-01 -2.69733222e-01
 -2.20722426e-01]
[-1.42931049 -1.39873548 -1.37285574 -1.35246656 -1.30167063 -1.29617332
 -1.27408575 -1.21229715 -1.17077254 -1.14193132 -1.07072623 -1.06417104
 -1.035482   -0.9926506  -0.97826873 -0.93928275 -0.86237969 -0.82678614
 -0.7870924  -0.74343502 -0.68864505 -0.63846689 -0.58209064 -0.53730011
 -0.5288748  -0.46466332 -0.4103639  -0.36327247 -0.36730387 -0.27737647
 -0.23223606 -0.17320208 -0.12989284 -0.07737309 -0.02948229  0.01525322
  0.06114717  0.10528479  0.15681809  0.19801413  0.23154808  0.27025591
  0.32320381  0.36214096  0.39864657  0.43558339  0.47281044  0.50915485
  0.54131554  0.58499309  0.62971263  0.67676486  0.71530343  0.75414257
  0.79324383  0.83284243  0.86985292  0.90914819  0.99264833  1.05608548
  1.05962383  1.11040153  1.14838745  1.16937091  1.18458613  1.17801271
  1.25562705  1.25472894  1.26402479  1.30242614  1.28196675  1.33739946
  1.35078672  1.36719075  1.34613255  1.34258838  1.36124254  1.34926163
  1.34200887  1.29640478  1.33894615  1.36468685  1.31058871  1.33823012
  1.33412653  1.32737453  1.43418374  1.41406804  1.39543569  1.33771178
  1.32331637  1.27972902  1.23727682  1.18152152  1.14420312  1.10534943
  1.0589943   1.01110174  0.96328071  0.91275538]
[ 1.89547818  1.900225    1.89985     1.890075    1.83535     1.7815
  1.7280375   1.6755625   1.6198      1.564775    1.513075    1.4569125
  1.400675    1.3443625   1.294075    1.244575    1.1946375   1.13863
  1.06935516  1.0416275   0.99584125  0.95156375  0.90317625  0.84766125
  0.80390875  0.7628925   0.72164     0.66695     0.621405    0.58186375
  0.52635888  0.47376875  0.421265    0.36761625  0.32864237  0.287069
  0.23549     0.18307325  0.13040625  0.077865    0.02694587 -0.024473
 -0.07643963 -0.12817075 -0.17837875 -0.2285525  -0.2795875  -0.31065625
 -0.34544625 -0.393955   -0.44128625 -0.49012625 -0.53866625 -0.585855
 -0.61363375 -0.63008277 -0.68093875 -0.72294375 -0.76766625 -0.79387512
 -0.823015   -0.84394875 -0.88500375 -0.92504875 -0.94149375 -0.94297625
 -0.979195   -1.01451125 -1.0381875  -1.02953005 -1.0469375  -1.0726125
 -1.09895    -1.1256125  -1.129825   -1.105075   -1.1234375  -1.1432375
 -1.1587875  -1.1713625  -1.18605    -1.19925    -1.208225   -1.20981426
 -1.2204875  -1.22625    -1.2298125  -1.2306375  -1.2252125  -1.22161474
 -1.2191625  -1.2118783  -1.1993875  -1.1900375  -1.179175   -1.166275
 -1.1515125  -1.13535    -1.11753    -1.0977875  -1.07238625 -1.04862125
 -1.024485   -1.02191    -1.03678875 -1.02619073 -0.9778     -0.94670375
 -0.91431875 -0.9101875  -0.9037625  -0.86216461 -0.82999125 -0.80649125
 -0.81212114 -0.76419875 -0.722725   -0.6831175  -0.67779473 -0.64032875
 -0.5955475  -0.55015    -0.52548125 -0.49887175 -0.45134462 -0.40335125
 -0.35505187 -0.30978275 -0.28477    -0.2465925  -0.20042768 -0.14574
 -0.0973925  -0.04727375  0.00403538  0.05556025  0.10540125  0.1560725
  0.20820625  0.260475    0.31156375  0.3627175   0.404815    0.44482453
  0.49092625  0.54382875  0.5921275   0.628165    0.68309431  0.724835
  0.76359125  0.79714222  0.84483875  0.88124625  0.92540125  0.97539875
  1.0293625   1.0756375   1.123       1.173175    1.2289875   1.280375
  1.3326625   1.38875     1.44485     1.4987625   1.55791746  1.6063625
  1.6606375   1.7095625   1.75665     1.8010875   1.845925    1.8922
  1.896375    1.8729875   1.816875    1.76270482  1.7064375   1.66442006
  1.5985      1.5431625   1.48943201  1.43015     1.3771125   1.31925317
  1.2757125   1.2245125   1.1728125   1.1237875   1.0753875   1.02374731
  0.998176    0.93613     0.892015    0.84889625  0.80728625  0.75809125
  0.7070725   0.66693875  0.62928625  0.58567125  0.53166     0.49407875
  0.45086     0.39757375  0.34562875  0.3055175   0.26903     0.21682875
  0.16563625  0.11642     0.064792    0.01206996 -0.03783638 -0.09088059
 -0.13959    -0.19011587 -0.2404225  -0.290375   -0.34006    -0.38950125
 -0.438555   -0.46873125 -0.49717625 -0.54520781 -0.59110375 -0.63785673
 -0.68330625 -0.69976    -0.7279175  -0.77123875 -0.8136975  -0.8346925
 -0.848485   -0.890605   -0.929125   -0.9565875  -0.9542875  -0.98201625
 -1.015695   -1.04836    -1.0394875  -1.0484     -1.08386428 -1.107775
 -1.13285    -1.13149083 -1.13914454 -1.12992919 -1.149175   -1.171975
 -1.18705    -1.2002     -1.2117875  -1.220925   -1.23784194 -1.241425
 -1.2449375  -1.2467     -1.2468625  -1.2447375  -1.240675   -1.23900339
 -1.233925   -1.2240375  -1.212575   -1.2022125  -1.17553097 -1.1734625
 -1.155225   -1.136475   -1.118675   -1.103525   -1.123825   -1.1099125
 -1.05960911 -1.0560375  -1.024825   -1.0090875  -1.0169125  -0.98723875
 -0.9508575  -0.9162325  -0.91484875 -0.888845   -0.85099125 -0.80989625
 -0.79193    -0.77191375 -0.72950375 -0.69348356 -0.63940875 -0.59322375
 -0.57396    -0.5413875  -0.49431625 -0.4454825  -0.3963475  -0.34694
 -0.29801375 -0.2671175  -0.2251695  -0.18186    -0.13037937 -0.07913075
 -0.02879725  0.02332338  0.0755855   0.12799125  0.180515    0.23756006
  0.28464125  0.33769125  0.3772975   0.41841375  0.47106     0.51082625
  0.55579375  0.61026625  0.65073375  0.698135    0.75158625]
[ 0.26037815  0.12145523  0.06901622  0.02462951 -0.0237725  -0.07348467
 -0.13030262 -0.16765796 -0.28885049 -0.26946665 -0.31397085 -0.35687324
 -0.4020877  -0.45246153 -0.49688239 -0.5524063  -0.58206382 -0.62321691
 -0.67205841 -0.72100318 -0.73947015 -0.78168029 -0.82622942 -0.86315765
 -0.8884821  -0.92586581 -0.96594315 -1.00722455 -1.04862364 -1.05867311
 -1.08509804 -1.12201986 -1.15903319 -1.1681534  -1.19969021 -1.21111042
 -1.24290642 -1.27240875 -1.25611545 -1.26807905 -1.29285265 -1.31400556
 -1.33388982 -1.32151131 -1.31974189 -1.25865435 -1.34017706 -1.37008077
 -1.33567907 -1.31597933 -1.31609404 -1.31795059 -1.30731852 -1.26412122
 -1.26255412 -1.24273477 -1.24666466 -1.32061592 -1.21441102 -1.16311322
 -1.1416865  -1.12753967 -1.11186356 -1.09442415 -1.07239869 -1.04617584
 -1.00419457 -0.95029977 -0.93592093 -0.9044088  -0.87664036 -0.84153811
 -0.80972577 -0.77884769 -0.74755196 -0.71609746 -0.6820617  -0.64700758
 -0.61093304 -0.57503218 -0.53268198 -0.49300246 -0.45394726 -0.41492526
 -0.37685938 -0.32911882 -0.29413927 -0.25213652 -0.2093034  -0.16516991
 -0.12242775 -0.19324946 -0.03453874  0.00873095  0.05450875  0.0726532
  0.1097933   0.21104849  0.20633676  0.25214134  0.27822896  0.31700629
  0.35975809  0.40644013  0.38623301  0.47614018  0.51226495  0.53965503
  0.57466123  0.60796466  0.63299102  0.66577419  0.75389106  0.73464292
  0.77631955  0.78934473  0.80045629  0.82724694  0.94692191  0.89491457
  0.89231437  0.93000262  0.97241894  1.01443226  1.05363479  1.10472614
  1.17689001  1.19155102  1.23802869  1.28359958  1.33286083  1.3781445
  1.47942897  1.46683965  1.51042088  1.50206669  1.54830448  1.59437102
  1.62814909  1.69701688  1.64170891  1.60966514  1.59359613  1.58697717
  1.5618039   1.51906107  1.47602079  1.43336213  1.38681072  1.34120156
  1.28960748  1.23453541  1.17973621  1.06992245  1.07470461  1.02857035
  1.07793913  0.98258847  1.01725204  0.89227305  0.80962193  0.8503122
  0.81060633  0.77893983  0.72944401  0.69326099  0.65470872  0.61865483
  0.58253526  0.55294023  0.5211368   0.48893956  0.46121706  0.42596422
  0.37667886  0.34797358  0.30156125  0.24826748  0.2080289   0.20137069
  0.13790222  0.11715666  0.08573726  0.07527732 -0.02515066 -0.03000913
 -0.05570871 -0.10378844 -0.1441761  -0.18163078 -0.22117177 -0.25830124
 -0.27005643 -0.31123824 -0.34139656 -0.37899584 -0.41693341 -0.4552703
 -0.48936017 -0.52782057 -0.55665956 -0.5993219  -0.63025365 -0.67090741
 -0.66031746 -0.73004555 -0.75353828 -0.78664988 -0.80960677 -0.83625036
 -0.90527384 -0.94018762 -0.96265909 -0.98264859 -1.00246537 -1.02382694
 -1.03896932 -1.05582955 -1.07265299 -1.12610817 -1.14734609 -1.1632129
 -1.17419042 -1.18100294 -1.198623   -1.20846417 -1.24087699 -1.23561072
 -1.24100133 -1.23993565 -1.28223768 -1.28008043 -1.26743067 -1.26076823
 -1.24949309 -1.23689534 -1.26682195 -1.25608408 -1.22575377 -1.21844505
 -1.23411036 -1.20601378 -1.15678868 -1.16613793 -1.16772805 -1.13498737
 -1.09923415 -1.08474654 -1.07348493 -1.03437996 -0.95886638 -0.97651003
 -0.95604636 -0.91333721 -0.86471061 -0.84419738 -0.81358131 -0.76480447
 -0.75730074 -0.70207418 -0.65665035 -0.61573938 -0.56256876 -0.6053187
 -0.48762213 -0.42936045 -0.38794491 -0.35613668 -0.30447291 -0.25290814
 -0.20106875 -0.17204123 -0.1193455  -0.06626629 -0.02049703  0.02621205
  0.07196284  0.11573609  0.19465098  0.21358408  0.26717381  0.31517448
  0.36876404  0.41819223]
[0.84415513 0.81262246 0.78002662 0.74891445 0.70987804 0.67490965
 0.64249821 0.60871116 0.56679872 0.53067741 0.48419252 0.45138882
 0.41830883 0.3875356  0.34404259 0.30024053 0.2600051  0.21438016
 0.17807863 0.14583179 0.10514548 0.06831514]
[-0.74938107 -0.77067376 -0.79284712 -0.81627196 -0.83137971 -0.85672289
 -0.87764002 -0.90268414 -0.91338375 -0.9050722  -0.92645645 -0.94724447
 -0.96594032 -0.9647337  -0.96554712 -0.96876167 -0.9825319  -0.99471848
 -0.97510118 -0.98509469 -0.99290308 -0.9875438  -0.98522951 -0.96637519
 -0.96282371 -0.96512501 -0.96597116 -0.96552223 -0.95378968 -0.92727199
 -0.92637444 -0.92071648 -0.91359556 -0.90509416 -0.89461523 -0.88455166
 -0.8724572  -0.85996907 -0.85029135 -0.82933547 -0.81791192 -0.78910698
 -0.78421451 -0.76446863 -0.74794746 -0.71870248 -0.69721271 -0.67348557
 -0.65645254 -0.62935982 -0.57785539 -0.57419563 -0.54277572 -0.5172736
 -0.47217902 -0.45224923 -0.41960193 -0.40614893 -0.39295635 -0.35441841
 -0.3151506  -0.27943981 -0.24337352 -0.22428267 -0.2006747  -0.16755513
 -0.10797468 -0.09646048 -0.07830928 -0.03884086  0.00204669  0.04235766
  0.06662829  0.10177761  0.12826792  0.17335654  0.20692579  0.24123231
  0.28666874  0.32847849  0.38343491  0.41750284  0.46813092  0.51098905
  0.5594798   0.61260129  0.65711623  0.70621609  0.75641585  0.80749419
  0.84813479  0.88798589  0.90192213  0.9247182   0.94895233  0.9627861
  0.97148594  0.97657838  0.99068362  1.00475563  1.01782466  1.02235806
  1.03441524  1.04734385  1.05296745  1.06144453  1.06174945  1.07907108
  1.07820864  1.06341375  1.10453718  1.10773765  1.11023483  1.11392942
  1.12173779  1.12749362  1.13362008  1.14263072  1.15242051  1.15741295
  1.16251712  1.17354828  1.18018233  1.18314416  1.19036623  1.19875129
  1.20309482  1.21024615  1.19828121  1.16563156  1.11478373  1.06587823
  1.02254223  0.97339622  0.91814678  0.87219937  0.82354791  0.7684985
  0.72010438  0.67186965  0.63655078  0.57179693  0.52298995  0.47231753
  0.4253574   0.37951042  0.33411738  0.28948287  0.24535414  0.20237752
  0.160452    0.10589234  0.06840176  0.02946809 -0.00622575 -0.0543055
 -0.10382696 -0.14558584 -0.1856671  -0.22759807 -0.26913336 -0.30631477
 -0.34034913 -0.3722856  -0.42657144 -0.47755882 -0.51646686 -0.55559993
 -0.59413833 -0.63653048 -0.66185966 -0.69661977 -0.74453544 -0.77821644
 -0.81075325 -0.84226682 -0.86738096 -0.89879708 -0.92084496 -0.94715288
 -0.96734007 -0.99388791 -1.01057565 -1.01459429 -1.02324139 -1.06309315
 -1.07977901 -1.08320862 -1.08803454 -1.11073619 -1.11950617 -1.12533725
 -1.11607625 -1.12994037 -1.13450619 -1.13789869 -1.11951076 -1.11975514
 -1.11845795 -1.11569658 -1.11183869 -1.1029396  -1.08476599 -1.07475688
 -1.06517701 -1.05451714 -1.04262948 -1.03782363 -1.02950555 -1.01637044
 -1.00296076]
[-0.9258   -0.95236  -0.98853  -1.0239   -1.0583   -1.0916   -1.1238
 -1.155    -1.1851   -1.2134   -1.2404   -1.2659   -1.2824   -1.2595
 -1.2735   -1.2905   -1.3057   -1.3189   -1.3295   -1.3377   -1.3439
 -1.3478   -1.3493   -1.348    -1.3444   -1.3386   -1.3306   -1.3201
 -1.3072   -1.2923   -1.2755   -1.2569   -1.2359   -1.2134   -1.1893
 -1.1637   -1.1366   -1.108    -1.0781   -1.0472   -1.0153   -0.98209
 -0.97471  -0.95643  -0.91964  -0.88211  -0.84376  -0.80484  -0.7763
 -0.7612   -0.71978  -0.6779   -0.63565  -0.59958  -0.58014  -0.5361
 -0.49181  -0.45625  -0.4282   -0.38264  -0.33688  -0.29095  -0.25046
 -0.22002  -0.17319  -0.12625  -0.086321 -0.050161 -0.002577  0.045097
  0.084842  0.12543   0.17357   0.22177   0.27002   0.31831   0.36398
  0.40275   0.45137   0.50002   0.54869   0.59885   0.65637   0.70594
  0.75453   0.80315   0.85179   0.90046   0.94915   0.99786   1.0466
  1.0953    1.1441    1.1929    1.2417    1.2897    1.3314    1.3792
  1.4248    1.4679    1.5118    1.5566    1.6021    1.6263    1.6319
  1.6794    1.6836    1.6829    1.6828    1.6832    1.6844    1.6862
  1.6638    1.6283    1.6318    1.5896    1.5453    1.5018    1.4589
  1.4169    1.3692    1.3249    1.2845    1.2449    1.1964    1.148
  1.0995    1.0511    1.0027    0.95438   0.90606   0.85777   0.80951
  0.7613    0.71313   0.65949   0.60279   0.55451   0.50627   0.45807
  0.40991   0.3618    0.31374   0.26573   0.22492   0.18638   0.13885
  0.091411  0.044049 -0.003235 -0.050435 -0.097535 -0.13006  -0.17034
 -0.21666  -0.26284  -0.30884  -0.35468  -0.39029  -0.41998  -0.46467
 -0.50907  -0.55323  -0.5877   -0.60969  -0.65216  -0.69422  -0.73589
 -0.76909  -0.78089  -0.82008  -0.85869  -0.8967   -0.93407  -0.97065
 -1.0063   -1.0411   -1.075    -1.108    -1.1396   -1.1701   -1.1785
 -1.1739   -1.1991   -1.2224   -1.2441   -1.2642   -1.2825   -1.2985
 -1.3124   -1.3242   -1.3339   -1.3415   -1.3462   -1.3486   -1.3487
 -1.3467   -1.3421   -1.3348   -1.3253   -1.3138   -1.3003   -1.2843
 -1.2662   -1.2464   -1.225    -1.2018   -1.1767   -1.177    -1.1734
 -1.1432   -1.1115   -1.0787   -1.0449   -1.0102   -0.97471  -0.93814
 -0.90087  -0.87628  -0.86258  -0.82243  -0.78168  -0.74049  -0.69888
 -0.65823  -0.63999  -0.60198  -0.55812  -0.514    -0.46962  -0.44398
 -0.40542  -0.35977  -0.31396  -0.26795  -0.23572  -0.1966   -0.14974
 -0.10277  -0.055669 -0.008481  0.032792  0.068951  0.11672   0.16456
  0.21245   0.2604    0.3084    0.35646   0.39627   0.43921   0.48763
  0.53608   0.58458   0.63963   0.69409   0.74247   0.79089   0.83934
  0.88782   0.93632 ]
