[ 0.39230465  0.34678915  0.29506209  0.25359782  0.21664647  0.1689941
  0.11726844  0.08152717  0.04568686 -0.00329894 -0.05183149 -0.10006148
 -0.14681574 -0.18011033 -0.19601523 -0.24291961 -0.28814871 -0.33293373
 -0.37736067 -0.42113463 -0.46436045 -0.49691372 -0.53155299 -0.57255352
 -0.61267352 -0.6520757  -0.68636506 -0.70989951 -0.74523791 -0.78073542
 -0.81302101 -0.83284865 -0.89219118 -0.92322034 -0.93638045 -0.96534503
 -0.99263823 -1.01374077 -1.0191457  -1.03997036 -1.05224571 -1.08700793
 -1.11395147 -1.1305875  -1.14282985 -1.15937966 -1.1486344  -1.16866989
 -1.20033793 -1.20750432 -1.21146103 -1.21368893 -1.22804643 -1.25650201
 -1.25302851 -1.24756074 -1.23878103 -1.23929809 -1.26058815 -1.24960562
 -1.23456279 -1.22899533 -1.23517359 -1.21882192 -1.1963151  -1.18634091
 -1.18477764 -1.15746244 -1.12841988 -1.12471788 -1.13131825 -1.09802621
 -1.06310616 -1.04435805 -1.02058612 -1.00271636 -0.97093854 -0.95087868
 -0.91545602 -0.89399947 -0.87873974 -0.83417783 -0.78842553 -0.7606404
 -0.73954256 -0.69244233 -0.64243413 -0.60089533 -0.567759   -0.5313314
 -0.48108191 -0.42950707 -0.3844276  -0.35522715 -0.30651833 -0.25334756
 -0.20490602 -0.15985333 -0.1057781  -0.06004312 -0.00925033  0.043547
  0.08585111  0.13108943  0.18899506  0.23935545  0.28925058  0.34538312
  0.39642913  0.45006907  0.50661904  0.56323443  0.61988942  0.66923864
  0.72683855  0.77591841  0.8297775   0.88537415  0.93542801  0.99078248
  1.04139307  1.09222481  1.14417747  1.19621242  1.24537836  1.29828899
  1.3503867   1.40454134  1.45466797  1.47440504  1.52704909  1.58487102
  1.60930873  1.59202079  1.61555952  1.64022833  1.63770164  1.65828618
  1.65634163  1.64974414  1.64481873  1.63713158  1.61115774  1.39464489
  1.36149487  1.32881431  1.29730183  1.27338451  1.21982317  1.17157482
  1.14827464  1.11497192  1.05797113  1.02257135  0.99957399  0.96568583
  0.91788509  0.86335512  0.80514099  0.75363562  0.7085267   0.6540174
  0.59613145  0.54601703  0.51021526  0.4489746   0.39176275  0.35119831
  0.30655186  0.25079284  0.19387392  0.1428847   0.09035897  0.03464233
 -0.01881211 -0.05387989 -0.09489922 -0.14941145 -0.20365319 -0.25171767
 -0.30019846 -0.35346364 -0.40644974 -0.45899097 -0.49747803 -0.52398657
 -0.56809704 -0.61867846 -0.66501243 -0.70259782 -0.75183532 -0.79758689
 -0.81377511 -0.8400262  -0.88191609 -0.90712303 -0.95177426 -0.99367058
 -1.01199023 -1.01270198 -1.04843743 -1.08607736 -1.12226293 -1.13205401
 -1.13389749 -1.15037546 -1.16031299 -1.17985899 -1.20613674 -1.21447116
 -1.22326907 -1.24617655 -1.26537573 -1.26907265 -1.2694746  -1.26114466
 -1.24410793 -1.23612624 -1.22245521 -1.22716708 -1.23051214 -1.23122413
 -1.22572052 -1.19755333 -1.19326731 -1.18648643 -1.17745206 -1.13854519
 -1.1275045  -1.11400369 -1.09904842 -1.0820167  -1.06385424 -1.04399188
 -1.02261937 -0.98005179 -0.96296072 -0.96534283 -0.9499751  -0.92257362
 -0.89320569 -0.86254172 -0.83036012 -0.79751948 -0.76367524 -0.72865739
 -0.71298284 -0.70050526 -0.66365932 -0.62472053 -0.58439763 -0.54350234
 -0.50155112 -0.4624549  -0.44043712 -0.41324762 -0.36819157 -0.32263536
 -0.27683923 -0.23695143 -0.20839268]
[-0.82201767 -0.85862931 -0.89786642 -0.9264612  -0.97462898 -0.93285155
 -0.96500719 -0.98406771]
[0.60132984 0.60939693 0.6303719  0.6417404  0.638151   0.64306396
 0.65009224 0.6524003 ]
[ 1.59427233  1.58648818  1.57836873  1.55705166  1.50761228  1.49353879
  1.43448964  1.38864431  1.32820241  1.27265795  1.22635945  1.17665685
  1.12235829  1.09113255  1.01007578  0.96039295  0.89748971  0.85762277
  0.79685935  0.74400483  0.69451435  0.63862704  0.58920938  0.5343418
  0.48813443  0.44021264  0.3856094   0.33452557  0.28554788  0.25077556
  0.20849479  0.13549544  0.08153219  0.03322771 -0.00687766 -0.05525331
 -0.09776689 -0.15105015 -0.19737864 -0.24784714 -0.29676991 -0.33577281
 -0.38111893 -0.44142351 -0.49137403 -0.51105418 -0.55458186 -0.59665219
 -0.63851069 -0.68427396 -0.70752113 -0.74983702 -0.79118919 -0.83455347
 -0.85127383 -0.89539319 -0.9163573  -0.95199069 -0.96570874 -0.99847349
 -1.02432203 -1.05491208 -1.09325845 -1.09400943 -1.10787711 -1.12580702
 -1.14389383 -1.16840091 -1.17261728 -1.15561224 -1.18428016 -1.21293817
 -1.19859413 -1.20406069 -1.20861637 -1.21038386 -1.20890723 -1.20610954
 -1.19919565 -1.20386135 -1.22382787 -1.22421871 -1.22847289 -1.17784366
 -1.17712231 -1.17146796 -1.14586134 -1.12530023 -1.11290317 -1.10262619
 -1.10009775 -1.07605137 -1.05382585 -1.00313185 -0.98519703 -0.96795319
 -0.94649589 -0.92934839 -0.90862569 -0.88580862 -0.84472821 -0.78735515
 -0.77150787 -0.74886581 -0.73095098 -0.70061513 -0.66804421 -0.63810457
 -0.60393704 -0.57056283 -0.54689915 -0.51363816 -0.47190035 -0.43587627
 -0.41112224 -0.36857876 -0.3112918  -0.28674612 -0.25728464 -0.21165839
 -0.16868191 -0.13531783 -0.1010339  -0.0635366  -0.01681564  0.02932847
  0.07527778  0.1002709   0.14630804  0.16799531  0.20581684  0.26314757
  0.30666934  0.36691356  0.39809269  0.46326469  0.49224441  0.5466424
  0.57449518  0.61473575  0.67149551  0.71045426  0.74260593  0.77842914
  0.8068978   0.83447123  0.86224059  0.88329634  0.91023782  0.9273348
  0.92763147  0.94757757  0.9705149   0.97351268  0.99058323  1.01755384
  1.05173429  1.08074752  1.12088189  1.11748838  1.17715391  1.20658834
  1.2532694   1.28862267  1.33055892  1.36075223  1.39457523  1.42830415
  1.46414572  1.48417332  1.49497141  1.534221    1.56123368  1.56621825
  1.56247155  1.53588102  1.48687399  1.47041397  1.3990017   1.35402406
  1.30597172  1.24920214  1.20198149]
[ 3.02796496e-01  2.53030566e-01  2.05755915e-01  1.67555535e-01
  1.43464375e-01  9.74891635e-02  4.76725021e-02  2.26878300e-02
 -1.76061637e-03 -4.82298831e-02 -9.41582681e-02 -1.39647135e-01
 -1.80036029e-01 -2.20524101e-01 -2.20074624e-01 -2.65629057e-01
 -3.05178345e-01 -3.44315334e-01 -3.84872973e-01 -4.24506833e-01
 -4.63433943e-01 -5.00194220e-01 -5.36223026e-01 -5.72630992e-01
 -6.07997851e-01 -6.42467036e-01 -6.74300914e-01 -7.05774557e-01
 -7.35280290e-01 -7.66910653e-01 -7.95756115e-01 -8.25366108e-01
 -9.01453013e-01 -9.44019922e-01 -9.59875897e-01 -9.83326163e-01
 -1.00702570e+00 -1.02432788e+00 -1.03757154e+00 -1.05719643e+00
 -1.07238915e+00 -1.13883110e+00 -1.16544827e+00 -1.17612319e+00
 -1.18225457e+00 -1.19243749e+00 -1.19412021e+00 -1.22484697e+00
 -1.26930610e+00 -1.27397905e+00 -1.27133995e+00 -1.26118802e+00
 -1.27944007e+00 -1.32061857e+00 -1.31340364e+00 -1.29762321e+00
 -1.28178124e+00 -1.28460347e+00 -1.31570865e+00 -1.29854021e+00
 -1.27823534e+00 -1.27089234e+00 -1.28863961e+00 -1.26470115e+00
 -1.23517042e+00 -1.22296491e+00 -1.23334385e+00 -1.19894139e+00
 -1.16286321e+00 -1.15257186e+00 -1.14841307e+00 -1.10771585e+00
 -1.06643342e+00 -1.05235423e+00 -1.03065513e+00 -9.89400334e-01
 -9.46233079e-01 -9.29661678e-01 -8.89936481e-01 -8.58627219e-01
 -8.42176184e-01 -7.92729309e-01 -7.42111566e-01 -7.03573622e-01
 -6.78101812e-01 -6.26567341e-01 -5.72442970e-01 -5.21002835e-01
 -4.74082678e-01 -4.43248702e-01 -3.89129174e-01 -3.35005996e-01
 -2.90317218e-01 -2.52711743e-01 -1.97055093e-01 -1.40796817e-01
 -9.16383309e-02 -5.02479741e-02  4.06565104e-03  5.01676137e-02
  1.01484651e-01  1.55623288e-01  1.99054376e-01  2.48788277e-01
  3.16430547e-01  3.67506494e-01  4.23822595e-01  4.74896291e-01
  5.22961552e-01  5.79750365e-01  6.38922552e-01  7.01685908e-01
  7.57266947e-01  8.07018374e-01  8.65200257e-01  9.22890644e-01
  9.82811636e-01  1.04247445e+00  1.09903069e+00  1.15508028e+00
  1.20984363e+00  1.26786765e+00  1.32333607e+00  1.38427635e+00
  1.43566266e+00  1.49595970e+00  1.55303502e+00  1.60956911e+00
  1.65515843e+00  1.65536071e+00  1.70862504e+00  1.76863369e+00
  1.76495361e+00  1.71442375e+00  1.71409094e+00  1.71847205e+00
  1.67762478e+00  1.67803594e+00  1.64138342e+00  1.59655979e+00
  1.55372761e+00  1.50916421e+00  1.46279667e+00  1.38624807e+00
  1.33394018e+00  1.28687450e+00  1.22941029e+00  1.19109951e+00
  1.14004071e+00  1.08794002e+00  1.04083149e+00  9.90637498e-01
  9.33892554e-01  8.94627782e-01  8.43330091e-01  7.95374349e-01
  7.46810815e-01  6.95185830e-01  6.42072152e-01  5.88907643e-01
  5.46226977e-01  4.93933120e-01  4.40798984e-01  3.89241212e-01
  3.53167402e-01  2.94691877e-01  2.41940642e-01  2.01217958e-01
  1.51493511e-01  9.43835989e-02  3.61344866e-02  3.64055774e-03
 -4.36793011e-02 -9.54386782e-02 -1.46843164e-01 -1.85941280e-01
 -2.30764138e-01 -2.83713626e-01 -3.32022353e-01 -3.72874631e-01
 -4.15604482e-01 -4.66549884e-01 -5.14254182e-01 -5.68121789e-01
 -6.03334793e-01 -6.36125988e-01 -6.84756560e-01 -7.29285962e-01
 -7.73303746e-01 -7.99953853e-01 -8.46591184e-01 -8.87970461e-01
 -9.04619322e-01 -9.47239527e-01 -9.88383367e-01 -9.99588711e-01
 -1.05200216e+00 -1.08230656e+00 -1.11825033e+00 -1.12498424e+00
 -1.15852593e+00 -1.19074989e+00 -1.22417253e+00 -1.22504105e+00
 -1.24286748e+00 -1.27240489e+00 -1.26174579e+00 -1.28004345e+00
 -1.30409574e+00 -1.29933087e+00 -1.29760048e+00 -1.31773661e+00
 -1.33402181e+00 -1.32595109e+00 -1.30590633e+00 -1.31743205e+00
 -1.31286571e+00 -1.30936115e+00 -1.28081331e+00 -1.27979219e+00
 -1.27866018e+00 -1.27631762e+00 -1.26353454e+00 -1.21487355e+00
 -1.20688991e+00 -1.19660839e+00 -1.18282446e+00 -1.12185706e+00
 -1.10864356e+00 -1.09054982e+00 -1.07662317e+00 -1.05201087e+00
 -1.03056177e+00 -1.00771064e+00 -9.83440026e-01 -9.25260688e-01
 -8.93832238e-01 -8.66942852e-01 -8.37004592e-01 -8.12871661e-01
 -7.78993932e-01 -7.48965992e-01 -7.15687934e-01 -6.82791690e-01
 -6.48002571e-01 -6.12645031e-01 -5.81515954e-01 -5.46470191e-01
 -5.09051590e-01 -4.69950831e-01 -4.31982311e-01 -3.92372925e-01
 -3.53639172e-01 -3.12165984e-01 -2.75212780e-01 -2.35529348e-01
 -1.92390440e-01 -1.52661702e-01 -1.04457365e-01 -6.41208382e-02
 -2.29136570e-02]
[0.60132984 0.60939693 0.6303719  0.6417404  0.638151   0.64306395
 0.65009223 0.6524003 ]
[ 2.66967388e-01  2.89806105e-01  3.08639592e-01  3.26895949e-01
  3.23539767e-01  3.24378761e-01  3.13564988e-01  3.23016519e-01
  3.22138610e-01  3.26842195e-01  3.35974232e-01  3.43155173e-01
  3.64346671e-01  3.66420673e-01  3.72379474e-01  3.76546860e-01
  3.83543373e-01  3.80754679e-01  3.87723624e-01  4.12837207e-01
  4.09184827e-01  4.31146518e-01  4.46838106e-01  4.54562901e-01
  4.54146637e-01  4.62469938e-01  4.74942411e-01  4.86761341e-01
  4.89442429e-01  4.93813192e-01  5.00162249e-01  5.05624929e-01
  5.11247393e-01  5.21729049e-01  5.34267424e-01  5.43759654e-01
  5.52885500e-01  5.60007076e-01  5.71053207e-01  5.51622045e-01
  5.57253565e-01  5.64104527e-01  5.69992354e-01  5.70803586e-01
  5.55307756e-01  5.41738237e-01  5.32600627e-01  5.18777818e-01
  5.06996608e-01  4.93461190e-01  4.82445646e-01  4.76496253e-01
  4.61456833e-01  4.47910289e-01  4.47595086e-01  4.33956026e-01
  4.23277987e-01  4.71527596e-01  5.38291896e-01  5.24254428e-01
  5.09750782e-01  4.69540051e-01  4.60960799e-01  4.29711094e-01
  3.98080716e-01  3.46092962e-01  3.44862198e-01  3.09284218e-01
  2.78384582e-01  2.58061075e-01  2.35809224e-01  1.97638837e-01
  1.83351289e-01  1.71449019e-01  1.49581944e-01  1.28417666e-01
  1.00726642e-01  6.58188170e-02  3.64500492e-02  5.65895459e-04
 -1.64456417e-02 -3.77899867e-02 -6.94322274e-02 -9.19264245e-02
 -1.17941601e-01 -1.36934077e-01 -1.60603737e-01 -1.79086898e-01
 -1.96727893e-01 -2.15094563e-01 -2.37557744e-01 -2.56682656e-01
 -2.78144204e-01 -2.90652205e-01 -3.07790589e-01 -3.20566432e-01
 -3.33838041e-01 -3.48252163e-01 -3.64349846e-01 -3.78418221e-01
 -3.95309084e-01 -4.07909003e-01 -4.20186110e-01 -4.44063956e-01
 -4.49565586e-01 -4.57255362e-01 -4.67063243e-01 -4.80691713e-01
 -4.89535626e-01 -5.15363602e-01 -5.15980284e-01 -5.16752817e-01
 -5.44065004e-01 -5.30975501e-01]
[-0.00853218 -0.06084531 -0.11325438 -0.13273037 -0.21483707 -0.26630327
 -0.31327155 -0.33665865 -0.37034227 -0.41966663 -0.46146964 -0.51722165
 -0.61504078 -0.60564331 -0.61846325 -0.64683807 -0.69163038 -0.73570564
 -0.77954667 -0.74954171 -0.85587691 -0.85877295 -0.87891074 -0.91737233
 -0.95456201 -0.99128043 -0.98306688 -1.02465734 -1.01377682 -1.04631766
 -1.06476005 -1.10329749 -1.13156734 -1.10745465 -1.09555554 -1.14119382
 -1.13533204 -1.15327952 -1.16805417 -1.18261502 -1.20137001 -1.20675748
 -1.21655494 -1.19224688 -1.14419108 -1.13824768 -1.1383257  -1.13840734
 -1.13777952 -1.13342283 -1.12667097 -1.11847468 -1.10893992 -1.1006886
 -1.08657934 -1.07106821 -1.05445937 -1.06765346 -1.10039456 -1.08285584
 -1.14106289 -1.0337874  -1.00961277 -0.98103303 -0.98025539 -0.99502603
 -0.96702977 -1.01840545 -0.84002711 -0.86227988 -0.82714039 -0.81513093
 -0.81392331 -0.7753995  -0.73459181 -0.69232425 -0.66466245 -0.6554006
 -0.66517388 -0.5249848  -0.52879065 -0.48816802 -0.46869201 -0.43513994
 -0.42107055 -0.33640353 -0.28573656 -0.23496017 -0.18443418 -0.15815905
 -0.09440626 -0.0653141   0.02153392  0.03404579  0.08686432  0.13934975
  0.19157695  0.28847055  0.29661643  0.34882267  0.40175657  0.45500243
  0.50180452  0.57743558  0.58436664  0.63863093  0.69245565  0.74701832
  0.79012097  0.84324044  0.91054523  0.96554612  1.0205642   1.07534884
  1.12821254  1.16953478  1.21193917  1.25548532  1.29993578  1.34511945
  1.39154239  1.43877171  1.48717972  1.51373395  1.51070494  1.45909034
  1.50629807  1.50564372  1.5049021   1.50250408  1.50340096  1.50553248
  1.50199493  1.50200021  1.50339145  1.50516694  1.50532988  1.50816035
  1.50990876  1.50838029  1.56596613  1.56134451  1.56067277  1.51586729
  1.47295856  1.46190572  1.43486477  1.39066307  1.34661768  1.30269353
  1.25649976  1.21041061  1.16348774  1.11701737  1.08572251  1.02503678
  0.97884702  0.97354924  0.79306217  0.8388106   0.79237559  0.7727746
  0.69930719  0.65254012  0.60695738  0.56024412  0.51336272  0.46750516
  0.42137703  0.3755618   0.32938867  0.37945717  0.24605816  0.19975978
  0.15353592  0.10852885  0.07139732  0.0289602  -0.01663274 -0.06151936
 -0.10034397 -0.22829829 -0.18280935 -0.22736937 -0.28612486 -0.31200167
 -0.34154238 -0.38520718 -0.42833882 -0.39933814 -0.51341245 -0.54081184
 -0.57636892 -0.61730495 -0.65827018 -0.69745522 -0.73797125 -0.77843571
 -0.7933305  -0.85381626 -0.89215341 -0.93019577 -0.96768558 -1.00222979
 -1.03675228 -1.07090279 -1.10371229 -1.13614133 -1.16812072 -1.19757688
 -1.20646257 -1.21730839 -1.24283476 -1.26554863 -1.28609968 -1.30571518
 -1.32330149 -1.3383439  -1.35054696 -1.36233783 -1.37102854 -1.4041799
 -1.38085876 -1.3802377  -1.37897647 -1.37486408 -1.36809413 -1.35600718
 -1.3440181  -1.33053428 -1.31407061 -1.2954542  -1.27487018 -1.25236258
 -1.23861544 -1.20045967 -1.17313431 -1.14526892 -1.11550366 -1.08426505
 -1.05204792 -1.01854889 -0.98432917 -0.94900771 -0.91322841 -0.8763002
 -0.78724933 -0.75542963 -0.76700624 -0.74986078 -0.70938454 -0.66844698
 -0.62706201 -0.58573145 -0.54503702 -0.5029381 ]
[ 1.60522111  1.61852696  1.62296693  1.61061093  1.59327317  1.56286535
  1.53071914  1.49940325  1.4662357   1.4425851   1.40869494  1.37576016
  1.34645541  1.31520556  1.28490613  1.25462138  1.22057823  1.19899827
  1.16440596  1.13602335  1.10578115  1.1497623   1.11861393  1.08756618
  1.03348089  1.00624642  0.9644103   0.91838323  0.86643915  0.81474232
  0.76883793  0.72311581  0.6782191   0.62516872  0.57954741  0.53320861
  0.47993731  0.4325052   0.38578008  0.34195152  0.28274877  0.24558428
  0.19829511  0.15519206  0.1110235   0.06208116  0.02021727 -0.03393824
 -0.07698328 -0.12021236 -0.16390439 -0.21287513 -0.25353598 -0.29488055
 -0.34131243 -0.38562391 -0.42997255 -0.4746897  -0.50875982 -0.54996175
 -0.5938811  -0.64078388 -0.67240367 -0.70755822 -0.74228438 -0.78762447
 -0.81725193 -0.85602883 -0.89171428 -0.92185362 -0.95183087 -0.98932219
 -1.02184924 -1.05293636 -1.06846497 -1.10156859 -1.13045002 -1.15347523
 -1.181924   -1.20727603 -1.21538935 -1.22559477 -1.24818541 -1.25422737
 -1.27214561 -1.28812335 -1.30161315 -1.29695594 -1.29039841 -1.29460538
 -1.30062083 -1.29022    -1.29086627 -1.28729844 -1.277299   -1.25105596
 -1.24260212 -1.22701771 -1.21354404 -1.19631464 -1.19722408 -1.16677922
 -1.13843099 -1.10854171 -1.09816486 -1.06496026 -1.03353404 -1.011344
 -0.98907139 -0.9616705  -0.93625834 -0.8923995  -0.86741168 -0.84162053
 -0.80860769 -0.76092249 -0.72811929 -0.69832974 -0.66515528 -0.62995576
 -0.59196407 -0.56102378 -0.52679369 -0.47703142 -0.43264396 -0.39860879
 -0.36277527 -0.32563239 -0.29627121 -0.25507695 -0.21699314 -0.17091684
 -0.13328998 -0.08247881 -0.04781883 -0.0096419   0.03307715  0.07044163
  0.11253164  0.1619446 ]
[ 1.92465283e+00  1.93199817e+00  1.94400518e+00  1.92614453e+00
  1.86199494e+00  1.80769960e+00  1.75481149e+00  1.70138130e+00
  1.64512783e+00  1.58978286e+00  1.53846539e+00  1.48190921e+00
  1.42493163e+00  1.39547479e+00  1.31756790e+00  1.27121199e+00
  1.21939126e+00  1.17617752e+00  1.11251788e+00  1.06610725e+00
  1.02091113e+00  9.76079057e-01  9.29190084e-01  8.73317317e-01
  8.30493730e-01  7.89975301e-01  7.50183314e-01  6.95166391e-01
  6.50414476e-01  6.11102592e-01  5.80228650e-01  5.02579514e-01
  4.54464843e-01  3.94648294e-01  3.57279913e-01  3.17062116e-01
  2.63879299e-01  2.23702641e-01  1.56964110e-01  1.05501685e-01
  5.30747219e-02  8.11937528e-04 -5.10684271e-02 -1.15479925e-01
 -1.54577973e-01 -2.06045294e-01 -2.56911929e-01 -2.85544202e-01
 -3.18968186e-01 -3.67962167e-01 -4.16924243e-01 -4.84461343e-01
 -5.14336172e-01 -5.62326278e-01 -5.90108819e-01 -6.24757193e-01
 -6.54721720e-01 -6.99170133e-01 -7.36248702e-01 -7.84198653e-01
 -8.00359979e-01 -8.18289668e-01 -8.61877883e-01 -9.14507583e-01
 -9.17313743e-01 -9.14612008e-01 -9.50343979e-01 -9.85532740e-01
 -1.01256334e+00 -9.83614009e-01 -1.01536361e+00 -1.04484719e+00
 -1.07229855e+00 -1.10006640e+00 -1.12000983e+00 -1.07769231e+00
 -1.07016323e+00 -1.11604798e+00 -1.13504111e+00 -1.15136895e+00
 -1.17951004e+00 -1.18817108e+00 -1.22654401e+00 -1.20183859e+00
 -1.21265414e+00 -1.21632092e+00 -1.22140673e+00 -1.21510770e+00
 -1.22446993e+00 -1.22288834e+00 -1.22750781e+00 -1.21506072e+00
 -1.20790104e+00 -1.19911827e+00 -1.18192433e+00 -1.17019504e+00
 -1.16279007e+00 -1.14731526e+00 -1.13014298e+00 -1.11317343e+00
 -1.09046077e+00 -1.06168449e+00 -1.04503044e+00 -1.04881906e+00
 -1.06602298e+00 -1.03729961e+00 -1.00925449e+00 -9.76452769e-01
 -9.44644669e-01 -9.44226107e-01 -9.41149943e-01 -9.07595045e-01
 -8.68046605e-01 -8.45364521e-01 -8.47174366e-01 -8.07386413e-01
 -7.41836269e-01 -7.26387238e-01 -7.18659129e-01 -6.77849393e-01
 -6.43101632e-01 -5.97199375e-01 -5.78555301e-01 -5.50264978e-01
 -5.02201272e-01 -4.53706001e-01 -3.95556133e-01 -3.90255358e-01
 -3.32938240e-01 -2.97960514e-01 -2.44837519e-01 -1.93741322e-01
 -1.49760863e-01 -9.09493368e-02 -3.91809800e-02  4.01985015e-02
  6.49734043e-02  1.17166702e-01  1.64964289e-01  2.21916389e-01
  2.75005786e-01  3.27594934e-01  3.69265066e-01  3.98575294e-01
  4.47493040e-01  5.15411118e-01  5.63554554e-01  6.00003771e-01
  6.49610365e-01  7.00437543e-01  7.52487710e-01  7.80344382e-01
  8.22074505e-01  8.64769085e-01  9.09048847e-01  9.60427263e-01
  1.01871964e+00  1.06221809e+00  1.12284602e+00  1.11951953e+00
  1.22133086e+00  1.25492354e+00  1.31731579e+00  1.37344095e+00
  1.43008404e+00  1.48343912e+00  1.53361947e+00  1.58967651e+00
  1.64309095e+00  1.71480406e+00  1.74735219e+00  1.80087996e+00
  1.87117656e+00  1.90952560e+00  1.92098828e+00  1.89589747e+00
  1.84741634e+00  1.79083143e+00  1.71166101e+00  1.68055927e+00
  1.62492065e+00  1.55968417e+00  1.51253328e+00  1.45530980e+00
  1.40140387e+00  1.34853353e+00  1.29138087e+00  1.22952595e+00
  1.18563222e+00  1.13018847e+00  1.08044398e+00  1.03079010e+00
  9.92089925e-01  9.09615222e-01  8.91920441e-01  8.47540996e-01
  8.04858937e-01  7.61199001e-01  7.01313629e-01  6.59349334e-01
  6.22192311e-01  5.77738719e-01  5.22889651e-01  4.91631441e-01
  4.41067667e-01  3.73917177e-01  3.53877173e-01  2.92145411e-01
  2.58059462e-01  2.04282054e-01  1.52100022e-01  8.02212723e-02
  4.68016586e-02  4.31448541e-03 -6.68053263e-02 -1.09204766e-01
 -1.60134040e-01 -2.12100209e-01 -2.63068647e-01 -3.13904120e-01
 -3.64445699e-01 -4.17811384e-01 -4.64560380e-01 -4.93295353e-01
 -5.19976518e-01]
[ 1.60522106  1.61852691  1.62296688  1.61061088  1.59327312  1.56286531
  1.53071909  1.49940321  1.46623566  1.47530437  1.40869491  1.34499459
  1.35051713  1.31520552  1.2849061   1.25462135  1.22057821  1.19899824
  1.16440594  1.13602332  1.10578112  1.14976228  1.11861391  1.08756616
  1.03348087  1.0062464   0.96620573  0.91838322  0.86643914  0.81474232
  0.76883792  0.72311581  0.67821931  0.62516865  0.57954742  0.50376704
  0.47993732  0.43250521  0.38578009  0.34195154  0.28274879  0.24558431
  0.09005944  0.15519209  0.11102353  0.06208119  0.0202173  -0.03393821
 -0.01899161 -0.12021233 -0.16390436 -0.2128751  -0.25353595 -0.21663173
 -0.3413124  -0.38562388 -0.42997252 -0.47468966 -0.57769862 -0.58725467
 -0.59388106 -0.64078453 -0.67240364 -0.70755819 -0.75369893 -0.78762443
 -0.81725172 -0.8560288  -0.89171425 -0.92185358 -0.85590615 -0.92069711
 -1.02184921 -1.05293633 -1.06846502 -1.10156855 -1.1500562  -1.15347519
 -1.18192396 -1.20727599 -1.22255323 -1.22559474 -1.24818538 -1.25422734
 -1.27214558 -1.28812332 -1.30161312 -1.28071128 -1.29039838 -1.29460535
 -1.3006208  -1.29021997 -1.29086624 -1.28729842 -1.19912861 -1.25105594
 -1.2426021  -1.2746733  -1.21354402 -1.19631382 -1.19722406 -1.1667792
 -1.13843098 -1.10854169 -1.15043367 -1.06496025 -1.0062157  -1.01134399
 -0.98907139 -0.96167049 -0.93625833 -0.8923995  -0.85888869 -0.84162053
 -0.80860769 -0.76092249 -0.78691728 -0.69832974 -0.66515529 -0.62995582
 -0.5919636  -0.5610238  -0.5267937  -0.47703143 -0.43264397 -0.3986088
 -0.36277529 -0.3256324  -0.29627122 -0.25507697 -0.22230601 -0.17091657
 -0.13329    -0.08247883 -0.04781885 -0.00964193  0.03307712  0.0704416
  0.11253162  0.16194457]
[ 0.15310804  0.17801151  0.19925518  0.18564288  0.17939287  0.16890802
  0.16019162  0.1547391   0.15211456  0.15292494  0.14944257  0.14796247
  0.1483151   0.15999899  0.12643147  0.14486423  0.1466745   0.14314431
  0.14466845  0.1508591   0.15146854  0.15809269  0.17690541  0.17526882
  0.17095576  0.19873544  0.19076835  0.20640413  0.19627538  0.19841977
  0.20227687  0.20543449  0.24266432  0.21433887  0.23658935  0.24387881
  0.24789987  0.2548855   0.26140452  0.24978922  0.25191377  0.29056077
  0.26532695  0.26312934  0.27522819  0.25540204  0.27364723  0.24436431
  0.24097155  0.22525201  0.22802496  0.22983745  0.22071533  0.19972842
  0.2006899   0.21478463  0.2134718   0.32473952  0.30195751  0.29688928
  0.28812163  0.26964714  0.25362995  0.22082564  0.21146114  0.18917973
  0.17480955  0.1588122   0.14147482  0.13730059  0.17267974  0.10009005
  0.079867    0.10653407  0.09375659  0.08855579  0.07688813  0.04763148
  0.03144145  0.00761172  0.00480488 -0.00446745 -0.02521379 -0.03578842
 -0.04629614 -0.05377028 -0.06396641 -0.07277308 -0.07532314 -0.08460585
 -0.09673922 -0.10562328 -0.11468415 -0.1180755  -0.12545984 -0.13218879
 -0.13894306 -0.14400693 -0.15217697 -0.16295058 -0.16952037 -0.1763635
 -0.18473973 -0.20028475 -0.22152305 -0.20222258 -0.20104529 -0.21300289
 -0.21450459 -0.21813929 -0.25344084 -0.22177671 -0.22260686 -0.20876187
 -0.22578934 -0.21876056 -0.21760298 -0.22268279 -0.22234764 -0.21198991
 -0.21110872 -0.20567986 -0.19522278 -0.18951119 -0.20240785 -0.20363265
 -0.19692195 -0.20162123 -0.20775067 -0.2073785  -0.19505379 -0.19430565
 -0.19538559 -0.19170202 -0.18365219 -0.18096437 -0.17520133 -0.1724024
 -0.16765492 -0.16346099]
[-0.00853255 -0.06084567 -0.11325473 -0.13273122 -0.21483738 -0.26630356
 -0.31327183 -0.33665893 -0.37034253 -0.41966688 -0.46146998 -0.51722186
 -0.61504015 -0.60564348 -0.61846341 -0.64683821 -0.69163051 -0.73570574
 -0.77954675 -0.74954295 -0.85587695 -0.85877299 -0.87891078 -0.91737235
 -0.954562   -0.9912804  -0.98306687 -1.02465666 -1.01377683 -1.0463176
 -1.06476016 -1.1032974  -1.13156724 -1.10745455 -1.09555544 -1.14119328
 -1.1353319  -1.15327938 -1.16805401 -1.18261484 -1.20136968 -1.20675726
 -1.21655472 -1.19224665 -1.14419086 -1.13824746 -1.13832545 -1.13840708
 -1.13777924 -1.13342255 -1.12667068 -1.11847437 -1.10893959 -1.10068827
 -1.08657899 -1.07106786 -1.05445901 -1.06765307 -1.10039414 -1.08285541
 -1.14106111 -1.03378696 -1.00961232 -0.98103257 -0.98025491 -0.99502552
 -0.96702926 -1.01840354 -0.84002751 -0.86227935 -0.82713987 -0.81513039
 -0.81392275 -0.77539894 -0.73459125 -0.69232369 -0.66466189 -0.65540002
 -0.66517254 -0.52498502 -0.52879007 -0.48816744 -0.46869141 -0.43513934
 -0.42106942 -0.33640292 -0.28573596 -0.23495956 -0.18443358 -0.15815806
 -0.09440565 -0.06531348  0.02153391  0.03404641  0.08686492  0.13935032
  0.19157748  0.28847031  0.29661689  0.34882309  0.40175696  0.45500277
  0.50180483  0.57743521  0.58436688  0.63863114  0.69245583  0.74701845
  0.79012125  0.8432407   0.91054526  0.96554611  1.02056415  1.07534877
  1.12821242  1.16953463  1.21193899  1.25548512  1.29993555  1.34511918
  1.3915421   1.43877138  1.48717936  1.51373357  1.51070455  1.45909074
  1.50629767  1.50564329  1.50490167  1.50250363  1.5034005   1.50553201
  1.5019945   1.5019997   1.50339093  1.5051664   1.50532932  1.50815976
  1.50990816  1.50837968  1.56596546  1.56134383  1.56067208  1.51586658
  1.47295785  1.461905    1.43486403  1.39066234  1.34661696  1.30269281
  1.25649904  1.2104099   1.16348703  1.11701667  1.08572158  1.02503609
  0.97884634  0.97354789  0.79306301  0.83880995  0.79237495  0.77277353
  0.69930657  0.65253951  0.60695679  0.56024354  0.51336215  0.4675046
  0.42137648  0.37556128  0.32938815  0.37945524  0.24605766  0.19975929
  0.15353544  0.10852839  0.07139687  0.02895975 -0.01663317 -0.06151978
 -0.10034438 -0.22829721 -0.18280972 -0.22736972 -0.28612496 -0.312002
 -0.34154269 -0.38520746 -0.42833909 -0.39933957 -0.51341267 -0.54081205
 -0.57636913 -0.61730514 -0.65827034 -0.69745535 -0.73797137 -0.77843582
 -0.79333098 -0.85381633 -0.89215346 -0.9301958  -0.96768559 -1.00222978
 -1.03675225 -1.07090274 -1.10371221 -1.13614123 -1.1681206  -1.19757674
 -1.20646241 -1.21730821 -1.24283456 -1.26554841 -1.28609944 -1.30571491
 -1.3233012  -1.33834358 -1.35054663 -1.36233748 -1.37102816 -1.40417906
 -1.38085834 -1.38023726 -1.37897602 -1.37486362 -1.36809365 -1.35600667
 -1.34401756 -1.33053375 -1.31407007 -1.29545364 -1.27486961 -1.252362
 -1.23861468 -1.20045908 -1.17313371 -1.14526832 -1.11550304 -1.08426443
 -1.05204729 -1.01854826 -0.98432855 -0.94900707 -0.91322778 -0.87629956
 -0.78724954 -0.75542975 -0.7670056  -0.74986012 -0.70938388 -0.66844631
 -0.62706134 -0.58573077 -0.54503636 -0.50293742]
[ 0.39230475  0.34678925  0.29506219  0.25359791  0.21664657  0.1690041
  0.11726853  0.08152726  0.04569368 -0.00329885 -0.0518314  -0.10006138
 -0.14681564 -0.18011024 -0.19601514 -0.24291952 -0.28814862 -0.33293364
 -0.37736059 -0.42113454 -0.46436037 -0.49691363 -0.53155291 -0.57255345
 -0.61267344 -0.65207562 -0.68636498 -0.70989944 -0.74523784 -0.78073536
 -0.81302094 -0.83283764 -0.89219112 -0.92322028 -0.93637551 -0.96534498
 -0.99263949 -1.01374113 -1.01914567 -1.03997033 -1.05224568 -1.0870079
 -1.11395145 -1.13058748 -1.14282984 -1.15937965 -1.1486344  -1.16866989
 -1.20033794 -1.20750432 -1.21146104 -1.21368894 -1.22804644 -1.25650203
 -1.25302853 -1.24756076 -1.23878106 -1.23930205 -1.26058817 -1.24960565
 -1.23456282 -1.22899536 -1.2351629  -1.21883192 -1.19631514 -1.18634096
 -1.18477767 -1.15745345 -1.12842177 -1.12471277 -1.13131829 -1.09803084
 -1.06310619 -1.04435809 -1.02058616 -1.00271639 -0.97093857 -0.95087872
 -0.91545606 -0.89400673 -0.87873977 -0.83417786 -0.78842557 -0.76064043
 -0.73954259 -0.69244371 -0.64242127 -0.60089537 -0.56775904 -0.53133143
 -0.48108195 -0.4295071  -0.38442763 -0.35522718 -0.30651836 -0.2533476
 -0.20490605 -0.15985337 -0.10577814 -0.06004316 -0.00925037  0.04354696
  0.08585107  0.13108939  0.18899501  0.2393554   0.28925224  0.34538307
  0.396428    0.45006902  0.50661898  0.56323543  0.6198972   0.66923858
  0.72683848  0.77591834  0.82977743  0.88537408  0.93542794  0.99078241
  1.041393    1.09222473  1.14417682  1.19621234  1.24537828  1.29828891
  1.35038662  1.40454165  1.45466788  1.47440495  1.527049    1.58487091
  1.60930862  1.59202582  1.61555941  1.6402282   1.63770152  1.65828757
  1.6563415   1.64974401  1.6448186   1.63713146  1.61115763  1.39464484
  1.36150037  1.3288163   1.29730181  1.2733845   1.21982318  1.17157485
  1.14827467  1.11497197  1.0579712   1.02257143  0.99957408  0.96568593
  0.91788519  0.86335523  0.80513993  0.75363824  0.70852683  0.65401753
  0.59613159  0.54601717  0.5102154   0.44897473  0.39176289  0.35119844
  0.30655199  0.25079297  0.19387405  0.14288484  0.09035643  0.03464246
 -0.01881197 -0.05387975 -0.09489908 -0.1494113  -0.20365304 -0.25171752
 -0.3001983  -0.35346347 -0.40644957 -0.45898678 -0.49747786 -0.5239864
 -0.56809687 -0.61867829 -0.66501226 -0.70259764 -0.75183514 -0.79758671
 -0.81377493 -0.84002603 -0.88191592 -0.90712286 -0.95177408 -0.9936704
 -1.01199006 -1.01270182 -1.04843727 -1.0860772  -1.12226277 -1.13205385
 -1.13389734 -1.15037531 -1.16031285 -1.17985884 -1.2061366  -1.21447103
 -1.22327628 -1.24617642 -1.26537184 -1.26907253 -1.26947448 -1.26113903
 -1.24410783 -1.23612615 -1.22245513 -1.227167   -1.23051207 -1.23122406
 -1.22572045 -1.19755327 -1.19326725 -1.18648638 -1.17745752 -1.13854084
 -1.12750447 -1.11400366 -1.0990484  -1.08201669 -1.06385424 -1.04399189
 -1.02261938 -0.98005181 -0.96296074 -0.96534284 -0.94998065 -0.92257365
 -0.89320573 -0.8625498  -0.83036017 -0.79751954 -0.76367531 -0.72865747
 -0.71298292 -0.70050534 -0.6636594  -0.62472062 -0.58439773 -0.54350244
 -0.50155159 -0.46245502 -0.44043724 -0.41323509 -0.36819169 -0.32263548
 -0.27683937 -0.23695156 -0.20839282]
[ 1.59419543  1.58640584  1.57828322  1.5569644   1.50751373  1.49340682
  1.43440747  1.38855612  1.32811529  1.27258752  1.22627408  1.17657132
  1.12228616  1.09103113  1.00999462  0.96031515  0.89742715  0.85754113
  0.7967787   0.74392471  0.69443531  0.63855829  0.58913129  0.53426509
  0.48805798  0.44013635  0.38553528  0.33445042  0.28546652  0.25066133
  0.20842037  0.13542321  0.08146083  0.03315783 -0.00694726 -0.05532224
 -0.0978655  -0.15110548 -0.19744401 -0.24791228 -0.29683249 -0.33583404
 -0.38117616 -0.44148162 -0.4914092  -0.51110985 -0.55464032 -0.59670484
 -0.63856205 -0.68432349 -0.70759336 -0.74988247 -0.79123182 -0.83459386
 -0.85131353 -0.89542126 -0.91641345 -0.95203256 -0.96574077 -0.9984978
 -1.02434663 -1.05493389 -1.09323312 -1.09401553 -1.107892   -1.1258217
 -1.14390987 -1.16839892 -1.17261947 -1.15561376 -1.18427797 -1.21289242
 -1.19858181 -1.20405223 -1.20860216 -1.21035888 -1.20888038 -1.20608886
 -1.19917296 -1.20383513 -1.22379239 -1.22417693 -1.22843812 -1.17780967
 -1.17708555 -1.17143276 -1.14582134 -1.12524882 -1.11286223 -1.10257796
 -1.10005642 -1.07600308 -1.05377476 -1.00310353 -0.98512966 -0.96790322
 -0.94645077 -0.9292915  -0.908568   -0.88575188 -0.84466875 -0.78731082
 -0.77143986 -0.74880332 -0.73088753 -0.70055079 -0.66797888 -0.6380387
 -0.60386108 -0.57050663 -0.54683022 -0.51355495 -0.47183045 -0.43581178
 -0.41105065 -0.36850681 -0.311221   -0.28668382 -0.25721225 -0.21158573
 -0.16863763 -0.13524517 -0.10095845 -0.06345895 -0.01674323  0.0293998
  0.07534708  0.10034092  0.14637657  0.16806408  0.20591334  0.26321607
  0.30673808  0.36696964  0.39816174  0.46333226  0.49231338  0.54669686
  0.57456516  0.61485243  0.67156723  0.7105204   0.74267601  0.77847253
  0.80696571  0.83453507  0.86230084  0.8833518   0.91028829  0.92736881
  0.92769579  0.94761593  0.97055925  0.97358057  0.99061009  1.01757397
  1.05174907  1.08075696  1.12089623  1.11748927  1.17714768  1.20658007
  1.25325015  1.28859976  1.33051606  1.36071853  1.39453695  1.42825964
  1.46409597  1.48411898  1.4949132   1.5341423   1.56116418  1.56615799
  1.56239558  1.53578206  1.48679791  1.47032371  1.39891783  1.35396489
  1.30589641  1.24912789  1.20190875]
[ 0.39220264  0.34755656  0.29496473  0.25349542  0.21654452  0.16890402
  0.11718566  0.08143499  0.04559242 -0.00337532 -0.05190176 -0.10012624
 -0.14687595 -0.18018699 -0.19609108 -0.24300566 -0.28823036 -0.33301231
 -0.37743678 -0.42126777 -0.46440255 -0.49660936 -0.53110478 -0.57262224
 -0.6127427  -0.65214459 -0.68644073 -0.7100026  -0.74580838 -0.78084764
 -0.81353254 -0.83299592 -0.89231328 -0.92335316 -0.93630719 -0.96552252
 -0.99282447 -1.01393912 -1.01935787 -1.04017178 -1.05247201 -1.08723491
 -1.11417587 -1.13081973 -1.14306981 -1.15962591 -1.14883415 -1.16895972
 -1.20060347 -1.20777255 -1.21172651 -1.21395424 -1.22829541 -1.25671407
 -1.25323891 -1.24776772 -1.23898415 -1.2394886  -1.26073244 -1.24974224
 -1.23469432 -1.22938    -1.23524426 -1.21888604 -1.19637399 -1.18676897
 -1.18478167 -1.15746201 -1.12904454 -1.12466718 -1.13120775 -1.09791464
 -1.06299397 -1.04510614 -1.02043664 -1.00253084 -0.97074298 -0.95069476
 -0.91544609 -0.89377853 -0.87848446 -0.83392709 -0.78818067 -0.76036983
 -0.73924039 -0.6921494  -0.64215292 -0.60045845 -0.56745324 -0.53039322
 -0.48080296 -0.42924044 -0.38416478 -0.35493694 -0.30623318 -0.2530763
 -0.20465723 -0.15960901 -0.10554501 -0.0598133  -0.00846196  0.04375725
  0.08605851  0.13129021  0.1901426   0.23953413  0.28942537  0.3455409
  0.39657715  0.45019431  0.50673045  0.56334352  0.61966383  0.66932568
  0.72790981  0.77579131  0.83009283  0.88542744  0.93548003  0.99082397
  1.0414297   1.0922586   1.14420626  1.19623688  1.24539992  1.29830325
  1.3503952   1.40454017  1.45447351  1.47441325  1.52704115  1.5848406
  1.60926033  1.59201717  1.61554967  1.64017834  1.63764445  1.65828053
  1.65624671  1.64965054  1.64472201  1.63746019  1.61110029  1.39491166
  1.36179719  1.32911715  1.29757825  1.27364419  1.22011085  1.17221483
  1.14854141  1.11522789  1.05824045  1.02283533  0.99980466  0.96589769
  0.91810491  0.8635927   0.8057104   0.75319372  0.70879506  0.65430083
  0.59643391  0.54632484  0.51051482  0.44928806  0.39209332  0.35151669
  0.30686774  0.25158334  0.1942179   0.14323941  0.09073742  0.03467081
 -0.01840859 -0.05349495 -0.09452355 -0.14893458 -0.20323542 -0.25129372
 -0.29976846 -0.35302057 -0.40598604 -0.45806372 -0.49700128 -0.52353969
 -0.5676512  -0.61820298 -0.66464731 -0.70212141 -0.75081881 -0.79707742
 -0.81330073 -0.83958285 -0.88147435 -0.90669834 -0.95134862 -0.99322881
 -1.01157019 -1.01212053 -1.04808274 -1.08572142 -1.12191068 -1.13209068
 -1.13364476 -1.15012336 -1.16008039 -1.1788349  -1.20593644 -1.21430214
 -1.22222798 -1.2460472  -1.26526042 -1.26898895 -1.26942442 -1.26114899
 -1.24417796 -1.23624088 -1.22260976 -1.22733416 -1.23069448 -1.23142273
 -1.22593915 -1.1977834  -1.19354263 -1.18677394 -1.17775071 -1.13888793
 -1.12785469 -1.11446453 -1.09941314 -1.08238618 -1.06422718 -1.04436773
 -1.02299777 -0.98045599 -0.96334943 -0.96568195 -0.95053529 -0.92289207
 -0.89352498 -0.8628641  -0.83068459 -0.79784528 -0.76400183 -0.72898914
 -0.71360042 -0.7008038  -0.66395707 -0.62502095 -0.58470364 -0.54381194
 -0.50172885 -0.46276844 -0.44071839 -0.41350545 -0.36845954 -0.32291142
 -0.27713642 -0.23725698 -0.20867263]
[ 1.50435058  1.51320285  1.5165501   1.50972536  1.49851582  1.47360558
  1.44865332  1.42230662  1.39415381  1.37557112  1.34679823  1.31856992
  1.29601763  1.2705623   1.2455181   1.22085623  1.19442703  1.17698716
  1.14583379  1.11881713  1.09873662  1.1229871   1.09494896  1.06847868
  1.01676569  0.99642421  0.9617544   0.91561034  0.86847969  0.81792529
  0.77244926  0.72684597  0.68043215  0.63413802  0.5851538   0.55073919
  0.49282835  0.44614975  0.40110373  0.35785174  0.30405977  0.25966259
  0.21854271  0.17077662  0.13164498  0.08107428  0.03956926 -0.00956992
 -0.04941887 -0.09628532 -0.13893133 -0.18510279 -0.2226845  -0.267913
 -0.30909388 -0.35652109 -0.39619367 -0.42788648 -0.47370085 -0.51855062
 -0.55628351 -0.59722966 -0.63298678 -0.6671831  -0.70009041 -0.74055927
 -0.78157115 -0.80885836 -0.84555546 -0.87379392 -0.9004472  -0.93474523
 -0.96448671 -0.99741437 -1.01187651 -1.04231934 -1.0651099  -1.08769945
 -1.11559231 -1.14043842 -1.15045003 -1.16174565 -1.17949514 -1.18750426
 -1.20574628 -1.21907029 -1.22748964 -1.22716385 -1.2239115  -1.22055752
 -1.22690374 -1.21979033 -1.22347397 -1.2158391  -1.20878596 -1.18409306
 -1.17775355 -1.16553891 -1.15444436 -1.14305541 -1.14149381 -1.1198079
 -1.09622533 -1.06132616 -1.05392947 -1.02830033 -1.00189532 -0.98147152
 -0.96441248 -0.9359334  -0.91280481 -0.87505597 -0.85285001 -0.83053668
 -0.79927572 -0.75948835 -0.72808834 -0.70128463 -0.67110033 -0.64066508
 -0.61613289]
[ 0.15598971  0.0950712   0.04938473  0.01288472 -0.03246863 -0.1014213
 -0.15165484 -0.18611216 -0.22452722 -0.27571624 -0.31758228 -0.36912433
 -0.44359804 -0.46406249 -0.49058146 -0.5240008  -0.57221008 -0.61910573
 -0.64540699 -0.66427168 -0.74001571 -0.76390861 -0.79759685 -0.83731678
 -0.86803078 -0.9094406  -0.92695567 -0.97301259 -0.96742911 -1.00453031
 -1.03451827 -1.07264245 -1.09129614 -1.09645915 -1.10743013 -1.13587985
 -1.14003156 -1.16547899 -1.18859592 -1.21063888 -1.21375538 -1.22576033
 -1.24263272 -1.24088094 -1.22262403 -1.20922975 -1.22087673 -1.22280103
 -1.22846104 -1.22366598 -1.20995461 -1.20912956 -1.20748433 -1.20399589
 -1.17762369 -1.1654514  -1.1529571  -1.15802041 -1.16490522 -1.13615406
 -1.13520993 -1.10171307 -1.08671591 -1.06209071 -1.05422498 -1.0454928
 -1.00749764 -1.02420432 -0.92091816 -0.92275488 -0.89310628 -0.84727491
 -0.85867442 -0.8226926  -0.77217073 -0.73601537 -0.70681299 -0.68694189
 -0.67551032 -0.57490887 -0.57264078 -0.53499926 -0.50736482 -0.47200439
 -0.44613118 -0.38361562 -0.33816171 -0.29233919 -0.24640133 -0.21273862
 -0.16149451 -0.13837013 -0.06309945 -0.01243092  0.01303708  0.05911577
  0.09603675  0.16656711  0.19130596  0.24109367  0.2844968   0.3285212
  0.37634517  0.43777698  0.45323344  0.50272118  0.54489803  0.59580982
  0.63876524  0.68010696  0.73029233  0.78705657  0.82136176  0.86761618
  0.9100426   0.93075052  0.97231139  1.01094482  1.03163005  1.07354527
  1.11809352  1.149502    1.1855771   1.22234213  1.2457071   1.24128951
  1.29118494  1.31376635  1.33813527  1.36245558  1.38777235  1.41254453
  1.44183523  1.45864867  1.48189841  1.52276718  1.51597289  1.58618497
  1.5743786   1.57480171  1.60660628  1.63457101  1.60793235  1.57339703
  1.53228694  1.50808335  1.47669963  1.43329721  1.38914789  1.34468591
  1.30192319  1.25844776  1.20825355  1.16077427  1.12338918  1.09395844
  1.02342968  1.0001809   0.8983907   0.91620206  0.86979358  0.83829939
  0.78233338  0.75660234  0.72020845  0.68575621  0.63791212  0.59554624
  0.55541563  0.51234381  0.46451571  0.47137493  0.40206853  0.3425725
  0.29658245  0.23916115  0.21474616  0.17829242  0.13386786  0.0931666
  0.05594589 -0.03309901 -0.03242119 -0.06636233 -0.11891028 -0.15522615
 -0.19931662 -0.23147907 -0.26640101 -0.27373562 -0.35404682 -0.38922309
 -0.42842932 -0.46881106 -0.50955226 -0.54969211 -0.59072265 -0.63150017
 -0.65878025 -0.70881601 -0.74745602 -0.78505065 -0.83304182 -0.85467007
 -0.88956334 -0.92389076 -0.95692138 -0.98937012 -1.02075005 -1.0476411
 -1.06250394 -1.08391437 -1.10999014 -1.1340562  -1.15659228 -1.18872675
 -1.214485  ]
[ 0.15310379  0.17800709  0.19925061  0.1856383   0.17938822  0.16890337
  0.160187    0.15473449  0.15210986  0.15292016  0.1494378   0.14795767
  0.14831018  0.15999416  0.12642665  0.14485943  0.14666967  0.14313951
  0.14466365  0.15085444  0.15146374  0.15808785  0.17690056  0.17526402
  0.17095102  0.19873073  0.1907637   0.20639945  0.19627085  0.19841527
  0.20227242  0.20543007  0.24265996  0.21433465  0.23658523  0.24387467
  0.24789583  0.25488153  0.26140063  0.24978551  0.25191016  0.29055724
  0.26532353  0.26312618  0.27522525  0.25539938  0.27364477  0.24436204
  0.24096947  0.22525015  0.22802329  0.22983595  0.22071403  0.19972732
  0.20068901  0.21478395  0.21347132  0.3247385   0.30195665  0.29688858
  0.28812097  0.26964699  0.25363006  0.22082603  0.21146172  0.1891804
  0.17481043  0.15881317  0.14147632  0.13730209  0.17268144  0.10009184
  0.07986886  0.10653591  0.09375858  0.08855788  0.07689037  0.04763383
  0.03144377  0.00761446  0.00480757 -0.00446474 -0.02521097 -0.0357855
 -0.04629325 -0.05376725 -0.06396332 -0.07276993 -0.07531997 -0.08460267
 -0.09673596 -0.10562003 -0.11468077 -0.1180722  -0.12545649 -0.1321854
 -0.13893964 -0.14400339 -0.15217349 -0.16294706 -0.16951682 -0.17635992
 -0.18473614 -0.20028104 -0.22151939 -0.20221893 -0.20104164 -0.21299919
 -0.2145009  -0.21813556 -0.25343705 -0.22177291 -0.22260304 -0.20875801
 -0.22578544 -0.21875674 -0.21759921 -0.222679   -0.22234388 -0.21198617
 -0.21110493 -0.20567608 -0.19521907 -0.18950753 -0.20240431 -0.20362935
 -0.19691865 -0.20161795 -0.20774746 -0.20737543 -0.19505092 -0.19430289
 -0.19538288 -0.19169934 -0.1836496  -0.18096193 -0.17519901 -0.17240016
 -0.16765275 -0.16345882]
[ 0.39224703  0.34672859  0.2950075   0.25353992  0.21658904  0.16894451
  0.11722395  0.08147679  0.04563509 -0.00333833 -0.05186654 -0.10009267
 -0.14684344 -0.18014972 -0.19606149 -0.24296496 -0.28819072 -0.33297351
 -0.37739864 -0.42115694 -0.46437543 -0.49693905 -0.53158632 -0.57258647
 -0.61270679 -0.65210852 -0.68640186 -0.70995503 -0.74529691 -0.78079724
 -0.8130875  -0.83293357 -0.8922599  -0.92329659 -0.93648251 -0.96545183
 -0.99275138 -1.01386105 -1.01927601 -1.04009426 -1.05238683 -1.08715116
 -1.11409324 -1.13073469 -1.1429829  -1.15953733 -1.14882358 -1.16885841
 -1.20051116 -1.2076801  -1.21163392 -1.21386166 -1.22820927 -1.25664133
 -1.25316715 -1.24769733 -1.23891557 -1.23942567 -1.26068535 -1.24969823
 -1.23465254 -1.22907308 -1.23522472 -1.218869   -1.19635916 -1.18637077
 -1.18478692 -1.15746955 -1.12842324 -1.12469124 -1.13125135 -1.09795976
 -1.06303969 -1.04427785 -1.02049557 -1.00260136 -0.97081671 -0.95076427
 -0.91533575 -0.89386112 -0.87857893 -0.83402014 -0.78827219 -0.76046953
 -0.73935032 -0.69225665 -0.64225718 -0.60071345 -0.56756479 -0.53113707
 -0.48090573 -0.4293402  -0.38426337 -0.3550441  -0.30633879 -0.25317787
 -0.2047511  -0.15970146 -0.10563353 -0.05990122 -0.00911563  0.04367522
  0.08597765  0.13121139  0.18910871  0.23946275  0.28935576  0.3454761
  0.3965152   0.45014018  0.5066809   0.56329452  0.61994131  0.66928449
  0.72687585  0.77595541  0.82980822  0.88539741  0.93545102  0.99079876
  1.04140619  1.09223667  1.14418619  1.19621869  1.24538291  1.29828876
  1.35038312  1.40453165  1.45464887  1.47440177  1.52703539  1.58484299
  1.60926898  1.59201144  1.61554598  1.64018934  1.63765792  1.65822114
  1.65627396  1.64967784  1.64474963  1.63705857  1.61111456  1.39482658
  1.36169982  1.3290199   1.29748954  1.27356183  1.2200209   1.17178102
  1.14845819  1.1151491   1.05815759  1.02275415  0.99973309  0.96583204
  0.91803767  0.86352053  0.80531807  0.75382161  0.70871619  0.65421799
  0.5963454   0.54623494  0.51042752  0.44919652  0.39199651  0.35142587
  0.30677566  0.25102681  0.19411662  0.1431355   0.09062559  0.0349184
 -0.01852862 -0.05360952 -0.09463574 -0.14913287 -0.20336142 -0.25142149
 -0.29989875 -0.3531551  -0.40612688 -0.45865351 -0.49714679 -0.52367583
 -0.56778746 -0.61834905 -0.66468037 -0.70226731 -0.75149873 -0.79723426
 -0.81344661 -0.83971919 -0.88161054 -0.90682837 -0.95147938 -0.99336463
 -1.01170011 -1.01245308 -1.04819197 -1.08583017 -1.12201818 -1.13183556
 -1.13372071 -1.15020072 -1.16014987 -1.17971084 -1.20599591 -1.21435122
 -1.22316677 -1.2460831  -1.26529191 -1.26901006 -1.26943398 -1.26114219
 -1.24415036 -1.23619969 -1.22255495 -1.22727445 -1.23063011 -1.23135349
 -1.2258637  -1.19772647 -1.19344915 -1.18667702 -1.17765067 -1.13877352
 -1.12773854 -1.11424278 -1.09929402 -1.08226602 -1.06410605 -1.04424581
 -1.02287563 -0.98032565 -0.96322415 -0.96557251 -0.95019023 -0.9227896
 -0.89342235 -0.86276142 -0.83058183 -0.7977426  -0.76389847 -0.72888522
 -0.71319938 -0.70071046 -0.66386431 -0.62492753 -0.58460847 -0.54371592
 -0.50176845 -0.46267182 -0.44063182 -0.41342616 -0.36837797 -0.32282769
 -0.27704519 -0.23716262 -0.20858641]
[ 0.30277991  0.25301445  0.20573985  0.16732579  0.14344832  0.09747372
  0.04765724  0.02267236 -0.00177606 -0.04824447 -0.09417263 -0.13966129
 -0.18005007 -0.22053793 -0.22008892 -0.2658715  -0.30519108 -0.3443278
 -0.38488514 -0.4245187  -0.46344549 -0.50020543 -0.5362339  -0.57264151
 -0.60800799 -0.64247678 -0.67414463 -0.70578348 -0.73528881 -0.7669187
 -0.79576371 -0.82537316 -0.90145877 -0.94507468 -0.95988047 -0.98333021
 -1.00702918 -1.02433088 -1.03757408 -1.05719886 -1.07227192 -1.13883215
 -1.16544854 -1.17612291 -1.1822538  -1.19243613 -1.19411833 -1.22484429
 -1.26930289 -1.27461479 -1.27133575 -1.26088005 -1.27943529 -1.32061273
 -1.31339729 -1.29761651 -1.28177463 -1.28459642 -1.31570045 -1.2985316
 -1.27844692 -1.27088344 -1.28862968 -1.26469089 -1.23515988 -1.22227742
 -1.23333228 -1.19892973 -1.16285135 -1.15255941 -1.1485608  -1.10770258
 -1.06642006 -1.05234062 -1.03064115 -0.98938625 -0.94621888 -0.92964692
 -0.88942141 -0.85861198 -0.84216039 -0.7927154  -0.74209571 -0.70355757
 -0.67808535 -0.62655086 -0.57242651 -0.52098637 -0.47406632 -0.44323214
 -0.38911262 -0.33498945 -0.29030064 -0.25269514 -0.19703871 -0.14078063
 -0.09146337 -0.05023179  0.0031847   0.05018377  0.10150085  0.1556394
  0.19907065  0.24880463  0.31644657  0.36752259  0.42383863  0.47491243
  0.52282308  0.57976653  0.63893864  0.70229963  0.75728284  0.80702192
  0.86521616  0.92283409  0.98302904  1.04276233  1.09904162  1.15471825
  1.20985123  1.26787354  1.32280063  1.38427881  1.43536665  1.49595883
  1.55303242  1.60956478  1.6551526   1.65535418  1.70872284  1.76862379
  1.76494315  1.71441339  1.71407999  1.71846042  1.67761321  1.67802361
  1.641371    1.59654754  1.55371551  1.50947931  1.46278461  1.38623627
  1.33392847  1.28686272  1.22939866  1.19108768  1.14002905  1.08792859
  1.04082004  0.99062607  0.9338812   0.89461623  0.84331863  0.79536287
  0.74660663  0.69517432  0.64210313  0.58851073  0.54621541  0.49392159
  0.44078749  0.38922989  0.3531563   0.29468097  0.2419298   0.20120701
  0.15148262  0.09355159  0.03569776  0.00363049 -0.04368933 -0.09544859
 -0.14685287 -0.18595045 -0.23096371 -0.28371934 -0.33203097 -0.37288261
 -0.41561694 -0.46649857 -0.51426056 -0.56812763 -0.60332824 -0.63613174
 -0.68476125 -0.72899841 -0.77330756 -0.79995764 -0.84659459 -0.88797325
 -0.90462134 -0.94724107 -0.98838451 -0.99958992 -1.05200266 -1.08230682
 -1.11825012 -1.12498401 -1.15852523 -1.19074877 -1.22417092 -1.22503942
 -1.24286549 -1.27240234 -1.2617434  -1.28004061 -1.30409238 -1.29932744
 -1.2975969  -1.31773248 -1.33401753 -1.32594747 -1.30590277 -1.3174279
 -1.31286127 -1.30935633 -1.28080917 -1.27978807 -1.27865564 -1.27631264
 -1.26352972 -1.21486952 -1.20688547 -1.19660356 -1.18281956 -1.12185314
 -1.10863923 -1.09054516 -1.0766182  -1.05200623 -1.03055687 -1.00770542
 -0.9834345  -0.9252554  -0.8944466  -0.86693781 -0.83699932 -0.81322673
 -0.77864004 -0.74895986 -0.71568156 -0.68278534 -0.64799628 -0.61263851
 -0.58150917 -0.54646323 -0.50904442 -0.46994349 -0.43197475 -0.39236518
 -0.35363122 -0.31215788 -0.27539432 -0.2355209  -0.19238185 -0.15316174
 -0.10407797 -0.06411219 -0.0229051 ]
[ 1.50436815  1.51321691  1.51664469  1.50973241  1.49845494  1.47360632
  1.44865096  1.42230157  1.39414599  1.37556039  1.34678471  1.31855348
  1.29599855  1.27054047  1.24549336  1.22082853  1.1943964   1.17695376
  1.1457982   1.11877936  1.09869588  1.12294186  1.09490192  1.06842898
  1.01679216  0.99637152  0.9617003   0.91555552  0.86842401  0.8178699
  0.77239375  0.72679021  0.68037616  0.63408208  0.58510269  0.55068272
  0.49277131  0.44609261  0.40104704  0.35779526  0.30400316  0.25966182
  0.21848654  0.17072055  0.13158888  0.08101879  0.03951485 -0.00962456
 -0.04947376 -0.09633986 -0.13898584 -0.18515593 -0.22278019 -0.26796518
 -0.3091458  -0.35657316 -0.39624462 -0.42808006 -0.47375033 -0.51855263
 -0.55633055 -0.59727565 -0.63303183 -0.66722798 -0.70013424 -0.74060121
 -0.78150509 -0.80891803 -0.84559404 -0.87383198 -0.90048308 -0.93477873
 -0.96451912 -0.99744565 -1.01190489 -1.04234562 -1.06513579 -1.08772426
 -1.11561554 -1.14046016 -1.15046973 -1.16169904 -1.17951001 -1.18751771
 -1.20575812 -1.21906426 -1.22749919 -1.22717209 -1.22391729 -1.2205602
 -1.22690455 -1.21978967 -1.22344022 -1.21583531 -1.20877429 -1.18408635
 -1.17774505 -1.1655288  -1.15443255 -1.14307208 -1.14144199 -1.11979173
 -1.09620766 -1.06130647 -1.05390766 -1.02827623 -1.00187    -0.98144461
 -0.96438367 -0.93590338 -0.91277334 -0.87502369 -0.85281596 -0.83050041
 -0.79923828 -0.75945023 -0.72804907 -0.70124528 -0.67105997 -0.64056689
 -0.61595062]
[ 0.14853323  0.17327     0.19434994  0.1806855   0.17428652  0.16380919
  0.1550989   0.14967887  0.14701418  0.14776587  0.14429264  0.14276395
  0.14289086  0.15463303  0.12108188  0.13959185  0.14138174  0.13786922
  0.13939075  0.14575539  0.14612016  0.15270524  0.17153186  0.16993237
  0.16567809  0.19345356  0.18551039  0.20109391  0.19114219  0.19331785
  0.19723513  0.20041527  0.2377081   0.20948893  0.23181754  0.23906395
  0.24321976  0.25026997  0.25686861  0.24542635  0.24765059  0.28638301
  0.26126165  0.25928891  0.27159708  0.25207091  0.27051614  0.24143427
  0.23823442  0.22273339  0.22571689  0.22767496  0.21876976  0.1979901
  0.199158    0.21344767  0.21234388  0.32303179  0.30042398  0.29555084
  0.28678678  0.26889135  0.25317819  0.22070472  0.21156383  0.18940278
  0.17531079  0.1594051   0.14281103  0.13869881  0.17431074  0.10190191
  0.08182841  0.10848314  0.09590511  0.0908755   0.07935698  0.05024564
  0.03405883  0.010752    0.00790423 -0.00126453 -0.02186559 -0.03230687
 -0.04277808 -0.05006731 -0.06018939 -0.06892728 -0.07145135 -0.08069873
 -0.09265569 -0.10153374 -0.11042684 -0.11391407 -0.12123989 -0.12790741
 -0.13461107 -0.13950171 -0.14774735 -0.15846333 -0.16499508 -0.17178527
 -0.1801239  -0.19551897 -0.21683413 -0.19754037 -0.19633944 -0.20823548
 -0.20976017 -0.21333627 -0.24857433 -0.21692197 -0.21772155 -0.20381848
 -0.22082169 -0.21387239 -0.21275549 -0.21782998 -0.21751837 -0.20721931
 -0.20633243 -0.20094047 -0.19052123 -0.18483593 -0.19785449 -0.199363
 -0.19267126 -0.19745801 -0.20368992 -0.2034576  -0.19130237 -0.19066326
 -0.19185999 -0.18828891 -0.18036992 -0.17784661 -0.17222905 -0.16949459
 -0.16484382 -0.16073277]
[-0.01193201 -0.06412871 -0.11641087 -0.13690157 -0.21759951 -0.2689233
 -0.31583532 -0.33964144 -0.37351866 -0.42270317 -0.46462476 -0.51974002
 -0.61508722 -0.60749841 -0.62084432 -0.64941175 -0.69404108 -0.7375109
 -0.78094049 -0.75343966 -0.85706156 -0.86016506 -0.88016511 -0.91842869
 -0.95542267 -0.99160489 -0.98358481 -1.02422565 -1.01484099 -1.04686289
 -1.0648598  -1.1027525  -1.13079764 -1.10750349 -1.09614687 -1.14070506
 -1.13545499 -1.15249352 -1.16709388 -1.18148515 -1.199928   -1.20549913
 -1.21517584 -1.1913693  -1.1443567  -1.1385238  -1.13849044 -1.13847497
 -1.13780552 -1.13339316 -1.1265457  -1.11825245 -1.10861507 -1.10027697
 -1.08615855 -1.07058781 -1.05391654 -1.06641125 -1.09799295 -1.08029154
 -1.13589271 -1.03228713 -1.00806213 -0.97942425 -0.97799864 -0.9917954
 -0.9637011  -1.01188043 -0.83893895 -0.85973637 -0.82464974 -0.81206907
 -0.81008724 -0.77211879 -0.73149322 -0.68921684 -0.66127739 -0.65178461
 -0.65995276 -0.52327459 -0.52525114 -0.48482789 -0.46514385 -0.43131712
 -0.41602614 -0.33264971 -0.28206555 -0.23172361 -0.18133192 -0.15417935
 -0.09109345 -0.06155298  0.02390156  0.03781943  0.09026083  0.14258347
  0.19476     0.28995105  0.29969306  0.35184874  0.40472473  0.4579107
  0.5047343   0.5790971   0.58736552  0.64118033  0.69454474  0.74864191
  0.79169945  0.84424154  0.91047656  0.96495556  1.01942365  1.07365673
  1.12578855  1.16663781  1.20857208  1.25165215  1.29562195  1.34032291
  1.38632993  1.43318392  1.48110416  1.50768416  1.50529291  1.456043
  1.50206086  1.50203077  1.5019069   1.50007828  1.50153184  1.50422302
  1.50134691  1.5018317   1.50373108  1.5060086   1.50677027  1.50879437
  1.50940318  1.50681705  1.56211478  1.55651438  1.55479775  1.50987413
  1.46677081  1.45486552  1.42735086  1.38295336  1.33871401  1.29461079
  1.24836909  1.20221086  1.15529897  1.10882654  1.07700304  1.01687434
  0.97073462  0.96405098  0.7885464   0.83086778  0.78453832  0.76407944
  0.69164673  0.64501854  0.59963985  0.55290264  0.50596715  0.46016345
  0.41410472  0.36848264  0.32259695  0.36925356  0.23907063  0.19276659
  0.14666509  0.10170103  0.06440445  0.02192019 -0.02364349 -0.0684533
 -0.10717967 -0.23180486 -0.18959658 -0.2340854  -0.2920851  -0.31806961
 -0.34776064 -0.39130422 -0.43430812 -0.40784747 -0.51874044 -0.54594786
 -0.58146227 -0.62221499 -0.66297366 -0.70188838 -0.74159259 -0.78165077
 -0.79716331 -0.85653685 -0.89402529 -0.93158777 -0.96863247 -1.00217126
 -1.03618484 -1.06996356 -1.1025129  -1.13396417 -1.16526585 -1.19432471
 -1.20327339 -1.21413086 -1.23894706 -1.26047411 -1.28067175 -1.29999264
 -1.31720352 -1.33192469 -1.34388844 -1.35542914 -1.36381076 -1.39566403
 -1.37306123 -1.37222651 -1.37085244 -1.36659942 -1.35964586 -1.34745277
 -1.33530692 -1.32175566 -1.30521326 -1.28656175 -1.26595463 -1.24373253
 -1.23036377 -1.19260466 -1.1652414  -1.13732715 -1.10752928 -1.07687695
 -1.04505741 -1.01155644 -0.97730459 -0.94238186 -0.90706636 -0.87012431
 -0.78297661 -0.7511684  -0.76151583 -0.74387215 -0.70333971 -0.66252376
 -0.62162634 -0.58026962 -0.53949746]
[ 0.39316223  0.34968417  0.29597007  0.25446923  0.21751113  0.16987284
  0.11824849  0.08244009  0.04653908 -0.00230141 -0.05079209 -0.09897909
 -0.14570269 -0.17913393 -0.19511251 -0.24204145 -0.28724428 -0.3320118
 -0.3764272  -0.42025776 -0.46323793 -0.49506421 -0.52943517 -0.57165713
 -0.61178032 -0.65117332 -0.68552407 -0.70927398 -0.74573906 -0.78019077
 -0.81344574 -0.83262028 -0.89175052 -0.92287994 -0.93577154 -0.96533362
 -0.99269737 -1.01389906 -1.01945624 -1.04023999 -1.05272257 -1.0875431
 -1.11448996 -1.13117333 -1.14350026 -1.1601213  -1.14953462 -1.16982647
 -1.20137313 -1.20858329 -1.21253471 -1.21479927 -1.22909216 -1.25735444
 -1.25392848 -1.2484927  -1.23974694 -1.24021024 -1.26126823 -1.25030112
 -1.23529363 -1.23029992 -1.23567062 -1.2192271  -1.1968097  -1.18767817
 -1.18502302 -1.15779207 -1.13020121 -1.12478597 -1.13098903 -1.09772288
 -1.06287889 -1.04613223 -1.02026668 -1.00217846 -0.97033409 -0.95037304
 -0.91537573 -0.8932788  -0.87785396 -0.83337705 -0.78773594 -0.7597834
 -0.73847952 -0.69147318 -0.64168679 -0.59971326 -0.56679278 -0.52890169
 -0.48035142 -0.42889008 -0.38386041 -0.3544543  -0.30581117 -0.25277133
 -0.20448557 -0.15947952 -0.10549287 -0.05980292 -0.00777342  0.04360128
  0.08590457  0.13110249  0.19117599  0.23920747  0.28906646  0.34505737
  0.39602896  0.44951487  0.50596434  0.5625408   0.61830904  0.66838889
  0.72823957  0.77450165  0.82935884  0.88428374  0.93433396  0.98961676
  1.04019507  1.09101045  1.14292387  1.19491363  1.24406416  1.29692702
  1.34898324  1.40306031  1.45266471  1.47297828  1.52551284  1.58317482
  1.60749925  1.59051567  1.61405448  1.63849298  1.63596433  1.65656214
  1.65443493  1.64789109  1.64298428  1.63632711  1.60970923  1.3957806
  1.36292768  1.33038926  1.29883315  1.2749296   1.22172031  1.17450957
  1.15024653  1.11693229  1.06012324  1.02475973  1.00155306  0.96760702
  0.91994766  0.86563072  0.80837841  0.75461785  0.71128521  0.65695304
  0.59926709  0.54925544  0.5134419   0.4523716   0.3953471   0.35477256
  0.31015308  0.25562075  0.19776704  0.1469011   0.09455831  0.0380991
 -0.01440837 -0.04960936 -0.09069217 -0.14486456 -0.19915503 -0.2471728
 -0.29560325 -0.34877203 -0.40160899 -0.4529884  -0.49255494 -0.51928526
 -0.56341116 -0.61380479 -0.6603766  -0.69768508 -0.74559765 -0.79245003
 -0.8088933  -0.83538182 -0.87728016 -0.9026036  -0.94725829 -0.98903382
 -1.00754347 -1.00817232 -1.04446682 -1.08209364 -1.11831372 -1.12919609
 -1.13065819 -1.14720337 -1.1572774  -1.17508366 -1.20336313 -1.21190177
 -1.21873861 -1.2439068  -1.26324588 -1.26712049 -1.26774844 -1.25988335
 -1.24329099 -1.23565901 -1.22229103 -1.22712178 -1.23057774 -1.23142966
 -1.22610575 -1.19820541 -1.19413032 -1.18747253 -1.17850414 -1.14000083
 -1.12904898 -1.11589976 -1.10082926 -1.08389221 -1.06582542 -1.04605691
 -1.02477186 -0.98244648 -0.96530171 -0.96738996 -0.95248193 -0.92462522
 -0.89534136 -0.86473384 -0.8326824  -0.79992221 -0.76615923 -0.73127014
 -0.7162452  -0.70298457 -0.66619607 -0.62733805 -0.58713251 -0.54634781
 -0.50419257 -0.46548294 -0.44327778 -0.41605036 -0.37107084 -0.32564205
 -0.28002927 -0.24023081 -0.21154059]
[-5.56965434e-01 -5.90009563e-01 -6.29716262e-01 -6.70385518e-01
 -7.13695807e-01 -7.54672313e-01 -8.11263466e-01 -8.18343220e-01
 -8.73307241e-01 -8.80279674e-01 -9.08146475e-01 -9.45332943e-01
 -9.78437102e-01 -9.88684649e-01 -1.01626637e+00 -1.00579393e+00
 -1.07019146e+00 -1.08493091e+00 -1.10642322e+00 -1.12076527e+00
 -1.14426567e+00 -1.15463180e+00 -1.16167604e+00 -1.17657758e+00
 -1.19098188e+00 -1.20040170e+00 -1.19299603e+00 -1.19689499e+00
 -1.14430908e+00 -1.21160844e+00 -1.21049181e+00 -1.21401432e+00
 -1.20561429e+00 -1.20257081e+00 -1.20050371e+00 -1.17880907e+00
 -1.14101513e+00 -1.17509461e+00 -1.16518967e+00 -1.14156751e+00
 -1.12016235e+00 -1.11741532e+00 -1.10094862e+00 -1.08137411e+00
 -1.04205930e+00 -1.02194828e+00 -1.00596396e+00 -9.88450973e-01
 -9.71340064e-01 -9.49829845e-01 -9.16899915e-01 -8.71571654e-01
 -8.49888256e-01 -8.24272118e-01 -7.94239552e-01 -7.66183487e-01
 -7.37145736e-01 -7.12994091e-01 -6.86505203e-01 -6.43123674e-01
 -6.24575434e-01 -5.68216849e-01 -5.55199314e-01 -5.13683398e-01
 -4.88119432e-01 -4.56364785e-01 -4.15144196e-01 -3.89670227e-01
 -3.28558709e-01 -3.31382750e-01 -2.63220696e-01 -2.29406910e-01
 -1.83632357e-01 -1.56963519e-01 -1.10776055e-01 -7.23382032e-02
 -3.05047449e-02  3.85727859e-02  3.42952171e-02  8.43568867e-02
  9.99058672e-02  1.49412501e-01  1.87809466e-01  2.29044834e-01
  2.59375507e-01  2.93658545e-01  3.61459025e-01  3.60682727e-01
  4.10711275e-01  4.44837072e-01  4.93416622e-01  5.33210838e-01
  5.81208151e-01  6.17294540e-01  6.61026895e-01  7.01762216e-01
  7.17100666e-01  7.89360740e-01  8.21562808e-01  8.56768207e-01
  8.91968886e-01  9.32248816e-01  9.72148727e-01  1.00781670e+00
  1.04035750e+00  1.07004954e+00  1.09251755e+00  1.11618334e+00
  1.14337759e+00  1.17591195e+00  1.19536426e+00  1.22509573e+00
  1.24710984e+00  1.26920815e+00  1.28511579e+00  1.29800896e+00
  1.31337106e+00  1.32970775e+00  1.33931087e+00  1.35433028e+00
  1.37043990e+00  1.37937253e+00  1.38373440e+00  1.38044457e+00
  1.36598376e+00  1.34483698e+00  1.33916148e+00  1.32954379e+00
  1.30783539e+00  1.29112625e+00  1.26286934e+00  1.23540609e+00
  1.21936986e+00  1.22005756e+00  1.17961011e+00  1.14061210e+00
  1.11661777e+00  1.09304463e+00  1.07767466e+00  1.04722924e+00
  1.02198988e+00  1.00297153e+00  9.70927315e-01  9.38047306e-01
  9.02997612e-01  8.70481791e-01  8.32533038e-01  7.92410689e-01
  7.62832864e-01  7.23570461e-01  6.79352250e-01  6.38635657e-01
  6.06332584e-01  5.63437791e-01  5.21858551e-01  4.73840493e-01
  4.37601679e-01  4.05863098e-01  3.85030048e-01  3.26953905e-01
  2.85341126e-01  2.43875099e-01  2.19252466e-01  1.67251096e-01
  1.29685482e-01  9.29790889e-02  4.30863291e-02  9.60480010e-04
 -2.62513579e-02 -7.46881854e-02 -1.09737562e-01 -1.35450971e-01
 -1.85490625e-01 -2.20620113e-01 -2.59477240e-01 -2.93287666e-01
 -3.29918994e-01 -3.23713238e-01 -4.02802769e-01 -4.44631004e-01]
[-5.58309226e-01 -5.91303226e-01 -6.31007908e-01 -6.71683162e-01
 -7.14973274e-01 -7.55902044e-01 -8.12456388e-01 -8.19537379e-01
 -8.74497576e-01 -8.81436940e-01 -9.09236025e-01 -9.46404848e-01
 -9.79461738e-01 -9.89651555e-01 -1.01721768e+00 -1.00673055e+00
 -1.07109754e+00 -1.08576870e+00 -1.10718883e+00 -1.12154090e+00
 -1.14497592e+00 -1.15531479e+00 -1.16226196e+00 -1.17712476e+00
 -1.19149655e+00 -1.20087167e+00 -1.19339466e+00 -1.19722894e+00
 -1.14462423e+00 -1.21187452e+00 -1.21070506e+00 -1.21415571e+00
 -1.20566352e+00 -1.20259800e+00 -1.20050106e+00 -1.17875744e+00
 -1.14093389e+00 -1.17495621e+00 -1.16496609e+00 -1.14126683e+00
 -1.11983170e+00 -1.11704513e+00 -1.10053370e+00 -1.08092733e+00
 -1.04159597e+00 -1.02146296e+00 -1.00543851e+00 -9.87886764e-01
 -9.70732109e-01 -9.49190351e-01 -9.16209686e-01 -8.70815194e-01
 -8.49097542e-01 -8.23443728e-01 -7.93394382e-01 -7.65310609e-01
 -7.36246223e-01 -7.12049421e-01 -6.85513502e-01 -6.42119809e-01
 -6.23502756e-01 -5.67175295e-01 -5.54160102e-01 -5.12623242e-01
 -4.87024053e-01 -4.55234427e-01 -4.14007420e-01 -3.88473502e-01
 -3.27415099e-01 -3.30190403e-01 -2.62033187e-01 -2.28208378e-01
 -1.82414536e-01 -1.55758449e-01 -1.09578528e-01 -7.11548885e-02
 -2.93008598e-02  3.97784049e-02  3.55131670e-02  8.55138950e-02
  1.01076608e-01  1.50578121e-01  1.88979203e-01  2.30212973e-01
  2.60534625e-01  2.94741219e-01  3.62536034e-01  3.61754874e-01
  4.11713662e-01  4.45842030e-01  4.94415683e-01  5.34223470e-01
  5.82219313e-01  6.18341801e-01  6.62078740e-01  7.02832371e-01
  7.18204151e-01  7.90463863e-01  8.22702292e-01  8.57928258e-01
  8.93155678e-01  9.33456167e-01  9.73372283e-01  1.00904400e+00
  1.04163354e+00  1.07131742e+00  1.09373938e+00  1.11736189e+00
  1.14452402e+00  1.17701641e+00  1.19635754e+00  1.22604630e+00
  1.24797101e+00  1.26995791e+00  1.28577752e+00  1.29858566e+00
  1.31385107e+00  1.33009661e+00  1.33962131e+00  1.35454431e+00
  1.37055495e+00  1.37940491e+00  1.38367618e+00  1.38030190e+00
  1.36577070e+00  1.34458147e+00  1.33884263e+00  1.32920807e+00
  1.30745039e+00  1.29073852e+00  1.26241910e+00  1.23489623e+00
  1.21886259e+00  1.21950879e+00  1.17900729e+00  1.13995578e+00
  1.11590651e+00  1.09227960e+00  1.07686595e+00  1.04639186e+00
  1.02107393e+00  1.00203531e+00  9.69941077e-01  9.37073704e-01
  9.02020007e-01  8.69497048e-01  8.31546223e-01  7.91435480e-01
  7.61875877e-01  7.22610912e-01  6.78389274e-01  6.37668047e-01
  6.05399876e-01  5.62508192e-01  5.20921105e-01  4.72913460e-01
  4.36703164e-01  4.04961867e-01  3.84177678e-01  3.26038554e-01
  2.84429368e-01  2.42952141e-01  2.18343240e-01  1.66326525e-01
  1.28753615e-01  9.20392029e-02  4.21438980e-02  2.01481322e-05
 -2.71887794e-02 -7.56234333e-02 -1.10663808e-01 -1.36420370e-01
 -1.86412334e-01 -2.21534814e-01 -2.60385016e-01 -2.94201474e-01
 -3.30827412e-01 -3.24616801e-01 -4.03693255e-01 -4.45542733e-01]
[ 1.60344845  1.54965982  1.49598019  1.44057675  1.38838563  1.33437652
  1.27987612  1.22880212  1.17861195  1.12871613  1.08117559  1.03442878
  0.9883001   0.93885646  0.88440911  0.83985533  0.7968684   0.75297888
  0.69976776  0.65565773  0.61058728  0.55849081  0.50660033  0.45258065
  0.40012181  0.34852458  0.29485335  0.24128025  0.18780972  0.13447718
  0.08367393  0.03855073  0.00291742 -0.04775781 -0.09968385 -0.15159412
 -0.20328492 -0.25475202 -0.30476197 -0.35315341 -0.38297773 -0.4267819
 -0.47506778 -0.51972363 -0.56595276 -0.60059006 -0.62698883 -0.67214505
 -0.71838281 -0.75222303 -0.76672955 -0.80440848 -0.84664115 -0.88004368
 -0.89016891 -0.92653508 -0.94275556 -0.94695416 -0.9800966  -1.01493753
 -1.0315214  -1.0209767  -1.05127414 -1.08045604 -1.09764506 -1.07602405
 -1.09254482 -1.11524842 -1.13662819 -1.15613949 -1.17113102 -1.17996996
 -1.19416894 -1.20656977 -1.2173593  -1.22651154 -1.2336573  -1.23872088
 -1.24212234 -1.24379903 -1.24304683 -1.24197812 -1.23940009 -1.23327433
 -1.22490051 -1.21478489 -1.20318749 -1.18950147 -1.17394447 -1.15782487
 -1.14174794 -1.12148258 -1.0994601  -1.08659717 -1.10401338 -1.08236964
 -1.05426588 -1.02950268 -1.03643236 -1.01768956 -0.9909962  -0.95579902
 -0.95280472 -0.9295608  -0.89085338 -0.85584001 -0.84509686 -0.81929351
 -0.77738305 -0.73663305 -0.71679322 -0.68961577 -0.64339587 -0.59731449
 -0.56836711 -0.54237946 -0.49381605 -0.44475638 -0.39891855 -0.3523552
 -0.30208899 -0.26419863 -0.22710181 -0.17564444 -0.12779905 -0.07774656
 -0.02559912  0.02675459  0.07927001  0.13191527  0.18419678  0.23671434
  0.28979692  0.34299828  0.39599895  0.44886781  0.50189338  0.55357313
  0.59168257  0.63883277  0.68849578  0.73063238  0.77359735  0.82086317
  0.87319076  0.91774861  0.96166582  1.00687652  1.05305255  1.1004594
  1.15249492  1.20614478  1.25658725  1.31080868  1.36332231  1.41483037
  1.47128954  1.52684383  1.5772928   1.6255165   1.67721976  1.72685138
  1.77461807  1.8229639   1.8319315   1.83554172  1.83978301  1.84498974
  1.8171346   1.77818214  1.73340689  1.68258554  1.62773975  1.57363885
  1.51778457  1.46505302  1.41148348  1.35583952  1.3000397   1.24708373
  1.19482905  1.13977591  1.08964662  1.04100066  0.99287959  0.94562419
  0.8997872   0.85490203  0.81089594  0.76862913  0.71968407  0.6707745
  0.63078187  0.5784426   0.53209582  0.49231559  0.44098494  0.38899845
  0.33557127  0.28469793  0.23300915  0.18002755  0.1271604   0.07622582
  0.02635835 -0.02558763 -0.07468357 -0.1078677  -0.15402383 -0.20502307
 -0.2554792  -0.30495703 -0.35426423 -0.40425565 -0.45393645 -0.48415726
 -0.51930937 -0.56569517 -0.61275282 -0.65639077 -0.69145615 -0.70840809
 -0.74963948 -0.79330763 -0.82931191 -0.83615411 -0.86744182 -0.89408654
 -0.89885442 -0.93174791 -0.96275946 -0.98869748 -0.98573311 -1.01089116
 -1.01394885 -1.00820897 -1.03559782 -1.06116129 -1.079544   -1.09952954
 -1.07973459 -1.08260755 -1.10079737 -1.11614816 -1.12308693 -1.13388546
 -1.14540723 -1.15475342 -1.16228676 -1.16828611 -1.172618   -1.17450463
 -1.17478885 -1.17356793 -1.17110098 -1.16803768 -1.16103509 -1.15242338
 -1.14162532 -1.12915302 -1.11762663 -1.10341246 -1.08577954 -1.08849094
 -1.10514899 -1.0845597  -1.06021732 -1.03516913 -1.00938289 -1.02226774
 -1.01439987 -0.98485079 -0.95300944 -0.95051198 -0.93381597 -0.8999129
 -0.86899431 -0.85337866 -0.83517698 -0.79540054 -0.75977357 -0.73563491
 -0.71457193 -0.66974943 -0.62835733 -0.58710975 -0.54329386 -0.52049983
 -0.48041284 -0.4320474  -0.38782152 -0.34094244 -0.29170968 -0.2419161
 -0.19182025 -0.14123574 -0.09821701 -0.06914912]
[-0.43507199 -0.4504755  -0.47442602 -0.49469502 -0.51662588 -0.53713301
 -0.55819379 -0.57876757 -0.59850238 -0.61372555 -0.62644941 -0.64695398
 -0.66943397 -0.6674324  -0.67584272 -0.69306236 -0.70723954 -0.71163762
 -0.7189892  -0.71843735 -0.73457367 -0.73104465 -0.72609274 -0.73375487
 -0.73934487 -0.74039648 -0.73062343 -0.72708168 -0.72288204 -0.72302754
 -0.71994647 -0.72100852 -0.70625475 -0.69400686 -0.68097293 -0.6709755
 -0.66190308 -0.65711483 -0.64356519 -0.62758239 -0.61332524 -0.60156193
 -0.59154161 -0.574787   -0.54964062 -0.53844941 -0.52505296 -0.51140346
 -0.50356248 -0.48496372 -0.45788078 -0.43267137 -0.41628049 -0.3954999
 -0.36764206 -0.34331733 -0.31707275 -0.27565631 -0.25734733 -0.22160692
 -0.20730185 -0.17480245 -0.15293905 -0.12644066 -0.10453327 -0.08211019
 -0.04974134 -0.03228984  0.01612384  0.03273154  0.05234811  0.06932368
  0.08566459  0.11279485  0.13535626  0.15147508  0.17008033  0.17743311
  0.18566506  0.21288557  0.22398209  0.23726183  0.25005791  0.26747052
  0.27911519  0.29304371  0.31244424  0.3352556   0.35112671  0.37100897
  0.39584326  0.41425293  0.44275895  0.4672348   0.49353739  0.51716897
  0.5378314   0.56856534  0.5846577   0.60465258  0.62254857  0.64514225]
[ 1.11540349  1.13966795  1.16527511  1.16415044  1.17289139  1.16668224
  1.1593525   1.15797834  1.15423527  1.17047687  1.15714477  1.15535872
  1.15469475  1.14058944  1.14509029  1.14653162  1.15193881  1.14336126
  1.15130158  1.13716764  1.13620667  1.14901129  1.16536046  1.12677282
  1.12437598  1.11552315  1.08547667  1.07219459  1.02378387  1.01510483
  0.9783487   0.95750119  0.91968768  0.88245117  0.84375882  0.81087933
  0.72813788  0.73511815  0.71362614  0.6672903   0.62666737  0.60667665
  0.5759804   0.52969908  0.49902259  0.46224854  0.43065381  0.38639359
  0.33843384  0.29139846  0.2443241   0.20352673  0.18040892  0.10508993
  0.09250475  0.03573573  0.00314921 -0.03686531 -0.08738764 -0.12326276
 -0.16520396 -0.21156696 -0.25386688 -0.29064181 -0.35062334 -0.37535913
 -0.41466724 -0.45477389 -0.47653062 -0.52451879 -0.55150436 -0.59949067
 -0.62925057 -0.71235304 -0.70311427 -0.73262006 -0.76109044 -0.79303325
 -0.82832165 -0.85988154 -0.87785465 -0.90560252 -0.93367085 -0.95509944
 -0.9489165  -0.98660479 -1.03151492 -1.02010909 -1.02995669 -1.04463714
 -1.06014441 -1.04459339 -1.07348794 -1.06898745 -1.0625325  -1.07398811
 -1.08072092 -1.04150189 -1.08478204 -1.08277715 -1.07705514 -1.06555834
 -1.05186002 -1.0374334  -1.05241938 -1.04385071 -1.03334176 -1.01463991
 -0.99648567 -0.98237673]
[ 0.09684529  0.05034091  0.00768442 -0.0296825  -0.07495962 -0.13327193
 -0.18157033 -0.21557782 -0.24917638 -0.29685454 -0.33968727 -0.387648
 -0.4569088  -0.47940716 -0.47312648 -0.5392478  -0.57939695 -0.62195803
 -0.65064795 -0.66898343 -0.73795721 -0.76261426 -0.79520634 -0.82441971
 -0.86263568 -0.9013835  -0.91945738 -0.96056097 -0.95951717 -1.01007817
 -1.02170745 -1.05650823 -1.07423663 -1.08015155 -1.09090451 -1.11637009
 -1.12069575 -1.14315277 -1.16331031 -1.14508231 -1.18484982 -1.19471155
 -1.2418885  -1.20622448 -1.18913175 -1.17653781 -1.18387592 -1.15748042
 -1.18758559 -1.18023815 -1.16683472 -1.169965   -1.17028988 -1.16448473
 -1.13807177 -1.12411064 -1.10961458 -1.11011935 -1.13412933 -1.08316655
 -1.08004133 -1.04486357 -1.02712994 -1.00159422 -0.99003955 -0.98980211
 -0.92070657 -0.98686635 -0.86386731 -0.84686787 -0.83185405 -0.79374221
 -0.79609358 -0.75154946 -0.71537432 -0.7089099  -0.65383855 -0.63042281
 -0.60284267 -0.52863879 -0.52178238 -0.48453452 -0.45405855 -0.41925616
 -0.39245217 -0.33172589 -0.28727081 -0.2878287  -0.19904078 -0.14330861
 -0.11315339 -0.08682672 -0.03070167  0.00349916  0.06259368  0.07622689
  0.14837686  0.2157474   0.24263479  0.29240275  0.33701532  0.38214986
  0.44485588  0.4907544   0.54351993  0.56103604  0.60526863  0.65570107
  0.69973329  0.74174847  0.80668265  0.84515504  0.88233942  0.92882713
  0.97128747  0.99685899  1.02631543  1.07155976  1.0891635   1.12511864
  1.1409157   1.20252151  1.23376236  1.2657096   1.28618323  1.28278878
  1.32640229  1.34648299  1.36824394  1.39002757  1.41277096  1.43002517
  1.44920004  1.48488506  1.44984642  1.51109986  1.50239015  1.56884348
  1.54057589  1.53578149  1.55808652  1.57473969  1.54967879  1.51603347
  1.47342208  1.42122339  1.4115266   1.36758046  1.32267536  1.27758242
  1.23400284  1.1891833   1.13981532  1.09218594  1.05329227  1.01890093
  0.9537976   0.92719132  0.81350736  0.84152017  0.83063435  0.75618001
  0.70132574  0.67253691  0.63425343  0.59763499  0.55061473  0.50759468
  0.46326644  0.41747181  0.36975217  0.36930025  0.30155164  0.24532718
  0.19934     0.14526149  0.11619313  0.07853627  0.03409807 -0.0093742
 -0.0516235  -0.13481821 -0.14020489 -0.17550006 -0.22674329 -0.26390741
 -0.30711866 -0.34364562 -0.38409594 -0.39628118 -0.47121347 -0.50703691
 -0.54617461 -0.58621353 -0.62635372 -0.66586601 -0.71016293 -0.745623
 -0.77343261 -0.81216972 -0.85781725 -0.92685251 -0.94464141 -0.97097619
 -1.00401542 -1.03606035 -1.06672877 -1.09643048 -1.12472818 -1.14892496
 -1.16278332 -1.18049098 -1.18909772 -1.22224526 -1.24033991 -1.26617642]
[ 1.51133648  1.45800721  1.40583058  1.35088955  1.30037601  1.24904978
  1.19763872  1.14900311  1.10139347  1.05433131  1.00896642  0.96005156
  0.91512104  0.86653478  0.81499533  0.77126952  0.72466214  0.67744657
  0.62443392  0.57763945  0.5297033   0.47718541  0.42480029  0.3716986
  0.31921698  0.26710458  0.21431653  0.16162424  0.1090365   0.0565772
  0.00510714 -0.04253507 -0.08347485 -0.1281783  -0.17585482 -0.22691494
 -0.27776846 -0.32840482 -0.37798492 -0.4179789  -0.45148345 -0.4965679
 -0.54033202 -0.57786884 -0.62458696 -0.66298265 -0.68523903 -0.72603085
 -0.77101589 -0.80290912 -0.81652812 -0.85582979 -0.88192414 -0.91443265
 -0.9338811  -0.96146327 -0.9743729  -0.98653503 -1.0013185  -1.03393098
 -1.05520906 -1.05938689 -1.08772311 -1.11478008 -1.13085086 -1.1061333
 -1.12315655 -1.14336884 -1.16210686 -1.17899235 -1.19315205 -1.20397067
 -1.21556237 -1.22504618 -1.23282324 -1.23880623 -1.24280448 -1.24472544
 -1.24490371 -1.24325544 -1.23919185 -1.23431988 -1.22785926 -1.21838495
 -1.20685409 -1.19363728 -1.17880943 -1.16202756 -1.14350822 -1.13536394
 -1.12635037 -1.10299465 -1.07806232 -1.05856238 -1.07389907 -1.05204288
 -1.03050898 -1.01089748 -1.00160647 -0.97544615 -0.95661824 -0.92055271
 -0.90347257 -0.88050487 -0.84792498 -0.81062346 -0.79756286 -0.76430677
 -0.72059409 -0.68437636 -0.65764707 -0.62277746 -0.57754242 -0.53933432
 -0.50141623 -0.46632291 -0.41719864 -0.37192003 -0.32856577 -0.27947338
 -0.2289121  -0.18626147 -0.14408433 -0.09263867 -0.04239699  0.00871808
  0.06066675  0.11277005  0.16501254  0.21736661  0.26949225  0.32179399
  0.37449537  0.42728949  0.47996578  0.53257772  0.58531006  0.63377302
  0.67464742  0.72304205  0.76964183  0.81560434  0.85816085  0.9043163
  0.9535385   0.99822643  1.04329508  1.08980605  1.13919429  1.18726886
  1.23991054  1.29269614  1.34332088  1.39780453  1.45114671  1.50371023
  1.55921076  1.61329044  1.66387964  1.71305534  1.76474249  1.81361812
  1.84204689  1.85122448  1.83364117  1.81292392  1.79280738  1.77360364
  1.73326917  1.68449821  1.63371908  1.58033472  1.52591167  1.47264726
  1.41894943  1.36581001  1.31212786  1.25921507  1.20682282  1.15664512
  1.10719788  1.05551482  1.00452937  0.95819357  0.91267885  0.86493088
  0.81911319  0.77449074  0.72827994  0.68761217  0.63725084  0.58690242
  0.54653144  0.49748954  0.4493042   0.40490755  0.35305495  0.30104294
  0.24857502  0.1970992   0.14541844  0.09335049  0.04140139 -0.00975437
 -0.06040976 -0.11160603 -0.16088862 -0.19989512 -0.24718124 -0.29624251
 -0.33677179 -0.38536678 -0.43406662 -0.48312069 -0.5318635  -0.56474562
 -0.59398161 -0.63986053 -0.68602007 -0.72080359 -0.75466961 -0.77446592
 -0.8055864  -0.84632599 -0.86832828 -0.88624544 -0.90768669 -0.93058956
 -0.94542642 -0.97449755 -0.99069465 -1.01758816 -1.00837178 -1.0292558
 -1.0413441  -1.04591817 -1.06616231 -1.07068552 -1.09025735 -1.10936856
 -1.10135843 -1.10728597 -1.12243472 -1.13543489 -1.14420609 -1.15316609
 -1.16124265 -1.16727387 -1.17146569 -1.17401167 -1.17475179 -1.17330559
 -1.17005542 -1.16513905 -1.15883466 -1.15160953 -1.14114297 -1.1290595
 -1.11505107 -1.09931584 -1.10015997 -1.08837019 -1.06747684 -1.05920912
 -1.06257579]
[ 1.60592371e+00  1.55210293e+00  1.49827776e+00  1.44282237e+00
  1.39045226e+00  1.33657821e+00  1.28198723e+00  1.23177016e+00
  1.18222247e+00  1.12983339e+00  1.12223133e+00  1.03803467e+00
  9.88129746e-01  9.38305944e-01  8.83882117e-01  8.39005982e-01
  7.95229613e-01  7.50602783e-01  6.97728200e-01  6.53005760e-01
  6.07279680e-01  5.54947688e-01  5.03154303e-01  4.49409287e-01
  3.83494247e-01  3.44918269e-01  2.91264181e-01  2.38326410e-01
  1.84778562e-01  1.31363101e-01  8.02885162e-02  3.52087109e-02
 -1.22611145e-03 -5.21110560e-02 -1.04162737e-01 -1.55863490e-01
 -2.29742237e-01 -2.58445753e-01 -3.08660756e-01 -3.57332165e-01
 -3.55489246e-01 -4.71005715e-01 -4.80040150e-01 -5.15384673e-01
 -5.71064388e-01 -6.05838196e-01 -6.33696714e-01 -6.78852461e-01
 -7.23817376e-01 -7.39303308e-01 -7.75171638e-01 -8.11892124e-01
 -8.22866119e-01 -8.93066306e-01 -9.00463498e-01 -9.10966110e-01
 -9.52914881e-01 -9.59502953e-01 -9.93180659e-01 -9.95640224e-01
 -1.04378088e+00 -1.03618747e+00 -1.06689738e+00 -1.10645590e+00
 -1.11284598e+00 -1.09332202e+00 -1.11072938e+00 -1.13382328e+00
 -1.15477597e+00 -1.17197022e+00 -1.18749191e+00 -1.19717997e+00
 -1.21158691e+00 -1.22062252e+00 -1.23161288e+00 -1.24093215e+00
 -1.24636296e+00 -1.24960270e+00 -1.25309736e+00 -1.25484402e+00
 -1.25373023e+00 -1.24920169e+00 -1.22354402e+00 -1.24041930e+00
 -1.24898010e+00 -1.24480579e+00 -1.20655782e+00 -1.19288740e+00
 -1.17734560e+00 -1.16118288e+00 -1.14425993e+00 -1.12106556e+00
 -1.09908240e+00 -1.08560814e+00 -1.06202898e+00 -1.07860746e+00
 -1.05057221e+00 -1.04006890e+00 -1.02702078e+00 -1.00753437e+00
 -9.80481988e-01 -9.45473042e-01 -9.40654136e-01 -9.16757573e-01
 -8.78277331e-01 -8.43131734e-01 -8.30754959e-01 -8.04243127e-01
 -7.62545054e-01 -7.79043380e-01 -6.97996153e-01 -6.70070211e-01
 -6.33183071e-01 -5.78464021e-01 -5.48681310e-01 -5.19473744e-01
 -4.73502897e-01 -4.24821393e-01 -3.79083307e-01 -3.32634035e-01
 -2.83671471e-01 -2.46735760e-01 -2.09126426e-01 -1.58001755e-01
 -1.10187520e-01 -6.03108775e-02 -8.47792421e-03  4.35668158e-02
  9.57799265e-02  1.47010860e-01  1.98212559e-01  2.49795824e-01
  3.01506155e-01  3.54148293e-01  4.05579636e-01  4.58284097e-01
  5.09700734e-01  5.59947842e-01  5.97566105e-01  6.43792016e-01
  6.92422438e-01  7.34072479e-01  7.76590479e-01  8.22719608e-01
  8.71016904e-01  9.15260494e-01  9.82162727e-01  1.00063999e+00
  1.04627650e+00  1.09350723e+00  1.14515736e+00  1.17288411e+00
  1.24917368e+00  1.30318095e+00  1.35589939e+00  1.40767368e+00
  1.46405220e+00  1.51918603e+00  1.56997614e+00  1.61868257e+00
  1.67037719e+00  1.72008540e+00  1.76807527e+00  1.81662163e+00
  1.82695849e+00  1.83006709e+00  1.83380346e+00  1.83848865e+00
  1.81215190e+00  1.77209686e+00  1.71575277e+00  1.67928982e+00
  1.62452096e+00  1.57050010e+00  1.51475490e+00  1.40926898e+00
  1.40841065e+00  1.35274485e+00  1.29693670e+00  1.24381022e+00
  1.19165900e+00  1.13661197e+00  1.08644052e+00  1.03782234e+00
  9.66620634e-01  9.44022352e-01  9.00606565e-01  8.56496133e-01
  8.15611971e-01  7.73368887e-01  7.24923248e-01  6.79644682e-01
  6.40429568e-01  5.89042519e-01  5.43369244e-01  5.03927075e-01
  4.53719286e-01  4.03000793e-01  3.46707705e-01  2.99960225e-01
  2.49740430e-01  1.97619278e-01  1.45585342e-01  9.50280025e-02
  4.62684746e-02 -4.79814563e-03 -5.30317662e-02 -8.60002551e-02
 -1.41937471e-01 -1.83028651e-01 -2.33144517e-01 -2.80490170e-01
 -3.29518562e-01 -3.79236151e-01 -4.28638644e-01 -4.58306886e-01
 -4.93005665e-01 -5.39206513e-01 -5.86002039e-01 -6.29589961e-01
 -6.65099859e-01 -6.83514605e-01 -7.24696051e-01 -7.68135449e-01
 -8.04328136e-01 -8.04420441e-01 -8.44877437e-01 -8.72022491e-01
 -8.78837944e-01 -9.11949319e-01 -9.43245438e-01 -9.69663105e-01
 -9.68846290e-01 -9.94436901e-01 -9.99289950e-01 -9.95715609e-01
 -1.02317673e+00 -1.04883578e+00 -1.06939397e+00 -1.09162299e+00
 -1.07450242e+00 -1.07859719e+00 -1.09700243e+00 -1.11266850e+00
 -1.12042707e+00 -1.13163378e+00 -1.14338139e+00 -1.15298207e+00
 -1.16280849e+00 -1.17084036e+00 -1.17543338e+00 -1.18339566e+00
 -1.17817600e+00 -1.17747518e+00 -1.16774094e+00 -1.17584131e+00
 -1.16906419e+00 -1.16066125e+00 -1.15007678e+00 -1.13974740e+00
 -1.13008862e+00 -1.11591899e+00 -1.09842120e+00 -1.10043658e+00
 -1.11803298e+00 -1.09739397e+00 -1.07310575e+00 -1.04807025e+00
 -1.02450989e+00 -1.03593309e+00 -1.02659388e+00 -9.96883581e-01
 -9.65917334e-01 -9.63582720e-01 -9.45713105e-01 -9.11558257e-01
 -8.80083093e-01 -8.65319814e-01 -8.26491703e-01 -8.06233113e-01
 -7.70094091e-01 -7.45886870e-01 -7.24675008e-01 -6.79816922e-01
 -6.38084628e-01 -5.96669851e-01 -5.54547055e-01 -5.55711344e-01
 -4.89634034e-01 -4.41240577e-01 -4.06756356e-01 -3.51367650e-01
 -3.02077253e-01 -2.54347149e-01 -2.02516443e-01 -1.53047723e-01
 -1.09496471e-01 -7.89994779e-02]
[-0.01662306 -0.07125443 -0.11748821 -0.15277915 -0.20243254 -0.25814405
 -0.30597555 -0.33938417 -0.37272809 -0.41802516 -0.4595574  -0.5078486
 -0.57877708 -0.59053454 -0.61421593 -0.64566898 -0.68922635 -0.72955118
 -0.75211955 -0.76409294 -0.83468363 -0.85463041 -0.87850903 -0.91035562
 -0.93853872 -0.97421111 -0.98621987 -1.01747719 -1.01175212 -1.04262038
 -1.06623023 -1.09527132 -1.10587219 -1.10537802 -1.1103783  -1.13498387
 -1.13524773 -1.15372242 -1.16711427 -1.17743168 -1.17914206 -1.18555207
 -1.19585833 -1.18808982 -1.16498919 -1.15070358 -1.15283627 -1.14545568
 -1.14529774 -1.13630115 -1.1212634  -1.11575783 -1.10905337 -1.10072823
 -1.07432606 -1.05827318 -1.04171368 -1.04160443 -1.04513369 -1.01621223
 -1.01754688 -0.97347513 -0.95345985 -0.92598025 -0.91401379 -0.90354226
 -0.86656935 -0.8787606  -0.77611721 -0.77752909 -0.74522922 -0.70506945
 -0.70593327 -0.67011632 -0.62398178 -0.58575629 -0.55460513 -0.53554315
 -0.52176495 -0.42745373 -0.4197831  -0.3814999  -0.35465464 -0.32041614
 -0.29525561 -0.23414349 -0.18967193 -0.14923975 -0.10776042 -0.07437068
 -0.02428109 -0.00457773  0.06671378  0.11078512  0.1385236   0.18178098
  0.22237774  0.29373346  0.31960288  0.37059958  0.4160915   0.46269862
  0.51163539  0.5737206   0.59329834  0.64433152  0.68954303  0.74061011
  0.78492179  0.82938379  0.88188096  0.93574911  0.9687229   1.01007132
  1.04805841  1.06954517  1.10176873  1.12845455  1.14218114  1.17169709
  1.20419102  1.22706607  1.25248013  1.27608745  1.28616632  1.26956028
  1.3049755   1.3153066   1.32610356  1.33748693  1.35032792  1.36602305
  1.38529311  1.39243595  1.40401178  1.4276685   1.42416644  1.47069656
  1.45793748  1.45267393  1.47789845  1.49171058  1.4684748   1.43057505
  1.38962924  1.36593273  1.3338012   1.28999553  1.24782894  1.20248684
  1.16137472  1.11714916  1.06998621  1.0245418   0.98625485  0.94965542
  0.8904669   0.86618261  0.76277189  0.7746615   0.73006767  0.70091223
  0.64442976  0.61345873  0.57471382  0.53733748  0.4906258   0.4478416
  0.40611414  0.36302277  0.31646059  0.32180973  0.24842236  0.19419404
  0.14936883  0.09718145  0.06875514  0.03173737 -0.01137042 -0.05176082
 -0.08889084 -0.17432758 -0.17270276 -0.20725067 -0.25699315 -0.29059582
 -0.32993341 -0.36285729 -0.40147182 -0.41051401 -0.48623709 -0.51805967
 -0.55364845 -0.59049608 -0.62737562 -0.66769559 -0.70817164 -0.74426398
 -0.76710067 -0.81189372 -0.85219002 -0.88603628 -0.92586649 -0.94629571
 -0.97536185 -1.00475294 -1.03872071 -1.0647672  -1.08966028 -1.11075036
 -1.12393646 -1.14204122 -1.16107645 -1.17807432 -1.19962029 -1.22243361]
[ 1.08029914  1.10815164  1.15293393  1.13606563  1.15387026  1.15446211
  1.15421392  1.15935759  1.15911442  1.20814877  1.17911848  1.18434409
  1.19055014  1.18440016  1.19650549  1.20494961  1.23376174  1.21621962
  1.23157463  1.22440102  1.2304729   1.21057866  1.27847314  1.21894823
  1.21260612  1.19791226  1.16119608  1.17648725  1.09790147  1.0854597
  1.0443236   1.01916705  0.97921403  0.94002121  0.89979613  0.86407269
  0.77967921  0.7849751   0.76184425  0.71383544  0.67261544  0.62921743
  0.64649425  0.56982045  0.53777177  0.49939426  0.4657773   0.42169317
  0.37348111  0.32760633  0.27986873  0.2371419   0.21223028  0.07149323
  0.1236209   0.06621233  0.03251435 -0.00876612 -0.06032429 -0.09707255
 -0.14009385 -0.1869731  -0.23028599 -0.26882693 -0.33006819 -0.35543043
 -0.39599963 -0.44984315 -0.46120124 -0.51037281 -0.53606548 -0.58480147
 -0.59437385 -0.6997387  -0.69357773 -0.72419651 -0.75165599 -0.78531745
 -0.82176999 -0.85161438 -0.87062713 -0.89895776 -0.92540532 -0.94875544
 -0.94048144 -0.98070375 -1.02377949 -1.012942   -1.02603246 -1.04154621
 -1.05368915 -0.99833047 -1.07968139 -1.06495819 -1.03139848 -1.07585906
 -1.08293561 -1.04003006 -1.08514252 -1.08553007 -1.08255985 -1.07416076
 -1.06280316 -1.02813777 -1.06637404 -1.05960286 -1.05098795 -1.03494235
 -1.01914705 -1.00660161]
[ 0.07207446  0.01699632 -0.03092848 -0.07184646 -0.1149349  -0.17710498
 -0.22785782 -0.26358692 -0.30113322 -0.35210877 -0.39724604 -0.44759759
 -0.5092675  -0.53538013 -0.5677474  -0.60493939 -0.65032485 -0.68939363
 -0.72165447 -0.74662398 -0.80686483 -0.83223055 -0.86810833 -0.90822383
 -0.94032204 -0.97052618 -0.99271839 -1.03555657 -1.03397467 -1.06378066
 -1.09414956 -1.13011652 -1.15142068 -1.14966229 -1.16186142 -1.18876897
 -1.19735779 -1.21652215 -1.22661543 -1.24672997 -1.25236609 -1.26399239
 -1.26881303 -1.26239582 -1.24996785 -1.24089001 -1.24830029 -1.23537492
 -1.23671129 -1.23112479 -1.21944317 -1.21151196 -1.19690503 -1.19116477
 -1.16767445 -1.1543854  -1.14040988 -1.13893134 -1.13271343 -1.09578565
 -1.08963297 -1.05770295 -1.03959601 -1.01434019 -1.00096295 -0.98694926
 -0.94788132 -0.94126953 -0.85702383 -0.84924617 -0.81870307 -0.77732106
 -0.77546709 -0.73898522 -0.6923476  -0.65601736 -0.62446127 -0.59925382
 -0.58041101 -0.49668352 -0.48342333 -0.4446886  -0.4129853  -0.37570515
 -0.34525238 -0.28747494 -0.24230586 -0.19685653 -0.15309579 -0.12434763
 -0.07415721 -0.04431043  0.02315765  0.06768932  0.09568685  0.1426251
  0.18224592  0.239986    0.27086521  0.31565658  0.35846989  0.40167947
  0.44428121  0.49734847  0.51699655  0.56210921  0.60261713  0.64040804
  0.674541    0.71504061  0.75997349  0.79790317  0.83444752  0.87975396
  0.91274036  0.93324301  0.97673179  1.01883465  1.04575495  1.09079828
  1.13665657  1.17391432  1.21477875  1.25542246  1.28541355  1.29646027
  1.34589127  1.37548968  1.40664153  1.43794068  1.47020846  1.49819369
  1.51832756  1.53073044  1.54740925  1.57611297  1.56332266  1.5983361
  1.57647124  1.56252742  1.57187549  1.57747308  1.54437258  1.50499632
  1.46044281  1.42748787  1.3893852   1.34427555  1.29676225  1.25070014
  1.20648702  1.16870665  1.12942029  1.08254847  1.04340175  1.00940052
  0.95947944  0.93606864  0.85080621  0.85387818  0.80980493  0.77707518
  0.7270453   0.69464723  0.65779004  0.62432797  0.57935188  0.53601461
  0.49833678  0.45320233  0.41103316  0.40460333  0.34421456  0.29243995
  0.24573831  0.1923273   0.16908542  0.13030234  0.08527637  0.04283468
  0.00698163 -0.06412069 -0.07536759 -0.11196567 -0.16207794 -0.20011083
 -0.24344637 -0.2786703  -0.31574299 -0.33185425 -0.40146302 -0.43763951
 -0.47657132 -0.51615912 -0.55578802 -0.59474869 -0.6341205  -0.67303877
 -0.70172792 -0.74686634 -0.78331641 -0.81877144 -0.86168495 -0.88558857
 -0.91799676 -0.94956458 -0.97978456 -1.00917471 -1.04523642 -1.07783859
 -1.09358133 -1.11281535 -1.13544274 -1.15602505 -1.17502817 -1.209268  ]
[-0.99625  -0.98843  -0.97887  -0.96737  -0.95486  -0.94019  -0.92423
 -0.90715  -0.933    -0.94527  -0.92273  -0.89869  -0.87383  -0.84724
 -0.81971  -0.7913   -0.76136  -0.73078  -0.69911  -0.66644  -0.63321
 -0.59877  -0.58222  -0.58442  -0.55122  -0.51308  -0.47422  -0.45738
 -0.44872  -0.40711  -0.3793   -0.36735  -0.35211  -0.32878  -0.28343
 -0.2541   -0.23319  -0.20904  -0.17431  -0.12623  -0.094684 -0.061493
 -0.01225   0.02618   0.058264  0.092956  0.13437   0.18512   0.22526
  0.26582   0.31716   0.36855   0.41996   0.47146   0.51883   0.55991
  0.60953   0.66143   0.71336   0.76532   0.81729   0.86931   0.92133
  0.97338   1.0255    1.0763    1.1207    1.1659    1.2118    1.2591
  1.3069    1.3556    1.4052    1.4479    1.4463    1.4452    1.4447
  1.4942    1.5307    1.5323    1.5347    1.5375    1.5413    1.5456
  1.5504    1.5562    1.5624    1.5694    1.5407    1.5016    1.5108
  1.4952    1.4538    1.4138    1.3744    1.3362    1.2991    1.2627
  1.2279    1.194     1.1611    1.1138    1.0642    1.0147    0.96527
  0.91593   0.86675   0.81764   0.76863   0.71978   0.67101   0.62238
  0.5739    0.5255    0.47732   0.42925   0.38133   0.31542   0.25001
  0.20204   0.15424   0.10656   0.059183  0.01194  -0.035098 -0.10108
 -0.16761  -0.21463  -0.26143  -0.30805  -0.35425  -0.40025  -0.44596
 -0.49125  -0.53632  -0.58089  -0.64129  -0.71421  -0.75982  -0.80384
 -0.84737  -0.89027  -0.93282  -0.97456  -1.0336   -1.1078   -1.151
 -1.1915   -1.2311   -1.2697   -1.3076   -1.3441   -1.3795   -1.414
 -1.4465   -1.4779   -1.5077   -1.5354   -1.5663   -1.6376   -1.6846
 -1.7062   -1.7242   -1.7403   -1.7531   -1.7625   -1.77     -1.7726
 -1.7728   -1.7702   -1.7631   -1.754    -1.7412   -1.7254   -1.7078
 -1.6861   -1.6628   -1.6374   -1.6092   -1.57     -1.4964   -1.4487
 -1.4164   -1.3819   -1.3466   -1.3102   -1.2723   -1.2339   -1.1943
 -1.1539   -1.113    -1.0709   -1.0285   -0.98543  -0.91832  -0.85041
 -0.80688  -0.76291  -0.71863  -0.6737   -0.62852  -0.58297  -0.53701
 -0.48674  -0.41496  -0.35747  -0.31128  -0.26468  -0.21791  -0.17089
 -0.12359  -0.07616  -0.02844   0.019442  0.067465  0.11575   0.16413
  0.21269   0.26142   0.31023   0.35924   0.40835   0.45756   0.52416
  0.58672   0.63582   0.68505   0.73435   0.7838    0.83333   0.88294
  0.93267   0.97785 ]
[ 1.8553e+00  1.8529e+00  1.8539e+00  1.8315e+00  1.7819e+00  1.7863e+00
  1.7412e+00  1.6833e+00  1.6246e+00  1.5708e+00  1.5108e+00  1.4558e+00
  1.4005e+00  1.3405e+00  1.2805e+00  1.2205e+00  1.1605e+00  1.1024e+00
  1.0521e+00  9.9318e-01  9.3345e-01  8.7374e-01  8.1406e-01  7.5442e-01
  7.0353e-01  6.5053e-01  5.9122e-01  5.3195e-01  4.7273e-01  4.2162e-01
  3.7270e-01  3.1392e-01  2.5523e-01  2.0801e-01  1.5935e-01  1.0124e-01
  4.3238e-02  8.7500e-04 -4.7747e-02 -1.0499e-01 -1.6209e-01 -1.9844e-01
 -2.4728e-01 -3.0336e-01 -3.5759e-01 -3.8825e-01 -4.3757e-01 -4.9215e-01
 -5.4648e-01 -6.0051e-01 -6.2781e-01 -6.6915e-01 -7.2139e-01 -7.7252e-01
 -7.9048e-01 -8.3170e-01 -8.8120e-01 -9.2470e-01 -9.3533e-01 -9.7657e-01
 -1.0225e+00 -1.0678e+00 -1.1124e+00 -1.1134e+00 -1.1415e+00 -1.1820e+00
 -1.2216e+00 -1.2600e+00 -1.2572e+00 -1.2687e+00 -1.3022e+00 -1.3343e+00
 -1.3149e+00 -1.3239e+00 -1.3502e+00 -1.3751e+00 -1.3978e+00 -1.3747e+00
 -1.3632e+00 -1.3799e+00 -1.3946e+00 -1.4070e+00 -1.3818e+00 -1.3486e+00
 -1.3551e+00 -1.3591e+00 -1.3175e+00 -1.2830e+00 -1.2814e+00 -1.2776e+00
 -1.2717e+00 -1.2641e+00 -1.2394e+00 -1.1688e+00 -1.1538e+00 -1.1393e+00
 -1.1232e+00 -1.1056e+00 -1.0861e+00 -1.0650e+00 -1.0143e+00 -9.4686e-01
 -9.2234e-01 -8.9621e-01 -8.6890e-01 -8.4043e-01 -8.1083e-01 -7.7979e-01
 -7.4767e-01 -7.1456e-01 -6.8049e-01 -6.4535e-01 -6.0913e-01 -5.7208e-01
 -5.3423e-01 -4.9560e-01 -4.5593e-01 -4.1557e-01 -3.7454e-01 -3.3285e-01
 -2.9041e-01 -2.4727e-01 -2.0358e-01 -1.5935e-01 -1.1457e-01 -6.9121e-02
 -2.3208e-02  2.3155e-02  6.7038e-02  7.7310e-02  1.1771e-01  1.6655e-01
  2.1573e-01  2.6530e-01  2.8481e-01  3.2269e-01  3.7387e-01  4.2429e-01
  4.4540e-01  4.8994e-01  5.2993e-01  5.5469e-01  5.8142e-01  6.1011e-01
  6.4036e-01  6.7215e-01  7.0547e-01  7.4083e-01  7.7760e-01  7.9232e-01
  7.8036e-01  8.2107e-01  8.6328e-01  8.7558e-01  8.7512e-01  9.2077e-01
  9.6796e-01  1.0163e+00  1.0691e+00  1.1282e+00  1.1788e+00  1.2367e+00
  1.2928e+00  1.3465e+00  1.4067e+00  1.4609e+00  1.5152e+00  1.5704e+00
  1.6250e+00  1.6215e+00  1.6630e+00  1.7216e+00  1.7720e+00  1.7715e+00
  1.7719e+00  1.7389e+00  1.6963e+00  1.6988e+00  1.6430e+00  1.5867e+00
  1.5312e+00  1.4759e+00  1.4156e+00  1.3608e+00  1.3039e+00  1.2438e+00
  1.1836e+00  1.1313e+00  1.0742e+00  1.0177e+00  9.7097e-01  9.8186e-01
  9.4830e-01  9.0179e-01  8.6699e-01  8.8170e-01  8.4559e-01  8.0414e-01
  7.6400e-01  7.2520e-01  6.8835e-01  6.5296e-01  6.1904e-01  5.8663e-01
  5.5611e-01  5.2750e-01  5.0051e-01  4.6751e-01  4.1424e-01  3.9054e-01
  3.4807e-01  3.0858e-01  2.8658e-01  2.3593e-01  1.8562e-01  1.5355e-01
  1.3191e-01  8.3324e-02  3.5232e-02  1.1769e-02 -9.7310e-03 -5.5835e-02
 -1.0131e-01 -1.4627e-01 -1.9072e-01 -2.2734e-01 -2.2734e-01 -2.6382e-01
 -3.0492e-01 -3.4539e-01 -3.8518e-01 -4.2399e-01 -4.6206e-01 -4.9936e-01
 -5.3587e-01 -5.7137e-01 -6.0584e-01 -6.3940e-01 -6.7204e-01 -7.0364e-01
 -7.3389e-01 -7.6307e-01 -7.9117e-01 -8.2249e-01 -9.0318e-01 -9.3969e-01
 -9.6331e-01 -9.8563e-01 -1.0064e+00 -1.0254e+00 -1.0430e+00 -1.0591e+00
 -1.0758e+00 -1.1478e+00 -1.1744e+00 -1.1841e+00 -1.1921e+00 -1.1981e+00
 -1.2021e+00 -1.2391e+00 -1.2832e+00 -1.2819e+00 -1.2782e+00 -1.2726e+00
 -1.2895e+00 -1.3335e+00 -1.3219e+00 -1.3082e+00 -1.2929e+00 -1.2893e+00
 -1.3276e+00 -1.3092e+00 -1.2859e+00 -1.2805e+00 -1.3046e+00 -1.2754e+00
 -1.2449e+00 -1.2372e+00 -1.2444e+00 -1.2088e+00 -1.1718e+00 -1.1615e+00
 -1.1535e+00 -1.1124e+00 -1.0701e+00 -1.0571e+00 -1.0358e+00 -9.9015e-01
 -9.4367e-01 -9.2780e-01 -8.9555e-01 -8.5526e-01 -8.3884e-01 -7.8828e-01
 -7.3655e-01 -6.9600e-01 -6.6987e-01 -6.1622e-01 -5.6226e-01 -5.0804e-01
 -4.5919e-01 -4.2947e-01 -3.7555e-01 -3.1970e-01 -2.7129e-01 -2.3566e-01
 -1.7873e-01 -1.2167e-01 -7.3419e-02 -3.1569e-02  2.6307e-02  6.9430e-02
  1.2096e-01  1.7503e-01  2.1910e-01  2.7811e-01  3.3717e-01  3.9093e-01
  4.3929e-01  4.9876e-01  5.4918e-01  6.0400e-01]
