[1.16882628 1.17353971 1.1765882  1.18844009 1.17069911]
[ 0.17745655  0.12712831  0.07641502  0.03679331  0.00386277 -0.0454738
 -0.09277963 -0.11720969 -0.14413341 -0.19161733 -0.23859533 -0.28404764
 -0.32963636 -0.3681153  -0.37504625 -0.40820482 -0.45092001 -0.49274064
 -0.53361854 -0.57323082 -0.60984307 -0.63503191 -0.6658056  -0.70251532
 -0.73731649 -0.77070116 -0.78940236 -0.81083358 -0.84157022 -0.87105925
 -0.89884438 -0.92827136 -0.98856044 -1.00402445 -1.01594446 -1.0376688
 -1.05774461 -1.07623375 -1.09326449 -1.1090934  -1.12470607 -1.17372539
 -1.19267675 -1.19008636 -1.17828746 -1.18093092 -1.18412423 -1.20682056
 -1.23379932 -1.23141469 -1.22674763 -1.22143329 -1.22822109 -1.25161014
 -1.23881418 -1.22522872 -1.21002596 -1.21200473 -1.24630348 -1.22898743
 -1.20554115 -1.19253434 -1.19821002 -1.17060148 -1.15192652 -1.1514488
 -1.14459086 -1.10944138 -1.07357562 -1.05362783 -1.03483687 -1.00449602
 -0.9785179  -0.95627452 -0.92719503 -0.88302269 -0.84383272 -0.82883646
 -0.79512052 -0.75284143 -0.72572167 -0.67923867 -0.63933388 -0.60092577
 -0.56598922 -0.51378118 -0.46181737 -0.40947414 -0.35970083 -0.3215506
 -0.2730769  -0.22717245 -0.17869386 -0.13683639 -0.08173658 -0.02642033
  0.02392653  0.0702077   0.12664179  0.17399411  0.22662189  0.28075712
  0.32680548  0.37770792  0.43235433  0.48683662  0.53799039  0.596879
  0.64927685  0.70377596  0.76222254  0.8203479   0.87872095  0.93356635
  0.98774703  1.04127146  1.09554468  1.15057477  1.20493994  1.2589041
  1.31001452  1.36530566  1.42165729  1.46816674  1.50179313  1.53899193
  1.57499132  1.61111191  1.64089088  1.63897578  1.66122924  1.69813776
  1.69799765  1.65307142  1.65207421  1.65177073  1.62145731  1.61915903
  1.59132102  1.55684758  1.5451073   1.50984438  1.47715757  1.43140238
  1.38257947  1.34448094  1.3003519   1.25130275  1.20308495  1.15442171
  1.10456778  1.0539763   1.00445902  0.95612792  0.905399    0.8560731
  0.80880313  0.75833864  0.70769292  0.65785753  0.61182991  0.56142057
  0.51096577  0.46098496  0.417344    0.36754769  0.3174424   0.27413756
  0.22513019  0.17512745  0.12624144  0.08660687  0.03958815 -0.0092764
 -0.05802447 -0.09979309 -0.14239289 -0.18983212 -0.23789415 -0.2797157
 -0.31990782 -0.36449574 -0.41142551 -0.45841107 -0.50019151 -0.53732241
 -0.57865904 -0.62476796 -0.666057   -0.69752928 -0.74124154 -0.77691246
 -0.80225254 -0.84489137 -0.88484195 -0.90712033 -0.94759801 -0.9868543
 -1.02516337 -1.04130973 -1.07574008 -1.11204994 -1.14687949 -1.15941348
 -1.18516926 -1.21535024 -1.22446307 -1.24203038 -1.26851132 -1.2746088
 -1.27705593 -1.29184349 -1.31065215 -1.31135716 -1.30684643 -1.31969573
 -1.33051456 -1.32801261 -1.31098054 -1.31510474 -1.31708039 -1.31682272
 -1.30913576 -1.27595746 -1.2702939  -1.26219464 -1.25006753 -1.20515722
 -1.19058464 -1.17465387 -1.15473835 -1.13519652 -1.11394131 -1.0906525
 -1.06571507 -1.01696376 -0.98210837 -0.95368752 -0.9244845  -0.89516221
 -0.86398468 -0.83193721 -0.79821202 -0.76401292]
[1.16880307 1.17351642 1.17656388 1.18841652 1.17067592]
[ 1.64802025  1.65594071  1.66003449  1.65066719  1.62710153  1.59890207
  1.55994796  1.52491117  1.4855149   1.45576418  1.42709188  1.38654345
  1.35444627  1.32105806  1.2876091   1.25497755  1.22251274  1.18802932
  1.15982419  1.13019141  1.10007121  1.13087084  1.09835975  1.06491403
  1.01981656  0.99318049  0.94435454  0.89477635  0.84739486  0.80059373
  0.7513115   0.7060728   0.65759654  0.60835598  0.56366006  0.51424757
  0.46609716  0.41687831  0.36865647  0.32297254  0.27394352  0.22673341
  0.17887364  0.13324294  0.08828494  0.03807739 -0.00879955 -0.05269745
 -0.09586068 -0.13882332 -0.18668573 -0.2338877  -0.27621769 -0.31841876
 -0.36213824 -0.40153183 -0.44730929 -0.49279441 -0.530599   -0.57020463
 -0.61089658 -0.65146614 -0.68547662 -0.72526442 -0.76246273 -0.79061549
 -0.82812415 -0.8650879  -0.90019664 -0.9271996  -0.95456131 -0.99185357
 -1.02435536 -1.05338743 -1.07141699 -1.09506801 -1.12276366 -1.14562096
 -1.17287594 -1.19754205 -1.20472427 -1.22015795 -1.24704114 -1.24504114
 -1.26528022 -1.28004123 -1.28731378 -1.29496338 -1.28422078 -1.29097791
 -1.29577766 -1.28954764 -1.28979008 -1.29127676 -1.27897888 -1.25095783
 -1.24539924 -1.23017054 -1.21405316 -1.20297301 -1.18559064 -1.16904558
 -1.14106005 -1.11577894 -1.10334866 -1.07888729 -1.04589931 -1.02285127
 -0.99843904 -0.97777675 -0.9532175  -0.91324433 -0.87492631 -0.85418626
 -0.82773434 -0.78070615 -0.74798125 -0.71556135 -0.68605609 -0.65232189
 -0.61504423 -0.58000635 -0.5449552  -0.50029724 -0.45812025 -0.41911795
 -0.37937948 -0.34311995 -0.30969677 -0.27003007 -0.22819009 -0.18822185
 -0.14385968 -0.10886341 -0.04941079 -0.01442125  0.03040021]
[ 1.66143714  1.62866826  1.65151462  1.64507182  1.60906976  1.56801412
  1.5485092   1.51527283  1.4695153   1.43317353  1.41302164  1.36590241
  1.31507177  1.25701763  1.23236149  1.15478914  1.09905157  1.04138238
  0.98774423  0.93523595  0.88850239  0.83404121  0.77771372  0.7242186
  0.66883237  0.61364083  0.55837991  0.50106673  0.44583695  0.39337571
  0.33953921  0.27400676  0.22135361  0.17527916  0.1267441   0.08569925
  0.03538549 -0.01524699 -0.06714633 -0.12229697 -0.17671827 -0.2248778
 -0.27356694 -0.31487739 -0.34993677 -0.40263124 -0.45064271 -0.49909738
 -0.54802568 -0.59504534 -0.60637174 -0.65394239 -0.70253811 -0.7502267
 -0.78157817 -0.79914563 -0.83246291 -0.87507178 -0.90698039 -0.94788032
 -0.98564818 -1.0263112  -1.03383112 -1.04393745 -1.07330299 -1.09985882
 -1.13646708 -1.15011244 -1.1681399  -1.15500362 -1.18499156 -1.20606587
 -1.215457   -1.25121225 -1.25080135 -1.25668661 -1.27914149 -1.27930908
 -1.28556355 -1.29689939 -1.30603893 -1.31336938 -1.30826838 -1.29984118
 -1.30122046 -1.29840468 -1.28452865 -1.26922566 -1.2631075  -1.25472565
 -1.24598447 -1.23251671 -1.20170096 -1.18010146 -1.16504936 -1.14316446
 -1.12171228 -1.13063297 -1.13315198 -1.09812309 -1.06244716 -1.02647402
 -0.99074296 -0.97204122 -0.97092628 -0.94518548 -0.91027853 -0.87357844
 -0.83617356 -0.79184349 -0.77982791 -0.77207136 -0.72083861 -0.67774371
 -0.64217956 -0.60221822 -0.58092679 -0.53977476 -0.49808858 -0.45243992
 -0.43399135 -0.38121562 -0.33814929 -0.28202525 -0.24818746 -0.19056746
 -0.15208991 -0.09941305 -0.0621039  -0.02706505  0.02985993  0.07865501
  0.13168994  0.18499356  0.22974848  0.27599369  0.31922933  0.37003752
  0.41215102  0.45958326  0.51966828  0.56694341  0.61417058  0.66223947
  0.73458547  0.75500081  0.80790185  0.83632598  0.89397131  0.9170211
  0.97132534  1.01527233  1.06244936  1.09982047  1.12758411  1.1791934
  1.22923525  1.27854129  1.33243631  1.35753585  1.36827072  1.45103892
  1.47561576  1.49713   ]
[ 0.17745039  0.12712194  0.07639751  0.036788    0.0038587  -0.04547766
 -0.09278315 -0.11721197 -0.14413467 -0.19161875 -0.23859661 -0.28404858
 -0.32963703 -0.36811603 -0.37504514 -0.40821018 -0.45091834 -0.4927391
 -0.53361665 -0.57322848 -0.60984026 -0.63502926 -0.66580353 -0.70251335
 -0.73731405 -0.77071191 -0.78939911 -0.81083091 -0.84156783 -0.87105687
 -0.89884159 -0.92826934 -0.98856018 -1.0040245  -1.0159451  -1.03766926
 -1.05774427 -1.07625637 -1.09326481 -1.10909393 -1.12470767 -1.1737301
 -1.19268149 -1.1900905  -1.17829091 -1.18092149 -1.18412831 -1.20682587
 -1.2338057  -1.23142054 -1.22675293 -1.22140293 -1.22821631 -1.25161664
 -1.23886018 -1.22523405 -1.21003072 -1.21200952 -1.24630994 -1.2290322
 -1.20554619 -1.19253875 -1.19821538 -1.17060599 -1.15193083 -1.15145357
 -1.14459653 -1.10944643 -1.07358013 -1.05363197 -1.03483954 -1.00449774
 -0.97851922 -0.95627645 -0.92719728 -0.88302303 -0.84383212 -0.82883657
 -0.79512023 -0.75285652 -0.72571999 -0.67923652 -0.63933145 -0.60092243
 -0.56598521 -0.51377663 -0.46181246 -0.40946834 -0.35969433 -0.32154474
 -0.2730707  -0.22716581 -0.17868679 -0.13682884 -0.08172854 -0.02641211
  0.02393419  0.0702154   0.12664968  0.17400164  0.22662939  0.28076498
  0.32681357  0.37771683  0.43236335  0.48684559  0.53799928  0.59688789
  0.64928564  0.703785    0.76219455  0.82035525  0.87873814  0.93357624
  0.98775696  1.04128198  1.09555561  1.1505861   1.20495243  1.25890878
  1.31002703  1.36531878  1.42170669  1.46818222  1.5018088   1.53900797
  1.57500733  1.61114955  1.64090707  1.6389905   1.66124397  1.69815306
  1.69801132  1.6530811   1.65208421  1.65177712  1.62146025  1.61916029
  1.59131909  1.5568421   1.54509853  1.50983199  1.47714325  1.43139972
  1.38257539  1.34447574  1.30034506  1.25129399  1.20307575  1.15441219
  1.10455641  1.05396361  1.00444648  0.95611481  0.90538385  0.85605681
  0.80875861  0.75832277  0.70767758  0.65784222  0.61181465  0.56140565
  0.51095132  0.46097029  0.41732938  0.36753347  0.3174287   0.27412406
  0.22511646  0.17511417  0.1262283   0.08659445  0.03958346 -0.00928783
 -0.05803558 -0.09980788 -0.14240416 -0.18984295 -0.23790455 -0.27972531
 -0.31991708 -0.36450495 -0.41143432 -0.45841948 -0.50019988 -0.53728083
 -0.5786678  -0.62477654 -0.66606554 -0.69752974 -0.74125968 -0.7769194
 -0.8022594  -0.84489935 -0.88484977 -0.90712707 -0.94760512 -0.98686141
 -1.02517073 -1.04131816 -1.07574818 -1.11205785 -1.14688721 -1.1594208
 -1.18517848 -1.2153605  -1.22447208 -1.2420388  -1.26851926 -1.27461545
 -1.27705337 -1.29184963 -1.31065861 -1.31136246 -1.30685038 -1.31970073
 -1.33048436 -1.32801884 -1.31098509 -1.31510898 -1.31708428 -1.31682629
 -1.30913866 -1.2759582  -1.27031118 -1.26220707 -1.25006738 -1.20515509
 -1.190582   -1.17465094 -1.1547351  -1.13519299 -1.11393751 -1.09064851
 -1.06571075 -1.01695776 -0.98213409 -0.9537164  -0.92447317 -0.89513063
 -0.86397271 -0.83192518 -0.79819999 -0.76400089]
[ 0.60798717  0.61630666  0.6295911   0.64057503  0.61416987  0.49049381
  0.56113607  0.55818496  0.54394748  0.52984412  0.50202219  0.48424507
  0.47226394  0.46101124  0.45118065  0.43932391  0.31138924  0.49099204
  0.40087655  0.39429778  0.39264745  0.38894926  0.38639275  0.37017897
  0.35598696  0.35668506  0.3573425   0.35056752  0.35243832  0.35020819
  0.18136157  0.33717635  0.53098399  0.32411822  0.31684776  0.32565173
  0.31229755  0.3041556   0.29810376  0.28732051  0.29110652  0.28646827
  0.27652979  0.24084806  0.27685502  0.27391857  0.27134083  0.37569361
  0.27822988  0.27147589  0.26411654  0.29199279  0.25386044  0.24944743
  0.25366458  0.26537112  0.35756808  0.22920065  0.20048719  0.17147607
  0.1681296   0.11281055  0.13579609  0.11542073  0.1118042   0.10539814
  0.08648231  0.07360663  0.06164919  0.06843025  0.06548792  0.0494368
  0.04096362  0.16099432  0.14634969  0.08540601  0.13773419  0.10455316
  0.10484453  0.04780806  0.01424129 -0.01227231 -0.03669138 -0.1202773
 -0.08933307 -0.11003242 -0.13759903 -0.15966746 -0.20010978 -0.19581292
 -0.21898074 -0.24009002 -0.25003567 -0.26949577 -0.28535201 -0.36508668
 -0.29857915 -0.32330021 -0.33195413 -0.34613111 -0.35415093 -0.35696295
 -0.37796532 -0.60110411 -0.42390722 -0.48109053 -0.42879554 -0.43224003
 -0.44606642 -0.45592597 -0.47001303 -0.47010951 -0.41181759 -0.47751474
 -0.49258395 -0.49251332 -0.4418751  -0.49099427 -0.49938865 -0.50126389
 -0.4940804  -0.49711513 -0.49914334 -0.49788648 -0.44954363 -0.48514874
 -0.33714972 -0.46829173 -0.47092953 -0.45991319 -0.489604   -0.44183547
 -0.43355843 -0.42015281 -0.41279126 -0.39538688 -0.38726001 -0.37638246
 -0.35002876 -0.33976161 -0.31807363 -0.1578853  -0.2975413  -0.28642953
 -0.27308308 -0.14877228 -0.24025693 -0.21411603 -0.17337724 -0.18473531
 -0.15245609 -0.13626255 -0.14458432 -0.10664759 -0.07736678 -0.04267633
 -0.01860686  0.00129985  0.02469548  0.24798062  0.0989304  -0.09567482
  0.15003485  0.19366383  0.23585329  0.26617421  0.29820088  0.32735788
  0.36482868  0.41507229  0.44746065  0.48218343  0.67114013  0.55062479
  0.57426946  0.57965568  0.57678968  0.55316233  0.53407038  0.51905171
  0.50331419  0.48702621  0.47022614  0.45344797  0.43795308  0.42563947
  0.35352549  0.40609284  0.40412008  0.39248779  0.38030599  0.36882137
  0.36017621  0.35254307  0.346659    0.33219866  0.33364282  0.32392143
  0.31172989  0.29547866  0.37779249  0.28912848  0.28441261  0.27736163
  0.27333397  0.2641014   0.25570727  0.24595736  0.236534    0.22924327
  0.21528971  0.20439184  0.18979482  0.1839969   0.1718079   0.15896759
  0.13917645  0.12609616  0.11428413  0.10253275  0.09160654  0.13178689
  0.04222392  0.04945125  0.05087379  0.02306933  0.01487033  0.01106745
  0.00828459  0.02292071  0.20519236  0.03062016  0.03185016  0.04654761
  0.07311047  0.06848172  0.07514593  0.06306007  0.11274691  0.12516632]
[-1.28195035 -1.25414339 -1.22333045 -1.23248565 -1.1613959  -1.12646633
 -1.08406083 -1.03929319 -1.02035127 -0.97156412 -0.94309667 -0.90449151
 -0.85094865 -0.82517922 -0.77094606 -0.72406928 -0.70516648 -0.67098057
 -0.63067926 -0.58795707 -0.54457661 -0.49230629 -0.43309557 -0.38773818
 -0.34273946 -0.3204544  -0.26449338 -0.21247551 -0.17546857 -0.11328485
 -0.09194064 -0.03866242  0.00927654  0.05577482  0.10081345  0.14691453
  0.20484861  0.24400739  0.29304752  0.33200361  0.36402556  0.3988121
  0.44714157  0.490538    0.51527619  0.54553774  0.57760854  0.61393252
  0.64266732  0.67208923  0.69972819  0.76354778  0.79767321  0.83311927
  0.86500659  0.89147194  0.92587361  0.95930845  1.08494686  1.11764513
  1.14328676  1.15688493]
[ 0.18299115  0.12654919  0.07581644  0.03617309  0.00320392 -0.04613896
 -0.09345397 -0.11511409 -0.14486931 -0.19192104 -0.23928927 -0.28475101
 -0.33034667 -0.36884457 -0.37571051 -0.40902586 -0.45170107 -0.49347891
 -0.53435924 -0.57398063 -0.61334556 -0.63578921 -0.66650979 -0.7031635
 -0.73803034 -0.7713234  -0.7900476  -0.81141601 -0.8459116  -0.87379053
 -0.89936985 -0.92877973 -0.98899305 -1.004428   -1.01633701 -1.03552199
 -1.05812261 -1.07662607 -1.09956698 -1.1093931  -1.1347995  -1.16938449
 -1.19273914 -1.19015367 -1.17834269 -1.18077523 -1.18411774 -1.20674798
 -1.23364742 -1.2312466  -1.2265664  -1.22137394 -1.22796336 -1.25127058
 -1.23850418 -1.22486616 -1.21770649 -1.21160254 -1.24637787 -1.22852057
 -1.20506203 -1.19208998 -1.19795713 -1.17010876 -1.15142869 -1.15084224
 -1.14385501 -1.10884441 -1.07242335 -1.05301996 -1.03419691 -0.9993528
 -0.9779439  -0.95547838 -0.9265456  -0.88041756 -0.84319185 -0.82807491
 -0.79447807 -0.75224456 -0.72772648 -0.6724731  -0.63868552 -0.60028022
 -0.56539858 -0.51317451 -0.45349911 -0.40887319 -0.3590045  -0.32091281
 -0.27244155 -0.22656638 -0.17859841 -0.13624358 -0.08114997 -0.02582905
  0.02452885  0.07083257  0.12726483  0.174637    0.22727219  0.2879076
  0.32741928  0.37835731  0.42949767  0.48745435  0.5386227   0.59750949
  0.65419641  0.7043899   0.7628511   0.82080534  0.87930963  0.93412742
  0.98830051  1.04173577  1.09610652  1.1510631   1.20539283  1.25931814
  1.29868988  1.36565213  1.42175265  1.46824882  1.50187526  1.53905564
  1.57502251  1.61111636  1.64078174  1.64263579  1.6610368   1.6978272
  1.69765824  1.65292996  1.65178772  1.6603448   1.62119282  1.61887646
  1.59112815  1.55667039  1.54499031  1.50978673  1.47783054  1.43143954
  1.38259405  1.34449092  1.30024939  1.25135348  1.20317934  1.15454838
  1.1046673   1.05409868  1.00458077  0.95738557  0.90552158  0.8562569
  0.80889953  0.75845638  0.7078045   0.65810358  0.61194788  0.56477506
  0.5110765   0.46111219  0.41746056  0.36765407  0.32076176  0.27422481
  0.22519786  0.17518558  0.12847066  0.08668388  0.03967692 -0.01009955
 -0.0579614  -0.10664576 -0.14245061 -0.1890231  -0.23787524 -0.27549456
 -0.31989088 -0.36444933 -0.41138003 -0.4630376  -0.5036769  -0.53725675
 -0.57865499 -0.62226889 -0.66601094 -0.69748072 -0.74119964 -0.77686474
 -0.802378   -0.84485701 -0.88483957 -0.90122158 -0.94755736 -0.98679402
 -1.02510307 -1.04660593 -1.07573684 -1.11204349 -1.14687004 -1.15939584
 -1.17826709 -1.21601678 -1.22470805 -1.24196411 -1.26849759 -1.27450884
 -1.27717946 -1.29180769 -1.31056468 -1.31129532 -1.30682471 -1.31966859
 -1.33044649 -1.32786479 -1.31085785 -1.31513997 -1.31723387 -1.31684743
 -1.3091679  -1.27605198 -1.27039607 -1.26215739 -1.2500248  -1.20702554
 -1.19072672 -1.17484183 -1.15490579 -1.13937026 -1.1140785  -1.09078553
 -1.06584194 -1.01713854 -0.98232682 -0.95391454 -0.92472846 -0.8955684
 -0.86425654 -0.83063854 -0.79846637 -0.76426355]
[ 1.64801703  1.65593796  1.66003238  1.65066588  1.62710085  1.59890179
  1.55994808  1.52491164  1.48551566  1.45576528  1.42709331  1.38654524
  1.35444838  1.32106051  1.28761191  1.25498073  1.22251628  1.18803323
  1.15982848  1.13019606  1.10007623  1.1308779   1.09836723  1.06492196
  1.01982447  0.99318871  0.9443628   0.89478467  0.8474032   0.80060205
  0.75131982  0.70608104  0.65760476  0.60836419  0.56366821  0.51425571
  0.46610531  0.41688644  0.36866454  0.32298053  0.27395148  0.22674139
  0.17888159  0.13325082  0.08829281  0.03808521 -0.00879178 -0.05268966
 -0.09585292 -0.1388157  -0.18667816 -0.23388016 -0.27621012 -0.31841133
 -0.36213088 -0.40152444 -0.44730196 -0.49278714 -0.53059195 -0.57019755
 -0.61088956 -0.6514592  -0.68546993 -0.72525772 -0.76245608 -0.79060898
 -0.8281179  -0.86508167 -0.90019044 -0.92719362 -0.95455561 -0.99184799
 -1.02434985 -1.05338196 -1.07141193 -1.09506317 -1.12275894 -1.14561627
 -1.17287146 -1.1975378  -1.20472033 -1.22015437 -1.24703781 -1.24503783
 -1.26527719 -1.2800385  -1.28731143 -1.29496114 -1.28421919 -1.29097667
 -1.29577678 -1.28954695 -1.2897897  -1.29127676 -1.278979   -1.25095851
 -1.24540031 -1.23017184 -1.21405465 -1.20297486 -1.18559283 -1.16904797
 -1.14106265 -1.11578207 -1.10335209 -1.07889096 -1.04590299 -1.02285522
 -0.99844325 -0.97778124 -0.95322221 -0.91324892 -0.87493111 -0.85419127
 -0.82773957 -0.7807112  -0.74798648 -0.71556676 -0.68606171 -0.65232765
 -0.61505013 -0.58001242 -0.54496141 -0.50030328 -0.45812632 -0.41912417
 -0.37938579 -0.34312627 -0.30970313 -0.27003652 -0.22819661 -0.18822843
 -0.14386633 -0.10887015 -0.04941758 -0.01442809  0.03039333]
[ 1.66142252  1.62865348  1.65149971  1.64505813  1.60905684  1.56799872
  1.54849599  1.51526153  1.46950405  1.43316462  1.41301581  1.3658972
  1.31506682  1.2570127   1.23235634  1.15478528  1.09904781  1.04137861
  0.98774017  0.93523219  0.88849946  0.83403849  0.77771106  0.72421601
  0.66883004  0.61363773  0.55837687  0.50106377  0.44583405  0.39337254
  0.33953568  0.2740033   0.22135019  0.17527552  0.12674032  0.08569662
  0.03538333 -0.01524972 -0.0671494  -0.12229987 -0.17672107 -0.22488137
 -0.2735712  -0.31487985 -0.349939   -0.40263356 -0.45064513 -0.49909966
 -0.54802781 -0.595047   -0.60637277 -0.65394295 -0.70253848 -0.75022688
 -0.7815793  -0.7991451  -0.83246116 -0.87507    -0.90697993 -0.94787986
 -0.98564744 -1.0263093  -1.03382745 -1.04393402 -1.07329982 -1.09985572
 -1.13646321 -1.1501082  -1.16813535 -1.15499736 -1.18498421 -1.20605877
 -1.21545164 -1.25120652 -1.25079606 -1.25668183 -1.27913539 -1.27930477
 -1.28555987 -1.29689532 -1.3060345  -1.3133646  -1.30826476 -1.29983897
 -1.30121791 -1.29840202 -1.28452727 -1.2692254  -1.26310693 -1.25472469
 -1.24598315 -1.23251506 -1.20169885 -1.18010232 -1.16504996 -1.1431647
 -1.12171237 -1.13063503 -1.13315513 -1.09812586 -1.06245074 -1.02647825
 -0.99074765 -0.97204623 -0.97093297 -0.94519244 -0.91028507 -0.87358455
 -0.83617925 -0.79184878 -0.77983388 -0.77207873 -0.72084567 -0.67775067
 -0.64218578 -0.60222597 -0.58093393 -0.53978236 -0.49809577 -0.45244669
 -0.4339984  -0.38122362 -0.3381571  -0.28203266 -0.24819334 -0.19057408
 -0.15209616 -0.09941979 -0.06211155 -0.02707053  0.02985566  0.07865074
  0.13168599  0.18498992  0.22974645  0.27599217  0.31922718  0.3700354
  0.41215055  0.45958375  0.51966913  0.56694571  0.61417414  0.66224397
  0.73459164  0.75500789  0.80791027  0.83633501  0.89398061  0.91703226
  0.97133943  1.01528665  1.06246348  1.09983602  1.12760275  1.17921177
  1.22925381  1.27856002  1.33245506  1.3575523   1.36828506  1.45105318
  1.47562895  1.4971407 ]
[ 1.91226384  1.91011316  1.91127025  1.90167763  1.84797102  1.79353637
  1.74004865  1.68693323  1.63078513  1.57569633  1.52397446  1.46699043
  1.41092757  1.35441443  1.30398103  1.25546336  1.20534618  1.14960661
  1.10139044  1.0535465   1.00835525  0.96401341  0.91558686  0.86103489
  0.81830431  0.77743526  0.73614924  0.68254395  0.63794653  0.59709089
  0.54291508  0.48831241  0.43475616  0.38099338  0.34204695  0.30046792
  0.24743838  0.19152493  0.14162481  0.08993312  0.03968538 -0.01238481
 -0.06429908 -0.1160767  -0.16756901 -0.21892747 -0.26995714 -0.30043859
 -0.33135766 -0.38134527 -0.43029377 -0.47881994 -0.5273387  -0.57359261
 -0.60072772 -0.62242586 -0.66812674 -0.71164523 -0.75243812 -0.79629301
 -0.81143593 -0.83072167 -0.86719633 -0.90653711 -0.92425712 -0.92175453
 -0.95762757 -0.99258508 -1.0180076  -1.00551348 -1.02181072 -1.05118652
 -1.07787834 -1.09853623 -1.10548191 -1.08278102 -1.10248988 -1.12066957
 -1.13846491 -1.15478641 -1.16960489 -1.1829069  -1.19291179 -1.20311956
 -1.21138776 -1.21740286 -1.22127329 -1.22321721 -1.22217971 -1.22177257
 -1.21818345 -1.21311054 -1.20564258 -1.19654263 -1.18599329 -1.1733575
 -1.15740392 -1.14294868 -1.12537781 -1.10585271 -1.08509384 -1.06425386
 -1.04525895 -1.04340398 -1.05851136 -1.03010059 -1.00456738 -0.97460206
 -0.94212798 -0.93795965 -0.93557515 -0.90056699 -0.86273345 -0.83892116
 -0.84019081 -0.80118216 -0.75917623 -0.71923705 -0.71075954 -0.68040316
 -0.63498193 -0.58893921 -0.56571435 -0.5410386  -0.49285266 -0.44422249
 -0.39492229 -0.34500763 -0.32034553 -0.28324128 -0.23425107 -0.18406722
 -0.13180561 -0.08040422 -0.02733174  0.02327438  0.07532245  0.12758826
  0.17989397  0.23251417  0.28498924  0.33798049  0.38145542  0.41819195
  0.47195869  0.526631    0.57485842  0.61271514  0.66300823  0.71172068
  0.75217696  0.79267302  0.83559926  0.88028107  0.92257428  0.97286521
  1.02670249  1.07250227  1.11994233  1.1690593   1.22473727  1.27387823
  1.32456858  1.37943739  1.43472352  1.48769734  1.53764414  1.59257078
  1.64545481  1.69684553  1.74891296  1.80088365  1.85018076  1.89866397
  1.90891097  1.89116797  1.83757415  1.78080255  1.72573455  1.67124656
  1.61760015  1.56232695  1.50540403  1.44871322  1.39498302  1.34147972
  1.28465962  1.23350393  1.17976577  1.12298545  1.07315868  1.02471468
  0.97701612  0.93085708  0.88568938  0.84157607  0.79866414  0.74829498
  0.69675134  0.65519673  0.61624931  0.57130418  0.51815823  0.47994662
  0.43473951  0.38094315  0.32594198  0.28474875  0.24779019  0.19502454
  0.14230155  0.08993002  0.03765666 -0.01441592 -0.06608858 -0.11542246
 -0.16613138 -0.21730243 -0.26826441 -0.31979866 -0.36920137 -0.41935446
 -0.46923951 -0.49778502 -0.5252259  -0.57318368 -0.62050536 -0.66745775
 -0.71295212 -0.72642055 -0.75515079 -0.79905392 -0.84144732 -0.85900799
 -0.86821249 -0.90791541 -0.94312767 -0.97042661 -0.96832052 -0.99497299]
[ 1.64796299  1.65586917  1.65996615  1.65060347  1.62704199  1.59885028
  1.55989527  1.52486172  1.48545263  1.45572211  1.42706828  1.38650914
  1.35441564  1.32103099  1.28758569  1.25495764  1.2224961   1.18801609
  1.1598146   1.13018543  1.10006913  1.13087597  1.09836876  1.06492655
  1.01983157  0.99320904  0.94437599  0.89480055  0.8474217   0.80062316
  0.75134392  0.70610498  0.65763381  0.608396    0.56370283  0.51429331
  0.46614581  0.41692985  0.36871047  0.32302784  0.27399964  0.22679394
  0.17893665  0.1333076   0.08835098  0.03814333 -0.00873325 -0.05262935
 -0.09579155 -0.13875367 -0.18661464 -0.23381533 -0.27614435 -0.31834527
 -0.3620631  -0.40145569 -0.4472323  -0.49270829 -0.53051313 -0.57011301
 -0.61080961 -0.65137959 -0.68539132 -0.7251794  -0.76237818 -0.79051458
 -0.82804193 -0.86500613 -0.90011527 -0.92711927 -0.95448253 -0.99177555
 -1.0242778  -1.05331045 -1.07134225 -1.09499424 -1.12269082 -1.14554865
 -1.17280478 -1.19747229 -1.20466268 -1.22009363 -1.24699585 -1.24497798
 -1.26521872 -1.27998148 -1.28723387 -1.29490738 -1.2841689  -1.29092839
 -1.29573042 -1.28950255 -1.28974771 -1.29123676 -1.27894794 -1.25092435
 -1.24536832 -1.23014215 -1.21402715 -1.20294991 -1.18555484 -1.16902796
 -1.14104531 -1.11576842 -1.10334118 -1.0788822  -1.04589652 -1.02285128
 -0.99844193 -0.97778253 -0.95322586 -0.91325985 -0.87491631 -0.85420229
 -0.8277526  -0.78072568 -0.74800339 -0.71558614 -0.68608333 -0.652351
 -0.61507588 -0.58004033 -0.54499098 -0.50033476 -0.45815987 -0.4191596
 -0.37942247 -0.34316465 -0.30974325 -0.27007838 -0.22823963 -0.18827312
 -0.14391274 -0.10894206 -0.04944032 -0.0144794   0.03034943]
[ 1.49345514e-01  9.79231069e-02  4.74189248e-02  8.40792171e-03
 -7.71789992e-02 -7.86273218e-02 -1.26084540e-01 -5.97281396e-02
 -1.80075169e-01 -2.27325802e-01 -2.73426540e-01 -2.30608819e-01
 -3.65835617e-01 -4.03390542e-01 -4.14378298e-01 -4.49280320e-01
 -5.04953929e-01 -5.29974293e-01 -5.69884651e-01 -6.09696100e-01
 -6.41613661e-01 -5.10006211e-01 -7.01613570e-01 -7.33908545e-01
 -7.70986106e-01 -8.00329633e-01 -8.20773973e-01 -8.37195772e-01
 -8.68265912e-01 -8.96218450e-01 -9.23069880e-01 -9.50041057e-01
 -1.00700549e+00 -1.01996347e+00 -1.03203380e+00 -1.05045257e+00
 -1.07214919e+00 -1.14297261e+00 -1.10464282e+00 -1.11958769e+00
 -1.13138481e+00 -1.17399306e+00 -1.19124044e+00 -1.06726495e+00
 -1.17488247e+00 -1.17184810e+00 -1.17696837e+00 -1.19619959e+00
 -1.21914701e+00 -1.21621149e+00 -1.21117310e+00 -1.21230814e+00
 -1.21269957e+00 -1.22840915e+00 -1.10550481e+00 -1.20173718e+00
 -1.18561747e+00 -1.18888354e+00 -1.21797228e+00 -1.19863345e+00
 -1.17772649e+00 -1.16485054e+00 -1.17583268e+00 -1.13974539e+00
 -1.12167802e+00 -1.11786208e+00 -1.10562082e+00 -1.07547559e+00
 -1.03946528e+00 -1.02057892e+00 -9.94844377e-01 -9.71290141e-01
 -9.47311341e-01 -9.17568698e-01 -8.91635509e-01 -8.50928509e-01
 -8.10543160e-01 -7.91350943e-01 -7.63368314e-01 -7.19239038e-01
 -6.90852067e-01 -6.45359576e-01 -6.06272399e-01 -5.68374827e-01
 -5.37220051e-01 -4.82746437e-01 -4.31610188e-01 -3.80237167e-01
 -3.28094411e-01 -1.93318181e-01 -2.98242036e-01 -1.99431949e-01
 -1.52520475e-01 -1.06267769e-01 -5.36182576e-02 -2.10046882e-04
  4.97331171e-02  9.77648430e-02  1.57420300e-01  2.02120549e-01
  2.54950488e-01  3.09243302e-01  3.53964208e-01  4.05316549e-01
  4.58452301e-01  3.50652287e-01  5.64576943e-01  6.25799292e-01
  6.77944651e-01  7.31054459e-01  7.91175731e-01  8.40198201e-01
  9.01743973e-01  9.54943741e-01  1.00862172e+00  1.05864441e+00
  1.00805563e+00  1.16622081e+00  1.21735074e+00  1.26983642e+00
  1.35758976e+00  1.37154311e+00  1.42064012e+00  1.46410994e+00
  1.49717986e+00  1.53123955e+00  1.56083643e+00  1.59394570e+00
  1.62050223e+00  1.61575487e+00  1.63749441e+00  1.66878569e+00
  1.66888183e+00  1.66199836e+00  1.62850394e+00  1.62796032e+00
  1.60160755e+00  1.66385920e+00  1.57664429e+00  1.54497713e+00
  1.54015943e+00  1.50846803e+00  1.47791935e+00  1.42656799e+00
  1.37786721e+00  1.34181084e+00  1.29675698e+00  1.25509829e+00
  1.20828379e+00  1.15928169e+00  1.10968402e+00  1.06086117e+00
  1.00999926e+00  8.54666950e-01  9.14050740e-01  8.68275522e-01
  8.19651899e-01  7.67975901e-01  7.16383224e-01  6.71671908e-01
  6.21686980e-01  6.88607401e-01  4.62381920e-01  4.11784738e-01
  4.27526550e-01  3.78160455e-01  3.27255418e-01  2.83874710e-01
  2.34443449e-01  1.84294634e-01  1.36004406e-01  9.60771397e-02
  4.87703623e-02  2.14447014e-03 -4.87330290e-02 -9.03875008e-02
 -1.36700946e-01 -1.80790941e-01 -3.26049042e-01 -2.71806819e-01
 -3.10565324e-01 -3.55936609e-01 -4.00580275e-01 -4.46357536e-01
 -4.48560124e-01 -5.29823582e-01 -5.68729264e-01 -6.17389274e-01
 -6.55596847e-01 -6.88507410e-01 -7.30510282e-01 -7.66282438e-01
 -7.96891696e-01 -8.34018798e-01 -8.74525723e-01 -9.01370748e-01
 -9.37654972e-01 -9.76168325e-01 -1.01252844e+00 -1.03189887e+00
 -1.06607895e+00 -1.10380375e+00 -1.10706513e+00 -1.15049769e+00
 -1.17312104e+00 -1.20356053e+00 -1.22272374e+00 -1.23196277e+00
 -1.26059297e+00 -1.13722864e+00 -1.27543686e+00 -1.28646885e+00
 -1.30375073e+00 -1.30531794e+00 -1.26704812e+00 -1.31548440e+00
 -1.32680622e+00 -1.32061855e+00 -1.30597128e+00 -1.31401644e+00
 -1.32146739e+00 -1.31602540e+00 -1.30922506e+00 -1.28011366e+00
 -1.27263612e+00 -1.26202745e+00 -1.25096357e+00 -1.21278713e+00
 -1.20346647e+00 -1.18428629e+00 -1.16432755e+00 -1.14324913e+00
 -1.12348968e+00 -1.09839343e+00 -1.07347398e+00 -1.02779426e+00
 -9.92852362e-01 -9.65054690e-01 -9.39058644e-01 -9.12573248e-01
 -8.81656827e-01 -8.49230385e-01 -8.13838071e-01 -7.78043675e-01]
[-1.28195021 -1.25414326 -1.22333033 -1.23248554 -1.16139579 -1.12646623
 -1.08406074 -1.03929312 -1.0203512  -0.97156407 -0.94309663 -0.90449147
 -0.85094862 -0.82517919 -0.77094604 -0.72406926 -0.70516647 -0.67098057
 -0.63067926 -0.58795708 -0.54457663 -0.49230634 -0.43309563 -0.38773825
 -0.34273954 -0.32045447 -0.26449346 -0.21247559 -0.17546866 -0.11328494
 -0.09194074 -0.03866254  0.00927641  0.05577469  0.10081332  0.14691439
  0.20484848  0.24400726  0.29304737  0.33200346  0.3640254   0.39881194
  0.44714141  0.49053784  0.51527602  0.54553757  0.57760836  0.61393235
  0.64266715  0.67208907  0.69972802  0.7635476   0.79767303  0.83311908
  0.86500641  0.89147177  0.92587344  0.95930828  1.08494669  1.11764496
  1.1432866   1.15688477]
[ 1.91226045  1.91010975  1.91126691  1.90167343  1.84796709  1.79353539
  1.74004811  1.68693242  1.63078419  1.57569547  1.52397317  1.46698921
  1.41092644  1.35441315  1.30397924  1.25546101  1.2053433   1.14960366
  1.10138747  1.05354289  1.00835091  0.96400827  0.91558112  0.86102895
  0.81829796  0.77742828  0.73614128  0.68253577  0.63793762  0.59708138
  0.54290583  0.48830294  0.43474645  0.380984    0.342037    0.30045706
  0.24742728  0.19151435  0.14161445  0.08992253  0.03967455 -0.01239485
 -0.06430895 -0.11608678 -0.16757923 -0.21893664 -0.26996622 -0.30044899
 -0.33136914 -0.38135698 -0.43030438 -0.47883018 -0.52734913 -0.57360319
 -0.60073781 -0.62243709 -0.66813815 -0.71165656 -0.75244775 -0.7963025
 -0.81144713 -0.83073427 -0.8672091  -0.90654793 -0.92426844 -0.92176804
 -0.95764126 -0.99259893 -1.01801996 -1.00552715 -1.02182522 -1.05120114
 -1.07789056 -1.09854757 -1.10549428 -1.08279605 -1.10250514 -1.12068266
 -1.13847649 -1.15479799 -1.16961645 -1.1829184  -1.19292143 -1.20312703
 -1.21139514 -1.21741012 -1.22127823 -1.22322029 -1.22218267 -1.22177541
 -1.21818615 -1.21311309 -1.20564424 -1.19654117 -1.18599159 -1.17335569
 -1.15740201 -1.14294666 -1.12537568 -1.10585048 -1.08509008 -1.06424781
 -1.04525286 -1.04339653 -1.0585015  -1.03009073 -1.00455754 -0.97459221
 -0.94211814 -0.93794815 -0.93556207 -0.90055398 -0.8627205  -0.83890744
 -0.84017509 -0.80116649 -0.75916067 -0.71922145 -0.71074221 -0.68038529
 -0.63496421 -0.58892162 -0.56569568 -0.54101894 -0.49283317 -0.44420315
 -0.3949031  -0.34498858 -0.32032542 -0.28322253 -0.23423285 -0.18404911
 -0.13178761 -0.08038632 -0.02731547  0.02328994  0.07533796  0.12760367
  0.17990781  0.2325276   0.28500203  0.33799185  0.38146599  0.41820221
  0.47196776  0.52663894  0.57486549  0.61272216  0.66301456  0.71172524
  0.75217894  0.792675    0.83560127  0.88028154  0.9225725   0.97286316
  1.02670005  1.07249995  1.1199403   1.16905778  1.22473548  1.27387683
  1.32456743  1.37943612  1.43472247  1.48769633  1.53764333  1.59256993
  1.64545401  1.69684194  1.74890881  1.80087976  1.85017668  1.8986571
  1.90890353  1.89115985  1.83756674  1.78079808  1.72573006  1.67124198
  1.61759548  1.5623223   1.50539922  1.44870852  1.39497817  1.34147453
  1.28465428  1.23349857  1.1797602   1.12297991  1.07315331  1.02471231
  0.97701446  0.9308554   0.88568824  0.8415779   0.79866631  0.74829765
  0.69675461  0.65520008  0.61625276  0.57130808  0.51816318  0.47995183
  0.43474541  0.38095033  0.32595051  0.2847577   0.24779822  0.19503404
  0.14231157  0.0899407   0.03766887 -0.01440363 -0.06607621 -0.1154091
 -0.16611651 -0.21728742 -0.26824925 -0.31978213 -0.36918338 -0.41933626
 -0.46922108 -0.49776741 -0.52520918 -0.57316639 -0.62048567 -0.66743753
 -0.71293162 -0.7264014  -0.75513229 -0.79903516 -0.8414283  -0.8589899
 -0.86819582 -0.90789853 -0.94311054 -0.97040983 -0.96830574 -0.99495843]
[ 0.17709849  0.12670735  0.07597723  0.03634435  0.00338848 -0.04595198
 -0.09326443 -0.1177248  -0.14466339 -0.19212156 -0.23909291 -0.28455153
 -0.33014474 -0.36863736 -0.37561917 -0.40879722 -0.45148027 -0.49326851
 -0.5341475  -0.57376585 -0.61038284 -0.63557651 -0.66631252 -0.70297935
 -0.73782809 -0.77114738 -0.78986652 -0.81125426 -0.84197933 -0.87143696
 -0.89922117 -0.92863544 -0.98887211 -1.00432052 -1.01623593 -1.03795459
 -1.0580241  -1.07652922 -1.09352902 -1.10931323 -1.1248613  -1.17379822
 -1.19272499 -1.1901427  -1.17833852 -1.18082231 -1.18412944 -1.20677892
 -1.23370151 -1.23130418 -1.22662667 -1.22139735 -1.22804134 -1.25137567
 -1.23861135 -1.22497584 -1.20976322 -1.21171864 -1.24594964 -1.22866065
 -1.20519465 -1.19221469 -1.19804402 -1.17024946 -1.15156686 -1.15100461
 -1.14405257 -1.10900636 -1.07313821 -1.05318859 -1.03437263 -1.00407468
 -0.97809426 -0.9556738  -0.92671897 -0.88255098 -0.84336057 -0.82827295
 -0.79464547 -0.75240475 -0.72523306 -0.6787562  -0.63885288 -0.60044573
 -0.56555171 -0.51333156 -0.46136889 -0.40902855 -0.3591775  -0.32107996
 -0.27260665 -0.22672117 -0.17826568 -0.13639628 -0.0813013  -0.02598153
  0.02437303  0.07066988  0.12710265  0.17446856  0.22710134  0.2812167
  0.32725723  0.37818837  0.4328074   0.48729388  0.53845763  0.59734483
  0.6497448   0.7042284   0.76267632  0.82068341  0.87915652  0.9339788
  0.98815339  1.04161294  1.09596001  1.15093572  1.20527505  1.25920847
  1.31029288  1.36555979  1.42180763  1.46822072  1.50185643  1.53904657
  1.57502643  1.61113718  1.64082856  1.63882903  1.66110751  1.69793131
  1.69776798  1.65299116  1.65187504  1.65155027  1.62126599  1.61895172
  1.59117462  1.5567068   1.54499842  1.50977371  1.47712426  1.43139867
  1.3825568   1.3444501   1.30023435  1.25129822  1.20311045  1.15447207
  1.10459703  1.05402178  1.00450383  0.9561624   0.9054432   0.85615703
  0.80882005  0.75837867  0.70772811  0.65800213  0.61186973  0.56145246
  0.5109999   0.46103108  0.41738256  0.36757841  0.31746653  0.27416236
  0.22513256  0.17512252  0.12624376  0.08661533  0.03960776 -0.00929077
 -0.05802621 -0.09981699 -0.14248424 -0.18986102 -0.237929   -0.2797661
 -0.31994358 -0.36451062 -0.41144084 -0.45842405 -0.50021629 -0.53730828
 -0.57870533 -0.62488512 -0.66607164 -0.69753856 -0.74125928 -0.77692416
 -0.80239161 -0.84491167 -0.88488562 -0.90723619 -0.94761003 -0.98685126
 -1.02515987 -1.04134262 -1.07577507 -1.11208168 -1.14690803 -1.15943241
 -1.18512214 -1.21532723 -1.2246921  -1.24200404 -1.2685223  -1.2745515
 -1.27716839 -1.29183266 -1.31060168 -1.31132119 -1.30683582 -1.31967927
 -1.33045653 -1.32789052 -1.31086998 -1.3151222  -1.31719338 -1.3168283
 -1.30914423 -1.27600678 -1.27035153 -1.26213583 -1.25000053 -1.20523636
 -1.19065782 -1.17476012 -1.15483111 -1.13525941 -1.11400818 -1.09071559
 -1.06577295 -1.01705383 -0.9822378  -0.95382382 -0.92462282 -0.89542688
 -0.86414312 -0.83208858 -0.79835708 -0.76415544]
[ 1.64801199  1.65591833  1.66001531  1.65065222  1.62709067  1.59889905
  1.55994435  1.52490966  1.48549898  1.45576671  1.42711276  1.38655289
  1.35445782  1.32107177  1.28762505  1.25499578  1.22253326  1.18805219
  1.15984938  1.13021882  1.10010099  1.13090504  1.09839501  1.06495192
  1.01985538  0.9932301   0.94439424  0.89481646  0.84743529  0.80063441
  0.75135255  0.7061116   0.65763809  0.60839797  0.5637019   0.51428931
  0.46613887  0.41691993  0.36869789  0.3230136   0.2739831   0.22677436
  0.17891448  0.13328343  0.08832529  0.03811826 -0.00875949 -0.0526575
 -0.09582095 -0.13878416 -0.18664729 -0.23384991 -0.27618006 -0.31838171
 -0.36210149 -0.40149524 -0.4472729  -0.49275824 -0.5305644  -0.57016577
 -0.61086305 -0.65143304 -0.68544468 -0.72523265 -0.76243135 -0.79056769
 -0.82809476 -0.86505881 -0.90016792 -0.92717257 -0.95453649 -0.99182942
 -1.02433177 -1.05336437 -1.07139597 -1.09504824 -1.12274471 -1.14560322
 -1.17286027 -1.19752762 -1.20471787 -1.22014878 -1.24705093 -1.2450328
 -1.26527335 -1.28003592 -1.28728802 -1.2949611  -1.2842218  -1.29098071
 -1.29578226 -1.2895539  -1.28979951 -1.29128881 -1.27899917 -1.25097439
 -1.24541765 -1.23019048 -1.21407447 -1.20299599 -1.18559956 -1.16907136
 -1.14108717 -1.11580831 -1.10337908 -1.07891876 -1.04593132 -1.02288429
 -0.99847295 -0.97781142 -0.95325282 -0.913285   -0.87493903 -0.85422121
 -0.82776929 -0.78074099 -0.74801658 -0.71559717 -0.6860923  -0.65235843
 -0.61508112 -0.58004366 -0.54499272 -0.50033441 -0.45815752 -0.41915552
 -0.37941724 -0.34315678 -0.30973266 -0.27006612 -0.2282263  -0.1882582
 -0.14389616 -0.10892386 -0.04942056 -0.01445808  0.03037241]
[ 0.17772376  0.12737982  0.07663766  0.03691941  0.00382592 -0.04553653
 -0.09288375 -0.11754404 -0.14464857 -0.19201098 -0.23894199 -0.28443492
 -0.3300639  -0.36864081 -0.37593413 -0.40907807 -0.45173895 -0.49355396
 -0.53440871 -0.57392676 -0.61062029 -0.63598138 -0.66661593 -0.7032609
 -0.73812602 -0.77151729 -0.79019388 -0.81176749 -0.84222549 -0.87169208
 -0.89955074 -0.92887936 -0.98875578 -1.00431175 -1.01607839 -1.03786572
 -1.05800758 -1.07658789 -1.09366612 -1.10950506 -1.12503537 -1.17343782
 -1.19237672 -1.1899431  -1.17836762 -1.18109933 -1.18435983 -1.20694518
 -1.23376251 -1.23143913 -1.22683911 -1.22152641 -1.22829513 -1.25147864
 -1.23879019 -1.22522399 -1.21007453 -1.21194739 -1.24585768 -1.22860476
 -1.20522115 -1.19225663 -1.19773649 -1.17020162 -1.15148941 -1.15102232
 -1.14421011 -1.10910828 -1.0732968  -1.05325662 -1.03470769 -1.00448892
 -0.97860635 -0.95643798 -0.92726773 -0.88315688 -0.84422924 -0.82905559
 -0.795326   -0.75323985 -0.72611019 -0.67968793 -0.63994226 -0.60148481
 -0.5664982  -0.51450146 -0.46265548 -0.41033923 -0.36061331 -0.32252194
 -0.27403185 -0.22811717 -0.17966452 -0.13781817 -0.08284009 -0.0275509
  0.0228107   0.06914285  0.12554469  0.1729411   0.22556987  0.27965814
  0.32573084  0.3766519   0.43129224  0.48576667  0.5369408   0.59579169
  0.64819089  0.70264922  0.76099602  0.81914235  0.87746625  0.93221052
  0.98633079  1.03984832  1.09403003  1.14904345  1.20331694  1.25719397
  1.30826794  1.36348766  1.41974552  1.46615688  1.49994719  1.53725564
  1.57340855  1.60969092  1.63956136  1.63804994  1.66049564  1.69748309
  1.69773175  1.6535268   1.65291835  1.65298777  1.62330033  1.62137087
  1.59375843  1.55922291  1.54719771  1.51185435  1.4790681   1.43329772
  1.38444224  1.34619825  1.30198443  1.25293477  1.20475159  1.15606683
  1.10620052  1.05557749  1.00602214  0.95768433  0.90697556  0.85766607
  0.81038225  0.75995435  0.70927694  0.65948309  0.61349178  0.56306988
  0.51263695  0.46270603  0.41901218  0.36927812  0.31914124  0.27574537
  0.22677675  0.1767979   0.12790032  0.08818986  0.04114102 -0.0077642
 -0.05654799 -0.09841086 -0.14108237 -0.18857062 -0.23666664 -0.27857241
 -0.31881459 -0.36341782 -0.41038354 -0.45740329 -0.49925821 -0.53642888
 -0.57771953 -0.62382509 -0.66513235 -0.69670387 -0.74047269 -0.77617605
 -0.80150767 -0.84419236 -0.8841804  -0.90643123 -0.94679177 -0.98594572
 -1.02410354 -1.04042799 -1.0746323  -1.11094099 -1.14556613 -1.15810803
 -1.18386549 -1.2139818  -1.22296771 -1.24066411 -1.2668474  -1.27303828
 -1.27563146 -1.29042629 -1.30911034 -1.30963773 -1.30531264 -1.31818934
 -1.32900429 -1.32667851 -1.3098804  -1.3140299  -1.31603756 -1.31583807
 -1.30824115 -1.2753487  -1.26974381 -1.26170113 -1.24962535 -1.205024
 -1.1905034  -1.17462089 -1.15476063 -1.13527626 -1.11407131 -1.090835
 -1.06594914 -1.01743283 -0.98301416 -0.95476173 -0.92562578 -0.89634988
 -0.86528135 -0.83357783 -0.79986774 -0.76593214]
[ 1.91217074  1.91001978  1.91117893  1.90158159  1.8478766   1.79344617
  1.73996032  1.68684637  1.63070083  1.57561491  1.52389278  1.46690873
  1.41084599  1.35433272  1.30389721  1.25537716  1.20525778  1.14951815
  1.10130039  1.05345341  1.00825878  0.96391321  0.91548403  0.86093181
  0.81819765  0.77732429  0.73603347  0.68242836  0.63783246  0.59697543
  0.54279973  0.48819675  0.43464019  0.3808776   0.34192654  0.30034335
  0.24731593  0.19140897  0.14151114  0.08981931  0.03957147 -0.01249788
 -0.06441184 -0.11618613 -0.16767078 -0.21902548 -0.27005454 -0.300542
 -0.3314638  -0.38144212 -0.43038418 -0.47890911 -0.52742692 -0.57367989
 -0.60081812 -0.62252031 -0.6682095  -0.71172118 -0.75251094 -0.79636381
 -0.81151406 -0.83080504 -0.86727798 -0.90661493 -0.92433165 -0.9218261
 -0.95769415 -0.9926493  -1.01806939 -1.00558522 -1.02188369 -1.05125665
 -1.07794331 -1.09859736 -1.10554558 -1.08285608 -1.10256268 -1.12073693
 -1.13852735 -1.15484533 -1.16965985 -1.182958   -1.19295713 -1.20315894
 -1.21142289 -1.21743364 -1.22129791 -1.22323588 -1.22219411 -1.22178266
 -1.21818934 -1.21311209 -1.20563928 -1.19653257 -1.18597888 -1.17333921
 -1.15738175 -1.14292271 -1.12534814 -1.1058272  -1.0850749  -1.06422976
 -1.04523141 -1.04336553 -1.05845607 -1.03004239 -1.00451319 -0.97455473
 -0.94207791 -0.93789724 -0.93550088 -0.9004904  -0.86265468 -0.83884142
 -0.8401053  -0.80109429 -0.75908654 -0.71914469 -0.7106585  -0.68030368
 -0.63488251 -0.58883837 -0.5656051  -0.54092159 -0.4927346  -0.4441034
 -0.39480219 -0.34489091 -0.32022543 -0.28311819 -0.23412746 -0.18394277
 -0.13168031 -0.08027807 -0.02720617  0.02340015  0.07544905  0.1277156
  0.18002069  0.23264144  0.28511669  0.33810737  0.38158445  0.41832202
  0.47208584  0.52675778  0.57498592  0.61284752  0.66313859  0.71184791
  0.75230335  0.7928007   0.83572829  0.88041006  0.92270246  0.9729931
  1.02682657  1.07261388  1.12004776  1.16916651  1.22483419  1.27396265
  1.32464046  1.3794953   1.43476802  1.48772907  1.53766417  1.59257771
  1.64544945  1.69681195  1.74885629  1.80081551  1.85009366  1.89854838
  1.90879037  1.89105316  1.83746175  1.78069458  1.7256285   1.67114235
  1.61749788  1.56222486  1.5053019   1.44861467  1.39488594  1.34138148
  1.28456353  1.23341074  1.17967231  1.12289222  1.07306413  1.02462109
  0.97692124  0.93075987  0.88559013  0.84147684  0.79856215  0.74819254
  0.69664861  0.65509057  0.61613938  0.57119206  0.51805201  0.47984143
  0.43463272  0.38083766  0.32583787  0.28464224  0.24767856  0.19491437
  0.14219314  0.08982946  0.03756185 -0.01451021 -0.06618227 -0.11551473
 -0.16622165 -0.21739027 -0.26834279 -0.31987022 -0.36927048 -0.41942214
 -0.4693057  -0.49785554 -0.52529888 -0.57324443 -0.62055701 -0.66750704
 -0.71299907 -0.72647458 -0.75519578 -0.79908779 -0.84147833 -0.85904276
 -0.8682538  -0.90795371 -0.94316244 -0.97044812 -0.96834192 -0.9949931 ]
[ 1.65894473  1.66559423  1.66680788  1.65378438  1.62729908  1.59992989
  1.5585342   1.51957252  1.47889713  1.44672282  1.41683507  1.37335529
  1.34011144  1.30552155  1.27018643  1.23597547  1.20409074  1.16639107
  1.14008263  1.10902086  1.07914768  1.10302584  1.07166419  1.03743299
  0.99331145  0.96710477  0.91767781  0.86853897  0.82018315  0.77532549
  0.72933547  0.68236353  0.63542161  0.58541422  0.54329481  0.4922858
  0.44544351  0.39662094  0.3493667   0.3045717   0.25558389  0.20854353
  0.16083344  0.11703451  0.07360915  0.02107166 -0.02377724 -0.06627286
 -0.11005968 -0.15230618 -0.19975759 -0.24656585 -0.28887011 -0.33084475
 -0.37431937 -0.41375112 -0.4591276  -0.50414811 -0.54211985 -0.58089435
 -0.61894195 -0.6615094  -0.69419691 -0.73710033 -0.77154444 -0.79943107
 -0.83647671 -0.87296446 -0.90754301 -0.93421176 -0.96034221 -0.99736488
 -1.02899662 -1.0577062  -1.07703387 -1.10184393 -1.12876693 -1.15101259
 -1.17706807 -1.20044687 -1.2077857  -1.22419611 -1.25167545 -1.2486503
 -1.26847452 -1.28206222 -1.29116259 -1.298968   -1.28767927 -1.29319127
 -1.29672865 -1.29041754 -1.29233965 -1.29369575 -1.27949332 -1.25107257
 -1.24562711 -1.23159455 -1.21465055 -1.2023045  -1.18634342 -1.16958775
 -1.14082305 -1.11448303 -1.10140834 -1.07799788 -1.04392124 -1.01950694
 -0.99482922 -0.97437012 -0.94958629 -0.90984566 -0.87079903 -0.85086116
 -0.82322546 -0.7763421  -0.74369242 -0.71217566 -0.68040734 -0.64607188
 -0.60821921 -0.57324378 -0.53601481 -0.49336235 -0.45110608 -0.4112403
 -0.37067138 -0.33378224 -0.30057011 -0.26006019 -0.21745442 -0.17864355
 -0.13280462 -0.09698875 -0.03698426 -0.00275488  0.0434266 ]
[ 1.90161541  1.89951257  1.90077726  1.89053453  1.83725222  1.78344869
  1.73017017  1.67720719  1.62123407  1.56639012  1.51473467  1.45774078
  1.40166884  1.34514326  1.29457923  1.24598344  1.19569485  1.13995112
  1.09155485  1.04343399  0.99793795  0.95325757  0.90458642  0.85002765
  0.80694161  0.76565711  0.72392497  0.67034474  0.62581738  0.5848141
  0.53080534  0.47624816  0.42267403  0.36889258  0.32948053  0.28752349
  0.23466056  0.17919049  0.12966529  0.0781644   0.02794767 -0.02411101
 -0.07600939 -0.12751222 -0.17835121 -0.22919583 -0.28002629 -0.31104277
 -0.34219264 -0.39138002 -0.43955838 -0.48780495 -0.53619337 -0.58229899
 -0.60980458 -0.63192074 -0.67651084 -0.71906171 -0.75953128 -0.80316753
 -0.81893568 -0.83864507 -0.87485356 -0.91364958 -0.93072291 -0.92805661
 -0.96343619 -0.99809368 -1.02336711 -1.0117907  -1.02812084 -1.05715272
 -1.08348221 -1.1037355  -1.11083505 -1.08912066 -1.10854065 -1.12631807
 -1.1437068  -1.1596207  -1.17399007 -1.18685332 -1.19639955 -1.20615128
 -1.21394977 -1.21948392 -1.22289782 -1.22436459 -1.22285557 -1.22198126
 -1.21793128 -1.21242348 -1.20492572 -1.19564294 -1.18462704 -1.17155469
 -1.1551723  -1.14028967 -1.12243643 -1.10347456 -1.08330683 -1.06210988
 -1.04277234 -1.03983555 -1.05329545 -1.02475134 -0.99977896 -0.97024651
 -0.93744808 -0.93205852 -0.92869837 -0.89371104 -0.85564127 -0.83156488
 -0.83211408 -0.7929709  -0.75098008 -0.71076885 -0.70137423 -0.67100182
 -0.62550298 -0.57927321 -0.55537922 -0.53012893 -0.48178697 -0.43300547
 -0.38355686 -0.33382825 -0.30869167 -0.27111606 -0.22207577 -0.17193265
 -0.11959776 -0.06807073 -0.01487667  0.03584465  0.0880101   0.14038941
  0.19280671  0.24554946  0.29813036  0.35122444  0.39498386  0.43190538
  0.48556409  0.54030388  0.58859447  0.62691739  0.67708301  0.72566708
  0.76632578  0.80701206  0.85013227  0.89499896  0.93708605  0.98698292
  1.04056463  1.08529411  1.1318615   1.18068851  1.23515476  1.28293898
  1.33227357  1.38566365  1.43950582  1.49112223  1.5398169   1.59335258
  1.64493341  1.69371854  1.74324575  1.79396999  1.84130418  1.88694298
  1.89664032  1.87963906  1.82628813  1.76971033  1.71485785  1.66058229
  1.60715814  1.55188435  1.49497859  1.43867539  1.38509256  1.33147957
  1.27494803  1.22409426  1.17031284  1.11354105  1.06354287  1.01489405
  0.96697363  0.92055403  0.87510292  0.83068749  0.78743423  0.73697425
  0.68552914  0.64370305  0.60433486  0.55909737  0.50633185  0.4680466
  0.42258101  0.36879206  0.31395222  0.27267946  0.23525589  0.18250371
  0.12988477  0.07807032  0.02613588 -0.0256335  -0.07702744 -0.12627287
 -0.17690082 -0.22786752 -0.27808921 -0.32911023 -0.37805574 -0.42789609
 -0.47762852 -0.50654066 -0.53422262 -0.58122955 -0.62779501 -0.67415228
 -0.71930127 -0.73337618 -0.76143594 -0.8044238  -0.84651873 -0.86436516
 -0.8741466  -0.91351467 -0.94817252 -0.97398431]
[ 1.89141597  1.88932743  1.89022971  1.87953697  1.82699034  1.77325265
  1.72011646  1.66739841  1.61180182  1.55719046  1.50560066  1.44880768
  1.39284186  1.33641747  1.28570218  1.23686088  1.18645437  1.13080924
  1.08233639  1.03404457  0.98834961  0.94343654  0.89462673  0.8401565
  0.79688717  0.75551013  0.71350326  0.66004544  0.61568905  0.57451078
  0.52037434  0.46606485  0.41284109  0.35943104  0.31974812  0.27754741
  0.2252909   0.17072148  0.12159916  0.07007212  0.02009124 -0.03144144
 -0.08277409 -0.13347465 -0.18365875 -0.23422717 -0.28453379 -0.31589577
 -0.34703357 -0.39486109 -0.44263867 -0.49086566 -0.53903165 -0.58491343
 -0.6127088  -0.63515252 -0.67872839 -0.72036402 -0.76043173 -0.80379297
 -0.8201182  -0.84019196 -0.87610902 -0.91492614 -0.93218857 -0.92935077
 -0.96423219 -0.99860164 -1.02374082 -1.01308409 -1.02947207 -1.05817887
 -1.08419842 -1.10410534 -1.11138597 -1.09069407 -1.10986367 -1.12731311
 -1.14436846 -1.15993349 -1.17394082 -1.18643406 -1.19561513 -1.20501156
 -1.21241959 -1.21757446 -1.22062929 -1.22172661 -1.21985274 -1.21860883
 -1.21420828 -1.20831019 -1.20074894 -1.19139844 -1.18003342 -1.1666446
 -1.14994997 -1.13476234 -1.1164891  -1.09746198 -1.0777653  -1.05635528
 -1.03680641 -1.03294205 -1.04493092 -1.01600031 -0.99135562 -0.96296248
 -0.93005364 -0.92361157 -0.91911117 -0.88407377 -0.84635194 -0.82216354
 -0.82237218 -0.78346166 -0.74157701 -0.70148276 -0.69131461 -0.66131235
 -0.61625864 -0.57031804 -0.54576548 -0.51969287 -0.47157968 -0.42300843
 -0.37352487 -0.32426688 -0.29905574 -0.26135335 -0.21238247 -0.16205832
 -0.10982363 -0.05844465 -0.00523155  0.04549909  0.09767243  0.15005589
  0.2024153   0.25500629  0.30755268  0.3606461   0.40472515  0.4419657
  0.49542965  0.55017289  0.59863285  0.63750002  0.68760886  0.73609667
  0.77687825  0.8176515   0.86085999  0.90582268  0.94837192  0.9986152
  1.05184004  1.09569637  1.14141583  1.18996739  1.24324908  1.29046031
  1.33901201  1.39094382  1.44335632  1.49362761  1.54107799  1.59323462
  1.64351655  1.69034183  1.73829172  1.78778624  1.8328857   1.87591376
  1.88543109  1.8687606   1.81568632  1.75941481  1.70488657  1.65093516
  1.59784753  1.54289916  1.48633911  1.43054261  1.37737932  1.3238346
  1.2674749   1.2167981   1.16310386  1.1064702   1.05643122  1.00769702
  0.95968257  0.91313256  0.86752606  0.82292801  0.77946174  0.72901547
  0.67740167  0.63518308  0.59551106  0.54981496  0.49725909  0.45900338
  0.41338518  0.35970087  0.3048148   0.26308665  0.22526823  0.17230774
  0.11955851  0.06836358  0.01682742 -0.03509412 -0.08659744 -0.13572984
 -0.18625165 -0.23698239 -0.28644414 -0.33704715 -0.3864447  -0.43676678
 -0.48639365 -0.51570832 -0.54366373 -0.58977363 -0.63598517 -0.68257502
 -0.72793536 -0.74322657 -0.77077045 -0.81297672 -0.85491337 -0.87319216
 -0.88368272 -0.92288399 -0.95746756 -0.98285621 -0.98113322 -1.00762342]
[-1.25231657 -1.22554028 -1.19548149 -1.20400319 -1.13487814 -1.10068704
 -1.05927608 -1.01556247 -0.99671722 -0.94959497 -0.92159585 -0.88400942
 -0.83182493 -0.80651979 -0.75375214 -0.70795798 -0.68938005 -0.65579928
 -0.61657372 -0.57483637 -0.53248788 -0.48134331 -0.42347002 -0.37938225
 -0.33584336 -0.31370414 -0.25858843 -0.20831867 -0.17205224 -0.11108065
 -0.08948071 -0.03671924  0.01035555  0.05643368  0.10114521  0.14681216
  0.20394957  0.24291536  0.29168656  0.33065     0.36268332  0.39735336
  0.44530237  0.4885442   0.51340478  0.54307447  0.57461587  0.61011759
  0.63825569  0.66643147  0.69351525  0.75499641  0.78765493  0.82153587
  0.85202267  0.87717487  0.91038836  0.9423635   1.06351135  1.0948889
  1.11935447  1.13221899]
[ 0.19085911  0.14037803  0.09122334  0.04919386  0.0153466  -0.03422265
 -0.08176988 -0.10674999 -0.134336   -0.18201592 -0.22925037 -0.27503642
 -0.32093689 -0.359899   -0.36860054 -0.4010719  -0.4444179  -0.48629118
 -0.5275768  -0.56763516 -0.60479193 -0.63077752 -0.66165646 -0.69780869
 -0.73284828 -0.76465909 -0.78645295 -0.80837791 -0.83843438 -0.86782829
 -0.89620589 -0.92595945 -0.98543513 -1.00168883 -1.01411816 -1.03510107
 -1.05521505 -1.07074142 -1.09182593 -1.10823914 -1.12424252 -1.17225283
 -1.19158457 -1.18924944 -1.17720879 -1.18221821 -1.18399862 -1.20647679
 -1.2330975  -1.23146546 -1.22757193 -1.22845814 -1.23146551 -1.25274449
 -1.23450826 -1.22789844 -1.21343245 -1.2154418  -1.24844924 -1.2256943
 -1.2090766  -1.19640496 -1.20155063 -1.17464178 -1.15622956 -1.15529454
 -1.14802181 -1.11356655 -1.07831352 -1.05841141 -1.03974861 -1.00976447
 -0.98388332 -0.96137569 -0.9322908  -0.88886286 -0.85008727 -0.83443024
 -0.8017748  -0.75881828 -0.73406552 -0.68792556 -0.64808909 -0.609775
 -0.57476163 -0.52384734 -0.47348095 -0.42155501 -0.37203578 -0.33355278
 -0.28520051 -0.2393386  -0.19172407 -0.15078545 -0.09593974 -0.04082853
  0.00960103  0.05555983  0.11091137  0.15826415  0.21088606  0.26491624
  0.31113865  0.36198477  0.41656792  0.47102375  0.52171369  0.57978989
  0.63227515  0.68673979  0.75081838  0.80335659  0.86011033  0.91609772
  0.9703091   1.02379793  1.07805407  1.13304017  1.18726368  1.24249435
  1.29254055  1.34769322  1.39790001  1.44965515  1.48397996  1.52173212
  1.55839068  1.59142804  1.62496141  1.6247564   1.64775127  1.68489118
  1.68653298  1.64519718  1.64576527  1.64730521  1.61830583  1.61698322
  1.59220389  1.55979354  1.54882507  1.51516362  1.48374205  1.43758904
  1.39051055  1.35378967  1.31133421  1.26418529  1.21584698  1.16748674
  1.1196188   1.07007074  1.02044155  0.97349023  0.92486719  0.87573038
  0.83279251  0.77798887  0.72739407  0.67770614  0.63139227  0.58073726
  0.53044772  0.48059445  0.4365372   0.38675533  0.33687936  0.2932316
  0.24404255  0.19378539  0.14466203  0.10441088  0.0559266   0.00789455
 -0.04111091 -0.08273644 -0.12628283 -0.17402501 -0.22237072 -0.26472477
 -0.30542389 -0.34969627 -0.39629961 -0.44354738 -0.48569805 -0.53107295
 -0.56496207 -0.61130967 -0.65294032 -0.68616304 -0.72647821 -0.76384773
 -0.7899877  -0.83266508 -0.8729386  -0.89622331 -0.93667142 -0.97509506
 -1.01303048 -1.02994581 -1.06475246 -1.10135526 -1.13647848 -1.14973249
 -1.17438335 -1.20405289 -1.21432018 -1.23259656 -1.25949192 -1.26521342
 -1.26901118 -1.28298234 -1.30211442 -1.30390761 -1.30062997 -1.31372177
 -1.32874929 -1.32021213 -1.30463472 -1.30929478 -1.31183415 -1.31211352
 -1.30523639 -1.27381102 -1.26609776 -1.25926392 -1.2486168  -1.20376999
 -1.18949967 -1.17415826 -1.15485885 -1.13588452 -1.11518902 -1.09244515
 -1.06808592 -1.02079083 -0.98175866 -0.95329738 -0.93076595 -0.90498167
 -0.87221977 -0.84227302 -0.80905498 -0.77517982]
[ 0.34532408  0.30417754  0.26132302  0.21730193  0.18036992  0.138796
  0.09741311  0.06557105  0.0300413  -0.02038247 -0.06738042 -0.11212273
 -0.1601765  -0.20309712 -0.22025545 -0.25707978 -0.30309239 -0.34545023
 -0.38618793 -0.42677995 -0.46695482 -0.49942492 -0.53407371 -0.57455759
 -0.61496937 -0.65045841 -0.67130015 -0.69651139 -0.73285661 -0.76759466
 -0.79703908 -0.82852184 -0.88319923 -0.90686455 -0.92676492 -0.94569697
 -0.96770486 -0.98763031 -1.00682567 -1.02769102 -1.04936942 -1.09188842
 -1.11149104 -1.11002256 -1.10475232 -1.11412866 -1.12343265 -1.13970472
 -1.16459314 -1.16309522 -1.16046535 -1.16205349 -1.16608133 -1.18540988
 -1.17574022 -1.16709033 -1.15412547 -1.15264893 -1.17886676 -1.16601934
 -1.15566814 -1.14813786 -1.15458775 -1.13078534 -1.11565765 -1.11503367
 -1.10211707 -1.07008561 -1.04199616 -1.02614305 -1.00922245 -0.98736316
 -0.96676601 -0.94560025 -0.92269918 -0.88674797 -0.84990442 -0.833936
 -0.80665732 -0.76871374 -0.74459178 -0.70559748 -0.67151603 -0.6371229
 -0.60507139 -0.55990393 -0.51693024 -0.47902894 -0.44097999 -0.4087653
 -0.36593212 -0.32334237 -0.27929872 -0.23611119 -0.18730763 -0.14005302
 -0.09489438 -0.05784398 -0.01459221  0.02901255  0.07590702  0.12739016
  0.17063156  0.21737875  0.26518347  0.30904286  0.35154278  0.40578709
  0.45486097  0.50337866  0.55369288  0.59716745  0.64877996  0.69468161
  0.74604282  0.79718426  0.8505926   0.90393559  0.95385269  1.00303147
  1.0529449   1.10756384  1.15882026  1.20894751  1.24896351  1.29118465
  1.33119292  1.37037265  1.40511298  1.41640844  1.44589847  1.48048635
  1.49029256  1.47015829  1.47870303  1.48190823  1.46709884  1.468294
  1.45346146  1.43235795  1.42581709  1.4041913   1.38528286  1.35177656
  1.31865583  1.29346832  1.26424497  1.2329056   1.20040048  1.16195669
  1.12133087  1.09127191  1.06398575  1.03552866  1.00850586  0.97055541
  0.93516171  0.89978812  0.86192492  0.82503699  0.78897721  0.75148093
  0.71354452  0.67674337  0.64390577  0.60526796  0.56891073  0.53455874
  0.49926944  0.45935626  0.41857588  0.37778826  0.33085753  0.28563083
  0.24203659  0.205838    0.16169444  0.11805299  0.06964189  0.02557138
 -0.01711909 -0.06001379 -0.10453275 -0.15144142 -0.19717048 -0.24278871
 -0.28004103 -0.32638716 -0.37011022 -0.40586586 -0.44595551 -0.48483387
 -0.51830065 -0.56102996 -0.60340956 -0.63435529 -0.6763273  -0.71522683
 -0.7520424  -0.77668978 -0.81392516 -0.852689   -0.89051017 -0.91259428
 -0.94572294 -0.98335439 -1.0045845  -1.02255276 -1.04963861 -1.06547357
 -1.08112026 -1.10136911 -1.12565719 -1.13593977 -1.14641454 -1.16290973
 -1.17925425 -1.18298884 -1.18043622 -1.19347007 -1.21156117 -1.21795863
 -1.2163985  -1.19441518 -1.19276131 -1.19681428 -1.19879008 -1.17407085
 -1.17006206 -1.16324929 -1.15269698 -1.13472021 -1.12199145 -1.10776478
 -1.09661748 -1.06670338 -1.04045789 -1.02044065 -0.99806438 -0.9769751
 -0.95283987 -0.92835612 -0.90266225 -0.88079588]
[-0.14429286 -0.19080114 -0.23171915 -0.27234189 -0.30735845 -0.33961522
 -0.37802345 -0.42085733 -0.44755386 -0.48488264 -0.51426628 -0.55129525
 -0.58268345 -0.62137289 -0.64562256 -0.67555963 -0.70854177 -0.73845005
 -0.76319822 -0.78864502 -0.81777869 -0.84348939 -0.8605275  -0.8965609
 -0.91086027 -0.9380173  -0.95741577 -0.98517722 -0.99136513 -1.00988381
 -1.03566223 -1.03681135 -1.05711858 -1.07578132 -1.08091267 -1.08194368
 -1.09600762 -1.106728   -1.11222568 -1.11858705 -1.11264173 -1.12066012
 -1.12549679 -1.1280632  -1.12625061 -1.11894156 -1.1079011  -1.10057666
 -1.09786108 -1.08914536 -1.08027059 -1.07292019 -1.05824884 -1.04852252
 -1.01562826 -1.00168787 -0.97742857 -0.95897214 -0.93961719 -0.91527582
 -0.89067099 -0.85028656 -0.82556716 -0.79232629 -0.76196356 -0.73461102
 -0.70447395 -0.67012274 -0.63751454 -0.59112644 -0.55556425 -0.509882
 -0.46934332 -0.44961912 -0.41449469 -0.39270546 -0.34146346 -0.30982139
 -0.27954257 -0.24244016 -0.20781488 -0.17293864 -0.13855672 -0.10406939
 -0.07672176 -0.03429274 -0.00247178  0.0270484   0.06972867  0.10498506
  0.13432216  0.17063185  0.20870168  0.2387434   0.27468305  0.30918407
  0.34972847  0.38866032  0.42944952  0.46986846  0.51052716  0.55104163
  0.58716132  0.62639765  0.66564238  0.70832641  0.74752829  0.78810615
  0.82821054  0.85980214  0.89400489  0.92328339  0.95262346  0.97831732
  0.99747392  1.02960979  1.04989478  1.06131478  1.07745743  1.09291623
  1.10760509  1.10945151  1.12215002  1.13055707  1.13623018  1.14693259
  1.16620555  1.18597098  1.19990257  1.21675608  1.23371242  1.24650073
  1.26485523  1.28133875  1.28604539  1.30374715  1.31428943  1.31517835
  1.31743379  1.3080179   1.27424077  1.24780181  1.20947537  1.16551741
  1.12176868  1.0772482   1.03360594  0.9941378   0.95023796  0.89747848
  0.86089467  0.82100206  0.77841334  0.73594391  0.69351035  0.6555956
  0.61478648  0.57470538  0.53822807  0.51201663  0.46248778  0.4282551
  0.38816833  0.34688595  0.31115777  0.27211652  0.23136423  0.19386581
  0.15622523  0.11602687  0.07819014  0.04315328]
[ 1.73640000e+00  1.68240000e+00  1.62480000e+00  1.57270000e+00
  1.51590000e+00  1.45830000e+00  1.40070000e+00  1.34310000e+00
  1.28550000e+00  1.42301135e+00  1.17790000e+00  1.12120000e+00
  1.06380000e+00  9.01558347e-01  9.49020000e-01  8.04499482e-01
  8.44420000e-01  7.87250000e-01  7.30100000e-01  6.80820000e-01
  6.27860000e-01  5.70980000e-01  5.14130000e-01  4.58790000e-01
  4.14160000e-01  3.58150000e-01  3.62337433e-01  2.54260000e-01
  2.05450000e-01  1.49470000e-01  9.35610000e-02  3.77270000e-02
 -1.66000000e-03 -5.41750000e-02 -1.09360000e-01 -1.54880000e-01
 -1.97260000e-01 -2.51660000e-01 -3.05480000e-01 -3.37920000e-01
 -3.88310000e-01 -4.41500000e-01 -4.81300000e-01 -5.18400000e-01
 -5.70300000e-01 -6.21920000e-01 -6.73210000e-01 -6.98710000e-01
 -7.40950000e-01 -7.90430000e-01 -8.39480000e-01 -8.80050000e-01
 -1.07082089e+00 -9.44260000e-01 -9.90290000e-01 -9.30513453e-01
 -1.03650000e+00 -1.07950000e+00 -1.12170000e+00 -1.15840000e+00
 -1.15620000e+00 -1.19230000e+00 -1.22950000e+00 -1.23620000e+00
 -1.24540000e+00 -1.27790000e+00 -1.30890000e+00 -1.33860000e+00
 -1.31590000e+00 -1.33200000e+00 -1.35560000e+00 -1.37750000e+00
 -1.37920000e+00 -1.35160000e+00 -1.36730000e+00 -1.38080000e+00
 -1.39230000e+00 -1.36824789e+00 -1.34230000e+00 -1.34740000e+00
 -1.35060000e+00 -1.34930000e+00 -1.29030000e+00 -1.28000000e+00
 -1.27490000e+00 -1.26790000e+00 -1.23660000e+00 -1.18230000e+00
 -1.17020000e+00 -1.15610000e+00 -1.14030000e+00 -1.12280000e+00
 -1.10370000e+00 -1.06030000e+00 -9.98940000e-01 -9.76080000e-01
 -9.51750000e-01 -9.25950000e-01 -8.98880000e-01 -8.70590000e-01
 -8.41140000e-01 -7.96360000e-01 -7.22710000e-01 -6.90790000e-01
 -6.57720000e-01 -6.23720000e-01 -5.88820000e-01 -5.53060000e-01
 -5.16480000e-01 -4.79100000e-01 -4.40960000e-01 -3.18582554e-01
 -1.72393427e-01 -3.21950000e-01 -2.54251700e-01 -2.39430000e-01
 -1.97290000e-01 -1.54610000e-01 -1.11320000e-01 -6.75190000e-02
 -2.32440000e-02  2.14860000e-02  6.66510000e-02  1.04560000e-01
  1.18120000e-01  1.65120000e-01  2.12500000e-01  2.60210000e-01
  3.00331186e-01  3.20280000e-01  3.69450000e-01  4.16240000e-01
  3.81038062e-01  4.85300000e-01  5.15100000e-01  5.55570000e-01
  6.59762796e-01  7.10256939e-01  6.50990000e-01  6.81030000e-01
  7.12840000e-01  8.37375808e-01  7.46020000e-01  7.53210000e-01
  7.90360000e-01  9.00515120e-01  8.04430000e-01  8.69898167e-01
  9.02446794e-01  8.93050000e-01  9.09630000e-01  9.58850000e-01
  1.01390000e+00  1.06090000e+00  1.11800000e+00  1.16750000e+00
  1.22200000e+00  1.27940000e+00  1.33390000e+00  1.38520000e+00
  1.44240000e+00  1.49330000e+00  1.54520000e+00  1.59800000e+00
  1.70789867e+00  1.77111207e+00  1.74700000e+00  1.74500000e+00
  1.74380000e+00  1.74330000e+00  1.74350000e+00  1.70990000e+00
  1.65360000e+00  1.55730039e+00  1.54340000e+00  1.44207453e+00
  1.43660000e+00  1.37990000e+00  1.32600000e+00  1.27160000e+00
  1.21400000e+00  1.15750000e+00  1.10710000e+00  1.04990000e+00
  9.99360000e-01  9.51210000e-01  9.32310000e-01  9.24240000e-01
  8.79280000e-01  8.35520000e-01  7.93230000e-01  7.99570000e-01
  7.77885991e-01  7.38470000e-01  7.01200000e-01  5.27408922e-01
  6.30960000e-01  5.98300000e-01  3.96178456e-01  5.10470000e-01
  4.81330000e-01  4.43660000e-01  3.63227803e-01  3.70330000e-01
  3.19130000e-01  2.93880000e-01  7.97088554e-02  2.18440000e-01
  1.86410000e-01  1.37570000e-01  5.71520737e-02  7.70240000e-02
  3.17800000e-02 -1.50460000e-02  4.76462773e-02 -9.10260000e-02
 -1.10790000e-01 -1.55260000e-01 -1.99240000e-01 -2.42620000e-01
 -2.85470000e-01 -3.26152489e-01 -3.38833228e-01 -4.10530000e-01
 -4.50970000e-01 -4.90740000e-01 -5.29660000e-01 -5.67830000e-01
 -6.05210000e-01 -6.41780000e-01 -6.77480000e-01 -7.12290000e-01
 -7.46160000e-01 -7.78900000e-01 -8.10560000e-01 -8.41140000e-01
 -8.70590000e-01 -8.98880000e-01 -9.71487498e-01 -7.51714076e-01
 -9.76080000e-01 -9.35096595e-01 -1.02040000e+00 -1.07190000e+00
 -1.12280000e+00 -1.14030000e+00 -1.15610000e+00 -1.17020000e+00
 -1.18230000e+00 -1.19270000e+00 -1.23610000e+00 -1.18013836e+00
 -1.33942948e+00 -1.28320000e+00 -1.28440000e+00 -1.33890000e+00
 -1.34740000e+00 -1.34230000e+00 -1.38883078e+00 -1.31567626e+00
 -1.32360000e+00 -1.36680000e+00 -1.35160000e+00 -1.24422018e+00
 -1.31470000e+00 -1.32030000e+00 -1.33200000e+00 -1.42402202e+00
 -1.28080000e+00 -1.25433708e+00 -1.27790000e+00 -1.24540000e+00
 -1.21170000e+00 -1.19350000e+00 -1.19230000e+00 -1.15410000e+00
 -1.11480000e+00 -1.11531249e+00 -1.06200000e+00 -1.03650000e+00
 -1.03551174e+00 -9.56930000e-01 -9.44260000e-01 -8.97590000e-01
 -8.79899548e-01 -8.26420000e-01 -7.90430000e-01 -7.40950000e-01
 -7.12460776e-01 -6.73210000e-01 -6.21920000e-01 -5.70300000e-01
 -5.37800000e-01 -4.94480000e-01 -4.41500000e-01 -3.88310000e-01
 -3.37920000e-01 -3.05480000e-01 -2.51660000e-01 -1.97260000e-01
 -1.54880000e-01  5.94918811e-02 -5.41750000e-02  1.11600000e-03
  5.63430000e-02  9.60110000e-02  1.49470000e-01  1.95800000e-01
  2.45330000e-01  3.01710000e-01  4.57454952e-01  3.55660634e-01
  4.57320000e-01  5.14130000e-01  5.63520000e-01  6.15880000e-01
  8.51724891e-01  7.30100000e-01  9.35806107e-01  8.35110000e-01
  8.91660000e-01  9.49020000e-01  1.00640000e+00  1.06070000e+00
  1.11290000e+00  1.17040000e+00  1.22800000e+00  1.28550000e+00
  1.32815076e+00  1.40070000e+00  1.45570000e+00  1.50930000e+00
  1.56640000e+00  1.61940000e+00  1.67330000e+00]
[-1.1499   -1.1654   -1.1795   -1.1916   -1.2018   -1.2105   -1.2173
 -1.2219   -1.2249   -1.2263   -1.225    -1.2223   -1.218    -1.2112
 -1.2028   -1.1929   -1.1809   -1.167    -1.1517   -1.1347   -1.1157
 -1.0955   -1.0739   -1.0503   -1.0515   -1.0728   -1.0442   -1.0144
 -0.98357  -0.95139  -0.95162  -0.94934  -0.91298  -0.87547  -0.85398
 -0.85624  -0.81665  -0.77488  -0.73532  -0.72892  -0.69805  -0.65279
 -0.60689  -0.58474  -0.56043  -0.51227  -0.46363  -0.41469  -0.36544
 -0.34278  -0.30561  -0.25467  -0.20339  -0.1519   -0.10022  -0.048281
  0.003876  0.05619   0.10869   0.16141   0.21426   0.26725   0.32045
  0.36279   0.39764   0.4517    0.50586   0.55643   0.5928    0.64328
  0.69311   0.73206   0.77272   0.81443   0.85721   0.90173   0.95277
  1.0082    1.0547    1.1023    1.1522    1.2092    1.2605    1.3127
  1.3698    1.427     1.4816    1.5329    1.5902    1.6449    1.6977
  1.7516    1.8062    1.8614    1.9174    1.9295    1.91      1.853
  1.7969    1.7414    1.6865    1.6327    1.5769    1.5195    1.4621
  1.4081    1.3546    1.2973    1.245     1.192     1.1349    1.0847
  1.036     0.98822   0.94198   0.8967    0.85238   0.8096    0.75796
  0.70584   0.66534   0.62644   0.58223   0.52746   0.48989   0.44559
  0.39153   0.33764   0.29627   0.26127   0.20828   0.15545   0.10276
  0.050258 -0.002025 -0.054149 -0.10608  -0.15773  -0.20919  -0.26045
 -0.31136  -0.36202  -0.41246  -0.46252  -0.49107  -0.51771  -0.56587
 -0.61354  -0.66084  -0.70772  -0.72106  -0.74787  -0.79211  -0.83547
 -0.85441  -0.86236  -0.90246  -0.94169  -0.96842  -0.96128  -0.98861
 -1.0229   -1.0562   -1.0422   -1.0474   -1.076    -1.1027   -1.1282
 -1.144    -1.1129   -1.1179   -1.1366   -1.1536   -1.1686   -1.1822
 -1.1943   -1.2039   -1.212    -1.2187   -1.2228   -1.2252   -1.2261
 -1.2247   -1.2214   -1.2165   -1.2097   -1.2007   -1.1902   -1.1782
 -1.1637   -1.1479   -1.1308   -1.1114   -1.0907   -1.0779   -1.1058
 -1.0938   -1.0665   -1.0378   -1.0076   -0.9952   -1.0098   -0.97693
 -0.94128  -0.90784  -0.91247  -0.88904  -0.84873  -0.80751  -0.79356
 -0.77732  -0.73305  -0.68805  -0.64261  -0.59672  -0.58163  -0.54975
 -0.50155  -0.45282  -0.40377  -0.35443  -0.30471  -0.27497  -0.2433
 -0.19202  -0.14045  -0.0887   -0.036764  0.015458  0.067832  0.12036
  0.17311   0.22601   0.27905   0.33225   0.37008   0.40963   0.46369
  0.50188   0.54579   0.60056   0.63932   0.68692   0.74089   0.78179
  0.82392   0.86706   0.91161   0.95746   1.0042    1.0521    1.1012
  1.154     1.2111    1.2621  ]
[-0.99942  -1.0068   -1.0325   -1.0203   -1.0501   -1.0787   -1.106
 -1.132    -1.1565   -1.1719   -1.1431   -1.161    -1.1782   -1.1937
 -1.2074   -1.2194   -1.2295   -1.2376   -1.2435   -1.2476   -1.2496
 -1.2497   -1.2478   -1.244    -1.2382   -1.2301   -1.2202   -1.2085
 -1.1949   -1.1796   -1.1626   -1.1438   -1.1233   -1.1012   -1.106
 -1.1083   -1.0811   -1.0526   -1.0228   -1.0315   -1.0096   -0.99891
 -0.98751  -0.95045  -0.91504  -0.91313  -0.87644  -0.83523  -0.81191
 -0.78935  -0.75219  -0.73656  -0.69093  -0.64487  -0.61752  -0.58263
 -0.53484  -0.49157  -0.46603  -0.4168   -0.36735  -0.3177   -0.27851
 -0.24137  -0.19071  -0.13992  -0.088962 -0.037881  0.013318  0.064628
  0.11604   0.16756   0.21917   0.27089   0.3227    0.37458   0.42654
  0.47858   0.53068   0.58285   0.6351    0.68741   0.73115   0.77665
  0.82569   0.86808   0.92107   0.96375   1.0071    1.0514    1.0968
  1.1431    1.1911    1.2449    1.2935    1.3463    1.3975    1.4489
  1.503     1.5571    1.6111    1.6652    1.7166    1.7678    1.8196
  1.8721    1.9206    1.9202    1.8709    1.8177    1.7651    1.7131
  1.6619    1.6111    1.5571    1.503     1.4489    1.3949    1.3427
  1.2923    1.2383    1.1844    1.1356    1.0882    1.0418    0.99644
  0.95001   0.89696   0.85377   0.81173   0.7622    0.71598   0.67139
  0.62146   0.58285   0.53068   0.47858   0.43738   0.39343   0.34187
  0.2904    0.23902   0.18776   0.13661   0.085573  0.034655 -0.016138
 -0.0668   -0.11732  -0.16766  -0.21785  -0.26787  -0.3177   -0.36735
 -0.4136   -0.43919  -0.48676  -0.53484  -0.58263  -0.63012  -0.66913
 -0.69093  -0.73656  -0.7817   -0.80147  -0.83264  -0.86     -0.87644
 -0.91313  -0.91504  -0.95045  -0.95644  -0.97543  -1.0096   -1.0315
 -1.0228   -1.0526   -1.0381   -1.0527  ]
[ 1.0498    0.99397   0.93814   0.88418   0.83435   0.77868   0.72302
  0.67543   0.62118   0.56573   0.5103    0.46042   0.41075   0.3556
  0.30049   0.24706   0.20362   0.14888   0.094188  0.039557 -0.004663
 -0.053665 -0.10779  -0.16183  -0.21042  -0.25107  -0.30443  -0.35767
 -0.41076  -0.44575  -0.49437  -0.5465   -0.59843  -0.63853  -0.67586
 -0.7265   -0.7717   -0.79765  -0.84665  -0.89523  -0.91664  -0.95724
 -1.0036   -1.0494   -1.0778   -1.1002   -1.143    -1.1851   -1.2235
 -1.2235   -1.2603   -1.2974   -1.3332   -1.3376   -1.35     -1.3807
 -1.4099   -1.4247   -1.4074   -1.4305   -1.4515   -1.42     -1.428
 -1.4423   -1.4544   -1.4344   -1.4106   -1.4158   -1.4189   -1.4127
 -1.3567   -1.3532   -1.3475   -1.3398   -1.2905   -1.258    -1.2449
 -1.2299   -1.2132   -1.1838   -1.117    -1.0959   -1.0732   -1.049
 -1.0234   -0.9965   -0.93971  -0.88624  -0.85645  -0.82554  -0.79357
 -0.76058  -0.72661  -0.69162  -0.65577  -0.61908  -0.58161  -0.54338
 -0.4856   -0.42087  -0.38131  -0.34111  -0.30032  -0.25892  -0.21695
 -0.17446  -0.13148  -0.088029 -0.044129 -0.014794  0.008188  0.053889
  0.099949  0.14635   0.19311   0.24019   0.28757   0.33522   0.36521
  0.40016   0.43768   0.46879   0.51303   0.54089   0.59108   0.61832
  0.64716   0.67754   0.70942   0.74277   0.77753   0.81368   0.83491
  0.83023   0.86999   0.91101   0.89882   0.93618   0.98062   1.0262
  1.0777    1.1292    1.1797    1.2353    1.291     1.3462    1.3949
  1.4505    1.5063    1.5576    1.6082    1.6596    1.7118    1.7446
  1.7422    1.7404    1.7393    1.7389    1.6859    1.6783    1.6383
  1.5846    1.5317    1.4776    1.4231    1.3706    1.3146    1.2586
  1.2027    1.152     1.0971    1.0461    0.99772   0.95036   0.92703
  0.91975   0.88708   0.89289   0.85078   0.81003   0.81946   0.79176
  0.75462   0.71885   0.68449   0.65159   0.62018   0.58596   0.53648
  0.50857   0.45817   0.42973   0.38519   0.35361   0.31573   0.28042
  0.25003   0.20218   0.15462   0.10937   0.094017  0.049185  0.003526
 -0.041753 -0.063897 -0.09249  -0.13589  -0.17881  -0.22125  -0.26316
 -0.30452  -0.34528  -0.38541  -0.42489  -0.46372  -0.50184  -0.53924
 -0.57586  -0.61168  -0.64666  -0.68076  -0.71393  -0.74604  -0.77711
 -0.80712  -0.836    -0.86373  -0.91568  -0.97099  -0.99565  -1.0189
 -1.0408   -1.0612   -1.0798   -1.0969   -1.1123   -1.126    -1.1705
 -1.2093   -1.2181   -1.225    -1.23     -1.2374   -1.2947   -1.295
 -1.2919   -1.2869   -1.2798   -1.3019   -1.3203   -1.307    -1.2918
 -1.2829   -1.3136   -1.2922   -1.269    -1.2441   -1.2541   -1.2428
 -1.2126   -1.1811   -1.1632   -1.1626   -1.1265   -1.0893   -1.0511
 -1.0484   -1.0143   -0.97256  -0.93007  -0.90489  -0.88081  -0.83556
 -0.78977  -0.74686  -0.73003  -0.68206  -0.63371  -0.58499  -0.55445
 -0.51523  -0.46498  -0.41446  -0.37043  -0.33785  -0.28614  -0.23425
 -0.20222  -0.15193  -0.099112 -0.046168 -0.003271  0.040866  0.094509
  0.14824   0.19949   0.23923   0.2935    0.34785   0.39072   0.44217
  0.49693   0.54524   0.59379   0.64888   0.70401   0.75771   0.80335
  0.85874   0.91415   0.96232   1.0156    1.0712    1.1269    1.1794
  1.2302  ]
