[-0.92953032 -1.00272943 -0.99818894 -1.01965826 -1.0057665  -1.00508137
 -1.03154678 -1.05761085 -1.08317594 -1.01014939]
[ 3.72980272e-01  3.25674828e-01  2.68120595e-01  2.33609720e-01
  1.89079261e-01  1.37435856e-01  8.62046072e-02  5.55362930e-02
  2.48649250e-02 -2.46557142e-02 -7.22634011e-02 -1.19826864e-01
 -1.73813859e-01 -2.08141477e-01 -2.30356532e-01 -2.55136794e-01
 -3.11865210e-01 -3.47173265e-01 -3.88308216e-01 -4.31484879e-01
 -4.72474686e-01 -5.08589679e-01 -5.45757112e-01 -5.86613297e-01
 -6.17225570e-01 -6.44600661e-01 -6.77251324e-01 -7.03868324e-01
 -7.43555454e-01 -7.79079029e-01 -8.01029004e-01 -8.22559229e-01
 -8.81597334e-01 -9.14661073e-01 -9.38786648e-01 -9.62937988e-01
 -9.73705121e-01 -9.88325752e-01 -1.00837976e+00 -1.02813062e+00
 -1.04806366e+00 -1.09483364e+00 -1.12051585e+00 -1.13252878e+00
 -1.14340737e+00 -1.15473535e+00 -1.16026074e+00 -1.17757133e+00
 -1.19699795e+00 -1.19929356e+00 -1.18895156e+00 -1.20347357e+00
 -1.21431664e+00 -1.24174377e+00 -1.23499564e+00 -1.22766332e+00
 -1.21522761e+00 -1.21766245e+00 -1.23973991e+00 -1.23322544e+00
 -1.21183743e+00 -1.20483362e+00 -1.21346511e+00 -1.19172137e+00
 -1.17009447e+00 -1.17101066e+00 -1.15693892e+00 -1.13488137e+00
 -1.10911753e+00 -1.08416053e+00 -1.10224900e+00 -1.05418164e+00
 -1.04046504e+00 -1.02772704e+00 -9.97987545e-01 -9.65418159e-01
 -9.28246622e-01 -9.06043087e-01 -8.81171181e-01 -8.56457620e-01
 -8.17986133e-01 -7.89343618e-01 -7.46081133e-01 -7.08880542e-01
 -6.78149544e-01 -6.32482795e-01 -5.95590931e-01 -5.56444608e-01
 -5.12145429e-01 -4.75034520e-01 -4.26500205e-01 -3.80386703e-01
 -3.41910407e-01 -3.09073225e-01 -2.58780935e-01 -2.07071555e-01
 -1.58303332e-01 -1.12591329e-01 -6.13529716e-02 -1.72903972e-02
  2.61258855e-02  7.65965798e-02  1.16183374e-01  1.56237267e-01
  2.57486644e-01  2.86529424e-01  3.36296114e-01  3.92628558e-01
  4.44289241e-01  4.93692491e-01  5.47026111e-01  5.99915020e-01
  6.64362389e-01  7.15957127e-01  7.71070708e-01  8.37441048e-01
  8.81525790e-01  9.37880051e-01  9.96775420e-01  1.04893220e+00
  1.10171657e+00  1.15507177e+00  1.21114145e+00  1.26691579e+00
  1.31724188e+00  1.36822884e+00  1.41937770e+00  1.47034304e+00
  1.51600904e+00  1.53030845e+00  1.56912071e+00  1.61498838e+00
  1.63054062e+00  1.61293924e+00  1.63187640e+00  1.66051695e+00
  1.63301810e+00  1.62628969e+00  1.62019908e+00  1.58867149e+00
  1.56729185e+00  1.55122238e+00  1.52293132e+00  1.45116022e+00
  1.41940739e+00  1.38927900e+00  1.35537434e+00  1.33106639e+00
  1.29661938e+00  1.24862160e+00  1.24395671e+00  1.20334882e+00
  1.15608039e+00  1.11245269e+00  1.08668371e+00  1.03113544e+00
  9.94417199e-01  9.43964409e-01  8.91198350e-01  8.40717324e-01
  7.94870615e-01  7.43685510e-01  6.92521826e-01  6.42021359e-01
  5.92064392e-01  5.44489306e-01  4.89526427e-01  4.46880834e-01
  3.97652173e-01  3.44064272e-01  2.85826668e-01  2.47392907e-01
  1.97725162e-01  1.43810695e-01  9.25070368e-02  3.43787245e-02
 -9.58398489e-04 -5.44137995e-02 -9.61897214e-02 -1.44694333e-01
 -1.91960885e-01 -2.44366497e-01 -3.05889109e-01 -3.49720871e-01
 -3.92201133e-01 -4.29716140e-01 -4.70998893e-01 -5.29381107e-01
 -5.70152676e-01 -5.99659488e-01 -6.51064438e-01 -6.95690411e-01
 -7.18673216e-01 -7.66375922e-01 -8.10598855e-01 -8.40245339e-01
 -8.72363129e-01 -9.10473678e-01 -9.42349028e-01 -9.72101998e-01
 -1.00693817e+00 -1.04558792e+00 -1.08887630e+00 -1.09458456e+00
 -1.10988615e+00 -1.13663080e+00 -1.15033288e+00 -1.17607046e+00
 -1.21980572e+00 -1.21959947e+00 -1.24145029e+00 -1.24911537e+00
 -1.27204945e+00 -1.26918719e+00 -1.27034606e+00 -1.28282132e+00
 -1.28902360e+00 -1.29379335e+00 -1.28344588e+00 -1.28957022e+00
 -1.27220986e+00 -1.28390963e+00 -1.28899855e+00 -1.26698365e+00
 -1.26614651e+00 -1.26314250e+00 -1.24486024e+00 -1.22514077e+00
 -1.21064977e+00 -1.20799819e+00 -1.19555326e+00 -1.18313467e+00
 -1.18253302e+00 -1.15109131e+00 -1.13260687e+00 -1.09333091e+00
 -1.06822510e+00 -1.05136515e+00 -1.02793606e+00 -1.00213208e+00
 -9.73180734e-01 -9.47472948e-01 -9.16678439e-01 -8.82619560e-01
 -8.38491876e-01 -8.16632345e-01 -7.98234881e-01 -7.77105411e-01
 -7.41288559e-01 -7.06528661e-01 -6.66851420e-01 -6.27963272e-01
 -5.87888118e-01 -5.27012652e-01 -5.06570989e-01 -4.70212787e-01
 -4.31206943e-01 -3.91591234e-01]
[-0.92953037 -1.00272948 -0.99818898 -1.01965831 -1.00576654 -1.00508141
 -1.03154681 -1.05761088 -1.08317596 -1.01014941]
[ 1.52797569  1.53501271  1.53197793  1.51467324  1.49364664  1.4502952
  1.42480701  1.38954637  1.35403045  1.31845381  1.29017737  1.25365162
  1.219312    1.18453837  1.1496392   1.11400846  1.07629905  1.03948947
  1.00196853  0.97181924  0.93585878  0.94856317  0.91406429  0.87924856
  0.82939788  0.79760666  0.75637606  0.70297864  0.65506109  0.60772828
  0.56320952  0.52381523  0.47249123  0.42403387  0.37838667  0.3355105
  0.28869208  0.24372396  0.19959198  0.15879833  0.11261602  0.06427983
  0.02115656 -0.0141032  -0.05901659 -0.10463585 -0.15017924 -0.19535632
 -0.23369423 -0.27316622 -0.3134399  -0.35566057 -0.39310384 -0.43694146
 -0.47229662 -0.5048431  -0.5423195  -0.58373833 -0.61457543 -0.65366035
 -0.68704943 -0.73163505 -0.75584061 -0.7894152  -0.826016   -0.86113045
 -0.88776906 -0.92218105 -0.94571203 -0.97069027 -0.99405914 -1.0259272
 -1.0531172  -1.08164656 -1.08993262 -1.11845537 -1.13944038 -1.15926003
 -1.17858555 -1.19787126 -1.20140416 -1.21058677 -1.22630202 -1.23057876
 -1.24126082 -1.24951791 -1.25407435 -1.24991908 -1.23030144 -1.22356328
 -1.22979453 -1.22157045 -1.21609603 -1.20836958 -1.18658718 -1.16016581
 -1.14821427 -1.13419955 -1.11772163 -1.10101142]
[-0.93067361 -1.00392124 -0.99938576 -1.02086992 -1.00696495 -1.00627412
 -1.03274138 -1.05882427 -1.08440628 -1.01132362]
[ 1.17387739  1.13296718  1.09179322  1.0586847   1.0115037   0.96517969
  0.90007637  0.85469935  0.81282621  0.75609659  0.70354664  0.65843158
  0.60490718  0.553571    0.50466908  0.45521717  0.41406794  0.3717386
  0.31234304  0.26943374  0.22937524  0.17471371  0.13120345  0.08301251
  0.0378355   0.00478386 -0.05092465 -0.09162738 -0.14501396 -0.18103749
 -0.22627688 -0.26629996 -0.30806088 -0.35105398 -0.3996663  -0.4337995
 -0.47222222 -0.50838421 -0.55062868 -0.58690373 -0.62752813 -0.6623117
 -0.70399695 -0.72913753 -0.76463408 -0.80262868 -0.83732011 -0.85504461
 -0.88555785 -0.9181457  -0.9534873  -0.97076449 -0.99959671 -1.02563947
 -1.05434464 -1.06614429 -1.08534959 -1.10285723 -1.1234129  -1.13707149
 -1.15690426 -1.15924929 -1.1489423  -1.17270341 -1.18550681 -1.18342743
 -1.17301608 -1.18548629 -1.18744524 -1.18442778 -1.16818467 -1.17645001
 -1.184681   -1.18495634 -1.16240253 -1.12635809 -1.11621828 -1.09394327
 -1.0862486  -1.06814504 -1.06571105 -1.04235212 -1.02940963 -1.01466996
 -0.99888593 -0.97446098 -0.94986626 -0.90851581 -0.88510375 -0.86194456
 -0.83785354 -0.81021434 -0.78322016 -0.75418247 -0.72682987 -0.68314555
 -0.65870297 -0.62585869 -0.59323231 -0.5560306  -0.51972147 -0.48620662
 -0.44744913 -0.41224259 -0.38665942 -0.34957801 -0.30863946 -0.2707726
 -0.22891298 -0.19429518 -0.15708982 -0.11666595 -0.07235059 -0.02759967
 -0.00392257  0.03586522  0.07879697  0.11543012  0.15726287  0.19142459
  0.24744862  0.2695006   0.31449473  0.35628519  0.39046737  0.43331919
  0.47692082  0.51524926  0.55125279  0.58347812  0.61466202  0.64375281
  0.69728855  0.73423969  0.75796236  0.8011877   0.83603307  0.86800521
  0.91041106  0.92775266  0.94801508  0.98285997  1.01426586  1.03042357
  1.06542632  1.10202095  1.14870154  1.16660149  1.20286119  1.24804523
  1.27645263  1.30910779  1.34049792  1.37086306  1.41065003  1.43237237
  1.4639673   1.46015902  1.45576556  1.44921041  1.45086028  1.42313432
  1.41728072  1.38054437  1.36005481  1.34337756  1.30937459  1.28501684
  1.2674279   1.2322667   1.21518997  1.18575145  1.16851205  1.16190905
  1.13957799  1.09529868  1.0651803   1.02341139  0.96460288  0.93325456
  0.88941614  0.84531201  0.80565886  0.76517975  0.72486994  0.6853639
  0.63654288  0.59920647  0.55498482  0.5076166   0.45962951  0.4326258
  0.38094001  0.34412042  0.30686368  0.26046174  0.2170288   0.175283
  0.1432002   0.09985384  0.06199551]
[ 3.72983335e-01  3.25679711e-01  2.68123554e-01  2.33612598e-01
  1.89082098e-01  1.37438630e-01  8.62073213e-02  5.55421403e-02
  2.48676989e-02 -2.46531896e-02 -7.22631432e-02 -1.19824520e-01
 -1.73811585e-01 -2.08139314e-01 -2.30354409e-01 -2.55134742e-01
 -3.11868111e-01 -3.47171369e-01 -3.88306382e-01 -4.31483150e-01
 -4.72473064e-01 -5.08588170e-01 -5.45755713e-01 -5.86611144e-01
 -6.17224371e-01 -6.44599526e-01 -6.77250279e-01 -7.03867471e-01
 -7.43554707e-01 -7.79078383e-01 -8.01028475e-01 -8.22558823e-01
 -8.81597049e-01 -9.14660874e-01 -9.38786678e-01 -9.62938123e-01
 -9.73705309e-01 -9.88325988e-01 -1.00838374e+00 -1.02813101e+00
 -1.04806432e+00 -1.09483456e+00 -1.12051453e+00 -1.13252987e+00
 -1.14340839e+00 -1.15473643e+00 -1.16026202e+00 -1.17757276e+00
 -1.19699949e+00 -1.19929518e+00 -1.18895322e+00 -1.20347534e+00
 -1.21431847e+00 -1.24174572e+00 -1.23499757e+00 -1.22766531e+00
 -1.21523130e+00 -1.21767278e+00 -1.23974226e+00 -1.23322782e+00
 -1.21183987e+00 -1.20483614e+00 -1.21346773e+00 -1.19172398e+00
 -1.17009717e+00 -1.17101095e+00 -1.15694459e+00 -1.13488428e+00
 -1.10911439e+00 -1.08416365e+00 -1.10225210e+00 -1.05418478e+00
 -1.04046826e+00 -1.02773032e+00 -9.97990906e-01 -9.65425476e-01
 -9.28257244e-01 -9.06046553e-01 -8.81174725e-01 -8.56461176e-01
 -8.17989669e-01 -7.89347202e-01 -7.46084842e-01 -7.08884222e-01
 -6.78153201e-01 -6.32486479e-01 -5.95594649e-01 -5.56448330e-01
 -5.12149133e-01 -4.75038247e-01 -4.26503936e-01 -3.80390468e-01
 -3.41914228e-01 -3.09077011e-01 -2.58784680e-01 -2.07075269e-01
 -1.58306982e-01 -1.12595032e-01 -6.13566475e-02 -1.72940163e-02
  2.61223546e-02  7.65931382e-02  1.16179963e-01  1.56234009e-01
  2.57483545e-01  2.86529140e-01  3.36293269e-01  3.92625850e-01
  4.44286723e-01  4.93690188e-01  5.47023929e-01  5.99913086e-01
  6.64360706e-01  7.15955681e-01  7.71069506e-01  8.37443924e-01
  8.81525117e-01  9.37877123e-01  9.96775247e-01  1.04893347e+00
  1.10171326e+00  1.15507236e+00  1.21114225e+00  1.26691690e+00
  1.31724312e+00  1.36823029e+00  1.41938002e+00  1.47034618e+00
  1.51600906e+00  1.53030813e+00  1.56912314e+00  1.61499099e+00
  1.63054236e+00  1.61294061e+00  1.63187938e+00  1.66052003e+00
  1.63302120e+00  1.62629287e+00  1.62020231e+00  1.58867427e+00
  1.56729518e+00  1.55122567e+00  1.52293464e+00  1.45116436e+00
  1.41941153e+00  1.38928316e+00  1.35537849e+00  1.33107054e+00
  1.29662358e+00  1.24862593e+00  1.24396115e+00  1.20335327e+00
  1.15608485e+00  1.11245711e+00  1.08668581e+00  1.03113959e+00
  9.94421364e-01  9.43968610e-01  8.91202575e-01  8.40721539e-01
  7.94874828e-01  7.43689618e-01  6.92525982e-01  6.42025501e-01
  5.92068520e-01  5.44493328e-01  4.89530437e-01  4.46884828e-01
  3.97656141e-01  3.44068412e-01  2.85830603e-01  2.47398884e-01
  1.97729115e-01  1.43814628e-01  9.25109369e-02  3.43825483e-02
 -9.54524526e-04 -5.44101230e-02 -9.61860654e-02 -1.44690672e-01
 -1.91957447e-01 -2.44362964e-01 -3.05885726e-01 -3.49713804e-01
 -3.92197900e-01 -4.29713050e-01 -4.70995896e-01 -5.29378184e-01
 -5.70148756e-01 -5.99656685e-01 -6.51061745e-01 -6.95687812e-01
 -7.18670776e-01 -7.66373691e-01 -8.10596750e-01 -8.40243311e-01
 -8.72361226e-01 -9.10471903e-01 -9.42347478e-01 -9.72100649e-01
 -1.00693695e+00 -1.04559028e+00 -1.08888017e+00 -1.09458376e+00
 -1.10988553e+00 -1.13663034e+00 -1.15033255e+00 -1.17607029e+00
 -1.21980566e+00 -1.21959948e+00 -1.24144781e+00 -1.24911778e+00
 -1.27204989e+00 -1.26919287e+00 -1.27035062e+00 -1.28282223e+00
 -1.28902471e+00 -1.29379465e+00 -1.28344530e+00 -1.28957177e+00
 -1.27221152e+00 -1.28391596e+00 -1.28900043e+00 -1.26698564e+00
 -1.26614861e+00 -1.26314468e+00 -1.24486255e+00 -1.22514315e+00
 -1.21065228e+00 -1.20800084e+00 -1.19555599e+00 -1.18313747e+00
 -1.18253589e+00 -1.15109429e+00 -1.13260994e+00 -1.09333404e+00
 -1.06822826e+00 -1.05136826e+00 -1.02793912e+00 -1.00213005e+00
 -9.73184010e-01 -9.47476290e-01 -9.16681849e-01 -8.82623090e-01
 -8.38495470e-01 -8.16635951e-01 -7.98238503e-01 -7.77109011e-01
 -7.41292229e-01 -7.06532439e-01 -6.66855270e-01 -6.27967224e-01
 -5.87892109e-01 -5.27016663e-01 -5.06574965e-01 -4.70216745e-01
 -4.31210965e-01 -3.91595312e-01]
[ 0.37018445  0.32225507  0.26544399  0.23093114  0.18643265  0.13483782
  0.08404945  0.05190782  0.02230217 -0.02709242 -0.07389374 -0.12215721
 -0.1760421  -0.21031474 -0.23254386 -0.25731111 -0.31223978 -0.34927426
 -0.39029888 -0.43339724 -0.47417209 -0.51033306 -0.54741034 -0.58847679
 -0.6186855  -0.64607504 -0.67916267 -0.70513773 -0.74470314 -0.78013898
 -0.80203999 -0.82347993 -0.88231566 -0.91499885 -0.93893031 -0.96326559
 -0.9740203  -0.98860286 -1.00670175 -1.02822684 -1.04799933 -1.09448328
 -1.12087772 -1.13219131 -1.14284732 -1.15410575 -1.15948104 -1.17665852
 -1.19584411 -1.1981921  -1.18788446 -1.20225665 -1.21267259 -1.23993319
 -1.23349539 -1.2261054  -1.21309057 -1.21316824 -1.23789767 -1.23133673
 -1.20990355 -1.20286083 -1.21134783 -1.1896072  -1.16793868 -1.16879
 -1.15365246 -1.13251308 -1.10883864 -1.08209672 -1.09967606 -1.05165464
 -1.03808016 -1.02433236 -0.99519952 -0.96128992 -0.92300095 -0.90323801
 -0.87829742 -0.8535598  -0.81511715 -0.78641211 -0.7431329  -0.70595412
 -0.67520786 -0.62953824 -0.59261366 -0.55347917 -0.50921254 -0.4720588
 -0.42354617 -0.37772476 -0.33891597 -0.30607087 -0.25581252 -0.20413073
 -0.15568024 -0.10964356 -0.05841204 -0.01435869  0.02904187  0.07948337
  0.11906477  0.15905951  0.26004066  0.28762429  0.33883192  0.39508087
  0.44665171  0.49596644  0.54923947  0.60201965  0.66626091  0.71805429
  0.77304362  0.83737986  0.88260798  0.93958697  0.9973875   1.04892751
  1.10314391  1.15499649  1.21061187  1.26634032  1.31644882  1.36738601
  1.41787235  1.46839763  1.51497528  1.52930229  1.56705243  1.61270739
  1.62849728  1.61109542  1.62943026  1.65789653  1.63015911  1.62379293
  1.61766585  1.58640599  1.564664    1.54891068  1.52063899  1.44838866
  1.41649724  1.3863742   1.35253451  1.32819849  1.29368272  1.24566863
  1.24089094  1.2003084   1.15302693  1.1094258   1.08444513  1.02826575
  0.99150638  0.94102935  0.88825126  0.83778192  0.79194932  0.7408143
  0.68964387  0.63916611  0.58922384  0.54146979  0.48675405  0.44429694
  0.39492782  0.34143041  0.28319877  0.24403471  0.1950889   0.14120267
  0.08993885  0.03195051 -0.00340561 -0.05674306 -0.09851947 -0.14715932
 -0.19413731 -0.24652365 -0.30761174 -0.35220933 -0.3941079  -0.43152447
 -0.47272197 -0.53098334 -0.57207063 -0.60119857 -0.65247866 -0.69701911
 -0.7199381  -0.7674431  -0.81155951 -0.8410597  -0.87321463 -0.9112204
 -0.9429449  -0.97255372 -1.00711921 -1.04461153 -1.08726544 -1.09463564
 -1.10982243 -1.13642422 -1.15090832 -1.17567718 -1.21924476 -1.21905276
 -1.24171396 -1.24767871 -1.27123023 -1.26658459 -1.26814624 -1.28198081
 -1.28783783 -1.29251327 -1.28285789 -1.28819844 -1.27087839 -1.28090253
 -1.2865993  -1.26550498 -1.26459269 -1.26152463 -1.24322975 -1.22351684
 -1.20898956 -1.20620579 -1.1936972  -1.18121848 -1.18049155 -1.14907551
 -1.1305305  -1.09128325 -1.066192   -1.04942135 -1.02594735 -1.00189142
 -0.97111479 -0.94534599 -0.91450581 -0.88039698 -0.83627857 -0.81435636
 -0.79593262 -0.77481347 -0.73896337 -0.70415122 -0.66443965 -0.62549658
 -0.58539546 -0.52456498 -0.50415624 -0.46782948 -0.4287642  -0.38910739]
[-0.88016706 -0.84699161 -0.81371112 -0.77819823 -0.74332265 -0.7044832
 -0.66593181 -0.63814851 -0.61231999 -0.5699371  -0.52766356 -0.48436643
 -0.44099448 -0.39655285 -0.35093391 -0.3052219  -0.26968782 -0.2409589
 -0.20291645 -0.1550252  -0.1061491  -0.05144081  0.00445045  0.05324573
  0.09335603  0.12884841  0.17370628  0.22833717  0.26708037  0.30629893
  0.34542026  0.39191562  0.43712476  0.48009951  0.52651793  0.56989955
  0.61478905  0.66117398  0.70909419  0.74654834  0.75921929  0.78327643
  0.8342049   0.86852347  0.87853551  0.87760743  0.88788448  0.90193182
  0.91170791  0.92594791  0.94121237  0.95834288  0.97066533  0.98579219
  0.99944043  1.0137881   1.03771984  1.0526674   1.25247257  1.26221705
  1.26976971  1.25489679  1.26149474  1.25279196  1.23436876  1.21665986
  1.19816539]
[ 1.52797574  1.53501276  1.53197799  1.51467331  1.49364672  1.45029527
  1.42480709  1.38954645  1.35403053  1.32067392  1.29017746  1.25365171
  1.21931209  1.18453846  1.14963869  1.11312237  1.07629915  1.03948958
  1.00196864  0.97181935  0.93585889  0.94856332  0.91406443  0.87924871
  0.82939806  0.79760681  0.75094312  0.70297879  0.65506124  0.60772842
  0.56320949  0.52381537  0.47249158  0.42403401  0.37838716  0.33551016
  0.28869227  0.24372409  0.19959208  0.15879845  0.11261614  0.0642799
  0.02115668 -0.01410308 -0.05901648 -0.10463501 -0.14514076 -0.19535621
 -0.23369425 -0.27316612 -0.3134398  -0.35566047 -0.39310372 -0.43694138
 -0.47229661 -0.50484302 -0.54231939 -0.58373825 -0.61457588 -0.65366039
 -0.68704925 -0.73163498 -0.75584055 -0.78988741 -0.82601646 -0.8611304
 -0.88776901 -0.92218101 -0.945712   -0.97069024 -0.99749128 -1.02592718
 -1.05311719 -1.08164654 -1.08993258 -1.11845536 -1.13944037 -1.15926006
 -1.17858555 -1.19787153 -1.20140417 -1.21589351 -1.22630204 -1.23057878
 -1.24126084 -1.24951793 -1.25407438 -1.24991913 -1.23030149 -1.2235632
 -1.22979458 -1.2215701  -1.21609609 -1.2088907  -1.18658724 -1.16016592
 -1.14821434 -1.13419961 -1.1177217  -1.10101149]
[ 1.52797554  1.53501255  1.53197778  1.5146731   1.49364651  1.45029506
  1.42480688  1.38954625  1.35403033  1.32067363  1.29017727  1.25365152
  1.2193119   1.18453827  1.14963815  1.11312217  1.07629895  1.03948938
  1.00196844  0.97181914  0.93585869  0.94856309  0.91406421  0.87924848
  0.82939785  0.79760659  0.75094304  0.70297857  0.65506102  0.6077282
  0.56320918  0.52381516  0.4724915   0.42403381  0.37838716  0.3355097
  0.28869211  0.24372391  0.19959192  0.15879827  0.11261597  0.06427977
  0.02115651 -0.01410325 -0.05901664 -0.10463474 -0.14514111 -0.19535634
 -0.23369444 -0.27316624 -0.31343991 -0.35566057 -0.39310383 -0.43694146
 -0.47229663 -0.50484308 -0.54231947 -0.58373828 -0.6145762  -0.65366046
 -0.68704934 -0.73163498 -0.75584054 -0.7898874  -0.82601672 -0.86113037
 -0.88776898 -0.92218096 -0.94571194 -0.97069017 -0.99749117 -1.0259271
 -1.0531171  -1.08164645 -1.08993251 -1.11845526 -1.13944026 -1.15925993
 -1.17858543 -1.19787155 -1.20140404 -1.2158937  -1.2263019  -1.23057864
 -1.2412607  -1.24951778 -1.25407422 -1.24991896 -1.23030132 -1.22356312
 -1.2297944  -1.22156969 -1.21609591 -1.20889052 -1.18658707 -1.16016578
 -1.14821416 -1.13419944 -1.11772153 -1.10101132]
[ 1.89595768  1.89299971  1.89202971  1.88999535  1.82691845  1.77209364
  1.72117046  1.66652355  1.61034377  1.55648906  1.50469136  1.45089888
  1.39252376  1.33656375  1.28603389  1.23335449  1.18807909  1.1332077
  1.07978467  1.04077808  1.00928401  0.96090168  0.89947843  0.85547687
  0.80455429  0.76136113  0.72097112  0.66826101  0.6269384   0.57967995
  0.52586334  0.47239487  0.40945496  0.36459806  0.32057631  0.28396117
  0.234931    0.17922978  0.12940089  0.07504671  0.02257258 -0.02886152
 -0.08318437 -0.13083381 -0.17670875 -0.23015467 -0.27674906 -0.31167278
 -0.3519637  -0.38871783 -0.44532893 -0.49611036 -0.53666302 -0.58272862
 -0.62020887 -0.63229324 -0.67823168 -0.71833153 -0.76037507 -0.80350717
 -0.81798015 -0.83060629 -0.87468038 -0.89753505 -0.9283322  -0.93130305
 -0.96317286 -0.99428714 -1.02032889 -1.00617243 -1.03626042 -1.05036695
 -1.0803736  -1.10473815 -1.11422905 -1.0919843  -1.09574464 -1.12057833
 -1.14315604 -1.15483792 -1.16055657 -1.18276709 -1.19252444 -1.20028744
 -1.20892609 -1.23172973 -1.20963637 -1.218766   -1.23320127 -1.21774945
 -1.21207022 -1.20640045 -1.20282172 -1.18890981 -1.17027902 -1.16450419
 -1.12860719 -1.1333767  -1.11235242 -1.09490271 -1.07708215 -1.05958507
 -1.0348323  -1.03066545 -1.04295377 -1.01916256 -0.99008135 -0.96793234
 -0.92820906 -0.92587056 -0.91831989 -0.88336876 -0.85239585 -0.82338635
 -0.8212205  -0.78394715 -0.7427458  -0.70458702 -0.69874247 -0.65770771
 -0.6182673  -0.57313166 -0.5466416  -0.52564154 -0.47446714 -0.42579037
 -0.37034861 -0.33435757 -0.30223403 -0.26213841 -0.2146234  -0.1591585
 -0.10623157 -0.06128363 -0.01035229  0.04042782  0.0927573   0.1445598
  0.19432311  0.25088452  0.29998464  0.35254415  0.39488624  0.43493362
  0.48679238  0.53982125  0.59358537  0.62959247  0.67899025  0.72383306
  0.769095    0.80942325  0.85703384  0.89592212  0.94011683  0.98854739
  1.04275252  1.08785744  1.13724254  1.18155724  1.23655534  1.29116547
  1.33694611  1.38607876  1.43403761  1.49103131  1.53974324  1.59327753
  1.64429573  1.69425422  1.74303608  1.79560598  1.84732696  1.89751764
  1.89620353  1.85885048  1.81515977  1.76376787  1.70629177  1.65462464
  1.60440725  1.53614515  1.4873322   1.43103199  1.37965889  1.32567676
  1.25663022  1.21823316  1.16483806  1.10930426  1.05703732  1.01209063
  0.96471417  0.90955187  0.86970939  0.82563491  0.78471626  0.7327198
  0.68380192  0.6418101   0.60272805  0.55738245  0.50304532  0.46597712
  0.42269948  0.36759011  0.31412421  0.2712733   0.23382426  0.1813417
  0.12521491  0.07275851  0.03001372 -0.03368515 -0.0831534  -0.12929547
 -0.18065372 -0.24308212 -0.28184035 -0.33244123 -0.38690824 -0.42951412
 -0.49488403 -0.50956824 -0.53933051 -0.5869269  -0.63272963 -0.67583154
 -0.72187354 -0.73025691 -0.76597693 -0.80807267 -0.84564935 -0.86660944
 -0.89044579 -0.91315616 -0.93710958 -0.97487017 -0.97356293 -1.00119977
 -1.03155083 -1.06215223 -1.05028423 -1.05589883 -1.07744473 -1.1005775
 -1.13167455 -1.14601204 -1.11620067 -1.12253271 -1.12927213]
[-0.31945552 -0.3179379  -0.31751621 -0.31558693 -0.31552928 -0.31698401
 -0.31628771 -0.31798568 -0.32273533 -0.31893325 -0.31427368 -0.30703857
 -0.30310742 -0.29803445 -0.29236069 -0.29009485 -0.28435572 -0.28709661
 -0.28490331 -0.27895047 -0.26449533 -0.25344478 -0.24172551 -0.23235784
 -0.22392638 -0.22098249 -0.21130508 -0.19504854 -0.18525208 -0.1789422
 -0.1733185  -0.16141911 -0.1436445  -0.13034991 -0.11713384 -0.10384567
 -0.08962949 -0.07401406 -0.05051615 -0.03454169 -0.03398375 -0.02608286
 -0.00484418  0.01054445  0.01316923  0.00055977  0.01637364  0.02113943
  0.02322977  0.02783126  0.03671894  0.0460848   0.05450934  0.07276118
  0.08306644  0.09582259  0.11033694  0.12949975  0.222478    0.23085403
  0.23929435  0.24501591  0.25377267  0.25051942  0.24455905  0.24025985
  0.23608645  0.2326687   0.23126089  0.22856299  0.22639601  0.224025
  0.22164214  0.22838152  0.22520235  0.22344483  0.21965315  0.21687447
  0.21273869  0.21155161  0.20927385  0.20935631  0.20776305  0.20628516
  0.20441914  0.20275765  0.20857177  0.20957362  0.21149402  0.21243212
  0.21070648  0.20964735  0.20995243  0.2078198   0.20333111  0.19747384
  0.19901719  0.19720781  0.19454394  0.19083274]
[-0.88016702 -0.84699157 -0.81371108 -0.77819819 -0.74332261 -0.70448316
 -0.66593177 -0.63814847 -0.61231995 -0.56993707 -0.52766352 -0.48436639
 -0.44099443 -0.39655281 -0.35093387 -0.30522186 -0.26968777 -0.24095886
 -0.20291641 -0.15502516 -0.10614906 -0.05144077  0.00445049  0.05324578
  0.09335607  0.12884846  0.17370632  0.22833721  0.26708041  0.30629897
  0.3454203   0.39191566  0.4371248   0.48009955  0.52651797  0.56989959
  0.61478909  0.66117402  0.70909423  0.74654838  0.75921933  0.78327647
  0.83420493  0.86852351  0.87853555  0.87760747  0.88788451  0.90193185
  0.91170794  0.92594794  0.9412124   0.9583429   0.97066535  0.98579221
  0.99944044  1.01378812  1.03771986  1.05266743  1.25247259  1.26221707
  1.26976974  1.25489681  1.26149476  1.25279198  1.23436877  1.21665987
  1.19816539]
[ 1.89222554  1.88903046  1.88586016  1.88252832  1.82266107  1.76915313
  1.7176213   1.66215322  1.60790956  1.55217249  1.5003702   1.44469673
  1.38828632  1.3323476   1.28180591  1.23361709  1.18387056  1.1290205
  1.078411    1.03419532  0.99837741  0.95318395  0.89716009  0.84648334
  0.8010983   0.75710484  0.71666174  0.66285675  0.63100239  0.57538605
  0.52158785  0.46818621  0.40873728  0.3604744   0.31946524  0.27974098
  0.2291817   0.17515825  0.12271879  0.07051237  0.01860412 -0.03270897
 -0.08479701 -0.13459799 -0.17903021 -0.23373079 -0.28392433 -0.31511585
 -0.35803627 -0.39788311 -0.44594489 -0.4889953  -0.53976196 -0.58576881
 -0.62046455 -0.63526885 -0.68108907 -0.7211155  -0.76293197 -0.80590562
 -0.82043287 -0.8342521  -0.87681395 -0.9036022  -0.93072303 -0.93328425
 -0.96490312 -0.9958964  -1.02184479 -1.00769701 -1.0331245  -1.05242304
 -1.08138237 -1.10614535 -1.11499985 -1.09263931 -1.09890309 -1.12030055
 -1.14254326 -1.15468469 -1.16304969 -1.18143569 -1.19193625 -1.19955659
 -1.20805301 -1.22316228 -1.21281201 -1.21731935 -1.22629284 -1.21599494
 -1.21019464 -1.20440625 -1.19914445 -1.18669608 -1.17122563 -1.16208684
 -1.14209518 -1.13077094 -1.11072693 -1.09212612 -1.07422462 -1.05743792
 -1.0318272  -1.02747525 -1.039484   -1.0156369  -0.98650384 -0.96722076
 -0.92596985 -0.92200226 -0.91455919 -0.88148474 -0.84767727 -0.81917239
 -0.81691541 -0.77963245 -0.73841525 -0.69969732 -0.68988433 -0.65506406
 -0.6137769  -0.56863599 -0.5420311  -0.51854491 -0.46986545 -0.42119241
 -0.37068262 -0.32759919 -0.29762611 -0.25851731 -0.2100989  -0.15512856
 -0.09761542 -0.0569452  -0.00609819  0.04460251  0.09685843  0.14859197
  0.1957363   0.25290473  0.30358928  0.35609567  0.3978572   0.43924078
  0.49034309  0.54333321  0.59633038  0.63316234  0.68256781  0.73110345
  0.77273301  0.813097    0.85938823  0.89966266  0.94388602  0.99231632
  1.04636516  1.09125391  1.13706072  1.18425676  1.23838625  1.2875542
  1.34009149  1.3869768   1.44201156  1.49094257  1.53918938  1.59221544
  1.64274159  1.69223468  1.74137586  1.79273214  1.84389906  1.89602365
  1.89230088  1.86310967  1.81144957  1.75708633  1.70232544  1.64918458
  1.59896177  1.5385634   1.48413912  1.42794893  1.37751916  1.32274094
  1.26015414  1.21513562  1.16216257  1.10666724  1.05672568  1.00956992
  0.9621931   0.90991861  0.86990127  0.8231848   0.78226513  0.72964996
  0.68152969  0.63951442  0.60040249  0.55505314  0.50076215  0.46413408
  0.41969093  0.36532544  0.31190807  0.26905     0.23156644  0.17913398
  0.12169588  0.07373865  0.0262344  -0.03018782 -0.08321395 -0.13116852
 -0.18246547 -0.24064041 -0.28352284 -0.33348967 -0.38640757 -0.43068302
 -0.48352778 -0.51118261 -0.54097228 -0.58851887 -0.63421694 -0.67723752
 -0.72319292 -0.73904484 -0.76739474 -0.80936077 -0.84810643 -0.86804473
 -0.8841925  -0.91469959 -0.94961378 -0.97611019 -0.97607969 -1.00270995
 -1.03294969 -1.06157001 -1.05713462 -1.0572456  -1.08216056 -1.10695063
 -1.1329139  -1.14715607 -1.11745573 -1.12372145 -1.13932311]
[-0.31945569 -0.31793809 -0.31751641 -0.31558715 -0.3155295  -0.31698424
 -0.31628795 -0.3179859  -0.32273552 -0.31893346 -0.31427391 -0.30703882
 -0.30310768 -0.29803471 -0.29236093 -0.29009508 -0.28435596 -0.28709683
 -0.28490352 -0.27895072 -0.26449562 -0.25344506 -0.24172579 -0.23235812
 -0.22392669 -0.22098279 -0.21130536 -0.19504881 -0.18525237 -0.17894248
 -0.17331877 -0.16141936 -0.14364478 -0.13035019 -0.1171341  -0.10384594
 -0.08962977 -0.07401434 -0.05051645 -0.03454199 -0.03398402 -0.02608311
 -0.00484445  0.01054419  0.01316902  0.0005596   0.01637352  0.02113936
  0.02322976  0.02783131  0.03671905  0.04608497  0.05450957  0.07276144
  0.08306677  0.09582298  0.1103374   0.12950023  0.22247832  0.23085444
  0.23929485  0.24501645  0.25377321  0.25051997  0.24455962  0.24026043
  0.236087    0.23266923  0.2312614   0.22856346  0.22639644  0.22402542
  0.22164253  0.22838187  0.22520269  0.22344514  0.21965345  0.21687476
  0.21273906  0.21155197  0.20927419  0.20935672  0.20776348  0.20628558
  0.20441955  0.20275808  0.20857221  0.20957406  0.21149446  0.21243257
  0.21070693  0.20964781  0.20995292  0.20782029  0.2033316   0.19747436
  0.19901772  0.19720834  0.1945445   0.19083333]
[ 1.1738769   1.13296668  1.09179271  1.05868419  1.01150318  0.96517918
  0.90007587  0.85469884  0.81282571  0.75609609  0.70354615  0.65843109
  0.60490669  0.55357052  0.5046686   0.4552167   0.41406747  0.37173813
  0.31234258  0.26943328  0.22937478  0.17471327  0.13120301  0.08301208
  0.03783507  0.00478344 -0.05092506 -0.09162777 -0.14501435 -0.18103787
 -0.22627726 -0.26630034 -0.30806124 -0.35105433 -0.39966663 -0.43379982
 -0.47222253 -0.50838451 -0.55062897 -0.586904   -0.62752839 -0.66231196
 -0.7039972  -0.72913775 -0.76463428 -0.80262886 -0.83732029 -0.85504477
 -0.885558   -0.91814584 -0.95348742 -0.9707646  -0.99959681 -1.02563956
 -1.05434471 -1.06614435 -1.08534963 -1.10285726 -1.12341293 -1.13707151
 -1.15690427 -1.15924929 -1.14894228 -1.17270337 -1.18550676 -1.18342739
 -1.17301603 -1.18548622 -1.18744516 -1.18442769 -1.16818457 -1.1764499
 -1.18468088 -1.1849562  -1.16240239 -1.12635794 -1.11621812 -1.09394311
 -1.08624843 -1.06814485 -1.06571085 -1.04235191 -1.02940941 -1.01466973
 -0.99888568 -0.97446072 -0.949866   -0.90851553 -0.88510347 -0.86194427
 -0.83785324 -0.81021404 -0.78321985 -0.75418215 -0.72682953 -0.6831452
 -0.65870262 -0.62585833 -0.59323195 -0.55603021 -0.51972108 -0.48620623
 -0.44744873 -0.41224219 -0.38665901 -0.34957759 -0.30863903 -0.27077217
 -0.22891255 -0.19429473 -0.15708937 -0.11666549 -0.07235012 -0.0275992
 -0.0039221   0.03586569  0.07879744  0.1154306   0.15726334  0.19142507
  0.2474491   0.26950108  0.31449521  0.35628566  0.39046784  0.43331964
  0.47692125  0.51524968  0.5512532   0.58347852  0.6146624   0.64375318
  0.69728891  0.73424003  0.75796269  0.80118801  0.83603337  0.8680055
  0.91041133  0.92775291  0.94801534  0.98286021  1.01426609  1.03042378
  1.06542651  1.10202112  1.14870169  1.16660161  1.20286129  1.2480453
  1.27645268  1.30910782  1.34049793  1.37086305  1.41064999  1.4323723
  1.46396721  1.4601589   1.45576542  1.44921025  1.4508601   1.42313412
  1.4172805   1.38054414  1.36005455  1.34337729  1.3093743   1.28501653
  1.26742757  1.23226636  1.2151896   1.18575107  1.16851165  1.16190863
  1.13957756  1.09529825  1.06517987  1.02341096  0.96460245  0.93325413
  0.88941571  0.84531159  0.80565844  0.76517933  0.72486953  0.68536349
  0.63654247  0.59920606  0.55498441  0.5076162   0.45962912  0.43262541
  0.38093962  0.34412004  0.30686329  0.26046136  0.21702842  0.17528262
  0.14319982  0.09985346  0.06199513]
[ 0.43942389  0.39726341  0.33163694  0.2864543   0.23067471  0.18349943
  0.13156472  0.09827276  0.0665499   0.01242111 -0.03803859 -0.08841154
 -0.14419242 -0.18381167 -0.21696533 -0.225012   -0.30256256 -0.33630412
 -0.37740597 -0.42317293 -0.46359254 -0.5071026  -0.54770384 -0.59209518
 -0.63499186 -0.64346673 -0.6785694  -0.70241683 -0.75102798 -0.78829286
 -0.80437819 -0.82266615 -0.87230744 -0.90900025 -0.93222386 -0.95751228
 -0.9613538  -0.97424599 -0.99167513 -1.00498023 -1.04393274 -1.09670675
 -1.10869845 -1.12722478 -1.13334087 -1.13847957 -1.15484641 -1.16774155
 -1.16595189 -1.17063115 -1.16536815 -1.18255873 -1.19048046 -1.2034091
 -1.20858673 -1.20379525 -1.19561694 -1.20244888 -1.2135437  -1.20995584
 -1.19340523 -1.1859093  -1.20033558 -1.16983034 -1.15341018 -1.15116731
 -1.13386625 -1.11716322 -1.10047194 -1.08769785 -1.10141757 -1.03194459
 -1.04164062 -1.0414302  -1.00361407 -0.97485106 -0.93880867 -0.91363498
 -0.89929541 -0.86762201 -0.82535586 -0.81626777 -0.75732191 -0.74013872
 -0.70703373 -0.6636423  -0.6351589  -0.60035818 -0.56277061 -0.52118884
 -0.4740022  -0.43799727 -0.39877843 -0.36636055 -0.31863082 -0.28312674
 -0.2132738  -0.16293318 -0.11535525 -0.07213221 -0.04387252  0.01643802
  0.04075635  0.08869422  0.23430047  0.22774226  0.28039239  0.33851923
  0.39048057  0.4270081   0.48541245  0.53898033  0.60297267  0.65623742
  0.71209831  0.78784468  0.80906715  0.87204989  0.93481536  0.98463792
  1.03429677  1.08655682  1.13683606  1.19506613  1.24230403  1.29055455
  1.3406322   1.4000447   1.43337795  1.45637234  1.4913483   1.52277251
  1.54970445  1.55288891  1.58571555  1.61745255  1.60332613  1.59655651
  1.60185811  1.57685947  1.56281588  1.56634796  1.55979897  1.48812538
  1.46433475  1.46003311  1.42330543  1.40870814  1.38480778  1.33446192
  1.35646429  1.32316195  1.28259752  1.24176956  1.23134675  1.17438985
  1.14032077  1.0961495   1.05009914  0.99711273  0.96306533  0.90254955
  0.86131114  0.80399204  0.74548974  0.703817    0.65269357  0.60668773
  0.52935174  0.50616817  0.44246561  0.38256556  0.35344031  0.29047624
  0.2302853   0.1772528   0.14798871  0.08970914  0.05078387 -0.00977991
 -0.05733006 -0.09787517 -0.17191682 -0.20627112 -0.2495165  -0.29482252
 -0.32865261 -0.38910934 -0.44181229 -0.46917117 -0.51901172 -0.56609833
 -0.58927735 -0.64554135 -0.70735479 -0.72725637 -0.75559687 -0.77916747
 -0.82565363 -0.89597232 -0.89783644 -0.93783186 -0.98156224 -0.9983142
 -1.00575438 -1.03519277 -1.059069   -1.08901177 -1.15188197 -1.14981745
 -1.19688696 -1.18084056 -1.21244303 -1.19687118 -1.20990241 -1.22515218
 -1.23198834 -1.24439079 -1.24615578 -1.26709539 -1.22288008 -1.24237042
 -1.25776746 -1.23302424 -1.25230634 -1.24556056 -1.22019785 -1.23146112
 -1.22145181 -1.22371547 -1.2163012  -1.2086476  -1.21289587 -1.18987567
 -1.17680961 -1.14536119 -1.1266666  -1.12038708 -1.09520142 -1.07253147
 -1.06170959 -1.02816314 -1.00240602 -0.97229868 -0.92293666 -0.90901759
 -0.91231294 -0.90033956 -0.86751135 -0.83584129 -0.80548862 -0.74309712
 -0.72678801 -0.65441713 -0.64390611 -0.61328849 -0.57665125 -0.53571499]
[ 1.89608512  1.89318727  1.89202672  1.89789515  1.82732038  1.76852147
  1.72065717  1.666854    1.61312806  1.55709287  1.50502972  1.45021492
  1.39284501  1.33688856  1.2863833   1.23547113  1.18813727  1.13359966
  1.09258601  1.03965039  1.01163755  0.96283609  0.90071395  0.87017828
  0.80422763  0.76211021  0.72145985  0.66837996  0.62448269  0.58021132
  0.52644663  0.47295727  0.421194    0.37546697  0.32370177  0.28462592
  0.23540865  0.19000988  0.12817289  0.0756012   0.02336884 -0.02814779
 -0.08124943 -0.13003474 -0.1773641  -0.22946797 -0.27795384 -0.31494093
 -0.34856556 -0.3913544  -0.442965   -0.4844617  -0.53585384 -0.59335529
 -0.62274107 -0.63146397 -0.67736511 -0.71736833 -0.75961362 -0.80276
 -0.8171878  -0.82937757 -0.87395749 -0.89474944 -0.92779118 -0.93056848
 -0.96239006 -0.99361079 -1.02286658 -1.0055307  -1.03795815 -1.04927084
 -1.07945691 -1.11823126 -1.11369109 -1.09150478 -1.09389542 -1.12073021
 -1.14280904 -1.16036567 -1.15914165 -1.18203852 -1.19230761 -1.20012362
 -1.20875957 -1.23260399 -1.20983695 -1.21871875 -1.23589825 -1.21149332
 -1.21212511 -1.20642633 -1.20367794 -1.18002408 -1.17256202 -1.16447538
 -1.13860445 -1.13348376 -1.11196767 -1.09501816 -1.07717704 -1.05341747
 -1.03488058 -1.03072334 -1.04318568 -1.01938416 -0.99030499 -0.96524003
 -0.92768397 -0.92612633 -0.9183266  -0.88485236 -0.85485113 -0.82350925
 -0.82158186 -0.78498765 -0.74283592 -0.70545787 -0.69655759 -0.659166
 -0.62263659 -0.58373112 -0.54696614 -0.52163554 -0.47477034 -0.42583097
 -0.37373757 -0.3316362  -0.30258552 -0.26200919 -0.21506868 -0.15728791
 -0.1095184  -0.06164964 -0.010777    0.04009026  0.09258998  0.14417698
  0.19521606  0.26949999  0.29964463  0.35219584  0.39602731  0.43300486
  0.48687716  0.53914937  0.59293031  0.61679211  0.67796773  0.72503348
  0.76799564  0.8082688   0.85644502  0.8945455   0.93901881  0.98698669
  1.0413735   1.08627888  1.13397679  1.180126    1.23573602  1.28652655
  1.3478142   1.38506577  1.42775081  1.49026031  1.56668051  1.59273566
  1.64399368  1.69391923  1.77684793  1.79540217  1.84736928  1.89533375
  1.89637859  1.86441874  1.8151073   1.76200796  1.70588468  1.65054772
  1.60511956  1.53948373  1.48707647  1.4307389   1.37904653  1.3255503
  1.25661337  1.21759348  1.16441836  1.10869711  1.06466745  1.01193996
  0.95334967  0.90780529  0.87081804  0.82553354  0.78367168  0.73267768
  0.68332772  0.64139998  0.627036    0.55661176  0.5027398   0.46477356
  0.42301799  0.36712638  0.31376717  0.27093277  0.23350605  0.18065115
  0.12625137  0.07438518  0.03062868 -0.03054152 -0.08435599 -0.1292047
 -0.18085819 -0.24541577 -0.28123931 -0.33240532 -0.38444939 -0.42981829
 -0.48701892 -0.50956172 -0.53904819 -0.59023952 -0.63271796 -0.67627848
 -0.72175808 -0.7169211  -0.76576713]
[ 0.01725109 -0.03824409 -0.09452962 -0.14385469 -0.20338528 -0.24889766
 -0.29144721 -0.3247762  -0.35982087 -0.40556123 -0.49472139 -0.50409351
 -0.53997955 -0.59531415 -0.61902744 -0.64887406 -0.6923398  -0.73168214
 -0.77356511 -0.81250808 -0.85729323 -0.86283628 -0.88012872 -0.92350702
 -0.95754543 -1.00274896 -1.03762529 -0.99682168 -1.02991326 -1.06192749
 -1.08764811 -1.10481758 -1.13119868 -1.12078806 -1.11480223 -1.13340833
 -1.14441264 -1.15608434 -1.18019779 -1.23714495 -1.20430229 -1.21697107
 -1.22302254 -1.20244909 -1.15593768 -1.14926133 -1.15454767 -1.15282646
 -1.14974044 -1.14584032 -1.14086056 -1.13485165 -1.12618907 -1.11287097
 -1.09847074 -1.08032808 -1.05511672 -1.07695613 -1.01473448 -1.07516654
 -1.05017835 -1.12743941 -0.9966074  -0.93664805 -0.96762957 -0.97802389
 -0.96646111 -0.92115051 -0.8914297  -0.85975387 -0.80924801 -0.80967402
 -0.80468281 -0.7663092  -0.72953556 -0.67611165 -0.66546561 -0.64975318
 -0.61444191 -0.56948183 -0.53047523 -0.48809318 -0.46690898 -0.4341218
 -0.38566646 -0.38737821 -0.29284183 -0.24782189 -0.19045777 -0.14786982
 -0.01151982 -0.08654093 -0.03445391  0.11152258  0.06450387  0.11711213
  0.16626613  0.21862572  0.2717228   0.32993939  0.3749912   0.4241499
  0.4767299   0.50205943  0.55400544  0.56675407  0.65877429  0.71459465
  0.76251342  0.84441443  0.87713602  0.92247951  0.98465478  1.0274809
  1.07842456  1.12261234  1.16993825  1.21258688  1.26086946  1.3085285
  1.35571884  1.40649855  1.52122852  1.48435038  1.49345322  1.49466494
  1.49996831  1.50651825  1.51234049  1.51514624  1.52090924  1.52326522
  1.52816286  1.51006396  1.5227587   1.5182542   1.51388843  1.51054341
  1.47516281  1.5040726   1.54476194  1.54110914  1.53509452  1.48424898
  1.44801761  1.45086366  1.4252449   1.3854328   1.34824599  1.31251137
  1.30137663  1.26340288  1.22032251  1.18612827  1.13379108  1.09286762
  1.04397299  0.99560049  0.94998816  0.90485169  0.8592637   0.76862131
  0.76819597  0.71692907  0.67205354  0.62774271  0.57901912  0.53567013
  0.48906342  0.44388547  0.4522337   0.35960564  0.31329629  0.26953117
  0.22342583  0.17784179  0.13882112  0.09841292  0.05391919  0.00415343
 -0.03221141 -0.07027429 -0.10465274 -0.16017612 -0.20077163 -0.23979714
 -0.28089533 -0.31847197 -0.36655785 -0.45911144 -0.45167476 -0.47203228
 -0.51902764 -0.55977786 -0.58856873 -0.58424246 -0.68220853 -0.727364
 -0.76166094 -0.79955611 -0.83817478 -0.87983648 -0.90544415 -0.94840014
 -1.06544177 -1.02231807 -1.08731444 -1.08716508 -1.12487257 -1.1540875
 -1.16815628 -1.2081729  -1.17871903 -1.23322206 -1.25960571 -1.2792707
 -1.2985984  -1.32043687 -1.33761833 -1.35034487 -1.35952272 -1.36690436
 -1.39355386 -1.38625356 -1.38335418 -1.38153186 -1.38012241 -1.37398966
 -1.35154003 -1.37161355 -1.34165688 -1.329087   -1.31230795 -1.29256368
 -1.27557481 -1.24898379 -1.23174379 -1.20833654 -1.17102688 -1.14607006
 -1.11693235 -1.08216384 -1.0448     -1.01454012 -0.98136569 -0.93761726
 -0.9065895  -0.87161063 -0.83719139 -0.81077681 -0.77793185]
[ 0.43942447  0.39726394  0.3316375   0.28645475  0.2306752   0.18349993
  0.13156521  0.09827323  0.06655036  0.01242155 -0.03803816 -0.08841112
 -0.14419195 -0.18381128 -0.21696499 -0.22501164 -0.30256224 -0.3363038
 -0.37740566 -0.42317264 -0.46359226 -0.50710234 -0.5477036  -0.59209496
 -0.63499132 -0.64346651 -0.6785692  -0.70241671 -0.75102781 -0.78829271
 -0.80437805 -0.82266601 -0.87230728 -0.90900011 -0.93222375 -0.95751213
 -0.9613537  -0.97424591 -0.99167507 -1.00498045 -1.04393273 -1.09670645
 -1.10869843 -1.12722468 -1.13334089 -1.13847959 -1.15484651 -1.16774153
 -1.16595194 -1.17063119 -1.16536834 -1.18255882 -1.19048055 -1.20340914
 -1.20858683 -1.20379537 -1.19561713 -1.202449   -1.2135438  -1.20995592
 -1.19340539 -1.18590946 -1.20033545 -1.16983048 -1.15341035 -1.15116742
 -1.13386639 -1.11716332 -1.10047212 -1.08769826 -1.10141776 -1.03194471
 -1.04164079 -1.0414304  -1.00361425 -0.97485124 -0.93880882 -0.91363512
 -0.89929558 -0.86762218 -0.82535604 -0.81626799 -0.75732255 -0.7401389
 -0.7070339  -0.6636425  -0.63515913 -0.60035842 -0.56277086 -0.52118909
 -0.47400245 -0.43799742 -0.39877866 -0.36636078 -0.31863114 -0.28312659
 -0.21327407 -0.16293345 -0.11535551 -0.0721325  -0.04387284  0.0164377
  0.04075623  0.08869361  0.23430009  0.22774194  0.28039206  0.33851885
  0.39048024  0.42700796  0.48541209  0.53898001  0.60297227  0.656237
  0.7120979   0.78784429  0.80906707  0.87204945  0.93481491  0.98463745
  1.0342963   1.08655632  1.13683555  1.19506561  1.2423035   1.29055402
  1.34063164  1.40004391  1.43337736  1.45637195  1.49134772  1.52277186
  1.54970379  1.55288839  1.58571498  1.61745187  1.60332558  1.59655613
  1.60185753  1.57685914  1.56281544  1.5663476   1.55979871  1.48812526
  1.4643347   1.46003317  1.42330561  1.40870835  1.38480809  1.3344623
  1.35646475  1.32316248  1.28259814  1.24177026  1.23134754  1.17439065
  1.14032172  1.09615039  1.05010006  0.99711366  0.96306626  0.90255041
  0.86131168  0.80399288  0.7454905   0.7038178   0.65269436  0.6066885
  0.52935306  0.50616893  0.4424664   0.38256673  0.35344104  0.29047696
  0.23028599  0.17725365  0.1479895   0.08970993  0.0507846  -0.00977894
 -0.05732922 -0.09787431 -0.17191597 -0.20627025 -0.24951573 -0.29482166
 -0.32865173 -0.38910846 -0.44181142 -0.46917033 -0.51901083 -0.56609745
 -0.58927647 -0.6455405  -0.70735375 -0.72725549 -0.755596   -0.77916685
 -0.82565282 -0.89597163 -0.89783564 -0.93783098 -0.98156133 -0.99831341
 -1.00575358 -1.03519197 -1.05906823 -1.08901103 -1.15188127 -1.1498164
 -1.19688607 -1.18083992 -1.21244224 -1.19687054 -1.20990183 -1.22515163
 -1.23198786 -1.24439031 -1.24615534 -1.26709499 -1.22287983 -1.24237003
 -1.25776712 -1.23302392 -1.25230608 -1.24556031 -1.2201976  -1.23146096
 -1.22145174 -1.22371536 -1.21630112 -1.20864754 -1.21289574 -1.18987576
 -1.17680973 -1.14536136 -1.1266668  -1.12038729 -1.09520165 -1.07253176
 -1.06170972 -1.02816352 -1.00240643 -0.9722991  -0.92293715 -0.90901831
 -0.91231351 -0.90034014 -0.86751195 -0.83584191 -0.80548934 -0.74309827
 -0.72678873 -0.65441768 -0.64390687 -0.61328934 -0.57665207 -0.53571599]
[ 3.72990622e-01  3.25690692e-01  2.68130572e-01  2.33619247e-01
  1.89088362e-01  1.37444731e-01  8.61589101e-02  5.55542403e-02
  2.48731765e-02 -2.46483289e-02 -7.22630213e-02 -1.19820179e-01
 -1.73807249e-01 -2.08135282e-01 -2.30351009e-01 -2.55131538e-01
 -3.11875329e-01 -3.47159557e-01 -3.88303769e-01 -4.31480747e-01
 -4.72491593e-01 -5.08586459e-01 -5.45754100e-01 -5.86608107e-01
 -6.17229240e-01 -6.44598469e-01 -6.77174786e-01 -7.03867343e-01
 -7.43554761e-01 -7.79078354e-01 -8.01028807e-01 -8.22559056e-01
 -8.81597095e-01 -9.14695852e-01 -9.38824313e-01 -9.62938866e-01
 -9.73706244e-01 -9.88326532e-01 -1.00847407e+00 -1.02813223e+00
 -1.04806632e+00 -1.09483679e+00 -1.12051215e+00 -1.13250537e+00
 -1.14341048e+00 -1.15473875e+00 -1.16026503e+00 -1.17757592e+00
 -1.19701893e+00 -1.19929854e+00 -1.18895681e+00 -1.20347928e+00
 -1.21437050e+00 -1.24179488e+00 -1.23500164e+00 -1.22766968e+00
 -1.21523929e+00 -1.21769435e+00 -1.23974690e+00 -1.23323262e+00
 -1.21185076e+00 -1.20484129e+00 -1.21347272e+00 -1.19172909e+00
 -1.17010253e+00 -1.17112547e+00 -1.15695560e+00 -1.13488970e+00
 -1.10910787e+00 -1.08412331e+00 -1.10225837e+00 -1.05419103e+00
 -1.04044236e+00 -1.02783228e+00 -9.97998202e-01 -9.65441170e-01
 -9.28280127e-01 -9.06054456e-01 -8.81182785e-01 -8.56469775e-01
 -8.17997859e-01 -7.89355636e-01 -7.46093799e-01 -7.08893298e-01
 -6.78162087e-01 -6.32495934e-01 -5.95604221e-01 -5.56457893e-01
 -5.12158872e-01 -4.75048055e-01 -4.26513765e-01 -3.80359595e-01
 -3.41924635e-01 -3.09087109e-01 -2.58794713e-01 -2.07085279e-01
 -1.58274905e-01 -1.12605267e-01 -6.13668759e-02 -1.73040492e-02
  2.61125115e-02  7.65835196e-02  1.16170442e-01  1.56224733e-01
  2.57474910e-01  2.86606243e-01  3.36284958e-01  3.92617759e-01
  4.44279046e-01  4.93682905e-01  5.47016799e-01  5.99906396e-01
  6.64354472e-01  7.15898221e-01  7.71002204e-01  8.37447128e-01
  8.81517977e-01  9.37867959e-01  9.96771722e-01  1.04893268e+00
  1.10170306e+00  1.15507000e+00  1.21117241e+00  1.26691532e+00
  1.31724178e+00  1.36820131e+00  1.41938089e+00  1.47034882e+00
  1.51600539e+00  1.53030449e+00  1.56912524e+00  1.61499347e+00
  1.63054363e+00  1.61294247e+00  1.63188526e+00  1.66052683e+00
  1.63307755e+00  1.62630041e+00  1.62021225e+00  1.58868450e+00
  1.56734500e+00  1.55123820e+00  1.52294696e+00  1.45116007e+00
  1.41942623e+00  1.38929767e+00  1.35539270e+00  1.33108450e+00
  1.29663754e+00  1.24863990e+00  1.24397481e+00  1.20336672e+00
  1.15609829e+00  1.11247030e+00  1.08669415e+00  1.03115186e+00
  9.94433662e-01  9.43981052e-01  8.91215164e-01  8.40734179e-01
  7.94887456e-01  7.43701979e-01  6.92538591e-01  6.42038197e-01
  5.92081009e-01  5.44537148e-01  4.89542971e-01  4.46871962e-01
  3.97668617e-01  3.44064954e-01  2.85843005e-01  2.47415541e-01
  1.97741708e-01  1.43827182e-01  9.25234083e-02  3.43946613e-02
 -9.42417433e-04 -5.43984619e-02 -9.61744254e-02 -1.44655817e-01
 -1.91946473e-01 -2.44351791e-01 -3.05917279e-01 -3.49808437e-01
 -3.92187565e-01 -4.29703281e-01 -4.70986359e-01 -5.29368898e-01
 -5.70137430e-01 -5.99647491e-01 -6.51052814e-01 -6.95679186e-01
 -7.18662832e-01 -7.66366412e-01 -8.10589700e-01 -8.40252336e-01
 -8.72354590e-01 -9.10465582e-01 -9.42341451e-01 -9.72095478e-01
 -1.00695403e+00 -1.04559219e+00 -1.08888515e+00 -1.09457903e+00
 -1.10988143e+00 -1.13662626e+00 -1.15021000e+00 -1.17606716e+00
 -1.21980277e+00 -1.21959636e+00 -1.24143997e+00 -1.24911940e+00
 -1.27204742e+00 -1.26920141e+00 -1.27035724e+00 -1.28279732e+00
 -1.28902389e+00 -1.29379453e+00 -1.28344177e+00 -1.28957281e+00
 -1.27221282e+00 -1.28392699e+00 -1.28913236e+00 -1.26698845e+00
 -1.26615182e+00 -1.26314819e+00 -1.24486637e+00 -1.22514784e+00
 -1.21065739e+00 -1.20800635e+00 -1.19556184e+00 -1.18314360e+00
 -1.18254231e+00 -1.15110101e+00 -1.13261699e+00 -1.09334169e+00
 -1.06823608e+00 -1.05136765e+00 -1.02794678e+00 -1.00212796e+00
 -9.73193183e-01 -9.47485677e-01 -9.16691466e-01 -8.82633196e-01
 -8.38506401e-01 -8.16647098e-01 -7.98250184e-01 -7.77120781e-01
 -7.41304465e-01 -7.06545304e-01 -6.66868384e-01 -6.27981135e-01
 -5.87906115e-01 -5.27036937e-01 -5.06589374e-01 -4.70231259e-01
 -4.31225928e-01 -3.91610399e-01]
[-0.31946845 -0.31795092 -0.31752933 -0.31559958 -0.31554158 -0.31699616
 -0.3162998  -0.31799721 -0.32274638 -0.31894423 -0.31428462 -0.30704945
 -0.30311765 -0.29804402 -0.29236977 -0.29010342 -0.28436418 -0.28710424
 -0.2849101  -0.27895709 -0.26450202 -0.25345052 -0.24173039 -0.23236242
 -0.22393084 -0.22098647 -0.21130837 -0.19505112 -0.18525387 -0.17894349
 -0.17331921 -0.16141921 -0.14364461 -0.13034948 -0.11713273 -0.10384394
 -0.08962683 -0.07401088 -0.05051278 -0.03453808 -0.03397957 -0.02607823
 -0.00483925  0.01054989  0.01317543  0.00056684  0.01638094  0.02114738
  0.02323855  0.02784076  0.03672905  0.04609561  0.0545209   0.07277299
  0.08307907  0.09583589  0.11035095  0.12951416  0.22249243  0.23086935
  0.23931055  0.2450323   0.25378922  0.25053612  0.24457551  0.24027627
  0.23610266  0.23268482  0.23127683  0.22857827  0.22641081  0.2240397
  0.2216566   0.2283954   0.22521615  0.22345831  0.21966634  0.21688742
  0.21275201  0.21156464  0.20928656  0.20936959  0.20777623  0.20629817
  0.2044318   0.2027699   0.20858366  0.20958541  0.2115054   0.21244313
  0.21071752  0.20965829  0.20996376  0.20783122  0.20334272  0.19748579
  0.19902937  0.19722016  0.19455658  0.1908459 ]
[ 0.80905369  0.76751477  0.7209596   0.68890533  0.63512977  0.5922188
  0.53295331  0.4897597   0.45136061  0.39706163  0.34772395  0.30187147
  0.25284509  0.20620079  0.16298419  0.11922633  0.07667185  0.03142635
 -0.0162705  -0.05518889 -0.09625597 -0.13960998 -0.18634447 -0.22282424
 -0.26423608 -0.29298144 -0.33790674 -0.3720957  -0.42080869 -0.45247906
 -0.49021868 -0.52232503 -0.55808104 -0.59106575 -0.62452099 -0.65018407
 -0.68712139 -0.71538832 -0.74750173 -0.77409108 -0.80762029 -0.83907322
 -0.87134793 -0.88525889 -0.90732631 -0.93263673 -0.95933158 -0.97120407
 -0.99228446 -1.0164215  -1.03915439 -1.04647561 -1.06437569 -1.08471871
 -1.09820935 -1.10092241 -1.10956334 -1.12290542 -1.13946083 -1.13766352
 -1.14665596 -1.14035589 -1.13086501 -1.13458351 -1.13734028 -1.12837366
 -1.11658033 -1.11730536 -1.11134787 -1.09896728 -1.07367629 -1.07247104
 -1.07272739 -1.06383504 -1.03760657 -1.00176105 -0.98298593 -0.95846701
 -0.93940428 -0.91194423 -0.90342141 -0.87486378 -0.8543198  -0.83518999
 -0.81220723 -0.7772996  -0.74739733 -0.70557991 -0.67689575 -0.64535154
 -0.6139097  -0.57991998 -0.54821776 -0.51405866 -0.48065968 -0.43474835
 -0.40335806 -0.36812641 -0.32881219 -0.28708944 -0.24868443 -0.20424085
 -0.16894193 -0.13055073 -0.09222593 -0.05566843 -0.00721326  0.03131271
  0.07446668  0.11510273  0.16032759  0.20197619  0.25190215  0.29454452
  0.32793668  0.37076876  0.41193296  0.45054087  0.48868813  0.52540841
  0.57570824  0.60637011  0.64352722  0.68066466  0.71065658  0.74484625
  0.77986547  0.8121657   0.83884778  0.86402927  0.88975789  0.91539218
  0.95405951  0.98078472  0.99916108  1.03008089  1.0543725   1.07701805
  1.10798311  1.12125534  1.13666747  1.15588347  1.18391835  1.17765682
  1.18984217  1.20849584  1.22527888  1.22606504  1.23876925  1.25913324
  1.27798284  1.27994413  1.2867351   1.29237035  1.29751518  1.30284525
  1.30833779  1.29027176  1.27228627  1.25200014  1.23480621  1.19919612
  1.1785245   1.14497376  1.10558251  1.07682214  1.03950024  1.0095434
  0.98421862  0.93948157  0.90937445  0.87397817  0.84730327  0.82606068
  0.8018315   0.75127669  0.71988139  0.67860113  0.62308693]
[ 0.50278657  0.45911008  0.39647698  0.35164989  0.29835858  0.2504831
  0.19833928  0.16218091  0.12799071  0.07447426  0.02428923 -0.02623812
 -0.08071994 -0.12208799 -0.15948502 -0.17120925 -0.24324039 -0.27930189
 -0.3235715  -0.36797208 -0.40991486 -0.45300328 -0.49438429 -0.53975013
 -0.57829167 -0.59500627 -0.63185817 -0.65821487 -0.70621981 -0.74380147
 -0.76275427 -0.784845   -0.83383913 -0.8698199  -0.89301219 -0.91987044
 -0.92958669 -0.94581171 -0.96351509 -0.98239544 -1.01508454 -1.0628041
 -1.08017518 -1.09994754 -1.10955772 -1.11593441 -1.13389513 -1.1476693
 -1.15037328 -1.15480444 -1.15364121 -1.169553   -1.17927287 -1.19445175
 -1.19915578 -1.19713006 -1.19250332 -1.19939019 -1.21046813 -1.20978555
 -1.19649112 -1.19062513 -1.20132503 -1.17803545 -1.16326136 -1.16008651
 -1.14520481 -1.12986827 -1.11481576 -1.10447564 -1.11218305 -1.0516747
 -1.05898162 -1.05711074 -1.02252901 -0.99436648 -0.95750071 -0.936859
 -0.9240296  -0.8939563  -0.85445066 -0.84390573 -0.79651447 -0.77331876
 -0.74084386 -0.69833972 -0.67336332 -0.63990164 -0.60276982 -0.56269341
 -0.51891838 -0.48239031 -0.44411639 -0.41085249 -0.36487623 -0.32791466
 -0.26735078 -0.21802313 -0.17147371 -0.12976592 -0.09916597 -0.04084817
 -0.0119843   0.0294219   0.16203825  0.16307883  0.21426658  0.27015332
  0.32173615  0.36159913  0.41647353  0.46965483  0.53039163  0.58261772
  0.63696778  0.70935851  0.7386634   0.79525368  0.85591923  0.9058253
  0.95567278  1.00677323  1.05627933  1.11314489  1.16008778  1.20793306
  1.25683634  1.31198656  1.34945124  1.37635666  1.41068655  1.44371271
  1.4731569   1.48117263  1.51287652  1.54460907  1.53880475  1.54052903
  1.54804406  1.53234095  1.5250996   1.53365961  1.53252683  1.47493742
  1.45937967  1.46084293  1.43520016  1.42674736  1.40774495  1.36619954
  1.38717126  1.36020328  1.32479847  1.28727662  1.27512666  1.22291537
  1.1891239   1.14561382  1.10174258  1.05109492  1.01848717  0.96097552
  0.91733075  0.86607611  0.8102082   0.76918349  0.72003763  0.67571291
  0.60952246  0.58032125  0.51784372  0.46453566  0.42907569  0.36941917
  0.31097312  0.26061381  0.22809721  0.17220605  0.13045948  0.07473746
  0.0255716  -0.01616929 -0.08655552 -0.12348937 -0.16801903 -0.21254221
 -0.24858264 -0.30793795 -0.35996205 -0.39090801 -0.43979696 -0.48527426
 -0.51092888 -0.5662071  -0.62551062 -0.64835004 -0.68010627 -0.709669
 -0.75383546 -0.81875306 -0.82558936 -0.86525378 -0.90868113 -0.92998824
 -0.94175735 -0.97084496 -0.99622144 -1.0261086  -1.08675054 -1.08496922
 -1.13066759 -1.12440654 -1.15349374 -1.1467842  -1.16091913 -1.17629464
 -1.18607617 -1.2003712  -1.20466343 -1.224128   -1.19148777 -1.20945712
 -1.22590223 -1.20742309 -1.22402773 -1.21983128 -1.20091929 -1.21279957
 -1.20643184 -1.20922891 -1.20431525 -1.19919853 -1.20326884 -1.18648734
 -1.17628603 -1.1493658  -1.13280877 -1.12657577 -1.10551815 -1.08637116
 -1.07432188 -1.0467223 ]
[ 0.01361111 -0.03561967 -0.09502887 -0.14434309 -0.19571669 -0.24672694
 -0.29481682 -0.32457218 -0.36024909 -0.40596867 -0.4548904  -0.4993776
 -0.55545687 -0.59563209 -0.6143099  -0.64660439 -0.69265524 -0.73197911
 -0.77674711 -0.81799202 -0.85459267 -0.86306141 -0.88034942 -0.92370881
 -0.95773834 -0.99091485 -0.98882535 -0.99699119 -1.01426305 -1.0620657
 -1.0877645  -1.11771929 -1.12805006 -1.12086608 -1.11487624 -1.13346257
 -1.14615834 -1.16322031 -1.18018933 -1.19299952 -1.20425026 -1.21689156
 -1.22686189 -1.20236934 -1.15588434 -1.14918973 -1.15445806 -1.15477284
 -1.1496283  -1.14571706 -1.1507198  -1.13472453 -1.12604079 -1.10928384
 -1.10304314 -1.07484735 -1.05493859 -1.0673382  -1.09456134 -1.07452486
 -1.05257308 -1.02851901 -1.00566154 -0.97598529 -0.96705246 -0.97769511
 -0.94936247 -0.92081758 -0.89357456 -0.85939848 -0.8239304  -0.80217636
 -0.80428185 -0.76582863 -0.72911739 -0.69367819 -0.66503145 -0.64928369
 -0.61395891 -0.56899783 -0.52997717 -0.48650116 -0.46877316 -0.433596
 -0.38513599 -0.33669528 -0.29230837 -0.24728481 -0.19771777 -0.14860689
 -0.10824314 -0.08598469 -0.03389997  0.01485587  0.06505121  0.11765314
  0.16681191  0.22152275  0.27391062  0.33219492  0.37550741  0.42467004
  0.47243401  0.50045957  0.55455537  0.6054635   0.65797434  0.71513116
  0.76230607  0.81673181  0.87387412  0.92301924  0.98519298  1.02802282
  1.07896896  1.12165345  1.17044843  1.2143079   1.26124732  1.30788392
  1.35595292  1.40666565  1.45292691  1.48438839  1.48981995  1.49461602
  1.49987658  1.50638786  1.51215942  1.51492425  1.52064509  1.52295574
  1.53222935  1.52694515  1.52236487  1.50933728  1.51343758  1.51006197
  1.50755113  1.50105447  1.54417455  1.54050022  1.53446694  1.49950484
  1.46138488  1.45021423  1.42458569  1.38477291  1.3471133   1.31184129
  1.30400694  1.26270987  1.21962624  1.177295    1.13308789  1.08656969
  1.04571054  0.99489746  0.94928496  0.90414426  0.85635678  0.81650801
  0.76155204  0.71917047  0.67218602  0.62704247  0.58046815  0.53496585
  0.4883471   0.44318668  0.39787429  0.35891225  0.31260964  0.2688595
  0.22275997  0.17718899  0.13818814  0.09683031  0.05332021  0.00356011
 -0.03278254 -0.07082906 -0.11585498 -0.16071326 -0.20126918 -0.24763569
 -0.2776024  -0.32606842 -0.36698476 -0.40888107 -0.45338277 -0.48164082
 -0.51936611 -0.56010688 -0.59782531 -0.64201703 -0.68248403 -0.72252251
 -0.76189505 -0.79309153 -0.83836975 -0.88001207 -0.91925382 -0.9485307
 -0.9905635  -1.02238844 -1.06107219 -1.08718371 -1.12486865 -1.15405419
 -1.16810764 -1.18118559 -1.20853611 -1.22212602 -1.25948243 -1.2918661
 -1.29794407 -1.32023302 -1.337391   -1.35012978 -1.35927976 -1.36665936
 -1.37569013 -1.38423962 -1.37607193 -1.38790037 -1.37981043 -1.37366383
 -1.36991686 -1.35406699 -1.34131035 -1.32873472 -1.31193447 -1.29217344
 -1.27094452 -1.24858534 -1.23132113 -1.19869392 -1.17058405 -1.13871358
 -1.11169905 -1.08170162 -1.04730558 -1.01405653 -0.98086659 -0.94215446
 -0.90609853 -0.87509681 -0.83742954 -0.8165348  -0.77328336]
[-0.40894539 -0.40701787 -0.4056246  -0.40226547 -0.39992523 -0.39751662
 -0.39502965 -0.39457372 -0.39620512 -0.38915608 -0.38482433 -0.37628661
 -0.36969307 -0.36128703 -0.35422487 -0.34492964 -0.33772661 -0.33624778
 -0.33046483 -0.32128907 -0.31156028 -0.28933655 -0.27284503 -0.2614746
 -0.2509462  -0.24469295 -0.23768823 -0.2089699  -0.19291743 -0.18718498
 -0.1780717  -0.16354931 -0.14856817 -0.12715734 -0.10715345 -0.09310099
 -0.07175387 -0.05318131 -0.02877606 -0.01184405 -0.00781928 -0.0039527
  0.02769206  0.04689199  0.05737282  0.05267244  0.067907    0.07719158
  0.08337521  0.0925205   0.10272734  0.11488359  0.12555353  0.14608473
  0.15848252  0.17274765  0.18988896  0.20560965  0.29895263  0.3077427
  0.31944732  0.32615207  0.33777174  0.33822917  0.33431083  0.32991822
  0.32931856  0.32942337  0.33097858  0.33139592  0.33272071  0.33118169
  0.33121754  0.33809861  0.33830862  0.33642874  0.33076963  0.32445915
  0.31825648  0.31467197  0.30950599  0.3076224   0.30130901  0.29580749
  0.29348276  0.28824483  0.28955204  0.28780739  0.28630178  0.28474484
  0.28005703  0.27511155  0.27493781  0.27228742  0.26691762  0.26079056]
[ 0.01412099 -0.03824887 -0.09453069 -0.14385272 -0.19524737 -0.24626693
 -0.29438441 -0.32414063 -0.35981442 -0.40555633 -0.45450233 -0.50408177
 -0.55256952 -0.59528182 -0.61396666 -0.64627633 -0.69232386 -0.73166942
 -0.77354927 -0.81247836 -0.85433471 -0.86281546 -0.88012114 -0.92349662
 -0.95753499 -0.99073283 -0.98866421 -0.99683821 -1.02990794 -1.06191775
 -1.08763959 -1.11087135 -1.13562292 -1.12080602 -1.11483855 -1.13344105
 -1.14616029 -1.16324633 -1.18023169 -1.19306846 -1.20433299 -1.21700326
 -1.22699404 -1.20249609 -1.15602091 -1.14934655 -1.15462595 -1.15496316
 -1.14982374 -1.14592023 -1.14093474 -1.13492636 -1.12626488 -1.11294863
 -1.09349058 -1.07508897 -1.05519803 -1.06758752 -1.09482965 -1.07479357
 -1.05283525 -1.02879813 -1.00596913 -0.97630647 -0.96954865 -0.97803544
 -0.94970683 -0.92115943 -0.89393538 -0.85977028 -0.82433424 -0.80968671
 -0.80467344 -0.76622571 -0.7295263  -0.69408522 -0.66545317 -0.64973829
 -0.61442311 -0.56946651 -0.53045831 -0.48697903 -0.46965779 -0.43409686
 -0.38564491 -0.33720688 -0.29282008 -0.2477998  -0.19823486 -0.14785188
 -0.10877386 -0.08651254 -0.03442763  0.0143262   0.06452824  0.11713515
  0.16629028  0.22100851  0.27339455  0.33168     0.3750054   0.42416581
  0.47193252  0.50208548  0.55403558  0.60495092  0.65879586  0.71460819
  0.76178085  0.81621171  0.87334785  0.92248814  0.98465173  1.027477
  1.07841326  1.12509045  1.16992354  1.21384861  1.26085025  1.30754951
  1.35567137  1.40643392  1.45276433  1.48428028  1.48975345  1.49460165
  1.49991294  1.50647077  1.51230219  1.51511429  1.52088625  1.52325388
  1.52814054  1.52762945  1.52274488  1.51824599  1.51387137  1.51053445
  1.50805934  1.50158633  1.54471417  1.54104562  1.53501081  1.5000308
  1.46191546  1.45073519  1.42510617  1.38529222  1.34762349  1.31235313
  1.30451905  1.26322014  1.22013302  1.17779987  1.13359514  1.08707001
  1.04377036  0.9954039   0.94978733  0.90464702  0.85686577  0.81060756
  0.76206094  0.72023663  0.67268098  0.62754236  0.58097245  0.53547521
  0.48886866  0.44368767  0.39835743  0.35940155  0.31309196  0.26932365
  0.22322736  0.17764906  0.13862416  0.09726077  0.05371932  0.00395456
 -0.03241353 -0.07046975 -0.11548772 -0.16036408 -0.20095983 -0.24733023
 -0.27733973 -0.32582443 -0.36673032 -0.40862775 -0.45315207 -0.48145644
 -0.51919287 -0.55992393 -0.59763557 -0.64184617 -0.68232959 -0.72238911
 -0.7617701  -0.79965811 -0.83825175 -0.87989047 -0.91914509 -0.94844119
 -0.99049204 -1.02233891 -1.06104081 -1.08717111 -1.12486757 -1.1540714
 -1.16813022 -1.18120369 -1.20856986 -1.23314791 -1.25951943 -1.28408929
 -1.29849784 -1.32032305 -1.33749307 -1.3502104  -1.35937921 -1.36675276
 -1.37580729 -1.38436153 -1.38319856 -1.38138905 -1.37997333 -1.3738411
 -1.36832383 -1.35740225 -1.34149654 -1.32893219 -1.31216719 -1.29242002
 -1.27119044 -1.24884038 -1.23159355 -1.1989715  -1.17089169 -1.13906099
 -1.11203115 -1.08203932 -1.04765265 -1.01442405 -0.98125711 -0.94255069
 -0.9064848  -0.87150996 -0.83708774 -0.81696636 -0.77782466]
[ 0.50405757  0.46036931  0.39777644  0.35298036  0.29971694  0.25184016
  0.1996977   0.16350892  0.1292914   0.0757867   0.02560142 -0.02492895
 -0.07939873 -0.12077206 -0.15814057 -0.16998675 -0.24195901 -0.27803567
 -0.32227459 -0.3667248  -0.40866901 -0.45178246 -0.49319194 -0.53854573
 -0.57708869 -0.59385717 -0.63073509 -0.65715265 -0.70513894 -0.74273805
 -0.76174839 -0.78388256 -0.83287352 -0.86886211 -0.89208074 -0.91896768
 -0.92875401 -0.94503251 -0.96277486 -0.98170704 -1.01445309 -1.06211103
 -1.07949969 -1.09930044 -1.10898128 -1.11541417 -1.13338883 -1.14718863
 -1.14994418 -1.15442791 -1.15331803 -1.16925614 -1.17900959 -1.19416584
 -1.19891699 -1.19693152 -1.19235366 -1.19927322 -1.21041523 -1.20974015
 -1.19648414 -1.19065511 -1.20136895 -1.17814909 -1.1633912  -1.16021005
 -1.14536438 -1.13007476 -1.11503903 -1.10471668 -1.11243722 -1.05200754
 -1.05928931 -1.0574084  -1.02288323 -0.99474189 -0.95798503 -0.93730574
 -0.92447566 -0.89443777 -0.85497967 -0.84441844 -0.79707145 -0.77387041
 -0.74142002 -0.69899383 -0.67402501 -0.64059277 -0.60347944 -0.56342673
 -0.51967942 -0.48315623 -0.44489429 -0.41163375 -0.36572454 -0.32877221
 -0.26828413 -0.21898366 -0.17245065 -0.13074957 -0.10012934 -0.04184861
 -0.01296901  0.02839771  0.16081378  0.16193533  0.213108    0.26895428
  0.32050775  0.36036077  0.41520387  0.46835856  0.52906372  0.58128181
  0.63563317  0.70794965  0.7372574   0.79382991  0.85446653  0.90436999
  0.95422012  1.00530549  1.05480813  1.11164725  1.15860413  1.20645421
  1.2553415   1.310464    1.34794444  1.37488061  1.40923612  1.44229054
  1.47174742  1.47982248  1.51155497  1.54329651  1.53757696  1.53937057
  1.54693494  1.53136291  1.52420096  1.53282416  1.53177582  1.47434607
  1.45889246  1.46042807  1.4349179   1.42653244  1.40760284  1.36620179
  1.38720278  1.36034589  1.32506528  1.28762568  1.27549743  1.22336009
  1.18964964  1.14621436  1.10240742  1.05188057  1.01928235  0.96186321
  0.91828285  0.86710034  0.81132147  0.77034815  0.72127136  0.67701555
  0.6109112   0.58165851  0.51930799  0.46601055  0.43055368  0.37095597
  0.31253956  0.26218158  0.22964369  0.1737494   0.13202598  0.07632592
  0.02716666 -0.01458733 -0.08493247 -0.12189516 -0.16642069 -0.21094052
 -0.24701311 -0.30634602 -0.35834953 -0.38930763 -0.43820729 -0.48368374
 -0.50938386 -0.56464987 -0.62389553 -0.64681833 -0.67857833 -0.70817554
 -0.75234317 -0.81721659 -0.82414243 -0.86382318 -0.90725065 -0.92859356
 -0.9404245  -0.96952505 -0.99492029 -1.02485928 -1.08544709 -1.08375329
 -1.12945311 -1.12327483 -1.15238392 -1.14572078 -1.15991391 -1.17536949
 -1.18517495 -1.19951383 -1.20386416 -1.22334609 -1.19082426 -1.20880226
 -1.22528634 -1.20691337 -1.22353259 -1.219396   -1.20058118 -1.21248777
 -1.20615767 -1.20897439 -1.20409865 -1.19903184 -1.20313815 -1.18643695
 -1.17628977 -1.14943827 -1.13290544 -1.12666745 -1.10568743 -1.08659638
 -1.07458745 -1.04704034]
[ 0.81006472  0.76877462  0.72250806  0.69074106  0.63722035  0.59461574
  0.53558174  0.49260239  0.45439406  0.40036116  0.35124114  0.3056085
  0.25688615  0.21047039  0.16744481  0.12385132  0.08154003  0.03642441
 -0.01100251 -0.04966654 -0.09054561 -0.13365959 -0.18019512 -0.21645409
 -0.25760014 -0.28610593 -0.33088591 -0.36486047 -0.41339319 -0.44485992
 -0.4823929  -0.51426751 -0.54981132 -0.58266506 -0.61594972 -0.64164457
 -0.67871261 -0.7070508  -0.73921948 -0.76597031 -0.79959951 -0.83107664
 -0.86353158 -0.87766772 -0.89996524 -0.9254653  -0.95238622 -0.96431764
 -0.98556554 -1.0098344  -1.03274214 -1.04026644 -1.05832186 -1.07904577
 -1.0924585  -1.09537159 -1.10420023 -1.11791608 -1.13425416 -1.13272083
 -1.14186238 -1.13581178 -1.12652244 -1.13043057 -1.13337905 -1.12449484
 -1.11303701 -1.11404198 -1.10828799 -1.09614233 -1.0710986  -1.07005174
 -1.07057307 -1.06197118 -1.03599038 -1.00037038 -0.98182974 -0.95750289
 -0.93869384 -0.91151597 -0.90330446 -0.87497149 -0.85464381 -0.83567883
 -0.81295664 -0.77838187 -0.74876048 -0.70718736 -0.67870762 -0.64733924
 -0.61619686 -0.58242087 -0.55090832 -0.51694688 -0.48374136 -0.4379878
 -0.40686772 -0.37197121 -0.33270692 -0.29113415 -0.25286997 -0.20873837
 -0.17351786 -0.13520641 -0.09719224 -0.06069686 -0.01247924  0.02589594
  0.06886529  0.10934902  0.15449044  0.19596631  0.24566459  0.28818458
  0.32142674  0.3641      0.40513632  0.44361069  0.48173941  0.51817005
  0.5685563   0.59911551  0.63619923  0.67330363  0.70331869  0.73754544
  0.77261798  0.80496388  0.83166349  0.85684478  0.88265348  0.90830586
  0.94699865  0.97364336  0.99201304  1.02297264  1.04734378  1.07003463
  1.10099269  1.11455411  1.12965114  1.14900966  1.17705168  1.17095965
  1.18331008  1.2020815   1.21896196  1.22008547  1.23292042  1.25367309
  1.27258598  1.27481066  1.28186664  1.28770514  1.2931075   1.29871757
  1.30438683  1.28670766  1.26901067  1.24894373  1.23204397  1.19673079
  1.17636384  1.14306436  1.10393809  1.07532293  1.03832698  1.00869006
  0.98362751  0.93917717  0.90931541  0.87421134  0.84782055  0.82687863
  0.80284421  0.75263603  0.72139991  0.68034864  0.625053  ]
[ 0.43887127  0.3966436   0.3311057   0.28593124  0.23020321  0.18299581
  0.13106661  0.09770269  0.06593553  0.01183202 -0.03860118 -0.08894814
 -0.14464244 -0.18427825 -0.21744724 -0.22568986 -0.30304023 -0.33680043
 -0.37787959 -0.42363662 -0.46407968 -0.50750826 -0.54804524 -0.59242362
 -0.63527428 -0.64387918 -0.67890796 -0.70281429 -0.75135681 -0.78858258
 -0.80464414 -0.82299268 -0.87260463 -0.90927482 -0.93252124 -0.9578172
 -0.9617299  -0.97455793 -0.99198395 -1.00537629 -1.04421083 -1.09685768
 -1.10893204 -1.12741235 -1.13358535 -1.13878612 -1.15509589 -1.16798658
 -1.16630922 -1.17098622 -1.16575588 -1.18289533 -1.19078299 -1.20370561
 -1.20883336 -1.20404751 -1.19585622 -1.20255635 -1.21367229 -1.21005619
 -1.19359065 -1.18614667 -1.20044314 -1.17002133 -1.15358238 -1.15129721
 -1.13392899 -1.11719579 -1.10052771 -1.08775726 -1.10133481 -1.03206047
 -1.0415367  -1.04127687 -1.00354575 -0.97471198 -0.938637   -0.91356743
 -0.89914998 -0.86747724 -0.82523702 -0.81602938 -0.75723699 -0.73990327
 -0.70677696 -0.66338328 -0.63482898 -0.6000533  -0.56244469 -0.52085193
 -0.47365001 -0.43757967 -0.3983387  -0.36587727 -0.31819847 -0.28261332
 -0.21291043 -0.16258993 -0.11499528 -0.0717514  -0.04337046  0.01686987
  0.04132548  0.08923777  0.23436984  0.2280894   0.28074269  0.33883617
  0.3907921   0.42738198  0.4857079   0.53926379  0.60320779  0.65644194
  0.71224226  0.78780612  0.8092065   0.8721135   0.93476476  0.98456289
  1.03426078  1.08648555  1.13676523  1.19494786  1.24219525  1.29044811
  1.34052441  1.39986104  1.43331559  1.45636944  1.49137979  1.5228859
  1.5498579   1.55313836  1.5859644   1.61774758  1.60380671  1.59702091
  1.60214771  1.57710448  1.56298593  1.56635097  1.55964545  1.48808538
  1.46424954  1.45978269  1.42310826  1.40841608  1.38444341  1.3341492
  1.35587578  1.32253918  1.28195971  1.24114592  1.23061157  1.17372827
  1.1396564   1.09550628  1.04943148  0.9965068   0.96243715  0.90205859
  0.86078119  0.80353952  0.74515774  0.70344247  0.65232957  0.60633728
  0.52918893  0.50583882  0.44223735  0.38242473  0.35317128  0.29028122
  0.23015307  0.17712382  0.14776326  0.08952984  0.05055835 -0.00992081
 -0.05744972 -0.09805373 -0.17195962 -0.20641208 -0.24959945 -0.2948061
 -0.32869665 -0.38909674 -0.4417402  -0.4691531  -0.51891752 -0.56592897
 -0.58917339 -0.64535646 -0.70703874 -0.72703041 -0.75533166 -0.77898919
 -0.82539373 -0.89547203 -0.89746166 -0.93736039 -0.98103384 -0.99774007
 -1.00526144 -1.03468987 -1.05856876 -1.08837555 -1.15100398 -1.14903726
 -1.19597473 -1.18011711 -1.21163772 -1.1960821  -1.20910753 -1.22437043
 -1.23123742 -1.24362895 -1.24541715 -1.2662691  -1.22234145 -1.24174168
 -1.25712696 -1.23251222 -1.25168179 -1.24498447 -1.21974083 -1.23087071
 -1.22087973 -1.2231265  -1.21570842 -1.20804444 -1.21223098 -1.18931995
 -1.1763961  -1.144992   -1.12629478 -1.11995037 -1.09479908 -1.07227156
 -1.06138843 -1.02792007 -1.00218771 -0.97216354 -0.9229825  -0.90899875
 -0.91212293 -0.90010455 -0.86738088 -0.83571673 -0.80533277 -0.74313823
 -0.72676878 -0.6545783  -0.64397823 -0.61331447 -0.57665337 -0.53577408]
[ 0.4412071   0.39896225  0.33352879  0.28839174  0.23273941  0.1855429
  0.13365078  0.1002505   0.06848162  0.01442966 -0.03595512 -0.08625554
 -0.14195864 -0.18158819 -0.21475817 -0.22313112 -0.30025226 -0.33411318
 -0.37523835 -0.42098593 -0.46139559 -0.50481924 -0.54542179 -0.5898026
 -0.63262029 -0.64141292 -0.676463   -0.70044133 -0.74895941 -0.78624618
 -0.80252831 -0.82087915 -0.87048683 -0.90717972 -0.93050962 -0.95588507
 -0.95999068 -0.97305663 -0.99058108 -1.00413524 -1.04296759 -1.0956026
 -1.10785984 -1.12642952 -1.13275377 -1.13811192 -1.15452054 -1.16756068
 -1.16609701 -1.17092507 -1.16573398 -1.18285162 -1.19089728 -1.20397334
 -1.20919431 -1.20454461 -1.19649357 -1.20327313 -1.21454799 -1.21103443
 -1.1946204  -1.18721393 -1.20153598 -1.17128329 -1.15492636 -1.15270454
 -1.1354355  -1.11877786 -1.10214741 -1.08924282 -1.10277918 -1.03373944
 -1.04311736 -1.04268491 -1.00500111 -0.97618647 -0.94014973 -0.91505787
 -0.90055639 -0.86892761 -0.82673989 -0.81738897 -0.75868771 -0.74127321
 -0.70816282 -0.66479876 -0.63621027 -0.60136612 -0.56375579 -0.52235443
 -0.47520219 -0.43911038 -0.39988147 -0.36740585 -0.31969837 -0.28405427
 -0.21449951 -0.16422787 -0.11665425 -0.07342844 -0.04498868  0.01513037
  0.03957561  0.08743524  0.23216861  0.22608707  0.2787101   0.33674226
  0.38858032  0.42521939  0.48351014  0.53702477  0.60089357  0.65409906
  0.70984995  0.78525378  0.80680042  0.86965667  0.93225596  0.9820436
  1.03174458  1.08385811  1.13413344  1.19232182  1.23956849  1.28781318
  1.33785279  1.39711629  1.43063439  1.45372256  1.48874758  1.52033663
  1.54732969  1.55066782  1.58347264  1.61526664  1.60143779  1.59500226
  1.60047396  1.57588991  1.5621253   1.56576956  1.55937618  1.4883445
  1.46473756  1.46042808  1.42407997  1.40948928  1.385651    1.33560879
  1.35730961  1.32415907  1.28379722  1.2432001   1.23278652  1.17591225
  1.14199578  1.09785034  1.0517724   0.99886053  0.96469308  0.90432847
  0.86300714  0.8058185   0.74743098  0.7057028   0.65461889  0.60863022
  0.53165104  0.50814032  0.44453673  0.38481126  0.35547927  0.29266607
  0.23260706  0.17959929  0.15018546  0.09200717  0.0530122  -0.00739052
 -0.05492815 -0.09557845 -0.16937394 -0.20389339 -0.24706067 -0.29232214
 -0.32626579 -0.38662085 -0.43922438 -0.46665189 -0.51644741 -0.56350952
 -0.58682035 -0.64296156 -0.70453671 -0.72459222 -0.75305711 -0.77684069
 -0.82321373 -0.89304534 -0.89534565 -0.93530842 -0.97900645 -0.99582899
 -1.00349706 -1.03299076 -1.05692824 -1.08690681 -1.14953308 -1.1476769
 -1.19450232 -1.17887385 -1.21049431 -1.19526535 -1.20839911 -1.22381129
 -1.23081651 -1.24314144 -1.24504169 -1.26594414 -1.22235905 -1.24181075
 -1.25728651 -1.23290095 -1.25211576 -1.24559117 -1.22057345 -1.23173316
 -1.22189067 -1.22421945 -1.21692341 -1.20937576 -1.21363082 -1.19077647
 -1.17779939 -1.14652503 -1.12792307 -1.12161846 -1.09657594 -1.07405218
 -1.06307126 -1.02970356 -1.0039876  -0.97394014 -0.92479717 -0.91079348
 -0.91380726 -0.90170987 -0.86890509 -0.83723884 -0.80683957 -0.74478422
 -0.7282374  -0.65617449 -0.64547214 -0.6148031  -0.57815469 -0.53725505]
[ 0.36016726  0.31154453  0.25573427  0.22131694  0.17693918  0.12539956
  0.07498539  0.04133857  0.01302878 -0.0366299  -0.08193052 -0.13090328
 -0.18455612 -0.21852556 -0.24113583 -0.26568704 -0.31833904 -0.3578215
 -0.39809421 -0.44103439 -0.4815647  -0.51765153 -0.55505385 -0.59552653
 -0.62490336 -0.65219364 -0.68544507 -0.71087221 -0.75012824 -0.78531732
 -0.80712682 -0.82838872 -0.88656856 -0.91857709 -0.94192404 -0.96622474
 -0.97725819 -0.99123567 -1.00773632 -1.03075961 -1.05015247 -1.09531442
 -1.12270268 -1.13299893 -1.1429835  -1.15427668 -1.15927958 -1.17601697
 -1.19465828 -1.19683528 -1.18651068 -1.20036749 -1.21015772 -1.23672251
 -1.23034676 -1.22235212 -1.20894549 -1.20620142 -1.23353353 -1.22703892
 -1.20549149 -1.19813213 -1.20571596 -1.18417164 -1.16229423 -1.16322888
 -1.14532065 -1.12638037 -1.10480614 -1.0758952  -1.09263191 -1.04454365
 -1.03092329 -1.016627   -0.9874615  -0.95140021 -0.91244638 -0.89517011
 -0.87014056 -0.84521938 -0.80672725 -0.77774691 -0.734385   -0.69787246
 -0.66618875 -0.62093651 -0.58349846 -0.54420803 -0.50014881 -0.46280107
 -0.41427376 -0.36965051 -0.32940404 -0.29638003 -0.24613374 -0.1940526
 -0.1461911  -0.09984432 -0.04792449 -0.00444582  0.03836469  0.08985004
  0.12905757  0.16902861  0.26925938  0.29575535  0.34833843  0.40439156
  0.45579184  0.50497453  0.55811804  0.61125607  0.67393638  0.72634099
  0.78065645  0.84331136  0.888964    0.9466486   1.00284563  1.05335922
  1.10860459  1.15888476  1.21301872  1.26802502  1.31828935  1.36792466
  1.41717192  1.46678619  1.5135025   1.52738765  1.56367762  1.60919511
  1.62401533  1.60695286  1.6244628   1.65354606  1.62421679  1.617832
  1.61136508  1.5803749   1.55816715  1.54238201  1.51403879  1.44112423
  1.40917812  1.37870855  1.34492722  1.32032571  1.28598441  1.23726416
  1.23214484  1.19146823  1.14484679  1.10048784  1.07614162  1.01934278
  0.98238182  0.93236689  0.87902793  0.82854684  0.78267473  0.73173189
  0.68068424  0.63022314  0.5799656   0.53325155  0.47787144  0.43600606
  0.38603047  0.33233597  0.27476779  0.23483755  0.18667985  0.13286651
  0.08167346  0.02397846 -0.01144139 -0.06431681 -0.10599832 -0.15467559
 -0.20135522 -0.25360185 -0.31419194 -0.35972463 -0.39805589 -0.43716136
 -0.47851822 -0.53643568 -0.57782769 -0.60624764 -0.65695257 -0.70113163
 -0.72417248 -0.77125746 -0.81510592 -0.84445584 -0.87613361 -0.91359904
 -0.94531591 -0.97434596 -1.00852493 -1.04450162 -1.08694672 -1.09541001
 -1.11039522 -1.13664806 -1.15108172 -1.17458556 -1.21693115 -1.21754336
 -1.24072931 -1.24494175 -1.26892217 -1.26205891 -1.26415285 -1.27928171
 -1.28463028 -1.28904388 -1.28012298 -1.28446492 -1.26744316 -1.27579736
 -1.28233187 -1.2618761  -1.26080165 -1.25697719 -1.2389571  -1.21943283
 -1.20511103 -1.20192491 -1.18916303 -1.17641208 -1.17431519 -1.14381143
 -1.12524851 -1.0863712  -1.06120239 -1.04455518 -1.02068133 -0.99848003
 -0.96590607 -0.93997098 -0.90895021 -0.8751237  -0.83061048 -0.80883491
 -0.79050637 -0.76873651 -0.73272999 -0.69676637 -0.65788506 -0.61878047
 -0.57855831 -0.51801401 -0.49757094 -0.46121741 -0.42178793 -0.38213441]
[-0.40956597 -0.4074373  -0.40583834 -0.40228213 -0.39973899 -0.39712905
 -0.39443434 -0.39375651 -0.39515499 -0.387965   -0.38350016 -0.37477608
 -0.36798599 -0.35939396 -0.35215602 -0.34266128 -0.33525736 -0.33355032
 -0.32756086 -0.31822345 -0.30840241 -0.28603418 -0.26939294 -0.25783963
 -0.24720812 -0.24074097 -0.23357946 -0.20478586 -0.18857742 -0.18265408
 -0.17339662 -0.15869967 -0.14360935 -0.1220778  -0.10199139 -0.08784745
 -0.06641432 -0.04774666 -0.02326848 -0.00621626 -0.00202619  0.00180656
  0.03354248  0.05285335  0.06352464  0.0590832   0.07450479  0.08398544
  0.09040223  0.09974664  0.11016588  0.12250843  0.13338632  0.15406015
  0.16665082  0.18110314  0.19817459  0.21404572  0.30686111  0.31545809
  0.32701666  0.33347303  0.34476206  0.34495386  0.34079125  0.33616385
  0.33529296  0.33511725  0.33640708  0.33654213  0.33757911  0.33578797
  0.33555942  0.34216873  0.34214051  0.34004711  0.33436371  0.32795082
  0.32157887  0.31781658  0.31248852  0.31042938  0.30392235  0.298265
  0.29576668  0.29030545  0.29139617  0.28944621  0.28777308  0.28598388
  0.28107349  0.27590854  0.27554057  0.27268895  0.26710046  0.26075827]
[ 7.84524913e-01  7.32191583e-01  6.81386075e-01  6.33550117e-01
  5.81445347e-01  5.29072333e-01  4.80164139e-01  4.31694605e-01
  3.80709058e-01  3.28760276e-01  2.82319044e-01  2.35292669e-01
  1.85089416e-01  1.34640393e-01  8.80744585e-02  4.15762222e-02
 -7.59421195e-03 -5.51587622e-02 -1.01125360e-01 -1.46676836e-01
 -1.94152721e-01 -2.40550389e-01 -2.84515062e-01 -3.29446331e-01
 -3.74467796e-01 -4.21692457e-01 -4.64280207e-01 -5.10083455e-01
 -5.47027074e-01 -5.91890040e-01 -6.35990449e-01 -6.77070126e-01
 -7.12348063e-01 -7.51634746e-01 -7.94686914e-01 -8.28441870e-01
 -8.62582191e-01 -9.01561664e-01 -9.32550180e-01 -9.65290617e-01
 -1.00357718e+00 -1.04104854e+00 -1.06763024e+00 -1.09770822e+00
 -1.12782161e+00 -1.16176395e+00 -1.18481741e+00 -1.21034847e+00
 -1.22996400e+00 -1.25030523e+00 -1.26890116e+00 -1.28883112e+00
 -1.29565724e+00 -1.30495677e+00 -1.32376278e+00 -1.34306229e+00
 -1.35015087e+00 -1.34037286e+00 -1.35082974e+00 -1.36255833e+00
 -1.35293501e+00 -1.34505436e+00 -1.34767768e+00 -1.34938520e+00
 -1.33773109e+00 -1.32293519e+00 -1.30500035e+00 -1.29870112e+00
 -1.28807245e+00 -1.26011724e+00 -1.23391801e+00 -1.22006078e+00
 -1.20349198e+00 -1.17189145e+00 -1.14734623e+00 -1.12589556e+00
 -1.10308699e+00 -1.08117286e+00 -1.03912664e+00 -9.94590245e-01
 -9.67832493e-01 -9.40525432e-01 -9.11613743e-01 -8.81010660e-01
 -8.49616114e-01 -8.08360893e-01 -7.68564556e-01 -7.33871165e-01
 -6.99235830e-01 -6.67387158e-01 -6.29752512e-01 -5.91417949e-01
 -5.53423771e-01 -5.15171700e-01 -4.76982062e-01 -4.38231853e-01
 -3.98556294e-01 -3.52035459e-01 -3.03561104e-01 -2.62160640e-01
 -2.20777400e-01 -1.79769177e-01 -1.41308453e-01 -9.87902897e-02
 -5.57333899e-02 -2.01729114e-02  2.26954612e-02  6.59237429e-02
  1.02709151e-01  1.39511488e-01  1.76331161e-01  2.19116457e-01
  2.64902932e-01  3.08181866e-01  3.48692154e-01  3.90297583e-01
  4.36812047e-01  4.77234648e-01  5.15596875e-01  5.55732066e-01
  5.94827425e-01  6.33809956e-01  6.70099311e-01  7.17945337e-01
  7.53862488e-01  7.88355344e-01  8.25821118e-01  8.64324912e-01
  9.01072813e-01  9.41476637e-01  9.79876351e-01  1.00025211e+00
  1.02602734e+00  1.06643093e+00  1.10769101e+00  1.13047901e+00
  1.17084614e+00  1.21090063e+00  1.24782724e+00  1.28524779e+00
  1.32500717e+00  1.36446095e+00  1.40508151e+00  1.44564394e+00
  1.48249085e+00  1.51746633e+00  1.55456168e+00  1.57798413e+00
  1.59430274e+00  1.60302047e+00  1.61012165e+00  1.62162908e+00
  1.61798209e+00  1.60306076e+00  1.58628116e+00  1.56330487e+00
  1.54263598e+00  1.50120814e+00  1.46949029e+00  1.42644958e+00
  1.37970129e+00  1.33211666e+00  1.28493419e+00  1.23886038e+00
  1.20750747e+00  1.15938146e+00  1.11469541e+00  1.08242035e+00
  1.03916165e+00  9.95509284e-01  9.49854451e-01  9.05817251e-01
  8.64882813e-01  8.30841251e-01  8.03491650e-01  7.67272335e-01
  7.39000802e-01  6.99357394e-01  6.61787542e-01  6.35439937e-01
  5.94513872e-01  5.56091484e-01  5.17658562e-01  4.75527359e-01
  4.38704258e-01  4.03817004e-01  3.62986806e-01  3.16565723e-01
  2.78915922e-01  2.39435282e-01  2.01981147e-01  1.58688679e-01
  1.19343981e-01  7.71188072e-02  3.69033649e-02 -1.13927742e-03
 -4.33573624e-02 -8.65421480e-02 -1.27731745e-01 -1.59255530e-01
 -2.00549914e-01 -2.42323036e-01 -2.84163302e-01 -3.14605845e-01
 -3.50837896e-01 -3.92537151e-01 -4.32481503e-01 -4.69898499e-01
 -5.07568851e-01 -5.44006542e-01 -5.79046821e-01 -6.15844270e-01
 -6.56908685e-01 -6.96541807e-01 -7.32616517e-01 -7.67731837e-01
 -8.00431009e-01 -8.27390038e-01 -8.57387514e-01 -8.88411697e-01
 -9.20927374e-01 -9.51438209e-01 -9.90568326e-01 -1.01725357e+00
 -1.04112959e+00 -1.06508139e+00 -1.09566803e+00 -1.12481102e+00
 -1.14324780e+00 -1.17543342e+00 -1.19782767e+00 -1.21134761e+00
 -1.22268253e+00 -1.23277879e+00 -1.25602982e+00 -1.26875530e+00
 -1.28567748e+00 -1.29580795e+00 -1.29584671e+00 -1.29616603e+00
 -1.29674935e+00 -1.30143326e+00 -1.31721791e+00 -1.30920151e+00
 -1.29976543e+00 -1.29469944e+00 -1.28562088e+00 -1.27773747e+00
 -1.26837441e+00 -1.25267252e+00 -1.24023174e+00 -1.21690361e+00
 -1.20763776e+00 -1.18455745e+00 -1.16513615e+00 -1.13290613e+00
 -1.11170662e+00 -1.08595247e+00 -1.05426106e+00 -1.03116511e+00
 -9.98316082e-01 -9.71605185e-01 -9.33054991e-01 -8.93736973e-01
 -8.61165543e-01 -8.33867549e-01 -7.93142586e-01 -7.51373434e-01
 -7.14064379e-01 -6.77407332e-01 -6.39859282e-01 -5.96452782e-01
 -5.51765260e-01 -5.10569417e-01 -4.75641920e-01 -4.28063306e-01
 -3.81761805e-01 -3.34858029e-01 -2.97224792e-01 -2.56263758e-01
 -2.07379550e-01 -1.59160917e-01 -1.12610567e-01 -7.14590433e-02
 -2.67780853e-02  2.31644236e-02  6.73000054e-02  1.16192017e-01
  1.64482881e-01  2.09769501e-01]
[ 0.82092427  0.76991727  0.71914989  0.67085497  0.6189601   0.56679974
  0.51755051  0.46884401  0.41800911  0.36625956  0.31926462  0.27178043
  0.22159408  0.17124119  0.12496766  0.0796514   0.03104949 -0.0166566
 -0.06290611 -0.1091703  -0.15695274 -0.20139872 -0.24341527 -0.28624406
 -0.33111767 -0.37801466 -0.41790064 -0.46065557 -0.49587573 -0.54035599
 -0.58339526 -0.6209983  -0.6535653  -0.68985962 -0.73257275 -0.76500832
 -0.79613753 -0.83440985 -0.86470932 -0.89396433 -0.93044525 -0.96741028
 -0.99465224 -1.02544728 -1.05649684 -1.08994593 -1.11246566 -1.13272613
 -1.15246835 -1.17359026 -1.19265768 -1.21286799 -1.22250307 -1.23371577
 -1.25278162 -1.27216921 -1.28099513 -1.27545946 -1.28646366 -1.29863112
 -1.2932623  -1.28796404 -1.29136196 -1.29384416 -1.28530588 -1.2740749
 -1.25867074 -1.2535167  -1.24459277 -1.22150087 -1.1982386  -1.18565862
 -1.17044699 -1.14300659 -1.12103483 -1.10096434 -1.07951955 -1.05869005
 -1.02019664 -0.98039667 -0.95484692 -0.92866098 -0.90678163 -0.88165221
 -0.85125769 -0.81284704 -0.77560814 -0.74185715 -0.70800578 -0.67662554
 -0.63977484 -0.60219876 -0.56492455 -0.52733888 -0.48970844 -0.45154024
 -0.41494561 -0.37532308 -0.32953407 -0.28851723 -0.24748923 -0.20973974
 -0.17556264 -0.13322546 -0.09223493 -0.06001728 -0.02088677  0.01962378
  0.05778565  0.09402289  0.12823702  0.16832836  0.21254478  0.25603877
  0.29515095  0.33538306  0.38217607  0.42265915  0.46036209  0.49986176
  0.53949019  0.57986395  0.61700492  0.66373552  0.7019835   0.73880676
  0.77834593  0.81880023  0.85689612  0.89757783  0.93750851  0.96207775
  0.99221792  1.03400579  1.07652158  1.10404744  1.14581093  1.18713456
  1.22561949  1.26422672  1.30393587  1.34363212  1.38423401  1.42496168
  1.46239256  1.49841397  1.53610085  1.56061335  1.57313898  1.57904871
  1.58332844  1.59845518  1.59893098  1.58576103  1.57120183  1.55076931
  1.53263885  1.49791289  1.47026505  1.43369823  1.39427412  1.35422861
  1.30985316  1.26511121  1.23971099  1.19625727  1.15264408  1.12016258
  1.07785764  1.03558823  0.99130008  0.94845005  0.90877384  0.87446488
  0.84555996  0.80767508  0.77536107  0.73467687  0.69568477  0.66491564
  0.62238934  0.58260235  0.54265544  0.49945995  0.46085507  0.42394224
  0.38189302  0.33540148  0.29606158  0.25578602  0.21657166  0.17028658
  0.12734073  0.08422967  0.04288305  0.00328002 -0.03937145 -0.08281998
 -0.12463014 -0.16128646 -0.20587845 -0.24821675 -0.29054136 -0.32349927
 -0.36143122 -0.40372686 -0.44426195 -0.48258321 -0.52107083 -0.55836357
 -0.59650472 -0.6379233  -0.67953523 -0.71972833 -0.75680349 -0.79297142
 -0.82674823 -0.85524659 -0.88882152 -0.9255087  -0.95970926 -0.99140231
 -1.03057105 -1.05857519 -1.0840324  -1.10955408 -1.140059   -1.16889083
 -1.18890555 -1.22108078 -1.24461272 -1.25966726 -1.27324238 -1.29098565
 -1.31737532 -1.33145627 -1.34733189 -1.35711159 -1.35850684 -1.35975347
 -1.36103957 -1.36517917 -1.37717589 -1.36957867 -1.36010497 -1.35449529
 -1.34463297 -1.33459712 -1.32304684 -1.30645178 -1.29249047 -1.26831298
 -1.25511711 -1.22976245 -1.20320764 -1.168655   -1.14492914 -1.11741045
 -1.08524515 -1.06051697 -1.02649297 -0.99729633 -0.95852889 -0.91908888
 -0.88555082 -0.85524662 -0.814085   -0.77230473 -0.73114511 -0.68989658
 -0.65104231 -0.60769993 -0.5631755  -0.52154599 -0.4845304  -0.43723926
 -0.39118187 -0.34391517 -0.30140954 -0.2581819  -0.20974366 -0.1617843
 -0.1150656  -0.07284693 -0.02803517  0.0215066   0.06656744  0.11524092
  0.16329131  0.20878536]
[-0.24153249 -0.22680506 -0.21351262 -0.20106562 -0.18892072 -0.17876577
 -0.16898132 -0.15928782 -0.14916101 -0.13492799 -0.12179783 -0.10784725
 -0.0928461  -0.07664477 -0.06342307 -0.04555477 -0.0364808  -0.02381396
 -0.00933636  0.00792511  0.0222486   0.0495922   0.06959748  0.08797613
  0.10421433  0.11697077  0.12954768  0.155871    0.17620819  0.18609085
  0.1997792   0.21730123  0.22984998  0.25051507  0.27341721  0.2879664
  0.30840907  0.32645287  0.34826736  0.36708719  0.37908505  0.38716602
  0.40702589  0.42830066  0.44470349  0.45371222  0.47088642  0.49003775
  0.50760794  0.51999062  0.53228425  0.54555856  0.55793321  0.57445084
  0.5878836   0.59980134  0.60914338  0.6181025   0.66083988  0.65426091
  0.6456824   0.63153885  0.62463216  0.60444537  0.58156529  0.55932285
  0.5395081   0.51936601  0.50186242  0.48295954  0.46572154  0.44367712
  0.42561538  0.41177748  0.39673046  0.38882887  0.37016804  0.35040497
  0.34139702  0.32466447  0.30804527  0.29560911  0.27635556  0.25993874
  0.24463258  0.22922541  0.21756477  0.20118957  0.18967313  0.17850475
  0.16188374  0.14498276  0.13255022  0.12006852  0.10472568  0.09207004]
[ 1.3971    1.3901    1.3983    1.3967    1.3383    1.2952    1.3072
  1.3001    1.2462    1.2177    1.2336    1.2212    1.1723    1.1144
  1.048     0.99377   0.94845   0.8899    0.82436   0.77645   0.73519
  0.67544   0.61105   0.57079   0.53408   0.47259   0.40964   0.34708
  0.28456   0.22243   0.16571   0.13694   0.10082   0.040744 -0.01914
 -0.078586 -0.13777  -0.19652  -0.25492  -0.31291  -0.34912  -0.36565
 -0.40508  -0.45993  -0.51404  -0.56778  -0.62063  -0.67316  -0.68534
 -0.68839  -0.7315   -0.77964  -0.82617  -0.87074  -0.86101  -0.85666
 -0.89765  -0.93824  -0.977    -1.0001   -0.97633  -0.97076  -1.0031
 -1.0343   -1.0638   -1.092    -1.1186   -1.1435   -1.167    -1.1885
 -1.2087   -1.1801   -1.1292   -1.1265   -1.139    -1.1486   -1.1577
 -1.1635   -1.1689   -1.1708   -1.1724   -1.1706   -1.1684   -1.1629
 -1.1568   -1.1477   -1.1378   -1.1252   -1.1115   -1.0956   -1.0783
 -1.0591   -1.0697   -1.1121   -1.1159   -1.0893   -1.0608   -1.0313
 -0.99981  -0.96751  -0.93323  -0.89837  -0.90994  -0.92976  -0.89353
 -0.85254  -0.80953  -0.76637  -0.72147  -0.68327  -0.68633  -0.67819
 -0.62852  -0.57845  -0.52738  -0.4915   -0.4829   -0.45441  -0.39957
 -0.34422  -0.28838  -0.23202  -0.17527  -0.1419   -0.12122  -0.072609
 -0.013163  0.046785  0.10686   0.16744   0.2281    0.28925   0.3501
  0.38172   0.41596   0.47892   0.54193   0.60525   0.66865   0.73231
  0.78846   0.82725   0.87582   0.94073   0.99584   1.0388    1.0937
  1.1596    1.2142    1.2609    1.3095    1.359     1.4105    1.4627
  1.4618    1.4484    1.4969    1.5536    1.6124    1.6696    1.6618
  1.6543    1.6482    1.6425    1.6382    1.6343    1.6317    1.6297
  1.6288    1.6286    1.6295    1.6311    1.6337    1.6373    1.6416
  1.605     1.5422    1.4808    1.4201    1.4127    1.4226    1.3777
  1.3214    1.2673    1.2134    1.1622    1.1111    1.0628    1.0123
  0.94602   0.88385   0.83928   0.78926   0.72393   0.66699   0.62666
  0.57664   0.51254   0.4486    0.38482   0.32124   0.25782   0.2134
  0.18035   0.12732   0.065676  0.004432 -0.056692 -0.11733  -0.17788
 -0.23785  -0.29776  -0.31998  -0.34395  -0.40109  -0.45811  -0.51432
 -0.57031  -0.62549  -0.6678   -0.67693  -0.70086  -0.75206  -0.80263
 -0.85235  -0.90126  -0.94935  -0.9662   -0.95947  -0.98443  -1.027
 -1.068    -1.1084   -1.1469   -1.1848   -1.1683   -1.1428   -1.17
 -1.2009   -1.2288   -1.2565   -1.2812   -1.2954   -1.2501   -1.2187
 -1.2355   -1.2512   -1.2644   -1.2763   -1.2858   -1.2937   -1.2994
 -1.3032   -1.3051   -1.3048   -1.3029   -1.2984   -1.2927   -1.2842
 -1.2746   -1.2622   -1.249    -1.2326   -1.2158   -1.1958   -1.1755
 -1.152    -1.1282   -1.1016   -1.0848   -1.1168   -1.133    -1.0993
 -1.0647   -1.0284   -0.99108  -0.95231  -0.91253  -0.87154  -0.82948
 -0.78645  -0.77318  -0.77948  -0.74898  -0.70084  -0.65155  -0.60188
 -0.55106  -0.5      -0.4478   -0.39546  -0.34201  -0.29008  -0.27663
 -0.25833  -0.20158  -0.14468  -0.087109 -0.029342  0.028984  0.087537
  0.14655   0.19226   0.2182    0.26088   0.32206   0.38351   0.44517
  0.50711   0.56922   0.61194   0.64606   0.70279   0.76645   0.80926
  0.84805   0.8899    0.93204   0.97731   1.0228    1.0711    1.1198
  1.171     1.2227    1.2766    1.3124    1.3004    1.3129    1.3713
  1.4018    1.3937    1.3864    1.3801    1.3747    1.3702    1.3668
  1.3641    1.3626    1.3617    1.3622    1.3632    1.3656    1.3683  ]
[-0.77254371 -0.8288824  -0.82189163 -0.83440308 -0.81828169 -0.81312598
 -0.83000972 -0.8462117  -0.86313518 -0.79596796]
[ 1.8553e+00  1.8529e+00  1.8539e+00  1.8315e+00  1.7819e+00  1.7863e+00
  1.7412e+00  1.6833e+00  1.6246e+00  1.5708e+00  1.5108e+00  1.4558e+00
  1.4005e+00  1.3405e+00  1.2805e+00  1.2205e+00  1.1605e+00  1.1024e+00
  1.0521e+00  9.9318e-01  9.3345e-01  8.7374e-01  8.1406e-01  7.5442e-01
  7.0353e-01  6.5053e-01  5.9122e-01  5.3195e-01  4.7273e-01  4.2162e-01
  3.7270e-01  3.1392e-01  2.5523e-01  2.0801e-01  1.5935e-01  1.0124e-01
  4.3238e-02  8.7500e-04 -4.7747e-02 -1.0499e-01 -1.6209e-01 -1.9844e-01
 -2.4728e-01 -3.0336e-01 -3.5759e-01 -3.8825e-01 -4.3757e-01 -4.9215e-01
 -5.4648e-01 -6.0051e-01 -6.2781e-01 -6.6915e-01 -7.2139e-01 -7.7252e-01
 -7.9048e-01 -8.3170e-01 -8.8120e-01 -9.2470e-01 -9.3533e-01 -9.7657e-01
 -1.0225e+00 -1.0678e+00 -1.1124e+00 -1.1134e+00 -1.1415e+00 -1.1820e+00
 -1.2216e+00 -1.2600e+00 -1.2572e+00 -1.2687e+00 -1.3022e+00 -1.3343e+00
 -1.3149e+00 -1.3239e+00 -1.3502e+00 -1.3751e+00 -1.3978e+00 -1.3747e+00
 -1.3632e+00 -1.3799e+00 -1.3946e+00 -1.4070e+00 -1.3818e+00 -1.3486e+00
 -1.3551e+00 -1.3591e+00 -1.3175e+00 -1.2830e+00 -1.2814e+00 -1.2776e+00
 -1.2717e+00 -1.2641e+00 -1.2394e+00 -1.1688e+00 -1.1538e+00 -1.1393e+00
 -1.1232e+00 -1.1056e+00 -1.0861e+00 -1.0650e+00 -1.0143e+00 -9.4686e-01
 -9.2234e-01 -8.9621e-01 -8.6890e-01 -8.4043e-01 -8.1083e-01 -7.7979e-01
 -7.4767e-01 -7.1456e-01 -6.8049e-01 -6.4535e-01 -6.0913e-01 -5.7208e-01
 -5.3423e-01 -4.9560e-01 -4.5593e-01 -4.1557e-01 -3.7454e-01 -3.3285e-01
 -2.9041e-01 -2.4727e-01 -2.0358e-01 -1.5935e-01 -1.1457e-01 -6.9121e-02
 -2.3208e-02  2.3155e-02  6.7038e-02  7.7310e-02  1.1771e-01  1.6655e-01
  2.1573e-01  2.6530e-01  2.8481e-01  3.2269e-01  3.7387e-01  4.2429e-01
  4.4540e-01  4.8994e-01  5.2993e-01  5.5469e-01  5.8142e-01  6.1011e-01
  6.4036e-01  6.7215e-01  7.0547e-01  7.4083e-01  7.7760e-01  7.9232e-01
  7.8036e-01  8.2107e-01  8.6328e-01  8.7558e-01  8.7512e-01  9.2077e-01
  9.6796e-01  1.0163e+00  1.0691e+00  1.1282e+00  1.1788e+00  1.2367e+00
  1.2928e+00  1.3465e+00  1.4067e+00  1.4609e+00  1.5152e+00  1.5704e+00
  1.6250e+00  1.6215e+00  1.6630e+00  1.7216e+00  1.7720e+00  1.7715e+00
  1.7719e+00  1.7389e+00  1.6963e+00  1.6988e+00  1.6430e+00  1.5867e+00
  1.5312e+00  1.4759e+00  1.4156e+00  1.3608e+00  1.3039e+00  1.2438e+00
  1.1836e+00  1.1313e+00  1.0742e+00  1.0177e+00  9.7097e-01  9.8186e-01
  9.4830e-01  9.0179e-01  8.6699e-01  8.8170e-01  8.4559e-01  8.0414e-01
  7.6400e-01  7.2520e-01  6.8835e-01  6.5296e-01  6.1904e-01  5.8663e-01
  5.5611e-01  5.2750e-01  5.0051e-01  4.6751e-01  4.1424e-01  3.9054e-01
  3.4807e-01  3.0858e-01  2.8658e-01  2.3593e-01  1.8562e-01  1.5355e-01
  1.3191e-01  8.3324e-02  3.5232e-02  1.1769e-02 -9.7310e-03 -5.5835e-02
 -1.0131e-01 -1.4627e-01 -1.9072e-01 -2.2734e-01 -2.2734e-01 -2.6382e-01
 -3.0492e-01 -3.4539e-01 -3.8518e-01 -4.2399e-01 -4.6206e-01 -4.9936e-01
 -5.3587e-01 -5.7137e-01 -6.0584e-01 -6.3940e-01 -6.7204e-01 -7.0364e-01
 -7.3389e-01 -7.6307e-01 -7.9117e-01 -8.2249e-01 -9.0318e-01 -9.3969e-01
 -9.6331e-01 -9.8563e-01 -1.0064e+00 -1.0254e+00 -1.0430e+00 -1.0591e+00
 -1.0758e+00 -1.1478e+00 -1.1744e+00 -1.1841e+00 -1.1921e+00 -1.1981e+00
 -1.2021e+00 -1.2391e+00 -1.2832e+00 -1.2819e+00 -1.2782e+00 -1.2726e+00
 -1.2895e+00 -1.3335e+00 -1.3219e+00 -1.3082e+00 -1.2929e+00 -1.2893e+00
 -1.3276e+00 -1.3092e+00 -1.2859e+00 -1.2805e+00 -1.3046e+00 -1.2754e+00
 -1.2449e+00 -1.2372e+00 -1.2444e+00 -1.2088e+00 -1.1718e+00 -1.1615e+00
 -1.1535e+00 -1.1124e+00 -1.0701e+00 -1.0571e+00 -1.0358e+00 -9.9015e-01
 -9.4367e-01 -9.2780e-01 -8.9555e-01 -8.5526e-01 -8.3884e-01 -7.8828e-01
 -7.3655e-01 -6.9600e-01 -6.6987e-01 -6.1622e-01 -5.6226e-01 -5.0804e-01
 -4.5919e-01 -4.2947e-01 -3.7555e-01 -3.1970e-01 -2.7129e-01 -2.3566e-01
 -1.7873e-01 -1.2167e-01 -7.3419e-02 -3.1569e-02  2.6307e-02  6.9430e-02
  1.2096e-01  1.7503e-01  2.1910e-01  2.7811e-01  3.3717e-01  3.9093e-01
  4.3929e-01  4.9876e-01  5.4918e-01  6.0400e-01]
