[ 0.01970594  0.01476437  0.00303241 -0.0152837  -0.03201636 -0.04444539
 -0.05128659 -0.05781977 -0.0606852  -0.06490004 -0.05963357 -0.06002184
 -0.04025383 -0.01144101  0.00875109 -0.00017051 -0.04791657]
[-1.95867014 -3.7211256  -4.03225565 -2.59331107 -1.09029353 -0.60211062
 -0.37732604 -0.16066609 -0.06163865  0.01080453  0.02779749  0.0964829
  0.03279841  0.09794879  0.12144231  0.12150098  0.11659314]
[ 0.79114324  0.93212265  1.14451027  1.32524621  1.38796246  1.38590598
  1.23171365  1.11640894  0.94779491  0.78249973  0.78002793  0.87359089
  0.92251289  0.88755345  0.76229566  0.42208272 -0.08032455]
[-0.20961311 -0.2274788  -0.21044511 -0.19244736 -0.18335724 -0.19622235
 -0.15432337 -0.00944726  0.3075299   0.61775696  0.39526066 -0.37420207
 -1.74315286 -3.10045481 -3.55147028 -3.34776306 -2.24616981]
[ 0.15669791  0.1926478   0.22437505  0.24622068  0.7185154   0.96898556
 -0.35822082 -1.91011727 -3.24887395 -5.78956127 -4.92884445 -4.37098122
 -3.27158999 -1.44132495 -0.54444647 -0.31456858 -0.13072231]
[ 0.50150174  0.53145176 -1.21896267 -3.39393067 -4.46493721 -8.83610153
 -6.37905407 -6.85450029 -5.78656435 -2.36198997 -0.74536747 -0.47384572
 -0.18787955 -0.14623097  0.05722358 -0.03555808  0.48912191]
[ 0.11304487  0.07140446  0.03522446  0.00937987 -0.00854766 -0.02517669
 -0.04035943 -0.04845389 -0.05778094 -0.06152442 -0.05446575 -0.01192724
 -0.00348652 -0.04654166 -0.13487442 -0.22392261 -0.28905699 -0.3213326
 -0.34461674 -0.3621594  -0.37209252 -0.35416618 -0.3441664  -0.36607897
 -0.37074777 -0.37859765 -0.37898731 -0.37543908 -0.3602694  -0.35023108
 -0.36235192 -0.36702949 -0.37649718 -0.38298017]
[-6.4050746  -3.45225859 -0.72307056 -0.08280575  0.4407697   0.55803043
  0.41059569  0.49641001  0.25748289  0.31622377  0.07824983 -0.06137605
 -0.08438797  0.0788728  -0.13162702 -0.18265821 -0.21963449 -0.2401243
 -0.4930281  -0.66976571 -1.00878596 -0.96389419 -1.00940454 -0.59198898
  0.2112775   1.13778281  2.82458091  4.6820755   6.83914137  8.35851383
  8.82832718  7.25609255  5.12425232  4.15390539]
[-0.66541737 -0.29173529 -0.10440701  0.02052069  0.04682609  0.1127278
  0.18082541  0.20879051  0.30868414  0.38768619  0.53901231  0.65956563
  0.80183196  0.9485268   1.09342325  1.22521341  1.24719942  1.25370669
  1.16446877  1.08469987  0.98449326  0.86777669  0.87560171  0.89333797
  0.86473805  0.83972442  0.71107668  0.55370176  0.42803192  0.30817205
  0.18854983  0.19624579  0.12703869  0.06048541]
[0.76699179 0.99962896 1.18892837 1.34303701 1.33655584 1.36549103
 1.24977839 1.19095731 1.0472517  0.95925975 0.90780145 0.89536929
 0.82292515 0.77732545 0.63623285 0.49410146 0.36052594 0.23437664
 0.15077315 0.15878099 0.05624479 0.06153715 0.12935077 0.10779486
 0.08318795 0.09681605 0.11233473 0.15863773 0.12605497 0.15169185
 0.15675746 0.11820088 0.17028305 0.13367528]
[ 0.11938211  0.67942381  0.96797955  0.1461516  -1.33447587 -2.80674553
 -4.42786694 -4.48605633 -3.6641531  -2.46192312 -1.24256968 -0.53518111
 -0.25529891 -0.09870188 -0.03617643  0.02738283  0.03658814  0.13778998
  0.14620312  0.16865861  0.26575404  0.33372325  0.47147793  0.64222521
  0.79303628  1.1078366   1.37489367  1.66362357  1.91893518  2.11153388
  2.14566755  2.11337805  1.80826724  1.26316607]
[-0.1332957  -0.12765469 -0.11451559 -0.08590399  0.04104896  0.39212161
  0.637784    0.112713   -0.719814   -1.66410899 -2.06144357 -2.52036881
 -2.92173934 -2.86730695 -2.28096652 -1.39034498 -0.73923999 -0.35522845
 -0.14423425 -0.03095456  0.03893404  0.07177887  0.12094177  0.13749108
  0.18419148  0.22198856  0.27530265  0.35382041  0.44581103  0.55038732
  0.70511496  0.85345799  1.03747582  1.21961975]
