[ 1.65260747e-01  1.94304809e-01  9.10755525e-03 -7.98628818e-02
 -1.13418407e-01 -1.47960886e-01 -1.22404854e-01 -1.60113878e-01
 -1.66449621e-01 -1.88333648e-01 -1.15866822e-01 -9.05050243e-02
 -2.41519637e-01 -3.50707553e-01 -4.65836801e-01 -3.79444125e-01
  3.18651226e-01  1.66228946e+00  7.74236210e-01 -1.82932052e+00
 -4.60727086e+00 -5.06436557e+00 -3.36158761e+00 -1.99952879e+00
 -9.18293754e-01 -3.87781916e-01 -1.91155276e-01 -1.00896926e-01
 -6.41868755e-02  1.70836072e-02  2.77188580e-02  9.42685266e-02
  1.15666261e-01  1.74548903e-01  2.18635443e-01  3.26641996e-01
  4.08610292e-01  5.58777128e-01  7.22513918e-01  9.41267836e-01
  1.18125294e+00  1.45926717e+00  1.71483778e+00  1.95097482e+00
  2.07048613e+00  2.11664364e+00  2.01992317e+00  1.79543166e+00
  1.43112218e+00  9.06835297e-01  5.17325331e-01  2.13895103e-01
 -3.01097228e-02 -1.26773479e-01 -2.15519239e-01 -1.85273274e-01
 -1.59556579e-01 -8.48269499e-02 -8.05402079e-02 -7.11343045e-02
 -7.27189975e-02 -5.93128430e-02 -5.47118667e-02 -2.87738955e-02
 -4.32414859e-02 -3.80047243e-03 -5.24291643e-02 -5.99252705e-02
 -4.38059841e-02 -6.72604100e-02 -5.41115625e-02]
[ 2.02667619e-01  1.55670108e-01  2.82346890e-02 -6.15096117e-02
 -9.90213399e-02 -1.14342379e-01 -9.08788967e-02 -1.36632868e-01
 -1.31373706e-01 -1.57618914e-01 -9.74356677e-02 -9.25438960e-02
 -2.20978462e-01 -3.36142325e-01 -4.41540920e-01 -3.49606868e-01
  3.30802180e-01  1.56908295e+00  7.42627488e-01 -1.81796088e+00
 -4.44506682e+00 -4.86761784e+00 -3.19502826e+00 -1.88137698e+00
 -8.34299685e-01 -3.60111080e-01 -1.63979589e-01 -9.62429461e-02
 -3.58650434e-02  8.54225063e-03  4.33114088e-02  1.06725163e-01
  1.19456658e-01  1.63380779e-01  2.07195879e-01  3.17924180e-01
  4.02982186e-01  5.41332647e-01  7.02741021e-01  9.22634506e-01
  1.15590763e+00  1.40853594e+00  1.65434423e+00  1.87081744e+00
  1.98724346e+00  2.05943594e+00  1.92804789e+00  1.74081170e+00
  1.40790918e+00  8.30494325e-01  3.44268001e-01  3.04664634e-03
 -1.65353817e-01 -2.23720691e-01 -2.63119789e-01 -2.04041285e-01
 -1.37989084e-01 -8.43337749e-02 -7.62902638e-02 -7.22256754e-02
 -9.02863536e-02 -9.34134571e-02 -4.40601232e-02 -3.95107291e-03
 -3.33536841e-02  1.93141041e-03 -1.40418414e-02 -4.81195247e-02
 -2.52248700e-02 -4.75918315e-02 -3.30761990e-02]
[ 1.90492630e-01  1.57824204e-01  2.72632416e-02 -6.28299218e-02
 -1.00255864e-01 -1.18314787e-01 -9.54753206e-02 -1.38226295e-01
 -1.34863892e-01 -1.60909181e-01 -9.69094722e-02 -9.37019289e-02
 -2.23878919e-01 -3.37929562e-01 -4.47087961e-01 -3.50764033e-01
  3.30325252e-01  1.57467157e+00  7.48302085e-01 -1.81808089e+00
 -4.45729837e+00 -4.87911312e+00 -3.20273580e+00 -1.88560119e+00
 -8.49024303e-01 -3.55645680e-01 -1.65031040e-01 -9.68908280e-02
 -3.64078283e-02  8.63789665e-03  4.24892050e-02  1.06359865e-01
  1.19444644e-01  1.65853885e-01  2.07847279e-01  3.19757052e-01
  4.04980651e-01  5.43714203e-01  7.04017659e-01  9.24862384e-01
  1.15723197e+00  1.41102850e+00  1.65740089e+00  1.87658965e+00
  1.99083030e+00  2.06340636e+00  1.93095796e+00  1.74365986e+00
  1.40795195e+00  8.29587671e-01  3.53656158e-01  1.64293931e-02
 -1.57524664e-01 -2.18471216e-01 -2.60681746e-01 -2.02969468e-01
 -1.39202380e-01 -8.42560926e-02 -7.71210023e-02 -6.72791268e-02
 -7.73753203e-02 -9.35785788e-02 -4.44555252e-02 -2.94403747e-03
 -3.36202134e-02  2.27110335e-03 -1.46122594e-02 -4.85662671e-02
 -2.64690218e-02 -4.82634902e-02 -3.41230569e-02]
[ 0.10591926  0.1340502   0.02544158 -0.03332889 -0.05670126 -0.09821997
 -0.09759238 -0.14925186 -0.15158464 -0.15589714 -0.10990131 -0.05745796
 -0.17558607 -0.2679908  -0.32682165 -0.2543076   0.19492342  0.91415913
  0.36032182 -1.27670513 -2.92303932 -3.01982221 -2.21027172 -1.82700367
 -1.38830478 -0.8659859  -0.48244407 -0.21521036 -0.09049437 -0.01417667
  0.1126535   0.42848009]
[-1.46357401e-01 -5.18197776e-02 -8.40508889e-02 -8.25572720e-02
 -1.36144931e-01 -1.30112486e-01 -1.31438176e-01 -1.21487538e-01
 -1.26987397e-01 -1.17049500e-01 -3.36744933e-03  9.08093418e-02
 -9.15044963e-02 -1.58566989e-01 -1.60946320e-01 -5.32251139e-02
 -1.44725759e-01 -1.96931857e-01 -1.61011454e-01 -1.24868932e-01
 -2.16360837e-01 -3.44626225e-01 -3.77326238e-01 -3.82363967e-01
 -2.56667924e-01 -2.07724748e-01 -2.59580991e-01 -1.51381385e-01
 -1.91244865e-01 -1.38067856e-01  5.23405424e-01  2.25975285e+00
  2.06777781e+00 -8.17583712e-01 -4.63564541e+00 -4.40219083e+00
 -2.72870943e+00 -1.32988476e+00 -4.91779666e-01 -1.78054123e-01
 -4.33846309e-02  7.40366119e-02  1.17496226e-01  1.84295237e-01
  1.80438553e-01  1.77619808e-01  1.87141988e-01  1.93977057e-01
  2.18330416e-01  2.64377521e-01  3.03357306e-01  3.63973666e-01
  4.71563553e-01  4.72390458e-01  3.27464916e-01  2.29900725e-01
  4.19083497e-01  7.59149573e-01  1.10618873e+00  1.40473925e+00
  1.62527614e+00  1.84335160e+00  1.92820971e+00  1.92805059e+00
  1.78712336e+00  1.47010640e+00  1.08401713e+00  7.03584643e-01
  4.25270287e-01  1.93889026e-01  1.11181289e-01  5.32860546e-02
  1.90172526e-02 -5.73511228e-04  1.41250099e-02  8.37474680e-02
  9.45105149e-02  8.50550236e-02  9.19123888e-02  1.20505943e-01
  1.48665539e-01  1.48613779e-01  9.82795715e-02  1.45100837e-01
  9.20370181e-02  4.94132735e-02  2.57628877e-02  1.80586021e-02
 -6.66030682e-02 -1.18328760e-01 -1.41785194e-01 -1.71213662e-01
 -1.79069622e-01 -2.06215210e-01 -2.06031477e-01]
[0.04039907 0.10570821 0.07299455 0.07021277 0.07179814]
[-1.46374146e-01 -5.18309659e-02 -8.40599556e-02 -8.25690092e-02
 -1.35990967e-01 -1.30117138e-01 -1.31444927e-01 -1.21493070e-01
 -1.27004251e-01 -1.17053967e-01 -3.40547702e-03  9.07573447e-02
 -9.14926076e-02 -1.58497266e-01 -1.60835182e-01 -5.31464945e-02
 -1.44681615e-01 -1.96914614e-01 -1.60877037e-01 -1.24895385e-01
 -2.16352695e-01 -3.44590608e-01 -3.77267657e-01 -3.82318801e-01
 -2.56681630e-01 -2.07729880e-01 -2.59590317e-01 -1.51401975e-01
 -1.91263352e-01 -1.38090400e-01  5.23321374e-01  2.25956890e+00
  2.06761463e+00 -8.17547577e-01 -4.63523716e+00 -4.40190142e+00
 -2.72854691e+00 -1.32984582e+00 -4.91826556e-01 -1.78139847e-01
 -4.35246604e-02  7.39091996e-02  1.17353355e-01  1.84061543e-01
  1.80300044e-01  1.77484179e-01  1.87025818e-01  1.93873594e-01
  2.18081915e-01  2.64283678e-01  3.03242105e-01  3.63963249e-01
  4.71787471e-01  4.72639576e-01  3.27324292e-01  2.29248202e-01
  4.18417531e-01  7.58683325e-01  1.10587770e+00  1.40461267e+00
  1.62511571e+00  1.84319493e+00  1.92806437e+00  1.92790956e+00
  1.78699491e+00  1.47000318e+00  1.08394282e+00  7.03542672e-01
  4.25252265e-01  1.93894471e-01  1.11189692e-01  5.33035154e-02
  1.90728594e-02 -5.37745466e-04  1.41705020e-02  8.37902740e-02
  9.45727678e-02  8.51396298e-02  9.20178871e-02  1.20636349e-01
  1.48834322e-01  1.48924671e-01  9.85200467e-02  1.45368746e-01
  9.23112815e-02  4.96712366e-02  2.59847150e-02  1.82252200e-02
 -6.64817883e-02 -1.18218220e-01 -1.41723891e-01 -1.71172375e-01
 -1.79034650e-01 -2.06181438e-01 -2.05996377e-01]
[ 1.86038847e-01  1.84963679e-01  4.68498079e-02 -4.21910049e-02
 -6.99633158e-02 -7.88396844e-02 -8.23636332e-02 -1.14954374e-01
 -1.04564001e-01 -1.41674216e-01 -6.95213129e-02 -3.84663580e-02
 -1.78596932e-01 -3.07959057e-01 -4.20884478e-01 -3.32312606e-01
  3.54478419e-01  1.47307967e+00  6.32236341e-01 -1.80898999e+00
 -4.24802638e+00 -4.61911596e+00 -3.04415433e+00 -1.78675760e+00
 -8.08847032e-01 -3.17319505e-01 -1.49117352e-01 -8.70895250e-02
 -1.98796957e-02  3.30040799e-02  6.24211606e-02  1.70337183e-01
  1.21090817e-01  2.02119531e-04  2.02985519e-01  2.97905786e-01
  4.07205753e-01  5.19983285e-01  6.86357503e-01  8.22378296e-01
  1.13121486e+00  1.35035318e+00  1.59740422e+00  1.80596958e+00
  1.91475122e+00  1.94883450e+00  1.85743741e+00  1.71192880e+00
  1.39410478e+00  7.37975381e-01  1.71046432e-01 -2.26593054e-01
 -3.10360941e-01 -3.15416288e-01 -3.06313697e-01 -2.21546977e-01
 -1.51764617e-01 -8.24130605e-02 -5.82122766e-02 -5.75981197e-02
 -3.58918630e-02 -4.64025750e-02 -3.35733355e-02 -3.89498359e-03
 -2.62097532e-02  1.84585156e-03 -3.09905148e-02 -3.83689257e-02
 -4.50276799e-03 -3.70057682e-02 -1.22064038e-02]
[ 1.65193233e-01  1.91944743e-01  9.02403645e-03 -7.98389025e-02
 -1.13519589e-01 -1.45961092e-01 -1.22518702e-01 -1.48162576e-01
 -1.64126176e-01 -1.88366434e-01 -1.15217769e-01 -9.09700684e-02
 -2.41526472e-01 -3.50389481e-01 -4.65533313e-01 -3.79084237e-01
  3.18217130e-01  1.66262816e+00  7.73604086e-01 -1.82988070e+00
 -4.60763727e+00 -5.06599041e+00 -3.36297776e+00 -2.00132970e+00
 -9.18840699e-01 -3.94950555e-01 -1.91305219e-01 -1.00883263e-01
 -7.46334108e-02  1.70950591e-02  2.73985718e-02  8.61842574e-02
  1.07876815e-01  1.74490712e-01  2.18616370e-01  3.26612450e-01
  3.87789563e-01  5.58738741e-01  7.22487678e-01  9.41176521e-01
  1.20473199e+00  1.45953906e+00  1.71522170e+00  1.95152466e+00
  2.07124289e+00  2.11754888e+00  2.01675771e+00  1.79589064e+00
  1.43798156e+00  9.07522740e-01  5.24046284e-01  2.14785431e-01
 -1.62220210e-02 -1.26749661e-01 -1.99707384e-01 -1.85321707e-01
 -1.60422186e-01 -8.74310642e-02 -7.99836883e-02 -6.54423628e-02
 -7.29233415e-02 -5.94142686e-02 -5.49992071e-02 -2.05949585e-02
 -4.33942200e-02 -3.99442161e-03 -5.23187962e-02 -6.00606421e-02
 -4.38717472e-02 -6.74263018e-02 -7.69879080e-02]
[ 0.10074563  0.12861045  0.02418897 -0.03147392 -0.05515862 -0.09392357
 -0.0927547  -0.14087956 -0.14303667 -0.14794656 -0.10333723 -0.05009691
 -0.16615081 -0.25597215 -0.3125383  -0.23967416  0.18583416  0.85480921
  0.31699962 -1.23947052 -2.80270598 -2.8833818  -2.10987515 -1.73814317
 -1.30032073 -0.80601102 -0.46321261 -0.2229607  -0.09939107 -0.02131104
  0.10689656  0.43981843]
[0.04047516 0.10752551 0.07355945 0.07091249 0.07186406]
[-1.39606132 -0.65766468 -0.27808995 -0.1389111  -0.0439814  -0.01726993
  0.0135645   0.06051266  0.10937766  0.1278439   0.17326603  0.23670778
  0.26738663  0.34784449  0.43042121  0.59797667  0.74949041  0.95662471
  1.14949014  1.33524427  1.60310205  1.81808521  2.00842604  2.2165059
  2.40582347  2.42205335  2.18401866  1.78553304  1.56419002  1.29808911
  0.96451138  0.62066343  0.31559647  0.12380519  0.04801428 -0.03141978
 -0.04955287 -0.04705721 -0.06885998 -0.07281055 -0.05429922 -0.00846578
 -0.03564034 -0.04715085 -0.04175507 -0.04513349 -0.06448186 -0.04502783]
[-1.16330000e-01 -1.16330000e-01 -1.05155489e-01 -3.30462467e-02
  6.33320000e-02  8.88700000e-03  6.33320000e-02  1.54213456e-01
  2.26660000e-01 -2.60412827e-03 -1.49000000e-01 -1.81670000e-01
 -1.65330000e-01 -2.03450000e-01 -2.85110000e-01 -2.68780000e-01
 -3.06890000e-01 -2.14330000e-01 -2.03450000e-01 -2.90560000e-01
 -1.70780000e-01 -2.25220000e-01 -1.65330000e-01  6.24806397e-01
  2.70390000e+00  2.45352147e+00 -1.02853947e+00 -5.67510000e+00
 -5.40290000e+00 -3.39930000e+00 -1.67144032e+00 -7.02124656e-01
 -3.66780000e-01 -2.30670000e-01 -1.10419420e-01 -8.36680000e-02
 -2.00200000e-03 -7.44600000e-03  2.52210000e-02  5.78870000e-02
  1.13355427e-01  1.66780000e-01  2.10312934e-01  1.99440000e-01
  2.89910210e-01  3.89759845e-01  5.09780000e-01  6.40418514e-01
  7.94961546e-01  9.51304934e-01  1.19552243e+00  1.48980000e+00
  1.76200000e+00  2.01291899e+00  2.26830000e+00  2.36945278e+00
  2.34510434e+00  2.17580000e+00  1.78920000e+00  1.31560000e+00
  8.41890000e-01  5.15220000e-01  2.26701357e-01  1.23220000e-01
  3.61090000e-02 -1.28900000e-02 -4.55570000e-02 -4.55570000e-02
  1.52656653e-02  1.43320000e-02 -1.28900000e-02 -2.92240000e-02
 -7.44600000e-03  2.43524072e-02  8.88700000e-03 -3.46680000e-02
  3.06650000e-02 -1.83350000e-02 -4.84807220e-02 -5.10020000e-02
 -2.92240000e-02 -1.05450000e-01 -1.43560000e-01 -1.49000000e-01
 -1.70780000e-01 -1.87110000e-01 -2.08368296e-01 -2.08890000e-01
  4.39000000e-01 -2.52450000e-01 -2.79386585e-01 -2.47000000e-01
 -2.57106586e-01 -2.36110000e-01 -2.46451444e-01 -3.23017361e-01
 -2.96000000e-01 -3.25064625e-01 -3.14372225e-01]
[-1.54076247 -0.72099025 -0.30232618 -0.15447964 -0.05561485 -0.02314305
  0.00524984  0.05062437  0.09631974  0.13182218  0.19006817  0.25344586
  0.28710029  0.37081891  0.45057856  0.63360183  0.79197905  1.00098435
  1.20105525  1.4046495   1.69881346  1.92123251  2.13234846  2.32119109
  2.41060504  2.47144939  2.47051369  2.36564031  2.1099943   1.67948402
  1.19031059  0.74346969  0.38213027  0.15754911  0.06503747 -0.02542009
 -0.0546796  -0.05005667 -0.07657528 -0.0837195  -0.06780823 -0.01133674
 -0.05213615 -0.06832655 -0.06305448 -0.07185981 -0.11258592 -0.08736018]
[ 1.76117448e-01  1.83840991e-01  4.52109210e-02 -4.06898277e-02
 -6.19952090e-02 -7.47872966e-02 -8.21267215e-02 -1.18549257e-01
 -1.12552955e-01 -1.45127461e-01 -8.06774742e-02 -4.83877604e-02
 -1.83091878e-01 -3.08985525e-01 -4.14907194e-01 -3.32945730e-01
  3.29663148e-01  1.42448146e+00  5.89640488e-01 -1.73875646e+00
 -4.06693800e+00 -4.33900579e+00 -2.90425687e+00 -1.85230876e+00
 -1.00152029e+00 -4.84343573e-01 -2.44406210e-01 -1.24309239e-01
 -3.66661466e-02  2.09119081e-02  5.29563860e-02  1.07113360e-01
  1.16109067e-01  1.46530081e-01  1.98565039e-01  2.95905495e-01
  3.85156360e-01  5.07917166e-01  6.70005478e-01  8.55785784e-01
  1.09564527e+00  1.31904097e+00  1.55938098e+00  1.76593785e+00
  1.87484203e+00  1.91523534e+00  1.83603962e+00  1.64639099e+00
  1.40622734e+00  7.87002745e-01  2.58552323e-01 -1.04354548e-01
 -1.98612928e-01 -2.05459459e-01 -2.11897855e-01 -1.49599369e-01
 -9.95157496e-02 -5.10184276e-02 -4.18013604e-02 -4.65213240e-02
 -4.02300367e-02 -4.17504556e-02 -3.16075037e-02 -1.42122790e-03
 -2.58226195e-02  6.70666280e-03 -2.88757506e-02 -3.55798204e-02
  6.82136396e-03 -3.35340369e-02 -1.05257706e-02]
[ 1.61116569e-01  1.42457835e-01  1.40964227e-02 -6.82554140e-02
 -1.05294485e-01 -9.54081279e-02 -7.80522872e-02 -9.93177920e-02
 -1.06048211e-01 -1.30130903e-01 -6.57802067e-02 -3.30590897e-02
 -2.73430915e-01 -2.65383892e-01 -3.64127576e-01 -2.83201215e-01
  4.01809000e-01  1.33997130e+00  4.89038607e-02 -2.43317658e+00
 -4.52552915e+00 -4.59254421e+00 -3.03100538e+00 -1.76533308e+00
 -8.06672731e-01 -3.02107056e-01 -1.38022430e-01 -6.27338946e-02
 -5.64137999e-03  3.80939331e-02  3.50156394e-02  1.23794057e-01
  1.10740707e-01  1.43132417e-01  1.93157781e-01  2.77581190e-01
  3.80424612e-01  5.05231020e-01  6.50276600e-01  8.23216911e-01
  1.06714167e+00  1.28852346e+00  1.69150950e+00  1.72969981e+00
  1.84463452e+00  1.88968899e+00  1.80685370e+00  1.62031814e+00
  1.33478675e+00  7.34412366e-01  2.09262867e-01 -1.32020288e-01
 -2.43641926e-01 -2.12951168e-01 -1.88739846e-01 -1.79049911e-01
 -1.39979488e-01 -1.08052976e-01 -6.23472318e-02 -6.40522976e-02
 -5.73649135e-02  2.71719961e-03 -3.50106551e-02  6.95707608e-02
 -1.34426231e-02  1.26259307e-02  9.84525167e-02 -1.74946292e-02
 -2.97697183e-02 -2.62532845e-02 -2.30072676e-02]
[-1.34798989e-01 -1.13373616e-01 -1.15466780e-01 -4.61770380e-02
  4.68675835e-02  2.12730483e-02  6.02573604e-02  1.65067713e-01
  1.31681708e-01 -9.08461875e-03 -1.57119241e-01 -2.30322952e-01
 -1.78991860e-01 -2.71086304e-01 -2.70645349e-01 -2.67520532e-01
 -3.03380796e-01 -2.26002426e-01 -2.38955454e-01 -2.76153035e-01
 -1.73784456e-01 -1.88666592e-01 -4.77726240e-02  9.54666776e-01
  2.97127251e+00  1.74604189e+00 -2.14016601e+00 -5.74480337e+00
 -5.06255527e+00 -3.03395820e+00 -1.41716828e+00 -5.81596023e-01
 -3.15733098e-01 -1.94174277e-01 -8.22440315e-02 -4.55349692e-02
  2.36522048e-02  2.88588796e-02  4.31443801e-02  8.95626145e-02
  1.45512380e-01  1.91637664e-01  2.38345204e-01  2.51443521e-01
  2.90302935e-01  4.30495455e-01  5.54524756e-01  6.70571531e-01
  8.19723206e-01  1.03272766e+00  1.25594804e+00  1.57757817e+00
  1.81805112e+00  2.08517014e+00  2.29247986e+00  2.37608379e+00
  2.38855079e+00  2.14267888e+00  1.72502483e+00  1.27560469e+00
  8.01966794e-01  4.59970191e-01  2.36138075e-01  1.39559431e-01
  6.21881550e-02  1.26425845e-02 -4.32096753e-03 -2.30663667e-02
  3.73320600e-02  3.31393611e-02  2.06762583e-02  2.02278965e-02
  3.68925535e-02  4.71613166e-02  8.01877781e-02  3.88224253e-02
  5.40050530e-02  1.78487400e-02 -1.94625364e-02 -2.85719365e-02
 -4.40419749e-02 -7.82690510e-02 -1.19482533e-01 -1.24985507e-01
 -1.60396602e-01 -1.71554131e-01 -1.93052783e-01 -1.69476350e-01
  1.58931863e-01 -2.13517063e-01]
[-3.95152635e-02 -1.24737845e-03 -5.94722734e-02 -6.25148626e-02
 -5.10417637e-02 -7.12382788e-02 -5.66735319e-02 -4.80960846e-02
 -1.73919807e-02 -8.13370925e-02 -7.47584788e-02 -7.92848868e-02
 -1.28706935e-01 -1.90175073e-01 -2.54837301e-01 -2.20349887e-01
 -1.49247418e-02  3.53902388e-01  3.89867738e-02 -7.56828892e-01
 -1.49685637e+00 -1.61168055e+00 -1.12242425e+00 -5.45159708e-01
  3.35029239e-01  4.16753915e-01 -4.41241200e-01 -1.67231858e+00
 -1.41915111e+00 -7.88841375e-01 -6.45687785e-01 -5.44177003e-01
 -6.70828327e-01 -5.27374604e-01 -6.93442450e-01 -7.21718354e-01
 -6.80845032e-01 -5.29465030e-01 -1.83100204e-01  8.09769928e-02
  2.94440438e-01  4.43785163e-01  5.72689626e-01  6.56335149e-01
  7.51787779e-01  8.47375991e-01  8.12634844e-01  7.00069528e-01
  6.05682006e-01  4.36298979e-01  3.98600891e-01  4.33868978e-01
  5.70644610e-01  6.86605151e-01  8.23079696e-01  9.24288776e-01
  1.02905946e+00  1.08846325e+00  1.12644753e+00  1.10764927e+00
  1.08074209e+00  1.04767628e+00  9.75649653e-01  9.08699564e-01
  7.88210357e-01  6.78940611e-01  5.23900806e-01  3.89510103e-01
  2.93936316e-01  1.77767684e-01  1.15181765e-01]
[-1.67496819e-01 -1.37192378e-01 -1.28613549e-01 -1.25666519e-01
 -1.28077318e-01 -1.02167050e-01 -1.11589056e-01 -7.08765398e-02
 -8.01584266e-02 -1.19773340e-01 -1.47715675e-01 -1.21471091e-01
 -1.70537542e-01 -2.02014976e-01 -1.99189854e-01 -1.89215732e-01
 -2.41538981e-01 -2.04185811e-01 -1.81222376e-01 -1.90210788e-01
 -1.68122605e-01 -2.12655874e-01 -1.77109769e-01  9.52935828e-02
  6.93020113e-01  3.46451280e-01 -7.79413261e-01 -1.70664503e+00
 -1.51596852e+00 -8.99377311e-01 -2.60769092e-01  3.52227965e-01
  3.93805316e-01 -1.43341718e-01 -1.02645341e+00 -9.81869057e-01
 -6.72071837e-01 -4.22799703e-01 -1.91675258e-01 -1.84677298e-01
 -9.51671512e-02 -6.21435178e-02 -5.61000060e-02  2.14807286e-03
 -1.78090522e-02  3.10983811e-02  1.10022197e-01  1.58800358e-01
  3.23900656e-01  1.00650325e+00  2.05186581e+00  1.01753067e+00
 -1.05097243e+00 -2.21683549e+00 -1.63023192e+00 -6.01774439e-01
  2.02556911e-01  5.44828125e-01  5.94156492e-01  5.86958614e-01
  5.38232528e-01  5.27622616e-01  5.14142525e-01  4.95572003e-01
  4.40584937e-01  3.86724342e-01  3.29979535e-01  2.57440383e-01
  2.39387387e-01  2.05097517e-01  1.79682055e-01  2.57019846e-01
  3.16944079e-01  3.67939644e-01  4.74708518e-01  5.92495366e-01
  6.97565634e-01  8.61291443e-01  9.55111533e-01  1.10064851e+00
  1.17899320e+00  1.20724029e+00  1.20681573e+00  1.05117935e+00
  8.03477459e-01  5.79565004e-01  3.31582491e-01  1.56317079e-01
  1.42464381e-01 -5.80097343e-03]
[-2.5531   -1.4665   -0.69561  -0.15693   0.028819  0.14027   0.14027
  0.17742   0.16813   0.22386   0.21457   0.21457   0.25172   0.32602
  0.26101   0.40961   0.38175   0.54892   0.52106   0.66037   0.74396
  0.939     1.1619    1.3291    1.6449    1.8678    2.0814    2.2485
  2.1557    1.9049    1.422     0.89256   0.4932    0.20528   0.056681
 -0.017619 -0.10121  -0.064057 -0.10121  -0.20337  -0.10121  -0.026907
 -0.091919 -0.10121  -0.054769 -0.073344 -0.064057 -0.064057 -0.11978
 -0.082632 -0.19408  -0.017619 -0.15693  -0.19408  -0.15693  -0.23123
 -0.16622  -0.21266  -0.22195  -0.23123  -0.28696  -0.17551  -0.23123
 -0.31482  -0.28696  -0.26838 ]
