[ 2.32967969  2.32967969  1.6773875   1.6773875   1.333585    0.90662875
  0.635245    0.635245    1.63170437  1.18729219  0.2019975   0.20459531
 -0.47428313 -0.47428313 -0.4519025  -0.67543344 -0.63993094 -0.63993094
 -0.69332344 -0.74282375 -0.71964969 -0.71964969 -0.85811031 -0.85811031
 -0.83871719 -1.01117969 -1.01428562 -1.01428562 -0.70231531 -0.70231531
 -0.68559625 -0.68559625 -0.78124122 -0.76724044 -0.79225956 -0.65841894
 -0.64451813 -0.64176688 -0.19421812 -0.20783125 -0.19424094 -0.1797125
  0.18781562  0.19004375  0.21221219  0.45139562  0.49019062  0.49019062
  1.0185075   1.0185075   1.10819031  1.10819031  1.35119812  1.35119812
  1.42345469  1.15538     1.21771437  1.22967719  1.07640531  1.0824
  0.96402187  0.53365094  0.41869     0.41577125  0.27931219 -0.03532713
 -0.1644415  -0.1644415  -0.480875   -0.480875   -0.44633938 -0.57839656
 -0.54854344 -0.54854344 -0.52866187 -0.72787969 -0.75450781 -0.74603188
 -0.70446562 -0.71294156 -0.79644437 -0.79359312 -0.85416625 -0.85131531
 -0.86902344 -0.86610469 -0.827119   -0.82699462 -0.69920153 -0.69333113
 -0.60527566 -0.47418972 -0.44917169 -0.44917169 -0.33287541 -0.33287541
 -0.34231187 -0.34231187 -0.24995844 -0.24995844 -0.27393906 -0.20676531
 -0.18109563 -0.18108031 -0.26296866 -0.25685491 -0.22734391 -0.21150463
 -0.33508813 -0.34151828 -0.31200391 -0.16526438 -0.19212656 -0.17649437
 -0.08312859 -0.09060391 -0.09188922 -0.03288219 -0.02503844  0.04183738
  0.03491612  0.30459812  0.30104406  0.28798219  0.44684062  0.49519825
  0.49519825  0.50027203  0.50027203  0.55867638  0.55867638  0.49905469
  0.49905469  0.56124559  0.63342497  0.55053062  0.54222938  0.30546325
  0.31366584  0.23895044  0.25475503  0.28184312  0.29504594  0.26039728
  0.26689447  0.27737038  0.27737038  0.28992406  0.28992406  0.30600656
  0.17470406  0.11163928  0.11163928  0.17004313  0.42378875  0.49013031
  0.49013031  0.36484531  0.35877687  0.31329156  0.23118563  0.26364781
  0.26364781  0.17109872  0.13234778  0.08068256  0.0776785  -0.03616113
 -0.03006266 -0.03616113 -0.28990609 -0.28637606 -0.28637606 -0.349511
 -0.349511   -0.38550169 -0.38550169 -0.3197225  -0.3197225  -0.27782688
 -0.21470647 -0.24445709 -0.24478772 -0.14959681 -0.14699909 -0.11127425
 -0.11226187  0.010633    0.00731322 -0.02063603  0.10400406  0.16213344
  0.16213344  0.26130312  0.26130312  0.22678366  0.19246178  0.20005163
  0.20005163  0.28324781  0.34190344  0.32094531  0.32435844  0.35604813
  0.36649781  0.43976     0.5042625   0.5197475   0.50289384  0.45905697
  0.53331344  0.56756656  0.5543125   0.68578594  0.68578594  0.71951281
  0.55369812  0.61651219  0.61651219  0.57980969  0.42156813  0.27270906
  0.28819503 -0.04693466 -0.04144031 -0.19637187 -0.42069834 -0.52678584
 -0.56750781 -0.70227813 -0.73467344 -0.73467344 -0.55717437 -0.45126875
 -0.27278031 -0.27278031 -0.3284575  -0.30972188 -0.27298438 -0.56443156
 -0.63530875 -0.62708    -0.87883331 -1.22158456 -1.35301562 -1.3361925
 -1.44529344 -1.42871563 -1.44484688 -1.38092813 -1.24941875 -1.24941875
 -0.680135   -0.680135   -0.58586375 -0.58586375  0.21830969  0.21830969
  0.31858781  1.20150156  1.33803125  1.34358437  1.65753125  1.66074063
  1.77760937  1.78781562  1.6868      1.72003875  1.58957938  1.49137
  1.22367316  1.22367316 -0.01702944 -0.01702944 -0.35535537 -0.35535537
 -1.3748325  -1.3748325  -1.50416219 -1.50416219 -1.48680187 -1.47017094
 -1.86918656 -1.86009687 -1.60815281 -1.83315281 -1.69290312 -1.69147813
 -1.55121344 -0.87814781 -0.84044906 -0.84044906 -0.30618875 -0.31544594
 -0.42510844 -0.421125   -0.31129406]
[ 1.85218364  1.63992344  1.52175125  1.34845844  1.08210312  0.66166625
  0.40858656  0.11471375 -0.32117269 -0.41596519 -0.40138781 -0.5190235
 -0.35722469 -0.35024969 -0.29883375 -0.18132358 -0.38308656 -0.3921025
 -0.28996332 -0.46678594 -0.46476469 -0.36132617 -0.56776344 -0.57574664
 -0.48346813 -0.43551875 -0.43354    -0.30550844 -0.34618875 -0.42097375
 -0.36348281 -0.35130312 -0.35684391 -0.31319475 -0.24108406 -0.21883875
 -0.24963094 -0.20250469 -0.20482313 -0.10523563 -0.09721563 -0.04118469
 -0.04250997  0.06429734  0.48302703  0.43087734  0.91370656  0.96684931
  1.20593651  1.11923522  1.42824166  1.45128406  1.30080228  0.83930009
  0.84190312  0.35821813  0.32815357  0.2434617  -0.29284869 -0.33333063
 -0.68680346 -0.63423656 -0.51613298 -0.88699425 -0.75861766 -0.73006738
 -0.5986115  -0.78971947 -0.71821747 -0.73544353 -0.53599269 -0.50364797
 -0.48259375 -0.47817272 -0.36142144 -0.22625497 -0.40956319 -0.1311025
 -0.06790938 -0.02454947  0.20275991  0.3360575   0.24375969 -0.07614594
 -0.10749991 -0.10593084 -0.30267919 -0.27436294 -0.24478156 -0.22386674
 -0.08872482 -0.11493775 -0.11458781 -0.094955   -0.05142175 -0.05682766
 -0.05699816 -0.0691355  -0.16315569 -0.01524131 -0.00872328  0.08888084
  0.1340775   0.30441469  0.30943188  0.40468041  0.55428197  0.49979353
  0.41704166  0.42773797  0.27710984 -0.2225475  -0.32521312 -0.78800375
 -0.80734047 -1.10862112 -1.09069897 -1.09369234 -1.10905894 -1.15827242
 -0.10820767  0.17908562  0.58279188  0.70106031  1.19271313  1.310792
  1.250422    1.33664641  1.19655223  0.81565462  0.51681494  0.39045094
  0.13524969 -0.00753446 -0.18285831 -0.18608347 -0.26096003 -0.50877644
 -0.49978181 -0.41800156 -0.466491   -0.49348344 -0.18116375 -0.08024625
 -0.12054625 -0.17021969  0.06898838 -0.02763413  0.20514413  0.117523
  0.06074112 -0.04726437 -0.04037437  0.03979375  0.04526844  0.08751434
  0.08656594  0.08891406  0.30422463  0.29286853  0.46799747  0.37711391
  0.27631334  0.3402255   0.25093094  0.1473085   0.16394931 -0.06854874
 -0.22407841 -0.19033337 -0.33074687 -0.32534969 -0.37605219 -0.33015331
 -0.33520325 -0.23066219 -0.18547994 -0.00786784  0.08660075  0.14780734
  0.34658853  0.2918795   0.29812806  0.33600761  0.21627525  0.01721137
 -0.04540575 -0.04285706 -0.18026978 -0.27381946 -0.21413781 -0.09057225
 -0.15613475  0.03730784 -0.07157194 -0.06832531 -0.15149281 -0.16881594
 -0.23447781]
[ 1.05153125  0.03883781  0.29534413  0.324521    0.00246344  0.27862469
  0.18976844  0.10370937  0.19088219  0.11292812  0.05006406 -0.15801059
  0.19728484  0.52764453  0.39232094  0.51457406  0.43842531  0.38502375
  0.13672362  0.16205725 -0.33681656 -0.77029406 -0.61688884 -0.41355003
 -0.35646109 -0.30292984  0.07251978  0.54762     0.40255969  0.68665247
  0.35224297  0.13140238  0.049951   -0.273429   -0.23881988 -0.6940025
 -0.51111538 -0.59018419 -0.80307878 -0.72946628 -0.92151816 -0.72946469
 -0.7804375  -0.73015125 -0.28187453 -0.50455141 -0.01109516  0.17766166
  0.18802744  0.06840841  0.02270472  0.08781847 -0.25419122 -0.18451688
 -0.35548241 -0.45650956 -0.26118322  0.04939769  0.33475387  0.33987241
  0.66642241  0.97719687  0.83497062  0.84072969  0.51683812  0.47860478
  0.27562684  0.25029966  0.3582475   0.20105875  0.34486281  0.37622034
  0.18728947  0.22582375  0.04550688 -0.2424475  -0.35930634 -0.57642103
 -0.448387   -0.5455725  -0.18837469  0.19542941  0.11538372  0.5292175
  0.90142844  0.82186094  0.82569284  0.49454284  0.19187316  0.19596347
 -0.04164594  0.1778725  -0.02405875  0.04762469  0.22677719  0.26756925
  0.23351375  0.08340844 -0.09156281 -0.07226156 -0.24332937 -0.16656125
 -0.33287969 -0.35327906 -0.27340312 -0.22759566 -0.19312022 -0.23216709
 -0.2347075  -0.31568937 -0.21489375 -0.15449378 -0.24739094 -0.19722031
 -0.19233031 -0.2198675  -0.17937203 -0.15361734 -0.25180944 -0.27691953
 -0.30089631 -0.27430941 -0.28039781 -0.25031375 -0.20154263 -0.19290281
 -0.1092735 ]
[2.50740156 2.47898281 2.46008672 1.83761203 1.62031594]
[ 1.98552313e+00  1.88559844e+00  1.68617625e+00  1.56575844e+00
  9.96478125e-01  7.84968750e-01  2.55554062e-01  1.10131250e-01
 -3.57460187e-01 -4.52252687e-01 -4.68952812e-01 -4.20537500e-01
 -4.88784687e-01 -4.81809687e-01 -4.13146250e-01 -4.17076562e-01
 -4.04279063e-01 -3.88807500e-01 -4.18590625e-01 -4.38228438e-01
 -4.85309688e-01 -4.76392313e-01 -5.64888438e-01 -5.22459375e-01
 -4.80408125e-01 -4.56948750e-01 -5.04427500e-01 -4.26923438e-01
 -4.67603750e-01 -4.91861250e-01 -3.84912812e-01 -3.97995625e-01
 -3.78788906e-01 -3.35139750e-01 -2.38281563e-01 -2.16036250e-01
 -1.69980938e-01 -1.48117187e-01 -1.50435625e-01 -7.68156250e-02
 -6.87956250e-02 -6.31296875e-02 -6.44549688e-02  8.07420938e-02
  3.42641781e-01  4.04162344e-01  7.34986563e-01  9.31299313e-01
  9.63058500e-01  1.20461022e+00  1.37111666e+00  1.55490906e+00
  1.40442728e+00  1.06087509e+00  1.06347813e+00  6.20503125e-01
  5.87902500e-01  3.48127813e-01  5.23813125e-02 -2.29777750e-01
 -4.01615625e-01 -6.65239062e-01 -6.66810937e-01 -8.22817969e-01
 -8.76775156e-01 -7.01447969e-01 -7.21331500e-01 -9.09546969e-01
 -8.36017250e-01 -6.32133531e-01 -4.57945188e-01 -3.96835469e-01
 -3.32888750e-01 -3.86285219e-01 -3.15016437e-01 -2.01749969e-01
 -3.28903188e-01 -1.67832500e-01 -1.60794375e-01 -1.17434469e-01
 -4.09759375e-03  6.10450000e-02 -1.21590625e-02 -3.32064687e-01
 -2.28732406e-01 -2.27163344e-01 -3.00136687e-01 -2.96307938e-01
 -2.09614063e-01 -2.09353031e-01 -6.57357500e-02 -4.49427500e-02
  1.17671875e-02  3.14000000e-02 -4.52900000e-03 -9.93490625e-03
 -4.05486563e-02 -5.26860000e-02 -1.77308688e-01 -5.87000625e-02
 -1.39626531e-01 -9.78466562e-02 -1.11042500e-01 -2.30778125e-02
  1.11343750e-02  6.34904062e-02  1.72526969e-01  1.18038531e-01
  1.36771656e-01  1.47467969e-01  9.55848437e-02 -1.45437500e-01
 -1.61793125e-01 -4.85618750e-01 -5.04955469e-01 -7.09482375e-01
 -6.91560219e-01 -5.98209844e-01 -5.48876438e-01 -5.82616281e-01
 -7.20181250e-03  2.73272375e-01  5.03708625e-01  5.91290312e-01
  8.52588125e-01  9.11076750e-01  8.50706750e-01  8.62097656e-01
  7.62472250e-01  5.29962125e-01  3.53944938e-01  2.59263438e-01
  1.12327187e-01  1.23060313e-01 -7.11543125e-02 -3.09294688e-02
 -9.99447812e-02 -1.93556438e-01 -1.84561813e-01 -9.98450000e-02
 -1.48528500e-01 -1.95465937e-01  1.35937500e-02  1.39918750e-01
  1.16476250e-01  6.24078125e-02  1.81363875e-01  6.03863750e-02
  2.07946625e-01  1.30510500e-01  7.37286250e-02 -2.56687500e-03
  1.14106250e-02  7.05862500e-02  1.01796875e-02  1.04976344e-01
  1.05949688e-01  1.08297813e-01  2.04492125e-01  1.93136031e-01
  2.38103438e-01  2.13232406e-01  8.52683438e-02  1.21408000e-01
  4.48491250e-02  1.94775000e-03 -9.22068750e-03 -1.48895875e-01
 -2.14458656e-01 -1.80713625e-01 -2.94874375e-01 -2.89477188e-01
 -2.83210938e-01 -2.37312063e-01 -2.71128250e-01 -1.66587188e-01
 -9.22079375e-02  1.94665625e-03  9.64152500e-02]
[ 1.58164469  1.28239938  0.73320813  1.22246562  1.22562344  1.59797563
  1.57593406  1.57545594  2.07233406  2.07233406  2.34995188  2.36955563
  2.36955563  2.38855625  2.38855625  2.3960375   2.3960375   2.41385
  2.41738125  2.41738125  2.3975875   2.3975875   2.37519875  2.29107944
  2.29107944  2.27790719  2.27790719  2.27236188  2.27236188  2.27772625
  2.28111375  2.27530438  2.26034344  2.26034344  2.25570219  1.95620025
  1.94748931  1.9873925   2.01934844  2.01398688  2.037265    2.03920344
  2.01930594  1.98343469  0.73610653  0.70540841  0.19345759  0.34295384
  0.39235875  0.59386016  0.58225484  0.54445406  0.38761531  0.30951688
  0.11823875  0.10313875 -0.07048031 -0.24723625 -0.2983175  -0.45828781
 -0.44975781 -0.57807972 -0.64285503 -0.68699928 -0.78546709 -0.7859825
 -0.79900397 -0.79588553 -0.77916312 -0.74125969 -0.71855875 -0.69936625
 -0.660555   -0.64626375 -0.62409813 -0.5855625  -0.5770275  -0.52310625
 -0.54865063 -0.50338313 -0.52075375 -0.49438584 -0.45334256 -0.43942131
 -0.46664647 -0.45343022 -0.48490687 -0.39400313 -0.38783659 -0.36510659
 -0.34457156 -0.33038625 -0.24539312 -0.2418275  -0.19856956 -0.237463
 -0.26640238 -0.26537175 -0.31114    -0.27986931 -0.28920181 -0.29909925
 -0.25576362 -0.18311169 -0.18766603 -0.11840794 -0.15232513 -0.090443
 -0.11064141 -0.09888581 -0.06301891 -0.02833369 -0.26079344 -0.25129944
 -0.31598563 -0.48758306 -0.43941312 -0.67492031 -0.75988719 -0.84667281
 -0.66983969 -0.70318969 -0.54874541 -0.27726537 -0.25619287  0.13796975
  0.21254631  0.29884063  0.325555    0.33026     0.18319094 -0.01607219
 -0.06714219 -0.35771406 -0.38536906 -0.48247656 -0.59276031 -0.57782269
 -0.60431228 -0.62708709 -0.50791688 -0.40737969 -0.32380569 -0.32837125
 -0.33561781 -0.27769563 -0.18785937 -0.09755931 -0.13388488 -0.10554563
 -0.25782375 -0.16503594 -0.22599366 -0.24844741 -0.34410631 -0.4196655
 -0.36006437 -0.38258687 -0.19448788 -0.231216   -0.143243   -0.1250445
 -0.14816825 -0.05778559 -0.18673534 -0.16840956 -0.35418156 -0.33892563
 -0.49448656 -0.43282438 -0.45530687 -0.50650875 -0.50843531 -0.42794869
 -0.45497306 -0.40599719 -0.36016    -0.40224156 -0.37783094 -0.30229469
 -0.30451125 -0.24347219 -0.17746497 -0.16252653 -0.17575259 -0.17710447
 -0.24100197 -0.25932041 -0.28109844 -0.28555781 -0.25456994 -0.31918087
 -0.23443187 -0.23078937 -0.22223562 -0.19975125 -0.32039938 -0.39373375
 -0.46211687 -0.45247    -0.4153775  -0.57323803 -0.41675831 -0.48293231
 -0.27464169 -0.18012391 -0.13318297 -0.08911953 -0.09549953  0.0720475
 -0.05787197  0.04348869 -0.05364991 -0.01333213 -0.10827372 -0.11103372
 -0.159965   -0.22891937 -0.26111937 -0.13450969 -0.13860406 -0.15590188
  0.09229969 -0.0149625   0.23106     0.25330156  0.36253875  0.22418281
  0.26134844  0.09835512 -0.16638769 -0.18941375 -0.64234969 -0.85771812
 -1.02798406 -1.1409     -1.15582875 -1.07335656 -0.97553156 -0.97715875
 -0.697655   -0.74654    -0.32627781]
[ 1.76095000e+00  2.94916563e-01  2.98991625e-01 -6.55498375e-01
 -7.10594687e-01 -8.90844688e-01 -8.28392812e-01 -7.53195000e-01
 -6.73709687e-01 -5.82533125e-01 -3.83512813e-01 -2.11702281e-01
 -1.94450969e-01 -2.68691406e-01 -2.71775938e-01 -3.82656563e-01
 -3.51119062e-01 -3.54703750e-01 -3.90849750e-01 -3.46779250e-01
 -3.11215063e-01 -1.98434063e-01 -1.94833844e-01 -1.91626563e-02
 -9.74910938e-02 -2.87473438e-02  4.12822813e-02  3.46600000e-02
 -1.47721875e-02 -1.21347188e-02  1.69501563e-02 -4.44470000e-02
 -1.10894250e-01 -1.15300500e-01 -1.26299625e-01 -1.67454500e-01
 -1.24245500e-01 -6.63959375e-02 -1.58230219e-01 -2.38180219e-01
 -2.34569594e-01 -8.00941875e-02 -1.04312500e-03  2.09387500e-02
  1.06188281e-01 -1.35642187e-02 -1.35642187e-02 -7.44553125e-03
  2.35676812e-01  2.70752188e-02 -1.23364719e-01 -1.10177219e-01
 -8.61569062e-02 -1.08124375e-01 -5.07630938e-02  2.76966875e-02
 -1.68669063e-02 -2.58156687e-01  2.66600000e-02  4.00547812e-02
 -3.84357188e-02  2.67137500e-02  1.33586125e-01 -1.41017188e-01
 -2.04786250e-01 -9.96006563e-02 -1.39530719e-01  2.60964688e-02
  1.91726875e-01  1.50435000e-01 -1.00120938e-01 -7.81179063e-02
  2.00961156e-01  2.68120000e-01  2.79053125e-01  1.46187500e-02
 -5.43092813e-02 -4.93214688e-02 -6.74061250e-02  9.42062500e-03
 -6.41134375e-02 -8.26746875e-03  6.98440625e-03 -7.78187500e-02
  6.39004375e-02  9.19656250e-03  2.97596563e-02  8.39824063e-02
  5.68208437e-02  9.77590312e-02 -3.95843750e-03  1.08930625e-01
  5.04815000e-02  4.15055625e-02  8.25390625e-02 -2.96076250e-02
 -4.02187500e-03 -5.85078125e-02 -1.03234063e-01 -1.50077188e-01
 -1.49307500e-01 -1.49307500e-01 -1.57825938e-01 -8.58065625e-02
 -3.84787500e-02 -3.26525937e-02  1.27008531e-01  4.25910312e-02
  6.46431250e-02 -1.30818750e-02 -3.95152500e-02 -3.43953438e-02
 -1.40027187e-01 -1.27577812e-01 -1.10818813e-01 -1.52056250e-02
 -3.25796875e-03  4.74604687e-02  2.71550625e-02  6.62031563e-02
 -1.25029375e-02  3.38009062e-02 -3.27184375e-02  1.09575000e-02
 -1.08525125e-01 -9.83403125e-02 -1.28126125e-01]
[-3.50811250e-01 -6.65585312e-01 -6.17568125e-01 -5.86132813e-01
 -6.31905000e-01 -5.32487500e-01 -4.87665313e-01 -3.54793750e-01
 -3.13587438e-01 -2.42911187e-01 -2.43142812e-01 -2.95604375e-01
 -2.18150375e-01 -2.41511562e-01 -1.35935000e-01 -1.31009687e-01
 -1.87304062e-01 -6.94827500e-02 -7.08696250e-02  4.84984375e-02
 -6.83153125e-02  1.97201938e-01  1.73664063e-01  1.77520625e-01
  2.68323750e-01  2.65231875e-01  7.95318750e-02 -1.28444687e-01
 -1.25513125e-01 -2.42362437e-01 -2.34204000e-01  5.60012500e-02
  3.69672812e-02  7.25990563e-01  1.14055263e+00  1.16213625e+00
  1.25575344e+00  1.25018756e+00  8.87547250e-01  2.31125625e-01
  2.37838500e-01 -6.59784313e-01 -6.47208031e-01 -1.01276984e+00
 -8.93460156e-01 -9.43887969e-01 -5.64024688e-01 -7.11554812e-01
 -3.86208125e-01 -1.91546344e-01 -1.80005531e-01 -2.32442812e-01
 -1.92389656e-01 -3.10511219e-01 -3.51782500e-01 -3.99269375e-01
 -3.38581875e-01 -4.24206562e-01 -4.17887813e-01 -2.76238125e-01
 -2.49008750e-01 -1.39553188e-01 -1.68280062e-01 -1.41290937e-02
  3.14804063e-02  4.96569688e-02  1.09691562e-01  1.31726406e-01
  1.74822000e-01  1.79669281e-01  1.07220687e-01  1.49752812e-02
  1.55484375e-02 -1.45279063e-02 -2.08483125e-02  2.11612812e-02
 -1.19021438e-01 -9.44997500e-02 -9.00341250e-02 -4.01519063e-02
  1.37425594e-01  1.85761875e-01  1.92460313e-01  2.56409375e-02
  7.96196563e-02  8.86649687e-02  1.70612000e-01  1.69090125e-01
 -1.27946312e-01 -2.06464281e-01 -2.08109062e-01 -1.21097500e-01
 -1.08638750e-01  1.60625000e-04  6.65887500e-02 -1.56618969e-01
 -1.92753719e-01 -1.86741875e-01 -2.38986937e-01 -2.31392812e-01
 -5.85184688e-02 -5.93887156e-01 -6.09440938e-01 -5.66204375e-01
 -4.91763750e-01 -1.56973906e-01 -4.65873437e-02 -3.27985937e-02
 -4.51780469e-01 -4.63280781e-01  7.24935312e-02  1.22346438e-01
  1.15098750e-01 -3.19803000e-01 -2.63103156e-01 -2.69376438e-01
 -2.73195719e-01 -3.77088438e-02 -2.04506125e-01 -1.94341906e-01
 -1.66285313e-01 -1.71176250e-01  8.81547500e-02  6.68821875e-02
  5.34243750e-02  1.28097437e-01  1.69272437e-01  2.06175719e-01
  2.35634063e-01  2.69625875e-01  1.94733187e-01  1.59921687e-01
  2.82866000e-01  2.08566625e-01  2.09347687e-01  2.67379219e-01
  1.97503781e-01  2.50849125e-01  3.54405437e-01  3.33301812e-01
  3.64938750e-01  5.01065312e-01  5.94900187e-01  4.65756438e-01
  4.54997062e-01  3.05842375e-01  2.31248250e-01  1.82385750e-01
 -1.24906250e-02 -9.92865000e-02 -2.21771375e-01 -1.92749375e-01
 -8.67439375e-02  9.58818750e-02  1.39037188e-01  6.60927188e-02
  1.17993125e-01  1.62493125e-01  1.03218812e-01 -9.29946875e-03
 -1.83692062e-01 -1.09050531e-01 -3.49719094e-01 -4.30819375e-01
 -4.81169375e-01 -4.20973250e-01 -4.17111063e-01 -3.30128125e-01
 -2.61895906e-01 -1.70100125e-01 -4.52425000e-02  4.11490625e-02
  5.53275000e-02  1.13993625e-01 -9.84591250e-02 -5.79893125e-02
 -5.21425000e-02 -1.75545281e-01 -1.25283812e-01 -2.09957281e-01
 -2.36844594e-01 -2.53270312e-01 -4.85181875e-02 -1.24024187e-01
 -2.39765250e-01 -1.43248625e-01 -1.35002500e-01 -6.62971250e-02
 -3.17412188e-02  6.78861562e-02  4.32205000e-02  9.43192500e-02
  2.17342500e-01  2.34270313e-01  2.76487938e-01  1.75083875e-01
  1.78957937e-01  1.71726250e-01  2.27750000e-01  2.38139750e-01
  3.07825438e-01  3.39081062e-01  3.46927781e-01  2.94703094e-01
  4.23169688e-01  3.97590312e-01  3.15466062e-01  2.83541562e-01
  3.06918219e-01  2.77151969e-01  3.33963281e-01  3.90325469e-01
  5.67506875e-01  5.07694688e-01  6.41126062e-01  6.77871375e-01
  6.73844063e-01  6.59426250e-01  5.53948062e-01  3.70908875e-01
  2.74220438e-01  1.14198438e-01  3.27862500e-02  4.24871875e-02
 -1.94375000e-03 -1.06415625e-02  1.40252188e-01  1.75568438e-01
  2.60430938e-01  2.63769063e-01  2.97649687e-01  2.89526875e-02
 -1.73996750e-01 -1.92212063e-01 -6.11754313e-01 -5.98712438e-01
 -8.91088750e-01 -1.02253750e+00 -1.03102500e+00 -9.14934562e-01
 -1.04317869e+00 -8.40800000e-01 -6.81677500e-01 -5.96405312e-01
 -4.24776437e-01 -4.02086437e-01 -4.38323125e-01 -3.17094688e-01
 -1.38255938e-01 -2.01830938e-01  5.98750000e-04  7.71437500e-03
 -1.20816875e-01 -5.89981250e-02  2.48280312e-01  1.52875313e-01
 -3.63248125e-01 -1.86005937e-01 -5.44354187e-01 -2.89732938e-01
 -5.21120625e-01 -4.52983125e-01 -5.17070625e-01 -5.22536250e-01
 -2.72280938e-01 -5.12121875e-02]
[3.33875156 3.32223281 3.30333672 1.46414203 1.06073344]
[ 1.93869813e+00  1.71794844e+00  1.59977625e+00  1.28223344e+00
  1.01587812e+00  5.75766250e-01  3.22686562e-01 -4.14762500e-02
 -3.26597687e-01 -4.56690187e-01 -4.42112812e-01 -4.19137500e-01
 -4.23389688e-01 -4.16414687e-01 -3.64998750e-01 -3.95261562e-01
 -4.28264063e-01 -3.61020000e-01 -3.90803125e-01 -4.62213437e-01
 -4.60014688e-01 -4.51097313e-01 -5.37750938e-01 -4.95321875e-01
 -4.50780625e-01 -4.27321250e-01 -4.51675000e-01 -3.74170937e-01
 -3.88518750e-01 -4.12776250e-01 -3.55285313e-01 -3.68368125e-01
 -3.73908906e-01 -3.30259750e-01 -2.58149063e-01 -2.35903750e-01
 -2.42630937e-01 -2.20767187e-01 -1.95920625e-01 -1.22300625e-01
 -1.14280625e-01 -8.54146875e-02 -8.67399688e-02  6.36973438e-02
  3.25597031e-01  4.93912344e-01  8.24736563e-01  1.04402431e+00
  1.07578350e+00  1.31016022e+00  1.47666666e+00  1.63358406e+00
  1.48310228e+00  1.16507509e+00  1.16767812e+00  6.11078125e-01
  3.25310000e-01  2.57485313e-01 -2.11871437e-01 -1.96763000e-01
 -5.03553125e-01 -5.74161563e-01 -7.82903438e-01 -8.81092969e-01
 -9.69825156e-01 -7.38347969e-01 -6.70031500e-01 -9.14821969e-01
 -8.69592250e-01 -8.68363531e-01 -7.21550188e-01 -6.89205469e-01
 -4.50998750e-01 -4.46577719e-01 -2.16657938e-01 -1.31694969e-01
 -3.15003188e-01 -1.54215000e-01 -9.10218750e-02 -7.53969688e-02
  1.51912406e-01  1.35065000e-01  8.90234375e-02 -3.21499688e-01
 -3.30954906e-01 -3.53893344e-01 -4.55214187e-01 -3.98290438e-01
 -3.68709063e-01 -2.61585531e-01 -2.04025750e-01 -1.01810250e-01
 -1.01460313e-01  1.34250000e-03  7.44635000e-02  6.90575938e-02
  7.21485937e-02  6.00112500e-02 -5.76056875e-02  6.10029375e-02
  4.24459687e-02  8.42258438e-02  7.16940000e-02  1.59658688e-01
  1.05091875e-01  1.57447906e-01  2.65814469e-01  2.11326031e-01
  1.11639156e-01  1.22335469e-01 -1.78101563e-02 -2.58832500e-01
 -3.31483125e-01 -5.65416250e-01 -5.84752969e-01 -7.30513375e-01
 -7.12591219e-01 -6.15667344e-01 -5.66333938e-01 -5.14517031e-01
  6.08974375e-02  3.13245625e-01  5.43681875e-01  5.73485313e-01
  8.34783125e-01  8.82752000e-01  8.22382000e-01  7.50193906e-01
  6.50568500e-01  3.42727125e-01  1.66709938e-01  4.03459375e-02
  1.54731875e-02  1.21613125e-02 -2.10639313e-01 -2.13864469e-01
 -1.51077281e-01 -2.42421438e-01 -1.67201812e-01 -8.64275000e-02
 -6.19335000e-02 -7.01009375e-02  6.26412500e-02  1.63558750e-01
  2.06596250e-01  1.56922813e-01  1.91431375e-01  9.48088750e-02
  2.16471625e-01  1.35715500e-01  7.89336250e-02  3.35331250e-02
  4.04231250e-02  5.85612500e-02  6.40359375e-02  1.93562594e-01
  2.15316688e-01  2.05259813e-01  3.27069625e-01  3.00126031e-01
  3.43172437e-01  2.70243906e-01  1.69443344e-01  1.74074250e-01
  6.87486250e-02  2.92450000e-03  1.95653125e-02 -1.16957875e-01
 -2.71235906e-01 -2.37490875e-01 -3.23304375e-01 -3.17907188e-01
 -3.00564687e-01 -2.54665812e-01 -2.90290750e-01 -1.85749688e-01
 -1.71642437e-01 -7.74878438e-02  7.79207500e-02  1.11215344e-01
  2.84737031e-01  2.30028000e-01  2.32086313e-01  1.33587250e-01
  1.23133500e-01  6.85437500e-03 -2.58982500e-02 -5.24023125e-02
 -1.89815031e-01 -1.87700531e-01 -1.92264063e-01 -1.48464750e-01
 -1.86926750e-01 -1.46544687e-01 -1.00877688e-01 -7.24078125e-02
 -7.87228125e-02 -4.42709375e-02 -3.14128125e-02]
[2.16085406 2.15028531 1.44812047 1.44205328 0.54426969]
[-0.176675   -0.59281031 -0.68858688 -0.61179531 -0.545355   -0.4459375
 -0.46805156 -0.34605125 -0.25336694 -0.22988444 -0.17180656 -0.17707437
 -0.11689288 -0.14025406  0.12297875  0.12790406  0.22830094  0.39652813
  0.29997875  0.30560344  0.00314594  0.14789294 -0.13765094 -0.15068688
 -0.070755   -0.07796937 -0.22543188 -0.21373969 -0.19869937 -0.24935856
 -0.24120012 -0.16577375 -0.26264647 -0.17330819 -0.06880738 -0.0218925
 -0.05880031 -0.17967844 -0.193715   -0.04708938 -0.0403765  -0.13420806
  0.00584959 -0.11428547 -0.10944203 -0.14776109  0.16712781 -0.28209181
 -0.22723263 -0.16140197 -0.16196991 -0.21791844 -0.13549478 -0.10790634
 -0.1477375  -0.18311563  0.02350688 -0.05669906 -0.09311531  0.0041725
  0.07896937  0.10543281  0.03099344  0.09138453  0.06483578  0.08301234
  0.12088069  0.16389616  0.026758   -0.00575634 -0.00371306  0.04190503
  0.02392406  0.04851172 -0.05517081 -0.08272497 -0.13656419 -0.1025405
 -0.09231612 -0.01939566  0.03449134 -0.01952938 -0.01197219 -0.04791656
  0.01252303  0.01263709  0.03262063  0.03697625 -0.14364844 -0.06713553
 -0.07587669 -0.066582   -0.04201437 -0.09699563 -0.03769    -0.11505134
 -0.16638809 -0.17164537 -0.28239694 -0.28870531 -0.22735772 -0.29066253
 -0.31870719 -0.37294687 -0.21611125 -0.18350478 -0.21844697 -0.20465822
 -0.20303134 -0.19911203 -0.09845872 -0.07389481 -0.0811425  -0.14262813
 -0.01693516  0.00489294  0.00296578  0.02427516  0.009798    0.04579859
  0.02908719  0.02452125  0.051458    0.09619594  0.06330938  0.10580456
  0.10094956  0.08111947  0.17408031  0.25946212  0.26937469  0.23930569
  0.24777975  0.19021912  0.18228269  0.23280109  0.15381391  0.16162287
  0.11611156  0.06965144  0.09216538  0.29465906  0.32120269  0.31580144
  0.29961581  0.27518862  0.17223937  0.15894188  0.07531237 -0.153303
 -0.14103762 -0.04292562 -0.03582806 -0.17040438 -0.03815531 -0.06564103
  0.0920495   0.07207575  0.10434094 -0.19634672 -0.24031106 -0.02594191
  0.03356103 -0.18767438 -0.32358063 -0.3140195  -0.31015731 -0.32447938
 -0.14973216 -0.32709488 -0.40399875 -0.17476594 -0.12073125 -0.05832837
 -0.02970163  0.02623306  0.03718363  0.08315559  0.20947081  0.11474647
  0.01422416 -0.03967494  0.06076931 -0.05967219 -0.21171038 -0.24488125
 -0.23623013 -0.21732662 -0.15509047 -0.02903459 -0.08693813  0.04614875
  0.13761875  0.20380156  0.33515269  0.36086725  0.39475631  0.40013338
  0.49235838  0.47864112  0.44337381  0.51595069  0.49390266  0.35090922
  0.38689344  0.37048781  0.19093106  0.17141906  0.26376197  0.30557072
  0.31463141  0.49641234  0.56311687  0.43236594  0.52970231  0.58625387
  0.42833031  0.4402875   0.15997456 -0.18908987 -0.21953331 -0.41435906
 -0.40382    -0.40630281 -0.49960375 -0.47832781 -0.28486031 -0.36243406
 -0.09368281  0.00249156  0.00526594 -0.15049231 -0.11061688 -0.16005844
 -0.44589806 -0.42062369 -0.681215   -0.74589    -0.7689275  -0.85570281
 -1.01184744 -0.89830625 -0.9498125  -0.70960906 -0.42497181 -0.44739681
 -0.22481562 -0.13223844  0.28582031  0.38105531  0.9032025   1.35428063
  1.29178438  1.45957812  1.48943906  1.21371906  0.64211063  0.56834406
 -0.32413244 -0.32616119 -0.95449562 -1.32865813 -1.28941312 -1.29851625
 -1.20611969 -0.63961594  0.05885284  0.17925284  0.40858281  0.64781719
  1.10187941  1.71456222  1.889455    1.49798375  1.52050478  0.60490425
 -1.13643622]
[ 1.93869813e+00  1.71794844e+00  1.59977625e+00  1.28223344e+00
  1.01587812e+00  5.75766250e-01  3.22686562e-01 -4.14762500e-02
 -3.26597687e-01 -4.56690187e-01 -4.42112812e-01 -4.19137500e-01
 -4.23389688e-01 -4.16414687e-01 -3.64998750e-01 -3.95261562e-01
 -4.28264063e-01 -3.61020000e-01 -3.90803125e-01 -4.62213437e-01
 -4.60014688e-01 -4.51097313e-01 -5.37750938e-01 -4.95321875e-01
 -4.50780625e-01 -4.27321250e-01 -4.51675000e-01 -3.74170937e-01
 -3.88518750e-01 -4.12776250e-01 -3.55285313e-01 -3.68368125e-01
 -3.73908906e-01 -3.30259750e-01 -2.58149063e-01 -2.35903750e-01
 -2.42630937e-01 -2.20767187e-01 -1.95920625e-01 -1.22300625e-01
 -1.14280625e-01 -8.54146875e-02 -8.67399688e-02  6.36973438e-02
  3.25597031e-01  4.93912344e-01  8.24736563e-01  1.04402431e+00
  1.07578350e+00  1.31016022e+00  1.47666666e+00  1.63358406e+00
  1.48310228e+00  1.16507509e+00  1.16767812e+00  6.11078125e-01
  3.25310000e-01  2.57485313e-01 -2.11871437e-01 -1.96763000e-01
 -5.03553125e-01 -5.74161563e-01 -7.82903438e-01 -8.81092969e-01
 -9.69825156e-01 -7.38347969e-01 -6.70031500e-01 -9.14821969e-01
 -8.69592250e-01 -8.68363531e-01 -7.21550188e-01 -6.89205469e-01
 -4.50998750e-01 -4.46577719e-01 -2.16657938e-01 -1.31694969e-01
 -3.15003188e-01 -1.54215000e-01 -9.10218750e-02 -7.53969688e-02
  1.51912406e-01  1.35065000e-01  8.90234375e-02 -3.21499688e-01
 -3.30954906e-01 -3.53893344e-01 -4.55214187e-01 -3.98290438e-01
 -3.68709063e-01 -2.61585531e-01 -2.04025750e-01 -1.01810250e-01
 -1.01460313e-01  1.34250000e-03  7.44635000e-02  6.90575938e-02
  7.21485937e-02  6.00112500e-02 -5.76056875e-02  6.10029375e-02
  4.24459687e-02  8.42258438e-02  7.16940000e-02  1.59658688e-01
  1.05091875e-01  1.57447906e-01  2.65814469e-01  2.11326031e-01
  1.11639156e-01  1.22335469e-01 -1.78101563e-02 -2.58832500e-01
 -3.31483125e-01 -5.65416250e-01 -5.84752969e-01 -7.30513375e-01
 -7.12591219e-01 -6.15667344e-01 -5.66333938e-01 -5.14517031e-01
  6.08974375e-02  3.13245625e-01  5.43681875e-01  5.73485313e-01
  8.34783125e-01  8.82752000e-01  8.22382000e-01  7.50193906e-01
  6.50568500e-01  3.42727125e-01  1.66709938e-01  4.03459375e-02
  1.54731875e-02  1.21613125e-02 -2.10639313e-01 -2.13864469e-01
 -1.51077281e-01 -2.42421438e-01 -1.67201812e-01 -8.64275000e-02
 -6.19335000e-02 -7.01009375e-02  6.26412500e-02  1.63558750e-01
  2.06596250e-01  1.56922813e-01  1.91431375e-01  9.48088750e-02
  2.16471625e-01  1.35715500e-01  7.89336250e-02  3.35331250e-02
  4.04231250e-02  5.85612500e-02  6.40359375e-02  1.93562594e-01
  2.15316688e-01  2.05259813e-01  3.27069625e-01  3.00126031e-01
  3.43172437e-01  2.70243906e-01  1.69443344e-01  1.74074250e-01
  6.87486250e-02  2.92450000e-03  1.95653125e-02 -1.16957875e-01
 -2.71235906e-01 -2.37490875e-01 -3.23304375e-01 -3.17907188e-01
 -3.00564687e-01 -2.54665812e-01 -2.90290750e-01 -1.85749688e-01
 -1.71642437e-01 -7.74878438e-02  7.79207500e-02  1.11215344e-01
  2.84737031e-01  2.30028000e-01  2.32086313e-01  1.33587250e-01
  1.23133500e-01  6.85437500e-03 -2.58982500e-02 -5.24023125e-02
 -1.89815031e-01 -1.87700531e-01 -1.92264063e-01 -1.48464750e-01
 -1.86926750e-01 -1.46544687e-01 -1.00877688e-01 -7.24078125e-02
 -7.87228125e-02 -4.42709375e-02 -3.14128125e-02]
[ 0.02215372 -0.34070722 -0.29755972 -0.36374659 -0.41782431 -0.22878466
 -0.23340791 -0.12144725 -0.0881685   0.03240187  0.12971781  0.12939856
  0.15819969  0.05737406 -0.10295094 -0.15729969 -0.22305325 -0.23522419
 -0.20144081 -0.21694831 -0.35916981 -0.22685369 -0.21927369 -0.01592013
 -0.000895    0.00433875  0.27813188  0.30509125  0.57215625  0.60804063
  0.65240781  0.72825438  0.79713281  0.68857131  0.68297231  0.64881134
  0.54884353  0.54630569  0.36975487  0.31504694  0.28876225  0.03981331
  0.02733175 -0.286068   -0.21425737 -0.23085175 -0.24754516 -0.19288547
 -0.09975969 -0.27811788 -0.2918685  -0.40446788 -0.39059163 -0.41502469
 -0.43095694 -0.43382306 -0.42818031 -0.41908637 -0.34200569 -0.50037069
 -0.4873855  -0.37508237 -0.42872737 -0.42878362 -0.5067905  -0.50172388
 -0.50424075 -0.49702731 -0.46878188 -0.38712    -0.35566656 -0.30643966
 -0.07571175 -0.03987269 -0.047783   -0.02085078 -0.09112528  0.05881147
  0.03988709  0.10698669  0.11229613  0.12375716 -0.10645056 -0.11084406
 -0.14834719 -0.22327188 -0.20429569 -0.20368006 -0.22397006 -0.30884038
 -0.285202   -0.211472   -0.35176406 -0.346545    0.131746    0.09137975
  0.14230225  0.02573806  0.01658744 -0.02421912  0.04197563  0.02728416
  0.18465541  0.20327434  0.16653403  0.35064422  0.38325466  0.23596069
  0.23042569  0.248334    0.37483588  0.38350262  0.34785969  0.39155031
  0.40356406  0.34893906  0.36949625  0.28382531  0.27529231  0.25620025
  0.25993663  0.26389919  0.24112812  0.14089875  0.09428344  0.06494344
 -0.00190425]
[-0.80176  -0.80176  -0.50052  -0.50052  -0.40143  -0.40143  -0.20595
 -0.20595  -0.20595  -0.20595  -0.10451  -0.10451  -0.20091  -0.20091
 -0.0975   -0.0975   -0.19658  -0.19658  -0.091652 -0.091652 -0.29803
 -0.29803  -0.19309  -0.19309  -0.2965   -0.2965   -0.19052  -0.19052
 -0.19052  -0.18895  -0.18895   0.022484  0.022484  0.12846   0.12846
  0.12846   0.12846   0.32642   0.32642   0.31631   0.31631   0.56405
  0.56405   0.43325   0.43325   0.65301   0.65301   0.34908   0.34908
  0.38271   0.38271   0.082619  0.082619  0.18172   0.18172   0.019387
  0.019387  0.073548  0.073548  0.14342   0.14342   0.23914   0.23914
  0.059933  0.059933  0.34342   0.34342   0.57819   0.57819   0.47973
  0.47973   0.32985   0.32985   0.43325   0.43325   0.092341  0.092341
 -0.091652 -0.091652 -0.29803  -0.29803  -0.29803  -0.29803  -0.2965
 -0.2965   -0.2965   -0.2965   -0.40143  -0.40143  -0.19052  -0.19052
 -0.08402  -0.08402  -0.18895  -0.18895  -0.082449 -0.082449  0.023526
  0.023526  0.022484  0.022484]
[ 0.41579   0.42135   0.32497   0.32497   0.32165   0.32165   0.023408
  0.023408 -0.17846  -0.17846  -0.3764   -0.57434  -0.57434  -0.67071
 -0.67071  -0.47464  -0.47464  -0.47464  -0.47464  -0.27816   0.01205
  0.01205   0.10364   0.10364   0.092719  0.092719  0.092719  0.092719
 -0.005525 -0.11027  -0.11027  -0.28762  -0.28762  -0.3764   -0.3764
 -0.208    -0.208     0.068267  0.053338  0.053338  0.44367   0.44367
  0.61686   0.61686   0.62906   0.62906   0.42236   0.57984   0.57984
  0.3579    0.3579    0.27049   0.27049   0.17867   0.17867   0.29482
  0.16287   0.16287   0.080246  0.080246  0.2931    0.2931    0.20432
  0.20432   0.018597 -0.077779 -0.077779  0.023408  0.023408 -0.27521
 -0.27521  -0.17403  -0.17403  -0.17403  -0.073344 -0.073344 -0.17453
 -0.17453  -0.27521  -0.27521  -0.27572  -0.27572  -0.17602  -0.27671
 -0.27671  -0.17846  -0.17846   0.018597  0.018597  0.10364   0.10364
 -0.058433  0.036988  0.036988  0.07087   0.07087   0.20438   0.20438
  0.018655  0.018655  0.27093   0.31578   0.31578   0.30943   0.30943
  0.13739   0.13739   0.2498    0.2498    0.23489   0.23058   0.23058
  0.25374   0.25374   0.62404   0.62404   0.87782   0.87782   0.81455
  0.67859   0.67859 ]
[-1.1436   -1.1436   -1.2568   -1.2568   -1.3663   -1.3663   -0.66926
 -0.66926  -0.034656 -0.14787  -0.14787  -0.149    -0.149    -0.25994
 -0.25994  -0.5879   -0.5879   -0.95037  -0.95037  -1.0484   -1.0484
 -0.83602  -0.83602  -0.40857  -0.40857  -0.08288  -0.08288   0.2498
  0.46611   0.46611   0.48754   0.48754   0.4005    0.4005    0.3002
  0.3002    0.069286  0.069286 -0.16905  -0.16905  -0.28851  -0.28851
 -0.52862  -0.52862  -0.64868  -0.64868  -0.52862  -0.16905  -0.16905
 -0.050769 -0.050769  0.3002    0.3002    0.3002    0.3002    0.18014
  0.18014  -0.17372  -0.17372  -0.17766  -0.17766  -0.52291  -0.52291
 -0.52291  -0.52291  -0.52291  -0.034656 -0.034656 -0.149    -0.149
  0.37821   0.37821   0.64311   0.64311   0.93582   0.93582   0.63055
  0.63055   0.89647   0.89647   0.55868   0.55868   0.45509   0.33908
  0.33908   0.46266   0.46266   0.29851   0.29851   0.43743   0.43743
  0.38781   0.38781   0.32546   0.32546   0.13323   0.13323   0.007195
  0.007195 -0.084496 -0.084496 -0.071888 -0.31054  -0.31054  -0.31054
 -0.31054  -0.14945  -0.14945  -0.27175  -0.27175  -0.39605  -0.39605
 -0.15229  -0.15229  -0.032236 -0.032236 -0.048997 -0.048997 -0.048997
 -0.048997  0.070461 -0.048997 -0.048997  0.065795  0.065795 -0.05426
 -0.05426   0.060087  0.060087  0.16098   0.16098   0.36808   0.36808
  0.13323   0.13323   0.32546   0.32546   0.38781   0.3084    0.3084
  0.2448    0.2448    0.46266   0.46266   0.41164   0.41164   0.53915
  0.53915   0.83515   0.83515   1.0456    1.0456    0.82771   0.82771
  0.81215   0.81215   0.3823   -0.4666   -0.4666   -0.96584  -0.96584
 -0.87165  -0.87165  -1.0915   -1.0915   -0.96584  -0.96584  -0.64418
 -0.64418  -0.49887  -0.49887  -0.40857  -0.40857  -0.009247 -0.009247
  0.18144   0.63809   0.63809   0.63809   0.63809  -0.067573 -0.067573
 -0.87729 ]
