[-0.9457128  -0.94269717 -0.93834931 -0.92579389 -0.89890265 -0.85535514
 -0.78927201 -0.70691025 -0.61892313 -0.53327984 -0.45512363 -0.39459136
 -0.35224113 -0.31891015 -0.29943866 -0.27774695 -0.27556762 -0.28710583
 -0.30982292 -0.3290635  -0.34350705 -0.35864222 -0.38453555 -0.43368447
 -0.49352148 -0.51869798 -0.45848104 -0.33691865 -0.12996782  0.05798207]
[0.89488995 0.87737119 0.84754699 0.79690564 0.7357918  0.66600728
 0.59506994 0.52478385 0.45201239 0.39833075 0.33353117 0.31784794
 0.33286843 0.36205086 0.41067797 0.48708555 0.58266455 0.67294431
 0.7348156  0.74753153 0.71863496 0.65849346 0.5734995  0.519903
 0.46340993 0.44848344 0.44558394 0.42872575 0.41438192 0.42025986]
[-0.39835703 -0.35257331 -0.32300034 -0.32381052 -0.34005815 -0.35997716
 -0.37137407 -0.3661125  -0.35140148 -0.35297081 -0.37892273 -0.4011291
 -0.30510101 -0.14354768 -0.11753515 -0.04519734  0.06466629  0.2242672
  0.4896957   0.77128255  1.04933476  1.2695235   1.41754627  1.48161864
  1.4831984   1.4248383   1.36564219  1.32728219  1.29419982  1.27871192]
[1.61109591 1.50224972 1.39208722 1.29832709 1.24062264 1.2362237
 1.22234285 1.21906328 1.197703   1.19470966 1.18894196 1.18237388
 1.18084097 1.17157519 1.17002392 1.16284633 1.16221952 1.16744769
 1.17194307 1.1803515  1.19843543 1.22133136 1.25137711 1.29157996
 1.34289658 1.39164114 1.43391943 1.44834054 1.43908417 1.38719451]
[ 1.27962446  1.28594363  1.29436219  1.31217051  1.32501709  1.32349384
  1.29540968  1.22180915  1.10197639  0.95207912  0.77660435  0.5645681
  0.38778242  0.2049706   0.10127426  0.02125683 -0.06304184 -0.15669325
 -0.21515381 -0.2594094  -0.29981729 -0.34186411 -0.38738301 -0.42774007
 -0.46315148 -0.49754015 -0.52095145 -0.53448123 -0.54492432 -0.55276799]
[-0.62986791 -0.5516668  -0.4895227  -0.43980923 -0.39167625 -0.35421365
 -0.32183921 -0.29152781 -0.29369536 -0.31588602 -0.33924106 -0.35547572
 -0.34928989 -0.33659697 -0.3295348  -0.37598115 -0.4279156  -0.42781541
 -0.23225689 -0.14212871 -0.20017958 -0.12436932  0.00474445  0.31877983
  0.6659233   1.00358379  1.28701067  1.4450568   1.53138661  1.5280453 ]
[-0.15455438 -0.10551886 -0.21798816 -0.23071767 -0.21719868 -0.06979489
  0.12582122  0.40983531  0.74594396  1.06402814  1.32633293  1.52665865
  1.65383399  1.72137535  1.74427521  1.74303484  1.75508809  1.78034425
  1.77125788  1.77169275  1.76906645  1.77264535  1.76873505  1.76539373
  1.76833522  1.76622641  1.76573277  1.76608706  1.75874186  1.75943589]
[ 1.04600906  1.04625571  1.03912258  1.04118514  1.03842723  1.03442609
  1.04155362  1.04269493  1.0588789   1.07221138  1.09387183  1.14131486
  1.18286729  1.21473205  1.23340523  1.19993794  1.11037338  0.98598903
  0.81794506  0.60047495  0.44069523  0.22306649  0.16886006  0.09180085
  0.03540169 -0.02191597 -0.05759086 -0.08344579 -0.10821679 -0.13175458]
[ 1.37805283  1.35945249  1.26884222  1.13357186  0.95947373  0.74783385
  0.50589514  0.30650964  0.07609423 -0.04802661 -0.09618417 -0.16703074
 -0.24807496 -0.30492973 -0.32289121 -0.34122127 -0.3669028  -0.39609054
 -0.43037471 -0.4534108  -0.47939539 -0.49459055 -0.49950877 -0.50408852
 -0.50154072 -0.49774534 -0.48921937 -0.48000926 -0.47195387 -0.46581766]
[1.20047104 1.38314545 1.49523008 1.5709492  1.61482108 1.62682974
 1.65973258 1.69580853 1.72976387 1.74461877 1.74647152 1.74564564
 1.74365163 1.74621356 1.73868549 1.74012673 1.73621058 1.73232317
 1.73853123 1.7372663  1.73965967 1.74131942 1.73435462 1.73393524
 1.72983253 1.73057139 1.74210501 1.75624704 1.77287185 1.80142713]
[-0.02067501 -0.07230698 -0.11966591 -0.15917447 -0.20945266 -0.2877315
 -0.4000428  -0.45774671 -0.27034765 -0.19215754 -0.24215932 -0.15256007
 -0.02781423  0.30198792  0.65501153  1.01746845  1.334427    1.53464365
  1.66386521  1.69197035  1.6548351   1.59706593  1.58956754  1.58332491
  1.57308447  1.56014073  1.566082    1.55811417  1.55378008  1.54952872]
[-1.14718318 -1.07712507 -1.05156779 -1.05429113 -1.07435608 -1.10267007
 -1.12877512 -1.15598392 -1.17164314 -1.1807822  -1.18577027 -1.18048215
 -1.16360366 -1.13984668 -1.1114217  -1.07618594 -1.03625333 -0.98454732
 -0.9271515  -0.86519772 -0.81434351 -0.77902013 -0.76225615 -0.76000267
 -0.77973843 -0.80452162 -0.83577549 -0.86779267 -0.88484061 -0.88665026]
[-1.31173825 -1.38999426 -1.48930085 -1.60810649 -1.74378777 -1.89030039
 -2.03937197 -2.18315363 -2.31090665 -2.41068864 -2.46300411 -2.48044872
 -2.47770047 -2.48311043 -2.49492931 -2.5051477  -2.44573379 -2.25451875
 -1.89828968 -1.87218189 -0.84148926 -0.83892268  0.36465091  0.7360267
  1.34807384  1.51124167  1.44220042  1.23937726  1.00053811  0.82625115]
[1.73843467 1.74404466 1.74439871 1.74478233 1.7438823  1.74101663
 1.74187243 1.74322796 1.74484158 1.74117553 1.73809803 1.73443973
 1.7257297  1.72338748 1.7198621  1.71724844 1.71706128 1.70503163
 1.68799639 1.66684484 1.65550733 1.62904823 1.59091961 1.5448004
 1.44237685 1.27841878 1.07034886 0.82122558 0.52896005 0.25172547]
[ 1.73940384  1.73872411  1.74065483  1.7399801   1.73642492  1.73211706
  1.72909975  1.72240329  1.71418643  1.71955252  1.70603251  1.69751155
  1.69487107  1.68655264  1.67444968  1.66337502  1.62863219  1.56586945
  1.43624377  1.25264239  1.02769005  0.78046286  0.49492171  0.27309051
  0.02121561 -0.08617051 -0.10273658 -0.12696558 -0.15654807 -0.14794116]
[ 1.59504485  1.59004998  1.5875541   1.58545697  1.58773291  1.58750975
  1.58484793  1.5997349   1.60944879  1.59907651  1.5757283   1.49060929
  1.3480587   1.16073275  0.93528044  0.65496933  0.4201583   0.12771706
 -0.00961534 -0.11045662 -0.18020868 -0.25783744 -0.30861241 -0.29720482
 -0.27689752 -0.24034677 -0.21327205 -0.19230488 -0.1681577  -0.14936021]
[ 0.87911648  0.89411646  0.88078147  0.80363083  0.60164386  0.31156975
 -0.03709682 -0.36152512 -0.6560663  -0.97198892 -1.26002967 -1.48345423
 -1.63903761 -1.73094714 -1.77390933 -1.78788137 -1.77749121 -1.75527263
 -1.73394668 -1.70890343 -1.68571866 -1.66429842 -1.64679372 -1.636608
 -1.6266942  -1.61287332 -1.59564793 -1.57067573 -1.52794659 -1.45767248]
[-0.67503178 -0.69096416 -0.69024694 -0.67548293 -0.6610266  -0.64666963
 -0.62787294 -0.61390764 -0.60991788 -0.60817593 -0.60870272 -0.61154115
 -0.61569524 -0.62367648 -0.63615036 -0.65455222 -0.67944914 -0.71444345
 -0.75603944 -0.8066296  -0.86233729 -0.93135178 -1.0054121  -1.08555865
 -1.16839778 -1.25459838 -1.33356512 -1.39330089 -1.42698836 -1.42868137]
[-0.24707232 -0.26828548 -0.28817034 -0.10742163 -0.01980046 -0.0295715
  0.07037541  0.14664543  0.34925127  0.59127277  0.8545112   1.08951879
  1.27619779  1.37327445  1.40337741  1.36235046  1.28336596  1.2039386
  1.16936576  1.12340307  1.11221623  1.10208464  1.09709632  1.08876848
  1.08246374  1.07809472  1.07530904  1.07283854  1.07801545  1.06526017]
[1.16662419 1.1497947  1.12557101 1.11731946 1.10054159 1.09168863
 1.08490002 1.06855488 1.04408586 1.02269423 0.99819672 0.97686547
 0.97000551 0.97065717 0.97470552 0.98880965 1.01176572 1.05443966
 1.11156559 1.17804039 1.26828647 1.34961438 1.40505707 1.42301702
 1.39743257 1.33550417 1.21848202 1.04371798 0.86537546 0.68782794]
[ 0.6346578   0.31388408  0.03871237 -0.06234505 -0.11095111 -0.15906514
 -0.22503304 -0.24226271 -0.22386986 -0.20254952 -0.19251573 -0.19569781
 -0.21513915 -0.24028237 -0.27766526 -0.30692387 -0.32094386 -0.3382872
 -0.35041073 -0.35678551 -0.35001716 -0.3356095  -0.31634095 -0.2935288
 -0.26161379 -0.2295856  -0.21887764 -0.23923257 -0.29553339 -0.39139104]
[-1.05621982 -1.01521945 -0.95483816 -0.87337679 -0.77534348 -0.66651231
 -0.56982195 -0.47901523 -0.40750104 -0.36085215 -0.319253   -0.28684419
 -0.25217116 -0.24523249 -0.25626963 -0.27437457 -0.27624002 -0.26772639
 -0.26017165 -0.29280356 -0.38854665 -0.52673638 -0.67371684 -0.67256683
 -0.60565931 -0.40559018 -0.18694615  0.03364497  0.36489964  0.82230443]
[ 1.2741816   1.2451185   1.20552075  1.17041528  1.13502419  1.10792112
  1.09434187  1.0854162   1.07897663  1.07137644  1.06841516  1.06504095
  1.06299591  1.06596112  1.06395662  1.06426978  1.06166327  1.05952692
  1.05977309  1.05747342  1.05582404  1.05508852  1.05471671  1.05967426
  1.05909479  1.06288874  1.07424974  1.07803988  1.07906187  1.07228518
  1.03102398  0.96083206  0.86106056  0.73570848  0.58744121  0.44676116
  0.28774631  0.17231287  0.0810457  -0.0077131  -0.10033014 -0.18914559
 -0.26494142 -0.33908871 -0.41070232 -0.4861919  -0.55784166 -0.62229437
 -0.67991662 -0.72454208 -0.7587502  -0.78274775 -0.79891104 -0.80880898
 -0.81315339 -0.81611115 -0.81819856 -0.8219043  -0.82264835 -0.82488108]
[-0.96877897 -0.91120642 -0.85888618 -0.808092   -0.76321846 -0.72154915
 -0.68619657 -0.65699643 -0.62880385 -0.61229664 -0.60393578 -0.59299898
 -0.5727616  -0.53572059 -0.49227703 -0.44751999 -0.41362092 -0.38119152
 -0.27022868 -0.11636824 -0.05517741  0.03427601  0.11611638  0.27995721
  0.475445    0.67240554  0.85759908  1.01067531  1.10751498  1.15686262
  1.16544306  1.13401306  1.10759592  1.10516095  1.09831905  1.09734261
  1.09113383  1.09417951  1.0913341   1.08737648  1.08475196  1.0841682
  1.08410668  1.08431506  1.08286393  1.07994032  1.07563865  1.07404292
  1.06977558  1.07406628  1.07094944  1.0709691   1.07684696  1.08643913
  1.10502744  1.13333118  1.16412461  1.19259512  1.22092032  1.23816705]
[0.31022438 0.64128596 0.60538709 0.80482268 1.05520809 1.32502151
 1.58576369 1.7943759  1.99925852 2.1838038  2.33510327 2.41465235
 2.37087893 2.24357581 2.07372856 1.90409923 1.73263121 1.59086716
 1.46090436 1.35580337 1.27863193 1.23237431 1.19943321 1.17182982
 1.15263021 1.14049685 1.12412691 1.11232412 1.10266745 1.09467375
 1.08484459 1.07695198 1.06390822 1.04329705 1.03360224 1.01864278
 1.0160259  1.01197755 1.00932443 1.01313758 1.012357   1.0137707
 1.02253366 1.04163349 1.07006145 1.158952   1.23105848 1.33234429
 1.45842826 1.54884887 1.63226557 1.72560096 1.80294788 1.9002738
 1.97775781 2.06174421 2.13629675 2.15747881 2.12332773 2.03946638]
[ 1.03593647  0.91938108  0.79664975  0.66517234  0.53344506  0.39343747
  0.25496405  0.09609717 -0.05140698 -0.19901012 -0.33807671 -0.46786872
 -0.58488333 -0.67714268 -0.75149405 -0.80301571 -0.83643186 -0.84930587
 -0.84828699 -0.83292329 -0.811104   -0.78487027 -0.7576248  -0.73177087
 -0.71238619 -0.69728255 -0.68949473 -0.6858896  -0.69054902 -0.69757098
 -0.70551687 -0.71427357 -0.72121477 -0.72717476 -0.7315833  -0.73553902
 -0.73809385 -0.74136484 -0.74517661 -0.74791056 -0.75072491 -0.75108254
 -0.74887496 -0.74510151 -0.7407335  -0.73630029 -0.73209232 -0.72869349
 -0.72626841 -0.72681612 -0.73032856 -0.73357087 -0.73592198 -0.73938829
 -0.74285692 -0.74389052 -0.74537367 -0.74953622 -0.75068629 -0.73999798]
[ 1.78733766  1.78839588  1.79305518  1.79288971  1.79328644  1.78836989
  1.786062    1.78405821  1.7791971   1.77097499  1.76538098  1.74913538
  1.73429763  1.70645797  1.67348373  1.64305472  1.60142517  1.54371095
  1.46963954  1.34683907  1.18608725  1.00260985  0.79415506  0.56412405
  0.35839197  0.14394496  0.0043948  -0.06919194 -0.15198216 -0.23683441
 -0.29730099 -0.31422561 -0.32565728 -0.3299036  -0.34054869 -0.35546795
 -0.36797765 -0.38401467 -0.40098464 -0.41572633 -0.43151772 -0.44303763
 -0.45344225 -0.45907581 -0.46084267 -0.46236971 -0.46026647 -0.45908505
 -0.45668128 -0.46407816 -0.48509234 -0.51861352 -0.56276613 -0.61756611
 -0.67857778 -0.73465073 -0.78328675 -0.82348847 -0.85171145 -0.87264514]
[-1.15825701 -1.14526868 -1.13132787 -1.12314177 -1.11168551 -1.09820497
 -1.0833739  -1.06815541 -1.04858494 -1.02399909 -0.98945034 -0.94150764
 -0.87672335 -0.78908217 -0.68324739 -0.56051558 -0.43148038 -0.31742743
 -0.23120441 -0.19081795 -0.21698947 -0.28842372 -0.41709372 -0.5918538
 -0.82827932 -1.09627187 -1.38127959 -1.66358745 -1.87653244 -2.03788185
 -2.13523626 -2.17886567 -2.10468483 -1.89659798 -1.51709139 -1.12022424
 -0.91091114 -0.5438121  -0.23425715  0.24341483  0.76264137  1.23660469
  1.61063421  1.8936317   1.98003531  1.95729756  1.83817303  1.7180717
  1.61883628  1.55674326  1.53389215  1.51536942  1.49886692  1.50053489
  1.48882723  1.48958695  1.48083651  1.47419584  1.46382344  1.47099948]
[-0.24467736 -0.14193518  0.00828352  0.16163453  0.33633414  0.51174927
  0.6895045   0.86224622  1.02823102  1.18589509  1.33226705  1.46214938
  1.57369709  1.66460633  1.73580158  1.78554904  1.81845784  1.83724737
  1.84887326  1.85570741  1.85993087  1.86362386  1.86554432  1.86692476
  1.86809397  1.86908078  1.86910522  1.86787629  1.86652887  1.86419845
  1.85897422  1.85130525  1.83779919  1.81756949  1.78651154  1.74126136
  1.68028283  1.60418117  1.51262021  1.40572941  1.28584063  1.15546823
  1.02030361  0.87806487  0.72877133  0.56505382  0.40376726  0.24300629
  0.08873462 -0.06144257 -0.19734132 -0.32042593 -0.42217883 -0.50191575
 -0.56335384 -0.60977179 -0.64014286 -0.65671211 -0.66386342 -0.66426575]
[2.04960227 2.16648054 2.27241445 2.39346123 2.50979996 2.56984329
 2.55033374 2.4222095  2.1999917  1.94199717 1.70482278 1.51352799
 1.37601376 1.28208983 1.22333097 1.18826962 1.16967285 1.15430021
 1.13300514 1.11659241 1.11156011 1.09987926 1.09323382 1.0888375
 1.08002877 1.07134664 1.0624944  1.049016   1.03477252 1.01751649
 1.00217354 0.98832184 0.98217028 0.9836185  1.00175774 1.02502704
 1.04658067 1.0764482  1.10643983 1.14301622 1.18484604 1.22461641
 1.26832426 1.38536239 1.45560181 1.55451775 1.67037249 1.74235547
 1.80644166 1.82996583 1.79844189 1.71749508 1.60696673 1.44702315
 1.2427156  1.01808429 0.78457421 0.55680615 0.34173927 0.14529063]
[ 1.36290741  1.35930431  1.35849261  1.3550241   1.35494804  1.34909165
  1.3479985   1.3439399   1.33794618  1.32733357  1.3172009   1.29619431
  1.26180792  1.19249845  1.09358025  0.9690128   0.81889594  0.64603502
  0.49892375  0.30053064  0.18767799  0.08126063 -0.01748606 -0.1211627
 -0.20993184 -0.27812552 -0.33648396 -0.38479134 -0.43240359 -0.47693613
 -0.51639891 -0.55292886 -0.58462733 -0.60632986 -0.62518531 -0.63933152
 -0.65325928 -0.65972745 -0.6631276  -0.66682583 -0.67008811 -0.67339218
 -0.67816198 -0.69320011 -0.72075605 -0.75717837 -0.80190861 -0.85407043
 -0.90855205 -0.95836014 -1.00029993 -1.03694701 -1.06642139 -1.08992159
 -1.10502076 -1.11776078 -1.12553275 -1.12896156 -1.12656534 -1.11345792]
[-0.6926437  -0.66498309 -0.64036685 -0.61198109 -0.57621872 -0.52542394
 -0.46188009 -0.38596511 -0.29361722 -0.18921182 -0.08009866  0.15009114
  0.20915347  0.35432988  0.47073025  0.59445554  0.73959959  0.88822919
  1.01647151  1.11974335  1.18581069  1.21233368  1.22306311  1.21400225
  1.17997229  1.14507198  1.11408794  1.10263097  1.08769774  1.07800615
  1.07354987  1.06871939  1.06548429  1.0621624   1.06270015  1.06233704
  1.05886531  1.05734277  1.05283678  1.05413139  1.05277729  1.05170262
  1.0502882   1.05339348  1.05399382  1.05972517  1.06916893  1.08038127
  1.10530508  1.13982153  1.16722345  1.1969136   1.21742415  1.22824657
  1.24327826  1.2585094   1.261832    1.27513337  1.29377067  1.3421216 ]
[ 1.52381635  1.5302794   1.53744304  1.53761005  1.52596211  1.49891007
  1.45797348  1.39177942  1.31162834  1.23785555  1.17972159  1.14214718
  1.11999059  1.10581934  1.09758866  1.09207678  1.0884608   1.08683991
  1.08445978  1.08493531  1.08488274  1.08452117  1.08545399  1.08078444
  1.07914555  1.07940519  1.07577336  1.07398832  1.06958234  1.06552911
  1.06400084  1.06133676  1.07201457  1.08513999  1.09973514  1.11136544
  1.11285961  1.09891963  1.06891739  1.01387489  0.92881233  0.8155852
  0.70059133  0.59271801  0.49525133  0.38681769  0.28851017  0.18535343
  0.08218254 -0.01152999 -0.10281286 -0.19874477 -0.2952306  -0.38435164
 -0.46551943 -0.53515142 -0.59455293 -0.64322025 -0.6743412  -0.69471949]
[-2.12768245 -2.11977696 -2.06016612 -1.97642326 -1.85147166 -1.7108047
 -1.58554351 -1.48929977 -1.41425788 -1.35400045 -1.30389297 -1.25839412
 -1.20982742 -1.17498517 -1.14939153 -1.10602069 -1.03008461 -0.90081781
 -0.75314295 -0.6295864  -0.58044052 -0.59941053 -0.71231103 -0.88028926
 -1.11698568 -1.34162486 -1.64330685 -2.00879025 -2.3581357  -2.67060161
 -2.96497393 -3.24428916 -3.46409988 -3.57836652 -3.6005652  -3.53887606
 -3.33160567 -2.98377538 -2.58889914 -2.07173133 -1.2964772  -0.85697895
 -0.55683351 -0.37600142 -0.23891042  0.14728682  0.65532076  1.23074198
  1.79470706  2.28181744  2.60977721  2.79747128  2.79266286  2.73441839
  2.6351347   2.58963203  2.57282352  2.57073379  2.5677917   2.60438657]
[ 1.11310554  1.10922778  1.10570419  1.10619903  1.10615385  1.1066153
  1.10543394  1.10394609  1.10107994  1.09956634  1.09935594  1.09772384
  1.0981797   1.09751356  1.09907901  1.10186052  1.10591328  1.11182725
  1.12013829  1.12345409  1.11743259  1.07971323  1.00741529  0.9107182
  0.788463    0.63699573  0.50375873  0.34062392  0.24406059  0.14783329
  0.06187578 -0.03193368 -0.11765365 -0.19509324 -0.26678878 -0.33978409
 -0.41752541 -0.49428251 -0.56607729 -0.63331848 -0.68958968 -0.73449183
 -0.76763201 -0.79099244 -0.8072933  -0.8140623  -0.81460589 -0.81219131
 -0.80878156 -0.8048436  -0.8002162  -0.80733067 -0.82471502 -0.85247958
 -0.89146227 -0.94198692 -0.99783045 -1.05025387 -1.098575   -1.14096546]
[1.0706135  1.29251182 1.42539752 1.57370687 1.73644495 1.87409186
 1.95725799 1.97470307 1.90106452 1.7894398  1.62395561 1.46709561
 1.33518612 1.22137284 1.12561929 1.05334055 0.99182016 0.93519872
 0.88445997 0.85120767 0.81989491 0.80295175 0.79059529 0.77658165
 0.75829011 0.75216305 0.73984659 0.72826654 0.71934313 0.71133816
 0.70394868 0.6970672  0.69685447 0.69949168 0.71553451 0.73408645
 0.74285173 0.75105625 0.75292665 0.76001543 0.76708919 0.76554388
 0.76969951 0.8437019  0.90202254 1.02939343 1.17383945 1.28136706
 1.3926971  1.48263752 1.5509094  1.59086013 1.60763514 1.60575843
 1.58225358 1.53994489 1.46986747 1.37306237 1.25693989 1.11194587]
[ 1.69802558  1.7120949   1.73053658  1.75002193  1.76464212  1.77013803
  1.77031136  1.76983118  1.77343845  1.77668679  1.77739429  1.77875805
  1.7753365   1.77097678  1.77154016  1.76808345  1.76244903  1.76004422
  1.75183892  1.74640942  1.72943854  1.70586956  1.69065225  1.65935957
  1.60688722  1.53837419  1.41841292  1.2573061   1.06933784  0.85633975
  0.6146943   0.40839571  0.16103096  0.01674837 -0.08376263 -0.17970584
 -0.26919809 -0.3419126  -0.36759368 -0.38810942 -0.39215943 -0.39758682
 -0.40684649 -0.41239899 -0.42212495 -0.4319146  -0.43611714 -0.44243973
 -0.44350365 -0.44304046 -0.43724203 -0.42997184 -0.42020705 -0.41167864
 -0.40157232 -0.39183396 -0.38924167 -0.40206414 -0.4303118  -0.47541061]
[-0.86966264 -0.85690963 -0.83627713 -0.80218941 -0.75702411 -0.70595324
 -0.64844084 -0.59176332 -0.54086339 -0.5007484  -0.46552297 -0.42917818
 -0.39859617 -0.36916777 -0.34248915 -0.33515313 -0.33627898 -0.3447662
 -0.35412139 -0.36767703 -0.414671   -0.45465341 -0.52457422 -0.57464868
 -0.56940651 -0.37797734 -0.28441805 -0.25336474 -0.10159148  0.08809523
  0.38901219  0.71782815  1.0224272   1.27386749  1.45313025  1.55324769
  1.60173178  1.5979532   1.58961463  1.59648514  1.61734295  1.6145395
  1.61749578  1.621369    1.62268782  1.62004459  1.61817551  1.62019193
  1.61662197  1.61820424  1.61816061  1.60980415  1.61071181  1.60345566
  1.5966717   1.58801758  1.5793525   1.56453836  1.55356562  1.53790987]
[ 1.57525039  1.55929804  1.53582835  1.50675976  1.46733344  1.41439211
  1.35061824  1.26698089  1.1572504   1.02627873  0.88015652  0.71611291
  0.55217367  0.36989665  0.23506491  0.10144509 -0.01404925 -0.13710037
 -0.25136068 -0.33934271 -0.41645804 -0.47848168 -0.53291523 -0.5800519
 -0.61196023 -0.63728797 -0.65451545 -0.66374433 -0.66641122 -0.66287428
 -0.65811676 -0.6502533  -0.64125645 -0.63163728 -0.62534595 -0.62254697
 -0.62425458 -0.62979853 -0.64481193 -0.66926014 -0.70159101 -0.73920983
 -0.78246742 -0.8249988  -0.86187518 -0.89232808 -0.91609412 -0.93319666
 -0.94401509 -0.94977647 -0.9527691  -0.9523527  -0.94893765 -0.940974
 -0.92736256 -0.9128862  -0.89697748 -0.88143152 -0.86737078 -0.85818332]
[-1.56528425 -1.56252956 -1.55965233 -1.55475748 -1.5482583  -1.53722501
 -1.520118   -1.49490166 -1.46581173 -1.43600559 -1.40554142 -1.37442458
 -1.34448004 -1.31486022 -1.28489137 -1.24905932 -1.20465362 -1.14851069
 -1.07967794 -0.99683124 -0.91273952 -0.82679188 -0.73676026 -0.64063168
 -0.53910679 -0.43341923 -0.31856328 -0.18361987 -0.0424472   0.10032954
  0.19834423  0.27342829  0.36282727  0.44403064  0.54599565  0.62999135
  0.70886052  0.7834053   0.84508055  0.87953854  0.88819826  0.8926186
  0.88140339  0.85766363  0.83522886  0.81341398  0.80623728  0.80311847
  0.8042326   0.80201167  0.79633677  0.79824185  0.79601604  0.79692721
  0.79577744  0.79387927  0.79174471  0.79109025  0.79115695  0.79127282]
[-0.6310364  -0.61955625 -0.59946179 -0.56847948 -0.54005337 -0.48680022
 -0.39666018 -0.33737159 -0.1798611  -0.04542632  0.13020729  0.31027356
  0.48224583  0.65605825  0.82285839  0.99081886  1.15443945  1.3058598
  1.4418776   1.56083667  1.65671992  1.72897339  1.77798009  1.81214845
  1.83195424  1.84511006  1.8527565   1.85702491  1.86083853  1.86369753
  1.86546242  1.86620343  1.86740911  1.86780298  1.86653686  1.86585605
  1.86380112  1.85988939  1.85327935  1.84222519  1.82299745  1.79279113
  1.74677896  1.6849761   1.60540259  1.51029515  1.40328622  1.28088319
  1.1533581   1.0159874   0.87612194  0.73056555  0.58152366  0.42332575
  0.26213574  0.10784448 -0.04497983 -0.1875969  -0.3178387  -0.43061528]
[-2.15978408 -2.12558937 -2.04563522 -1.95185673 -1.82357895 -1.70703137
 -1.61416781 -1.54873896 -1.48951936 -1.43383598 -1.38232374 -1.33560681
 -1.28747737 -1.24377167 -1.20992124 -1.15281248 -1.0541203  -0.89070404
 -0.71288353 -0.57115453 -0.53464043 -0.57143873 -0.71035081 -0.89907885
 -1.1595279  -1.41580093 -1.77355683 -2.22346497 -2.6710031  -3.13551831
 -3.60080838 -4.00821733 -4.28338337 -4.35429811 -4.30717945 -4.20412111
 -4.04352903 -3.74680448 -2.98087215 -2.11176252 -1.66116261 -1.26961017
 -1.01422548 -0.46312577  0.36653093  1.32913375  2.24527383  2.99615335
  3.46028566  3.60616136  3.50638866  3.18335938  2.83498669  2.63660622
  2.54248667  2.51734138  2.4699378   2.44782281  2.40555668  2.40739775]
[-0.43760014 -0.40676835 -0.38518554 -0.36482254 -0.34195313 -0.33410195
 -0.3416687  -0.35359436 -0.36305943 -0.3713719  -0.37429568 -0.37164715
 -0.37065861 -0.38152939 -0.38169491 -0.31361511 -0.15330814 -0.14588426
 -0.01972064  0.09206642  0.29499587  0.54255795  0.81680828  1.07245696
  1.28408396  1.44077754  1.56010401  1.62478459  1.65716493  1.67875314
  1.71033478  1.72046459  1.73311484  1.74022686  1.74273062  1.74174523
  1.74295783  1.74298275  1.74192786  1.7444396   1.74523783  1.73852181
  1.74264431  1.73552263  1.72970593  1.72531521  1.72295272  1.71268177
  1.69650519  1.67668116  1.66012597  1.63600111  1.61648321  1.59423327
  1.55246794  1.49563277  1.41978884  1.33672941  1.25205684  1.16877377]
[ 1.16857708  1.30398548  1.42970192  1.53386283  1.61195159  1.65963495
  1.69694781  1.71321535  1.72740757  1.74493313  1.75322056  1.7614727
  1.76690054  1.76862979  1.76907134  1.77271724  1.77376795  1.77688527
  1.77726114  1.77515078  1.7738179   1.77133441  1.76865542  1.76401138
  1.76230395  1.75341737  1.74554837  1.73327935  1.71325254  1.69134009
  1.66573083  1.62382996  1.55336094  1.45321131  1.30609024  1.13435543
  0.93583727  0.70894545  0.48336241  0.27463916  0.12471272 -0.00711811
 -0.1057683  -0.20961723 -0.29577518 -0.3432427  -0.37833035 -0.39423034
 -0.41114819 -0.42340994 -0.43137288 -0.43309745 -0.43154404 -0.42737821
 -0.41733614 -0.40906718 -0.39853188 -0.38644472 -0.37249124 -0.36013779]
[-1.35242903 -1.34393477 -1.33123267 -1.32030976 -1.30796039 -1.2961762
 -1.2876581  -1.28517663 -1.28103459 -1.27459288 -1.26346242 -1.24653625
 -1.21984863 -1.18241775 -1.13596129 -1.07237959 -0.99206901 -0.89933461
 -0.81748295 -0.76185012 -0.7514382  -0.78177714 -0.8619535  -0.97557443
 -1.11216354 -1.25404978 -1.41288459 -1.58060992 -1.7138865  -1.81641984
 -1.91451681 -1.98884237 -2.01221108 -1.96809494 -1.8532722  -1.66677392
 -1.39111578 -1.06164312 -0.74964225 -0.43175703  0.01131281  0.30134618
  0.39936078  0.68943846  0.80731922  1.06478107  1.2998184   1.50290966
  1.64765346  1.7140981   1.72431791  1.69573033  1.62129962  1.52090859
  1.41189361  1.32345629  1.27803075  1.23481655  1.20097625  1.18215239
  1.16377401  1.15820682  1.14553356  1.13996708  1.13957131  1.13705599
  1.13426435  1.13271403  1.12911057  1.12982833  1.12050545  1.12570584
  1.12669206  1.13531172  1.15859663  1.1689589   1.19833827  1.24941754
  1.31154597  1.38468516  1.44888568  1.5129844   1.55112529  1.59043884
  1.62679577  1.66410601  1.66439784  1.72049284  1.81087053  1.96015131]
[ 0.59541488  0.90917945  0.98496556  1.18029487  1.349738    1.50509608
  1.67714822  1.82306874  1.9274087   1.97551799  1.95806718  1.88079286
  1.76412511  1.63319874  1.5239445   1.42796922  1.35608089  1.29712427
  1.24424195  1.19959199  1.16007721  1.1291616   1.10586059  1.08644819
  1.07575512  1.06783319  1.05914235  1.05592835  1.04619741  1.03818524
  1.03141999  1.01981926  1.00997758  1.00222754  0.99904275  0.9981522
  1.00184453  1.00889993  1.01508522  1.02268124  1.0232935   1.01546562
  1.01444042  1.0229491   1.03192687  1.07673252  1.12462819  1.20111322
  1.29741859  1.37618601  1.45582485  1.52147985  1.57474649  1.6016171
  1.61534715  1.60147917  1.56317437  1.49815273  1.40302932  1.28005171
  1.13553894  0.97241092  0.7963829   0.60344547  0.41045833  0.22626157
  0.05022689 -0.10997272 -0.2482693  -0.37550068 -0.48305634 -0.57413316
 -0.65738487 -0.72659004 -0.78714848 -0.84008592 -0.88159615 -0.91274679
 -0.93537772 -0.9498173  -0.95614457 -0.96092767 -0.95977056 -0.96040606
 -0.95866078 -0.95691013 -0.95887828 -0.96689624 -0.97547418 -0.98473847]
[-0.65463191 -0.59457296 -0.54952991 -0.52771354 -0.53143913 -0.5587166
 -0.60606587 -0.65671211 -0.69327939 -0.69580942 -0.64230603 -0.53660667
 -0.39332962 -0.11857909  0.12601328  0.38861117  0.64148593  0.86588347
  1.10273135  1.32749867  1.55244327  1.77465999  1.98415756  2.15570402
  2.25448394  2.29951239  2.285851    2.17793036  2.0408051   1.89649224
  1.77046406  1.64079583  1.53787649  1.44765997  1.36850226  1.31280863
  1.27289796  1.24231577  1.22241199  1.20706165  1.1951834   1.17957902
  1.176458    1.16941917  1.15952039  1.14691055  1.13471067  1.11892104
  1.10361516  1.09112859  1.08291221  1.08268738  1.08204699  1.08790004
  1.09771335  1.10891759  1.11669445  1.12404323  1.13524818  1.15979624
  1.20594585  1.26303983  1.35253775  1.46539676  1.57540202  1.67737222
  1.76416385  1.83937573  1.88381135  1.91319513  1.91032672  1.87553108
  1.8027426   1.68838191  1.52904284  1.33997476  1.11620104  0.875476
  0.60789448  0.34260947  0.08986799 -0.15653805 -0.37891364 -0.55786163
 -0.71126878 -0.83314323 -0.91760802 -0.98317528 -1.02523291 -1.05110824]
[ 1.45107293  1.55314231  1.57599485  1.62610865  1.689623    1.74285567
  1.78144193  1.79243219  1.75236559  1.67194414  1.56128478  1.45150387
  1.35545218  1.28493214  1.23557842  1.20794022  1.19576275  1.18488324
  1.17503369  1.16589534  1.16141891  1.15673864  1.15447474  1.15090609
  1.14798224  1.14699793  1.14645672  1.14295268  1.14005578  1.13282478
  1.12587571  1.11049306  1.10186124  1.09485924  1.09451771  1.09841621
  1.10836768  1.12146342  1.13290429  1.14484823  1.15505612  1.16607857
  1.17399287  1.20006371  1.20482111  1.21400511  1.22100234  1.21669722
  1.20824027  1.17398369  1.1180948   1.03652859  0.94259989  0.82366502
  0.68253273  0.52899849  0.36801511  0.20583132  0.05235786 -0.09378044
 -0.23054546 -0.34736979 -0.44303411 -0.51630914 -0.57083851 -0.61188185
 -0.63979733 -0.65726835 -0.67399591 -0.69733578 -0.72708791 -0.7625221
 -0.8030706  -0.84517509 -0.88400888 -0.91665417 -0.94078559 -0.9591369
 -0.97326118 -0.98654598 -1.00120902 -1.02062225 -1.04182887 -1.0626905
 -1.08392203 -1.10850894 -1.13437378 -1.1580956  -1.18135262 -1.20117545]
[-1.42547607 -1.39695716 -1.36386418 -1.32841694 -1.29048169 -1.25439358
 -1.22180581 -1.19052994 -1.15108001 -1.10456419 -1.04750991 -0.9813301
 -0.90669465 -0.82553017 -0.74288428 -0.65993619 -0.56955343 -0.4763723
 -0.38944077 -0.28801742 -0.17518923  0.00831328  0.18745525  0.30374613
  0.43163857  0.56034249  0.66996521  0.79972035  0.94217998  1.04770613
  1.16448689  1.28665125  1.37666345  1.42409158  1.45419979  1.43463767
  1.39519346  1.32846975  1.24841213  1.17609966  1.12870038  1.08793437
  1.05456984  1.02235019  0.997904    0.96267456  0.93407458  0.90080887
  0.87282622  0.84919757  0.83708531  0.82516438  0.81659198  0.80878049
  0.8020342   0.79178113  0.78181368  0.77932543  0.77926773  0.78188932
  0.78877544  0.79776961  0.80871308  0.81938928  0.82414031  0.82542783
  0.81232107  0.81211126  0.81252265  0.82293963  0.8344937   0.87467319
  0.934434    1.00104117  1.06363225  1.11779821  1.1603508   1.19142187
  1.20708013  1.20763803  1.19557059  1.17704749  1.14084232  1.1073879
  1.06743324  1.02158272  0.97706509  0.92116147  0.85228717  0.78202152]
[-3.59850258e-01 -2.70245403e-01 -1.78877220e-01 -4.36765216e-02
  1.13652527e-01  2.93455154e-01  4.70977634e-01  6.45895600e-01
  8.19887042e-01  9.88408267e-01  1.14541650e+00  1.29971933e+00
  1.43971694e+00  1.56161392e+00  1.65920877e+00  1.73346508e+00
  1.78473735e+00  1.81719768e+00  1.83871424e+00  1.85075128e+00
  1.85704625e+00  1.86215949e+00  1.86557114e+00  1.86804628e+00
  1.86996865e+00  1.87173772e+00  1.87230790e+00  1.87253726e+00
  1.87209368e+00  1.87092292e+00  1.86960340e+00  1.86610401e+00
  1.86101878e+00  1.85222673e+00  1.83695149e+00  1.81138921e+00
  1.77292156e+00  1.71789169e+00  1.64546895e+00  1.55535233e+00
  1.45135665e+00  1.33350646e+00  1.20400596e+00  1.06390834e+00
  9.16937709e-01  7.69076943e-01  6.10893011e-01  4.51121360e-01
  2.97625810e-01  1.42814979e-01  5.14618936e-04 -1.40367016e-01
 -2.62167275e-01 -3.68054837e-01 -4.53461587e-01 -5.22630274e-01
 -5.74827194e-01 -6.13395452e-01 -6.36525333e-01 -6.50458038e-01
 -6.56302512e-01 -6.56622469e-01 -6.53218389e-01 -6.46856368e-01
 -6.39955759e-01 -6.32862329e-01 -6.24524415e-01 -6.15939796e-01
 -6.07994199e-01 -6.00939572e-01 -5.94622135e-01 -5.90952933e-01
 -5.91536760e-01 -5.96416235e-01 -6.05689466e-01 -6.18474126e-01
 -6.33327663e-01 -6.50277615e-01 -6.65395379e-01 -6.79045022e-01
 -6.88261330e-01 -6.94291234e-01 -6.98034585e-01 -7.00398862e-01
 -7.01605439e-01 -7.01787651e-01 -7.00905740e-01 -6.98384225e-01
 -6.94366932e-01 -6.89232111e-01]
[-0.8859697  -0.886814   -0.87814015 -0.87086421 -0.86108917 -0.85319436
 -0.8493889  -0.85085124 -0.84932178 -0.84695363 -0.84328097 -0.83759141
 -0.83030289 -0.8205471  -0.81087792 -0.7911219  -0.76051992 -0.71304363
 -0.66328532 -0.63060719 -0.63698024 -0.67369223 -0.75015157 -0.85269314
 -0.97939867 -1.1013031  -1.24333405 -1.39804494 -1.5393759  -1.6740495
 -1.80734432 -1.92256153 -2.00009036 -2.02375007 -1.99822283 -1.92779052
 -1.8409152  -1.64598012 -1.47218442 -1.14339054 -0.74330497 -0.49825093
 -0.23616092  0.03853014  0.3120397   0.70181221  1.07715559  1.41317689
  1.66787481  1.83958411  1.93743122  1.96404982  1.92835569  1.88915575
  1.85081863  1.83611095  1.82026744  1.81440234  1.80155694  1.80419803
  1.79630411  1.79317045  1.79064453  1.78890526  1.78685975  1.78328764
  1.78246903  1.77629483  1.77179575  1.76478636  1.7509166   1.7397691
  1.71732962  1.68899107  1.662678    1.61960697  1.58357871  1.56026673
  1.51217723  1.45522869  1.36943328  1.27954817  1.18548334  1.09132648
  0.98810613  0.88926679  0.8369478   0.80462623  0.79109228  0.80342674]
[-0.99149024 -0.9778108  -0.93699306 -0.81195062 -0.6766575  -0.48896891
 -0.24346279  0.07470967  0.31793952  0.58270651  0.81656718  1.04365182
  1.2545985   1.47997785  1.6998173   1.90985918  2.08098531  2.20323849
  2.26113677  2.25674295  2.16228962  2.02887845  1.87964869  1.74293792
  1.61290359  1.50613487  1.41876459  1.3455776   1.29866731  1.2652458
  1.24028707  1.22285771  1.21307051  1.20599151  1.1975503   1.18555176
  1.18092191  1.17373562  1.16101229  1.15181649  1.13869584  1.12664187
  1.11505449  1.10491765  1.09964371  1.10172248  1.10506165  1.11432445
  1.12647784  1.13504326  1.14323246  1.15537679  1.17877018  1.21786475
  1.27181363  1.33810723  1.43439388  1.53396595  1.61964893  1.69547486
  1.76932585  1.82207394  1.85265028  1.85179245  1.82620382  1.75806069
  1.6487906   1.50132656  1.32039368  1.10334885  0.86561567  0.61347431
  0.35412344  0.11893281 -0.10327344 -0.29179591 -0.4488523  -0.56626427
 -0.65539664 -0.70469606 -0.73945427 -0.75191206 -0.75047052 -0.74266648
 -0.73625696 -0.72531116 -0.71671504 -0.70815092 -0.70325637 -0.70502752]
[ 0.58691043  0.77414554  0.94415116  1.10356319  1.25500846  1.39694881
  1.52661216  1.6207155   1.69138551  1.74039817  1.77533758  1.79586744
  1.80759835  1.81578207  1.82200611  1.82315481  1.8253386   1.82588053
  1.82801187  1.82936454  1.83011103  1.83166087  1.83105171  1.82912958
  1.82656038  1.82364833  1.81867349  1.81090057  1.79794466  1.77734458
  1.74635959  1.70179558  1.6467576   1.58079493  1.49813044  1.40126896
  1.29093659  1.16489708  1.02940452  0.87634629  0.71551144  0.53651625
  0.37855616  0.21879189  0.08615015 -0.03765922 -0.1607471  -0.26528773
 -0.3464376  -0.41548219 -0.46990681 -0.51161402 -0.54322606 -0.56854808
 -0.58507079 -0.5968653  -0.60367346 -0.6057117  -0.6030727  -0.59725034
 -0.58832282 -0.57660365 -0.56427532 -0.55226964 -0.54272431 -0.53770685
 -0.54026878 -0.54926074 -0.56763864 -0.59294486 -0.62465274 -0.65819669
 -0.68951565 -0.71543109 -0.7351889  -0.74977821 -0.76108211 -0.76870602
 -0.77347535 -0.77443284 -0.77265573 -0.76744604 -0.76133269 -0.75364888
 -0.74312294 -0.73451453 -0.7261585  -0.71759516 -0.70998108 -0.70632988]
[-0.99695921 -0.92989022 -0.84522152 -0.75435168 -0.65897328 -0.5677886
 -0.48171097 -0.42370617 -0.37966371 -0.32261959 -0.25068489 -0.17073674
 -0.08681326  0.00757006  0.19939157  0.3389706   0.40776885  0.52624261
  0.62481654  0.73554862  0.88291872  1.01680589  1.13543534  1.27498448
  1.41575348  1.50577366  1.56928408  1.57800663  1.56170022  1.50173616
  1.42390585  1.35094857  1.29472399  1.25276875  1.21995604  1.1756624
  1.1461339   1.12113822  1.09879553  1.07409823  1.05543625  1.02478242
  0.99283868  0.96256161  0.93175691  0.90161854  0.88395745  0.86923146
  0.85958952  0.85596031  0.8519119   0.85384065  0.86131608  0.87121719
  0.88877547  0.90585268  0.91609842  0.92502427  0.9184795   0.90788031
  0.90806991  0.90623271  0.92702913  0.94843084  1.01081491  1.07643676
  1.15389311  1.21739233  1.25829005  1.29113483  1.31135356  1.32350326
  1.32999802  1.32766306  1.31530857  1.2765888   1.22480619  1.163167
  1.09199393  0.99491006  0.89687639  0.79838496  0.69585347  0.61147475
  0.51190865  0.41020808  0.30804428  0.20411301  0.09220878 -0.01522203]
[-0.71511286 -0.69958836 -0.68353605 -0.66540033 -0.64865518 -0.62974274
 -0.6082828  -0.57990599 -0.54315645 -0.49321529 -0.46259001 -0.36609551
 -0.34588224 -0.19617116 -0.09114228  0.0813878   0.22713462  0.41336477
  0.58544904  0.76513517  0.94056374  1.10468602  1.25551009  1.38898551
  1.50647974  1.60025656  1.67466354  1.72974741  1.76950788  1.79757082
  1.81493115  1.82456267  1.8303684   1.83320606  1.83617711  1.83829176
  1.83932745  1.8412571   1.8411473   1.84080577  1.8404547   1.83898795
  1.83599806  1.83182669  1.82530689  1.81424224  1.79696858  1.76999092
  1.73019981  1.67752814  1.60977423  1.52982473  1.43149221  1.32430661
  1.2033236   1.08203995  0.95081449  0.82160395  0.67057055  0.52305621
  0.38135454  0.23764886  0.10659578 -0.02643704 -0.14273795 -0.24212885
 -0.32283747 -0.38823029 -0.4416323  -0.48159489 -0.51149362 -0.53385901
 -0.55002356 -0.56256729 -0.57287532 -0.58081168 -0.58600849 -0.5892871
 -0.58859605 -0.5848822  -0.57930821 -0.57325739 -0.56740701 -0.56390512
 -0.56474721 -0.57087916 -0.58339763 -0.59885448 -0.61768287 -0.63679385]
[-0.71301287 -0.71255863 -0.71158189 -0.71126008 -0.71129978 -0.7113272
 -0.7108919  -0.70876294 -0.70302129 -0.69206333 -0.67920583 -0.66371453
 -0.64819551 -0.63280565 -0.61931592 -0.60518783 -0.59190214 -0.576527
 -0.56506205 -0.55846244 -0.55731547 -0.56252688 -0.58011574 -0.60625452
 -0.63673651 -0.66535103 -0.68773937 -0.69717735 -0.68071741 -0.65711129
 -0.58763009 -0.51266468 -0.38349488 -0.21525161 -0.06426371  0.10810657
  0.3192029   0.51364559  0.73532683  0.94160771  1.12533033  1.28220999
  1.41733599  1.53499711  1.62021804  1.68636334  1.73214841  1.76586306
  1.78899646  1.80252719  1.812832    1.81737566  1.81861508  1.82081449
  1.82149458  1.82390392  1.82471621  1.82415652  1.82254589  1.82321846
  1.82020342  1.81707144  1.81345749  1.80733204  1.79608285  1.77958775
  1.75651956  1.72226775  1.67600381  1.61661494  1.5480752   1.46429598
  1.36832154  1.25857806  1.14491296  1.02445781  0.90034163  0.75499529
  0.6122371   0.46502283  0.3383953   0.20750141  0.08455457 -0.0285897
 -0.12616475 -0.20351435 -0.26943964 -0.32456714 -0.36795697 -0.40187451]
[ 0.05659048  0.29428706  0.24894816  0.36961895  0.53325856  0.67723101
  0.82014304  0.95837796  1.08308423  1.23369777  1.37177873  1.51275408
  1.62039995  1.67155039  1.66838419  1.60988092  1.52327991  1.42538655
  1.35908318  1.3070811   1.26574433  1.21637273  1.18536317  1.16376448
  1.14103365  1.11619163  1.08941913  1.05721784  1.02342618  0.99029583
  0.96214914  0.92881638  0.91205072  0.89628148  0.8876121   0.88385028
  0.88284826  0.88799989  0.90037894  0.91156101  0.9235689   0.93856221
  0.95312089  0.96211618  0.9552027   0.96184129  0.95005292  0.96005315
  0.97810256  0.99784875  1.0277493   1.09913945  1.16024482  1.22772288
  1.27475572  1.30845129  1.32698631  1.34956288  1.36713886  1.3654933
  1.36000311  1.33668661  1.29405975  1.23757553  1.16922843  1.07721162
  0.9799118   0.86762416  0.75656015  0.64941567  0.53265637  0.4071202
  0.28267384  0.15552044  0.02244104 -0.1096708  -0.24037111 -0.3638117
 -0.47844276 -0.58490485 -0.68063062 -0.76909077 -0.8422429  -0.90557963
 -0.96095914 -1.01413906 -1.05614698 -1.08865607 -1.1114881  -1.13000095]
[-0.91904503 -0.94799483 -0.96158624 -0.97047597 -0.96228516 -0.94493532
 -0.92503732 -0.91009533 -0.90013975 -0.90473622 -0.90712225 -0.91611183
 -0.92015022 -0.91826087 -0.91734612 -0.90165049 -0.87116987 -0.81369323
 -0.75815445 -0.72084403 -0.73523128 -0.7972703  -0.91388994 -1.05890894
 -1.2413162  -1.42191827 -1.63163197 -1.85756981 -2.06269312 -2.24528408
 -2.39735126 -2.5176518  -2.58341885 -2.58221626 -2.54015923 -2.47996473
 -2.3820169  -2.22073269 -2.00315404 -1.71178222 -1.37867928 -1.02736306
 -0.76591271 -0.51343    -0.31614348  0.05841573  0.1765762   0.18884099
  0.31757554  0.35433736  0.59807968  0.89204389  1.20378077  1.46139765
  1.63359284  1.72306693  1.74366248  1.7243365   1.67591727  1.65786958
  1.65731907  1.67797709  1.69635391  1.70057631  1.70486057  1.70956504
  1.71127057  1.70376742  1.70980835  1.71345484  1.70783174  1.71344829
  1.71456587  1.70948803  1.72154713  1.70813191  1.70752466  1.71199107
  1.70859301  1.71664345  1.7313869   1.76023138  1.79963231  1.84763777
  1.85844409  1.86219227  1.83412588  1.79197085  1.75391936  1.71257269]
[-0.83060664 -0.75247043 -0.67885494 -0.6179722  -0.56811786 -0.52567959
 -0.48702881 -0.45562583 -0.42477417 -0.3944428  -0.37345928 -0.36374551
 -0.36097911 -0.3719323  -0.38041511 -0.38834229 -0.39196527 -0.36289632
 -0.30307424 -0.2141555  -0.08546887  0.16701214  0.33323082  0.561997
  0.77299976  0.97516125  1.19213998  1.38056147  1.56679249  1.76948786
  1.94281912  2.06223941  2.13086081  2.15284729  2.10327816  1.99821162
  1.87204254  1.75244617  1.63020766  1.52141237  1.43697691  1.36309755
  1.3088671   1.26813579  1.24266481  1.22470462  1.20954251  1.20084012
  1.18876529  1.18045986  1.17922592  1.16983831  1.1595763   1.15262973
  1.13921666  1.12927234  1.11659324  1.10712099  1.10540664  1.10333073
  1.10621798  1.11086559  1.1206727   1.12952709  1.13229311  1.14066958
  1.14936936  1.17879915  1.21998835  1.27417183  1.35765576  1.44700539
  1.5323801   1.60883665  1.67086709  1.71999347  1.74681401  1.75129223
  1.72918534  1.67668545  1.58875394  1.45867622  1.29196155  1.09640455
  0.87178874  0.62947655  0.36201629  0.10634134 -0.14873059 -0.39164931]
[-1.26893568 -1.2593261  -1.24758756 -1.23038518 -1.20811021 -1.17354143
 -1.12421679 -1.06278384 -0.9912228  -0.91733539 -0.84153622 -0.77273583
 -0.71638101 -0.66585428 -0.62201995 -0.5884338  -0.55593848 -0.52755791
 -0.50854081 -0.50751483 -0.53185076 -0.57743663 -0.63645792 -0.68799496
 -0.71271712 -0.69439185 -0.61551642 -0.48633614 -0.30884352 -0.05803531
  0.19813828  0.42242017  0.64921445  0.84305096  1.04435563  1.24463427
  1.41878641  1.59740651  1.72252488  1.83687282  1.90880775  1.90039277
  1.84521294  1.74612224  1.64088595  1.53539646  1.43929148  1.35287702
  1.27190232  1.21779871  1.18136251  1.15831912  1.14117885  1.12844074
  1.11946893  1.10887539  1.09976077  1.0919162   1.09011674  1.08667326
  1.08095527  1.07376397  1.06267762  1.05059457  1.03862798  1.02727807
  1.01751781  1.01147258  1.00585473  1.00086093  0.99655068  0.9978922
  1.00646448  1.02041233  1.04400301  1.08300138  1.13226426  1.19019473
  1.24056196  1.28728116  1.3282069   1.38145936  1.42336893  1.48812342
  1.52842534  1.56989765  1.59700084  1.58444273  1.53562343  1.45619798]
[ 1.42330229  1.42998564  1.44071257  1.44308317  1.43556511  1.42057621
  1.39209974  1.34787774  1.29667735  1.25159562  1.21845591  1.20092821
  1.18670261  1.18102753  1.17848706  1.17336547  1.17154109  1.1692555
  1.16807485  1.16788745  1.16742635  1.16909659  1.16834128  1.1670078
  1.16557455  1.16525996  1.16338563  1.15923059  1.15593016  1.1532948
  1.14865923  1.14670873  1.14682758  1.15167904  1.15115952  1.1442492
  1.12450385  1.09358943  1.04651403  0.97306722  0.88172209  0.76589257
  0.6524002   0.5382638   0.4296051   0.31395346  0.19978312  0.07830168
 -0.03043567 -0.13668953 -0.24390376 -0.34667775 -0.4452779  -0.5348596
 -0.61238837 -0.67787963 -0.73327291 -0.77260065 -0.79808354 -0.81106037
 -0.81758344 -0.81626964 -0.81181955 -0.8054117  -0.80207294 -0.80570322
 -0.8167578  -0.83366442 -0.86031079 -0.89340764 -0.92999166 -0.96752667
 -1.007388   -1.043118   -1.07545435 -1.10192919 -1.12902391 -1.15080369
 -1.16954434 -1.17983353 -1.18482423 -1.18513513 -1.18376589 -1.17862248
 -1.17048419 -1.16081381 -1.15073991 -1.13800454 -1.12399137 -1.11554253]
[ 0.02507241  0.11147071  0.15419181  0.190494    0.21431312  0.23070771
  0.24926503  0.26742104  0.29211056  0.33130851  0.38877216  0.4578439
  0.47934344  0.52111363  0.57397628  0.63557124  0.72061384  0.81010783
  0.90798563  1.00374687  1.08798778  1.15157127  1.19587564  1.20765615
  1.19664311  1.16822541  1.11999345  1.07183957  1.03186858  1.00371659
  0.97563148  0.95570517  0.92757905  0.90894383  0.89409238  0.87993091
  0.86485738  0.84945416  0.83319664  0.81711203  0.79666471  0.78386855
  0.7694388   0.75940251  0.75202608  0.75279057  0.75149196  0.75690073
  0.76184779  0.77431852  0.78590983  0.79759538  0.80720741  0.81550962
  0.81760395  0.80911011  0.81250608  0.81020182  0.82948047  0.83513546
  0.87128097  0.90002787  0.9416225   0.97251397  0.98925442  1.00144684
  1.0087918   1.01379025  1.01297808  1.01051807  0.99819463  0.96840763
  0.93292725  0.89177519  0.84155643  0.78015786  0.71146667  0.64845902
  0.58174968  0.53017795  0.48305625  0.43195996  0.38060445  0.32788724
  0.26741409  0.20630032  0.13613644  0.06435801 -0.00597431 -0.07718973]
[-0.72078985 -0.71277928 -0.70535421 -0.69966179 -0.6906271  -0.67987382
 -0.66487527 -0.63983506 -0.60682631 -0.57418102 -0.53995657 -0.5072329
 -0.46793002 -0.42109054 -0.36789879 -0.30969158 -0.24817431 -0.21358079
 -0.1533203  -0.04170999  0.0569103   0.16253826  0.27564627  0.42808393
  0.58372599  0.78326869  0.96722776  1.14242065  1.29882658  1.4325608
  1.54710793  1.63525474  1.69401848  1.73759913  1.76599085  1.78816283
  1.8027333   1.81151199  1.81687438  1.81985903  1.8201896   1.82156146
  1.82441843  1.8252387   1.82659173  1.82693481  1.82605994  1.82359242
  1.82077265  1.81910336  1.81288111  1.80285561  1.78664243  1.76349533
  1.73189867  1.68745339  1.63373423  1.57612526  1.50088704  1.41346192
  1.31037486  1.19915259  1.08627963  0.9674204   0.81883377  0.68820012
  0.53568459  0.42705935  0.29903445  0.18203177  0.06239197 -0.04154883
 -0.13127977 -0.21380149 -0.29125461 -0.36094341 -0.42224774 -0.47704351
 -0.52469993 -0.56643033 -0.60340279 -0.63413876 -0.65615833 -0.67590642
 -0.68286729 -0.68418407 -0.68145072 -0.67283279 -0.6635958  -0.65790844]
[ 1.44514239  1.53184557  1.60090256  1.65297711  1.69115448  1.71590304
  1.73458886  1.74374628  1.74911606  1.75089562  1.75234306  1.75313687
  1.75401294  1.75468409  1.75501847  1.75327015  1.75207305  1.74972558
  1.74535275  1.73828924  1.72674274  1.71059072  1.68911135  1.65633535
  1.61191678  1.55697501  1.48611856  1.39748549  1.29995     1.17965949
  1.05425954  0.9198097   0.77889556  0.63546604  0.48766544  0.33690563
  0.18935232  0.05581362 -0.08201654 -0.20169714 -0.31093401 -0.40011987
 -0.46621832 -0.5245502  -0.56109232 -0.58815986 -0.60314673 -0.61325204
 -0.61895126 -0.62468654 -0.62740964 -0.63029325 -0.63137108 -0.63279551
 -0.63163835 -0.62976468 -0.62649029 -0.62380028 -0.62048984 -0.62021941
 -0.62442535 -0.63278621 -0.64734375 -0.6667003  -0.68983448 -0.7125935
 -0.73394543 -0.74998647 -0.76062477 -0.76708883 -0.77032411 -0.77281672
 -0.77452046 -0.77577204 -0.7757203  -0.77588272 -0.77459753 -0.77320981
 -0.77169782 -0.76932186 -0.76651603 -0.76471567 -0.76350534 -0.76235247
 -0.76174468 -0.76074171 -0.75906807 -0.7567609  -0.75456834 -0.75265861]
[-0.63811094 -0.63389701 -0.62145376 -0.59582114 -0.55262899 -0.51138884
 -0.42570266 -0.35825989 -0.20819421 -0.0775923   0.11616527  0.29444334
  0.47033453  0.64131987  0.81583178  0.9866603   1.15373015  1.30766296
  1.44900477  1.57032073  1.66898489  1.74276006  1.79016399  1.8191787
  1.83784044  1.84968948  1.85676312  1.86196339  1.86554432  1.86897659
  1.87057602  1.87155223  1.87245929  1.87245905  1.87183535  1.87116754
  1.86829042  1.86416495  1.8564316   1.84351122  1.82197022  1.78643632
  1.73749971  1.66598189  1.5804702   1.47628975  1.3611325   1.23710501
  1.10506737  0.96853924  0.83174455  0.69169325  0.54518527  0.38824192
  0.23313469  0.07094736 -0.08318295 -0.2316117  -0.36146387 -0.47170687
 -0.56259012 -0.63465661 -0.68563926 -0.71828359 -0.73475081 -0.73954022
 -0.73647243 -0.72700459 -0.71479386 -0.70093745 -0.68823332 -0.67640817
 -0.66627961 -0.65681797 -0.64881545 -0.6418761  -0.6369471  -0.63406438
 -0.63398588 -0.63743085 -0.64279324 -0.65104508 -0.65938133 -0.66659689
 -0.67295724 -0.67603731 -0.67669541 -0.67457604 -0.6718272  -0.6693939 ]
[-0.64339459 -0.63819087 -0.63409281 -0.63100064 -0.62695628 -0.62143815
 -0.61650115 -0.61224598 -0.60895431 -0.60427749 -0.59743941 -0.58750749
 -0.57226378 -0.55244267 -0.52852434 -0.50500083 -0.48279038 -0.46370143
 -0.44567695 -0.42831475 -0.41038579 -0.38736761 -0.35765886 -0.32644102
 -0.27166957 -0.25216374 -0.11370975 -0.05563221  0.10535078  0.24819066
  0.41310316  0.60324484  0.77777296  0.94970644  1.1087178   1.25531983
  1.38784111  1.50319135  1.6000452   1.67877007  1.7382915   1.78078425
  1.8099848   1.82604742  1.83484912  1.8396827   1.84316742  1.8462503
  1.84807384  1.84971869  1.85082114  1.85164809  1.85171044  1.85059714
  1.84862685  1.84690666  1.84273899  1.83642673  1.82540262  1.80678594
  1.78158486  1.74016857  1.68573177  1.61419511  1.52773607  1.42563403
  1.3115263   1.18618333  1.05732155  0.92457151  0.78532654  0.6371063
  0.48819402  0.3383238   0.18779257  0.04830695 -0.09139811 -0.21540669
 -0.32431567 -0.41742226 -0.49555185 -0.5603677  -0.61116183 -0.6508072
 -0.6800124  -0.70335633 -0.72108459 -0.73299342 -0.74211091 -0.7468707 ]
