[ 1.32710135  1.14527142  0.91305196  0.63446283  0.39327973  0.11706712
 -0.04258832 -0.12876587 -0.1738998  -0.23626965 -0.29165664 -0.30163467
 -0.30380434 -0.29632634 -0.31039995 -0.33239898 -0.35301697 -0.37865034
 -0.40133628 -0.4141643  -0.42166892 -0.42429504 -0.42195889 -0.41480079
 -0.40009671 -0.38670093 -0.37628084 -0.36100468 -0.34676269 -0.34540883]
[1.09124756 1.12931705 1.16842091 1.19965541 1.22606111 1.22624743
 1.20558929 1.1673063  1.12248695 1.07482016 1.02940559 1.00024891
 0.98710632 0.98165786 0.98546392 0.99132818 1.00842798 1.03545403
 1.07870436 1.14032316 1.20473588 1.26465702 1.3141712  1.32768154
 1.31822896 1.2794199  1.222278   1.11268008 1.01745284 0.89179051]
[-1.57032454 -1.53103364 -1.51699841 -1.52331853 -1.53768516 -1.55241621
 -1.56730604 -1.58255756 -1.59483814 -1.6052475  -1.61415923 -1.6175518
 -1.61753392 -1.6146673  -1.60754538 -1.59195852 -1.56708193 -1.51761568
 -1.44442821 -1.34697115 -1.23201013 -1.09844959 -0.95027876 -0.79279375
 -0.63475275 -0.48174813 -0.34761518 -0.23252936 -0.1480044  -0.0864625 ]
[-0.34249598 -0.29397625 -0.2503567  -0.2228127  -0.2111806  -0.21293457
 -0.24049713 -0.28379282 -0.32663077 -0.34834254 -0.34511003 -0.33475912
 -0.34130156 -0.40455186 -0.4596504  -0.45130274 -0.20345578 -0.16631688
 -0.23752065 -0.1328344   0.0109373   0.37200534  0.75218552  1.12197077
  1.42396295  1.59908128  1.69045603  1.67802072  1.59565473  1.5147053 ]
[ 1.7701391   1.76524496  1.76492846  1.75903821  1.75527728  1.7483362
  1.74312758  1.74342918  1.73355663  1.71688473  1.70655632  1.69216883
  1.66799927  1.63353658  1.58002353  1.47729063  1.32043266  1.11714065
  0.88490766  0.62158579  0.37468091  0.13027033 -0.0386504  -0.12742993
 -0.15423566 -0.20273058 -0.23437409 -0.21095632 -0.17602333 -0.12365699]
[-0.95160717 -0.86765653 -0.77526128 -0.66935825 -0.57407188 -0.48769027
 -0.42879972 -0.38408393 -0.33376846 -0.29496181 -0.26564744 -0.24801067
 -0.25937483 -0.29330614 -0.31497806 -0.32510766 -0.3029066  -0.28949162
 -0.30551618 -0.38705221 -0.50587851 -0.48486036 -0.29994214 -0.22879069
 -0.17837328 -0.06804562  0.09830461  0.44685864  0.87585282  1.32872176]
[-0.94794738 -0.94013709 -0.93388903 -0.92209458 -0.89714539 -0.85682416
 -0.79454947 -0.71616417 -0.63178396 -0.54630327 -0.46753082 -0.4052822
 -0.36063811 -0.32455039 -0.30298898 -0.27998546 -0.27688566 -0.28618827
 -0.30878922 -0.32837382 -0.34334925 -0.35797578 -0.38302228 -0.42989045
 -0.48815706 -0.5133673  -0.45944414 -0.33828041 -0.13564943  0.06016027]
[-0.27362114 -0.27001765 -0.27967566 -0.2240821  -0.05519364  0.00494647
  0.05741076  0.11577385  0.23718637  0.46361649  0.71379137  0.96301335
  1.16618538  1.29393518  1.35015523  1.33456266  1.27418852  1.19696391
  1.16419005  1.13138127  1.11409593  1.10223424  1.10190237  1.09054077
  1.0870769   1.08308733  1.07702935  1.0722146   1.07723355  1.07127655]
[ 1.36378694  1.37375331  1.36649394  1.34817863  1.27189744  1.15275264
  0.99845606  0.81070364  0.59166652  0.40749374  0.17857759  0.04922169
 -0.03069506 -0.11495499 -0.20857033 -0.28387198 -0.31892535 -0.35109568
 -0.37978852 -0.41068938 -0.44411975 -0.46972328 -0.49553779 -0.5114674
 -0.51781785 -0.52156878 -0.51884323 -0.51402479 -0.50552535 -0.49762952]
[1.59423268 1.65731502 1.66924381 1.65805519 1.64585876 1.67282212
 1.69744825 1.72368753 1.71961319 1.71883297 1.71747971 1.71821046
 1.70508111 1.70515931 1.70935166 1.7067647  1.70378816 1.70658803
 1.70283735 1.70609295 1.69903684 1.69656885 1.68974912 1.67727423
 1.67570007 1.68622565 1.69610679 1.72049558 1.76188552 1.78235054]
[-0.16649333  0.0078251  -0.18404946 -0.17935754 -0.09265972  0.10152869
  0.37036422  0.68523496  0.98448217  1.25099552  1.43460357  1.57311106
  1.64036012  1.67600965  1.69150352  1.71454799  1.73969102  1.76019502
  1.75336242  1.76510131  1.76100707  1.76597369  1.76012695  1.76183331
  1.76094043  1.75999284  1.75829816  1.75361276  1.75108135  1.74957645]
[ 1.08468163  1.07889211  1.0794946   1.07512271  1.0746721   1.07531035
  1.06810451  1.07049668  1.07417178  1.08848071  1.10005033  1.11560667
  1.15179968  1.19796777  1.23191369  1.26170564  1.25042784  1.17857075
  1.06084096  0.90209609  0.70386052  0.49936467  0.29590094  0.18310207
  0.11475829  0.08594847  0.02560873 -0.02131643 -0.03116638 -0.04582594]
[0.90781993 0.88878787 0.85827875 0.80673307 0.7450344  0.67416728
 0.60218388 0.52966094 0.45531744 0.39999717 0.33247226 0.314913
 0.32792306 0.35650179 0.40350044 0.47911575 0.57467592 0.66762102
 0.73355794 0.74872619 0.72014761 0.66500759 0.57997507 0.53221047
 0.47269955 0.45950821 0.45485869 0.43825719 0.42376205 0.43030301]
[-1.0682534  -1.05702853 -1.04320323 -1.02502739 -0.99480599 -0.94829977
 -0.87727648 -0.7791788  -0.65372312 -0.5050351  -0.33939204 -0.13053061
  0.023431    0.21029502  0.35186416  0.49368763  0.6164453   0.72312427
  0.8109163   0.88283932  0.93786305  0.97636497  1.00207174  1.01459658
  1.01508689  1.01357818  1.01357329  1.01063502  1.01123071  1.01158547]
[ 1.70268905  1.69814038  1.7010746   1.69938457  1.69540918  1.70580423
  1.7094599   1.6868211   1.64668238  1.53745306  1.36494243  1.14678335
  0.88933015  0.58352846  0.33554366  0.02400126 -0.11977754 -0.21084665
 -0.27776936 -0.34388396 -0.39286777 -0.36785123 -0.33002204 -0.27768216
 -0.23685294 -0.20271575 -0.16703443 -0.13732041 -0.11462124 -0.08842099]
[ 1.76250434  1.7646836   1.75925136  1.76487482  1.76828814  1.76639223
  1.76996601  1.76441181  1.76228082  1.75776792  1.75363863  1.74705541
  1.74571407  1.74886835  1.74184132  1.73218596  1.73609459  1.74195957
  1.74149942  1.72274137  1.67618906  1.57907522  1.41272545  1.20659852
  0.96779579  0.67894131  0.43589604  0.15273377 -0.00765211 -0.0778949 ]
[-0.87463319 -0.82304311 -0.7959609  -0.79056108 -0.7945953  -0.81092852
 -0.82953405 -0.84736377 -0.85722929 -0.86067301 -0.86121589 -0.85777444
 -0.85198331 -0.84438878 -0.83786833 -0.8321709  -0.83400339 -0.84432542
 -0.86116749 -0.88932419 -0.92476737 -0.96374297 -1.00321817 -1.04323888
 -1.08283651 -1.12311125 -1.15789771 -1.18741643 -1.21221006 -1.2216661 ]
[ 0.30238849  0.05235578 -0.01714406 -0.09207491 -0.16898708 -0.22597794
 -0.24430476 -0.25120077 -0.24116284 -0.25265914 -0.2720392  -0.29336208
 -0.32766178 -0.36671168 -0.39284489 -0.41556153 -0.43218863 -0.44219619
 -0.44288838 -0.4318777  -0.42008418 -0.40834761 -0.39053404 -0.37031701
 -0.35949776 -0.36925739 -0.4068217  -0.47737736 -0.57243103 -0.70017523]
[ 0.00925583 -0.04605268 -0.10421941 -0.15117157 -0.18504082 -0.25673836
 -0.32579941 -0.42838606 -0.4508234  -0.24801086 -0.19286479 -0.26705515
 -0.1575516  -0.01362809  0.33607015  0.70885891  1.07375455  1.38056767
  1.56279397  1.6780597   1.69640625  1.65393388  1.60331678  1.61380243
  1.60731447  1.60399199  1.59046781  1.6012634   1.58994007  1.58788252]
[-1.70150852 -1.84285533 -1.9810468  -2.12944078 -2.28216958 -2.42337275
 -2.52759957 -2.598948   -2.62000299 -2.61724615 -2.59301782 -2.57313085
 -2.52144623 -2.37123919 -2.0649724  -1.59716558 -1.65591192 -0.36339644
 -0.37782383  0.71037322  1.06566668  1.56093442  1.59901083  1.37641096
  1.04385591  0.71664357  0.47473606  0.3706274   0.4542174   0.59326988]
[ 1.03756964  1.03941643  1.04478872  1.05487561  1.067904    1.08349526
  1.1111021   1.13012552  1.13770115  1.11909497  1.06197941  0.9747268
  0.86029458  0.70772928  0.56645304  0.39072657  0.29493403  0.19655065
  0.11294676  0.01472338 -0.07726149 -0.1538247  -0.22555009 -0.30271944
 -0.38008052 -0.4580124  -0.52512974 -0.58504081 -0.63846034 -0.67335385]
[1.58607662 1.48089063 1.37550342 1.28772807 1.23071575 1.22897768
 1.21693146 1.21731043 1.19697261 1.19430745 1.19007885 1.18210077
 1.18021822 1.17130148 1.16906345 1.16271102 1.16199338 1.16754544
 1.1727165  1.18205452 1.20158112 1.22554302 1.25666261 1.29777074
 1.34525836 1.39027262 1.42660511 1.43263209 1.4148227  1.34851146]
[-1.57013059 -1.56832361 -1.56485784 -1.55995464 -1.55210018 -1.53939748
 -1.52101398 -1.49697745 -1.47158599 -1.44554412 -1.41781616 -1.3900001
 -1.36091006 -1.33020151 -1.29430473 -1.24797189 -1.18948698 -1.11875784
 -1.03486669 -0.94217569 -0.85146958 -0.76319319 -0.67117828 -0.57373458
 -0.47346768 -0.36562639 -0.23774038 -0.09853245  0.04653603  0.17461944
  0.23956539  0.34139806  0.40755877  0.50584602  0.59616786  0.67184162
  0.74037689  0.80590308  0.84882462  0.86474633  0.87359202  0.87256372
  0.85564071  0.83688235  0.81682152  0.80244577  0.79623282  0.79658437
  0.79487461  0.79059291  0.78980839  0.78908718  0.78744829  0.78823048
  0.78575683  0.78295392  0.78223783  0.78220701  0.78245324  0.78282416]
[ 1.36020696  1.35136127  1.34298444  1.33493078  1.31694341  1.2852658
  1.23353839  1.18431985  1.1404376   1.10915148  1.09096909  1.08025551
  1.07393765  1.0719012   1.06714451  1.06411886  1.06361485  1.06282032
  1.06401789  1.06296611  1.06149542  1.06005204  1.05758131  1.05749321
  1.05526674  1.05414891  1.05282795  1.04990065  1.05284464  1.05109107
  1.05313623  1.06836545  1.07460821  1.07172525  1.05352223  1.00350833
  0.92678314  0.82822812  0.70236158  0.56177253  0.42260391  0.30662781
  0.20802636  0.11807404  0.02307971 -0.07905702 -0.16443644 -0.24357109
 -0.32499665 -0.40557423 -0.48539293 -0.55843794 -0.62267607 -0.67859626
 -0.72266591 -0.75554401 -0.77927876 -0.79658741 -0.80651319 -0.81058085]
[-0.05346058  0.02251255  0.12589139  0.23923326  0.43222815  0.60580474
  0.79990381  0.98511672  1.15099525  1.32509696  1.48965526  1.68821621
  1.86413586  1.96924818  2.0153439   1.99126005  1.92729127  1.82074356
  1.69326901  1.57066929  1.45297015  1.3610785   1.29242861  1.25526929
  1.22772849  1.20048857  1.18220687  1.16749299  1.15756822  1.15300786
  1.14479804  1.13854373  1.13825881  1.13588023  1.12641895  1.11676788
  1.10692859  1.09130943  1.07647729  1.06200409  1.04819465  1.04114926
  1.03939652  1.04250765  1.06196809  1.09360564  1.13439798  1.18562329
  1.23137426  1.27360237  1.31407046  1.33871424  1.35838532  1.37441158
  1.43590903  1.52135813  1.63194704  1.7278527   1.80297136  1.83975971]
[ 1.50027001  1.49725664  1.49082005  1.48325884  1.46889675  1.45017278
  1.43052542  1.40502048  1.36704397  1.31134045  1.2236464   1.10929441
  0.97007495  0.80994451  0.62929946  0.46795133  0.27947843  0.14727713
  0.04648253 -0.06054799 -0.17645194 -0.27085027 -0.34347057 -0.40799955
 -0.46164298 -0.50969851 -0.55115902 -0.58279598 -0.6089375  -0.62662625
 -0.63707328 -0.64188933 -0.64375925 -0.64248002 -0.63957417 -0.63625979
 -0.63598728 -0.63448936 -0.63542068 -0.63833958 -0.65019095 -0.67375469
 -0.7072742  -0.74941599 -0.79900807 -0.85160893 -0.89755791 -0.9358952
 -0.96575826 -0.98674178 -1.00235116 -1.01323402 -1.02294087 -1.02830279
 -1.02755213 -1.02147174 -1.0058049  -0.98827755 -0.96928334 -0.94928682]
[-0.96966046 -0.92006034 -0.87294203 -0.83235037 -0.79400331 -0.75954682
 -0.7299816  -0.69730437 -0.67737502 -0.66537744 -0.64909011 -0.62725967
 -0.58842838 -0.53736067 -0.48094732 -0.43389106 -0.38821301 -0.27544308
 -0.12003713 -0.0529464   0.0538636   0.13138905  0.28354815  0.46247411
  0.64736605  0.82651103  0.97869235  1.08094466  1.14144456  1.15173745
  1.12830174  1.09847724  1.09202087  1.08345377  1.08264697  1.07642269
  1.07761419  1.07398784  1.07095635  1.06870902  1.06489563  1.0672946
  1.06637466  1.0635761   1.06382704  1.05845332  1.05709934  1.05268192
  1.05735993  1.05408502  1.05576098  1.05845892  1.06732035  1.08385634
  1.10338795  1.1346947   1.1592797   1.18598866  1.20177424  1.21263123]
[1.00917172 1.16979623 1.26123428 1.36174881 1.47348154 1.56678259
 1.62133431 1.61937034 1.55908561 1.47540796 1.35780156 1.23509681
 1.12793458 1.03203702 0.95748931 0.89913642 0.85286939 0.81338173
 0.77804667 0.75287527 0.72881883 0.71208531 0.69621879 0.67631167
 0.65777481 0.64492589 0.6292609  0.61843914 0.60467005 0.59519982
 0.58557564 0.57427704 0.57305241 0.57120055 0.57895207 0.5899958
 0.59831566 0.60720855 0.60919696 0.61399716 0.62097889 0.62422758
 0.63694149 0.69299591 0.74322122 0.84083003 0.94348419 1.024845
 1.10328615 1.1701448  1.21827424 1.24387574 1.25682414 1.25435865
 1.23070419 1.20344353 1.14465547 1.06159759 0.96670312 0.8619417 ]
[-0.45052239 -0.42014232 -0.39962935 -0.37849033 -0.35499844 -0.34527528
 -0.34667808 -0.35803059 -0.36890298 -0.37829214 -0.37907422 -0.37424159
 -0.38189602 -0.38947406 -0.41091996 -0.37232712 -0.18296967 -0.15591522
 -0.05423902  0.06396326  0.25531867  0.49308079  0.77440321  1.04165769
  1.2630825   1.43463278  1.56158125  1.63739002  1.67256594  1.69062436
  1.72288573  1.73182225  1.74622941  1.7511847   1.75578356  1.75523889
  1.75566673  1.75561893  1.75353801  1.75572467  1.75807071  1.7504847
  1.75474703  1.74807715  1.74298418  1.73694611  1.73594236  1.72683728
  1.71259272  1.69404256  1.67485583  1.64747286  1.62136281  1.5920912
  1.54587543  1.48960102  1.4113673   1.32670975  1.24342561  1.16419363]
[-1.79668605 -1.7656672  -1.71749473 -1.67229235 -1.62585306 -1.58238399
 -1.54690778 -1.52059293 -1.48991942 -1.45839667 -1.42593479 -1.39235663
 -1.34578001 -1.2907325  -1.21959674 -1.12060535 -0.98931885 -0.8303526
 -0.67939192 -0.56856346 -0.54443169 -0.57852185 -0.69158775 -0.84351355
 -1.04276705 -1.26270163 -1.56465733 -1.94070446 -2.32555795 -2.67764068
 -2.97126913 -3.16500664 -3.22182178 -3.15972519 -3.04962111 -2.90921593
 -2.64916468 -2.06695056 -1.44125593 -1.11448312 -0.7283746  -0.43088689
 -0.02335944  0.61625916  1.22066379  1.82534587  2.25601411  2.50455117
  2.51039505  2.32310772  2.03437591  1.78252506  1.60523236  1.53955781
  1.49018753  1.47246957  1.45241261  1.4318521   1.40326297  1.40873122]
[-0.87399423 -0.8532207  -0.81875914 -0.77222657 -0.71896774 -0.65873957
 -0.60051674 -0.54954207 -0.5089581  -0.47521242 -0.4390294  -0.40829873
 -0.37904295 -0.35620677 -0.35060975 -0.35342979 -0.35924587 -0.35975254
 -0.35875535 -0.3667407  -0.39945909 -0.46073213 -0.5054571  -0.47954127
 -0.29382306 -0.23439054 -0.14732213 -0.02617157  0.15506981  0.44417271
  0.74830806  1.03580153  1.27798593  1.44927788  1.55063534  1.59602642
  1.58980668  1.57826746  1.58718455  1.59720266  1.59304106  1.59343207
  1.59848094  1.59626245  1.59303832  1.59075439  1.59235728  1.58979642
  1.59189177  1.58893001  1.5830642   1.58240294  1.57469046  1.57027876
  1.56372273  1.55376279  1.54223073  1.53059745  1.51497316  1.50974214]
[ 1.32595372  1.43879628  1.53857803  1.60905313  1.6446327   1.67375612
  1.68739378  1.700207    1.70994854  1.72437763  1.73711121  1.74081707
  1.74500012  1.74605858  1.74791503  1.74824059  1.75177383  1.75323594
  1.75138664  1.75042057  1.74424851  1.74458146  1.73884559  1.73304534
  1.72927237  1.71450531  1.70248115  1.6839081   1.65506244  1.6341598
  1.60103667  1.54553425  1.46656537  1.34180295  1.18133521  0.99997842
  0.79079032  0.55163932  0.34412307  0.14507799  0.018055   -0.08111153
 -0.18465838 -0.27497774 -0.33452258 -0.36430174 -0.38782343 -0.4012596
 -0.41501066 -0.42592123 -0.42970115 -0.43293089 -0.43197435 -0.42625865
 -0.41804779 -0.40723565 -0.39390039 -0.37843329 -0.36164752 -0.34839648]
[ 1.25398898  1.16020131  1.05532765  0.9444409   0.82495302  0.70226341
  0.57436955  0.44487399  0.31531417  0.18284497  0.05093029 -0.07994106
 -0.20548861 -0.32286164 -0.42601642 -0.5131042  -0.58612329 -0.64354086
 -0.68624961 -0.71577048 -0.73426664 -0.74299115 -0.74468291 -0.74258941
 -0.7374351  -0.73156083 -0.72564006 -0.72035468 -0.71648455 -0.71416563
 -0.71361369 -0.71496564 -0.71936136 -0.72619748 -0.73528057 -0.74689186
 -0.75969368 -0.77239639 -0.78361624 -0.79287583 -0.79947537 -0.80346113
 -0.80521613 -0.80517823 -0.80416608 -0.80215299 -0.79970747 -0.79724348
 -0.79493338 -0.79297954 -0.79082966 -0.78885531 -0.78701168 -0.78553122
 -0.78429544 -0.78315252 -0.7826277  -0.78244573 -0.78247851 -0.78232741]
[-0.56387103 -0.55824435 -0.54848844 -0.53278494 -0.50671768 -0.47013369
 -0.45082176 -0.36827064 -0.26779327 -0.17791434 -0.00684457  0.09830555
  0.30649409  0.47492543  0.67550939  0.85946786  1.03006375  1.18984938
  1.33519042  1.46546054  1.57633471  1.66384256  1.7331568   1.78215921
  1.81070018  1.83030272  1.84175038  1.84990954  1.85372603  1.85579169
  1.85769129  1.85938823  1.86059129  1.86175561  1.8611778   1.86051285
  1.85824609  1.85504508  1.84940875  1.8413583   1.82688534  1.80606174
  1.77505744  1.73107076  1.6731075   1.60038304  1.51344872  1.41106379
  1.29631531  1.16911507  1.03808987  0.90181398  0.75811779  0.60703009
  0.46256363  0.31139734  0.17785472  0.04108318 -0.08038154 -0.1923254 ]
[-0.27211553 -0.14256729 -0.0213392   0.131779    0.29613623  0.47155774
  0.65100002  0.82301158  0.98728263  1.14086461  1.28120756  1.40704358
  1.51741278  1.611058    1.68649757  1.74332798  1.78443801  1.81114113
  1.82914317  1.8398428   1.84614336  1.85065579  1.85379612  1.85579634
  1.85763466  1.85831201  1.85859597  1.8580966   1.85695267  1.85507631
  1.8507812   1.84453058  1.83428502  1.81812549  1.79226184  1.75384247
  1.70151281  1.63370788  1.54991949  1.4506557   1.3365159   1.20914209
  1.0776515   0.93670738  0.78998619  0.63749707  0.4822014   0.32810447
  0.17704709  0.02845597 -0.11271899 -0.24382681 -0.35643753 -0.45064476
 -0.5271343  -0.58599877 -0.62904996 -0.65677488 -0.67285168 -0.68026423]
[ 1.79050136  1.81395531  1.88642955  1.95143414  2.00081205  2.01691604
  1.97719109  1.87847376  1.73072207  1.57977462  1.43760478  1.33132434
  1.25450194  1.21017241  1.18510532  1.16872656  1.1564573   1.14549828
  1.13581836  1.13033199  1.12895453  1.12651861  1.12567544  1.12513089
  1.12260067  1.11800826  1.11842752  1.11113107  1.09956539  1.08598042
  1.07107615  1.06098557  1.05916941  1.06315649  1.08210671  1.10700643
  1.13169503  1.15360725  1.16074705  1.17236161  1.18442225  1.18907058
  1.17133594  1.17796373  1.12911808  1.11809015  1.09323215  1.03092551
  0.95710373  0.85612738  0.75152129  0.6279853   0.49468672  0.35249671
  0.21213897  0.0800567  -0.04024337 -0.15009201 -0.24721386 -0.3248921 ]
[ 1.13363934  1.12078381  1.10639334  1.09696853  1.08832157  1.08489501
  1.08110166  1.08057737  1.0796299   1.08131158  1.0800817   1.07812309
  1.07637322  1.0743016   1.07384074  1.0731765   1.07270157  1.07165742
  1.07474244  1.07777143  1.08157134  1.0842725   1.08829653  1.0885241
  1.08232069  1.04584217  0.97663653  0.88241327  0.76389492  0.61744952
  0.48392069  0.32049057  0.22632946  0.1335694   0.04788955 -0.04446971
 -0.1296795  -0.20489538 -0.27834538 -0.35539174 -0.43461201 -0.513538
 -0.58639282 -0.65470785 -0.71136403 -0.75448871 -0.78253073 -0.80065578
 -0.81109649 -0.81251049 -0.80940127 -0.80425262 -0.80126864 -0.79901952
 -0.79749542 -0.80696911 -0.82706982 -0.85664588 -0.89525628 -0.94426787]
[-1.83701038 -1.80327499 -1.73105717 -1.64849055 -1.55446029 -1.46943521
 -1.40220594 -1.35550952 -1.31048596 -1.26474178 -1.22416317 -1.18968785
 -1.15108263 -1.11920869 -1.09424329 -1.04264009 -0.9506076  -0.80358326
 -0.6413092  -0.51980543 -0.49130762 -0.53124368 -0.66521543 -0.84231877
 -1.08691096 -1.33415663 -1.68092632 -2.11615634 -2.54716849 -3.00037217
 -3.44053388 -3.81302834 -4.04745626 -4.10057926 -4.05457115 -3.97748613
 -3.8429234  -3.58529329 -2.76038289 -2.00207639 -1.60395682 -1.1708473
 -0.94482374 -0.30370441  0.52717137  1.44860995  2.30223536  2.98005366
  3.37249136  3.46258783  3.33666968  3.00959635  2.69402409  2.53047967
  2.46031404  2.43900371  2.40000582  2.37921023  2.34428     2.34517908]
[-0.69523996 -0.66920954 -0.64823002 -0.62856793 -0.60417473 -0.56830221
 -0.51432866 -0.4457204  -0.36140367 -0.25934756 -0.1449275   0.0587034
  0.17969465  0.26359963  0.41729882  0.51290035  0.6416918   0.79242522
  0.93972898  1.05575013  1.14401841  1.18686676  1.20182145  1.19903135
  1.18750715  1.15979481  1.13527763  1.11520493  1.11016345  1.09823978
  1.09209251  1.08910549  1.08610547  1.08228791  1.08365166  1.08070159
  1.08089161  1.0789305   1.07539642  1.07134509  1.07584298  1.07180488
  1.07229853  1.07407629  1.07543564  1.08213389  1.09095585  1.10822248
  1.12881815  1.16200781  1.19647813  1.22160566  1.24542058  1.25751293
  1.27129412  1.2875526   1.30051231  1.30135274  1.3302443   1.36164999]
[-1.95021749 -1.94472182 -1.89336598 -1.82143259 -1.71270835 -1.590312
 -1.48024929 -1.39584136 -1.33029962 -1.27747238 -1.23423779 -1.19443274
 -1.15182126 -1.11975646 -1.09556615 -1.05430782 -0.98494846 -0.86620158
 -0.73227221 -0.61933839 -0.57230759 -0.58678782 -0.68671411 -0.83688998
 -1.05319762 -1.26137567 -1.53976202 -1.87510765 -2.1940527  -2.47724009
 -2.73838854 -2.9816041  -3.17399001 -3.27590966 -3.30162477 -3.25069237
 -3.06104898 -2.73449874 -2.35917401 -1.92998123 -1.22744477 -0.76306486
 -0.4930965  -0.31129274 -0.2200159   0.08417866  0.51724988  1.0240438
  1.53341436  1.99393141  2.36514878  2.54823828  2.60963368  2.57102466
  2.49501061  2.45320821  2.44152856  2.44846606  2.44781733  2.48798299]
[ 1.72768807  1.74403524  1.75430572  1.76109648  1.76326871  1.76408422
  1.76556253  1.76939523  1.77084613  1.77107668  1.76976192  1.76571941
  1.76470888  1.76231384  1.75635898  1.75092542  1.74212432  1.7299583
  1.71347666  1.68596888  1.66365576  1.63566148  1.59200704  1.53189719
  1.42717445  1.28430128  1.1086452   0.90541416  0.66887689  0.46672165
  0.2173399   0.08961359 -0.02745756 -0.11180546 -0.20520134 -0.28298452
 -0.31877667 -0.34747788 -0.35868493 -0.37521178 -0.39254132 -0.40588939
 -0.41749603 -0.4337413  -0.44236565 -0.45216835 -0.45537987 -0.46020171
 -0.45945925 -0.45394456 -0.44820577 -0.44172069 -0.43425512 -0.4242169
 -0.42006013 -0.42847651 -0.45102534 -0.4879677  -0.53653073 -0.60186917]
[-0.95506179 -0.94622499 -0.93575805 -0.92899328 -0.92262661 -0.91466594
 -0.90749073 -0.89724356 -0.87876046 -0.84702116 -0.79734743 -0.73308408
 -0.65439004 -0.56335908 -0.47583658 -0.39354774 -0.32176191 -0.26287541
 -0.2205638  -0.20370525 -0.23152621 -0.30863917 -0.43733856 -0.58965439
 -0.75994438 -0.91388214 -1.05447698 -1.19857824 -1.30509341 -1.36006212
 -1.33247423 -1.12325966 -0.82921892 -0.67571062 -0.43606475 -0.19119048
  0.14150196  0.57097208  0.97694165  1.34607649  1.61488533  1.76872671
  1.81590354  1.81156909  1.73958516  1.69991279  1.67575276  1.67154777
  1.65666485  1.64616692  1.64707947  1.64432704  1.63639939  1.63811874
  1.63332188  1.63803446  1.63423431  1.62614858  1.61205864  1.6147207 ]
[1.36345422 1.69715106 1.88352704 2.0908196  2.32581019 2.53218532
 2.64544487 2.65974236 2.56337738 2.40536857 2.16335678 1.94251406
 1.75618708 1.58996463 1.45600343 1.35132241 1.26816463 1.19261169
 1.12806094 1.08523417 1.04573011 1.02481318 1.01259935 0.98983592
 0.96676952 0.9677608  0.95224333 0.94122213 0.93320036 0.92602348
 0.91774535 0.90940458 0.90997362 0.91281778 0.93539131 0.9632237
 0.97503835 0.99023753 0.99677837 1.01635122 1.03521442 1.03748322
 1.05577242 1.16331351 1.25130069 1.43243682 1.62586141 1.77182615
 1.92320442 2.04961967 2.13353825 2.17976594 2.18997502 2.166502
 2.10667777 2.01044226 1.8656013  1.68348384 1.47516119 1.2239393 ]
[ 1.44840789  1.44828665  1.44711816  1.44490981  1.44220221  1.44193172
  1.43866158  1.43338788  1.43306208  1.42770958  1.42287326  1.41188085
  1.39999962  1.39008105  1.37178409  1.34433961  1.29471719  1.20894313
  1.09131682  0.94849539  0.78429341  0.5947901   0.43194565  0.2438453
  0.12836127  0.03672752 -0.05736141 -0.15983158 -0.23275834 -0.28652421
 -0.33337614 -0.37272647 -0.4137421  -0.45367777 -0.4901756  -0.52662104
 -0.55649394 -0.57798803 -0.59692132 -0.61226505 -0.62326449 -0.62884647
 -0.63084698 -0.63241148 -0.6330325  -0.63147622 -0.62903142 -0.6369918
 -0.65685958 -0.68577182 -0.72667354 -0.77926981 -0.83864552 -0.8947224
 -0.94369763 -0.98744941 -1.02273846 -1.04930782 -1.06501877 -1.0776397 ]
[-0.52332753 -0.49382424 -0.42583731 -0.33674195 -0.23239942 -0.09052356
  0.04017957  0.24994612  0.41284028  0.60629499  0.78183204  0.95020956
  1.11247802  1.26088548  1.39674127  1.51858187  1.62021291  1.70151746
  1.75890172  1.79721951  1.8214196   1.83546758  1.84421456  1.84967029
  1.85382664  1.85705209  1.85932636  1.86080837  1.86202192  1.86218929
  1.86166096  1.86100876  1.85892975  1.85555458  1.85018194  1.84052765
  1.82544708  1.80127323  1.76384056  1.71182847  1.64247715  1.55642545
  1.45594406  1.34156513  1.21823025  1.08803689  0.95155698  0.81101376
  0.66131806  0.50994921  0.35154361  0.19750726  0.03964504 -0.1046686
 -0.24021403 -0.35664153 -0.45137191 -0.52908331 -0.5891304  -0.63077933
 -0.65680313 -0.67036158 -0.67617208 -0.675937   -0.67197174 -0.66495156
 -0.65703589 -0.64878243 -0.64027083 -0.63194466 -0.62311482 -0.61480635
 -0.60780019 -0.60351551 -0.60261565 -0.6057387  -0.61278349 -0.62328917
 -0.63627481 -0.64949477 -0.66133112 -0.67109072 -0.67823583 -0.68290836
 -0.68583572 -0.68733054 -0.68809664 -0.68766153 -0.68662572 -0.6849519 ]
[-0.77924967 -0.77675319 -0.77359837 -0.773054   -0.77153093 -0.77070409
 -0.7705645  -0.77005345 -0.76840252 -0.76579171 -0.7620014  -0.75717086
 -0.74929768 -0.73715585 -0.71786737 -0.68820888 -0.65166485 -0.61399835
 -0.58360255 -0.56651437 -0.57289267 -0.59549117 -0.63282692 -0.67991894
 -0.73902047 -0.80710214 -0.89614314 -1.00368142 -1.1042341  -1.18936801
 -1.25409389 -1.28652573 -1.28083467 -1.2436446  -1.18158579 -1.06203878
 -0.89185232 -0.62257123 -0.44143853 -0.16101585  0.06991948  0.34077409
  0.63185209  0.93219101  1.18676233  1.40622044  1.57441878  1.70006907
  1.77320516  1.80270684  1.81288517  1.81276834  1.8113637   1.81374645
  1.81522083  1.818102    1.81654286  1.81579173  1.81135249  1.81498289
  1.8156364   1.81344926  1.81197238  1.81044316  1.80473268  1.80158031
  1.79733145  1.78922844  1.77897108  1.76138866  1.73357964  1.70013595
  1.65557337  1.60408521  1.55079675  1.47545993  1.39048469  1.29232621
  1.18268836  1.07319593  0.95991939  0.84041619  0.70937288  0.60413849
  0.5146786   0.44174248  0.37670675  0.32572019  0.28332591  0.25815475]
[-1.09585512 -1.05418384 -1.00202751 -0.93028319 -0.85315782 -0.77053618
 -0.68739104 -0.60050023 -0.5291571  -0.46666706 -0.41474932 -0.36187634
 -0.29241943 -0.22001994 -0.1379509  -0.0499862   0.18801087  0.29931033
  0.37791547  0.53050536  0.60608613  0.75972044  0.90863627  1.05251217
  1.18199134  1.32907557  1.4463253   1.54503036  1.58524764  1.58940268
  1.55157518  1.48679352  1.40592802  1.33397746  1.28283083  1.24337745
  1.20990407  1.16208577  1.13244414  1.1159761   1.09246051  1.06930399
  1.04101562  1.01480007  0.98083168  0.94683933  0.92130613  0.8887192
  0.87305337  0.85807413  0.84920412  0.83874506  0.83948731  0.84184217
  0.8465125   0.85825044  0.87379158  0.88601923  0.89891851  0.90110153
  0.88924819  0.88032889  0.87649256  0.88743657  0.89701241  0.93689471
  1.00476635  1.07769549  1.15800691  1.22329068  1.26900971  1.29900861
  1.32355082  1.33812046  1.34673285  1.34132159  1.32763922  1.28985918
  1.23677242  1.17325985  1.09422946  0.99797821  0.91167283  0.79396981
  0.70224071  0.61594397  0.50849855  0.40438432  0.30307323  0.19606274]
[ 1.38613248  1.46224678  1.51777053  1.55877757  1.58541691  1.60247111
  1.61665797  1.62581146  1.6307267   1.63461721  1.63661015  1.63749349
  1.63801754  1.63935721  1.63993454  1.63956273  1.63873875  1.63792109
  1.63542247  1.63057804  1.62247777  1.61172771  1.5960685   1.5738858
  1.54681194  1.50962305  1.46676981  1.40889847  1.34130001  1.25884819
  1.16352248  1.0581826   0.94253898  0.82403886  0.69955236  0.5722723
  0.44021243  0.31196225  0.18939643  0.07212024 -0.04193088 -0.15437797
 -0.24664654 -0.33737648 -0.40662378 -0.4689675  -0.51817596 -0.56058645
 -0.59538132 -0.62584764 -0.64843339 -0.6661067  -0.67813337 -0.68805373
 -0.69232935 -0.69372654 -0.69106352 -0.68691504 -0.68157816 -0.67651927
 -0.67450464 -0.6772126  -0.68688947 -0.7021172  -0.72335041 -0.7489686
 -0.77603137 -0.79852474 -0.81566948 -0.82841659 -0.83619428 -0.84088171
 -0.84320384 -0.84567326 -0.8471185  -0.84824604 -0.8480196  -0.84674507
 -0.84526485 -0.8415283  -0.8365894  -0.83266312 -0.82956266 -0.82680845
 -0.82419378 -0.82222939 -0.8199333  -0.81713247 -0.8131454  -0.81067306]
[-0.73484272 -0.70932388 -0.70813167 -0.73220688 -0.76826775 -0.80645919
 -0.82207632 -0.79426169 -0.70889682 -0.57456094 -0.39016327 -0.0573861
  0.17017922  0.46026611  0.71414083  0.9472422   1.19184828  1.39670062
  1.61565173  1.83991301  2.03397059  2.18444395  2.27600741  2.30529904
  2.263906    2.14250803  1.9980154   1.85143352  1.72203767  1.59455144
  1.49737334  1.40972495  1.34097838  1.29429638  1.26414788  1.23923659
  1.2218262   1.20988345  1.20027053  1.18691993  1.18163753  1.17620003
  1.16510916  1.15413034  1.13955247  1.12582409  1.1117481   1.09997022
  1.09256554  1.09142125  1.0933944   1.10153747  1.11068463  1.1224736
  1.12670255  1.13725448  1.14926052  1.18001699  1.22789395  1.28886449
  1.38332427  1.49526656  1.59459496  1.68774557  1.76261604  1.82250643
  1.86607933  1.88109827  1.86473489  1.82699323  1.7388984   1.60874462
  1.44209278  1.24486125  1.01327395  0.76771641  0.50737244  0.25048056
  0.00763054 -0.22015963 -0.42166969 -0.57618195 -0.708206   -0.80520946
 -0.86932796 -0.91004199 -0.93040073 -0.93570763 -0.94064832 -0.94374841]
[-1.15325654 -1.12119401 -1.0769943  -1.01740968 -0.95283026 -0.88665879
 -0.8218497  -0.7606253  -0.70317036 -0.65500605 -0.60909194 -0.56780303
 -0.53254789 -0.49573174 -0.46483251 -0.43703917 -0.41200688 -0.39887464
 -0.40125725 -0.4082658  -0.42087775 -0.42658359 -0.40391269 -0.33937228
 -0.23924233 -0.07325125  0.15585153  0.32477263  0.5483014   0.74441242
  0.93868899  1.12345338  1.32921672  1.51910174  1.69653332  1.85291505
  1.94973528  1.98507178  1.99550271  1.92299986  1.81955755  1.70452881
  1.60409796  1.50392985  1.41805279  1.34439027  1.28209603  1.23149157
  1.20094192  1.17269683  1.15594006  1.14277554  1.13352764  1.12103653
  1.11956108  1.11329782  1.10800242  1.09785891  1.09106421  1.08306324
  1.07090473  1.06525636  1.05590737  1.05491459  1.05229485  1.05360961
  1.05869281  1.06106329  1.062953    1.064605    1.06138659  1.06983697
  1.09833586  1.14132929  1.19854736  1.27931643  1.35266805  1.42517459
  1.49114811  1.54454398  1.58019161  1.60401547  1.61114287  1.60638678
  1.57274401  1.51463032  1.41446126  1.29599607  1.15045023  0.97878599]
[ 0.20267867  0.45092267  0.43939802  0.58363616  0.73428547  0.87134105
  1.0095048   1.13078105  1.2752353   1.41451013  1.5398072   1.63146663
  1.67236423  1.65499425  1.58766067  1.49182367  1.40162492  1.33335185
  1.28782153  1.24235523  1.19946671  1.16975248  1.14771318  1.12478721
  1.09755337  1.07082844  1.03796971  1.00128901  0.9723376   0.94180393
  0.91500419  0.89948225  0.88777167  0.87999797  0.87463391  0.86751586
  0.87442327  0.88536918  0.89352429  0.90688884  0.92039001  0.93562537
  0.94471377  0.94117016  0.92064697  0.93413806  0.92694914  0.94033808
  0.97858787  1.01546586  1.08619964  1.16336334  1.23303139  1.28132379
  1.31957698  1.33993864  1.36361611  1.37686658  1.36978734  1.3641789
  1.33409715  1.28447366  1.22368419  1.1481452   1.0562315   0.95336026
  0.83815885  0.7225132   0.60689056  0.48043141  0.35281822  0.22258337
  0.09432886 -0.04007807 -0.17001323 -0.3000882  -0.41762194 -0.52994937
 -0.63018298 -0.72206223 -0.80366492 -0.86983752 -0.930161   -0.98501432
 -1.03261495 -1.07262707 -1.10171676 -1.12460518 -1.14240515 -1.15594375]
[-0.89424139 -0.92040467 -0.93528962 -0.94279099 -0.93268216 -0.91731876
 -0.90041757 -0.88673103 -0.87839758 -0.87941825 -0.88406831 -0.88994104
 -0.89508414 -0.89388651 -0.89481699 -0.88274133 -0.85852253 -0.80935311
 -0.75915849 -0.72308087 -0.73238367 -0.78078854 -0.87805736 -1.00371134
 -1.16163361 -1.32001734 -1.50631773 -1.71404409 -1.90184379 -2.06967688
 -2.21338463 -2.32477236 -2.38385653 -2.383075   -2.34135509 -2.27444267
 -2.16582227 -2.0112977  -1.82007813 -1.57596791 -1.29860854 -0.98899758
 -0.71266443 -0.44677326 -0.27947426 -0.17689121  0.12692547  0.21158101
  0.21702956  0.27126563  0.35180518  0.54891676  0.8046751   1.10550046
  1.35488987  1.54048109  1.64785194  1.70356131  1.68596268  1.64347422
  1.60907722  1.62564361  1.65936279  1.67659485  1.69585443  1.7048378
  1.71132135  1.70943964  1.71025097  1.71235502  1.70990932  1.71579897
  1.71622777  1.71669281  1.72241843  1.71508098  1.71464431  1.71572471
  1.71111977  1.71458328  1.72158968  1.73283374  1.74879169  1.7793268
  1.80041873  1.81770718  1.82036138  1.79338574  1.75171018  1.71148324]
[ 1.21961558e+00  1.40465391e+00  1.48761559e+00  1.60118818e+00
  1.72051418e+00  1.80726981e+00  1.87861061e+00  1.92080307e+00
  1.90802777e+00  1.83835614e+00  1.72170889e+00  1.58749092e+00
  1.46210039e+00  1.35087740e+00  1.26956642e+00  1.20950449e+00
  1.16968906e+00  1.14047503e+00  1.12305951e+00  1.10850382e+00
  1.09758592e+00  1.08982885e+00  1.08576393e+00  1.07888544e+00
  1.07462418e+00  1.07021630e+00  1.06475198e+00  1.05824125e+00
  1.05004632e+00  1.04025555e+00  1.02848816e+00  1.01421535e+00
  1.00609648e+00  9.98857021e-01  9.97164488e-01  9.99413669e-01
  1.00355458e+00  1.00796437e+00  1.01005137e+00  1.01592708e+00
  1.02018976e+00  1.02622104e+00  1.04198349e+00  1.08827829e+00
  1.12303913e+00  1.18646407e+00  1.25700915e+00  1.31229699e+00
  1.37706029e+00  1.42047977e+00  1.46521485e+00  1.47803175e+00
  1.47593915e+00  1.45225310e+00  1.39477956e+00  1.30601811e+00
  1.18607223e+00  1.04097772e+00  8.77241671e-01  6.99647963e-01
  5.14140189e-01  3.33306849e-01  1.59845084e-01  1.29426585e-03
 -1.39929950e-01 -2.64945894e-01 -3.74207467e-01 -4.62732136e-01
 -5.37579238e-01 -6.06545448e-01 -6.67474091e-01 -7.24386632e-01
 -7.81650662e-01 -8.35808933e-01 -8.85652065e-01 -9.29543138e-01
 -9.61547136e-01 -9.82503355e-01 -9.95139062e-01 -1.00109875e+00
 -1.00132453e+00 -9.99394357e-01 -9.98854280e-01 -1.00086343e+00
 -1.00458384e+00 -1.01403129e+00 -1.02326536e+00 -1.03857040e+00
 -1.06127715e+00 -1.09196031e+00]
[-0.75780463 -0.74545139 -0.73035049 -0.71289814 -0.69114053 -0.66866422
 -0.64823079 -0.62569773 -0.60174817 -0.57595634 -0.5442099  -0.50584871
 -0.4567481  -0.40057424 -0.35258958 -0.28651011 -0.15745407 -0.05156954
  0.08498306  0.22826709  0.40910903  0.58359158  0.7872889   0.96688783
  1.1360383   1.28858447  1.42266452  1.53980911  1.62838924  1.69601178
  1.74134088  1.77466273  1.79658067  1.81161869  1.82050693  1.82576323
  1.82864559  1.8291297   1.82983804  1.83205891  1.83452475  1.8346504
  1.83411264  1.83339584  1.83130383  1.82992256  1.82525778  1.81993067
  1.80953825  1.7935859   1.76825225  1.73322797  1.68537116  1.62858725
  1.56142509  1.47971284  1.38466883  1.27565002  1.15906191  1.03929543
  0.91649693  0.76716721  0.63253784  0.49575227  0.3763825   0.25918877
  0.14941426  0.04262501 -0.04926292 -0.12473435 -0.19227348 -0.25558358
 -0.31017879 -0.35758597 -0.40092787 -0.44084176 -0.47647014 -0.50958204
 -0.53959942 -0.56484258 -0.58428091 -0.59857839 -0.60462242 -0.60551882
 -0.60220116 -0.59611583 -0.59247208 -0.5935744  -0.60080427 -0.61594594]
[-6.65075481e-01 -6.58705771e-01 -6.51819646e-01 -6.45562232e-01
 -6.40774250e-01 -6.36782527e-01 -6.31473958e-01 -6.23162031e-01
 -6.10614717e-01 -5.91565847e-01 -5.64364970e-01 -5.30850589e-01
 -4.96250510e-01 -4.62727398e-01 -4.30498511e-01 -3.97628933e-01
 -3.64000469e-01 -3.29288393e-01 -2.93581545e-01 -2.53411055e-01
 -2.19263524e-01 -1.70762196e-01 -1.45775884e-01  8.36112536e-03
  1.77571233e-02  1.63941205e-01  2.61381388e-01  4.24417913e-01
  6.02715909e-01  7.76401401e-01  9.48483407e-01  1.10945547e+00
  1.25709879e+00  1.38952303e+00  1.50802982e+00  1.60420513e+00
  1.68040562e+00  1.73617291e+00  1.77704501e+00  1.80286562e+00
  1.82124770e+00  1.83141780e+00  1.83676064e+00  1.83926034e+00
  1.84212101e+00  1.84376371e+00  1.84482384e+00  1.84773898e+00
  1.84810448e+00  1.84798253e+00  1.84710300e+00  1.84465456e+00
  1.84292018e+00  1.83925986e+00  1.83307147e+00  1.82248104e+00
  1.80432594e+00  1.77621377e+00  1.73869157e+00  1.68786442e+00
  1.62675464e+00  1.55186188e+00  1.46117139e+00  1.35628521e+00
  1.23549652e+00  1.11325145e+00  9.79114711e-01  8.44642222e-01
  6.87613487e-01  5.42006075e-01  3.96422625e-01  2.63582617e-01
  1.35198221e-01  6.89047738e-04 -1.25669390e-01 -2.36024767e-01
 -3.30272257e-01 -4.13625300e-01 -4.88177687e-01 -5.49720347e-01
 -6.00538909e-01 -6.39741302e-01 -6.71805859e-01 -6.97146654e-01
 -7.17508495e-01 -7.33310580e-01 -7.42271543e-01 -7.46441126e-01
 -7.47006893e-01 -7.44445264e-01]
[ 1.4475348   1.46778655  1.49455214  1.51181793  1.52825296  1.52562845
  1.50743866  1.47443259  1.41941369  1.35948706  1.29677689  1.25341868
  1.22090733  1.20394719  1.19650793  1.18672025  1.18086874  1.17752898
  1.17495418  1.172508    1.17105997  1.17287183  1.17253792  1.1727016
  1.17020357  1.16933608  1.16817355  1.16678739  1.16355884  1.16010869
  1.15882885  1.1517663   1.15238607  1.1558255   1.16185319  1.16744006
  1.17316759  1.17349958  1.16248596  1.14357901  1.1178205   1.07368529
  0.99367911  0.93197608  0.82621908  0.75659281  0.65643328  0.54761499
  0.44559509  0.32952312  0.21711084  0.10153757 -0.01491621 -0.13028206
 -0.2455498  -0.35260284 -0.4473868  -0.53095645 -0.60059381 -0.65641636
 -0.69946975 -0.72548735 -0.74157381 -0.74892175 -0.75311452 -0.75494128
 -0.76052094 -0.76992661 -0.78684622 -0.81260765 -0.84158754 -0.87557894
 -0.91093934 -0.94539458 -0.97693241 -1.00807142 -1.03956115 -1.07158077
 -1.09949183 -1.12353683 -1.14441383 -1.16280353 -1.1773603  -1.18858111
 -1.19736302 -1.20033538 -1.19936085 -1.19222522 -1.1811558  -1.16930997]
[-1.2820698  -1.27479792 -1.26564717 -1.25755525 -1.24993169 -1.2399987
 -1.23369944 -1.22952735 -1.2225492  -1.21125543 -1.19309497 -1.16833007
 -1.1336329  -1.08877659 -1.03369331 -0.96238905 -0.87969327 -0.79494017
 -0.72228783 -0.67164183 -0.6634804  -0.6976878  -0.77112454 -0.86549854
 -0.97787631 -1.09167922 -1.21541727 -1.34752905 -1.44882262 -1.53069854
 -1.59653127 -1.62555957 -1.60176361 -1.50955093 -1.34755349 -1.12056422
 -0.84071302 -0.54082626 -0.28450724  0.05121259  0.35169089  0.50673616
  0.68326283  0.83628619  1.01669765  1.22483349  1.39860642  1.53363276
  1.61076844  1.63063765  1.62122977  1.5880388   1.51579916  1.44624972
  1.36074221  1.30487454  1.26796997  1.23379743  1.20470917  1.19040358
  1.18011796  1.17184567  1.16148055  1.15999091  1.15802515  1.15498674
  1.15543222  1.15359628  1.15116417  1.15043783  1.1435076   1.14847922
  1.15354908  1.16478789  1.1802671   1.19868112  1.22460628  1.27532351
  1.34070945  1.39906597  1.45928407  1.50882959  1.54351532  1.57831931
  1.60669005  1.60929739  1.61345744  1.66212058  1.76150012  1.88159263]
[0.10424427 0.17752826 0.2086492  0.24256371 0.26124763 0.27282098
 0.28429043 0.29681742 0.3060644  0.32562685 0.36117187 0.41985855
 0.44617206 0.46651396 0.5118385  0.55572218 0.63275576 0.69523662
 0.77412385 0.87008911 0.94382352 1.01031196 1.06311905 1.08707166
 1.08727527 1.07201898 1.03817391 0.99659103 0.964369   0.93916869
 0.9172138  0.89930737 0.88669336 0.87240297 0.85342312 0.83788866
 0.82774758 0.81618834 0.80661744 0.79745108 0.78223544 0.76727468
 0.7538017  0.74096751 0.7269727  0.72306311 0.71838897 0.71897376
 0.72089368 0.7241568  0.73261178 0.73873341 0.74385071 0.74947798
 0.75183874 0.74663609 0.74070883 0.74416465 0.74663609 0.76221651
 0.77704126 0.80636191 0.83108038 0.86580026 0.88392043 0.89814758
 0.90517664 0.91388714 0.92045152 0.92033446 0.91800201 0.9016937
 0.87637979 0.85079914 0.81658822 0.77307302 0.72106165 0.66782528
 0.61071074 0.56505215 0.52043617 0.48492298 0.45123318 0.41350389
 0.37157732 0.32415068 0.2695505  0.20617229 0.13902855 0.0661307 ]
[-1.64871705 -1.64531314 -1.64197171 -1.63635278 -1.62667155 -1.61036205
 -1.58847535 -1.56201291 -1.53569174 -1.50625229 -1.47725296 -1.44533861
 -1.40707803 -1.36213303 -1.30732524 -1.24057722 -1.15528274 -1.05958247
 -0.95478207 -0.85577756 -0.76248562 -0.67850584 -0.59299541 -0.49871996
 -0.39837837 -0.27775922 -0.15237084  0.06770519  0.19735651  0.32468736
  0.45696184  0.56029826  0.66835833  0.77582639  0.89734131  0.99532109
  1.08289075  1.16272867  1.19344378  1.20001996  1.18665254  1.13563895
  1.08094382  1.02559066  0.98112381  0.93826228  0.89273214  0.85448843
  0.81682736  0.79205328  0.77475536  0.76373088  0.75829953  0.75133896
  0.74678469  0.73954165  0.73728234  0.73589879  0.73215216  0.72708058
  0.72540778  0.71814543  0.71362042  0.71082884  0.70825917  0.70742202
  0.7054345   0.70205545  0.69995421  0.69336826  0.68921417  0.6845727
  0.67707407  0.68839586  0.71071583  0.74124098  0.77740735  0.81660008
  0.85007495  0.88308203  0.91086578  0.9363988   0.95413005  0.98782623
  1.01335132  1.03728306  1.05598342  1.05162251  1.04051447  1.02202332]
[-0.91628611 -0.93138808 -0.93042797 -0.92185676 -0.90372413 -0.88314831
 -0.87347203 -0.87393361 -0.87619752 -0.88057846 -0.88171929 -0.88154042
 -0.87864572 -0.86903042 -0.8599667  -0.84177917 -0.81074291 -0.758816
 -0.7063309  -0.67394787 -0.6830101  -0.72936982 -0.82186699 -0.94040185
 -1.08704567 -1.23297024 -1.40987873 -1.59945512 -1.76865208 -1.91098261
 -2.02352095 -2.10834122 -2.17912149 -2.22144175 -2.23801327 -2.22010207
 -2.12778068 -1.94622254 -1.70479512 -1.43692291 -1.16796839 -0.91822171
 -0.45559764 -0.24434151 -0.11513942  0.1379308   0.29159614  0.62612057
  0.98195755  1.32110655  1.596349    1.78905725  1.88658845  1.94338775
  1.92363143  1.89188683  1.8492496   1.82674074  1.79695809  1.79248631
  1.77956569  1.77127278  1.76992214  1.75881732  1.74981391  1.7501241
  1.75387442  1.75137806  1.75138843  1.74929571  1.73784161  1.74190056
  1.73386824  1.73127735  1.73424745  1.71540523  1.69964468  1.69579172
  1.68039513  1.68458819  1.68546975  1.67192161  1.63432705  1.56010115
  1.47597146  1.39997935  1.32399607  1.20099199  1.13822031  1.10522532]
[ 0.25321779  0.4392069   0.6197226   0.80897498  0.9834556   1.14395773
  1.28917253  1.42245698  1.53535819  1.62616599  1.69951975  1.75114298
  1.78922951  1.8113662   1.82498658  1.83167481  1.83619142  1.84000778
  1.8428582   1.84483075  1.84555006  1.84894192  1.84949183  1.84976351
  1.84860623  1.84673977  1.84389126  1.83798182  1.83239818  1.82063365
  1.80263674  1.77310014  1.73471701  1.68298912  1.61519659  1.53417182
  1.43360603  1.32121849  1.19547117  1.05710018  0.90873712  0.75768942
  0.58669996  0.42877531  0.27551311  0.12868045 -0.00676731 -0.13852637
 -0.25132832 -0.34829339 -0.42625892 -0.48559949 -0.53232402 -0.56572586
 -0.58761132 -0.60075599 -0.60769111 -0.60948211 -0.60644329 -0.60114044
 -0.59454256 -0.58638948 -0.57698226 -0.56586653 -0.55677921 -0.54868817
 -0.54445773 -0.54336691 -0.54916525 -0.56377369 -0.58592427 -0.6125409
 -0.64549816 -0.67826056 -0.70545954 -0.72649139 -0.74245089 -0.75301951
 -0.76041329 -0.76292276 -0.76344258 -0.76239729 -0.75851077 -0.75155526
 -0.74286944 -0.73251498 -0.72192514 -0.71141517 -0.7031213  -0.69769669]
[-0.84841239 -0.64087963 -0.39793345 -0.06116825  0.21344569  0.4820579
  0.72452903  0.94536757  1.15695345  1.35317719  1.56154954  1.75716889
  1.9310708   2.06347346  2.15524125  2.1806829   2.13625956  2.02575588
  1.88596201  1.74795997  1.62111056  1.51002455  1.42424059  1.35430574
  1.30456567  1.27329314  1.25257599  1.23370135  1.22170162  1.21573627
  1.20781398  1.19990492  1.19404256  1.18847799  1.18032122  1.17100883
  1.16068232  1.14723849  1.13568544  1.12363482  1.11789739  1.11345065
  1.11770296  1.12450767  1.13385916  1.14345849  1.15409088  1.16461337
  1.1762259   1.20931828  1.25216722  1.30989313  1.38376272  1.46754587
  1.54383147  1.62000585  1.68120444  1.73415291  1.76901877  1.77594113
  1.75872445  1.71250951  1.62142158  1.49454021  1.33339429  1.14271903
  0.93016917  0.70432323  0.46854252  0.24903998  0.04892176 -0.1248344
 -0.26680744 -0.37336105 -0.45524672 -0.50847113 -0.54435796 -0.56740344
 -0.58116603 -0.59344709 -0.60993636 -0.62726843 -0.64548385 -0.66383392
 -0.68092281 -0.69660378 -0.71339291 -0.72741103 -0.74281442 -0.75982177]
[-0.68363023 -0.6830548  -0.68232393 -0.68169743 -0.68030697 -0.67816436
 -0.67524832 -0.67199618 -0.66801518 -0.66301465 -0.65736049 -0.65114599
 -0.64496231 -0.63845801 -0.63097394 -0.62250608 -0.61249232 -0.60156119
 -0.59066778 -0.58235157 -0.57764423 -0.57659388 -0.57727963 -0.57512856
 -0.56522751 -0.54555964 -0.51168799 -0.48935175 -0.42356655 -0.34192023
 -0.23466502 -0.10150802  0.0131446   0.21654581  0.37643585  0.58111978
  0.76148331  0.93991476  1.10157585  1.25243652  1.38803554  1.50493753
  1.60095751  1.68125832  1.73829281  1.77823663  1.80458844  1.82112527
  1.82892346  1.83356261  1.83672631  1.83857238  1.84033954  1.84201014
  1.84274924  1.84302592  1.84210038  1.84064209  1.83897078  1.83664632
  1.83187985  1.82466602  1.8135463   1.79504323  1.76628172  1.72471702
  1.66845453  1.59742904  1.51354301  1.41418886  1.30179441  1.17649591
  1.05070961  0.9178226   0.77146035  0.62150311  0.46384898  0.31807667
  0.16566953  0.02589002 -0.11062965 -0.22994201 -0.32901314 -0.41261899
 -0.48273623 -0.53723454 -0.57613641 -0.60362941 -0.62228638 -0.63453078]
[-0.60539842 -0.60732681 -0.60927504 -0.6080237  -0.60039282 -0.58362204
 -0.55248445 -0.52164876 -0.44676998 -0.36372587 -0.2923601  -0.12398532
  0.00865885  0.18110363  0.38526082  0.54933059  0.7311573   0.89743376
  1.05527651  1.20533574  1.34446383  1.46846819  1.57661307  1.66581333
  1.73193097  1.77514637  1.80046499  1.81695282  1.82808614  1.83582699
  1.8402462   1.8433485   1.84544027  1.84659052  1.84758055  1.84869182
  1.84837151  1.84734237  1.84592962  1.84298837  1.83849883  1.83067274
  1.81713974  1.79407752  1.76055074  1.71173811  1.64709568  1.56734025
  1.47115874  1.36709154  1.24760211  1.12096286  0.99230707  0.85010964
  0.70940191  0.55349344  0.39412767  0.23417108  0.07151231 -0.08362275
 -0.227734   -0.35596108 -0.4640322  -0.551166   -0.61945993 -0.66937321
 -0.70156306 -0.71916091 -0.72528362 -0.72329521 -0.71501338 -0.70320445
 -0.69040328 -0.67779338 -0.66554433 -0.65534222 -0.64594662 -0.63763523
 -0.63186121 -0.62847173 -0.62782949 -0.62965631 -0.63458192 -0.64106238
 -0.64956754 -0.65839434 -0.66624844 -0.67339504 -0.6780346  -0.68175143]
[-0.60188258 -0.54554671 -0.49852002 -0.46140805 -0.4307012  -0.40076834
 -0.36866954 -0.34597972 -0.33536378 -0.3373917  -0.35185823 -0.38190049
 -0.41616672 -0.44886643 -0.45250127 -0.41399303 -0.33839574 -0.21726632
  0.01916264  0.2277064   0.45949259  0.69678015  0.91163963  1.13905692
  1.33782208  1.54198444  1.75067818  1.93563628  2.07184577  2.16179729
  2.20844173  2.18746376  2.09369946  1.96952164  1.83757901  1.70804822
  1.58678305  1.48934364  1.407148    1.34118009  1.29612803  1.26734138
  1.24671245  1.23100233  1.21951008  1.20807123  1.19896948  1.19616115
  1.18905997  1.17858565  1.17114341  1.1578207   1.14591014  1.13161778
  1.12136817  1.1166501   1.11488891  1.11400294  1.11727142  1.12653291
  1.13460314  1.14079499  1.14920592  1.15785062  1.18548119  1.2274034
  1.28310871  1.36256588  1.45590675  1.54145253  1.62131763  1.68695509
  1.74231994  1.77560747  1.79108059  1.77407444  1.73247468  1.64665914
  1.51731026  1.34543705  1.14216578  0.90642852  0.64950794  0.37114376
  0.1014136  -0.16403198 -0.41660291 -0.64496243 -0.83559763 -1.00222957]
[-0.71027535 -0.65998453 -0.59420109 -0.50884414 -0.40828937 -0.30472347
 -0.19072165 -0.01370703  0.22635685  0.34868374  0.47267959  0.61880451
  0.73555994  0.90791136  1.08591318  1.23217928  1.41306782  1.56911659
  1.71047091  1.7979089   1.83700681  1.81852508  1.74984086  1.65408075
  1.55359626  1.48085213  1.42763329  1.37487209  1.32952428  1.28723609
  1.25707734  1.22687101  1.20213735  1.1733762   1.13663471  1.09629536
  1.05696344  1.02270448  0.98852342  0.96551329  0.9491238   0.93834037
  0.93004787  0.92451805  0.92695934  0.93529135  0.94602221  0.9634313
  0.97707361  0.99277508  1.00382578  1.00119698  0.98771459  0.98724693
  0.98750794  1.01311886  1.03592074  1.10277224  1.18585873  1.27426481
  1.35855329  1.42022347  1.46702635  1.49646842  1.52102804  1.53792775
  1.53954268  1.5344286   1.4963007   1.44137537  1.37535501  1.29154944
  1.19047511  1.07995558  0.96388078  0.83840162  0.71973509  0.5892933
  0.44976839  0.30929464  0.16875869  0.01846796 -0.13061501 -0.27667698
 -0.40998024 -0.52897137 -0.63341552 -0.72538304 -0.79683322 -0.84697706]
