[1.18132937 1.15827847 1.12805927 1.11729705 1.09922981 1.08793139
 1.08086622 1.06468451 1.04004014 1.01874816 0.99480909 0.97456259
 0.96735269 0.96866542 0.97257179 0.98657435 1.00908446 1.05157387
 1.10763252 1.17318428 1.26271367 1.34514618 1.40267956 1.42297983
 1.39964235 1.33970106 1.22414076 1.05192888 0.86984664 0.6889621 ]
[-1.08383477 -1.04588616 -0.98851663 -0.90912366 -0.81042713 -0.69800127
 -0.59498441 -0.50024861 -0.42530265 -0.37422034 -0.32789999 -0.28895411
 -0.25370529 -0.24185178 -0.25225067 -0.27229714 -0.27816212 -0.27209681
 -0.26116902 -0.28872645 -0.37575853 -0.53369057 -0.66053993 -0.68445975
 -0.61590582 -0.4041675  -0.17659476  0.04013226  0.36334339  0.81134361]
[ 1.26920831  1.27454233  1.28208399  1.29597592  1.3069911   1.3047502
  1.28183913  1.2158618   1.10736799  0.96960366  0.80040848  0.60069299
  0.43232292  0.23042238  0.1305456   0.0411678  -0.04894974 -0.14450543
 -0.21542335 -0.26753822 -0.31426492 -0.35516036 -0.39999548 -0.4445338
 -0.48080632 -0.51477611 -0.5373475  -0.55045694 -0.55934268 -0.56436729]
[-0.06964009 -0.05314078 -0.06155593 -0.10666516 -0.17175338 -0.2383755
 -0.28155419 -0.29785982 -0.30190381 -0.3234292  -0.39455184 -0.46346492
 -0.4657084  -0.21545951 -0.17966269 -0.25517607 -0.14838122  0.00573461
  0.36864704  0.75303465  1.13401031  1.44019234  1.62560654  1.72123933
  1.71497667  1.63476098  1.54854345  1.54490447  1.52232289  1.50686502]
[-0.93503362 -0.93536818 -0.93331677 -0.92137247 -0.89535987 -0.85259426
 -0.78764379 -0.70605344 -0.61873072 -0.53282672 -0.45434391 -0.39322329
 -0.35004711 -0.31762111 -0.29910859 -0.27918771 -0.27772528 -0.28941932
 -0.31123275 -0.32993716 -0.34367016 -0.35878572 -0.38400942 -0.43153015
 -0.48939142 -0.51216787 -0.453282   -0.33950755 -0.13374583  0.04699011]
[-0.23350933 -0.21363716 -0.14878659 -0.03814442 -0.02443678  0.07499691
  0.14555921  0.29723543  0.52078646  0.77651364  1.03153145  1.23471129
  1.36175156  1.41222036  1.38597381  1.31608617  1.22695112  1.18472338
  1.14709592  1.13070059  1.11901021  1.11594772  1.10568583  1.10332799
  1.09783792  1.09342885  1.09151876  1.09439731  1.08430886  1.08957231]
[1.73405695 1.7515074  1.75544894 1.75306773 1.75116456 1.75099599
 1.74999917 1.7499007  1.75159466 1.74399602 1.74564683 1.73859167
 1.73218036 1.72956741 1.72753656 1.72964168 1.73037708 1.71914089
 1.71145856 1.70434606 1.6997534  1.68012524 1.62221289 1.54608703
 1.39450109 1.19826174 0.95716923 0.68629694 0.36560714 0.10474742]
[ 1.7121377   1.70953691  1.70309687  1.70048487  1.69939101  1.6973424
  1.69113064  1.68988013  1.69610262  1.6990149   1.67823124  1.63924277
  1.53839636  1.37675762  1.17003679  0.92631704  0.6342783   0.3912341
  0.09585617 -0.04582536 -0.14484325 -0.20969009 -0.27603745 -0.31926885
 -0.2971932  -0.26217142 -0.21167552 -0.17142123 -0.13658078 -0.1006264 ]
[ 0.55865675  0.30433658  0.03978027 -0.05811846 -0.11034593 -0.15011065
 -0.20851491 -0.2374977  -0.23696595 -0.22127308 -0.22436628 -0.24110201
 -0.2696214  -0.30439368 -0.34455934 -0.37697008 -0.3953487  -0.41574886
 -0.4271338  -0.43186888 -0.42775536 -0.41863477 -0.40825617 -0.3918311
 -0.37176758 -0.35466507 -0.35345531 -0.3782061  -0.43164158 -0.51772684]
[-1.55481005 -1.52368236 -1.51359606 -1.52141917 -1.53426099 -1.5454886
 -1.55665481 -1.56854618 -1.57763755 -1.58486557 -1.59102297 -1.59199536
 -1.59009421 -1.58368504 -1.57243955 -1.55361938 -1.52132094 -1.46346951
 -1.37998736 -1.27252865 -1.14756417 -1.0030036  -0.8538062  -0.70327348
 -0.55484104 -0.41127089 -0.2838684  -0.18346927 -0.10626429 -0.04075034]
[0.9056555  0.88506275 0.85129941 0.79732114 0.73376268 0.6621148
 0.59046406 0.51937503 0.44672862 0.39462724 0.32983309 0.31584278
 0.33282599 0.36177638 0.41034448 0.48589325 0.58169514 0.67393327
 0.73676634 0.75247288 0.72316921 0.66545451 0.57742131 0.52493554
 0.46528322 0.45020851 0.44449654 0.42691538 0.41098028 0.415613  ]
[-0.14127843  0.06697777 -0.11363781  0.06520673  0.31295896  0.60566717
  0.9206624   1.20137739  1.42218244  1.57518661  1.66770399  1.70825076
  1.73063481  1.73519325  1.74642718  1.76091826  1.75613368  1.76041698
  1.75991356  1.76454771  1.75875378  1.75687563  1.75873291  1.75856626
  1.75850582  1.75116313  1.7512778   1.7518158   1.74406064  1.74029386]
[-1.88602984 -2.00786924 -2.13678861 -2.28144002 -2.43254638 -2.55457425
 -2.6454978  -2.6778872  -2.67890072 -2.65120864 -2.61855721 -2.55019045
 -2.38165808 -2.06508589 -1.58073711 -1.76752567 -0.30399019 -0.29974532
  0.75543344  1.03516316  1.54615498  1.63984346  1.44625354  1.08511519
  0.69955438  0.41064614  0.28281561  0.34398907  0.52793849  0.7134909 ]
[-0.47417748 -0.38743517 -0.33853802 -0.31090519 -0.27817678 -0.25653863
 -0.24304201 -0.23614806 -0.25580835 -0.29042244 -0.32421488 -0.33612046
 -0.32110012 -0.30377132 -0.31417039 -0.36315024 -0.45345685 -0.47643247
 -0.21610945 -0.16468102 -0.25308895 -0.16984423 -0.05746165  0.30249861
  0.71784663  1.11629951  1.43946624  1.62771797  1.7219069   1.69640267]
[ 1.48418355  1.43433416  1.31051862  1.13577902  0.91389537  0.64365023
  0.40674126  0.13798553 -0.02121703 -0.11761405 -0.16960347 -0.24002835
 -0.29769695 -0.31368789 -0.3203035  -0.31507593 -0.32748726 -0.34762567
 -0.36543107 -0.38638628 -0.40485236 -0.41307271 -0.41879424 -0.41844338
 -0.41358757 -0.40416813 -0.38963076 -0.37886101 -0.37111351 -0.36328843]
[ 1.06665528  1.06705451  1.06045222  1.06338942  1.06037986  1.05802798
  1.06302106  1.06539631  1.08100021  1.09449613  1.11262989  1.16117036
  1.19812465  1.22891665  1.243209    1.20496869  1.10969377  0.98009586
  0.80367213  0.58139062  0.41214722  0.20505437  0.14987496  0.07202534
  0.01532225 -0.04136151 -0.06901705 -0.09117439 -0.11414592 -0.13350016]
[1.62511909 1.68256712 1.69355524 1.68377864 1.66349828 1.67868388
 1.69478583 1.71521294 1.71272397 1.70751917 1.70246303 1.70222354
 1.6914475  1.6894244  1.69208097 1.69198692 1.68866813 1.69380677
 1.68922365 1.69217634 1.69149661 1.69017172 1.69389832 1.69237864
 1.70018339 1.72142792 1.74307895 1.77386081 1.81971908 1.85190868]
[ 0.03735775 -0.00860931 -0.0552354  -0.13550256 -0.238242   -0.38374472
 -0.43811333 -0.26734623 -0.24128097 -0.3341479  -0.18296324 -0.03142536
  0.32424599  0.710069    1.08162665  1.39177942  1.58364761  1.7137115
  1.74773765  1.72984493  1.69941974  1.73426664  1.73241746  1.73160744
  1.71974289  1.72902381  1.72153342  1.71843874  1.71444011  1.71346879]
[-0.71515113 -0.70549762 -0.69388187 -0.67291456 -0.63586938 -0.58163339
 -0.5178349  -0.45350823 -0.37403238 -0.15510823 -0.03448826  0.05976565
  0.20270471  0.30483776  0.45837048  0.6320399   0.80847853  0.96739626
  1.08939195  1.16391242  1.18933594  1.17429101  1.13830745  1.0968715
  1.07002795  1.05292153  1.04597175  1.04087746  1.03723681  1.03154933]
[ 1.74127805  1.7453202   1.74548197  1.74766505  1.74259627  1.74033117
  1.73751938  1.73124099  1.72674537  1.72655058  1.72739661  1.72198319
  1.71988046  1.71996474  1.71710145  1.71037078  1.68004823  1.62495768
  1.52343678  1.35688102  1.14975703  0.91009396  0.63374841  0.39585736
  0.12518793  0.00433067 -0.06466337 -0.09831645 -0.13721348 -0.1545155 ]
[-0.87669188 -0.82649183 -0.80102468 -0.79698014 -0.80141085 -0.81696254
 -0.83489531 -0.85235566 -0.86200571 -0.86527902 -0.86399734 -0.85894763
 -0.85128814 -0.84081078 -0.83153886 -0.82400393 -0.82370245 -0.83308208
 -0.84619677 -0.87051731 -0.90121686 -0.93685913 -0.9734177  -1.01218843
 -1.05185199 -1.0925287  -1.12776399 -1.15648794 -1.17871308 -1.18534565]
[1.5967015  1.49124551 1.38494694 1.29507625 1.23898304 1.23660278
 1.22308898 1.22125041 1.1996609  1.19546556 1.18936086 1.182163
 1.18025649 1.17156041 1.16925168 1.16248453 1.16160023 1.16659069
 1.17138553 1.18029046 1.19924831 1.22272623 1.25321794 1.29314888
 1.34312642 1.38997853 1.4299947  1.44243371 1.43210697 1.37644887]
[0.89942658 1.10729551 1.21544278 1.3614974  1.51630712 1.64052689
 1.73681891 1.78001964 1.73576522 1.64699543 1.52655351 1.3822664
 1.2583158  1.15182006 1.05933249 0.98990923 0.92869234 0.87878692
 0.83392513 0.80246031 0.77912945 0.7619648  0.75443709 0.7437638
 0.73112971 0.7195912  0.71606106 0.70600444 0.69611865 0.68692452
 0.68230569 0.67212534 0.6679312  0.66843933 0.67715955 0.69085902
 0.70273548 0.70521486 0.70365113 0.69982457 0.70496678 0.70468915
 0.70088476 0.74960512 0.79399937 0.89697498 1.02257633 1.11589622
 1.21440482 1.2940253  1.36069667 1.39902163 1.42499733 1.4305793
 1.4293735  1.39705646 1.35204935 1.27428281 1.17697668 1.05879664]
[-1.06799924 -1.05815852 -1.04595828 -1.03759694 -1.02757359 -1.01461375
 -0.99980915 -0.98175335 -0.95358223 -0.91375214 -0.85584438 -0.7841382
 -0.69822961 -0.59907275 -0.49969622 -0.40400892 -0.3201187  -0.25278473
 -0.20610633 -0.18949793 -0.22530489 -0.31171054 -0.45846942 -0.63115782
 -0.82306629 -0.99832582 -1.15534043 -1.32106507 -1.42174363 -1.4941076
 -1.48073459 -1.28494084 -0.95325309 -0.7322166  -0.51522988 -0.25418249
  0.05380203  0.47845849  0.89978582  1.29813147  1.59553099  1.77177548
  1.82320225  1.80778456  1.70068204  1.6294347   1.58135545  1.56657493
  1.54470193  1.5317353   1.53020084  1.52504253  1.51538968  1.51713514
  1.50858116  1.51480579  1.51059961  1.50247169  1.4890542   1.49018443]
[ 1.12708104  1.12756622  1.12637544  1.12425864  1.12127435  1.12012649
  1.1195668   1.11749506  1.11799526  1.11827409  1.12128377  1.12441397
  1.1284039   1.13554704  1.14294803  1.14652658  1.13698089  1.09672034
  1.02197695  0.9237712   0.79917109  0.64786148  0.51602238  0.34977487
  0.25406599  0.15345517  0.06338406 -0.03536358 -0.12188233 -0.20020688
 -0.27404127 -0.34238198 -0.41556567 -0.48723307 -0.55420852 -0.6185106
 -0.67328084 -0.71489793 -0.74751604 -0.77273321 -0.79125595 -0.80167782
 -0.80740011 -0.8108809  -0.81370527 -0.81641853 -0.81683195 -0.82763487
 -0.84661067 -0.87313712 -0.90915614 -0.95356846 -1.00260162 -1.04981184
 -1.09481144 -1.13561654 -1.17193508 -1.20203519 -1.22601843 -1.24543285]
[ 1.16020679  1.143471    1.13054836  1.11883283  1.10859573  1.10290027
  1.10043252  1.09958863  1.09728587  1.09982967  1.09744155  1.09554279
  1.09456778  1.09245658  1.09376943  1.09104884  1.09123039  1.09286797
  1.09698629  1.10400319  1.10893214  1.11481106  1.12515974  1.12595272
  1.12325203  1.09598696  1.03270674  0.94243854  0.82760948  0.68043286
  0.53301156  0.36865494  0.24842761  0.15070084  0.06719636 -0.02628412
 -0.11825664 -0.19158536 -0.26291385 -0.33902821 -0.41489184 -0.49188268
 -0.56265599 -0.62631965 -0.68291765 -0.72353035 -0.75176567 -0.76697809
 -0.77842951 -0.78010648 -0.77726841 -0.77375245 -0.76900983 -0.76840353
 -0.76672703 -0.773157   -0.78931862 -0.81787038 -0.85555655 -0.90183151]
[ 1.27162683  1.18377614  1.08499134  0.97854441  0.8626858   0.7414642
  0.61632526  0.48679587  0.35912374  0.23163731  0.09984321 -0.02847537
 -0.1530817  -0.27110428 -0.37936646 -0.472868   -0.55201524 -0.61733234
 -0.66939443 -0.70722848 -0.73301882 -0.74868733 -0.75679857 -0.75899971
 -0.75700492 -0.75210822 -0.74584156 -0.73936456 -0.73414832 -0.73055995
 -0.72927928 -0.73114228 -0.73552632 -0.74209219 -0.75140303 -0.76191652
 -0.77303445 -0.78348619 -0.79317832 -0.80097479 -0.80765474 -0.81263292
 -0.81495851 -0.81519461 -0.81406766 -0.81176901 -0.80903238 -0.80635774
 -0.80405349 -0.80210608 -0.80064368 -0.79923534 -0.79798824 -0.7970584
 -0.79636282 -0.79572475 -0.79534096 -0.79546916 -0.79559863 -0.79546553]
[-0.63848007 -0.62107253 -0.59272629 -0.54796457 -0.48505712 -0.42418382
 -0.32368898 -0.24329638 -0.08744325  0.05504799  0.22412561  0.40056053
  0.5657264   0.73820138  0.90657341  1.06866515  1.21654081  1.35221076
  1.47333145  1.58089733  1.66992366  1.73600173  1.78357983  1.81268311
  1.8308934   1.84057403  1.8477968   1.85241008  1.85561216  1.85755324
  1.85903263  1.85992932  1.86031711  1.8596338   1.85932374  1.85775733
  1.85466409  1.84817159  1.83861613  1.82377958  1.79917395  1.76338089
  1.71450782  1.64768779  1.56484914  1.46658492  1.35602832  1.23023999
  1.09948778  0.95949936  0.81226897  0.6631037   0.50578099  0.35168344
  0.19107509  0.03606526 -0.10933965 -0.2500793  -0.37367287 -0.4780547 ]
[ 1.75791121  1.80211866  1.8708241   1.93219733  1.98095608  1.99154961
  1.94462216  1.86659276  1.73951817  1.61100376  1.48694646  1.39828491
  1.33531868  1.30181646  1.27973735  1.26513517  1.25485981  1.24769545
  1.24018073  1.23806715  1.23677337  1.23681128  1.23706412  1.23659253
  1.23258638  1.2326591   1.23213685  1.22770262  1.21921086  1.21076488
  1.2017715   1.19356608  1.19568419  1.2054323   1.22729552  1.25611591
  1.27682877  1.29104102  1.28818429  1.28681791  1.28133523  1.25755179
  1.19040477  1.1640991   1.06290698  1.03556359  0.94744384  0.8511914
  0.74369359  0.62912112  0.51065946  0.39280626  0.26707232  0.14637171
  0.03756746 -0.06060842 -0.146238   -0.22012739 -0.27660021 -0.31399468]
[-2.22505975 -2.21373844 -2.14770842 -2.05740309 -1.9238019  -1.77462065
 -1.64214957 -1.53961802 -1.4597137  -1.39483547 -1.34032381 -1.29132855
 -1.23925233 -1.20172417 -1.17453408 -1.12798154 -1.0468502  -0.90938663
 -0.75279641 -0.62227291 -0.57267845 -0.59585202 -0.71918041 -0.89996308
 -1.15087008 -1.38865983 -1.70664012 -2.09261131 -2.46254158 -2.79438901
 -3.11090612 -3.41098022 -3.64917231 -3.76954174 -3.78713489 -3.71743011
 -3.50105953 -3.14390421 -2.74289107 -2.13411331 -1.36771083 -0.92266202
 -0.61204207 -0.43521598 -0.24482837  0.20950462  0.7703293   1.37784541
  1.98781908  2.45482159  2.8067944   2.94626045  2.92064333  2.83340359
  2.72536492  2.67603064  2.65888143  2.65330911  2.64622617  2.68373394]
[-0.91942996 -0.88608092 -0.85657144 -0.8292287  -0.79860538 -0.75919753
 -0.70703661 -0.63935542 -0.55599248 -0.46812186 -0.37584555 -0.27324349
 -0.07375856  0.03217927  0.16280538  0.26709834  0.39186031  0.53422534
  0.67573673  0.81201744  0.93021661  1.01345551  1.0718776   1.09303486
  1.09224606  1.06678438  1.05348766  1.02999556  1.01725316  1.00849271
  1.00662589  1.00071466  0.99693012  0.9951086   0.99391675  0.99167717
  0.99410504  0.99210268  0.99198478  0.98890066  0.98525423  0.9828338
  0.98619747  0.98405617  0.98567545  0.98451078  0.98685104  0.99215037
  0.999259    1.01527452  1.03753459  1.05768597  1.07798243  1.08769429
  1.09601033  1.10867393  1.12108719  1.12656558  1.1515727   1.16214323]
[-0.27939099 -0.25966695 -0.21727723 -0.13517201 -0.01539144  0.11213227
  0.2314654   0.41138414  0.6167559   0.71372151  0.88298959  0.99428737
  1.13727808  1.32794976  1.46672559  1.57493532  1.64231825  1.66437709
  1.66919196  1.63085723  1.56840599  1.4831363   1.40296781  1.32726312
  1.28166187  1.24939537  1.22480667  1.20032537  1.1859349   1.17656589
  1.17113101  1.16523874  1.16294992  1.15773642  1.15927362  1.15725827
  1.15439606  1.15021205  1.14934909  1.14702976  1.14581835  1.14601874
  1.14698637  1.14729154  1.15823305  1.17099917  1.20152318  1.23671365
  1.27654386  1.31790817  1.34676862  1.37068808  1.38841856  1.39858067
  1.38375723  1.39311743  1.43484902  1.52399445  1.59263659  1.65676761]
[-0.41747868 -0.38841107 -0.36382395 -0.34076399 -0.32808965 -0.32934174
 -0.34215859 -0.35590464 -0.3673951  -0.37008741 -0.36512202 -0.37625512
 -0.36323419 -0.40020698 -0.37936172 -0.19830115 -0.15479335 -0.07214505
  0.0518347   0.21211569  0.45465732  0.73063385  1.00256252  1.23180366
  1.41875696  1.55826592  1.64928436  1.68844402  1.70642686  1.73336697
  1.74070942  1.74977171  1.75268221  1.75975311  1.75664246  1.75813556
  1.75908244  1.756598    1.75864613  1.76215339  1.75520229  1.7594353
  1.75299573  1.74703705  1.74107993  1.74080133  1.72816634  1.71289408
  1.68916178  1.66289437  1.6315335   1.60053921  1.57363057  1.530406
  1.48065853  1.40964949  1.32724488  1.24172819  1.1620115   1.04946518]
[ 0.00252212  0.15685122  0.27467588  0.44133741  0.61317843  0.79807615
  0.96797359  1.12924755  1.27686334  1.41270685  1.52655435  1.61963427
  1.69616234  1.75188041  1.79612541  1.82344079  1.84171164  1.85230434
  1.85927379  1.86471474  1.86657476  1.86844873  1.87104559  1.87192786
  1.87276828  1.87267268  1.87035859  1.8690958   1.86511111  1.85929799
  1.85065532  1.83545554  1.80977845  1.77443898  1.72179627  1.65994608
  1.58443117  1.48973465  1.37979996  1.25242293  1.11607254  0.96895242
  0.81559551  0.64385855  0.47594649  0.30298293  0.15332429  0.00420191
 -0.12514172 -0.2457791  -0.34975013 -0.42898107 -0.49184272 -0.53544682
 -0.56452996 -0.58025622 -0.58633924 -0.58652735 -0.58328068 -0.57886946]
[ 1.79174495  1.79745865  1.80268669  1.80521691  1.80991828  1.81047058
  1.81113875  1.80634832  1.80359495  1.80191338  1.79670799  1.78670514
  1.77834868  1.75821888  1.73675978  1.70401108  1.664832    1.6314137
  1.58876026  1.53326976  1.46255529  1.34109867  1.18233252  0.99123561
  0.77748162  0.53925341  0.3354491   0.11555175 -0.0140258  -0.07957108
 -0.14875284 -0.22996745 -0.28634438 -0.30069676 -0.31483939 -0.32307041
 -0.33713642 -0.35343513 -0.36700431 -0.38450792 -0.39995214 -0.41278243
 -0.42725492 -0.4387401  -0.44937196 -0.45426401 -0.45353198 -0.45396098
 -0.45210236 -0.44774094 -0.44215056 -0.44663182 -0.46461695 -0.49501297
 -0.53581387 -0.58849853 -0.64986449 -0.70832473 -0.76105613 -0.80707204]
[-0.75238222 -0.72329295 -0.6848579  -0.64179212 -0.5967319  -0.54969943
 -0.51229823 -0.47993082 -0.45314312 -0.42674053 -0.4045206  -0.37841573
 -0.34597608 -0.33550441 -0.33273962 -0.33275834 -0.33110842 -0.32989925
 -0.33172348 -0.3636893  -0.39812824 -0.45618337 -0.46867904 -0.35725266
 -0.25275421 -0.27684176 -0.14766271  0.00829241  0.29469654  0.62399381
  0.93660212  1.20635855  1.41673267  1.54980874  1.64693391  1.68836319
  1.70811319  1.72362208  1.75948787  1.7595315   1.7699827   1.77250242
  1.77691627  1.77529299  1.77157032  1.77348065  1.7719512   1.77360201
  1.77658868  1.76407671  1.76735806  1.76014435  1.75360739  1.74648798
  1.73377812  1.71600497  1.69796932  1.67119145  1.6505487   1.62794542]
[-1.58900189 -1.58647692 -1.58468091 -1.58158195 -1.57742107 -1.57096171
 -1.56065953 -1.5420686  -1.51474726 -1.48269689 -1.448367   -1.4117775
 -1.37415051 -1.33642817 -1.2980392  -1.25924885 -1.21278048 -1.15993202
 -1.09927392 -1.03060925 -0.95649731 -0.88906837 -0.82485557 -0.75306457
 -0.67277318 -0.5823673  -0.48042446 -0.36318269 -0.2278516  -0.08482947
  0.05941832  0.17551276  0.23568586  0.33260921  0.41168389  0.52369177
  0.61430901  0.70137262  0.78856087  0.85413611  0.89260238  0.90913713
  0.91063285  0.89166892  0.86630362  0.83815622  0.81139094  0.79816186
  0.79609519  0.79661208  0.79239959  0.78887194  0.78885615  0.78776044
  0.78805971  0.78584349  0.78439158  0.78309005  0.7828362   0.78138196]
[1.28966939 1.65415347 1.84202218 2.07007289 2.3278029  2.55524945
 2.69369936 2.73965931 2.66705608 2.52232671 2.28265572 2.05782676
 1.86169958 1.68417561 1.53133762 1.4152174  1.32227886 1.24483562
 1.17941904 1.1394099  1.09953964 1.08065498 1.07024491 1.05055821
 1.02641118 1.0258081  1.01168799 1.00094938 0.98875612 0.98134112
 0.97195578 0.96057504 0.95731705 0.9581477  0.97473603 1.00158644
 1.02255177 1.03695011 1.04282439 1.05631626 1.08498919 1.09448647
 1.11935413 1.21844029 1.30253911 1.47798932 1.67395353 1.82190347
 1.97505474 2.10392642 2.19003558 2.24692774 2.26074433 2.24118328
 2.18406916 2.07704115 1.91888189 1.720505   1.48627496 1.20881438]
[-2.2111516  -2.16377139 -2.07195258 -1.96520364 -1.84755647 -1.73950756
 -1.65004599 -1.58650649 -1.52394509 -1.46269405 -1.4086163  -1.36289883
 -1.31225049 -1.27154803 -1.23717737 -1.17353809 -1.0607636  -0.88752568
 -0.6984548  -0.5559938  -0.5144614  -0.55043429 -0.69343257 -0.88659173
 -1.16057038 -1.43496263 -1.81701791 -2.29691529 -2.77735877 -3.27315593
 -3.75080419 -4.15343904 -4.39712    -4.44609737 -4.3917675  -4.30582762
 -4.12127495 -3.8519187  -2.83618116 -2.10311794 -1.70326424 -1.1886462
 -0.99023604 -0.24653952  0.66683185  1.6411581   2.52088928  3.19521904
  3.56383204  3.60728264  3.43012357  3.0671227   2.72439051  2.55589986
  2.47173905  2.45204616  2.4088707   2.38467741  2.34818435  2.34887338]
[ 1.55758047  1.55184007  1.55010855  1.53892386  1.52868819  1.50997567
  1.49001002  1.47020876  1.44109833  1.39812446  1.34463346  1.25154328
  1.12983406  0.98144114  0.81390911  0.62484962  0.44953626  0.26304108
  0.12310849  0.02889694 -0.0738845  -0.18474358 -0.27717757 -0.34291461
 -0.40136209 -0.44627157 -0.48624623 -0.52080375 -0.54411221 -0.56498802
 -0.5801869  -0.58661097 -0.59255195 -0.59331167 -0.59409893 -0.59375036
 -0.59457362 -0.59407508 -0.5944286  -0.59736568 -0.60060835 -0.61326456
 -0.63827705 -0.67368066 -0.71640098 -0.76831418 -0.82263017 -0.87286431
 -0.914105   -0.94722211 -0.97011781 -0.98765773 -0.99822342 -1.00617445
 -1.00888491 -1.00627899 -0.99934775 -0.9823305  -0.96358103 -0.94458878]
[ 1.28306603  1.28973222  1.30596399  1.31378269  1.3174119   1.30752873
  1.28303969  1.2443285   1.18485558  1.11945987  1.05574262  1.00670123
  0.96681851  0.94803941  0.93547958  0.92754972  0.92132908  0.917548
  0.91396672  0.9128719   0.91126305  0.91167372  0.91073376  0.9084686
  0.90808839  0.90473723  0.90457147  0.90255666  0.89843231  0.89701766
  0.88979626  0.88369966  0.88521922  0.88567054  0.89506119  0.90502071
  0.91447634  0.92082596  0.9184441   0.91238415  0.89429963  0.8555159
  0.79346132  0.73906142  0.65152895  0.596946    0.51871151  0.43512449
  0.34533426  0.2491959   0.14234006  0.03335607 -0.08613648 -0.21375833
 -0.34523427 -0.47052756 -0.58956152 -0.69517332 -0.78693932 -0.86377901]
[ 1.5441258   1.61152411  1.64800286  1.6812042   1.69251621  1.70590353
  1.7290684   1.7475152   1.76353002  1.76919711  1.77102828  1.77261043
  1.77400541  1.77734005  1.77907681  1.78015733  1.7769649   1.77474892
  1.77271378  1.76819146  1.76147807  1.75538731  1.74185443  1.73216724
  1.71161568  1.68160439  1.6639899   1.6370455   1.59213567  1.53320944
  1.43355966  1.28666234  1.10869455  0.90161794  0.65792841  0.43578473
  0.20118305  0.04769569 -0.06991031 -0.15496534 -0.24207069 -0.31516492
 -0.34681875 -0.37085369 -0.37589657 -0.38585654 -0.40086251 -0.41159037
 -0.42155898 -0.4275296  -0.42836016 -0.4258593  -0.4190599  -0.41040289
 -0.397668   -0.38177174 -0.36697939 -0.35341695 -0.34089875 -0.33128124]
[-1.03801167 -0.98300642 -0.92192215 -0.86124676 -0.80628955 -0.75913888
 -0.71685743 -0.67398483 -0.63687187 -0.6015023  -0.57263577 -0.56046021
 -0.55184495 -0.54563087 -0.52416009 -0.48663431 -0.43784913 -0.40216157
 -0.37396264 -0.33536065 -0.20159282 -0.07263555 -0.02528983  0.05241909
  0.13988277  0.30528304  0.50601029  0.71517724  0.9011966   1.03611004
  1.12846267  1.16111696  1.15967143  1.13090134  1.12583232  1.11785114
  1.12375557  1.1204071   1.12241471  1.12105048  1.11819887  1.1162529
  1.11171389  1.11212766  1.11297321  1.10942566  1.11250317  1.10435128
  1.10268188  1.09795237  1.10266781  1.09927857  1.09956288  1.1012702
  1.11211097  1.12468171  1.14999223  1.18377137  1.21832454  1.25253129]
[ 1.35967338  1.35068882  1.34359741  1.32167459  1.28915799  1.24332595
  1.19953477  1.15664911  1.12590325  1.11102962  1.09976757  1.0945431
  1.09138179  1.08680356  1.08476663  1.08360255  1.08417308  1.0839349
  1.08336687  1.08233619  1.08008122  1.07720828  1.07792139  1.07555676
  1.076316    1.07283318  1.07422078  1.07779431  1.08033061  1.08559191
  1.09789872  1.10430801  1.10008705  1.07071853  1.00832701  0.92000872
  0.80325049  0.66183305  0.51147866  0.35863572  0.23733382  0.13389543
  0.03984504 -0.06219194 -0.16030258 -0.24438006 -0.32463169 -0.39806119
 -0.47346514 -0.54679817 -0.60931802 -0.66419095 -0.70770031 -0.7393592
 -0.75941241 -0.77251822 -0.77964026 -0.78254259 -0.78142571 -0.78071916]
[ 1.50164127  1.51785433  1.5425508   1.55872273  1.56991422  1.5616343
  1.53816664  1.49902296  1.43811762  1.37475348  1.31256711  1.26900756
  1.23742568  1.22214687  1.21450412  1.20414436  1.20028543  1.19666278
  1.19380832  1.19226062  1.191625    1.1932373   1.19350338  1.1929816
  1.19011343  1.18991113  1.18894053  1.18712378  1.18430603  1.18025279
  1.17720747  1.17138183  1.17365825  1.17792523  1.18649828  1.19167554
  1.19701564  1.19390893  1.17898989  1.1567353   1.12587118  1.07227969
  0.98540759  0.9153927   0.80475074  0.72712857  0.61890775  0.50956345
  0.40224981  0.28770116  0.17368388  0.05664369 -0.05881583 -0.17566317
 -0.29014829 -0.39251518 -0.48266807 -0.56144422 -0.6225993  -0.67178315
 -0.70416254 -0.72099459 -0.72821772 -0.72930992 -0.72845381 -0.72740889
 -0.73316789 -0.74463063 -0.76502508 -0.79412329 -0.82764626 -0.86724001
 -0.9071402  -0.94624764 -0.98204118 -1.01850379 -1.05251968 -1.08514106
 -1.11419272 -1.13996482 -1.16173446 -1.18057454 -1.19443226 -1.20504391
 -1.21069765 -1.21170342 -1.20630884 -1.19465649 -1.18044138 -1.16506469]
[-0.68540955 -0.62603557 -0.5922783  -0.58841407 -0.61023396 -0.64488125
 -0.68873978 -0.72352862 -0.72686094 -0.67708153 -0.57391196 -0.43773419
 -0.19137917  0.07620288  0.32762733  0.58711058  0.81842208  1.04825079
  1.28706956  1.49624181  1.69548869  1.91774035  2.09236026  2.21066308
  2.27453876  2.28488421  2.19701123  2.0694797   1.92009282  1.79275668
  1.65921736  1.54911602  1.45979869  1.37795341  1.31779015  1.27313256
  1.24176109  1.21890831  1.19795775  1.18993938  1.17588079  1.16820574
  1.1625315   1.15330422  1.13905025  1.12802863  1.1107564   1.09982979
  1.08530939  1.0754025   1.07459986  1.07501853  1.0798161   1.08883393
  1.10390639  1.11265326  1.11576474  1.12614965  1.14587677  1.18635035
  1.23641455  1.31188297  1.4180572   1.53099036  1.63339651  1.72506082
  1.79872763  1.85550857  1.88582599  1.89162266  1.86508393  1.80555475
  1.70499611  1.56562626  1.39181149  1.18193281  0.94629496  0.70707166
  0.44517639  0.19796099 -0.04887374 -0.27472454 -0.46850887 -0.62715262
 -0.76072806 -0.85230744 -0.92262834 -0.9693107  -0.99739242 -1.0177207 ]
[-1.3346988  -1.32764316 -1.31577241 -1.30596209 -1.29439044 -1.2826463
 -1.27408099 -1.27144063 -1.26815617 -1.26263559 -1.25204551 -1.23446465
 -1.20611525 -1.16647506 -1.11745334 -1.05058992 -0.96770674 -0.87205589
 -0.78640908 -0.72988659 -0.71997327 -0.75244123 -0.8386752  -0.96186936
 -1.1109159  -1.26552033 -1.43778121 -1.61957681 -1.76771903 -1.88176799
 -1.9818083  -2.05730414 -2.0823915  -2.04107904 -1.93036866 -1.74741101
 -1.4727515  -1.13363731 -0.80609787 -0.47658095 -0.05445926  0.29423454
  0.38172314  0.64939171  0.76882839  1.01295424  1.24289072  1.46107984
  1.62241495  1.70299435  1.72593451  1.70067537  1.63724113  1.54865444
  1.44836223  1.36071408  1.30272365  1.26054239  1.22371721  1.20533347
  1.18737972  1.17939007  1.16873217  1.16008508  1.15953624  1.15792358
  1.15534067  1.15313399  1.15112698  1.1508739   1.14310956  1.14602292
  1.14950347  1.15744579  1.17921174  1.19173932  1.22274804  1.27384794
  1.34401584  1.427544    1.49921989  1.57164693  1.61765015  1.65651858
  1.69412243  1.72893977  1.73447812  1.77765727  1.86005962  2.00643325]
[ 0.66534781  0.94449389  1.05284703  1.23057008  1.40544677  1.56494105
  1.73242486  1.87105966  1.96268177  1.99116898  1.94582081  1.84496248
  1.71438003  1.58364129  1.47983086  1.39106512  1.33207881  1.28076541
  1.23396456  1.19425642  1.15571404  1.12325799  1.09609258  1.07291937
  1.05961525  1.04925227  1.03878808  1.03439379  1.02303684  1.01434338
  1.00596642  0.99294651  0.98158789  0.97598189  0.97451514  0.9771226
  0.98308378  0.99237442  1.00020456  1.00686193  1.00724244  0.99731392
  0.99453986  1.00869429  1.02208769  1.06904733  1.1290462   1.20951223
  1.30519509  1.38948154  1.4681195   1.5303396   1.58063018  1.61327159
  1.62029064  1.61154652  1.56945646  1.50119102  1.40663421  1.28469312
  1.14360332  0.9804945   0.80885476  0.61947632  0.42934528  0.24721906
  0.07182771 -0.08781208 -0.22769868 -0.35954186 -0.47318473 -0.57283884
 -0.66375571 -0.73979115 -0.80518901 -0.86238182 -0.90626383 -0.93836778
 -0.96090579 -0.97467625 -0.98006344 -0.98225504 -0.97917145 -0.97754395
 -0.97421211 -0.97061419 -0.97106194 -0.97778887 -0.98600614 -0.99411529]
[-0.64561921 -0.64725679 -0.6421622  -0.627599   -0.59790498 -0.56060356
 -0.50151539 -0.42323393 -0.34886023 -0.16441017 -0.05075949  0.14796183
  0.33281627  0.50438488  0.6787532   0.84784716  1.01246154  1.16919553
  1.31330681  1.44604504  1.55911672  1.65427756  1.72561789  1.77863836
  1.81177044  1.83233964  1.8458966   1.85443246  1.85940099  1.86330175
  1.86591792  1.86716235  1.86732209  1.86815572  1.86788833  1.86747098
  1.86633241  1.86324739  1.85881698  1.84985411  1.83572829  1.81456947
  1.77824414  1.72923326  1.65756905  1.57047307  1.4672302   1.35126269
  1.22639978  1.09555638  0.96012145  0.82073671  0.67730397  0.5307917
  0.36974466  0.20438771  0.04258944 -0.11913396 -0.26823339 -0.3999421
 -0.51250279 -0.60353929 -0.67477912 -0.72479695 -0.75454199 -0.76832145
 -0.76944023 -0.76311171 -0.75124091 -0.73607141 -0.7199896  -0.70408738
 -0.68944168 -0.6764518  -0.66442376 -0.65493727 -0.64867097 -0.64450055
 -0.64367992 -0.64574403 -0.64956486 -0.65422928 -0.65989214 -0.66418684
 -0.66680062 -0.668226   -0.66815948 -0.66528326 -0.66074222 -0.65524858]
[-0.68397987 -0.68292111 -0.68198425 -0.68087894 -0.6783883  -0.67426574
 -0.66946876 -0.66526037 -0.66121745 -0.65623182 -0.65063912 -0.64465749
 -0.63823795 -0.63088799 -0.62179589 -0.61180121 -0.6007154  -0.59004039
 -0.57935381 -0.57157534 -0.56678742 -0.56401044 -0.56165934 -0.55307525
 -0.53690046 -0.50889635 -0.48402816 -0.43301499 -0.39415324 -0.27984461
 -0.15918535 -0.04552792  0.11453813  0.27490008  0.45772055  0.64653993
  0.82337874  0.99631715  1.15039086  1.2942847   1.42153656  1.53051007
  1.61991322  1.69264317  1.74410605  1.78236258  1.80617809  1.82200074
  1.8305701   1.83543968  1.8379693   1.84025609  1.84221363  1.84453773
  1.84473848  1.84493566  1.84369123  1.84189391  1.83950257  1.83655071
  1.83044708  1.82085502  1.80596411  1.78269041  1.74853158  1.6999408
  1.63966393  1.56467283  1.47468948  1.37059212  1.25180805  1.12475693
  0.99526596  0.85801613  0.71108502  0.5621928   0.41173095  0.27156925
  0.12706113 -0.00770276 -0.13992879 -0.2510446  -0.34578723 -0.42627192
 -0.49202681 -0.54378039 -0.58156097 -0.60851038 -0.62735206 -0.64021915]
[-0.93388104 -0.96386993 -0.97708672 -0.98697209 -0.97805804 -0.96026856
 -0.93920135 -0.92420983 -0.91394913 -0.91819912 -0.921507   -0.92908239
 -0.93318868 -0.93051881 -0.92892885 -0.91220152 -0.87836564 -0.81792182
 -0.76032561 -0.72184217 -0.73982614 -0.80756503 -0.93255156 -1.08677709
 -1.28092241 -1.47103918 -1.69101429 -1.92785442 -2.14158177 -2.33075261
 -2.48465276 -2.60723424 -2.67481422 -2.6759212  -2.63094759 -2.58057261
 -2.48423243 -2.31231618 -2.07976341 -1.77123165 -1.42538011 -1.07231176
 -0.78321302 -0.51820457 -0.22434993  0.07843081  0.15528187  0.22745498
  0.344412    0.40566123  0.68502188  1.00392079  1.32299268  1.56441784
  1.7200458   1.77364492  1.77663112  1.74470413  1.69069219  1.6714741
  1.67379344  1.68938708  1.70263505  1.7007165   1.70184982  1.70152318
  1.70365548  1.69597399  1.70383     1.70500267  1.69846845  1.70515227
  1.70523489  1.69864213  1.71223414  1.69399333  1.69373763  1.69722641
  1.6893307   1.69960952  1.71928096  1.75842452  1.81057739  1.8634901
  1.87826312  1.8760246   1.84400988  1.79674613  1.75070882  1.69712532]
[ 0.42626956  0.60358506  0.78273094  0.95076555  1.10604167  1.24722481
  1.37943113  1.49806213  1.59351122  1.67126977  1.72848785  1.77124774
  1.79783106  1.81372905  1.82486558  1.82847464  1.83324873  1.83601153
  1.83732355  1.83997965  1.84077239  1.84286928  1.84358227  1.84292793
  1.84021306  1.8393327   1.834481    1.83000088  1.82289743  1.81121886
  1.79267156  1.76234484  1.71869552  1.65833664  1.58291447  1.48938704
  1.38176489  1.26305103  1.12750947  0.98478913  0.83220488  0.66537803
  0.50228643  0.34502792  0.18977821  0.04706902 -0.08940534 -0.21172911
 -0.31707823 -0.4017317  -0.4700419  -0.52249116 -0.55944282 -0.58542979
 -0.60167015 -0.61223471 -0.61627811 -0.61775112 -0.61327362 -0.60755575
 -0.59969777 -0.59027636 -0.57930052 -0.56815088 -0.5582847  -0.55124325
 -0.54854101 -0.55207086 -0.56271935 -0.58227253 -0.60710758 -0.63799971
 -0.66904902 -0.69751137 -0.71884298 -0.73538649 -0.74725193 -0.75554985
 -0.76057976 -0.7629413  -0.76333785 -0.76221979 -0.7579754  -0.7524361
 -0.74343443 -0.73392731 -0.72427797 -0.7150535  -0.7068845  -0.70212054]
[-1.18784118 -1.17199385 -1.151173   -1.12387013 -1.08765543 -1.0362699
 -0.97196704 -0.89621347 -0.82061523 -0.73940593 -0.66601574 -0.60588413
 -0.55432457 -0.51124698 -0.47681752 -0.44830409 -0.41354182 -0.38896182
 -0.37642044 -0.38591701 -0.42227474 -0.48813173 -0.56213963 -0.62010968
 -0.65041256 -0.62148231 -0.53466511 -0.39296675 -0.21319786  0.09440669
  0.30577853  0.56898141  0.79866946  0.99687892  1.21908796  1.42275739
  1.61931431  1.78140259  1.91676414  2.02511144  2.06363988  2.03250837
  1.94890392  1.83035052  1.71260345  1.60001612  1.49928916  1.40592802
  1.33225751  1.28416574  1.25293303  1.23464     1.21599483  1.2070564
  1.1993444   1.18770838  1.17867541  1.17337215  1.17224753  1.16789377
  1.15911424  1.15158391  1.13825679  1.12535238  1.11070704  1.09887362
  1.09210038  1.08641315  1.08048058  1.07708418  1.07684338  1.08435357
  1.09774542  1.11598146  1.14522779  1.18995559  1.24463689  1.3052038
  1.35732543  1.40245986  1.45016849  1.50030601  1.54659784  1.59960663
  1.62727106  1.65146208  1.64046574  1.58427143  1.49487686  1.37298107]
[-1.09577286 -1.0405792  -0.96865213 -0.88425499 -0.79169983 -0.6955874
 -0.59701604 -0.51118451 -0.44492581 -0.38079345 -0.29921091 -0.21091504
 -0.1201595  -0.02882276  0.08603235  0.28696349  0.38497683  0.45429474
  0.56594527  0.6417954   0.76570398  0.90975338  1.03466761  1.15751696
  1.29019654  1.41176379  1.47310686  1.51462626  1.51194954  1.47783065
  1.41174304  1.33924615  1.2815485   1.23825681  1.19954777  1.17615974
  1.12799072  1.1070354   1.08345425  1.06286907  1.04184902  1.02177668
  0.98931932  0.96047223  0.92993891  0.90293461  0.87453073  0.86033219
  0.84683043  0.84021199  0.83446467  0.83209825  0.83438939  0.84490371
  0.85599017  0.87003762  0.88486791  0.89253169  0.89763933  0.88485247
  0.8785345   0.87309903  0.88921875  0.9010756   0.94657212  1.00594366
  1.07825994  1.15031493  1.1980654   1.23638606  1.25821018  1.27794778
  1.28638661  1.28902102  1.28582251  1.26311004  1.22118199  1.16877306
  1.10202992  1.02957284  0.92948049  0.8425653   0.73879427  0.65259194
  0.57357687  0.47507751  0.38159007  0.28676477  0.18451111  0.07797818]
[ 0.00215969  0.09057853  0.14060137  0.18388449  0.21339063  0.23424193
  0.25544313  0.27663961  0.30004564  0.33366263  0.38088843  0.44546247
  0.47444165  0.50591135  0.56255698  0.61152756  0.69949377  0.78083348
  0.87481564  0.97091603  1.05568361  1.12166059  1.16966951  1.18624616
  1.18018973  1.15738642  1.11341798  1.0646435   1.02915668  1.00043166
  0.97579217  0.95361483  0.9323023   0.90985155  0.89627683  0.88171101
  0.86951536  0.85502732  0.84003788  0.82596749  0.80579698  0.79036105
  0.77727801  0.76421422  0.75484455  0.75346529  0.75109053  0.75549805
  0.75938892  0.76928383  0.78025615  0.79076964  0.79902953  0.80699623
  0.8121472   0.80375314  0.80527252  0.80540061  0.82170093  0.83020616
  0.86056441  0.89076209  0.92849213  0.96262181  0.97971952  0.99330676
  1.00065732  1.00643671  1.00903606  1.00554025  0.99816912  0.97425556
  0.94004601  0.905056    0.8590067   0.80246228  0.73766571  0.67405039
  0.61036325  0.55719286  0.50891465  0.46279699  0.41187808  0.36130148
  0.30192667  0.24172461  0.17205387  0.09823833  0.02465558 -0.05157102]
[-0.77772504 -0.76026011 -0.73927349 -0.71589655 -0.69556665 -0.67416704
 -0.64873087 -0.62034541 -0.58625406 -0.5439918  -0.49487844 -0.43757558
 -0.40004277 -0.31386566 -0.21462205 -0.06568868  0.05063765  0.2103357
  0.36375204  0.54122806  0.73956078  0.92671376  1.10034251  1.25430417
  1.38721347  1.50133371  1.59488022  1.66517937  1.71952128  1.75786066
  1.78832018  1.80841184  1.82193184  1.82668591  1.83115971  1.83323348
  1.83414221  1.83627367  1.83810735  1.83923042  1.83977604  1.83893716
  1.83655322  1.83541977  1.83156121  1.82547963  1.81685472  1.8015976
  1.77775812  1.74238861  1.69351387  1.63419676  1.56566668  1.48219168
  1.38818634  1.28201771  1.16673326  1.05103052  0.93182343  0.79439163
  0.65862119  0.5152216   0.40100756  0.27804792  0.1692325   0.06161159
 -0.02858391 -0.10469742 -0.17104629 -0.22746059 -0.27738217 -0.3210634
 -0.35973272 -0.39688757 -0.43015876 -0.46146557 -0.4895384  -0.51528394
 -0.53624362 -0.55099672 -0.56041044 -0.56304723 -0.56189919 -0.55775613
 -0.5544427  -0.55538362 -0.5628615  -0.57716751 -0.59740245 -0.62269086]
[-0.83229589 -0.82936424 -0.82486248 -0.82326341 -0.81988686 -0.81622529
 -0.81450778 -0.81368983 -0.81112528 -0.80695015 -0.80170149 -0.79635173
 -0.78792059 -0.77607685 -0.76105589 -0.73620415 -0.70036477 -0.65350902
 -0.61094809 -0.58464128 -0.58973604 -0.62154257 -0.68569297 -0.76688385
 -0.86290234 -0.96190977 -1.07660162 -1.21178925 -1.34443867 -1.46602964
 -1.57323098 -1.65068352 -1.68380725 -1.66426909 -1.64058983 -1.53855944
 -1.42044353 -1.19492805 -0.91984499 -0.59045964 -0.42232436 -0.09818366
  0.11450589  0.47662285  0.81539673  1.14657485  1.41571939  1.62281835
  1.75990474  1.83163488  1.85646224  1.84801579  1.83045566  1.82555759
  1.81982446  1.82544339  1.82373548  1.81875455  1.81285     1.81582904
  1.81087255  1.81157839  1.8115952   1.80812895  1.80401456  1.80017292
  1.79496682  1.78696907  1.7766974   1.76230419  1.73551166  1.70530844
  1.66819823  1.62599695  1.58558667  1.53785086  1.48405671  1.41842639
  1.3347609   1.23560047  1.1293453   1.02783835  0.91388446  0.79741311
  0.70947129  0.65045613  0.61874485  0.59525019  0.5846414   0.58040261]
[-0.69768173 -0.68696457 -0.67808509 -0.67401439 -0.66919178 -0.66505849
 -0.65748531 -0.64392841 -0.62136769 -0.5859344  -0.54317516 -0.50157207
 -0.46119937 -0.42026448 -0.37762719 -0.33140063 -0.282206   -0.2305848
 -0.18070772 -0.17608427 -0.10291018 -0.03786877  0.06627984  0.13848135
  0.26947105  0.3681941   0.55712575  0.72502315  0.909563    1.07514811
  1.2256496   1.36390996  1.48081672  1.57758892  1.64903092  1.70176268
  1.74137306  1.77668369  1.79914081  1.8164593   1.82453978  1.82973623
  1.83184922  1.83322656  1.83551955  1.83729708  1.83796394  1.83915555
  1.83810949  1.83467722  1.8341887   1.83113754  1.82517171  1.81751919
  1.80248833  1.77958024  1.74707544  1.70290267  1.65207279  1.59285498
  1.51711655  1.42858839  1.32521212  1.21117866  1.09574521  0.96766454
  0.82336539  0.68482965  0.52803272  0.41311416  0.28247032  0.1541853
  0.03115324 -0.08267108 -0.18646307 -0.27930239 -0.36300501 -0.43813941
 -0.5023548  -0.55815572 -0.60319513 -0.64137316 -0.67183518 -0.69533134
 -0.71330601 -0.72328919 -0.72747672 -0.72770911 -0.72333366 -0.71736276]
[-0.43068781 -0.33836344 -0.25669995 -0.11829007  0.01953642  0.20745209
  0.37795961  0.56834018  0.74693531  0.92258823  1.08772016  1.24598956
  1.3906976   1.51486754  1.61765075  1.70101714  1.76133621  1.8025564
  1.82735431  1.84326458  1.85241759  1.85826433  1.86219251  1.86511385
  1.86750329  1.86873996  1.86957395  1.86965525  1.86969554  1.86883867
  1.86755192  1.86488295  1.86095083  1.85390306  1.84263158  1.82329738
  1.79345596  1.74808419  1.6842041   1.60350358  1.50537539  1.39158762
  1.26548421  1.12670839  0.98461455  0.84143424  0.69058299  0.53826427
  0.37410292  0.22012798  0.06379166 -0.07967135 -0.21360306 -0.33381003
 -0.43163508 -0.50957239 -0.57026058 -0.61307234 -0.63968486 -0.65495265
 -0.66077662 -0.66139919 -0.6581834  -0.65327954 -0.64754146 -0.64159518
 -0.63462776 -0.62662774 -0.61798209 -0.60907948 -0.60062051 -0.5938316
 -0.59109092 -0.5923298  -0.59859294 -0.60974979 -0.62379861 -0.63989586
 -0.65552157 -0.66972554 -0.68067443 -0.68848598 -0.693344   -0.69631368
 -0.69764537 -0.69791508 -0.69674063 -0.69415212 -0.69057488 -0.68562561]
[-0.03576699  0.19539168  0.13761327  0.23854497  0.38587588  0.53820449
  0.68087846  0.82117832  0.96541071  1.09857953  1.24277461  1.3926096
  1.53352129  1.63398242  1.6755259   1.66181815  1.5980916   1.5023607
  1.41187167  1.34408331  1.29711545  1.24146926  1.20181227  1.17727792
  1.15678036  1.13367069  1.10590541  1.0744381   1.04127479  1.00644743
  0.97766268  0.94780016  0.92327344  0.90796024  0.89426786  0.88510609
  0.88622373  0.88604826  0.89428025  0.90730804  0.91817552  0.93397146
  0.94906372  0.96290153  0.96136129  0.97928464  0.96494466  0.97083163
  0.98716545  0.99504524  1.01021552  1.05965805  1.11547709  1.18009543
  1.23658919  1.27381134  1.30316114  1.32133448  1.3441478   1.35497284
  1.35179842  1.34536242  1.31425703  1.26742721  1.20876324  1.13166726
  1.03923488  0.93324113  0.82513523  0.72016352  0.61281598  0.49100128
  0.37137595  0.24858524  0.12318774 -0.00826959 -0.13562602 -0.26433125
 -0.38537872 -0.4981156  -0.60411042 -0.70267439 -0.78890646 -0.86316395
 -0.92551237 -0.98315495 -1.03537512 -1.07669044 -1.1052494  -1.12794065]
[-0.91830003 -0.85062343 -0.78247744 -0.72305113 -0.67467427 -0.63031197
 -0.585684   -0.54218596 -0.50601548 -0.47309014 -0.45085251 -0.43422133
 -0.42982638 -0.43226382 -0.430491   -0.42434016 -0.42109028 -0.39226887
 -0.31668535 -0.22316347  0.02126412  0.19961597  0.40204936  0.60502094
  0.79323363  0.98714614  1.19148719  1.37302303  1.55527353  1.74311578
  1.90052605  2.00646043  2.05097675  2.04861784  1.95719707  1.83932614
  1.70758975  1.60112309  1.50465131  1.42161047  1.35836613  1.29447246
  1.2421695   1.20149922  1.1664288   1.14233208  1.1200006   1.10685766
  1.09419739  1.08899486  1.07808304  1.07070041  1.06062949  1.05181086
  1.03583646  1.02746689  1.02077079  1.01382637  1.01716316  1.01995838
  1.02761924  1.04006827  1.04863572  1.05633187  1.05535161  1.05755103
  1.06922746  1.09522521  1.12825787  1.1880008   1.27590847  1.37889361
  1.46673393  1.55384481  1.61511719  1.66992676  1.69087684  1.69300747
  1.67650998  1.62463701  1.54492199  1.44476759  1.31524181  1.16573727
  0.99776864  0.81145424  0.60198677  0.40108392  0.19319579 -0.01534653]
[ 1.36158073  1.50792396  1.54240954  1.61315715  1.69158971  1.76476705
  1.82401443  1.85689056  1.83896863  1.77385294  1.66621459  1.54699218
  1.43533254  1.34468901  1.27942657  1.23358798  1.20716691  1.19096422
  1.17919326  1.16921163  1.16106713  1.15744102  1.15085149  1.1473372
  1.14512897  1.14034259  1.13886547  1.13664258  1.13106275  1.12299967
  1.1147418   1.101601    1.09053957  1.08247185  1.07948375  1.07913923
  1.08479834  1.09155941  1.10225546  1.11696255  1.12925565  1.14496005
  1.16055465  1.19571567  1.22285843  1.25681889  1.28607154  1.30871665
  1.33723915  1.34621882  1.33073676  1.29464746  1.2272414   1.1383673
  1.02019775  0.87295252  0.70970917  0.53453261  0.35643065  0.18098205
  0.01479716 -0.1382903  -0.27352238 -0.38263834 -0.47227371 -0.53928584
 -0.5879485  -0.62115717 -0.64800584 -0.6711536  -0.69622028 -0.72817552
 -0.76560342 -0.80616993 -0.84521598 -0.87991935 -0.90788215 -0.9290657
 -0.94285172 -0.95171613 -0.96031213 -0.9702729  -0.98533213 -1.00300741
 -1.01954019 -1.04137266 -1.06919217 -1.10216117 -1.13590384 -1.16989529]
[ 1.34660852e+00  1.48011041e+00  1.59041452e+00  1.68369806e+00
  1.75441313e+00  1.80696917e+00  1.84134567e+00  1.86309111e+00
  1.87832928e+00  1.88716888e+00  1.89281070e+00  1.89605951e+00
  1.89934051e+00  1.90103829e+00  1.90348208e+00  1.90327084e+00
  1.90314877e+00  1.90298617e+00  1.90046263e+00  1.89575064e+00
  1.88791466e+00  1.87529218e+00  1.85792184e+00  1.83228803e+00
  1.79288268e+00  1.74252582e+00  1.67880762e+00  1.59921777e+00
  1.50209713e+00  1.38968468e+00  1.26263392e+00  1.12780404e+00
  9.81723666e-01  8.35661292e-01  6.89125359e-01  5.44363737e-01
  3.94139528e-01  2.57164061e-01  1.25294775e-01 -1.60522584e-04
 -1.19503841e-01 -2.27600247e-01 -3.10514450e-01 -3.85179639e-01
 -4.36133593e-01 -4.78147447e-01 -5.05731702e-01 -5.25636613e-01
 -5.39073050e-01 -5.51415563e-01 -5.59483647e-01 -5.67502856e-01
 -5.73632419e-01 -5.79002202e-01 -5.80446243e-01 -5.79642951e-01
 -5.74339688e-01 -5.68484426e-01 -5.60769856e-01 -5.53565860e-01
 -5.49462855e-01 -5.49758732e-01 -5.57211876e-01 -5.71428776e-01
 -5.92129588e-01 -6.18499935e-01 -6.45841300e-01 -6.68875337e-01
 -6.86706483e-01 -7.00268507e-01 -7.08966434e-01 -7.14443803e-01
 -7.18128085e-01 -7.21631289e-01 -7.24295139e-01 -7.25998402e-01
 -7.26167679e-01 -7.25020409e-01 -7.23083019e-01 -7.19088495e-01
 -7.13842392e-01 -7.09321737e-01 -7.05960989e-01 -7.03443944e-01
 -7.01440752e-01 -7.00335979e-01 -6.98851764e-01 -6.96898401e-01
 -6.93348527e-01 -6.91010594e-01]
[-1.04362726 -0.93181497 -0.7621541  -0.56379974 -0.33542055 -0.02530551
  0.25432539  0.51352352  0.75415415  0.9679184   1.1699183   1.37167048
  1.59361386  1.79022622  1.96322954  2.09904671  2.19910312  2.2222755
  2.17055368  2.05653787  1.91379869  1.76958668  1.63274097  1.52057397
  1.42683613  1.35665524  1.31118214  1.2809335   1.26300871  1.24662435
  1.23842001  1.23313057  1.22094381  1.21233368  1.20996261  1.20399988
  1.19498992  1.18649244  1.17733395  1.16497755  1.15290594  1.13806236
  1.13208437  1.12804699  1.13206911  1.13861394  1.1499635   1.1625421
  1.17597806  1.19354987  1.21224725  1.24899161  1.29333091  1.35371995
  1.43232274  1.5098213   1.57147872  1.64571822  1.70598233  1.75823045
  1.78542876  1.78724003  1.76939762  1.70894587  1.60735452  1.46623719
  1.28744757  1.08149147  0.85222113  0.61009562  0.36147568  0.1375183
 -0.06425851 -0.23716035 -0.37814555 -0.48288316 -0.55861163 -0.60381973
 -0.63283336 -0.64534867 -0.64746219 -0.64770699 -0.65295136 -0.65707636
 -0.66262245 -0.66863656 -0.67670333 -0.68674821 -0.69940728 -0.71119869]
[-1.6423583  -1.6405338  -1.6382463  -1.63394427 -1.62725282 -1.61288452
 -1.59224939 -1.56520343 -1.53802752 -1.50810754 -1.47927988 -1.44871581
 -1.41429865 -1.37351429 -1.32626843 -1.26762021 -1.19003642 -1.10050547
 -1.0035907  -0.90685093 -0.81241053 -0.72748321 -0.64294505 -0.55141819
 -0.4544507  -0.33477876 -0.20357613  0.01054581  0.16166592  0.29177248
  0.43329057  0.54611081  0.65908509  0.76218796  0.88825583  0.98962605
  1.07242942  1.15447211  1.19031024  1.20603192  1.19773972  1.151402
  1.09363151  1.03566813  0.98850071  0.94266498  0.89673471  0.85920608
  0.82064414  0.79591972  0.78088611  0.77028519  0.76366091  0.75722086
  0.75241792  0.74565011  0.74334049  0.74228269  0.73834491  0.73339117
  0.73105592  0.72502565  0.71939355  0.71533358  0.71331418  0.71069616
  0.70961732  0.70475137  0.70329994  0.69811171  0.69205433  0.68855929
  0.6799888   0.68847734  0.70808262  0.73947859  0.77217901  0.81324905
  0.84428388  0.87869292  0.90718263  0.93422145  0.95165974  0.98656648
  1.0116694   1.03829801  1.05928278  1.05670714  1.04789066  1.03254819]
[ 1.32058597  1.31714952  1.30557132  1.28808403  1.26332915  1.23896182
  1.21708608  1.20565557  1.19724953  1.19115174  1.18782878  1.18579566
  1.18362224  1.18299985  1.1840564   1.18185759  1.18098211  1.1799264
  1.17682099  1.17217398  1.16658461  1.16261303  1.15785158  1.15160847
  1.14595807  1.13917661  1.12645519  1.11257446  1.0965153   1.07405651
  1.04127979  0.99979663  0.9446854   0.87731928  0.79771054  0.70509583
  0.5984605   0.49318334  0.37487128  0.26932213  0.15999997  0.04433354
 -0.06301205 -0.17617597 -0.27455717 -0.37266645 -0.46281385 -0.54809427
 -0.62486452 -0.69556719 -0.75500596 -0.8051542  -0.84433234 -0.87295926
 -0.89028078 -0.90082896 -0.9044463  -0.90464109 -0.90147847 -0.89789313
 -0.8961978  -0.89673012 -0.90306747 -0.91473192 -0.93223739 -0.95569253
 -0.98233455 -1.0055213  -1.02392423 -1.03793979 -1.04553545 -1.05121982
 -1.05322921 -1.05562043 -1.0575012  -1.06103063 -1.06274593 -1.06484354
 -1.0655427  -1.06400514 -1.06054938 -1.05648363 -1.05206132 -1.04800367
 -1.04412234 -1.04049563 -1.03692889 -1.03257012 -1.02860487 -1.02579343]
