[-0.6415732  -0.68672688 -0.7393154  -0.80433171 -0.8691529  -0.91964435
 -0.97689573 -1.00991027 -1.01490802 -1.03606769 -0.94679487 -1.0092628
 -0.98729995 -0.8644751  -0.94331606 -0.92195931 -0.93037815 -0.8758353
 -0.84964031 -0.81772034 -0.86060267 -0.72925637 -0.67342408 -0.60854856
 -0.54339182 -0.47719485 -0.41231754 -0.35209155 -0.2998896  -0.21834039
 -0.21980203 -0.13400064 -0.17264531 -0.15785858 -0.14363988 -0.2374088
 -0.12289938 -0.12061597 -0.11881551 -0.11908597 -0.11763286 -0.11823758
 -0.11634532 -0.11218471 -0.10447583  0.01913867 -0.0827755  -0.06416918
 -0.04948445 -0.0296333   0.00285483  0.00829597  0.09694366  0.16013353
  0.23038703  0.38616173  0.47279386  0.40867698  0.47298402  0.53492473
  0.59288988  0.64470439  0.70847873]
[-0.71628368 -0.76085296 -0.81349358 -0.87868329 -0.94377103 -0.99434421
 -1.05117652 -1.08287758 -1.10251591 -1.10082529 -1.08331159 -1.05847046
 -1.02748548 -0.99648699 -0.96698362 -0.93895994 -0.9107039  -0.88166114
 -0.85106196 -0.81552216 -0.77246797 -0.72027185 -0.66108908 -0.59300905
 -0.52386433 -0.45307927 -0.38225494 -0.31287167 -0.24682369 -0.18212207
 -0.12069268 -0.06300828 -0.00904966  0.04132312  0.09059907  0.13798809
  0.17890533  0.21248073  0.24343665  0.26968082  0.29406168  0.31206273
  0.32803694  0.3413324   0.35376513  0.3610265   0.36837611  0.37432528
  0.37768057  0.38242044  0.38567783  0.39035781  0.40470445  0.42204236
  0.45288555  0.46722555  0.4890663   0.51057485  0.53588343  0.5612028
  0.58541332  0.60781535  0.62045128]
[-0.63565867 -0.68092355 -0.73377258 -0.79911673 -0.86432571 -0.9150977
 -0.97246117 -1.00553311 -1.02821345 -1.03161355 -1.02112164 -1.00465771
 -0.9825958  -0.96040126 -0.93857886 -0.91734169 -0.89521115 -0.87149558
 -0.84553328 -0.81385685 -0.77430997 -0.72579442 -0.67009189 -0.60529002
 -0.54000178 -0.47342626 -0.40818432 -0.34766534 -0.29503895 -0.24950433
 -0.21245467 -0.18361323 -0.16230006 -0.14679345 -0.13278461 -0.12080917
 -0.11441528 -0.11307269 -0.11090773 -0.10900684 -0.1034852  -0.09782594
 -0.08711797 -0.07825628 -0.05450574 -0.0321101   0.00111889  0.03785568
  0.08703887  0.13078159  0.18150501  0.22858096  0.28765368  0.34430462
  0.41466523  0.46463743  0.51883872  0.56744747  0.6148616   0.65672484
  0.69273149  0.72335246  0.74144795]
[-0.30084668 -0.2742191  -0.24328892 -0.21475849 -0.18324177 -0.1509557
 -0.11923825 -0.08819541 -0.06322667  0.0200916  -0.00728375  0.02038086
  0.04748441 -0.01954886  0.11346714  0.14541423  0.19773231  0.2290388
  0.29529298  0.35893536  0.43963553  0.53430176  0.6259013   0.70937543
  0.78437769  0.84431612  0.89796804  0.93513751  0.96261051  0.98564625
  0.99368795  0.99898405  1.00373897  1.06975475  1.00249941]
[-1.33635983 -1.33948142 -1.34394295 -1.34919115 -1.35319746 -1.35358055
 -1.35421215 -1.35166463 -1.34648639 -1.33645844 -1.3230562  -1.30749349
 -1.29019264 -1.27080231 -1.25053838 -1.2288397  -1.20371864 -1.17356412
 -1.13867961 -1.09415589 -1.03919748 -0.97121566 -0.89126139 -0.79699914
 -0.69582361 -0.58622518 -0.47254146 -0.36171126 -0.2585257  -0.16541518
 -0.08530462 -0.02029774  0.02900033  0.06862075  0.10816854  0.14375903
  0.1656028   0.17527508  0.18159127  0.18376051  0.18638267  0.18796787
  0.19269588  0.19790904  0.20544159  0.21293637  0.22003691  0.23034267
  0.23800875  0.24926586  0.25934797  0.27504446  0.31393596  0.36527277
  0.44924463  0.49317073  0.55318919  0.61376743  0.68497604  0.75529508
  0.82056804  0.88157726  0.91700513]
[-0.11788199 -0.1690137  -0.22807828 -0.30184809 -0.3771035  -0.44153311
 -0.51396474 -0.56504514 -0.60836998 -0.63591293 -0.64965127 -0.656849
 -0.65458986 -0.6461298  -0.63007312 -0.60566799 -0.57303452 -0.533218
 -0.48836095 -0.44112324 -0.39468218]
[-0.91047147 -0.90978506 -0.90781449 -0.90545237 -0.90145067 -0.89865411
 -0.89473839 -0.89138546 -0.88972508 -0.88766541 -0.8835784  -0.87934299
 -0.87305086 -0.86543905 -0.85515195 -0.84312677 -0.82902762 -0.81353045
 -0.79790235 -0.78268923 -0.76907651 -0.75734543 -0.74758619 -0.7388025
 -0.73151229 -0.72619272 -0.72141693 -0.71800649 -0.71454993 -0.71023187
 -0.70351534 -0.69298709 -0.6771871  -0.65311678 -0.61777056 -0.57254095
 -0.52273467 -0.46900752 -0.40729965 -0.34500528 -0.27242248 -0.19753338
 -0.1286703  -0.05069632  0.01844989  0.11217898  0.19711602  0.26791558
  0.345975    0.43573786  0.54343875  0.0535849   0.75121665]
[ 0.01089608 -0.15514503 -0.0241636  -0.05783904 -0.10007732 -0.12352271
 -0.15040041 -0.14705976 -0.13455173 -0.10967356 -0.07111048 -0.03790865
 -0.01036014  0.01338956  0.05619366  0.05416959  0.07298275  0.09475869
  0.12098707  0.14618937  0.18055276  0.21502638  0.24935265  0.28275857
  0.31246005  0.33492786  0.35321845  0.3287672   0.43700058  0.37826441
  0.33765061  0.37408916  0.37186046  0.37051747  0.364574    0.4470917
  0.35052973  0.37187015  0.32909279  0.32119592  0.32213425  0.32516191
  0.31508064  0.35249478  0.37023922  0.32698953  0.39943046  0.4012597
  0.38967484  0.26891184  0.39706761  0.391135    0.39112533  0.42609063
  0.34431911  0.38137942  0.37868517  0.4111273   0.37667605  0.37795016
  0.37901763  0.39311887  0.38128056]
[-0.39214395 -0.31670299 -0.28566707 -0.25683864  0.02534068 -0.19198569
 -0.15990255 -0.13862291 -0.10319968 -0.07620046 -0.04718756 -0.02043014
  0.00628562  0.03633544  0.06863887  0.09716909  0.12893884  0.23910758
  0.21625186  0.26175635  0.32988137  0.40346579  0.48401022  0.56453818
  0.64168636  0.71190672  0.77873122  0.83146866  0.95036896  0.85881191
  0.97474552  0.94832689  0.96134471  0.96956667  0.97209538]
[-0.95690387 -0.95076183 -0.94102548 -0.93667497 -0.93121148 -0.92388866
 -0.91509973 -0.9060385  -0.89764776 -0.88728013 -0.87282832 -0.85735598
 -0.84165833 -0.82362014 -0.80240882 -0.78321405 -0.75848679 -0.72625734
 -0.68467852 -0.63973329 -0.57040404 -0.4870424  -0.38799774 -0.27687275
 -0.1594313  -0.03931392  0.08023331  0.18768676  0.28137805  0.36158605
  0.42183924  0.46599982  0.49822083  0.51838916  0.53606716  0.55110613
  0.5594488   0.56100632  0.56391794  0.56443042  0.5637664   0.5639161
  0.56503553  0.56834984  0.57217577  0.57397519  0.57746626  0.58083803
  0.58253082  0.58980239  0.59175872  0.59736189  0.6117449   0.62991221
  0.65973217  0.67568811  0.69801062  0.71981338  0.7458654   0.7730149
  0.7969215   0.81744507  0.83090451]
[-0.11148405 -0.16281285 -0.22202069 -0.29575153 -0.37099961 -0.43532387
 -0.50765194 -0.55848081 -0.60008887 -0.6221152  -0.62516035 -0.61526685
 -0.59149287 -0.55942963 -0.52107709 -0.47852009 -0.43506421 -0.39232224
 -0.35195149 -0.31550167 -0.28390796]
[-1.081    -1.0789   -1.0795   -1.0801   -1.0787   -1.0783   -1.0773
 -1.0789   -1.077    -1.0784   -1.0796   -1.0798   -1.0792   -1.0787
 -1.0691   -1.0444   -1.0076   -0.95439  -0.8878   -0.82169  -0.77999
 -0.75723  -0.75367  -0.74953  -0.75025  -0.73625  -0.72604  -0.72451
 -0.71696  -0.70818  -0.69731  -0.69117  -0.69003  -0.68246  -0.6776
 -0.65862  -0.59884  -0.4776   -0.33317  -0.1665    0.008443  0.16844
  0.33074   0.48827   0.61585   0.73695   0.85207   0.94206   1.0419
  1.1127    1.1812    1.2045    1.2162    1.2218    1.223     1.2309  ]
[ 1.9508    1.9576    1.9752    1.9944    1.999     2.0095    2.0169
  2.0169    2.0169    2.02      2.0228    2.0267    2.0298    2.0268
  2.0232    2.0187    2.0114    1.9897    1.9277    1.8376    1.6944
  1.5212    1.3611    1.2183    1.0752    0.95557   0.83104   0.68869
  0.52236   0.49685   0.30739   0.033138 -0.18204  -0.33481  -0.47059
 -0.61725  -0.73227  -0.80944  -0.85854  -0.87032  -0.86165  -0.83881
 -0.80939  -0.79222  -0.77832  -0.75982  -0.74043  -0.71732  -0.69354
 -0.67625  -0.66151  -0.64793  -0.6419   -0.63702  -0.63379  -0.63214
 -0.62507  -0.62084  -0.61382  -0.6043   -0.59542  -0.58973  -0.58362
 -0.57583  -0.57109  -0.56928  -0.56997  -0.57433  -0.58042  -0.59036
 -0.59354  -0.59619  -0.59676  -0.59451  -0.5956   -0.60355  -0.61221 ]
