[1.05837393 1.03906119 0.99200964 0.8601774 ]
[-0.49690786 -0.43871439  0.00867235 -0.30663317]
[0.28895986 0.15601112 0.12887543 0.03442397]
[-1.13553286 -1.77616274 -0.52045375  0.53758204]
[-1.24941885 -1.39774632 -1.43836486 -1.31600356]
[-0.82739413 -0.13509254  0.55389321  1.10190117]
[0.12266685 0.78736395 1.26335084 1.28197908]
[-0.95364541 -1.24872208 -1.39880717 -1.42530859 -1.36818659 -1.19719744
 -0.57727212  0.19275129]
[0.48858613 0.88718897 0.9035989  0.84394205 0.92035037 0.80788273
 0.6445899  0.53455526]
[-1.76406038 -1.84368765 -1.09475923 -0.53648829 -0.07810596  0.29265341
  0.56019294  0.62807995]
[ 0.90224403  0.78021258  0.624152    0.45694062  0.29360625  0.14616203
  0.01499417 -0.03824602]
[ 1.26507533 -0.37448639 -0.46000972  0.18091598 -0.51814783  0.489647
  2.92396927  2.87275219]
[ 2.86445308  0.00795765 -1.27429712 -2.02970481 -1.97333181  0.82619876
  0.75943774 -3.10031939]
[-0.98757911 -0.6931836  -0.13810168  0.60200727  1.07831597  1.08567917
  0.99942589  0.7673977 ]
[-0.49513763 -0.9282704  -1.17188036 -1.31199956 -1.30640626 -1.30142605
 -1.18019009 -0.54306698  0.29719883  0.94369841  1.10718787  1.01508224]
[ 1.99723327  0.15462476 -0.60183197  0.012534    0.23764123  0.09783825
  0.78526294  4.37298346  3.44810081  1.04104757 -0.14905037 -1.44616032]
[-0.63833064 -0.14122443  0.2589604   0.67439556  0.73138493  0.77598661
  0.61981446  0.25705177 -0.04164832 -0.0034529   0.20030482  0.91773534]
[-1.56737995 -1.74578416 -1.78276587 -1.39099264 -0.51446909 -0.23746608
  0.22107802  0.72814602  0.71989     0.79579395  0.59317702  0.27253377]
[ 0.44780046  1.01497853  1.15031004  1.07150853  0.51504171  0.04943606
 -0.0407686   0.16312662  0.48999289  1.00233185  1.79906881  1.9775393 ]
[-1.49657845 -1.42932343 -0.90915942 -0.31960252  0.41796342  0.92976999
  1.02257478  0.93444699  0.67948568  0.40250963  0.2582567   0.23764397]
[ 1.26243675  1.53444588  1.40190005 -0.01669091 -0.69391555 -0.57459116
 -0.15741862 -0.16814496  1.16868019  3.86359477  2.57584262  2.58770871]
