[-1.02038709 -0.96791467 -0.36297739  0.19946634  0.57433366  0.68989155
  0.51400288  0.47146477  0.4263891   0.35319592]
[-0.99343088 -0.95390806 -0.3949022   0.14996156  0.51881587  0.67392104
  0.48011008  0.44703652  0.42305103  0.35748176]
[-1.19725713 -1.39433565 -0.38065828  0.53373042  1.44303908  1.6340378
  1.39747953  0.9313027   0.51787273  0.10097384  0.17393439  0.24647667
  0.07870796  0.15479088  0.42402323]
[-1.58164701 -1.6224045  -1.34642855 -0.99078931 -0.10080872  0.9462476
  1.10786536  1.11739542  0.97066562  0.80465401  0.32794643  0.34817367
  0.38573459  0.52536569  0.74097461  1.37318252  1.07029264  0.54370584
  0.27218152 -0.26583693]
[-1.58149998 -1.6223529  -1.34655549 -0.99108177 -0.10146411  0.87658105
  1.10672646  1.11710153  1.00316828  0.80480509  0.32809586  0.34843403
  0.38579394  0.52549999  0.74093059  1.21615376  1.13561715  0.54366019
  0.27255377 -0.26544041]
[-0.99692759 -0.95557536 -0.39070946  0.15731704  0.52722011  0.67171543
  0.48286166  0.45033061  0.42374674  0.35685267]
[-1.28300038 -1.43198331 -1.52411949 -1.47804531 -1.30944852 -1.08924458
 -0.49835873  0.32554359  1.07721519  1.24935602  1.25594166  1.03585454
  0.7283221   0.80371473  0.89070266  0.9328598   0.61499183  0.39891342
  0.11213512  0.07472665]
[-1.57583371 -1.62084437 -1.31791113 -1.00368685 -0.13449564  0.83381347
  1.08266499  1.10729742  1.00002453  0.81124788  0.34526284  0.35448833
  0.38722848  0.5223992   0.7354696   1.20113971  1.13243643  0.55847361
  0.28588805 -0.24302443]
[-0.76328827 -0.71082525 -0.13741628  0.43425969  0.75817246  0.78805866
  0.60074458  0.46264261]
[-1.26503325 -1.43371866 -1.53502913 -1.49663939 -1.31093837 -1.07166945
 -0.52651234  0.29135028  1.06581424  1.23155903  1.25761296  1.04689464
  0.72823532  0.77925954  0.88208351  0.93474444  0.59977693  0.38189016
  0.10525819  0.04038152]
[-1.53523915 -1.60438128 -1.42746166 -1.10542698 -0.44907928  0.43956299
  0.90280335  1.11609236  1.03648667  0.87171486  0.5145677   0.4471861
  0.39748568  0.51410882  0.70040666  1.03258167  1.04027512  0.62443223
  0.42422841 -0.05930198]
[-0.64847  -1.0947   -1.3736   -1.4852   -1.6525   -1.4294   -0.81581
 -0.87159   0.13248   1.0808    1.3597    1.3597    1.3039    0.85765
  0.80187   0.91343   1.0808    0.57874   0.35561  -0.034864]
[ 0.3222   -0.084789 -0.54992  -0.84062  -0.95691  -1.015    -0.72434
 -1.4802   -1.1313   -0.37549   0.26406   0.49662   0.49662   0.14778
 -0.25921  -0.25921  -0.6662   -0.43364  -0.49178   0.20592   2.1827
  2.2409  ]
[-1.1381   -1.0843   -1.1381   -0.60042  -1.0843   -0.27781   0.36742
  0.47496   0.52873   0.098577 -0.27781  -0.38535  -0.60042  -0.54665
 -0.49289   0.36742   2.3031    2.088     1.7654  ]
[-1.2283      0.34268     1.3592      1.6826      1.544       0.9867255
  0.43509     0.065456    0.12972741 -0.026952    0.2392025  -0.026952
  0.11166     0.15786     1.0819      0.89713   ]
[-1.3825  -1.5366  -1.6136  -1.6393  -1.4339  -0.99729 -0.3039   0.67199
  1.1343   1.2113   1.2113   0.77472  0.36382  0.3895   0.33814  0.46654
  0.3895   0.3895   1.3911   0.90313  0.62063]
