[ 2.58226275  1.98016417  1.51484573  1.68753386  1.82744038  1.53472447
  1.4213376   1.20589244  1.27181101  0.87592459  0.67993563  0.61048704
  0.39622635  0.45278227  0.44841659  0.4529705   0.2619718   0.11791591
  0.08084901 -0.01088238 -0.02041039  0.02905684 -0.07471668]
[-0.06649552 -0.07025968 -0.07296717 -0.07458037 -0.07537512 -0.07404056
 -0.07495616 -0.07616708 -0.08072691 -0.08909313 -0.08876658 -0.08537669
 -0.07604281 -0.08185712 -0.07804772 -0.08354119 -0.07398716 -0.07580512
 -0.06966115 -0.06997301 -0.06854129 -0.0573672  -0.04662629]
[0.83460933 1.03794456 1.03532624 1.11599016 0.94759899 1.34874594
 1.35428035 1.26993024 1.34215248 1.12924445 1.2918117  1.63233733
 1.84313154 1.72670603 1.65115404 1.45504427 1.40541124 1.47600877
 1.48885119 1.42923439 1.42241323 1.5618968  1.74837935]
[-0.28749463 -0.32302502 -0.18476057 -0.40182665  0.04215012  0.18575656
  0.18053403  0.22695987  0.44412479  0.59685975  0.28408232  0.78746045
  1.02469254  1.28066301  2.03088617  2.20390844  3.39850998  7.01304865
  7.60760117  5.53504753  4.04877901  2.79851389  2.36487126]
[1.5120945  1.78565121 1.7746191  1.89274573 2.60696864 2.54065084
 2.37682486 2.28973484 2.77052689 3.03068233 3.04100204 2.97061181
 3.71356297 3.9700253  4.09628868 3.61420512 4.7877965  4.3656249
 3.67799592 4.49497652 4.09472704 3.66321135 3.77402711]
[-1.14722848 -1.14712775 -1.14985204 -1.14964664 -1.14858854 -1.14913845
 -1.14785016 -1.14709628 -1.14255536 -1.14169049 -1.1382401  -1.13220668
 -1.1280663  -1.11883843 -1.11234629 -1.10109174 -1.09616494 -1.08266306
 -1.06973398 -1.05502796 -1.03361452 -1.00440943 -0.96173137]
[3.81175232 4.18701839 3.340415   2.62887859 2.80921698 2.60089803
 2.98941016 2.50403047 2.09068322 2.08616567 1.91970801 1.99030983
 2.07128596 2.18596554 1.89561033 1.45093608 1.2586658  1.0654701
 0.60747463 0.66446882 0.68071038 0.68551409 0.73097849]
[-0.27189654 -0.21411614 -0.20878369 -0.08811332  0.03281936  0.20503238
  0.3396821   0.09093241  0.39371568  0.49433926  0.48117915  0.51743007
  0.64942199  0.90443039  0.97728908  1.0365659   1.14470053  1.33393049
  1.81817138  2.41087103  2.4562037   2.61233568  3.12162614]
[0.47806355 0.54840505 0.50399828 0.51027703 0.48746476 0.42104936
 0.45984364 0.45596465 0.47937232 0.46091032 0.48515195 0.46729484
 0.41323143 0.40877825 0.39782152 0.42630541 0.47337157 0.41376981
 0.39255112 0.38976017 0.41035223 0.42865926 0.41887757]
[-0.47238755 -0.46137699 -0.46244016 -0.4588069  -0.45817584 -0.45543376
 -0.45957676 -0.4587869  -0.44792962 -0.44810826 -0.44650331 -0.43940732
 -0.44156125 -0.43686652 -0.43512365 -0.4327026  -0.4286322  -0.4223254
 -0.42482087 -0.42163533 -0.42053509 -0.42014909 -0.41044295]
[2.11728501 2.64296818 3.35151386 3.69616866 4.28441811 4.04792929
 4.70164776 4.26586485 3.49393773 3.83275557 3.73265576 3.46776152
 4.00120783 3.52670932 3.48280644 3.18953276 3.77330685 3.83306003
 3.99342847 3.75224876 3.39018631 4.04731178 2.9127965 ]
[ 0.22058094  0.22658809  0.15871009  0.14499186  0.17668252  0.24151883
  0.24721058  0.53829598  0.33848497  0.47953448  0.40265569  0.38053998
  0.66846013  2.69476318 13.13794708  1.16338253  0.23699683 -0.01876337
  0.0998983   0.21898368  0.28074813  0.46519557  0.48737428]
[1.20780861 1.29621303 1.38522053 1.25906777 1.43152809 1.33846867
 1.33527732 1.77031279 3.01395059 4.05643177 3.67625904 2.16392875
 1.2801404  1.07671189 0.53596783 0.63728791 0.57909161 0.54233617
 0.48812562 0.31469858 0.38037613 0.48353374 0.50755852]
[ 2.28631139  4.63573599 13.91986942  1.91310775 -0.31543824 -0.72146124
 -0.71321565 -0.8863883  -0.52754986 -0.71265835 -0.55386549 -0.57705021
 -0.73351413 -0.80119628 -0.42276084 -0.75999081 -0.75100523 -0.7588836
 -0.35511151 -0.56584811 -0.49984092 -0.56191331 -0.59583265]
[-0.92637044 -0.71103561 -1.02828765 -0.87910795 -0.69930798 -0.47167671
 -0.86959648 -0.45923388 -0.20137639 -0.49738899 -0.14238912  0.28949913
  0.35619476 -0.04115702  0.30994868  0.79214394  0.92226255  1.93229878
  2.03146529  3.16905785  7.46990299  8.27531338  5.2210989 ]
[-5.18548265e-02 -6.37319759e-02 -8.37965235e-02 -9.05930027e-02
 -7.31596798e-02 -6.06212467e-02 -6.32468909e-02 -6.21018820e-02
 -5.86584583e-02 -6.78201690e-02 -6.40301928e-02 -6.03665486e-02
 -3.93389501e-02 -6.15507364e-02 -6.27890304e-02 -7.08620697e-02
 -5.40769361e-02 -5.82578667e-02 -6.78032711e-02 -5.64864427e-02
 -5.48869818e-02 -6.45140857e-02 -5.43101095e-02 -6.02071658e-02
 -5.67365959e-02 -6.10036887e-02 -5.21071963e-02 -5.35891503e-02
 -4.69607897e-02 -4.35840748e-02 -4.39453907e-02 -4.05148938e-02
 -3.61389928e-02 -4.28127982e-02 -3.00126020e-02 -3.33508290e-02
 -2.08678562e-02 -2.41614990e-02 -1.48971798e-02 -8.46758194e-05
 -1.25590255e-02 -6.18446968e-04  8.83147586e-03  1.33991335e-02
  2.74555515e-02  6.13103174e-02]
[0.72027844 0.95167595 0.95209104 1.15028667 1.27339494 1.19354677
 1.32585704 1.3787955  1.66482329 1.99260485 2.08475304 2.37651086
 2.8777566  3.44809818 3.45853519 3.63546038 3.67984772 4.42452049
 3.60793972 3.60534382 3.24184394 2.94361162 2.85528231 2.57114577
 2.48649073 2.47146869 2.14260912 1.97054815 2.0571537  1.93630838
 1.91706538 1.72122252 1.37814629 1.14454484 0.93557858 0.75201952
 0.69549972 0.7274074  0.7162239  0.62576103 0.55458492 0.38183805
 0.45479918 0.39985746 0.45306993 0.37871188]
[-0.13688676 -0.1483933  -0.12241129 -0.08644234 -0.07445865 -0.05095303
 -0.04636537  0.00859921  0.03285047  0.04925472  0.13086911  0.09761471
  0.18250139  0.23988853  0.33948362  0.52914244  0.63234311  0.64761877
  0.68838042  0.69807619  0.8691318   0.85203326  1.05902684  1.20655131
  1.24929106  1.34684253  1.74375439  1.77752364  2.00696707  2.19620252
  2.28406     2.23936033  2.5347414   2.73403549  2.69620132  2.96993613
  3.70023084  3.81718016  3.31757355  3.411834    3.45249319  3.165802
  3.28362489  3.16784811  2.90891314  2.61816716]
[0.35915539 0.40718141 0.34979096 0.3653093  0.40011474 0.36015081
 0.38360685 0.37934437 0.34489039 0.39700726 0.39601836 0.42780206
 0.40714556 0.43232465 0.4068394  0.41369528 0.47142813 0.58861417
 0.69702882 0.55983084 0.61177653 0.7861768  0.64660174 0.62732989
 0.68408489 0.47618827 0.47005555 0.44615173 0.41367647 0.50968581
 0.56682467 0.51099324 0.48367855 0.54995757 0.64998007 0.60766286
 0.42115176 0.53895402 0.49283835 0.52353102 0.46581173 0.45374662
 0.51026428 0.43298042 0.43487757 0.3965162 ]
[0.29636952 0.43763876 0.60184181 0.61951983 0.68836653 0.88134801
 0.89380258 0.94892305 1.10888255 1.24642599 1.26366222 1.20637977
 1.29422307 1.32577157 1.46402335 1.57579494 1.68548322 1.78074324
 1.80066061 1.97602534 1.98979926 2.21679211 2.5162971  2.8813107
 2.94666457 2.6617291  2.69234276 2.90476179 3.15206814 2.65435481
 3.44526768 2.93159103 2.74902534 2.81009483 2.68762827 2.57147336
 2.80978394 2.84680843 2.53192997 2.53578901 2.40894532 2.29601502
 2.20042324 1.77272451 1.78693652 1.43312407]
[0.49652493 0.40187135 0.35402739 0.33389428 0.59681839 0.49044967
 0.64164984 0.63521701 0.55375123 0.38211283 0.28672066 0.14520749
 0.25030249 0.30118322 0.31284669 0.33658725 0.41650668 0.63886607
 0.63985467 0.54010987 0.62091094 0.68522096 0.76326734 0.75569332
 1.44416714 3.84755182 3.48104501 2.79643583 2.75869584 1.54154968
 0.72310525 0.50606769 0.53098476 0.4141303  0.42114082 0.42731544
 0.46010005 0.55930388 0.32811522 0.35856035 0.37796423 0.39237794
 0.36355203 0.39180467 0.39785701 0.57284325]
[ 1.25915682  1.40215027  1.41820717  1.3575232   1.27721977  1.194929
  1.19114602  1.18790555  1.6220485   1.97462034  2.33411551  1.88930726
  1.51648438  1.86316085  1.43232572  1.60492671  1.20623529  1.00793803
  0.83352077  0.59088391  0.55465615  0.58139819  0.562612    0.60860479
  0.58157963  0.63250494  0.53477943  0.48380587  0.31581631  0.27183869
  0.41734287  0.35471615  0.27147791  0.18953826  0.22753541  0.12410975
  0.10330545  0.06502228  0.08501686  0.00412653 -0.0648651  -0.05619659
 -0.08158179 -0.09406798 -0.07601845 -0.11677405]
[ 3.54593706  3.18383694  2.87182784  2.55962634  2.19023967  1.75707912
  1.60013843  1.53239548  1.45544755  1.12497616  0.91154164  0.86970454
  0.85956043  0.79243702  0.66940773  0.54505169  0.56109262  0.59130329
  0.49640891  0.3204914   0.2714279   0.1315975   0.15889461  0.03167402
  0.05239541 -0.05272364 -0.0225403   0.04737984 -0.02939922 -0.05809787
 -0.13703415 -0.32594621 -0.35981017 -0.4757005  -0.37461275 -0.35889149
 -0.38599697 -0.40043625 -0.33022031 -0.31724524 -0.23825835 -0.35670719
 -0.26891404 -0.34053588 -0.32446042 -0.38263381]
[-0.7954275  -0.80173695 -0.81044459 -0.8105787  -0.81823438 -0.81906354
 -0.82804114 -0.82404077 -0.82811826 -0.82749468 -0.82341373 -0.82040644
 -0.81529707 -0.80694175 -0.80166775 -0.79496515 -0.78177065 -0.76994455
 -0.77125418 -0.7627635  -0.75400174 -0.73634237 -0.7191807  -0.71143746
 -0.71438974 -0.69038004 -0.67843986 -0.66374129 -0.65532386 -0.64183927
 -0.63142294 -0.63189811 -0.62227529 -0.60963124 -0.59990311 -0.59155554
 -0.57350546 -0.56325108 -0.55023503 -0.5500254  -0.52935272 -0.52614617
 -0.51940668 -0.51248157 -0.50163579 -0.4768413 ]
[ 3.35804844  3.88348746  3.5754528   4.18794203  5.6703949   6.90792751
  5.25831842  4.49902105  3.638134    2.8301785   2.4884305   2.85381341
  2.32890081  2.28578544  2.04337239  1.71651483  1.73620975  1.85251462
  1.79146183  1.5709697   0.92208302  0.57263869  0.21483894  0.01275114
  0.08355645 -0.07767156 -0.29784542 -0.25162321 -0.3113856  -0.36856177
 -0.41297442 -0.07020399 -0.41404048 -0.18699048 -0.46446213 -0.65160608
 -0.5231089  -0.6429143  -0.58345693 -0.55948639 -0.62361127 -0.81862479
 -0.82157475 -0.75979    -0.58179474 -0.72227293]
[-1.59134102 -1.60776162 -1.60981905 -1.61245382 -1.61336529 -1.61495137
 -1.6151706  -1.6164763  -1.61769247 -1.61698723 -1.61939883 -1.61995578
 -1.61899972 -1.62041736 -1.621503   -1.62151957 -1.62194741 -1.62234378
 -1.62245178 -1.62247634 -1.622177   -1.62156487 -1.62048531 -1.61357534
 -1.60609865 -1.60276961 -1.59468663 -1.5878464  -1.57575536 -1.56396747
 -1.54566824 -1.52332056 -1.50436223 -1.4807117  -1.45152795 -1.43164694
 -1.41206825 -1.38737881 -1.34652984 -1.3113296  -1.25830936 -1.20305562
 -1.14139283 -1.04589641 -0.93926239 -0.85418558]
[0.57488483 0.6328764  0.59823233 0.62029308 0.72231448 0.63310146
 0.74530864 0.67292064 0.73188961 0.71689045 0.88950098 0.79358387
 0.78340769 0.90927428 0.89607877 0.95693576 0.94187909 0.95654154
 0.84504944 0.99595261 0.95673263 1.05072451 1.03993404 1.01706135
 0.97787374 1.07204926 0.90075815 0.99678904 0.99013656 1.29565132
 1.3904357  1.29829216 1.44798994 1.39372897 1.55790854 1.47016752
 1.46491611 1.42818534 1.54845977 1.48131573 1.46185946 1.50155663
 1.5611974  1.6044277  1.51699805 1.68556488]
[-0.43033013 -0.4279277  -0.43160605 -0.549308   -0.53457946 -0.44789904
 -0.52196085 -0.45651045 -0.50218564 -0.4695254  -0.52433491 -0.49308577
 -0.48237446 -0.45975631 -0.42342657 -0.47317868 -0.43421948 -0.46250609
 -0.37713102 -0.33703446 -0.23617406 -0.22612397 -0.25678584 -0.13701418
 -0.11404569 -0.12282477  0.02313496  0.07780775  0.24292558  0.23141219
  0.29142997  0.29052278  0.4049688   0.57460457  0.75564408  0.89561397
  0.94977093  1.18801117  1.64762998  1.86706316  2.46428776  2.8063271
  2.47043538  2.99666882  3.24906492  2.79793215]
[1.75866127 1.90257764 1.89144099 2.05428815 1.88995481 2.04633069
 2.16030025 2.06111717 2.1569345  2.30566406 2.55131245 2.32907367
 2.21088815 1.87641549 1.82722938 1.67618418 1.51206243 1.54684079
 1.59425879 1.57906401 1.44743156 1.48569429 1.50448835 1.51989543
 1.48829794 1.53902459 1.58842599 1.39306867 1.41406584 1.28458929
 1.31876075 1.20971298 1.25149417 1.23692834 1.21883929 1.12210655
 0.95673966 1.03125584 1.06251955 0.98920333 0.92059118 0.93754965
 0.81686562 0.66386199 0.74149281 0.61576498]
[-0.41337016 -0.41117641 -0.41443726 -0.41230243 -0.40947708 -0.41346115
 -0.41617307 -0.41001555 -0.41028094 -0.41094047 -0.40323314 -0.39574361
 -0.39520162 -0.39432979 -0.39105135 -0.3849299  -0.38788933 -0.39497212
 -0.38828197 -0.38611156 -0.38436231 -0.38409525 -0.3764056  -0.3819856
 -0.37900767 -0.37818158 -0.37484553 -0.37591022 -0.38350132 -0.37428945
 -0.38073149 -0.37239072 -0.37139305 -0.36795589 -0.36863586 -0.36422417
 -0.36222616 -0.36345625 -0.35864982 -0.34943756 -0.34792191 -0.35103869
 -0.34336194 -0.33665842 -0.32927886 -0.31672919]
[-0.02383968 -0.03377821 -0.01246227 -0.02216629 -0.01251861 -0.02317018
  0.00043844  0.01491088  0.00474255  0.03024221  0.02493436  0.05326274
  0.06305382  0.05577796  0.05969968  0.10175421  0.06163047  0.07551134
  0.0754391   0.1185489   0.13011004  0.14330228  0.13597465  0.10171474
  0.11387128  0.07546586  0.09571384  0.11172256  0.14105928  0.12327182
  0.10286608  0.1267371   0.12508008  0.15029365  0.19526775  0.1554282
  0.14647943  0.12926713  0.14509918  0.17076962  0.16630977  0.1896209
  0.23440282  0.19045006  0.18929513  0.18831132  0.16084477  0.14957246
  0.1397604   0.17642665  0.20308134  0.19522382  0.18341483  0.1954087
  0.21816076  0.21440086  0.20253159  0.20224468  0.17549627  0.2071923
  0.18092117  0.18391795  0.17968729  0.21413852  0.20016325  0.20521846
  0.1947      0.18312971  0.19972292]
[-0.41079518 -0.42003095 -0.42954978 -0.43930048 -0.43144101 -0.42216283
 -0.43080458 -0.42137277 -0.42035994 -0.41839939 -0.40877455 -0.40983167
 -0.40738034 -0.41159162 -0.39841262 -0.39827144 -0.3993147  -0.39589161
 -0.38546747 -0.38379154 -0.38531929 -0.38961032 -0.38578954 -0.38506362
 -0.37606788 -0.3784602  -0.3731021  -0.37204555 -0.37618595 -0.37111455
 -0.37295321 -0.36848411 -0.36519179 -0.36396039 -0.36052147 -0.35933104
 -0.35235587 -0.35455206 -0.36006039 -0.35050017 -0.34873322 -0.34847289
 -0.34306565 -0.339766   -0.34093633 -0.34070507 -0.33858913 -0.34035435
 -0.33127141 -0.32702634 -0.32402495 -0.32957926 -0.3269147  -0.32908112
 -0.32281068 -0.31328714 -0.30690089 -0.30848545 -0.30648127 -0.3058092
 -0.2957125  -0.29177964 -0.2790828  -0.27937964 -0.26609057 -0.27383971
 -0.27159619 -0.24971034 -0.23486523]
[0.44826096 0.40121183 0.388744   0.45412725 0.46855557 0.48061132
 0.52561009 0.52225643 0.52887702 0.45792353 0.5897094  0.49402711
 0.50811875 0.63534349 0.59167284 0.64826941 0.59225738 0.63344467
 0.69661218 0.71954936 0.70812106 0.7050553  0.70827466 0.6575374
 0.74499309 0.82526767 0.84994078 0.80761737 0.75423223 0.82092869
 0.86293465 0.7903046  0.79366601 0.82157218 0.79975623 0.89263242
 0.84172094 0.95753908 0.9165557  1.04575801 1.01200914 0.91897243
 0.93085057 1.00024211 1.07099509 1.03288591 0.93537849 1.07745945
 1.05703199 0.99214596 1.02214062 1.10659707 1.26124871 1.12776279
 1.16228259 1.21155226 1.29221392 1.36532235 1.49637592 1.46670675
 1.39178073 1.31607032 1.44334722 1.60764539 1.49042726 1.50092733
 1.48882961 1.62993228 1.62014759]
[-0.45210737 -0.41237569 -0.42880723 -0.47041059 -0.49316397 -0.49106905
 -0.45053366 -0.4105534  -0.41932485 -0.4255504  -0.45726678 -0.4306826
 -0.45191357 -0.40722397 -0.44649655 -0.41229919 -0.4275369  -0.41496938
 -0.39964718 -0.47466213 -0.44545245 -0.45627359 -0.43614754 -0.40054116
 -0.42537558 -0.38396963 -0.369611   -0.38670021 -0.37824804 -0.35419947
 -0.26576599 -0.28060392 -0.26506582 -0.24193531 -0.20173743 -0.18594103
 -0.18232498 -0.08952298 -0.05225831  0.02023641  0.08402336  0.15974797
  0.2228246   0.30747336  0.41817945  0.56822497  0.57299674  0.65695989
  0.72096968  0.94216692  1.11235118  1.57209229  1.56242466  1.61288929
  1.97896481  2.09092498  2.40837693  2.80678773  2.83322453  2.89733124
  3.1375649   3.1905508   2.96407723  2.8053      2.52170134  2.53209734
  2.42493439  2.25521851  2.23850083]
[ 0.29519781  0.26703951  0.37130207  0.29780257  0.56337768  0.42126667
  0.45323884  0.45773309  0.58528239  0.64433098  0.71833605  0.75072265
  0.86859661  1.12254703  1.2654978   1.30781913  1.44732201  1.55498397
  1.6945461   1.89495671  2.10377216  2.72076559  2.83436131  3.13380575
  3.18931293  4.00106144  4.43225098  3.60182261  3.67026472  3.1716032
  2.92579603  2.59476352  2.43981743  2.33049011  1.99948883  1.96274793
  1.78365874  1.69570601  1.66161788  1.59938657  1.77355087  1.18699884
  1.09051251  0.9246518   0.8289746   0.65428549  0.37540227  0.30196333
  0.34873059  0.33119458  0.14899611  0.15140806  0.10110965  0.02403766
  0.03513039 -0.02590435 -0.04874118 -0.07335558 -0.12499886 -0.15412718
 -0.12653905 -0.16078104 -0.19517708 -0.21183454 -0.15390007 -0.164167
 -0.24881154 -0.28326902 -0.2444188 ]
[-1.82880461e-01 -2.07342222e-01 -1.81934118e-01 -1.83936059e-01
 -1.61982134e-01 -1.70577854e-01 -1.64580852e-01 -1.45776823e-01
 -1.12682045e-01 -1.18421145e-01 -1.33719057e-01 -6.81408271e-02
 -6.59566149e-02 -7.21881166e-02 -4.06037383e-02 -6.39862567e-02
 -5.08823730e-02 -3.19397193e-03 -3.30112465e-02  9.67909209e-03
  5.85380197e-02  8.09562430e-02  1.10290185e-01  1.97725058e-01
  2.44252488e-01  2.73964494e-01  2.96583951e-01  3.82131726e-01
  4.21312004e-01  4.17747527e-01  5.39637923e-01  5.63221931e-01
  7.26797700e-01  7.89622486e-01  9.20867622e-01  9.74489391e-01
  1.09007454e+00  1.25935888e+00  1.26321471e+00  1.35364938e+00
  1.41120493e+00  1.57396722e+00  1.76924396e+00  1.79536259e+00
  1.92590284e+00  2.08504939e+00  2.26789737e+00  2.38607383e+00
  2.49065685e+00  2.64802790e+00  2.84515285e+00  3.07907271e+00
  3.25104141e+00  3.20242929e+00  3.23236346e+00  3.33186054e+00
  3.24104118e+00  2.99144387e+00  2.95189595e+00  2.71566319e+00
  2.57640362e+00  2.53486347e+00  2.34955645e+00  2.26445794e+00
  2.23075676e+00  2.39235735e+00  1.99322927e+00  1.83528149e+00
  1.76091611e+00]
[-0.00944722  0.03372021  0.09101313  0.0615596   0.08394263  0.12636702
  0.10724542  0.10486168  0.12734976  0.24815089  0.34044582  0.4156912
  0.50510281  0.42832056  0.44161534  0.50119817  0.5779925   0.60123056
  0.70396537  0.76811445  0.97588342  0.99683213  1.11149526  1.31601882
  1.29531562  1.58007717  1.82763493  1.92573309  1.91264784  2.36954165
  2.94860411  3.21077943  3.11986399  3.09947872  3.22485137  3.26328611
  3.36538815  3.40913701  2.9527998   2.7595644   2.55508995  2.55683494
  2.2033143   2.20732141  2.03357053  1.98166668  1.92202973  1.90974629
  1.84074879  1.62905371  1.43428504  1.19362378  0.99073458  0.92201138
  0.79563957  0.67809653  0.6608299   0.67478305  0.59447843  0.50840563
  0.4340353   0.40158054  0.28440481  0.26182565  0.23133007  0.20170479
  0.15742013  0.17978442  0.1461772 ]
[ 2.79111886e+00  2.86449647e+00  2.79781532e+00  3.21991515e+00
  3.47673678e+00  3.79888320e+00  3.59658599e+00  3.77022719e+00
  3.19423199e+00  2.78727221e+00  2.95013475e+00  2.69401002e+00
  2.57052851e+00  2.39847279e+00  2.34270549e+00  2.16514421e+00
  1.91690505e+00  2.03968430e+00  1.85172021e+00  1.83059728e+00
  1.63554227e+00  1.42718720e+00  1.22185755e+00  1.14011180e+00
  1.03999925e+00  8.82625341e-01  7.06803203e-01  6.47523403e-01
  6.03910267e-01  5.56914926e-01  5.31426609e-01  5.07132590e-01
  5.57176590e-01  6.02836013e-01  4.59485590e-01  4.19307232e-01
  3.64219099e-01  2.32011050e-01  1.52161926e-01  1.81960538e-01
  9.42392722e-02 -2.98029976e-03 -3.04770749e-02 -7.66769350e-02
 -9.21365395e-02 -1.00364558e-01 -1.18157409e-01 -2.33563930e-01
 -2.65888125e-01 -2.51040310e-01 -2.10751772e-01 -2.22909138e-01
 -2.83380121e-01 -2.94690430e-01 -4.99599278e-01 -4.57038134e-01
 -4.28925186e-01 -4.02452826e-01 -3.68221343e-01 -3.39178294e-01
 -2.80122668e-01 -3.94353360e-01 -4.53135371e-01 -3.52529436e-01
 -4.16432381e-01 -3.70599478e-01 -3.35980296e-01 -3.76490772e-01
 -4.09348398e-01]
[-1.00089717 -1.00286162 -1.00780094 -1.00967646 -1.00977337 -1.00916958
 -1.01196623 -1.01046836 -1.00879514 -1.00891769 -1.00775301 -1.0077709
 -1.0063138  -1.00518823 -1.00054479 -0.9962852  -0.99519265 -0.98765749
 -0.98294461 -0.97297984 -0.96608019 -0.95465571 -0.94723159 -0.93458486
 -0.92296022 -0.91419649 -0.90100914 -0.88849199 -0.88080174 -0.86857611
 -0.85933763 -0.84358793 -0.82600594 -0.81758612 -0.79470342 -0.78051138
 -0.76303065 -0.74740821 -0.73526454 -0.71891248 -0.70352757 -0.68038869
 -0.66801572 -0.65282071 -0.63695812 -0.60959136 -0.57957339 -0.56591356
 -0.53952783 -0.51622009 -0.5030145  -0.48693004 -0.45854792 -0.43493187
 -0.4358294  -0.41821837 -0.40192577 -0.38745821 -0.36435565 -0.35963705
 -0.36076641 -0.35915115 -0.35959578 -0.34577301 -0.33555415 -0.34337914
 -0.33850816 -0.31877169 -0.29505801]
[ 1.05584121  1.2838614   1.14027905  1.51762176  1.68736172  1.80206275
  1.64891469  1.85537887  2.13850188  2.17483664  2.50960875  2.91109586
  3.28201389  3.35695529  3.81771111  3.78335333  4.14485407  3.96124125
  3.80307126  4.44857407  4.02348948  3.5631938   3.28383994  3.00662351
  2.71035671  2.72872734  2.62037253  2.39207196  2.14520383  1.99559891
  1.94160068  1.68573403  1.48347223  1.44716811  1.20582998  0.64909232
  0.65076941  0.47036341  0.3192676   0.2922737   0.14144635  0.11525356
  0.19922403 -0.06763379 -0.18161647 -0.0384879  -0.24866645 -0.25674409
 -0.28114712 -0.30608106 -0.33740559 -0.36065432 -0.58885318 -0.68564922
 -0.8344121  -0.7979061  -0.71415377 -0.6613189  -0.64356667 -0.60521406
 -0.6469847  -0.60006803 -0.53567898 -0.52787894 -0.4822256  -0.45034525
 -0.49864876 -0.49312717 -0.44617298]
[0.02082261 0.15633103 0.0823105  0.12327275 0.04019629 0.08995131
 0.13967666 0.13040055 0.25217316 0.11178273 0.16276687 0.112568
 0.14719258 0.22162108 0.09219339 0.154927   0.15869452 0.08515531
 0.14079437 0.10434209 0.13842589 0.14634727 0.14183429 0.13429935
 0.37563926 0.56870574 0.41486242 0.17107685 0.20939362 0.24989967
 0.28122446 0.24100426 0.17401664 0.23690666 0.20539555 0.29270652
 0.28278571 0.31101164 0.53883648 0.57848984 0.44474667 0.49045712
 0.63712269 0.88648742 1.20222211 1.65822506 2.46560359 4.01850748
 3.66255617 3.68802357 2.46649265 1.339921   0.97377956 0.7938112
 0.57369745 0.57644165 0.55697775 0.56197411 0.609447   0.69468009
 0.72177911 0.64061189 0.84022975 0.75228852 0.78474778 0.66811818
 0.61686456 0.72177905 0.71671176]
[ 2.31237674  2.32370782  1.83041334  1.8307507   1.77528727  1.65129817
  1.31955922  1.29239285  1.43530118  1.32524729  1.30361176  1.11770916
  1.12896156  1.08205557  1.05959177  0.88112128  0.84144276  0.63619947
  0.592987    0.49940833  0.43105245  0.39806411  0.38121808  0.26156187
  0.28274223  0.21989639  0.16543543  0.1468488   0.12234493  0.10510501
  0.08151975  0.0509415   0.05973942 -0.00738516 -0.05486423 -0.03189633
 -0.08387974 -0.11806877 -0.14191046 -0.17061894 -0.20513794 -0.19836704
 -0.17960304 -0.18019728 -0.19378792 -0.25696725 -0.25210422 -0.2644701
 -0.25218123 -0.24060117 -0.26913816 -0.29741383 -0.27929124 -0.28785539
 -0.30757684 -0.31660774 -0.27632177 -0.3222385  -0.26193368 -0.26515853
 -0.30325642 -0.28945011 -0.3111797  -0.3370668  -0.33519366 -0.35827506
 -0.34253046 -0.28882599 -0.39468685]
[0.67065585 0.85750586 1.06375098 1.15785992 1.22124159 1.1955955
 1.22745073 1.35686004 1.66517079 1.57596767 1.57937384 1.65505314
 1.73375106 1.82758141 1.86673403 1.76770794 1.8351624  1.99229896
 1.97178459 2.03157973 1.85256159 1.97724986 1.97636664 1.99549842
 1.92998111 1.91159415 1.87775338 1.98294806 1.88377857 1.89897597
 1.84204018 1.75021958 1.75578046 1.81270587 1.69054592 1.62726915
 1.55180955 1.53224981 1.55082905 1.58263457 1.53188694 1.56501591
 1.56648338 1.53730369 1.55432415 1.4485023  1.40296364 1.44599509
 1.3613559  1.44095683 1.42943227 1.39221549 1.41069138 1.20693099
 1.20856118 1.26897323 1.17551482 1.15954244 1.03617501 0.99641228
 0.97597259 0.86897242 0.84925812 0.8109861  0.8313241  0.67940748
 0.65305829 0.62115264 0.51081049]
[-0.15029743 -0.17247035 -0.15840754 -0.1453678  -0.13351959 -0.1333729
 -0.13505727 -0.12848584 -0.09657349 -0.08583897 -0.09572487 -0.01674592
  0.02089878  0.06132207  0.0360655   0.07592709  0.12233375  0.15020032
  0.33090299  0.34128144  0.41461053  0.46748906  0.5403142   0.68127358
  0.81782305  0.73105055  0.73336136  0.76305485  0.89522874  1.07316053
  1.190449    1.30419898  1.39492166  1.55684626  1.7747196   1.90891659
  1.95425951  2.16572046  2.50250912  2.62723088  2.91907978  2.98144174
  3.01373649  2.85840917  3.05049729  3.00677395  2.83600521  2.71539927
  2.61357021  2.49283743  2.34821916  2.3836596   2.37315464  2.32731295
  2.06257415  2.18992949  1.8639617   1.77748752  1.82594943  1.61662936
  1.64758837  1.40107369  1.29301775  1.29567623  1.09603965  1.13902056
  1.02993274  0.94671845  0.87321407]
[-0.38076898 -0.35234761 -0.38476902 -0.41060224 -0.43249977 -0.39588144
 -0.41710114 -0.41723466 -0.38970923 -0.37470746 -0.39807469 -0.40971711
 -0.40975896 -0.38466671 -0.40827033 -0.41472697 -0.39340809 -0.39530018
 -0.36874425 -0.40019462 -0.36383042 -0.35951266 -0.36174628 -0.38742575
 -0.39342758 -0.34807312 -0.36393255 -0.36869457 -0.38135958 -0.36663559
 -0.29589084 -0.32651448 -0.35660785 -0.34474406 -0.37016112 -0.37245914
 -0.3617098  -0.34007454 -0.37724373 -0.34160918 -0.32585669 -0.31866649
 -0.18317871 -0.21923304 -0.24615531 -0.16747968 -0.1468253  -0.14547578
 -0.0926812  -0.04029775  0.0293644   0.13444701  0.15080918  0.20062758
  0.2720463   0.3696492   0.53542167  0.61508244  0.78640389  0.8992995
  1.04055107  1.22957957  1.48549354  1.82986772  2.04991055  2.62593985
  2.77966905  3.29836154  3.19637704]
