[-0.0341536   0.01086654  0.03552622  0.10437569  0.19403209  0.29666502
  0.37793191  0.45357588  0.53504757  0.62484275  0.70432328  0.7805561
  0.84808566  0.90927058  0.92825142  0.97749664  1.03492105  1.04539462
  1.10077795  1.06388031  1.03758054  1.01079348  0.93385943  0.90239952
  0.8035159   0.75887962  0.65718711  0.56035023  0.45641304  0.32772856
  0.22917909  0.11235738  0.02513029 -0.11983062]
[ 3.22095677  1.09981475  0.07283629  0.75293536  1.58477789  1.63434463
  1.44038375  1.55176999  1.55278009  1.14931939  0.72841808  0.79450578
  1.17913441  1.37891187  1.25934875  0.99672829  0.86989076  0.95468333
  1.06064279  1.03116986  0.92728431  0.87822411  0.90045737  0.85670998
  0.82750679  0.79084471  0.76793854  0.76301945  0.86349381  0.95240295
  0.82783658  0.48535826  0.18148369  0.09596304  0.12929894  0.08132845
  0.03464488  0.09389758  0.16968956  0.05814971 -0.06013396 -0.0861874
  0.03273105  0.0239124  -0.1032979  -0.19422948 -0.1367018  -0.15077451
 -0.26034025 -0.32790395 -0.28601514 -0.28607598 -0.36337887 -0.48683313
 -0.59196659 -0.56835629 -0.61760029 -0.6524719  -0.67833742 -0.6992689
 -0.77413347 -0.80449167 -0.75057965 -0.68411867 -0.72566807 -0.80839949
 -0.82096981 -0.78231708 -0.78448318 -0.83907895 -0.88689684 -0.89037771
 -0.81930999 -0.80825779 -0.83466253 -0.86520679 -0.8894585  -0.89511694
 -0.89944234 -0.91089689 -0.98919592 -1.01681538 -1.01230344 -0.95226352
 -0.96028227 -0.96826574 -1.04854706 -1.06810737 -1.0652479  -1.0268572 ]
[1.2625725  1.86011819 2.30050918 2.4539066  2.24571697 1.73341332
 1.09375442 0.49154127 0.00270243]
[-0.47260467 -0.47758207 -0.50010252 -0.52887302 -0.56904025 -0.61725579
 -0.67023142 -0.72221261 -0.76607733 -0.79619404 -0.80988836 -0.77046876
 -0.79431352 -0.76930186 -0.74179285 -0.71376373 -0.69028563 -0.67262985
 -0.65905823 -0.63955899 -0.63947097 -0.62986726 -0.61765689 -0.57430977
 -0.58830374 -0.57430917 -0.56186667 -0.59264182 -0.54770365 -0.54458974
 -0.54168342 -0.53739175 -0.52809866 -0.51433196]
[-0.20259885 -0.27599601 -0.29417297 -0.31199924 -0.30845116 -0.35889106
 -0.39349189 -0.42199642 -0.36561601 -0.30521215 -0.32605201 -0.29481418
 -0.29346337 -0.31396735 -0.31775897 -0.34696226 -0.38812535 -0.39814047
 -0.35346986 -0.35201059 -0.45122505 -0.35650384 -0.3507081  -0.35456441
 -0.33342021 -0.34348176 -0.32524698 -0.32717107 -0.33717054 -0.41462494
 -0.33919307 -0.33007953 -0.31697956 -0.33044911]
[-0.59089047 -0.59886023 -0.65378924 -0.60434885 -0.62191966 -0.65839926
 -0.70670549 -0.76070614 -0.81166878]
[ 3.7709      4.42935973  3.71483159  2.2724      0.49326    -0.65533552
 -0.86434    -0.46781001 -0.068646    0.07854064 -0.21178    -0.29696985
 -0.07024503  0.36238867  0.73517532  0.88750978  0.86583     0.81177
  0.80803     0.84378923  0.89234     0.96562689  1.06985007  1.1437
  1.097       0.92608     0.63109532  0.82833611  1.1194      1.449
  1.51100015  1.14559906  0.49763751 -0.11207    -0.4249943  -0.41715
 -0.27125    -0.19122997 -0.24445    -0.35613    -0.41949998 -0.40066
 -0.34873    -0.32395647 -0.34171975 -0.3740862  -0.38707827 -0.26077944
 -0.37272984 -0.38148    -0.40356    -0.42613    -0.43482868 -0.43672
 -0.43589    -0.43943    -0.45182605 -0.46865306 -0.48246573 -0.49109
 -0.49309577 -0.50299649 -0.5086     -0.52787    -0.65070909 -0.55016287
 -0.54421022 -0.53722    -0.52024157 -0.59492882 -0.57737    -0.64278972
 -0.58634489 -0.56753543 -0.54632571 -0.53762    -0.54804    -0.57165017
 -0.59622417 -0.6143793  -0.62595    -0.63665    -0.64838505 -0.65505787
 -0.65024699 -0.63642    -0.62340987 -0.62257238 -0.63451369 -0.64981299
 -0.66026028 -0.66662364 -0.67788114 -0.6985     -0.80650964 -0.72692865
 -0.71562361]
[ 0.3247545   0.32284492  0.31386015  0.22957124  0.23359732  0.16761298
  0.04478927 -0.0902242  -0.23856296 -0.40064927 -0.56588373 -0.72002929
 -0.83387105 -0.9503907  -1.03969618 -1.08920093 -1.12040895 -1.13384084
 -1.08994393 -1.04825819 -1.03049241]
[ 2.0101072   0.93981833  0.47150031  0.87576071  1.35192315  1.42205018
  1.36166821  1.46806898  1.50884423  1.32696096  1.116543    1.15777195
  1.35664544  1.46137776  1.3698524   1.19845161  1.09892687  1.08565879
  1.09597708  0.99221702  0.89217244  0.79743662  0.72961365  0.63982624
  0.54634368  0.42486409  0.35957866  0.29583871  0.24863948  0.27290156
  0.1526485  -0.09288055 -0.30864845 -0.37703496 -0.37084895 -0.45759074
 -0.49603712 -0.48114586 -0.45437794]
[-0.10766082 -0.11868062 -0.10426609 -0.03183516  0.03732905 -0.04029702
 -0.11233685 -0.15176135 -0.19541764 -0.19256581 -0.25248736 -0.24015958
 -0.26571105 -0.24634028 -0.19183616 -0.25070022 -0.2904637  -0.3020845
 -0.29073245 -0.25248837 -0.23783269 -0.24230399 -0.25568354 -0.29400862
 -0.24784737 -0.26424124 -0.1934691  -0.17935318 -0.20461178 -0.19525977
 -0.16588844 -0.16855408 -0.13173687 -0.1649148 ]
[-0.0410175  -0.0181513   0.02745345  0.09600913  0.18427355  0.28767916
  0.36076363  0.44204518  0.52582426  0.61682315  0.70074454  0.77993137
  0.85119991  0.91686657  0.93910489  0.98941979  1.0465273   1.05530649
  1.11017981  1.06999985  1.04689998  1.02044142  0.95598764  0.91342928
  0.81566647  0.77043307  0.66879776  0.57068848  0.46500125  0.33445706
  0.23390825  0.11491938  0.02538472]
[ 0.32600312  0.32392037  0.31475347  0.2303774   0.23416547  0.16805739
  0.04513962 -0.08993161 -0.23830283 -0.4004002  -0.56564031 -0.71979643
 -0.83366419 -0.95023305 -1.03961497 -1.08922331 -1.12055689 -1.1340958
 -1.09037857 -1.04883109 -1.03114951]
[-0.26237062 -0.25209424 -0.23756353 -0.22062993 -0.21502008 -0.23096914
 -0.25393138 -0.27704881 -0.29228795]
[ 1.99170335  0.94001304  0.4806123   0.88009422  1.35005557  1.42016894
  1.3615823   1.46748571  1.50839817  1.32959824  1.12239278  1.16273112
  1.35807884  1.46047155  1.36929786  1.19912919  1.099429    1.084277
  1.09236783  0.98789845  0.8868656   0.79100493  0.72164198  0.63056271
  0.53587749  0.41371848  0.34687735  0.2818337   0.23334589  0.25528636
  0.13512437 -0.10841568 -0.32238516 -0.39079822 -0.38569292 -0.47176391
 -0.50984546 -0.49529494 -0.46887214]
[ 0.46600471  0.46342446  0.44936043  0.36876567  0.36737403  0.29160885
  0.16358631  0.03383293 -0.10439461 -0.27382683 -0.43653823 -0.5908846
 -0.71061928 -0.82939786 -0.92937938 -0.992253   -1.03903054 -1.06870228
 -1.05185582 -1.02601755 -1.0235083 ]
[ 3.1533535   1.11046326  0.11853018  0.76680751  1.56037566  1.60228234
  1.4097214   1.51168977  1.50738087  1.11477566  0.7059348   0.76551798
  1.13187494  1.32054208  1.20460429  0.95112408  0.82871377  0.9104539
  1.01313934  0.98637254  0.88849821  0.8437184   0.86830132  0.82860585
  0.80350574  0.77119592  0.75247328  0.7497104   0.84865995  0.93555791
  0.81702265  0.48853697  0.19723358  0.11353647  0.14385202  0.0960414
  0.04850709  0.10218596  0.17124075  0.05866066 -0.05844443 -0.08836252
  0.02087416  0.00728106 -0.1200511  -0.21337368 -0.16186205 -0.1798255
 -0.28936434 -0.35772777 -0.32061221 -0.32328785 -0.39964131 -0.5198491
 -0.6236721  -0.59946776 -0.64693622 -0.68001597 -0.70410623 -0.72307089
 -0.79365536 -0.82129669 -0.76785398 -0.70191905 -0.74060291 -0.81888453
 -0.82921255 -0.79079322 -0.79206394 -0.84357974 -0.88922138 -0.8920651
 -0.82364009 -0.81330866 -0.83908496 -0.86834887 -0.89303255 -0.89929987]
[0.63253352 1.00826693 1.4211328  1.73801765 1.91165852 1.98740538
 1.99869043 1.90505432 1.62639416]
[ 3.46943438e+00  4.19967447e+00  3.57656070e+00  2.15869734e+00
  4.70662812e-01 -5.84099375e-01 -7.59050156e-01 -4.10957821e-01
 -8.94007813e-02 -1.53417029e-03 -2.41266563e-01 -3.04746902e-01
 -1.23394709e-01  2.00114375e-01  4.62787567e-01  5.59047471e-01
  5.35435937e-01  4.96784997e-01  5.01847969e-01  5.45280516e-01
  6.11730312e-01  7.05272678e-01  8.14726260e-01  8.82084219e-01
  8.43116250e-01  7.13494844e-01  5.12205003e-01  6.93964375e-01
  9.49256406e-01  1.21350078e+00  1.25559153e+00  9.70072188e-01
  4.81176319e-01  3.29206094e-02 -1.90461940e-01 -1.79293453e-01
 -6.98336562e-02 -1.07718678e-02 -5.25215625e-02 -1.43567031e-01
 -2.03784048e-01 -2.01671031e-01 -1.70545313e-01 -1.59964424e-01
 -1.88315725e-01 -2.31726641e-01 -2.53132382e-01 -1.58972825e-01
 -2.37497190e-01 -2.56838594e-01 -3.07679219e-01 -3.64865781e-01
 -3.95849354e-01 -3.98305891e-01 -3.88504922e-01 -3.90135203e-01
 -4.12146349e-01 -4.41742271e-01 -4.59673083e-01 -4.61560469e-01
 -4.55575844e-01 -4.62498154e-01 -4.76563438e-01 -5.02828906e-01
 -5.97633198e-01 -5.22933152e-01 -5.20538668e-01 -5.26564219e-01
 -5.29811300e-01 -5.95825240e-01 -5.87245937e-01 -6.38571199e-01
 -6.05828009e-01]
[-0.27250932 -0.33943722 -0.36083365 -0.36819991 -0.35068126 -0.36436965
 -0.36263765 -0.35585261 -0.29662613 -0.23991104 -0.24683062 -0.22194757
 -0.2361074  -0.26530435 -0.28750323 -0.33181082 -0.38342136 -0.41174799
 -0.3999097  -0.41031304 -0.4856223  -0.42887416 -0.42746448 -0.42717748
 -0.4138533  -0.41872389 -0.40225602 -0.40597786 -0.40662162 -0.45600997
 -0.40454799 -0.39750277 -0.38646561 -0.39472398]
[-0.72056044 -0.7487645  -0.78745071 -0.76685638 -0.77333058 -0.78689003
 -0.80656726 -0.83117851 -0.8569894 ]
[-0.30255   0.32564   0.18209  -0.11356   0.070188  0.27158   0.19676
  0.13588   0.18723   0.1865    0.1316    0.11879   0.16807   0.26369
  0.32115   0.27809   0.21538   0.25898   0.3733    0.4075    0.33542
  0.30027   0.34686   0.34368   0.22851   0.12895   0.12724   0.13857
  0.10031   0.076345  0.10823   0.13248   0.11647   0.1166    0.16754
  0.19245   0.12006   0.003042 -0.045835 -0.023905 -0.018568 -0.042702
 -0.037075 -0.016197 -0.049098 -0.10516  -0.10803  -0.07726  -0.076685
 -0.089208 -0.10112  -0.16495  -0.27779  -0.33966  -0.3256   -0.32583
 -0.3702   -0.40002  -0.41188  -0.45629  -0.50712  -0.51156  -0.50072
 -0.52295  -0.53876  -0.51568  -0.50508  -0.53878  -0.56367  -0.55026
 -0.54472  -0.56994  -0.5957   -0.6101   -0.62542  -0.62608  -0.60386
 -0.59428  -0.61715  -0.6324   -0.61545  -0.60203 ]
