[ 0.25135936  0.46254549  0.54072517  0.11204644 -0.33967387 -0.55030445
 -0.59200558 -0.57545383 -0.3198377  -0.12307919 -0.22108539 -0.21161882
 -0.32839326 -0.15126026 -0.06943727  0.05076774  0.05872501  0.25929258
  0.38359023  0.45410524  0.57407536  0.57772648  0.6554075 ]
[ 1.25459409  0.47785019 -0.3141099  -0.85640914 -1.16987139 -0.91283051
 -0.66172262 -1.08689142 -1.44664966 -1.4448995  -1.1680271  -0.62239306
 -0.1219215   0.03136841  0.04388947  0.07817296 -0.01203078  0.01686889
  0.20156817  0.23191245  0.27966437  0.60011757  0.86136234  0.87230087
  0.83434749  0.64664733  0.50616349  0.31848489  0.30862678  0.32901173
  0.48102683  0.52072691  0.5137484   0.45787083  0.54878625  0.27960802
  1.16098213  1.71854532  1.92152067  1.39950916  0.57272829 -0.09173086
 -0.78455763 -1.40900414 -1.3170653 ]
[ 0.25135908  0.46254569  0.54072597  0.11204723 -0.33967338 -0.55030445
 -0.59200608 -0.57545362 -0.3198379  -0.12307899 -0.22108549 -0.21161931
 -0.32839395 -0.15126115 -0.06943786  0.05076734  0.0587243   0.25929248
  0.38358991  0.45408182  0.57407556  0.57772677  0.65549751]
[ 1.25459416  0.47784962 -0.31411097 -0.85641037 -1.1698724  -0.9128309
 -0.66172243 -1.08689128 -1.44664969 -1.44489975 -1.16802732 -0.62239277
 -0.12192069  0.03136936  0.04389026  0.07817358 -0.01203048  0.01686916
  0.20156849  0.2319126   0.27966436  0.60011771  0.86136266  0.87230118
  0.83434781  0.64664752  0.50616356  0.3184849   0.30862688  0.32901187
  0.48102703  0.52072712  0.51374862  0.4578711   0.54878667  0.27960792
  1.1609825   1.71854585  1.92152148  1.39950974  0.57272805 -0.09173174
 -0.78455897 -1.40900554 -1.31706606]
[ 0.2264965   0.43062633  0.52481752  0.14206102 -0.34304394 -0.55363231
 -0.57184358 -0.56169185 -0.34741397 -0.14317249 -0.22686963 -0.20374648
 -0.31474495 -0.14036898 -0.09968202  0.01100267  0.02182892  0.22463777
  0.36245066  0.41220596  0.54438068  0.56700421  0.63902854]
[ 1.16956661  0.31295812 -0.67794717 -1.08989213 -1.0650768  -0.7987166
 -0.63788333 -1.1721365  -1.46733419 -1.46362464 -1.38847671 -0.97398579
 -0.5072814  -0.20585644 -0.19298301 -0.05392503  0.01424874  0.23224885
  0.41513489  0.42955493  0.45789827  0.50798584  0.63705664  0.53231753
  0.4071334   0.18093068  0.10949516 -0.00765673  0.11863618 -0.00603411
  0.16777298  0.19317564  0.15797452  0.3013979   0.24307129  0.25822901
  0.85847468  1.4374512   1.72896195  1.37852303  0.57610463 -0.08431047
 -0.70351227]
[ 1.0731427   0.82777301  0.55481475  0.38324345  0.46687379  0.23516333
 -0.05408356 -0.88897965 -1.38940931 -1.38762201 -1.4107228  -1.17416778
 -0.956168   -0.733825   -0.69971657 -0.6279255  -0.55572767 -0.33599412
  0.01578807  0.21115515  0.27404801  0.43411378  0.51732022  0.65921771
  0.50507683  0.41949547  0.31226417  0.23186248  0.25727201  0.11126154
  0.23240732  0.24743434  0.23534562  0.27988063  0.26179585  0.20772021]
[ 1.0699591   0.8204376   0.54126013  0.3634105   0.44339051  0.21928945
 -0.06835701 -0.89369303 -1.39409689 -1.39525116 -1.4067527  -1.16238486
 -0.93924523 -0.71427807 -0.68146326 -0.61392894 -0.54727995 -0.32803393
  0.01815047  0.2120511   0.27424523  0.4325554   0.51552889  0.65502596
  0.50495795  0.42147992  0.31481949  0.23489874  0.26037542  0.11406672
  0.23361442  0.25331194  0.24025246  0.2853466   0.26744845  0.21112788]
[-0.51500941 -0.54857351 -0.00586134  0.67133864  0.05090929 -1.04056103
 -1.74031046 -1.71088499 -0.97183803 -0.69276508 -0.51012325 -0.85020086
 -0.69066256 -0.22193031  0.13960158  0.16745944  0.31122843  0.56377133
  0.62184024  0.63071186  0.66400463  0.7140038   0.77552976  0.95738816
  0.7645188   0.53047555  0.35593083  0.24226908  0.33980691  0.2595857
  0.11461145  0.70742301  0.91880965  0.73623434  0.51656259  0.20734393
  0.20141517  0.06297143 -0.47978058 -1.1682558  -0.97510095 -0.35114523
  0.08722759]
[ 0.52075    -0.0752163  -0.10245461  0.7684152   1.0646211   0.01216532
 -0.81037466 -1.24727957 -1.16697886 -0.79995231 -0.33341228 -0.65100674
 -1.02329213 -0.9331139  -0.79582714 -0.40918019 -0.0514892   0.01714043
  0.09050921  0.11155601  0.40769938  0.74888925  0.79251757  0.96979492
  0.83201632  0.86928258  0.74761726  0.59881349  0.40050297  0.34468519
  0.21892719  0.35568129  0.33959461  0.26887173  0.19696192 -0.12923684
 -0.00211437 -0.15633117 -0.21063594 -0.66199711 -1.04567126 -0.84948599
 -0.16019744]
[0.32500428 0.37470306 0.39624261 0.15784204]
[ 1.07333084  0.82766951  0.5541938   0.38210867  0.46557647  0.23438837
 -0.05453752 -0.88916633 -1.3897132  -1.38801743 -1.41088643 -1.17391851
 -0.95562322 -0.73312294 -0.69907054 -0.62741832 -0.55538882 -0.33565453
  0.01596902  0.21125853  0.2740863   0.43403531  0.51725297  0.65906536
  0.50496386  0.4193884   0.31219524  0.23180428  0.25727623  0.11125884
  0.23240406  0.24751352  0.23538427  0.28000186  0.26196194  0.20794214]
[ 1.16978241  0.31319777 -0.67759708 -1.08955391 -1.06472067 -0.79851869
 -0.63781855 -1.17197312 -1.467302   -1.46359754 -1.38837028 -0.97414954
 -0.50765671 -0.20626939 -0.19326709 -0.05418383  0.01408205  0.23205238
  0.41501493  0.42950706  0.45791062  0.50808033  0.63705097  0.53238909
  0.40719249  0.18103273  0.10954939 -0.00758964  0.11860601 -0.00597108
  0.16768314  0.19312216  0.15791546  0.30119679  0.24297423  0.25798797
  0.85816768  1.43701214  1.72863516  1.37841412  0.5761621  -0.08427009
 -0.70327978]
[0.32495467 0.37470002 0.39623957 0.157839  ]
[-0.00571301  0.07207634  0.24081851  0.10648871 -0.24464964 -0.57453337
 -0.77653477 -0.78337232 -0.56654804 -0.33584582 -0.21987954]
[ 1.25451187  0.4801022  -0.30949687 -0.85196515 -1.16645052 -0.91154603
 -0.66215459 -1.08731245 -1.44595897 -1.44339427 -1.16788089 -0.62412937
 -0.12463582  0.02876714  0.04249142  0.07793559 -0.01168366  0.01715984
  0.20149861  0.23137325  0.27903129  0.59926767  0.86000488  0.87091969
  0.83385931  0.64734394  0.50713392  0.31982112  0.30957353  0.3295103
  0.48081996  0.52044186  0.51347688  0.4581179   0.54885568  0.28020299
  1.15985715  1.7167412   1.91809178  1.39914409  0.57520402 -0.08714092
 -0.77943517 -1.40470814 -1.31458451]
[0.32611871 0.37454033 0.39500126 0.15771293]
[ 1.17929297  0.39872211 -0.46835083 -0.85449695 -0.90490604 -0.79133202
 -0.71426597 -1.15962143 -1.41159124 -1.3964665  -1.30671127 -1.04755739
 -0.67684933 -0.37959371 -0.28015315 -0.1432095  -0.03705185  0.19802604
  0.38951047  0.41906088  0.4478859   0.53925966  0.62486308  0.55590985
  0.43107877  0.23386473  0.14964432  0.04882279  0.13760207  0.04196911
  0.1410984   0.19124602  0.20771253  0.31543995  0.28104855  0.23806098
  0.75264272  1.22192513  1.4853362   1.17922001  0.49959383 -0.06658933
 -0.55192056]
[-0.63038769 -0.70448966 -0.20333387  0.44239573 -0.06091656 -0.97172161
 -1.58558267 -1.54220418 -0.83917954 -0.57125126 -0.38850699 -0.68855421
 -0.55056602 -0.13631189  0.18096783  0.18150618  0.28430048  0.50545848
  0.55608667  0.56377351  0.61576924  0.63569062  0.68931052  0.84886363
  0.7495346   0.59091368  0.49156773  0.36199354  0.44416539  0.44736424
  0.36651672  0.84010344  0.88590233  0.63236851  0.36981513  0.02939213
  0.02320373 -0.02879261 -0.50554456 -1.20216375 -1.10100326 -0.5291275
 -0.09564655]
[-1.4853   -1.1364   -0.4386    0.084729  0.084729  0.25917   0.25917
  0.43361   0.43361   0.43361   0.25917   0.25917   0.25917   0.084729
  0.25917   0.25917   0.25917   0.25917   0.25917   0.25917  -0.089713
 -0.4386    0.084729 -0.089713  0.25917   0.60806   1.3058    1.8292
  1.8292    1.1314    0.43361  -0.26416  -0.78748  -1.1364  ]
