[-0.0719839   0.14392158  0.24411801  0.18536405  0.18680561  0.18360928
  0.07279096 -0.11987816 -0.08731547  0.00595762]
[ 1.52973269  2.02005497  2.0783477   1.6374457   0.79122597 -0.22770806
 -0.89038621 -1.3382015  -1.40515036 -1.069756   -0.92943012 -1.26400696
 -1.65554097 -1.67232211 -1.51452021 -1.10954297 -0.70859584 -0.68965418
 -0.46730881 -0.10765167  0.20133006  0.40132185  0.50255048  0.43792717
  0.41746208  0.41745288  0.38578052  0.21806147  0.10503626  0.1257585
  0.18701916  0.29155879  0.18857209  0.04197062  0.01994533  0.30881
  0.66706394  1.15263725  1.18087591  1.0404966   1.41602008  1.85923338
  1.85561036  1.06204004  0.0433829  -0.4580924  -1.14723685 -1.20866369
 -0.85359915 -0.62990383 -0.61680103 -1.24545727 -1.63116567]
[ 0.94107866  0.15889109 -0.67949228 -1.57252934 -1.06355245 -0.18504049
  0.92607259  0.22515491 -0.8021659  -1.73274101 -1.63165775 -0.96588449
 -0.45327175 -0.514393    0.12232379  0.17800348  0.58017674  0.86196304
  0.64071378  1.22260678  0.96866507  0.99059645  0.71085078  0.7369223
  0.3626091   0.38523565  0.37919771  0.15625197  0.08133278 -0.23656478
 -0.24938182 -0.24726629  0.04526178 -0.26193452 -0.31565468  0.34463557
  0.63312429  0.96505554  1.0086438  -0.7792111  -0.82698316  0.09790552
  0.46449293  0.75946225 -0.19434532 -1.83701234 -1.626735   -1.65552392
 -2.27229367 -1.89353129 -0.58795284  0.5867341 ]
[ 1.5297449   2.0200565   2.07834923  1.63743878  0.79121787 -0.22771691
 -0.89039372 -1.33820175 -1.40514424 -1.06975076 -0.9294283  -1.26401062
 -1.65554374 -1.67231851 -1.51451068 -1.10953433 -0.70858808 -0.68964643
 -0.4673015  -0.10764525  0.20133262  0.40132398  0.50254919  0.43792929
  0.4174642   0.417455    0.38577627  0.21805766  0.10503586  0.1257581
  0.18701535  0.29155795  0.18856828  0.04197363  0.01994834  0.30882191
  0.66707495  1.15264397  1.18087625  1.04050376  1.41602932  1.85923832
  1.85560596  1.06202807  0.04338294 -0.45809784 -1.14723755 -1.20866439
 -0.85359436 -0.62990586 -0.61682856 -1.24548006 -1.63116845]
[ 1.53324405  2.01853208  2.07032641  1.62666835  0.78086166 -0.23413661
 -0.89314978 -1.33640209 -1.40166011 -1.07043735 -0.93298751 -1.26636362
 -1.65535898 -1.66999403 -1.51145464 -1.10840905 -0.70740166 -0.6863664
 -0.46253412 -0.10578078  0.20261826  0.40186411  0.50373588  0.43794664
  0.41756939  0.41641912  0.38478205  0.21901954  0.10637779  0.12543333
  0.18985174  0.29085079  0.18775535  0.0431883   0.02358314  0.30878579
  0.66877878  1.15211912  1.18318349  1.04294487  1.41697025  1.85198799
  1.84175834  1.05094123  0.03765199 -0.4626106  -1.14553161 -1.20652016
 -0.8536494  -0.6321285  -0.61912875 -1.24746018 -1.62563296]
[ 0.39237172  0.18580353 -0.02018841 -0.02018841  0.18637878  0.39237172
  0.39383951 -0.02453956 -0.01548693 -0.03035103 -0.00838533  0.3924289
  0.39399634  0.38527984  0.61469759  0.80676071  0.60490728  0.60796639
  0.20839318 -0.01558279  0.18695402  1.83483768  2.45437535  1.428284
  0.39431265 -1.24209806 -1.23156647 -0.43216531  0.20606348 -0.23379722
 -1.26822406 -2.08866087 -2.08446504 -1.87884401 -1.05556282 -0.43482141
 -0.22351414 -0.24811179 -0.01714876  0.38997153  1.00862482  1.02420313
  1.00977529  1.00977529  0.60454141  0.59778941]
[ 0.39239132  0.15735143 -0.01997202 -0.01997202  0.20630416  0.39239132
  0.39373612 -0.02364645 -0.01559361 -0.03044607 -0.00820257  0.39378166
  0.39482675  0.38626605  0.61505552  0.80630393  0.60496361  0.60976122
  0.20765909 -0.01452909  0.18747741  1.83349292  2.4527868   1.42875753
  0.39622402 -1.23804816 -1.22859764 -0.43148187  0.27451386 -0.23569988
 -1.26957938 -2.09812995 -2.08407554 -1.87839189 -1.03209815 -0.43630009
 -0.21973797 -0.26324476 -0.0184609   0.3889101   1.00713307  0.99473513
  1.00882404  1.00882404  0.60347079  0.59730522]
[ 1.53662332  2.01824335  2.06560683  1.61835562  0.77289929 -0.23935616
 -0.89555194 -1.33538342 -1.40015505 -1.07127005 -0.93458203 -1.26660328
 -1.65391933 -1.66758272 -1.50885517 -1.10676356 -0.70582655 -0.68397765
 -0.45861262 -0.1034701   0.2029144   0.40054732  0.50429807  0.4379604
  0.41695453  0.41569441  0.38418679  0.21991829  0.10775895  0.12658391
  0.19176489  0.29066563  0.18648771  0.04482899  0.0279504   0.31067564
  0.67064813  1.15228033  1.18419567  1.04550787  1.4162615   1.84529981
  1.83237754  1.04329853  0.03281749 -0.46607863 -1.14378953 -1.20373856
 -0.85450323 -0.63565194 -0.62426754 -1.24846441 -1.62163471]
[ 0.89837729  0.12421458 -0.70185807 -1.56184198 -1.06269159 -0.20737142
  0.8693371   0.18676015 -0.8026679  -1.70041379 -1.60250588 -0.95738005
 -0.44463796 -0.50047268  0.12609091  0.18372227  0.57099363  0.8510714
  0.63008258  1.20087096  0.95595261  0.97618399  0.70135405  0.72042635
  0.36150167  0.38229682  0.3677888   0.13894098  0.07991642 -0.23155205
 -0.23676703 -0.23056242  0.06082589 -0.22522924 -0.2684487   0.36852184
  0.64446729  0.94989127  0.97967745 -0.78262256 -0.82920686  0.07343752
  0.43094368  0.71754705 -0.2186353  -1.82278287]
[ 1.52707006  2.03421207  2.11344102  1.54652873  0.70602846 -0.18338075
 -0.93463153 -1.35511011 -1.39740577 -1.05421177 -1.02388379 -1.37602814
 -1.64393013 -1.52869908 -1.23221653 -0.83020415 -0.42780026 -0.40698314
 -0.30163255 -0.1145826   0.21440235  0.35033404  0.37141802  0.32107584
  0.36763089  0.36714387  0.46177838  0.41436032  0.38844982  0.33907187
  0.27090603  0.27321677  0.19763855  0.10565344  0.10233389  0.29623634
  0.61348877  1.0605675   0.96711656  1.05624285  1.55146908  1.78257472
  1.81410243  1.01938472  0.01395134 -0.64022647 -1.28030608 -1.37399029
 -0.96334069 -0.74994723 -0.75251958 -1.36201742]
[ 1.7048    1.0712    0.015087 -0.61857  -1.041    -1.2522   -1.041
 -0.40735   0.015087 -0.61857  -1.8859   -1.8859   -1.2522   -0.40735
  0.015087  0.43752   0.43752   0.2263  ]
[-1.2207   -1.6375   -1.6375   -1.2207   -0.59546  -0.17864   0.23818
  0.23818   0.029773 -0.17864   0.23818   0.23818   0.029773  0.029773
  0.23818   0.23818   0.65501   0.86342   1.0718    0.86342   0.4466
  0.23818   0.23818   0.23818   0.23818   0.23818   0.4466    0.86342
  0.4466    1.0718    1.9055    1.6971    1.9055    1.0718    0.029773
 -1.0123   -1.6375   -1.8459   -1.2207   -1.0123   -1.0123   -1.6375  ]
