[ 0.84495056  0.17159473 -0.56985277 -1.35999469 -0.98960866 -0.33991147
  0.59205759 -0.02436818 -0.80810376 -1.55318898 -1.3686773  -0.90910625
 -0.45446066 -0.53404388 -0.14357854  0.11818378  0.48009273  0.835524
  0.59831393  1.07156975  0.93724465  0.91547597  0.75242338  0.72551284
  0.43276717  0.46300576  0.43923088  0.08487758  0.03835362 -0.35111007
 -0.1759297  -0.25859086 -0.00889226 -0.23163648 -0.20416798  0.3182002
  0.61031917  0.84859996  0.84825371 -0.65139357 -0.68574003  0.19053515]
[-0.71226478  0.02321554  0.39742164  0.60135164  0.42428175  0.13345109
 -0.17189449 -0.29195277 -0.11680903]
[-0.71226592  0.02321471  0.39978878  0.60135353  0.42428355  0.1334517
 -0.17189655 -0.29195574 -0.12362276]
[ 0.84302371  0.14053782 -0.6916946  -1.54440886 -1.1294801  -0.31016072
  0.73368154  0.04323874 -0.75479976 -1.60300036 -1.40323395 -0.89585494
 -0.38884769 -0.48403946 -0.09582716  0.18375405  0.51888502  0.94187614
  0.67940381  1.21632141  1.00516869  0.97457374  0.79147624  0.76453274
  0.45046244  0.44146132  0.39202272  0.08606929  0.02934876 -0.30196335
 -0.21458176 -0.31131577 -0.05111178 -0.28076239 -0.2610033   0.30215865
  0.61513397  0.86278723  0.85072391 -0.74496757 -0.81179212  0.07516887]
[ 0.80924124  1.4248      1.2183      1.8377      1.4248      0.59882
 -0.66893585 -0.8466     -0.8466     -0.43362    -0.43362    -1.2596
 -1.879      -2.24690594 -2.08549093 -0.99971257 -0.64011    -0.8466
 -0.8466     -0.22714     0.3885967   0.77784544  0.37958822  0.16316766
 -0.020649   -0.020649    0.18584     0.37501642  0.39233    -0.04678369
 -0.020649   -0.020649   -0.06101985  0.51719715  0.39233     0.39228902
  0.59882     0.8053      0.59878502  0.59880972  0.18584    -0.020649
  0.18584     1.8377      2.4572      1.40314981  0.42591072 -1.2596
 -1.29013152 -0.43403773  0.16028702 -0.22714    -1.2596     -2.08554257
 -2.02087056 -1.879      -1.0531     -0.43362    -0.22704674 -0.22714
 -0.020649    0.38707613  1.0118      0.95440513  1.01966148  1.0118
  0.59887787]
[ 1.93021283  2.14213607  1.99157111  1.7974901   0.99595313 -0.1367299
 -0.99505934 -1.28350225 -1.24007178 -0.85201356 -0.94646376 -1.30165261
 -1.5601351  -1.62565463 -1.48262943 -0.98164894 -0.72689379 -0.59426194
 -0.45642116 -0.10665537  0.38848791  0.5442434   0.33751244  0.18694426
  0.31960024  0.29897365  0.23791577  0.25064055  0.22938229  0.22874253
  0.23272835  0.27616511  0.13831774  0.25064055  0.06182924  0.4753605
  0.90159994  1.044643    0.94505371  1.03919608  1.1517967   1.27694712
  1.05742274  0.77406435  0.48559004 -0.11432541 -0.71385413 -1.2438904
 -0.84443357 -0.52537632 -0.81384637 -1.35006201 -1.67138162 -1.6204606
 -1.03355453 -0.4615267  -0.02383183  0.06943388 -0.09825031 -0.05568654
  0.10965967  0.29407731  0.32489769  0.08665427]
[ 1.92657309  2.13964683  1.99025891  1.79392937  0.99252492 -0.13817782
 -0.99589567 -1.28313439 -1.23855343 -0.85054828 -0.94382084 -1.30246178
 -1.5634073  -1.6276143  -1.48228811 -0.98042385 -0.72430406 -0.59402647
 -0.45621217 -0.10532222  0.38744037  0.54434648  0.33879267  0.1894016
  0.31970331  0.29808958  0.23804539  0.2496195   0.22849267  0.22635316
  0.23053014  0.27511757  0.1372967   0.2496195   0.06316239  0.47661426
  0.90162339  1.04696806  0.94622827  1.03919361  1.1540674   1.28034367
  1.06087176  0.77649526  0.48694971 -0.11406352 -0.71467661 -1.242876
 -0.84417168 -0.52629153 -0.8158332  -1.35272166 -1.67096068 -1.62009274
 -1.03209295 -0.46137063 -0.0227481   0.06956349 -0.10035366 -0.05668111
  0.10881579  0.29420693  0.32505375  0.08696461]
[ 1.85326498  2.05997117  1.88567964  1.69389904  0.92682678 -0.14084386
 -0.96369191 -1.23759489 -1.19488169 -0.83628163 -0.93688195 -1.31318742
 -1.56391197 -1.6144754  -1.442916   -0.92986422 -0.66167889 -0.56915542
 -0.439739   -0.09079674  0.38717683  0.54817027  0.34703975  0.20297156
  0.31558564  0.29869701  0.25342769  0.26807694  0.25821788  0.22009701
  0.22630029  0.26328049  0.14136781  0.26203052  0.086742    0.4804319
  0.88124501  1.03591201  0.96556448  1.05512283  1.15348699  1.26810745
  1.03775409  0.79058926  0.50480347 -0.12131716 -0.72992675 -1.26701908
 -0.88978132 -0.56639822 -0.81853367 -1.32604854 -1.63436366 -1.59924788
 -1.04677113 -0.5068782  -0.06207255  0.05005681 -0.09833953]
[-0.69625203  0.02793391  0.39531373  0.59233228  0.41654104  0.13132945
 -0.16396072 -0.27958929 -0.11202297]
[ 1.81416762  2.04270095  1.90766963  1.69577335  0.91857496 -0.14077101
 -0.95641164 -1.23371274 -1.18014874 -0.81837786 -0.93683876 -1.32142039
 -1.56260967 -1.60350893 -1.4034289  -0.88012022 -0.6135417  -0.53415248
 -0.41434825 -0.09427775  0.36099756  0.52846451  0.33624127  0.20097045
  0.33279296  0.34352814  0.30206633  0.31753054  0.29536633  0.24568242
  0.23773911  0.27125328  0.1594169   0.28540043  0.12079071  0.48818482
  0.86305439  1.01506859  0.91229262  1.05878468  1.19201939  1.32852856
  1.08981293  0.80464172  0.48641398 -0.15964409 -0.78939121 -1.28906915
 -0.9282947  -0.59003009 -0.8159671  -1.33717144 -1.66153725 -1.63556742
 -1.1015206  -0.54379788 -0.10765447  0.0147639  -0.11010854 -0.05744727
  0.10704174  0.29886106  0.35801877  0.13221714]
[ 0.31101846  0.16565645 -0.41252188 -0.75827431 -0.7802899  -0.66393792
 -0.31112234 -0.45887057 -0.79962452 -1.03743596 -0.82491435 -0.62262487
 -0.42853252 -0.58761572 -0.47627553 -0.15711807  0.07241385  0.23776084
  0.16186255  0.52181579  0.47808679  0.5556504   0.38155089  0.35190013
  0.25990146  0.26477047  0.3017723   0.2397085   0.31143582  0.06225524
  0.11177732 -0.01785643  0.1038141   0.2166085   0.63592655  0.94228934
  0.75872279  0.58230378  0.11050379 -0.56472135 -0.47160907  0.01535188]
[-5.31877471e-01 -2.18967842e-01 -1.07181543e-02  4.07018984e-01
  6.16481523e-01  5.15010271e-01  4.12475195e-01  5.15473135e-01
  4.11262344e-01  2.03453649e-01  2.03453649e-01  3.05985742e-01
  4.10201504e-01  6.17395322e-01  7.20989746e-01  8.22447578e-01
  8.24139680e-01  3.05374346e-01  1.01753184e+00  1.03337439e+00
  1.24285680e+00  1.03549607e+00  5.16533975e-01  2.05403932e-01
 -1.07488281e-03 -6.21953906e-01 -2.08011035e-01  2.02153125e-01
  2.99559434e-01  5.04182070e-01 -2.56125977e-01 -9.52427288e-01
 -1.69166043e+00 -1.67593271e+00 -1.35946666e+00 -9.46609189e-01
 -7.41991465e-01 -6.39897383e-01 -8.12603963e-01 -8.38402764e-01
 -5.64607177e-01 -3.13469063e-01 -1.07331113e-01 -1.07947480e-01]
[-1.39851198 -1.40106717 -1.00175703 -1.21257142 -1.62260227 -1.6203866
 -1.20471133 -0.59305901 -0.18974418  0.21575706  0.21949279  0.01830507
 -0.18303264  0.22366406  0.22562121  0.02648781  0.03052255  0.23817263
  0.23683848  0.6526687   0.85664656  1.06272706  0.85494964  0.44493535
  0.23856182  0.23864741  0.23945615  0.23820687  0.2394677   0.43984394
  0.85020753  0.43843573  1.05478462  1.87581245  1.67844656  1.88856856
  1.06629669  0.03948546 -0.99302929]
[ 1.70156914  0.8365207   0.3872209  -0.64670398 -0.90683672 -0.97289094
 -0.84243906 -0.48105469 -0.76877812 -1.07632148 -1.46690977 -1.49114297
 -1.10014688 -0.31659141  0.04925566  0.39039777  0.56218809  0.59422434]
[ 1.1300082   1.88085602  1.64417824  1.75938258  0.95134141 -0.03877833
 -1.01652531 -1.60006344 -1.78487062 -1.18404492 -1.01431133 -1.03898984
 -1.62991437 -1.77482203 -1.54804543 -0.92475738 -0.51579582 -0.32861457]
[ 2.04708945  1.86241852  1.15023762 -0.09500586 -0.63520547 -0.9985175
 -1.18246281 -1.35659625 -1.01547375 -0.49028789 -0.84648398 -1.37187891
 -1.72025812 -1.00542516 -0.4700509   0.24451199  0.60301012  0.43115793]
[ 0.80776327  1.4248      1.2183      1.8377      1.4248      0.59882
 -0.65812616 -0.8466     -0.8466     -0.43362    -0.43362    -1.2596
 -1.879      -2.26381622 -2.08549433 -1.01973286 -0.64011    -0.8466
 -0.8466     -0.22714     0.38999669  0.7881409   0.38436639  0.17166979
 -0.020649   -0.020649    0.18584     0.38150901  0.39233    -0.03698318
 -0.020649   -0.020649   -0.04588078  0.47037197  0.39233     0.39230439
  0.59882     0.8053      0.59879814  0.59881358  0.18584    -0.020649
  0.18584     1.8377      2.4572      1.41126863  0.41331795 -1.2596
 -1.2786822  -0.43388108  0.16986939 -0.22714    -1.2596     -2.0855266
 -2.0451066  -1.879      -1.0531     -0.43362    -0.22708171 -0.22714
 -0.020649    0.38904633  1.0118      0.9759282   1.01671342  1.0118
  0.59885617]
[-1.31748698 -1.38366717 -1.15215703 -1.12003892 -1.36225977 -1.4872616
 -1.30301133 -0.91126901 -0.48495918 -0.12003794 -0.05269471 -0.20178068
 -0.35101514  0.01508656  0.14426671  0.06084706  0.1284918   0.34765013
  0.34631598  0.6579387   0.80981406  0.96379956  0.74450714  0.37508785
  0.28442932  0.22090491  0.22171365  0.22046437  0.1581132   0.36999644
  0.67615503  0.36858823  0.70141462  1.44123995  1.55042156  1.89926856
  1.41264669  0.39189221]
[ 0.5706    1.5292    2.1683    0.25106  -0.38801  -0.068472 -0.068472
 -0.70754  -0.38801  -0.38801  -0.068472 -0.38801  -0.70754  -1.3466
 -1.3466   -1.3466   -0.70754  -0.38801  -0.38801  -0.068472  0.25106
  0.5706  ]
