[0.38853455 0.38059953 0.37227908 0.36909464 0.36707109 0.3648496
 0.36192933 0.35813913 0.35658237 0.35554749 0.35601529 0.35721213
 0.3583127  0.35999483 0.36349672 0.3675921  0.37121221 0.3755317
 0.38314453 0.39386582 0.40541446 0.41757825 0.43011045 0.44484591
 0.46510676 0.48817986 0.50817221 0.52612776 0.55006468 0.57512581
 0.59927386 0.623918   0.64867318 0.67103899 0.6987263  0.72748107
 0.75403166 0.78532606 0.81602222 0.84869766 0.8826493  0.9175415
 0.95018971 0.98495322 1.02179992 1.0604341  1.09940672 1.14026475
 1.1793251  1.22304821 1.26461899 1.30228686 1.33908737 1.37851036
 1.4125669  1.45965898 1.51049078 1.54949832 1.58865118 1.62388372
 1.66360295 1.70233977 1.74548745 1.79347742 1.83606923 1.87238514
 1.90642107 1.94322288 1.97286379]
[-2.32470846 -2.29569912 -2.26086283 -2.21926618 -2.18224883 -2.15273523
 -2.10372567 -2.06011033 -2.00970173 -1.96533668 -1.92240119 -1.88498545
 -1.8444767  -1.80772626 -1.77529013 -1.745911   -1.7205857  -1.69209898
 -1.66508889 -1.63792622 -1.61302173 -1.58694887 -1.55983591 -1.53277826
 -1.50944531 -1.48121917 -1.45931756 -1.43303883 -1.41104066 -1.38743949
 -1.36536896 -1.34737527 -1.33524501 -1.32164931 -1.30542743 -1.2874378
 -1.2720716  -1.26312447 -1.25505936 -1.24071991 -1.23150587 -1.21600926
 -1.19954836 -1.19392419 -1.18823671 -1.18056893 -1.17479897 -1.17460692
 -1.18467879 -1.1887821  -1.19196761 -1.1934123  -1.19876647 -1.20891452
 -1.22555709 -1.24089479 -1.25158477 -1.25995052 -1.27354169 -1.29435706
 -1.31733787 -1.33137035 -1.34469461 -1.36471045 -1.39031529 -1.41652858
 -1.43973267 -1.46265006 -1.48676312]
[ 3.98105168  4.00997925  4.02617598  4.03217745  4.02724028  4.01524544
  3.99477887  3.96335912  3.91941571  3.86382794  3.79860568  3.72044754
  3.63319278  3.53874612  3.43346739  3.31951475  3.19703937  3.06083059
  2.91310215  2.75798416  2.59896016  2.4305346   2.25864601  2.07744551
  1.88142014  1.68987715  1.49888825  1.30315661  1.10315335  0.90657824
  0.71596521  0.5273307   0.34132814  0.15435998 -0.03961597 -0.24158958
 -0.43126202 -0.61895454 -0.79229039 -0.95683646 -1.10790718 -1.25778258
 -1.40521491 -1.53725398 -1.65063047 -1.75566161 -1.8540163  -1.95068574
 -2.04308152 -2.12211943 -2.18735552 -2.24903297 -2.30477118 -2.35279655
 -2.39050341 -2.4213624  -2.44681454 -2.46564817 -2.47650647 -2.47925401
 -2.47055292 -2.45769191 -2.44224072 -2.42110491 -2.395962   -2.36579776
 -2.32895207 -2.29023647 -2.24662638]
[-0.62243098 -0.5985716  -0.56939876 -0.53504342 -0.50706333 -0.47787327
 -0.45215797 -0.42940122 -0.40259448 -0.37977126 -0.36218679 -0.34524524
 -0.33162436 -0.31779265 -0.29760641 -0.2825202  -0.27312511 -0.25917554
 -0.24861221 -0.23859349 -0.22799771 -0.21682063 -0.20632169 -0.19637939
 -0.18761384 -0.17722093 -0.16727436 -0.1589444  -0.14944056 -0.13636795
 -0.12680379 -0.11916186 -0.10801508 -0.09696478 -0.08795451 -0.07774059
 -0.06634977 -0.05696989 -0.04690262 -0.03776497 -0.02925943 -0.0192011
 -0.00685589  0.00516139  0.02000141  0.0319021   0.04338019  0.05580168
  0.07009375  0.08410404  0.09628118  0.11165398  0.12622115  0.13882501
  0.15336539  0.16793993  0.18400583  0.20100133  0.21858492  0.23836781
  0.2566905   0.27670661  0.29578093  0.31384379  0.3336989   0.35463142
  0.37679547  0.3997826   0.42410249]
[ 2.87398005  2.81183004  2.77170873  2.72890806  2.68425369  2.63922119
  2.59195018  2.54365134  2.48852825  2.42905021  2.36842799  2.3073709
  2.24938703  2.18428421  2.12491703  2.06411982  2.00019479  1.94279647
  1.8876158   1.82465267  1.77026248  1.71119189  1.65252173  1.60205042
  1.55572951  1.50648034  1.46347201  1.42254996  1.38547409  1.33987534
  1.29450476  1.24750662  1.20752668  1.18390405  1.14550328  1.11320901
  1.08321917  1.05748641  1.03172565  1.00483727  0.97444934  0.94497895
  0.91376072  0.88712281  0.86437494  0.84303302  0.81368291  0.78695947
  0.75399101  0.7188611   0.69143182  0.69013625  0.69337207  0.6745652
  0.64823079  0.61746842  0.57535326  0.52559429  0.47611013  0.42829734
  0.37833852  0.32740441  0.26915497  0.21381101  0.15871403  0.09744027
  0.0472294  -0.01161597 -0.07261463]
[-1.5167129  -1.49123216 -1.46460652 -1.43489814 -1.42836297 -1.39984119
 -1.37351334 -1.34448481 -1.31626189 -1.28375733 -1.25483167 -1.22970676
 -1.20457458 -1.1758182  -1.15086699 -1.12655795 -1.10096967 -1.07876444
 -1.05603254 -1.03449345 -1.01281226 -0.99215472 -0.97169119 -0.95282894
 -0.93260002 -0.91760153 -0.90296274 -0.88943398 -0.87423325 -0.85861659
 -0.84739828 -0.83879852 -0.82913464 -0.81909788 -0.81072086 -0.80269629
 -0.79691488 -0.78938764 -0.77838564 -0.77316552 -0.7648924  -0.75506389
 -0.74776715 -0.73846525 -0.73230118 -0.73024201 -0.72966266 -0.73136318
 -0.73057336 -0.72865307 -0.72616595 -0.72535783 -0.72427714 -0.72339559
 -0.72574651 -0.72730857 -0.72888821 -0.73011994 -0.72851723 -0.73058373
 -0.72952056 -0.72978193 -0.73325145 -0.73554438 -0.73479033 -0.73296785
 -0.73402679 -0.7340762  -0.73165506]
[2.19403291 2.19425106 2.18668461 2.18084621 2.17683578 2.16008925
 2.14040565 2.12331748 2.10613656 2.08398128 2.0485208  2.02347112
 1.99678552 1.96683586 1.93851554 1.90818048 1.8721298  1.83730423
 1.80035126 1.76510215 1.7239691  1.68011868 1.6434499  1.60851526
 1.56861877 1.529387   1.49767792 1.4668988  1.4332397  1.4045552
 1.37377918 1.35098004 1.32710218 1.30339241 1.28372741 1.26740968
 1.25301909 1.24627674 1.24724448 1.25314021 1.25731587 1.28312075
 1.29615736 1.31161237 1.33231759 1.35227048 1.3766638  1.40823996
 1.44926703 1.50743091 1.58698773 1.62016654 1.66358519 1.70984113
 1.75980031 1.81621516 1.8726238  1.93612003 1.99794698 2.05647898
 2.11133027 2.16550231 2.23104954 2.28600454 2.35539484 2.4164114
 2.48726392 2.57645559 2.79107261]
[-0.36664432 -0.49713621 -0.62400854 -0.74349982 -0.87257105 -1.00189018
 -1.12245822 -1.23167849 -1.3329016  -1.43166935 -1.52961624 -1.61856699
 -1.69447422 -1.75970745 -1.81945074 -1.87031507 -1.9151752  -1.94966269
 -1.97256458 -1.98711669 -1.99003577 -1.98801124 -1.97396791 -1.95049763
 -1.92154837 -1.88993979 -1.84625411 -1.78977168 -1.72596896 -1.65828192
 -1.57884443 -1.50104177 -1.40830648 -1.31609952 -1.21322048 -1.11597109
 -1.01718569 -0.91558802 -0.80545485 -0.69032496 -0.57824934 -0.46275404
 -0.34461501 -0.2274618  -0.10426733  0.02267534  0.14256875  0.26238966
  0.38231134  0.49862039  0.6194461   0.74005324  0.85283411  0.96177518
  1.0647372   1.16491127  1.26468563  1.35920691  1.44445693  1.52291119
  1.59356606  1.65780473  1.71453643  1.76517367  1.80694199  1.83809972
  1.86137569  1.87247694  1.87588489]
[ 1.66452277  1.59584188  1.49143064  1.38364255  1.27274144  1.15868378
  1.03284347  0.89584112  0.74667907  0.60734266  0.46092546  0.322355
  0.17695481  0.02392608 -0.13012086 -0.28011027 -0.43014377 -0.56977397
 -0.72497171 -0.87331146 -1.00944495 -1.13101935 -1.24781489 -1.36257076
 -1.47268713 -1.58061433 -1.67589605 -1.76402068 -1.84209383 -1.90476751
 -1.95978391 -2.00163698 -2.02522635 -2.03653765 -2.040452   -2.03521156
 -2.02025247 -2.0032897  -1.97807491 -1.9472127  -1.90773809 -1.85202372
 -1.78738165 -1.70655823 -1.61592686 -1.52498269 -1.40836704 -1.29180455
 -1.18231869 -1.07290077 -0.95351833 -0.83734655 -0.71063685 -0.56552881
 -0.42710492 -0.29322937 -0.15827413 -0.017565    0.14323494  0.29682952
  0.4522008   0.60392857  0.75135469  0.8885619   1.03007174  1.19356
  1.34020782  1.469679    1.59585059]
[-1.66434145 -1.72271466 -1.76852655 -1.80652571 -1.82944107 -1.84096885
 -1.84323931 -1.83472264 -1.81846535 -1.79363263 -1.759673   -1.72277844
 -1.67850351 -1.6294775  -1.56870067 -1.50303531 -1.43254077 -1.34965241
 -1.2627672  -1.17306674 -1.03379846 -0.91420442 -0.79781008 -0.67911422
 -0.55833501 -0.44061074 -0.31838661 -0.19527145 -0.06800441  0.05863917
  0.1872972   0.31542227  0.43717661  0.56223929  0.68867141  0.81147707
  0.92803746  1.03844702  1.14225113  1.24800837  1.34948003  1.44889951
  1.54063296  1.6233114   1.69824016  1.76780415  1.82805204  1.88212585
  1.92521536  1.95849776  1.98499966  2.00208902  2.00587225  2.00400305
  1.99067307  1.96413743  1.92655075  1.8772074   1.81740546  1.75205517
  1.67608988  1.58678961  1.49014914  1.39400101  1.28310955  1.16284859
  1.05740643  1.01964974  0.89193392]
[1.12811136 1.12892723 1.12798893 1.13008463 1.13371789 1.13336456
 1.13195348 1.12867236 1.12717354 1.12671483 1.11945403 1.11354244
 1.10930777 1.10646319 1.10313463 1.09838271 1.09113777 1.08285451
 1.07554138 1.06885183 1.05989075 1.04646122 1.03576386 1.02792454
 1.01669264 1.00470006 0.99650115 0.98789877 0.97719359 0.97101879
 0.96029818 0.95559484 0.94986856 0.94117856 0.93528521 0.93213189
 0.92902952 0.92661661 0.92797494 0.93186319 0.93422437 0.94615346
 0.9532395  0.96186984 0.97087806 0.98093492 0.99333292 1.00525367
 1.01932406 1.04610503 1.08605635 1.10202658 1.12084699 1.13915145
 1.16098309 1.18355548 1.20858669 1.23959291 1.27184844 1.30044115
 1.32592475 1.35243273 1.38468742 1.41088843 1.44338715 1.47290576
 1.50815487 1.5435375  1.64427078]
[ 1.37782121  1.48294771  1.58498812  1.6864773   1.78353858  1.87585592
  1.96591675  2.05420732  2.14026618  2.21915174  2.29242802  2.36201143
  2.42789936  2.48454547  2.53663278  2.58246708  2.61564064  2.64343691
  2.66239142  2.66983914  2.66995454  2.65949368  2.64240217  2.61499763
  2.57638168  2.52123475  2.45331335  2.37648749  2.28931832  2.18756962
  2.07389617  1.94900107  1.82201922  1.68141448  1.52744102  1.36957681
  1.20502007  1.03394461  0.8628093   0.69338816  0.51774746  0.34363064
  0.16723283 -0.008052   -0.19725783 -0.38598874 -0.57047874 -0.75765473
 -0.94323188 -1.12901664 -1.30032539 -1.45870459 -1.60917377 -1.74834788
 -1.88052702 -2.00197291 -2.10924268 -2.20925307 -2.30185366 -2.38772631
 -2.45819783 -2.5210166  -2.57374334 -2.61804128 -2.65313292 -2.68343639
 -2.70664644 -2.72068048 -2.72392035]
[-1.14842021 -1.12067449 -1.08432782 -1.04359901 -1.00622964 -0.96743119
 -0.93301708 -0.90065968 -0.86527795 -0.83506703 -0.80943632 -0.78509355
 -0.76202387 -0.7392509  -0.71428841 -0.69402039 -0.67458475 -0.65289289
 -0.63478929 -0.61723948 -0.59779525 -0.57818979 -0.56188911 -0.54591638
 -0.52973789 -0.51164722 -0.49267411 -0.47661439 -0.46052596 -0.44202533
 -0.42530403 -0.40968964 -0.39367905 -0.37708375 -0.36108035 -0.34658927
 -0.33177516 -0.31639212 -0.30287907 -0.29003856 -0.27978018 -0.26993728
 -0.2583538  -0.24562776 -0.23304044 -0.22274329 -0.21274389 -0.2031239
 -0.19158018 -0.18108021 -0.17174825 -0.16320053 -0.15494756 -0.14877899
 -0.14295146 -0.13624687 -0.12912947 -0.12175106 -0.11369088 -0.10322973
 -0.09539435 -0.08778242 -0.07908559 -0.07155537 -0.06237027 -0.05313241
 -0.04395297 -0.03461177 -0.0231224 ]
[0.80899805 0.8222819  0.82759148 0.83327615 0.83926785 0.84129828
 0.84084886 0.83799416 0.83578247 0.83229184 0.82277805 0.81418604
 0.8057819  0.79637456 0.78552455 0.77253968 0.75818151 0.74467432
 0.73480314 0.7211805  0.70652419 0.68445677 0.66098851 0.63916522
 0.61521274 0.58623612 0.55681086 0.52879155 0.49582478 0.46985975
 0.44009402 0.41616163 0.39313513 0.37148124 0.35452071 0.34081253
 0.33049792 0.32259813 0.31806245 0.31697968 0.31593445 0.32223505
 0.32717818 0.33533692 0.34521392 0.35914615 0.37513611 0.39119062
 0.41127747 0.44041166 0.48405764 0.50915116 0.53808796 0.56950414
 0.6001808  0.63137937 0.66474748 0.70088381 0.74047118 0.77239412
 0.8024652  0.83502072 0.87212157 0.90454322 0.94065291 0.98074752
 1.02623594 1.06647861 1.13869905]
[-0.89202374 -0.90433758 -0.91422403 -0.92029142 -0.9271695  -0.93263817
 -0.93672419 -0.9304325  -0.92639452 -0.93033224 -0.93462509 -0.93929589
 -0.93104774 -0.9255324  -0.92506665 -0.93072814 -0.93738085 -0.9450385
 -0.95331657 -0.96108651 -0.96937835 -0.97711962 -0.98340189 -0.99314445
 -1.00383735 -1.01316273 -1.02451372 -1.03469622 -1.0446347  -1.05627239
 -1.07176709 -1.09135485 -1.1143018  -1.13279521 -1.15180957 -1.17202294
 -1.19454682 -1.21746612 -1.24004412 -1.27041996 -1.30167329 -1.32847047
 -1.3560853  -1.39021409 -1.42438638 -1.4575032  -1.48939729 -1.52151752
 -1.55951476 -1.59766805 -1.6328578  -1.66911244 -1.70813882 -1.74872315
 -1.78837836 -1.82651997 -1.86441779 -1.90084541 -1.93755233 -1.97609985
 -2.01059604 -2.03912663 -2.0652132  -2.08847594 -2.11016154 -2.13481736
 -2.15230036 -2.16356039 -2.17300868]
[-1.72725511 -1.63851726 -1.54823351 -1.44851589 -1.32282782 -1.18676805
 -1.06535149 -0.94436932 -0.81184745 -0.67747086 -0.52718174 -0.38289827
 -0.24669497 -0.10869615  0.03825107  0.1910727   0.34409335  0.49023628
  0.63523018  0.77422655  0.91109908  1.04284132  1.17169583  1.30318248
  1.43730092  1.56240427  1.67098606  1.77487135  1.87356806  1.96861804
  2.04381323  2.11307812  2.17044783  2.22088814  2.26488447  2.298913
  2.31946516  2.32879543  2.31968641  2.30390263  2.27094364  2.2209084
  2.15437603  2.08426499  1.99539292  1.88741267  1.77569509  1.64863431
  1.51731288  1.37240636  1.23385739  1.09018254  0.94186443  0.77353042
  0.59812719  0.42614448  0.25994021  0.0893828  -0.09741288 -0.26278657
 -0.2851021  -0.46424419 -0.63875413 -0.81617892 -0.99092144 -1.19093013
 -1.38009799 -1.52922523 -1.73745763]
[0.27405745 0.2767511  0.28110406 0.28603792 0.28580409 0.29030493
 0.29145274 0.29439294 0.29614267 0.29715419 0.30047148 0.30161083
 0.30336034 0.30673429 0.30632329 0.30840829 0.31389335 0.31308863
 0.31324703 0.3129679  0.31408149 0.31405523 0.3126381  0.31277201
 0.31213942 0.31066927 0.31010029 0.31021091 0.30939779 0.30912125
 0.30854008 0.30884111 0.30862287 0.30799088 0.30830634 0.30979425
 0.30935931 0.3105782  0.31332532 0.32108536 0.32496935 0.3286339
 0.33259165 0.33894941 0.34546089 0.35321665 0.36454296 0.37537903
 0.38587385 0.399315   0.41544515 0.4310303  0.44751686 0.46534911
 0.48387203 0.50205255 0.52227026 0.54391325 0.56820226 0.58865303
 0.60881597 0.62841612 0.64882642 0.66846031 0.68883932 0.71336073
 0.73914123 0.76121444 0.78477854]
[ 1.94723773  1.91821313  1.88476419  1.845837    1.80517328  1.7691412
  1.73226619  1.69539547  1.65319526  1.61060679  1.5693202   1.52321696
  1.47429824  1.42207444  1.37324297  1.32883286  1.28284419  1.23373151
  1.1791842   1.1312834   1.09041464  1.03768539  0.98315942  0.9273774
  0.87536359  0.82471049  0.77301723  0.72588468  0.67275614  0.61841738
  0.56931043  0.52706695  0.49672505  0.45378885  0.41813859  0.38477474
  0.34468719  0.31480753  0.28240532  0.24574     0.20123503  0.16396111
  0.13489942  0.11340154  0.08516059  0.05605707  0.02115633 -0.00878169
 -0.0381947  -0.06376048 -0.08709831 -0.10892113 -0.132623   -0.15466395
 -0.17436805 -0.19148602 -0.21059348 -0.23026587 -0.24691314 -0.26420045
 -0.2827197  -0.30089277 -0.31796438 -0.3348119  -0.34043655 -0.35845202
 -0.36991501 -0.38292107 -0.40396637]
[ 0.85129094  0.84024876  0.81815213  0.80067021  0.78815258  0.76772928
  0.74624354  0.72295606  0.69839871  0.67247146  0.64276886  0.6128754
  0.5770247   0.54242128  0.50687373  0.46575364  0.42764413  0.39038694
  0.35311192  0.31557241  0.2739045   0.23649386  0.19066103  0.14210391
  0.0916696   0.04724357  0.00286305 -0.04281954 -0.08772736 -0.13303767
 -0.17703246 -0.2194714  -0.26683542 -0.31262869 -0.3623628  -0.41128194
 -0.4605673  -0.50741929 -0.55417281 -0.6031642  -0.65241981 -0.70007783
 -0.74950784 -0.79926032 -0.84407812 -0.89122057 -0.93528956 -0.97548169
 -1.01322079 -1.04190767 -1.06511259 -1.08827174 -1.11253858 -1.13369787
 -1.1521529  -1.16799796 -1.18170547 -1.19411302 -1.19211388 -1.19550717
 -1.1916039  -1.18587995 -1.17586052 -1.16049623 -1.1406709  -1.11786985
 -1.09659433 -1.081545   -1.06779182]
