[-3.82706419e-01 -4.06893107e-01 -4.26322605e-01 -4.42299657e-01
 -4.58590507e-01 -4.73922339e-01 -4.89534358e-01 -5.07761916e-01
 -5.33150943e-01 -5.56422267e-01 -5.70251069e-01 -5.75449384e-01
 -5.94374751e-01 -6.02479729e-01 -6.13488000e-01 -6.30558059e-01
 -6.39370754e-01 -6.44526413e-01 -6.52761065e-01 -6.57333067e-01
 -6.60489026e-01 -6.68125042e-01 -6.71222532e-01 -6.76151011e-01
 -6.83212388e-01 -6.85770460e-01 -6.84576143e-01 -6.83265548e-01
 -6.87407928e-01 -6.88170576e-01 -6.88846768e-01 -6.86425828e-01
 -6.82834317e-01 -6.78516469e-01 -6.72116278e-01 -6.62822568e-01
 -6.52930827e-01 -6.39602973e-01 -6.27824649e-01 -6.07081471e-01
 -5.98189068e-01 -5.82701820e-01 -5.62728994e-01 -5.41123279e-01
 -5.27059740e-01 -5.03626881e-01 -4.80440115e-01 -4.58319213e-01
 -4.34633329e-01 -4.07619481e-01 -3.89740805e-01 -3.66195859e-01
 -3.46261382e-01 -3.20902421e-01 -2.97618928e-01 -2.76243161e-01
 -2.53821394e-01 -2.31034461e-01 -2.13842090e-01 -1.97955685e-01
 -1.77661253e-01 -1.68043346e-01 -1.43626697e-01 -1.26110122e-01
 -1.07874497e-01 -9.60351266e-02 -8.42266182e-02 -6.88498912e-02
 -5.52127657e-02 -3.79845983e-02 -1.79615687e-02 -1.48602618e-02
 -4.89086189e-04  6.96248488e-03  7.79473928e-03  1.58708948e-02
  1.99754201e-02  1.36268639e-02  1.24514009e-02  2.05349208e-02
  2.50973147e-02 -2.43834151e-02 -2.26841284e-02 -2.97035821e-02
 -4.07140747e-02 -3.56889783e-02 -3.19737083e-02 -2.80641987e-02
 -2.30302900e-02 -2.24870721e-02 -1.52418292e-02 -2.34145360e-02
 -1.41624267e-02 -1.10471350e-02 -1.02969786e-02 -1.08191132e-02
 -8.97619129e-03 -8.39016046e-03 -8.99213343e-03 -8.39961246e-03
 -6.50751100e-03 -8.74717826e-03 -1.16586634e-02 -1.47132319e-02
 -2.51928972e-02 -3.03748945e-02 -3.43599034e-02 -3.74604741e-02
 -4.13799991e-02 -4.37004946e-02 -4.92331329e-02 -4.91535596e-02
 -5.58652608e-02 -6.33040578e-02 -6.13743744e-02 -6.70581083e-02
 -7.34605033e-02 -7.98155421e-02 -8.24644081e-02 -8.05865117e-02
 -9.40075636e-02 -9.52249112e-02 -1.01647083e-01 -1.07637607e-01
 -1.11234220e-01 -1.16783323e-01 -1.24180798e-01 -1.28323741e-01
 -1.32859012e-01]
[0.28857889 0.28368764 0.28247572 0.28063765 0.27928528 0.27705133
 0.27525619 0.27363623 0.27011915 0.26739141 0.29040534 0.26307957
 0.25829479 0.2579636  0.25770243 0.25374015 0.25193461 0.24918939
 0.24657168]
[ 0.80378876  0.7692385   0.7546336   0.73541136  0.71186356  0.68775023
  0.63879473  0.62167759  0.57525084  0.52348022  0.49624362  0.46195976
  0.44409342  0.38149023  0.35925897  0.34454509  0.32875865  0.31122971
  0.29765471  0.27700612  0.25956138  0.24243559  0.22382439  0.20125497
  0.18279924  0.15970759  0.12750588  0.08998752  0.064797    0.04039549
  0.01540606 -0.00779325 -0.03208029 -0.05668888 -0.07324142 -0.09297879
 -0.1110097  -0.13019831 -0.14761088 -0.16302406 -0.17791463 -0.19002482
 -0.2037934  -0.21445953 -0.22652915 -0.23157122 -0.23626689 -0.24378265
 -0.24655212 -0.25148479 -0.25301422 -0.24740932 -0.24743951 -0.24393703
 -0.23716149 -0.2307415  -0.22018859 -0.20562577 -0.19227594 -0.17771234
 -0.16113568 -0.14597441 -0.13477873 -0.11733265 -0.09469595 -0.07471909
 -0.05217367 -0.026102   -0.00276091  0.02232804  0.05662219  0.08361994
  0.11563551  0.14461786  0.17715598  0.21523764  0.24856381  0.28221522
  0.31910385  0.36041679  0.40037197  0.43668037  0.47433121  0.50823302
  0.53816109  0.57072386  0.59852843  0.62384385  0.64316755  0.66186956
  0.67232395  0.66070671  0.64864808  0.64588476  0.63547379  0.61616536
  0.60149151  0.59076466  0.57890818  0.56913293  0.55370332  0.53892017
  0.51570713  0.49059493  0.39450084  0.34756624  0.32870934  0.31011307
  0.28278073  0.25388423  0.22882373  0.2070974   0.18206215  0.16213959
  0.14213577  0.11874962  0.09535347  0.07217107  0.04870626  0.02555817
  0.00230695 -0.02503627 -0.04778511 -0.06914098 -0.09393045 -0.11521785
 -0.15671951 -0.20134321 -0.2186462  -0.2398729  -0.25704852 -0.2729625
 -0.28321932]
[-0.28678364 -0.31987486 -0.34175257 -0.35956505 -0.37971355 -0.39702433
 -0.41457115 -0.43765972 -0.46629313 -0.49289462 -0.51150496 -0.51316741
 -0.54762188 -0.55662872 -0.5732408  -0.6047317  -0.61978931 -0.6297231
 -0.64393307 -0.65278964 -0.66035433 -0.6742525  -0.68177945 -0.69136919
 -0.70271768 -0.71065092 -0.71458776 -0.71799017 -0.72616782 -0.73148892
 -0.73705598 -0.73997453 -0.74096783 -0.74164186 -0.73962398 -0.73243103
 -0.72889127 -0.71992378 -0.71195144 -0.68807947 -0.68983088 -0.6764404
 -0.65959808 -0.64090584 -0.63655896 -0.60723113 -0.58610386 -0.56496794
 -0.54495476 -0.51063343 -0.49743493 -0.47304696 -0.45271278 -0.42621672
 -0.40096526 -0.37790949 -0.35316627 -0.32832346 -0.30786832 -0.28864881
 -0.26492842 -0.25958082 -0.22158956 -0.19977645 -0.17720525 -0.15905418
 -0.14053024 -0.11988014 -0.10129802 -0.07587648 -0.04354879 -0.04677497
 -0.02350822 -0.00967793 -0.009078    0.00362481  0.01344582  0.01137608
  0.01547271  0.03021436  0.04070265 -0.07413921 -0.06689224 -0.06405536
 -0.06439769 -0.05407384 -0.04495335 -0.03572148 -0.02569106 -0.02328146
 -0.00694673 -0.02511836 -0.00105913  0.0048467   0.00817689  0.00989011
  0.01244433  0.01459522  0.01373918  0.0146654   0.01605804  0.01262575
  0.0078642   0.00256831 -0.00989894 -0.01784253 -0.02506589 -0.03183754
 -0.03950187 -0.0454979  -0.05878874 -0.05862884 -0.07265842 -0.08766126
 -0.08408506 -0.09421122 -0.10506972 -0.11649368 -0.12285264 -0.11624026
 -0.14612864 -0.15253353 -0.16374537 -0.17469783 -0.18341258 -0.19362595
 -0.20860855 -0.21415376 -0.2225818 ]
[ 1.11421807  1.08841871  1.08511705  1.07964327  1.06741336  1.05517789
  1.01851559  1.06955124  0.99328546  0.96126126  0.96383301  0.91884485
  0.9060793   0.67078291  0.6491509   0.63699689  0.54820497  0.6805935
  0.58602263  0.60202921  0.54285493  0.52241819  0.49991116  0.47645166
  0.45389973  0.40811773  0.38474791  0.33904331  0.32407582  0.27381143
  0.24068448  0.20903243  0.13235588  0.14684961  0.11077059  0.08051997
  0.05004526  0.01755148  0.16737141  0.1121144  -0.07192694 -0.09963585
 -0.17234608 -0.15278227 -0.18043468 -0.20326111 -0.22192363 -0.24945527
 -0.2708142  -0.29353798 -0.31359326 -0.32780153 -0.34700204 -0.36418881
 -0.37474986 -0.54311819 -0.38976623 -0.39106191 -0.39384447 -0.39189213
 -0.36753654 -0.42271204 -0.38485754 -0.37558437 -0.36400274 -0.3531624
 -0.3392629  -0.3223634  -0.38809065 -0.28298297 -0.25252396 -0.22840741
 -0.20118139 -0.17126297 -0.13732999 -0.09585428 -0.13121019 -0.02119527
  0.01952006  0.06916065  0.11820833  0.18700961  0.21302134  0.28852248
  0.30190292  0.34716124  0.38436568  0.41978981  0.45073624  0.48008329
  0.50340816  0.50561703  0.50663345  0.51766306  0.52139744  0.51878706
  0.51783086  0.38891508  0.52377999  0.52710526  0.52747471  0.52881315
  0.52029917  0.5096387   0.44159182  0.41321976  0.40535343  0.39953515
  0.38185783  0.36243695  0.34841896  0.26305173  0.31961871  0.30870895
  0.29936278  0.28876718  0.27104709  0.25935756  0.24268307  0.1446026
  0.2137394   0.19338634  0.17522414  0.16465436  0.13982667  0.21349018
  0.08787772  0.04800126  0.03531936  0.01780606  0.0057711  -0.01965731
 -0.01681152]
[-0.71850063 -0.58998332 -0.57548068 -0.56525505 -0.5587675 ]
[ 0.84867228  0.81706063  0.80467401  0.78698794  0.76455071  0.7410343
  0.69235119  0.67569051  0.63438742  0.58589171  0.55817806  0.52275241
  0.50278541  0.43784     0.41339654  0.39584661  0.37678708  0.3554706
  0.33763002  0.31273269  0.29074782  0.26832263  0.24441883  0.2168734
  0.19337767  0.16496202  0.12731176  0.08413435  0.05316014  0.02313415
 -0.00714757 -0.03546532 -0.0655673  -0.0952831  -0.11675769 -0.14221638
 -0.16527685 -0.18897245 -0.21089283 -0.23020663 -0.24902855 -0.26469184
 -0.28201216 -0.29582414 -0.31088657 -0.31839253 -0.32474232 -0.33404884
 -0.33788158 -0.3433869  -0.34477345 -0.33898418 -0.33832238 -0.3330796
 -0.32456478 -0.31655737 -0.30379241 -0.28621289 -0.27036046 -0.25362265
 -0.23369424 -0.21422988 -0.19831944 -0.17684952 -0.15001617 -0.1255687
 -0.09915168 -0.06832479 -0.03881323 -0.00746326  0.03134628  0.06337047
  0.09994592  0.13340947  0.17057032  0.21283092  0.25128789  0.28903099
  0.3287262   0.37245225  0.41466156  0.45296082  0.49256222  0.52959296
  0.56188702  0.59548767  0.62398505  0.64994619  0.66920025  0.68801474
  0.69853279  0.68626294  0.67371781  0.67095233  0.6599915   0.63980081
  0.62435279  0.61353927  0.60184368  0.59189973  0.57607412  0.56118826
  0.53814023  0.5134612   0.42221842  0.37667556  0.35768845  0.33870811
  0.31042318  0.28073086  0.25487278  0.23263561  0.20677049  0.18603459
  0.16529885  0.14048627  0.11607326  0.09208838  0.06793229  0.04418409
  0.02045121 -0.00737073 -0.02952605 -0.05045079 -0.07502833 -0.09573661
 -0.13629565 -0.17937532 -0.19460601 -0.21436633 -0.22896836 -0.24222256
 -0.25023755]
[-1.21808981e+00 -1.19440225e+00 -1.18666464e+00 -1.19588934e+00
 -1.17609485e+00 -1.18220063e+00 -1.17250952e+00 -1.16892211e+00
 -1.16329655e+00 -1.15471117e+00 -1.15133252e+00 -1.14392843e+00
 -1.11892927e+00 -1.11211197e+00 -1.11812106e+00 -1.09303077e+00
 -1.07632815e+00 -1.06627878e+00 -1.05325483e+00 -1.03609066e+00
 -1.02420439e+00 -1.00808590e+00 -9.93241543e-01 -9.75787301e-01
 -9.57796150e-01 -9.41473802e-01 -9.14222298e-01 -9.00409855e-01
 -8.81988695e-01 -8.60410670e-01 -8.09029607e-01 -7.76659627e-01
 -8.22492215e-01 -7.69173594e-01 -7.36275991e-01 -7.05176151e-01
 -6.76113468e-01 -6.60713989e-01 -6.36517846e-01 -6.08761933e-01
 -5.95335987e-01 -5.60073045e-01 -5.34338522e-01 -5.11944460e-01
 -4.94390641e-01 -4.74998884e-01 -4.57380177e-01 -4.40480473e-01
 -4.22804909e-01 -4.05245213e-01 -3.93240701e-01 -3.69311345e-01
 -3.50594846e-01 -3.35716566e-01 -3.15113188e-01 -2.76825026e-01
 -2.50228043e-01 -2.34544807e-01 -2.24100584e-01 -2.26946178e-01
 -2.09478194e-01 -2.02347367e-01 -1.79594835e-01 -1.82646537e-01
 -1.77685355e-01 -1.75128932e-01 -1.71485393e-01 -1.71237654e-01
 -1.69971972e-01 -1.70298870e-01 -1.69867274e-01 -1.72365848e-01
 -1.74326088e-01 -1.67861164e-01 -1.93225191e-01 -2.03385566e-01
 -2.06484464e-01 -2.23182972e-01 -2.35833352e-01 -2.41865630e-01
 -2.81700359e-01 -2.49277508e-01 -2.54779650e-01 -2.56900771e-01
 -2.60009454e-01 -2.60468912e-01 -2.63037627e-01 -2.65467844e-01
 -2.66410685e-01 -2.67942847e-01 -2.69402454e-01 -2.63730382e-01
 -2.77930044e-01 -2.76040358e-01 -2.56828078e-01 -2.48706958e-01
 -2.44719566e-01 -2.40895009e-01 -2.37038951e-01 -2.30348569e-01
 -2.22109168e-01 -2.14155231e-01 -2.04663445e-01 -1.99029929e-01
 -1.87746439e-01 -1.86033159e-01 -1.55933920e-01 -1.44328846e-01
 -1.31685583e-01 -1.18882087e-01 -1.05433165e-01 -9.46599130e-02
 -7.30042723e-02 -6.68704788e-02 -6.48450106e-02 -1.47029280e-02
 -1.84511244e-02 -1.97218385e-03  1.56843291e-02 -3.79282737e-04
  3.62924288e-02  7.26366430e-02  1.12931370e-01  1.07712175e-01
  1.16000020e-01  1.46948527e-01  1.60276856e-01  1.86107980e-01
  2.37776328e-01  2.27484365e-01  2.47143647e-01  2.69561540e-01
  2.90274927e-01  3.11935611e-01  3.31280672e-01  3.51310994e-01
  3.69913598e-01  3.89557657e-01  4.10608714e-01  4.32082483e-01]
[0.19606534 0.20211202 0.20548138 0.20838382 0.21232127 0.21499518
 0.2181408  0.22259644 0.22426714 0.22672689 0.25461977 0.23059081
 0.23423186 0.23835581 0.24321175 0.24671534 0.25048715 0.2518893
 0.25330293]
[0.08829567 0.09273535 0.09977276 0.10650609 0.11548189 0.12231452
 0.13001554 0.14136453 0.1473354  0.15718294 0.16527415 0.15157009
 0.18409775 0.27957932 0.20886047 0.25343712 0.2282825  0.26870399
 0.25254912 0.26225812 0.2765928  0.28741472 0.29002471 0.30027135
 0.3039522  0.31321642 0.31533673 0.31418986 0.31662761 0.36459751
 0.32226797 0.32617475 0.32765768 0.3270299  0.32889677 0.32497638
 0.32580881 0.31530513 0.32778092 0.33252417 0.33485529 0.33855439
 0.3401037  0.34646155 0.35197882 0.35163189 0.3525745  0.3545982
 0.35835002 0.32474443 0.36512018 0.36828449 0.37075365 0.3744917
 0.37686112 0.37707075 0.38206214 0.38141019 0.38216672 0.38703437
 0.39056788 0.39669487 0.39650364 0.44459327 0.41008829 0.40368179
 0.42322935 0.50374528 0.43415177 0.39809481 0.45618267 0.47296998
 0.48880619 0.50073835 0.51783051 0.53112039 0.51853523 0.563687
 0.58254456]
[-1.76618969e+00 -1.66292545e+00 -1.61355482e+00 -1.63214822e+00
 -1.56828563e+00 -1.58991272e+00 -1.55576072e+00 -1.54290102e+00
 -1.52982822e+00 -1.51376021e+00 -1.50015235e+00 -1.48832478e+00
 -1.47362398e+00 -1.46187021e+00 -1.50114934e+00 -1.44225826e+00
 -1.43036921e+00 -1.42085065e+00 -1.41283470e+00 -1.40222702e+00
 -1.39220439e+00 -1.38635963e+00 -1.37937786e+00 -1.37213389e+00
 -1.36481248e+00 -1.35773753e+00 -1.35126865e+00 -1.34655637e+00
 -1.34443791e+00 -1.34046614e+00 -1.33454996e+00 -1.32978238e+00
 -1.32385881e+00 -1.31722173e+00 -1.31153062e+00 -1.28844439e+00
 -1.26520403e+00 -1.29509617e+00 -1.29040937e+00 -1.28164631e+00
 -1.31197169e+00 -1.26984512e+00 -1.26063451e+00 -1.25166539e+00
 -1.24372010e+00 -1.23446727e+00 -1.22731415e+00 -1.21787111e+00
 -1.20746130e+00 -1.19645340e+00 -1.18725526e+00 -1.17558658e+00
 -1.16526172e+00 -1.15650394e+00 -1.14446487e+00 -1.13448284e+00
 -1.12395387e+00 -1.11274237e+00 -1.09943885e+00 -1.08604707e+00
 -1.07467066e+00 -1.06293160e+00 -1.00626588e+00 -1.03745844e+00
 -1.02563338e+00 -1.01292817e+00 -1.00168361e+00 -9.86801103e-01
 -9.72169066e-01 -9.59821608e-01 -9.49374075e-01 -9.38269311e-01
 -9.27984132e-01 -9.17372187e-01 -9.06876457e-01 -8.97066744e-01
 -8.88246719e-01 -8.77574188e-01 -8.66834793e-01 -8.56189721e-01
 -9.00033431e-01 -8.34609882e-01 -8.28514036e-01 -8.19009946e-01
 -8.11594929e-01 -8.03010888e-01 -7.92515303e-01 -7.83791530e-01
 -7.78700895e-01 -7.72091027e-01 -7.61893839e-01 -7.52570850e-01
 -8.12291350e-01 -7.53936417e-01 -7.33861162e-01 -7.24273241e-01
 -7.16462926e-01 -7.12027964e-01 -7.06572495e-01 -7.00382486e-01
 -6.92241535e-01 -6.84323442e-01 -6.80020731e-01 -6.73531855e-01
 -6.64912953e-01 -6.56356224e-01 -6.48877730e-01 -6.42104985e-01
 -6.33771285e-01 -6.25998987e-01 -6.19814872e-01 -6.15569196e-01
 -5.84066743e-01 -6.02371779e-01 -5.95819774e-01 -5.86909317e-01
 -5.78924393e-01 -5.72653021e-01 -5.66740317e-01 -5.59415061e-01
 -5.50436965e-01 -5.42449146e-01 -5.38317330e-01 -5.32322098e-01
 -5.23525343e-01 -5.12726720e-01 -5.27383470e-01 -4.97532942e-01
 -4.89111835e-01 -4.77612802e-01 -4.70320700e-01 -4.61369214e-01
 -4.53210743e-01 -4.43192639e-01 -4.35729506e-01 -4.27785927e-01
 -4.19098459e-01 -4.08565997e-01 -3.98125454e-01 -3.86144716e-01
 -3.74473407e-01 -3.65732703e-01 -3.57375172e-01 -3.50089831e-01
 -3.61107627e-01 -3.26212769e-01 -3.14758231e-01 -3.03272770e-01
 -2.96988103e-01 -2.84415468e-01 -2.85985180e-01 -1.93068046e-01
 -1.96592926e-01 -2.33895062e-01 -2.20708323e-01 -2.08646975e-01
 -1.99987589e-01 -1.89114143e-01 -1.75855554e-01 -1.63629706e-01
 -1.53236963e-01 -1.42146667e-01 -1.31894912e-01 -1.21435941e-01
 -1.10019767e-01 -1.00228883e-01 -8.92112868e-02 -7.26225893e-02
 -7.19726765e-02 -6.18966644e-02 -5.49130029e-02 -4.51751422e-02
 -3.47904230e-02 -2.49081071e-02 -1.63443483e-02 -8.73321802e-03
 -7.64146773e-04  5.32932190e-03  1.40606310e-02 -1.51164856e-03
  2.81961179e-02  3.51150163e-02  4.23805079e-02  5.21505234e-02
  6.13428441e-02  1.07617304e-01  7.20846085e-02  7.95364229e-02
  8.78837920e-02  9.42813500e-02  9.84111081e-02  1.05284223e-01
  8.57576339e-02  1.20224697e-01  1.25631649e-01  1.34758815e-01
  1.42429154e-01  1.49038800e-01  1.56950168e-01  1.64471935e-01
  1.73477993e-01  1.81143414e-01  1.87704063e-01  1.96028175e-01
  2.02876439e-01  1.99075453e-01  2.19125385e-01  2.28409558e-01
  2.36000136e-01  2.43941281e-01  2.50979653e-01  2.91479452e-01
  2.62714656e-01  2.70734925e-01  2.78457239e-01  2.83916346e-01
  2.90843105e-01  2.97678406e-01  3.05777942e-01  3.12778030e-01
  3.19493359e-01  3.56822640e-01  3.37099030e-01  3.45376529e-01
  3.51739244e-01  3.55879297e-01  3.65672381e-01  3.73509218e-01
  3.81916969e-01  3.88462795e-01  3.70921835e-01  4.01456567e-01
  4.09121397e-01  4.17950834e-01  4.25815599e-01  4.31305806e-01
  4.38136858e-01  4.46746953e-01  4.57787683e-01  4.70622133e-01
  4.76232936e-01  4.85195289e-01  4.94352948e-01  5.01093157e-01
  5.18835497e-01  5.27561160e-01  5.39848479e-01  5.56921404e-01
  5.69801295e-01  5.79936935e-01  5.90020695e-01  6.03854960e-01
  6.15959706e-01  6.25440292e-01  6.37185145e-01  6.50100601e-01
  6.60883780e-01  6.69654490e-01  6.78723380e-01  6.91351878e-01
  7.02196344e-01  7.12497461e-01  7.21536076e-01  7.31471159e-01
  7.44424697e-01  7.56523771e-01  7.65141278e-01  7.74250719e-01
  7.82891940e-01  7.89158345e-01  7.97690455e-01  8.06747701e-01
  8.31168330e-01  8.26953775e-01  8.34265700e-01  8.43424763e-01
  8.51169814e-01  8.61608469e-01  8.65621610e-01  8.74552705e-01
  8.82402686e-01  8.98834942e-01  8.99236829e-01  9.07357295e-01
  9.10146932e-01  8.75419018e-01  9.33104153e-01  9.40185118e-01
  9.47046296e-01  9.56090835e-01  9.64101814e-01  9.74820172e-01
  9.81885314e-01  9.86516458e-01  9.25202942e-01  1.00170586e+00
  1.00923636e+00  1.01793315e+00]
[ 0.6312077   0.61010471  0.60288028  0.5979488   0.59308854  0.59084205
  0.59040713  0.58645109  0.58563302  0.58446979  0.58330463  0.58915086
  0.58132857  0.58601369  0.58704158  0.58068776  0.58135323  0.58497704
  0.58836675  0.59260891  0.59535815  0.59612052  0.5988706   0.59953393
  0.59943671  0.59962102  0.60090621  0.59912258  0.59859007  0.59646761
  0.58227543  0.57385518  0.56389386  0.55434903  0.54751583  0.54754072
  0.53827714  0.52580025  0.5058047   0.49534992  0.47836886  0.46380407
  0.45574753  0.44265831  0.41582117  0.40953479  0.39572695  0.3757647
  0.35113562  0.33938756  0.31312812  0.29240374  0.27637084  0.24755766
  0.21698783  0.17604725  0.14561506  0.12175904  0.08621779  0.05117091
  0.03329818  0.00445413 -0.01058119 -0.03611708 -0.06162383 -0.08326251
 -0.10632576 -0.13572979 -0.16134824 -0.17766898 -0.19146837 -0.22816474
 -0.25290392 -0.27651281 -0.30991264 -0.32852642 -0.34176261 -0.3777199
 -0.41371661 -0.43268385 -0.43993191 -0.49968772 -0.51231075 -0.51938174
 -0.53281656 -0.53918415 -0.54187151 -0.54245639 -0.54688842 -0.55550778
 -0.55531411 -0.5664643  -0.55895866 -0.55847326 -0.56141421 -0.56049093
 -0.56463298 -0.56705171 -0.56769878 -0.56257756 -0.56022948 -0.55307295
 -0.55543244 -0.54998656 -0.54532472 -0.53898063 -0.53286339 -0.5247561
 -0.5200315  -0.51628607 -0.51157595 -0.50441427 -0.50227732 -0.50036127
 -0.49020007 -0.48851739 -0.48362767 -0.48539004 -0.48235623 -0.47267431
 -0.47811373 -0.47587284 -0.47668071 -0.47522804 -0.47585744 -0.47844617
 -0.48549737 -0.48962923 -0.49059719 -0.49200793 -0.49678851 -0.49468059
 -0.51061401 -0.50571172 -0.50948857 -0.51654401 -0.5235925  -0.53255254
 -0.53975821 -0.54838912 -0.56057102 -0.57134155 -0.5843593  -0.59754376
 -0.60036579 -0.61037157 -0.6218562  -0.63271945 -0.64462896 -0.65726077
 -0.67466204 -0.68816286]
[-0.15363682 -0.13425074 -0.1077012  -0.07697822 -0.03807017  0.02427609
  0.07486645  0.10212982  0.12902292  0.16029226  0.20159323  0.270911
  0.31387804  0.34791217  0.37415706  0.38939904  0.41154613  0.43344006
  0.46132527  0.50423685  0.53313758  0.53371242  0.54143065  0.5534509
  0.55576337  0.54686649  0.52498025  0.49467969  0.47251875  0.45037029
  0.42282127  0.38900791  0.35593212  0.32110473  0.28459189  0.24536141
  0.20581234  0.16716453  0.12829434  0.09491347  0.0529382   0.01589806
 -0.03324222 -0.09036735 -0.14702208 -0.18625862 -0.22539839 -0.2653767
 -0.32365931 -0.39370917 -0.45087403 -0.48788797 -0.53246081 -0.57217607
 -0.62959254 -0.70189086 -0.75403476 -0.78531951 -0.81303489 -0.83561161
 -0.87303561 -0.92856885 -0.94148331 -0.94369034 -0.94609772 -0.95219804
 -0.95776453 -0.96599413 -0.95461691 -0.92866076 -0.90127493 -0.89399074
 -0.87275084 -0.85064474 -0.83038508 -0.80174034 -0.76942075 -0.73513367
 -0.69311678 -0.64215295 -0.59968014 -0.61573047 -0.56448102 -0.50654792
 -0.45365805 -0.40435714 -0.35410034 -0.30494072 -0.24106355 -0.17087562
 -0.11437117 -0.07716925 -0.01455696  0.03561087  0.10119504  0.17089681
  0.22433477  0.27029697  0.31154503  0.35323448  0.41945994  0.48219299
  0.52247785  0.55901553  0.58264631  0.60253646  0.6491948   0.69836375
  0.7141405   0.72293386  0.7280797   0.73674081  0.752809    0.76966818
  0.77347483  0.76516199  0.75119113  0.73370572  0.72505427  0.71999899
  0.69377399  0.67670457  0.65258081  0.62716058  0.60107928  0.57901711
  0.53310285  0.48595145  0.45451846  0.42329455  0.39196872  0.3652861
  0.3119063   0.27840096  0.24623752  0.21417585  0.16464523  0.11528368
  0.07908728  0.04664792  0.01476372 -0.01622623 -0.08113562 -0.14254094
 -0.16780669 -0.19467706 -0.25426941 -0.30786715 -0.33481581 -0.36076562
 -0.37767011 -0.39490289 -0.44067883 -0.47601081 -0.49738663 -0.51330426]
[-0.78298254 -0.79189317 -0.7977077  -0.8097315  -0.82700735 -0.83872277
 -0.85253166 -0.87266562 -0.88439998 -0.89610284 -0.90830024 -0.92174516
 -0.93347798 -0.93925197 -0.94221178 -0.94576638 -0.94795134 -0.95014851
 -0.95234219 -0.95450203 -0.95669578 -0.96020345 -0.9631218  -0.95824284
 -0.95694194 -0.95401533 -0.95079128 -0.94788879 -0.94249831 -0.94461349
 -0.94632401 -0.93885278 -0.9404291  -0.94253717 -0.93748274 -0.93620496
 -0.9379076  -0.93391946 -0.92981368 -0.93190505 -0.93322137 -0.93334996
 -0.92585128 -0.92746999 -0.97857406 -1.00169432 -1.04473597 -1.0800111
 -1.09663088 -1.11324231 -1.14400882 -1.20585691 -1.24981217 -1.27592449
 -1.29278005 -1.34447509 -1.3773294  -1.39696318 -1.41892031 -1.45387122
 -1.49186025 -1.52344528 -1.56703276 -1.59216422 -1.60858782 -1.65301213
 -1.67284603 -1.68920792 -1.72504807 -1.75331414 -1.77987972 -1.79809421
 -1.78574137 -1.77329526 -1.76091796 -1.74844755 -1.73607106 -1.72367466
 -1.70366509 -1.68836833 -1.67028533 -1.64829869 -1.63007274 -1.61199884
 -1.58233316 -1.56044913 -1.53845461 -1.50686242 -1.4753414  -1.44382275
 -1.41233675 -1.38077183 -1.34928941 -1.31389472 -1.27582542 -1.24340605
 -1.20958209 -1.16865686 -1.13716301 -1.09688833 -1.05581323 -1.02162756
 -0.98424265 -0.94810418 -0.91422238 -0.87680261 -0.8432226  -0.80515583
 -0.77377452 -0.73272488 -0.70257652 -0.67328789 -0.64879156 -0.62290772
 -0.59162107 -0.56638125 -0.54623598 -0.52249839 -0.49444334 -0.47436362
 -0.46268575 -0.44358097 -0.42381938 -0.41013061 -0.39874648 -0.38851504
 -0.37705414 -0.36587371 -0.35564609 -0.34673883 -0.34562726 -0.3337792 ]
[-1.3662   -1.3993   -1.4325   -1.4656   -1.4877   -1.5042   -1.5096
 -1.5096   -1.4982   -1.4816   -1.4766   -1.4766   -1.4415   -1.3918
 -1.354    -1.3209   -1.2878   -1.2547   -1.1728   -1.0734   -1.0112
 -0.96149  -0.89929  -0.83306  -0.71608  -0.58361  -0.48969  -0.4069
 -0.32411  -0.24132  -0.092621  0.072963  0.18517   0.28452   0.37036
  0.45315   0.60432   0.7699    0.86629   0.94908   1.0179    1.0841
  1.1928    1.3088    1.3673    1.417     1.4522    1.4853    1.5331
  1.5827    1.6176    1.6507    1.6688    1.6854    1.702     1.7185
  1.7197    1.7197    1.7043    1.6877    1.6711    1.6546    1.6064
  1.5567    1.523     1.4899    1.4083    1.3256    1.2754    1.2257
  1.176     1.1259    0.99348   0.862     0.79577   0.72748   0.57845
  0.43173   0.34894   0.26689   0.20065   0.12989  -0.019138 -0.16388
 -0.24667  -0.33317  -0.46564  -0.59111  -0.64078  -0.69672  -0.81263
 -0.91989  -0.953    -0.98612  -1.0192   -1.0565   -1.1227   -1.1823
 -1.1988   -1.2202   -1.2698   -1.3144   -1.331    -1.3475   -1.3641
 -1.3806   -1.3972   -1.4107   -1.4107   -1.4075   -1.3909   -1.3778
 -1.3778   -1.3742   -1.3577   -1.3374   -1.3043   -1.2712   -1.238
 -1.2049   -1.1718   -1.1303   -1.0641   -1.0022   -0.95251  -0.88471
 -0.7688   -0.66698  -0.60074  -0.53937  -0.48969  -0.41489  -0.28243
 -0.17072  -0.10448  -0.03825   0.027983  0.11078   0.22669   0.31986
  0.36953   0.4426    0.55851   0.65037   0.70004   0.76825   0.8676
  0.94158   0.9747    1.0078    1.0409    1.0874    1.1536    1.1994
  1.2159    1.2395    1.2726    1.3057    1.3388    1.3573    1.3573
  1.3723    1.4054    1.4232    1.4232    1.4232    1.4232    1.4312
  1.4477    1.448     1.4314    1.4232    1.4232    1.4147    1.3981
  1.3816    1.365     1.3485    1.3319    1.2974    1.2477    1.2163
  1.1998    1.1739    1.1408    1.0792    0.99645   0.92329   0.85706
  0.80063   0.75095   0.69131   0.62508   0.56898   0.5193    0.46962
  0.41995   0.34935   0.26656   0.21565   0.18253   0.11704   0.034244
 -0.015678 -0.048795 -0.081912 -0.11503  -0.15943  -0.20911  -0.23588
 -0.25244  -0.269    -0.28556  -0.30211  -0.31867  -0.33523  -0.35179
 -0.35624  -0.35624  -0.36851  -0.38507  -0.38919  -0.38919  -0.38919
 -0.38919  -0.38919  -0.38919  -0.38919  -0.38919  -0.38919  -0.38919
 -0.40245  -0.41901  -0.42214  -0.42214  -0.42214  -0.42214  -0.42214
 -0.42214  -0.42214  -0.42214  -0.43623  -0.45279  -0.4551   -0.4551
 -0.4551  ]
[ 2.2048    2.1093    2.0932    2.077     2.0609    2.0448    2.0286
  2.0125    1.9964    1.9802    1.9641    1.948     1.9318    1.8702
  1.8466    1.8146    1.7615    1.7453    1.7292    1.6601    1.6281
  1.58      1.5144    1.4765    1.4567    1.4244    1.4017    1.3731
  1.3456    1.2538    1.1731    1.0924    1.0001    0.95408   0.86995
  0.82392   0.80382   0.78583   0.75832   0.73451   0.71282   0.69641
  0.66731   0.65118   0.63504   0.6189    0.60277   0.58663   0.57049
  0.55436   0.53822   0.52499   0.51917   0.50304   0.4869    0.47076
  0.45462   0.40992   0.3795    0.3795    0.3504    0.33981   0.31442
  0.30013   0.28373   0.24723   0.24723   0.22765   0.19538   0.1631
  0.13083   0.11496   0.11496   0.088502  0.088502  0.075275  0.043001
  0.010727 -0.059111 -0.070222 -0.078158 -0.083449 -0.096676 -0.10011
 -0.1099   -0.11916  -0.1353   -0.13821  -0.15435  -0.16281  -0.17339
 -0.18953  -0.20567  -0.2218   -0.22895  -0.24085  -0.25699  -0.26863
 -0.27603  -0.29217  -0.30831  -0.32444  -0.34058  -0.35672  -0.37286
 -0.38899  -0.40513  -0.42127  -0.4374   -0.45354  -0.46968  -0.48581
 -0.50195  -0.50671  -0.521    -0.53713  -0.55327  -0.56941  -0.58555
 -0.60168  -0.61782  -0.63396  -0.65009  -0.66623  -0.68237  -0.6985
 -0.71464  -0.73078  -0.74691  -0.76305  -0.77919  -0.78448  -0.79824
 -0.81093  -0.81728  -0.83342  -0.83739  -0.85247  -0.8686   -0.88474
 -0.90088  -0.90379  -0.91992  -0.93606  -0.9522   -0.95643  -0.97124
 -0.98738  -0.99611  -1.0064   -1.0226   -1.0358   -1.0416   -1.0577
 -1.0622   -1.0768   -1.0929   -1.1091   -1.1252   -1.1284   -1.1443
 -1.1604   -1.1681   -1.1794   -1.1823   -1.1945   -1.2014   -1.2077
 -1.2204   -1.2234   -1.2342   -1.2424   -1.2585   -1.2614   -1.2739
 -1.2805   -1.2966   -1.3128   -1.3289   -1.345    -1.3532   -1.3532
 -1.3532   -1.3532   -1.3469   -1.3308   -1.3146   -1.2985   -1.2823
 -1.2739   -1.2633   -1.2474   -1.2442   -1.2342   -1.2252   -1.221
 -1.2062   -1.1945   -1.1871   -1.171    -1.1548   -1.1519   -1.1358
 -1.1284   -1.1167   -1.1019   -1.0977   -1.0887   -1.0786   -1.0755
 -1.0596   -1.049    -1.0406   -1.0358   -1.0226   -1.0186   -1.0025
 -0.99611  -0.98341  -0.96966  -0.96437  -0.95643  -0.94532  -0.92998
 -0.92627  -0.91675  -0.90723  -0.89109  -0.88818  -0.87204  -0.86384
 -0.85299  -0.83739  -0.83395  -0.81781  -0.81093  -0.79876  -0.78448
 -0.77972  -0.77125  -0.76067  -0.7448   -0.74162  -0.72549  -0.71834
 -0.70644  -0.69189  -0.68739  -0.67866  -0.66835  -0.65221  -0.6493
 -0.63898  -0.63025  -0.62576  -0.61121  -0.5993   -0.5993   -0.58925
 -0.58607  -0.57285  -0.56729  -0.55962  -0.54825  -0.54534  -0.53317
 -0.52629  -0.51994  -0.50724  -0.49349  -0.48819  -0.48026  -0.46915
 -0.46624  -0.4501   -0.44058  -0.43105  -0.42735  -0.41201  -0.39587
 -0.38767  -0.37682  -0.37391  -0.35778  -0.34799  -0.33873  -0.32259
 -0.31968  -0.30355  -0.28741  -0.27127  -0.25514  -0.24217  -0.23609
 -0.21995  -0.19191  -0.17604  -0.17154  -0.1554   -0.13927  -0.12313
 -0.10408  -0.077629 -0.061492 -0.045355 -0.029218 -0.013081  0.010198
  0.032419  0.048556  0.067339  0.094057  0.11019   0.12633   0.14247
  0.1586    0.17474   0.19088   0.21971   0.23876   0.26574   0.28188
  0.29802   0.31336   0.31706   0.3332    0.33981   0.35225   0.36627
  0.37129   0.3795    0.39034   0.39325   0.40939   0.42553   0.44166
  0.4578    0.47394   0.49007   0.50621   0.52235   0.53848   0.55462
  0.57076   0.59589   0.61626   0.6324    0.65303   0.6853    0.71758
  0.73662   0.77181   0.80858   0.85091   0.88053   0.91122   0.94349
  0.99005   1.0345    1.0538    1.0911    1.1445    1.1768    1.2091
  1.2678    1.3001    1.3324    1.3842    1.4234    1.4556    1.4985
  1.5384    1.5657    1.5988    1.6435    1.6691    1.6948    1.7395
  1.7704    1.7866    1.8186    1.8453    1.8614    1.8845    1.9202
  1.9363    1.9646    1.9818    1.9979    2.0218    2.0435    2.0596
  2.0757    2.0919    2.108   ]
