[ 3.24638867  3.29296589  3.33678818  3.37229323  3.40649509  3.43817949
  3.4605732   3.47238612  3.47482038  3.46988964  3.45901895  3.4394505
  3.41176271  3.37919331  3.33498979  3.27820873  3.21459723  3.14110518
  3.05652714  2.96643472  2.87066221  2.76200032  2.63325167  2.50564194
  2.37135839  2.22491336  2.06904769  1.90630758  1.73204672  1.55479622
  1.38105655  1.20630014  1.0240165   0.83945262  0.66363442  0.48923242
  0.3111625   0.1375795  -0.04462988 -0.22517422 -0.40825537 -0.60530972
 -0.78793961 -0.951913   -1.10607111 -1.26484275 -1.42041624 -1.56418967
 -1.68291664 -1.79947627 -1.90736878 -2.010957   -2.11198473 -2.2037878
 -2.27914262 -2.35650778 -2.42482781 -2.48271871 -2.531214   -2.57296491
 -2.61094809 -2.6401155  -2.66074848 -2.67363858 -2.6841433  -2.68790936
 -2.68278098 -2.67593765 -2.66327786]
[-1.07316899 -1.04338312 -1.00679052 -0.96385241 -0.92364073 -0.88355124
 -0.84645945 -0.81330496 -0.77637315 -0.74290985 -0.71695882 -0.69157219
 -0.6686368  -0.64656132 -0.61960542 -0.59680843 -0.57797199 -0.55455065
 -0.53482765 -0.51665401 -0.49730754 -0.47713554 -0.45918912 -0.44222978
 -0.42644885 -0.40824762 -0.3899056  -0.3741715  -0.3592912  -0.3409445
 -0.32559094 -0.31089675 -0.29498708 -0.27841622 -0.26476112 -0.25243965
 -0.23762108 -0.22544447 -0.21494278 -0.20577352 -0.19762906 -0.18833697
 -0.17603411 -0.16483644 -0.15254426 -0.14294118 -0.13575435 -0.12786983
 -0.11676285 -0.10794522 -0.10177588 -0.09337487 -0.08522434 -0.07942574
 -0.07303245 -0.06597462 -0.05914024 -0.05108269 -0.04193434 -0.03170908
 -0.02406126 -0.01403045 -0.00565952  0.00225386  0.01127119  0.02086859
  0.0307223   0.04136825  0.05289178]
[0.79590553 0.78589588 0.77603287 0.76639688 0.7551654  0.74355102
 0.73304695 0.72126627 0.70903957 0.69847828 0.6898694  0.67772573
 0.66388571 0.65496331 0.64651799 0.63627583 0.62825441 0.62221289
 0.61529857 0.60831851 0.60168743 0.59583104 0.59063756 0.58759087
 0.58705389 0.58761811 0.58709627 0.58766854 0.59083295 0.59631979
 0.60397464 0.6116913  0.62044638 0.63260841 0.64375287 0.65494061
 0.66965336 0.68681729 0.70477897 0.72564465 0.7478224  0.77050817
 0.79714531 0.82374251 0.85219026 0.88539207 0.91666585 0.94727778
 0.97877467 1.01072955 1.04584503 1.09442592 1.1409086  1.17640853
 1.21345019 1.24837136 1.28145385 1.31743395 1.3583312  1.39749813
 1.43566287 1.47079206 1.50624108 1.54235911 1.57767463 1.61260307
 1.64864492 1.67925918 1.70955348]
[-1.91906154 -1.90610588 -1.89672279 -1.87782991 -1.85585034 -1.83124852
 -1.80557084 -1.79510331 -1.77128482 -1.74297464 -1.71614611 -1.69188654
 -1.66880512 -1.64532816 -1.62409329 -1.60512197 -1.5849793  -1.56471694
 -1.54798746 -1.53204775 -1.51629758 -1.49784482 -1.48145556 -1.46862555
 -1.45910811 -1.45113468 -1.44520533 -1.42856479 -1.41356027 -1.4077493
 -1.40313733 -1.39844322 -1.39084208 -1.38161445 -1.37518156 -1.36616862
 -1.35808957 -1.35567307 -1.35341775 -1.35479426 -1.35694706 -1.35028887
 -1.34404063 -1.34688807 -1.34786069 -1.34584403 -1.34522378 -1.34908664
 -1.35308099 -1.35866106 -1.36609054 -1.37294066 -1.38168597 -1.39663255
 -1.40990293 -1.42133129 -1.43151832 -1.44259787 -1.45744979 -1.48130965
 -1.49999404 -1.51159644 -1.52556443 -1.54270589 -1.56181979 -1.5898757
 -1.61360908 -1.6254791  -1.63960052]
[ 1.31195939  1.16756296  1.01811731  0.8669259   0.71937096  0.57340384
  0.42118791  0.2731083   0.11708138 -0.03844793 -0.18209285 -0.33176637
 -0.47702622 -0.62119353 -0.76578361 -0.90688157 -1.03787565 -1.15894306
 -1.27923429 -1.39330339 -1.49722195 -1.59678149 -1.68624318 -1.75580108
 -1.81990778 -1.87732685 -1.92340577 -1.9560616  -1.9788667  -1.99253917
 -1.99718761 -1.98946726 -1.97103024 -1.94587696 -1.91429639 -1.87707579
 -1.82580531 -1.7652483  -1.69590974 -1.61968648 -1.54591441 -1.44705904
 -1.34599471 -1.27238739 -1.1888721  -1.0912689  -0.98936546 -0.87571263
 -0.75554228 -0.63935685 -0.52455086 -0.41425601 -0.29865307 -0.17747346
 -0.05662217  0.0645118   0.18189166  0.29905677  0.41109169  0.52191341
  0.63328421  0.74289823  0.8474555   0.94620419  1.03833055  1.12841618
  1.21377516  1.29485869  1.36404717]
[-0.30566511 -0.29088515 -0.27163255 -0.24991408 -0.22899528 -0.20899306
 -0.1947376  -0.18149576 -0.16702977 -0.1551436  -0.14572109 -0.13719007
 -0.12908146 -0.12185684 -0.11286035 -0.10634267 -0.10088328 -0.09340797
 -0.08741361 -0.08232471 -0.07690322 -0.06952909 -0.06279576 -0.05658481
 -0.05081429 -0.04333459 -0.03517944 -0.02790175 -0.02009582 -0.00968599
 -0.00068364  0.00860497  0.01838327  0.0295698   0.04006746  0.0509963
  0.06128282  0.07152523  0.0821729   0.09380154  0.10366224  0.11548651
  0.12796061  0.14192973  0.15745161  0.17050074  0.18276419  0.19538145
  0.20967048  0.22547548  0.24111572  0.25719142  0.27289364  0.28845316
  0.30442643  0.32042429  0.33668596  0.35338941  0.37029144  0.38974947
  0.40866411  0.42758477  0.44682318  0.46577576  0.4866682   0.50826037
  0.53020239  0.55319792  0.57763892]
[-1.4611454  -1.53121173 -1.58773935 -1.64252639 -1.68620801 -1.72527158
 -1.74555838 -1.75727916 -1.75975287 -1.75617862 -1.74074745 -1.72030163
 -1.69108951 -1.65828907 -1.61966562 -1.57350254 -1.52003551 -1.45925736
 -1.39335799 -1.31929207 -1.23912334 -1.14936507 -1.02222204 -0.91113311
 -0.79378551 -0.67948574 -0.56796485 -0.4546493  -0.33762956 -0.2226226
 -0.10045472  0.02411027  0.14833845  0.27033848  0.39002806  0.51016343
  0.63160872  0.75616318  0.87421566  0.98596567  1.09280217  1.19796705
  1.29948258  1.39926696  1.49330354  1.58056307  1.65984905  1.73058176
  1.79696798  1.858127    1.90890431  1.95091331  1.98643064  2.01378989
  2.03146625  2.04073143  2.03970146  2.02169943  1.99540889  1.95832968
  1.91140497  1.85183299  1.77734125  1.69839334  1.61201906  1.51860034
  1.41700685  1.31023788  1.19654715]
[ 2.4017539   2.35590482  2.31507134  2.27228594  2.22145605  2.17153931
  2.11909223  2.06564331  2.01625633  1.96503794  1.91119397  1.85728002
  1.80191517  1.74783969  1.69439077  1.64045143  1.58857703  1.53471482
  1.47917438  1.42622912  1.36989915  1.30590296  1.24162626  1.17706931
  1.12272751  1.0688405   1.02187836  0.9957639   0.95333558  0.91562515
  0.8869952   0.85284275  0.8337661   0.79525501  0.7661131   0.74658865
  0.71761757  0.68956029  0.64676201  0.60671759  0.57159454  0.54468912
  0.51708114  0.4865045   0.45887947  0.43389717  0.4039312   0.37738618
  0.35369927  0.33510634  0.30998063  0.2859953   0.26097217  0.23223388
  0.1977313   0.15916097  0.11536403  0.07350019  0.03546153  0.00259153
 -0.03618569 -0.08012316 -0.12273853 -0.16316716 -0.19946364 -0.23734881
 -0.27342662 -0.31581935 -0.3658976 ]
[ 3.10543871  3.11864924  3.12143183  3.11827993  3.1057725   3.08517313
  3.05369687  3.01461792  2.96708012  2.90571022  2.834306    2.7504971
  2.64886642  2.53269076  2.40760398  2.28151321  2.15055776  2.01294541
  1.87748671  1.72927094  1.58086407  1.42876601  1.27163935  1.11665499
  0.95189768  0.78495818  0.62246883  0.45723462  0.2916528   0.12930061
 -0.04358744 -0.22202447 -0.40251794 -0.57923013 -0.74725306 -0.89195341
 -1.03134894 -1.16765726 -1.29165328 -1.40468264 -1.50971985 -1.60204899
 -1.68712652 -1.76084137 -1.82726371 -1.88547564 -1.93784201 -1.98290706
 -2.02226686 -2.05564427 -2.08314157 -2.10152149 -2.11204028 -2.1172483
 -2.11364365 -2.10746241 -2.09460855 -2.07757688 -2.05574656 -2.02573276
 -1.99516714 -1.95984137 -1.92018878 -1.87215066 -1.81997168 -1.76536417
 -1.70914984 -1.65144086 -1.58936834]
[0.38210601 0.41236356 0.42700306 0.43738121 0.44803554 0.45974639
 0.47051582 0.47828561 0.48445517 0.49019358 0.49871838 0.50364596
 0.5082522  0.50997788 0.51413524 0.51923597 0.52592963 0.53155762
 0.53243941 0.52496123 0.52269214 0.51329935 0.50402033 0.4944694
 0.48591775 0.47196707 0.46013615 0.44784862 0.42982104 0.4145048
 0.40004489 0.38716665 0.37159726 0.35766473 0.34498891 0.33359686
 0.32474533 0.31598148 0.30992246 0.3077468  0.30685499 0.30721858
 0.312931   0.32061675 0.32770362 0.33993196 0.35221866 0.36528242
 0.38351211 0.40371084 0.43337071 0.46188858 0.48598853 0.5097205
 0.53166759 0.55829853 0.58996874 0.62390274 0.66388559 0.69269007
 0.72048146 0.75080431 0.78198552 0.81404948 0.84308046 0.87541288
 0.90720958 0.93925464 0.97979933]
[-1.90610111 -1.75540102 -1.58905661 -1.42240477 -1.27392018 -1.12442696
 -0.97763181 -0.81223363 -0.64484191 -0.4869602  -0.32443675 -0.15866812
  0.01064371  0.18339328  0.34967741  0.51258945  0.67134708  0.82323134
  0.97499311  1.12156057  1.26499367  1.40874612  1.54596496  1.6687001
  1.79035556  1.90754342  2.0189817   2.11040711  2.1888814   2.26527023
  2.32179308  2.37150955  2.41123652  2.44008613  2.45665574  2.45625162
  2.44169497  2.41159749  2.3595407   2.28558445  2.20330191  2.09940171
  1.99205005  1.86997807  1.7240634   1.57471013  1.43536961  1.28811336
  1.14086604  0.98023236  0.81490725  0.64309859  0.46066102  0.27022275
  0.0978413  -0.11569735 -0.29720911 -0.4800829  -0.65512526 -0.79955482
 -0.78256392 -0.94917136 -1.10632145 -1.25446808 -1.3847158  -1.49524391
 -1.60156322 -1.69053996 -1.8717891 ]
[-1.67962027 -1.64932311 -1.61779773 -1.57956648 -1.53459609 -1.48145294
 -1.42168283 -1.35959804 -1.29346156 -1.22355342 -1.14843667 -1.06201196
 -0.96863216 -0.84892392 -0.73486584 -0.6171087  -0.50918865 -0.39965928
 -0.28690493 -0.1722654  -0.05660884  0.05427623  0.16902389  0.28823832
  0.4038572   0.51166588  0.61840767  0.72318202  0.82822877  0.92656493
  1.02338946  1.11416709  1.2058481   1.29043329  1.36822748  1.44503284
  1.514117    1.5768528   1.63648629  1.68306696  1.72255397  1.75714016
  1.78246653  1.80024004  1.80922866  1.8053025   1.79094672  1.77081394
  1.73495197  1.68832791  1.62519753  1.55609059  1.4774183   1.38728356
  1.28891385  1.18223858  1.06721425  0.95778328  0.84341615  0.73137224
  0.62273872  0.57644093  0.44998005  0.31755799  0.17911902  0.03558116
 -0.10304292 -0.24769984 -0.39289317]
[-1.91030908 -1.89221239 -1.86504471 -1.83363938 -1.84065008 -1.81258059
 -1.78677368 -1.75300658 -1.72498286 -1.69246173 -1.65893936 -1.62292588
 -1.59198523 -1.55976379 -1.53156734 -1.50230539 -1.46741056 -1.43901622
 -1.41001678 -1.38228714 -1.35309803 -1.32350457 -1.29106319 -1.26296151
 -1.23047292 -1.20468962 -1.17907512 -1.1529479  -1.12570167 -1.09854543
 -1.07826221 -1.06169629 -1.04479754 -1.02830517 -1.01497102 -1.00403845
 -0.99727941 -0.9888097  -0.97523731 -0.97103006 -0.9611001  -0.94895899
 -0.941926   -0.93348074 -0.92551351 -0.91990626 -0.91963547 -0.92456192
 -0.92214721 -0.91882646 -0.91565657 -0.91452026 -0.91810149 -0.92646849
 -0.93641305 -0.94102782 -0.94455922 -0.95313042 -0.96798885 -0.98518705
 -0.99775553 -1.01158583 -1.03253448 -1.05267823 -1.06650949 -1.0824306
 -1.1051687  -1.12429559 -1.13889551]
[ 0.88244605  0.87343472  0.86143333  0.84568942  0.82638562  0.80337083
  0.77868313  0.75404912  0.72518009  0.69731379  0.6717031   0.64804107
  0.62042212  0.59070325  0.5587889   0.52888006  0.49305254  0.45397407
  0.41933349  0.38901046  0.35248071  0.31863323  0.27927542  0.23825693
  0.19394496  0.15015712  0.11424837  0.07375822  0.03002796 -0.01478706
 -0.05754631 -0.10467695 -0.15191309 -0.19805698 -0.2450477  -0.28896397
 -0.32940176 -0.37269157 -0.41664514 -0.46124098 -0.50481892 -0.54852164
 -0.59131861 -0.63999456 -0.68277645 -0.71886724 -0.75979155 -0.79836667
 -0.8324855  -0.86185825 -0.89082795 -0.91834241 -0.94595659 -0.96895051
 -0.98937792 -1.00959492 -1.02574074 -1.04346204 -1.05711925 -1.07079089
 -1.08320403 -1.086797   -1.09238994 -1.08825684 -1.08624732 -1.08522987
 -1.08430803 -1.08394003 -1.08270597]
[2.06742954 2.07147861 2.06757402 2.06744289 2.0675261  2.05593705
 2.0429256  2.03090501 2.01696992 1.99919534 1.9705255  1.94861257
 1.92484963 1.90036798 1.87589443 1.84842551 1.8156805  1.78311276
 1.74863875 1.71304786 1.6743449  1.63455141 1.59749019 1.56183505
 1.52271795 1.48265207 1.44917953 1.41824341 1.38335598 1.35578227
 1.32300436 1.29917645 1.27465594 1.24834108 1.22683597 1.20944846
 1.19459212 1.18637145 1.18433046 1.18704796 1.18942916 1.21156275
 1.22116661 1.23409522 1.24940968 1.26372647 1.28430009 1.31074166
 1.34660721 1.39653027 1.4684093  1.49466968 1.53069222 1.57109225
 1.61661685 1.66861248 1.72004282 1.77095866 1.82558286 1.87902784
 1.92690456 1.9750855  2.03540587 2.08644962 2.14887762 2.20509839
 2.29310346 2.3877635  2.56825352]
[-1.1854912  -1.16337943 -1.14135706 -1.11721683 -1.09469724 -1.0800029
 -1.06372201 -1.04140174 -1.01904726 -0.99720299 -0.97692919 -0.95724523
 -0.93803364 -0.91902912 -0.90267229 -0.88441497 -0.86892438 -0.85485905
 -0.84099317 -0.82918531 -0.81701547 -0.80320853 -0.79154968 -0.78161669
 -0.77156812 -0.76149923 -0.75153512 -0.74391043 -0.73737377 -0.73048556
 -0.72378045 -0.71804261 -0.71347201 -0.7100538  -0.70859766 -0.70689017
 -0.70580506 -0.70629108 -0.70729727 -0.70754558 -0.70804042 -0.71046144
 -0.71005833 -0.70858508 -0.7050907  -0.70049804 -0.69696176 -0.69618726
 -0.69539964 -0.69370013 -0.68931973 -0.69092858 -0.69069719 -0.68647027
 -0.6859616  -0.68524545 -0.68401515 -0.6821242  -0.67388332 -0.66727334
 -0.66090846 -0.65368891 -0.64579368 -0.64146435 -0.63465464 -0.62037659
 -0.6118921  -0.60644192 -0.59724569]
[ 1.54752815  1.529248    1.47708583  1.41362393  1.34961212  1.27033746
  1.18396473  1.0954051   0.99606061  0.88891029  0.77776694  0.66071075
  0.54567021  0.43127003  0.30436939  0.18637358  0.06552666 -0.05723166
 -0.18916135 -0.32449943 -0.44743949 -0.56223154 -0.68584049 -0.80124325
 -0.91631997 -1.02086759 -1.11471307 -1.20752382 -1.2967658  -1.37824547
 -1.45757103 -1.53439474 -1.60377908 -1.66890681 -1.72699273 -1.77583265
 -1.81479478 -1.84524643 -1.86546433 -1.87881875 -1.88210869 -1.87560153
 -1.86081481 -1.84110999 -1.80328739 -1.74928999 -1.69815743 -1.64751565
 -1.58531737 -1.51092625 -1.42726386 -1.34311533 -1.25651932 -1.14489341
 -1.05577147 -0.9628849  -0.85895115 -0.74773014 -0.61140507 -0.48478648
 -0.36119175 -0.2310174  -0.10096674  0.02111445  0.15084043  0.30081484
  0.42955622  0.55278516  0.67697346]
[-0.57641995 -0.69664121 -0.81842875 -0.94668466 -1.08278072 -1.20380521
 -1.31105423 -1.41781354 -1.51932096 -1.61592376 -1.69932961 -1.76800907
 -1.82763946 -1.88119662 -1.92690337 -1.96386302 -1.99257672 -2.00790858
 -2.01599598 -2.01599169 -2.00732327 -1.98689806 -1.95996726 -1.92888236
 -1.89218402 -1.84281278 -1.78308153 -1.71947467 -1.64812291 -1.56693268
 -1.48554385 -1.39462233 -1.29263854 -1.19233644 -1.09566104 -0.99637216
 -0.89178163 -0.78279704 -0.6709913  -0.55865246 -0.44161072 -0.32321537
 -0.20692028 -0.08560106  0.03734327  0.1557409   0.2745778   0.39211795
  0.50832176  0.62771535  0.74488038  0.85630363  0.96244496  1.06228423
  1.16362309  1.26153016  1.35274875  1.43397653  1.51156533  1.57802987
  1.64190423  1.69700229  1.74553061  1.78390694  1.81225705  1.82932937
  1.83637404  1.83033597  1.8105582 ]
[ 0.61677641  0.72983629  0.84411597  0.95659173  1.06498003  1.17081356
  1.27412701  1.37957394  1.48202384  1.58060682  1.6757077   1.76968503
  1.85861313  1.94530654  2.02308321  2.09574938  2.16273212  2.21841717
  2.2686708   2.31325626  2.35075307  2.37629795  2.39667869  2.40788126
  2.40708923  2.39106774  2.36358047  2.32723904  2.27959323  2.21254897
  2.12964821  2.03835607  1.9372834   1.82433414  1.70657718  1.57138789
  1.43153811  1.28992665  1.14278364  0.99522179  0.84074801  0.68511933
  0.53161269  0.38124686  0.21526624  0.05051302 -0.12025818 -0.29163033
 -0.46888527 -0.64766026 -0.81978786 -0.97900283 -1.1296351  -1.27741063
 -1.41023099 -1.52941203 -1.64778781 -1.7552371  -1.849033   -1.93325722
 -2.01411891 -2.08195543 -2.14030695 -2.19167447 -2.23231196 -2.26428056
 -2.28722334 -2.30484152 -2.31394625]
