[-1.23351811 -1.17712388 -1.16929147 -1.1527658  -1.13999766 -1.12470614
 -1.10669184 -1.09344438 -1.07009427 -1.05654718 -1.03962372 -1.02311329
 -1.00353357 -0.96716705 -0.98215915 -0.96372253 -0.93474184 -0.91907322
 -0.90526808 -0.89037826 -0.83484116 -0.84645774 -0.84645547 -0.84899187
 -0.82635553 -0.80686931 -0.79832426 -0.7872377  -0.77491613 -0.754753
 -0.73836488 -0.74232002 -0.73325464 -0.71354926 -0.72098839 -0.7080043
 -0.70055101 -0.69238449 -0.68565924 -0.67702886 -0.66674678 -0.66669167
 -0.65619286 -0.64812452 -0.63192881 -0.63829558 -0.62774768 -0.63077177
 -0.59720246 -0.62132617 -0.60232023 -0.59265733 -0.62649557 -0.5988374
 -0.59209221 -0.59120056 -0.58563504 -0.58640204 -0.57554719 -0.56320231
 -0.56956333 -0.57049474 -0.57370509 -0.56014528 -0.55132534 -0.52146108
 -0.56007946 -0.53704468 -0.50703503 -0.52224257 -0.53797204 -0.52522751
 -0.49971157 -0.49166481 -0.4822849  -0.47324453 -0.45517994 -0.45614993
 -0.4225024  -0.43943101 -0.42493404 -0.41541363 -0.40274035 -0.39033315
 -0.38124077 -0.36158874 -0.34696519 -0.33636099 -0.3254628  -0.31573864
 -0.30463854 -0.2978281  -0.28429724 -0.26593922 -0.26181265 -0.26463953
 -0.25251519 -0.23608671 -0.21300467 -0.21514186 -0.20487594 -0.19184655
 -0.18788852 -0.1677125  -0.15527813 -0.14287797 -0.1249337  -0.12424483
 -0.10290596 -0.10523693 -0.11382813 -0.09535984 -0.06967105 -0.06223062
 -0.05181615 -0.04120636 -0.0304415  -0.01566265 -0.0247784   0.00255878
  0.01076185  0.02582199  0.04349732  0.04573325  0.07917627  0.05590787
  0.07112601  0.078457    0.08845084  0.09691356  0.11314445  0.12225384
  0.12872037  0.12448608  0.14003484  0.14799422  0.15505189  0.16570838
  0.17441161  0.18794476  0.18523319  0.19259106  0.20015295  0.17494703
  0.22669936  0.2416364   0.22512124  0.23456172  0.2438803   0.26251955
  0.23605653  0.27410821  0.27419026  0.27205786  0.27080389  0.28759462
  0.28976469  0.29153667  0.30408657  0.30539513  0.32349037  0.32257378
  0.33604687  0.33640195  0.35643514  0.3728138   0.38117365  0.39304349
  0.40581382  0.4113846   0.43479671  0.42271834  0.48781314  0.42831343
  0.47823308  0.4933688   0.50572233  0.51321827  0.52861666  0.54589862
  0.5745388   0.56724103  0.57566651  0.58290769  0.60128588  0.5873419
  0.62930808  0.6224017   0.62553185  0.6275438   0.63107314  0.67257284
  0.67871926  0.69167664  0.68994864  0.69741801  0.71657804  0.7356137
  0.6841301   0.74035193  0.72670123  0.75529204  0.78535892  0.76998606
  0.77235306  0.7746623   0.79579762  0.79906052  0.80358246  0.80157454
  0.79065729  0.8127993   0.83443838  0.83961248  0.83200636  0.85931595
  0.87891741  0.86027632  0.8726147   0.86833582  0.88448409  0.87769515
  0.89566192  0.9035993   0.90601865  0.91285388  0.91663574  0.91693717
  0.94270851  0.93095191  0.94191947  0.94891781  0.95433071  0.97431174
  0.97184597  0.97317913  0.98922262  0.98223844  0.98926242  0.99790874
  1.00518174  1.00931784  1.04047408  1.02192896  1.03555125  1.0381355
  1.04776158  1.04950639  1.05410836  1.05980802  1.07644958  1.07889822
  1.08188205  1.10062332  1.13298739]
[-1.22416845e+00 -1.16545260e+00 -1.15647017e+00 -1.13929430e+00
 -1.12525744e+00 -1.10975470e+00 -1.08851231e+00 -1.07686744e+00
 -1.05474350e+00 -1.03597006e+00 -1.02066252e+00 -1.00264269e+00
 -9.82815452e-01 -9.44531670e-01 -9.61180651e-01 -9.43351791e-01
 -9.12384688e-01 -8.92952322e-01 -8.80235208e-01 -8.67025550e-01
 -8.12837683e-01 -8.23291001e-01 -8.22705344e-01 -8.26421845e-01
 -8.02457040e-01 -7.83112798e-01 -7.74022551e-01 -7.62824280e-01
 -7.52037430e-01 -7.32072606e-01 -7.13031104e-01 -7.18392280e-01
 -7.08727455e-01 -6.88318801e-01 -6.96541337e-01 -6.84756580e-01
 -6.76727904e-01 -6.68153673e-01 -6.62834065e-01 -6.53219154e-01
 -6.42950137e-01 -6.43713918e-01 -6.32558487e-01 -6.25678470e-01
 -6.07657611e-01 -6.15034594e-01 -6.04659693e-01 -6.07583287e-01
 -5.75359078e-01 -5.98974314e-01 -5.80106424e-01 -5.70014283e-01
 -6.05801162e-01 -5.77227793e-01 -5.69050637e-01 -5.70568711e-01
 -5.63312146e-01 -5.66346914e-01 -5.54696578e-01 -5.34916601e-01
 -5.49933834e-01 -5.51575761e-01 -5.54898688e-01 -5.41578604e-01
 -5.32926572e-01 -5.02739932e-01 -5.44911406e-01 -5.19940025e-01
 -4.90532531e-01 -5.03803212e-01 -5.25149511e-01 -5.07629042e-01
 -4.83414430e-01 -4.74895897e-01 -4.66012041e-01 -4.55211597e-01
 -4.38776409e-01 -4.40443560e-01 -4.05087374e-01 -4.27969592e-01
 -4.12610773e-01 -4.03157853e-01 -3.90513953e-01 -3.77635620e-01
 -3.69046108e-01 -3.48279161e-01 -3.32025362e-01 -3.22263243e-01
 -3.11741580e-01 -3.01998571e-01 -2.90219657e-01 -2.88188293e-01
 -2.72283648e-01 -2.51186288e-01 -2.47281588e-01 -2.53843376e-01
 -2.38365304e-01 -2.21869761e-01 -1.97380879e-01 -2.00057038e-01
 -1.89986696e-01 -1.77096423e-01 -1.73680285e-01 -1.52974899e-01
 -1.39724236e-01 -1.27935909e-01 -1.09402530e-01 -1.09114458e-01
 -8.75412731e-02 -8.98385279e-02 -1.00610751e-01 -7.61880414e-02
 -5.39437859e-02 -4.59535406e-02 -3.60414456e-02 -2.54811018e-02
 -1.43620855e-02  6.84895598e-04 -1.10781239e-02  1.89610462e-02
  2.55049222e-02  3.99458545e-02  6.06099078e-02  6.23592779e-02
  9.44384259e-02  7.27242029e-02  8.81217272e-02  9.53566318e-02
  1.05462955e-01  1.13500433e-01  1.31446926e-01  1.38684144e-01
  1.46473820e-01  1.42754410e-01  1.57996098e-01  1.66247088e-01
  1.73794818e-01  1.86203094e-01  1.89818377e-01  2.07483965e-01
  2.05733549e-01  2.13952528e-01  2.19038875e-01  1.96869741e-01
  2.53731411e-01  2.65270552e-01  2.45847200e-01  2.55592490e-01
  2.64607641e-01  2.79758684e-01  2.47721979e-01  2.92175287e-01
  2.89993891e-01  2.87711610e-01  2.87782496e-01  2.99910376e-01
  3.02678139e-01  3.05386954e-01  3.16762787e-01  3.13840651e-01
  3.32035561e-01  3.28701056e-01  3.42003485e-01  3.43626151e-01
  3.61174451e-01  3.77519166e-01  3.84807685e-01  3.96790065e-01
  4.09689238e-01  4.07529381e-01  4.44104433e-01  4.27854642e-01
  4.89448929e-01  4.29724529e-01  4.79907722e-01  4.96724475e-01
  5.09412228e-01  5.17781428e-01  5.32923817e-01  5.53055649e-01
  5.83033143e-01  5.74379604e-01  5.83358194e-01  5.89989114e-01
  6.09449058e-01  5.96556521e-01  6.39789209e-01  6.32198914e-01
  6.35826328e-01  6.37894254e-01  6.41205804e-01  6.84411632e-01
  6.88009362e-01  7.03960849e-01  7.02403982e-01  7.09841604e-01
  7.24683297e-01  7.50609364e-01  6.99749298e-01  7.56573665e-01
  7.38765610e-01  7.70638537e-01  8.00057083e-01  7.85877262e-01
  7.80998469e-01  7.92735686e-01  8.12030080e-01  8.16157878e-01
  8.20369318e-01  8.18721499e-01  8.06761262e-01  8.28840220e-01
  8.53421198e-01  8.58333433e-01  8.49993072e-01  8.78649731e-01
  9.08225958e-01  8.80811866e-01  8.90644618e-01  8.89332586e-01
  9.05099130e-01  8.96948735e-01  9.18046372e-01  9.27922481e-01
  9.27299161e-01  9.34686965e-01  9.37576924e-01  9.39899908e-01
  9.67136743e-01  9.54484305e-01  9.65455351e-01  9.75022597e-01
  9.78876914e-01  1.00275732e+00  9.97179254e-01  9.96059227e-01
  1.01608552e+00  1.00567549e+00  1.01364512e+00  1.02256195e+00
  1.03009652e+00  1.03382181e+00  1.06437851e+00  1.04697284e+00
  1.06071310e+00  1.06463910e+00  1.07173071e+00  1.07463706e+00
  1.07886762e+00  1.08526955e+00  1.09960432e+00  1.09858120e+00
  1.10455045e+00  1.12530847e+00  1.16016283e+00]
[-0.5485526  -0.54784266 -0.54391727 -0.53915765 -0.5341774  -0.53176978
 -0.52794575 -0.52490609 -0.52431378 -0.52198961 -0.52006381 -0.50347987
 -0.50040432 -0.4821808  -0.48835602 -0.48185447 -0.4716382  -0.46219027
 -0.4544881  -0.45040538 -0.44332705 -0.44016989 -0.43421334 -0.43586757
 -0.45104371 -0.449018   -0.44393011 -0.43890008 -0.43609686 -0.44555803
 -0.43433728 -0.42986817 -0.44039468 -0.43658881 -0.43582845 -0.44214067
 -0.44033262]
[-1.01699883e+00 -9.53712116e-01 -9.41907389e-01 -9.60956884e-01
 -8.73932667e-01 -9.55384804e-01 -9.70988940e-01 -9.45686517e-01
 -9.54891304e-01 -9.84829350e-01 -9.61794855e-01 -9.44934126e-01
 -9.90803133e-01 -9.88924041e-01 -9.53860823e-01 -9.28069564e-01
 -9.81517439e-01 -8.74660346e-01 -1.01417734e+00 -9.50160566e-01
 -9.55086026e-01 -9.45328335e-01 -9.64891872e-01 -1.05079074e+00
 -1.00267810e+00 -1.04395981e+00 -1.15445886e+00 -1.14777286e+00
 -1.13745261e+00 -1.23034685e+00 -1.27902720e+00 -1.36329182e+00
 -1.32494012e+00 -1.39992656e+00 -1.41774577e+00 -1.49274080e+00
 -1.52246768e+00 -1.55578593e+00 -1.56800165e+00 -1.61103659e+00
 -1.65228274e+00 -1.69244006e+00 -1.73817880e+00 -1.71511443e+00
 -1.76299554e+00 -1.81299091e+00 -1.87221046e+00 -1.84839065e+00
 -1.85304833e+00 -1.88368933e+00 -1.85996424e+00 -1.88036249e+00
 -1.89155004e+00 -1.83847010e+00 -1.85213472e+00 -1.81959027e+00
 -1.80032440e+00 -1.77576691e+00 -1.75280235e+00 -1.73268216e+00
 -1.63205018e+00 -1.68774388e+00 -1.65521895e+00 -1.63483067e+00
 -1.59258733e+00 -1.60364853e+00 -1.52985009e+00 -1.57173740e+00
 -1.47780976e+00 -1.43442611e+00 -1.39853139e+00 -1.36385529e+00
 -1.32854795e+00 -1.29787074e+00 -1.25435838e+00 -1.21412049e+00
 -1.17910382e+00 -1.13706370e+00 -1.10151086e+00 -1.05033986e+00
 -9.38321229e-01 -9.79014807e-01 -1.03286359e+00 -9.14287425e-01
 -8.53238799e-01 -7.63098048e-01 -7.65137564e-01 -7.54485049e-01
 -6.95284454e-01 -6.81704323e-01 -6.49531899e-01 -6.05705646e-01
 -5.82526937e-01 -5.78504073e-01 -5.99425334e-01 -5.02204014e-01
 -4.80107417e-01 -4.53231827e-01 -4.34248158e-01 -3.87439605e-01
 -3.86957107e-01 -3.72249563e-01 -3.43221178e-01 -3.30388760e-01
 -3.16182801e-01 -3.03257404e-01 -2.89902458e-01 -2.26130260e-01
 -2.24637781e-01 -2.54121039e-01 -2.35441932e-01 -2.71998499e-01
 -2.11904510e-01 -1.83783171e-01 -1.86110659e-01 -1.26063800e-01
 -1.79726504e-01 -2.53088187e-01 -1.53560547e-01 -1.32510644e-01
 -1.32608222e-01 -1.25466337e-01 -8.87034928e-02 -7.55622106e-02
 -8.50765827e-02 -6.41955055e-02 -7.97745404e-02 -5.63940983e-02
 -8.88988856e-02 -5.36467891e-02 -4.02552220e-02 -3.84741014e-02
 -2.09287554e-02 -4.28766474e-02  9.75270877e-04  1.31456592e-02
  4.04907432e-02  4.50727654e-02  5.93049974e-02  8.07109935e-02
  1.03513761e-01  1.12104099e-01  1.52065902e-01  1.45208401e-01
  1.73881341e-01  1.93714571e-01  1.92235309e-01  2.56354624e-01
  1.65019889e-01  2.60463649e-01  2.96093232e-01  3.20114318e-01
  2.98432523e-01  4.43701411e-01  3.68252385e-01  3.90740075e-01
  4.04122555e-01  4.66969267e-01  4.82364188e-01  4.74832089e-01
  5.05935362e-01  5.35254263e-01  5.11464865e-01  5.87507605e-01
  6.18639221e-01  6.47212364e-01  6.62717831e-01  6.86683041e-01
  7.15661299e-01  7.62906903e-01  7.80713863e-01  7.95798307e-01
  8.22130659e-01  8.52067080e-01  8.85661548e-01  8.96758484e-01
  9.36606930e-01  9.63496820e-01  9.94375751e-01  1.03087057e+00
  1.04038021e+00  1.05816523e+00  1.10411334e+00  1.09255079e+00
  1.15041715e+00  1.17719009e+00  1.19261047e+00  1.23461327e+00
  1.25187414e+00  1.33245530e+00  1.27797041e+00  1.34283466e+00
  1.36786485e+00  1.36145157e+00  1.40306912e+00  1.47062882e+00
  1.42504677e+00  1.46925344e+00  1.49472873e+00  1.51419936e+00
  1.53151808e+00  1.54637402e+00  1.56316274e+00  1.54544910e+00
  1.67824976e+00  1.62127816e+00  1.64706685e+00  1.74359251e+00
  1.61199766e+00  1.61877452e+00  1.62169846e+00  1.62915026e+00
  1.61714783e+00  1.61764508e+00  1.61923233e+00  1.62308354e+00
  1.61681483e+00  1.54622117e+00  1.59803015e+00  1.60865697e+00
  1.59967810e+00  1.61951790e+00  1.60036241e+00  1.59541184e+00
  1.57612971e+00  1.47737758e+00  1.54788592e+00  1.53486872e+00
  1.56584141e+00  1.51340080e+00  1.48141633e+00  1.42533276e+00
  1.41945450e+00  1.40645937e+00  1.40878195e+00  1.44468198e+00
  1.34857112e+00  1.32531272e+00  1.30196830e+00  1.28018600e+00
  1.25981292e+00  1.25776529e+00  1.18687126e+00  1.22534884e+00
  1.16517489e+00  1.10201343e+00  1.13676235e+00  1.06676289e+00
  1.02129139e+00  1.02410830e+00  1.00640482e+00  9.71413745e-01
  9.46376376e-01  9.66090659e-01  8.62365756e-01  7.61444880e-01
  8.09511081e-01  8.85013260e-01  7.50559987e-01  7.46642810e-01
  7.28386762e-01  6.78074151e-01  6.68674659e-01  6.41574154e-01
  6.13166198e-01  5.97232351e-01  5.80658292e-01  5.27515384e-01
  5.26856206e-01  4.96661167e-01  4.76401751e-01  4.61019270e-01
  4.31272547e-01  3.89105767e-01  3.94024195e-01  3.48570787e-01
  3.61818814e-01  3.51108194e-01  3.14809801e-01  2.56784431e-01
  2.89227904e-01  2.84095636e-01  2.96426939e-01  2.10880328e-01
  2.44259897e-01  2.36630717e-01  2.40188675e-01  1.88165778e-01
  2.00492051e-01  1.88445828e-01  1.09627834e-01  1.72742045e-01
  1.91170049e-01  1.80853569e-01]
[-9.57019840e-01 -9.53709787e-01 -9.41897422e-01 -9.60972604e-01
 -9.46065866e-01 -9.55407601e-01 -9.71011270e-01 -9.59417359e-01
 -9.54932205e-01 -9.84909600e-01 -9.94404617e-01 -9.44983383e-01
 -1.04758192e+00 -1.11115867e+00 -9.40396501e-01 -9.28112838e-01
 -9.81630224e-01 -7.62659434e-01 -9.40495005e-01 -9.50249757e-01
 -9.55180319e-01 -9.45430874e-01 -9.65002144e-01 -9.88100096e-01
 -1.03531777e+00 -1.04407701e+00 -1.09721884e+00 -1.14789272e+00
 -1.13754706e+00 -1.34759185e+00 -1.23147116e+00 -1.32293879e+00
 -1.21763189e+00 -1.40004981e+00 -1.41786987e+00 -1.46472983e+00
 -1.52259767e+00 -1.55591562e+00 -1.53813097e+00 -1.61114891e+00
 -1.65239303e+00 -1.69254803e+00 -1.73828265e+00 -1.75792668e+00
 -1.77833388e+00 -1.81307915e+00 -1.87231284e+00 -1.86277552e+00
 -1.85308117e+00 -1.98338261e+00 -1.87297865e+00 -1.87720053e+00
 -1.97384904e+00 -1.83843872e+00 -1.83383429e+00 -1.81956619e+00
 -1.80029508e+00 -1.77572575e+00 -1.75276115e+00 -1.73263627e+00
 -1.71121277e+00 -1.68770265e+00 -1.65516185e+00 -1.63477762e+00
 -1.59252081e+00 -1.56645401e+00 -1.51755484e+00 -1.67462482e+00
 -1.47775583e+00 -1.43436048e+00 -1.39846595e+00 -1.36378997e+00
 -1.32848279e+00 -1.29144195e+00 -1.25430125e+00 -1.21405771e+00
 -1.17904402e+00 -1.13700808e+00 -1.18355224e+00 -1.06476570e+00
 -1.01063116e+00 -9.78962703e-01 -9.67791898e-01 -9.14247464e-01
 -8.53188579e-01 -8.25091641e-01 -7.65134922e-01 -7.59155679e-01
 -6.95276121e-01 -6.81691448e-01 -6.49525911e-01 -6.07420397e-01
 -5.82515614e-01 -5.78528220e-01 -5.73485717e-01 -5.02209322e-01
 -4.80114510e-01 -4.53239523e-01 -4.11396187e-01 -3.57811247e-01
 -3.86965186e-01 -3.72262403e-01 -3.43237421e-01 -3.30409805e-01
 -3.16203876e-01 -3.03279145e-01 -2.89924142e-01 -2.64322767e-01
 -2.04684784e-01 -2.54148442e-01 -2.35457994e-01 -2.34855833e-01
 -2.11921382e-01 -1.83803878e-01 -1.86118526e-01  7.32456458e-03
 -1.79746428e-01 -2.11096046e-01 -1.53568852e-01 -1.20517289e-01
 -1.32611885e-01 -1.25478562e-01 -8.87088990e-02 -1.08560630e-01
 -8.50852766e-02 -8.64138484e-02 -7.97697592e-02 -5.63767876e-02
 -8.88917218e-02 -5.36515886e-02 -4.02600574e-02 -3.84921497e-02
 -2.09394295e-02 -1.30259040e-02  9.61012625e-04  1.31278867e-02
  4.04832189e-02  4.50515014e-02  5.92759551e-02  8.06892192e-02
  1.03489359e-01  1.12075956e-01  2.20563962e-01  1.55802379e-01
  1.73854389e-01  1.93683661e-01  2.07746068e-01  2.56312244e-01
  2.37362000e-01  2.76945391e-01  2.96054157e-01  3.20050720e-01
  3.39181280e-01  3.46030283e-01  3.68187679e-01  3.90675311e-01
  4.04054621e-01  4.66933797e-01  4.82290081e-01  4.74740195e-01
  4.95624133e-01  5.35173459e-01  3.86779243e-01  5.87426322e-01
  6.18559310e-01  6.36554654e-01  6.62625749e-01  6.86577471e-01
  7.15568385e-01  7.62832303e-01  7.80613469e-01  7.95683495e-01
  8.22016725e-01  8.51958408e-01  8.85556544e-01  8.96638280e-01
  9.36495659e-01  9.63380023e-01  9.94264684e-01  1.03077695e+00
  1.04026349e+00  1.05803666e+00  1.10400201e+00  1.09243945e+00
  1.15029460e+00  1.17706582e+00  1.20068060e+00  1.23449180e+00
  1.25174638e+00  1.27617408e+00  1.30594117e+00  1.34272139e+00
  1.34098924e+00  1.36130491e+00  1.37833870e+00  1.49828388e+00
  1.44885027e+00  1.46912292e+00  1.49460415e+00  1.51408065e+00
  1.53139504e+00  1.54625231e+00  1.56304502e+00  1.57857594e+00
  1.57294661e+00  1.62118166e+00  1.60312084e+00  1.65222390e+00
  1.61190744e+00  1.61870677e+00  1.62164306e+00  1.62910161e+00
  1.61711152e+00  1.61761973e+00  1.61921554e+00  1.62307953e+00
  1.61681835e+00  1.59257420e+00  1.61229421e+00  1.60868667e+00
  1.59972213e+00  1.61957539e+00  1.58950546e+00  1.59549746e+00
  1.57621241e+00  1.56809281e+00  1.54797537e+00  1.53496358e+00
  1.51309447e+00  1.51350227e+00  1.48152345e+00  1.31340656e+00
  1.53925919e+00  1.40659014e+00  1.40890111e+00  1.37066836e+00
  1.34868451e+00  1.32542617e+00  1.30208184e+00  1.28694560e+00
  1.25992148e+00  1.25787168e+00  1.19247192e+00  1.18041145e+00
  1.15724483e+00  1.02621104e+00  1.10410193e+00  1.06685193e+00
  9.67148283e-01  1.02420766e+00  1.00651003e+00  9.71508724e-01
  9.46472447e-01  9.04660022e-01  8.62456031e-01  8.60928288e-01
  7.07098678e-01  8.05329817e-01  7.50650104e-01  7.46705687e-01
  7.39178381e-01  6.42708746e-01  6.68725321e-01  6.80376713e-01
  6.13211273e-01  5.76811419e-01  6.20294798e-01  5.27535317e-01
  5.22255866e-01  4.96683578e-01  4.76418222e-01  4.61006881e-01
  4.31283818e-01  3.89122802e-01  3.94023785e-01  3.48552859e-01
  3.61814417e-01  3.51111897e-01  3.26585512e-01  3.20954602e-01
  2.89201406e-01  2.84072523e-01  2.96426691e-01  2.73127432e-01
  2.44238769e-01  2.36608088e-01  2.20776718e-01  2.36945588e-01
  2.00469537e-01  1.88423349e-01  1.89510204e-01  1.72710956e-01
  1.91167285e-01  1.80835320e-01]
[-0.54316885 -0.54256764 -0.53882853 -0.53417813 -0.52932964 -0.52708758
 -0.52336466 -0.52046269 -0.51979686 -0.5177697  -0.5159306  -0.49955669
 -0.49618888 -0.47849144 -0.48468725 -0.47830314 -0.46823996 -0.45855674
 -0.4512235  -0.44675404 -0.44027466 -0.43721162 -0.43134359 -0.43312458
 -0.44819133 -0.44616175 -0.4412084  -0.43621014 -0.43356399 -0.44312429
 -0.43179553 -0.42732535 -0.43781409 -0.43404886 -0.4333285  -0.4395767
 -0.43772435]
[-1.59128600e+00 -1.56893317e+00 -1.57020349e+00 -1.57450844e+00
 -1.57629778e+00 -1.57448013e+00 -1.56064382e+00 -1.57535295e+00
 -1.57645619e+00 -1.56913732e+00 -1.55848120e+00 -1.54392987e+00
 -1.52953058e+00 -1.51468740e+00 -1.50050791e+00 -1.48636829e+00
 -1.47010116e+00 -1.44965746e+00 -1.42462420e+00 -1.41632513e+00
 -1.38286716e+00 -1.36076760e+00 -1.36942975e+00 -1.31337424e+00
 -1.29522487e+00 -1.27256410e+00 -1.24775212e+00 -1.22318803e+00
 -1.19914214e+00 -1.18303129e+00 -1.15271239e+00 -1.13064379e+00
 -1.11220569e+00 -1.08834050e+00 -1.06348241e+00 -1.03891431e+00
 -1.02068000e+00 -9.98218298e-01 -9.73416599e-01 -9.54382299e-01
 -9.31929985e-01 -9.06560939e-01 -8.86903757e-01 -8.67302533e-01
 -8.48204467e-01 -8.27736066e-01 -8.07467463e-01 -7.88253825e-01
 -7.37427190e-01 -7.59224866e-01 -7.45347055e-01 -7.31198593e-01
 -7.22173188e-01 -7.12140393e-01 -7.03630355e-01 -6.95142307e-01
 -6.88510336e-01 -6.86508824e-01 -6.87978648e-01 -7.07660076e-01
 -6.96997296e-01 -7.01064900e-01 -7.06733621e-01 -7.17205850e-01
 -7.27567184e-01 -7.23148229e-01 -7.57134855e-01 -7.73222324e-01
 -7.93291877e-01 -8.16800113e-01 -8.40435238e-01 -8.64755831e-01
 -8.88483302e-01 -9.17362109e-01 -9.45926427e-01 -9.69113137e-01
 -9.93791286e-01 -1.01781221e+00 -1.04225103e+00 -1.06647623e+00
 -1.08820858e+00 -1.10626382e+00 -1.12423611e+00 -1.13961769e+00
 -1.15111806e+00 -1.16354340e+00 -1.17241122e+00 -1.17860325e+00
 -1.16656818e+00 -1.17762327e+00 -1.17675917e+00 -1.17135380e+00
 -1.16383451e+00 -1.15726612e+00 -1.14443733e+00 -1.13207250e+00
 -1.10910831e+00 -1.09132168e+00 -1.06899733e+00 -1.04383528e+00
 -1.01913492e+00 -9.93974050e-01 -9.68937764e-01 -9.38189655e-01
 -9.07304469e-01 -8.75793259e-01 -8.45234308e-01 -8.10161339e-01
 -7.68380507e-01 -6.99996607e-01 -6.56374633e-01 -6.24505019e-01
 -5.81906406e-01 -5.54483657e-01 -5.24343287e-01 -4.96385833e-01
 -4.62792658e-01 -4.35356247e-01 -4.19337818e-01 -3.72936732e-01
 -3.42221912e-01 -3.05097418e-01 -2.90311460e-01 -2.65652544e-01
 -2.18632005e-01 -2.19256092e-01 -1.97900114e-01 -1.72412540e-01
 -1.51735431e-01 -1.32004911e-01 -1.12687569e-01 -9.65352604e-02
 -6.24227856e-02 -5.81410169e-02 -4.28888231e-02 -3.11650913e-02
 -2.32993038e-02 -2.67672091e-02 -6.35315440e-03  9.50402410e-03
  2.17771488e-02  2.91644484e-02  1.53812397e-02  1.68806898e-02
  1.54129628e-02  1.10905310e-02  6.58295606e-03 -1.21072874e-03
 -1.22843579e-02 -2.34660353e-02 -4.40721261e-02 -5.49560979e-02
 -6.61364537e-02 -8.06535465e-02 -9.80109961e-02 -1.15447269e-01
 -1.32926257e-01 -1.51446993e-01 -1.61115765e-01 -1.91984899e-01
 -1.94045473e-01 -2.11431997e-01 -2.32673690e-01 -2.55230803e-01
 -2.66724692e-01 -2.74242526e-01 -2.81705362e-01 -2.98741332e-01
 -3.05080783e-01 -3.02996630e-01 -2.95445206e-01 -2.88426306e-01
 -3.02281832e-01 -2.74325098e-01 -2.67984901e-01 -2.59056861e-01
 -2.44884364e-01 -2.28108523e-01 -2.10389788e-01 -1.98612533e-01
 -1.80204225e-01 -1.61122568e-01 -1.42027421e-01 -1.18301016e-01
 -9.52677279e-02 -7.63100851e-02 -1.12585348e-02  4.74660298e-02
  7.19585488e-02  1.03322211e-01  1.13775233e-01  1.58068798e-01
  1.82036944e-01  2.09801920e-01  2.41462300e-01  2.66957240e-01
  2.92206054e-01  3.17009196e-01  3.47746881e-01  3.57176638e-01
  3.82077081e-01  4.00714354e-01  4.19055731e-01  4.37350419e-01
  4.55571763e-01  4.74054285e-01  4.91869018e-01  5.08132515e-01
  5.23186881e-01  5.32928387e-01  5.44925937e-01  5.56691761e-01
  5.71483120e-01  5.82121399e-01  5.91275582e-01  5.98786135e-01
  6.12125079e-01  6.21610575e-01  6.20501263e-01  6.34929820e-01
  6.39330677e-01  6.39961905e-01  6.46945166e-01  6.50055808e-01
  6.67961243e-01  6.52469589e-01  6.52978827e-01  6.49081080e-01
  6.51131278e-01  6.61318509e-01  6.53521632e-01  6.48704438e-01
  6.45200037e-01  6.41036780e-01  6.36431539e-01  6.16379910e-01
  6.26207932e-01  6.15852106e-01  6.10265171e-01  6.04237266e-01
  5.93995011e-01  5.84154590e-01  5.73438076e-01  5.63206705e-01
  5.52309173e-01  5.33818184e-01  5.22209964e-01  5.10680449e-01
  4.94021578e-01  4.79791153e-01  4.57707085e-01  4.56489898e-01
  4.44720733e-01  4.32878143e-01  4.12263186e-01  3.81833115e-01
  3.75487786e-01  3.44671356e-01  3.53600849e-01]
[-0.40676413 -0.49856734 -0.59248864 -0.69032009 -0.79764395 -0.86995487
 -0.94176512 -1.01002919 -1.06895548 -1.11481181 -1.16337349 -1.2188004
 -1.25074039 -1.29212157 -1.31744705 -1.34787258 -1.37265483 -1.3749423
 -1.34806231 -1.32299585 -1.29751971 -1.26912248 -1.2402077  -1.21329411
 -1.18303366 -1.1642537  -1.10540125 -1.07813638 -1.04152628 -1.00521201
 -0.94636456 -0.89173653 -0.83495777 -0.77363599 -0.74331415 -0.66251793
 -0.60376331 -0.54417255 -0.47884477 -0.38873538 -0.34580505 -0.28774805
 -0.21061815 -0.15815477 -0.08961837 -0.01091938  0.06003284  0.13064
  0.20858747  0.28342913  0.36467588  0.43782092  0.50372505  0.58026869
  0.64004558  0.7181322   0.77626488  0.83418524  0.89275069  0.96914643
  1.0253874   1.10462803  1.15144386  1.19318158  1.24740643  1.3016703
  1.35415545  1.39576873  1.43179197  1.49394379  1.47451571  1.52913514
  1.54708174  1.57323617  1.5797618   1.55471308  1.53138268  1.5049152
  1.47419243  1.42449428  1.31653899  1.26303208  1.21165502  1.11501422
  1.03805843  0.94733959  0.86771408  0.78928201  0.69086707  0.59298604
  0.50515542  0.39672103  0.3024823   0.20159662  0.09984671  0.02430969
 -0.10718282 -0.21555964 -0.31629532 -0.45073626 -0.56001036 -0.65393243
 -0.76486425 -0.8393823  -0.94223441 -1.02171875 -1.10815965 -1.16426637
 -1.27124009 -1.27195935 -1.3194906  -1.35274309 -1.44112193 -1.39790243
 -1.37930539 -1.3624718  -1.33782758 -1.31959862 -1.30039085 -1.23707245
 -1.25763924 -1.23724312 -1.19673015 -1.17684471 -1.1249009  -1.08053198
 -1.04836464 -0.99006455 -0.94696799 -0.89877349 -0.8491827  -0.79848407
 -0.74372004 -0.68880284 -0.62718977 -0.59037719 -0.50883023 -0.45202753
 -0.3931342  -0.32342851 -0.2513944  -0.19368268 -0.13851984 -0.06183241
 -0.00498169  0.05515757  0.11324879  0.18158925  0.24460755]
[-1.22417039e+00 -1.16545427e+00 -1.15647180e+00 -1.13931138e+00
 -1.12525135e+00 -1.10975619e+00 -1.08850449e+00 -1.07686880e+00
 -1.05474466e+00 -1.03597123e+00 -1.02066734e+00 -1.00264375e+00
 -9.82807758e-01 -9.44534469e-01 -9.61181411e-01 -9.43352625e-01
 -9.12385368e-01 -8.92952838e-01 -8.80245609e-01 -8.67031174e-01
 -8.12839315e-01 -8.23291381e-01 -8.22706296e-01 -8.26422283e-01
 -8.02509650e-01 -7.83113081e-01 -7.74022817e-01 -7.62824530e-01
 -7.52037522e-01 -7.32074648e-01 -7.13031213e-01 -7.18400449e-01
 -7.08727699e-01 -6.88314488e-01 -6.96541616e-01 -6.84756919e-01
 -6.76704216e-01 -6.68154091e-01 -6.62834597e-01 -6.53219676e-01
 -6.42951774e-01 -6.43714525e-01 -6.32559192e-01 -6.25691728e-01
 -6.07658479e-01 -6.15035499e-01 -6.04660693e-01 -6.07584370e-01
 -5.75360233e-01 -5.98975574e-01 -5.80107678e-01 -5.70015576e-01
 -6.05802678e-01 -5.77229302e-01 -5.69052147e-01 -5.70571275e-01
 -5.63313856e-01 -5.66348706e-01 -5.54690585e-01 -5.34940037e-01
 -5.49952927e-01 -5.51577734e-01 -5.54900710e-01 -5.41580647e-01
 -5.32928565e-01 -5.02741824e-01 -5.44912408e-01 -5.19942113e-01
 -4.90529697e-01 -5.03805222e-01 -5.25151777e-01 -5.07638032e-01
 -4.83401897e-01 -4.74897975e-01 -4.66028317e-01 -4.55213123e-01
 -4.38778266e-01 -4.40445450e-01 -4.05089287e-01 -4.27971544e-01
 -4.12612606e-01 -4.03159679e-01 -3.90515721e-01 -3.77637406e-01
 -3.69047854e-01 -3.48280830e-01 -3.32026912e-01 -3.22264769e-01
 -3.11743105e-01 -3.02006186e-01 -2.90221151e-01 -2.88191918e-01
 -2.72284882e-01 -2.51187710e-01 -2.47283011e-01 -2.53844882e-01
 -2.38366763e-01 -2.21871155e-01 -1.97416901e-01 -2.00058917e-01
 -1.89987987e-01 -1.77097692e-01 -1.73681583e-01 -1.52976110e-01
 -1.39725505e-01 -1.27937624e-01 -1.09393086e-01 -1.09115541e-01
 -8.75422795e-02 -8.98396045e-02 -1.00611662e-01 -7.61892113e-02
 -5.39447861e-02 -4.59545489e-02 -3.60580656e-02 -2.54820638e-02
 -1.43630214e-02  6.83988357e-04 -1.10790242e-02  1.89601295e-02
  2.54813038e-02  3.99777401e-02  6.06144296e-02  6.23584262e-02
  9.44342407e-02  7.27232671e-02  8.81357314e-02  9.53556998e-02
  1.05462020e-01  1.13499476e-01  1.31446023e-01  1.38683280e-01
  1.46472893e-01  1.42753450e-01  1.57995118e-01  1.66246091e-01
  1.73793797e-01  1.86202126e-01  1.89817219e-01  2.07482938e-01
  2.05732494e-01  2.13951465e-01  2.19025870e-01  1.96868667e-01
  2.53730522e-01  2.65268999e-01  2.45843886e-01  2.55591252e-01
  2.64602769e-01  2.79757313e-01  2.47720252e-01  2.92173916e-01
  2.89992369e-01  2.87710108e-01  2.87780945e-01  2.99908729e-01
  3.02676493e-01  3.05384966e-01  3.16725921e-01  3.13839067e-01
  3.32032745e-01  3.28699269e-01  3.42001718e-01  3.43624348e-01
  3.61172711e-01  3.77517482e-01  3.84805958e-01  3.96767967e-01
  4.09693383e-01  4.07534464e-01  4.44103000e-01  4.27829123e-01
  4.89445860e-01  4.29723165e-01  4.79908989e-01  4.96722430e-01
  5.09409720e-01  5.17780044e-01  5.32922503e-01  5.53054484e-01
  5.83026932e-01  5.74378520e-01  5.83357131e-01  5.89988071e-01
  6.09448141e-01  5.96555522e-01  6.39788341e-01  6.32151183e-01
  6.35808830e-01  6.37893188e-01  6.41204929e-01  6.84410856e-01
  6.88008565e-01  7.03960159e-01  7.02403235e-01  7.09840937e-01
  7.24682363e-01  7.50608788e-01  6.99796141e-01  7.56573074e-01
  7.38764815e-01  7.70637899e-01  8.00056411e-01  7.85876605e-01
  7.80997577e-01  7.92735097e-01  8.12029565e-01  8.16148151e-01
  8.20368584e-01  8.18720677e-01  8.06760387e-01  8.28839329e-01
  8.53420414e-01  8.58316094e-01  8.49992201e-01  8.78648912e-01
  9.08225243e-01  8.80811069e-01  8.90643740e-01  8.89331787e-01
  9.05098301e-01  8.96962731e-01  9.18045579e-01  9.27922681e-01
  9.27277677e-01  9.34686112e-01  9.37576169e-01  9.39899079e-01
  9.67151571e-01  9.54483415e-01  9.65450221e-01  9.75023135e-01
  9.78876069e-01  1.00275662e+00  9.97183022e-01  9.96046963e-01
  1.01608473e+00  1.00567468e+00  1.01363732e+00  1.02256113e+00
  1.03009595e+00  1.03383036e+00  1.06437770e+00  1.04694820e+00
  1.06072094e+00  1.06463854e+00  1.07172594e+00  1.07457907e+00
  1.07886684e+00  1.08526884e+00  1.09960358e+00  1.09858181e+00
  1.10455504e+00  1.12530412e+00  1.16016245e+00]
[-1.64356111 -1.60092202 -1.56731398 -1.53820222 -1.51673498 -1.49380574
 -1.45373925 -1.42298554 -1.39559644 -1.36599918 -1.33767114 -1.3055057
 -1.24977549 -1.2437137  -1.21418182 -1.19266382 -1.17154582 -1.14169406
 -1.09235231 -1.06931272 -1.01993186 -0.98702261 -0.97758564 -0.94217974
 -0.92385384 -0.90253549 -0.87681772 -0.85010975 -0.82661517 -0.80680758
 -0.78819506 -0.75739491 -0.75221257 -0.73506681 -0.71439629 -0.69484137
 -0.67710494 -0.67009152 -0.64856513 -0.63911825 -0.61715587 -0.62379245
 -0.59628207 -0.58384517 -0.57073486 -0.56726573 -0.54575818 -0.51363953
 -0.52046639 -0.51210574 -0.49370754 -0.47980964 -0.50806308 -0.47465396
 -0.45769581 -0.44742483 -0.43563883 -0.42437454 -0.41678231 -0.39769652
 -0.40421425 -0.39570991 -0.38469141 -0.37925773 -0.38892095 -0.37011388
 -0.36702207 -0.35990571 -0.35570798 -0.35483045 -0.35343718 -0.35684947
 -0.3425585  -0.33619945 -0.34337398 -0.32265598 -0.31223    -0.30740603
 -0.3002709  -0.28112344 -0.28543978 -0.27621723 -0.28103677 -0.27438029
 -0.25017058 -0.22332097 -0.22462913 -0.20405649 -0.20707517 -0.174627
 -0.16706778 -0.14450873 -0.11830269 -0.12198368 -0.10192943 -0.08156618
 -0.05606902 -0.03587111 -0.01463567  0.00721546  0.01902426  0.04955279
  0.06186969  0.09180658  0.12209892  0.13780855  0.16076119  0.19109159
  0.21267485  0.24086919  0.2738577   0.291258    0.32347564  0.32797996
  0.36644339  0.36755988  0.40483825  0.46178441  0.45149478  0.48688629
  0.54021892  0.51364832  0.56408215  0.58284633  0.61149483  0.63195796
  0.66257403  0.68746307  0.7065553   0.71922843  0.74253024  0.78253041
  0.80652345  0.81431998  0.85046781  0.87183427  0.89276619  0.91218369
  0.9251555   0.94587302  0.93860783  0.98365155  0.99466617  1.01059556
  1.03175802  1.04423268  1.05448578  1.06748183  1.08206201  1.09003255
  1.10406487  1.11402832  1.1239204   1.13255912  1.13820847  1.14645045
  1.1543434   1.16209595  1.16038394  1.17817566  1.17972929  1.18463021
  1.18366751  1.17434389  1.16588579  1.15808593  1.15098267  1.14187069
  1.1482569   1.12397765]
[0.65328235 0.6545815  0.65631922 0.65655075 0.66574464 0.67212798]
[0.65328235 0.6545815  0.65631922 0.65655075 0.66574464 0.67212798]
[-1.23351811 -1.17712388 -1.16929147 -1.1527658  -1.13999766 -1.12470614
 -1.10669184 -1.09344438 -1.07009427 -1.05654718 -1.03962372 -1.02311329
 -1.00353357 -0.96716705 -0.98215915 -0.96372253 -0.93474184 -0.91907322
 -0.90526808 -0.89037826 -0.83484116 -0.84645774 -0.84645547 -0.84899187
 -0.82635553 -0.80686931 -0.79832426 -0.7872377  -0.77491613 -0.754753
 -0.73836488 -0.74232002 -0.73325464 -0.71354926 -0.72098839 -0.7080043
 -0.70055101 -0.69238449 -0.68565924 -0.67702886 -0.66674678 -0.66669167
 -0.65619286 -0.64812452 -0.63192881 -0.63829558 -0.62774768 -0.63077177
 -0.59720246 -0.62132617 -0.60232023 -0.59265733 -0.62649557 -0.5988374
 -0.59209221 -0.59120056 -0.58563504 -0.58640205 -0.57554719 -0.56320231
 -0.56956333 -0.57049474 -0.57370509 -0.56014529 -0.55132534 -0.52146108
 -0.56007946 -0.53704468 -0.50703503 -0.52224257 -0.53797204 -0.52522751
 -0.49971157 -0.49166481 -0.48228491 -0.47324453 -0.45517994 -0.45614993
 -0.4225024  -0.43943101 -0.42493404 -0.41541363 -0.40274035 -0.39033315
 -0.38124077 -0.36158874 -0.34696519 -0.33636099 -0.3254628  -0.31573864
 -0.30463854 -0.2978281  -0.28429724 -0.26593922 -0.26181265 -0.26463953
 -0.25251519 -0.23608671 -0.21300467 -0.21514186 -0.20487594 -0.19184655
 -0.18788852 -0.1677125  -0.15527813 -0.14287797 -0.1249337  -0.12424484
 -0.10290596 -0.10523693 -0.11382813 -0.09535985 -0.06967105 -0.06223062
 -0.05181615 -0.04120636 -0.0304415  -0.01566265 -0.0247784   0.00255878
  0.01076185  0.02582199  0.04349732  0.04573325  0.07917627  0.05590787
  0.07112601  0.078457    0.08845084  0.09691356  0.11314445  0.12225384
  0.12872037  0.12448608  0.14003484  0.14799422  0.15505188  0.16570838
  0.17441161  0.18794476  0.18523319  0.19259106  0.20015295  0.17494703
  0.22669936  0.2416364   0.22512124  0.23456172  0.2438803   0.26251955
  0.23605653  0.27410821  0.27419026  0.27205786  0.27080389  0.28759462
  0.28976469  0.29153667  0.30408657  0.30539513  0.32349037  0.32257378
  0.33604687  0.33640195  0.35643514  0.3728138   0.38117365  0.39304349
  0.40581382  0.4113846   0.43479671  0.42271834  0.48781314  0.42831343
  0.47823308  0.4933688   0.50572233  0.51321827  0.52861666  0.54589862
  0.5745388   0.56724103  0.57566651  0.58290769  0.60128588  0.5873419
  0.62930808  0.6224017   0.62553185  0.6275438   0.63107314  0.67257284
  0.67871926  0.69167664  0.68994864  0.69741801  0.71657804  0.7356137
  0.6841301   0.74035193  0.72670123  0.75529204  0.78535892  0.76998606
  0.77235306  0.7746623   0.79579762  0.79906052  0.80358246  0.80157454
  0.79065729  0.8127993   0.83443838  0.83961248  0.83200636  0.85931595
  0.87891741  0.86027632  0.8726147   0.86833582  0.88448409  0.87769515
  0.89566192  0.9035993   0.90601865  0.91285388  0.91663574  0.91693717
  0.94270851  0.93095191  0.94191947  0.94891781  0.95433071  0.97431174
  0.97184597  0.97317913  0.98922262  0.98223844  0.98926242  0.99790874
  1.00518174  1.00931784  1.04047408  1.02192896  1.03555125  1.0381355
  1.04776158  1.04950639  1.05410836  1.05980802  1.07644957  1.07889822
  1.08188205  1.10062332  1.13298739]
[-1.59128600e+00 -1.56893317e+00 -1.57020349e+00 -1.57450844e+00
 -1.57629778e+00 -1.57448013e+00 -1.56064382e+00 -1.57535295e+00
 -1.57645619e+00 -1.56913732e+00 -1.55848120e+00 -1.54392987e+00
 -1.52953058e+00 -1.51468740e+00 -1.50050791e+00 -1.48636830e+00
 -1.47010116e+00 -1.44965746e+00 -1.42462420e+00 -1.41632514e+00
 -1.38286716e+00 -1.36076760e+00 -1.36942975e+00 -1.31337424e+00
 -1.29522487e+00 -1.27256410e+00 -1.24775212e+00 -1.22318803e+00
 -1.19914214e+00 -1.18303129e+00 -1.15271239e+00 -1.13064380e+00
 -1.11220569e+00 -1.08834050e+00 -1.06348241e+00 -1.03891431e+00
 -1.02068000e+00 -9.98218299e-01 -9.73416601e-01 -9.54382300e-01
 -9.31929986e-01 -9.06560940e-01 -8.86903758e-01 -8.67302534e-01
 -8.48204469e-01 -8.27736067e-01 -8.07467464e-01 -7.88253826e-01
 -7.37427193e-01 -7.59224867e-01 -7.45347056e-01 -7.31198594e-01
 -7.22173189e-01 -7.12140393e-01 -7.03630356e-01 -6.95142307e-01
 -6.88510336e-01 -6.86508824e-01 -6.87978648e-01 -7.07660075e-01
 -6.96997296e-01 -7.01064900e-01 -7.06733621e-01 -7.17205850e-01
 -7.27567183e-01 -7.23148230e-01 -7.57134854e-01 -7.73222324e-01
 -7.93291876e-01 -8.16800112e-01 -8.40435237e-01 -8.64755830e-01
 -8.88483301e-01 -9.17362108e-01 -9.45926425e-01 -9.69113135e-01
 -9.93791285e-01 -1.01781221e+00 -1.04225103e+00 -1.06647623e+00
 -1.08820858e+00 -1.10626381e+00 -1.12423611e+00 -1.13961768e+00
 -1.15111806e+00 -1.16354340e+00 -1.17241122e+00 -1.17860325e+00
 -1.16656818e+00 -1.17762327e+00 -1.17675917e+00 -1.17135380e+00
 -1.16383451e+00 -1.15726612e+00 -1.14443733e+00 -1.13207250e+00
 -1.10910832e+00 -1.09132168e+00 -1.06899733e+00 -1.04383528e+00
 -1.01913492e+00 -9.93974051e-01 -9.68937765e-01 -9.38189656e-01
 -9.07304470e-01 -8.75793260e-01 -8.45234310e-01 -8.10161341e-01
 -7.68380509e-01 -6.99996609e-01 -6.56374635e-01 -6.24505021e-01
 -5.81906408e-01 -5.54483659e-01 -5.24343289e-01 -4.96385835e-01
 -4.62792660e-01 -4.35356249e-01 -4.19337818e-01 -3.72936734e-01
 -3.42221914e-01 -3.05097420e-01 -2.90311461e-01 -2.65652545e-01
 -2.18632008e-01 -2.19256093e-01 -1.97900115e-01 -1.72412541e-01
 -1.51735432e-01 -1.32004912e-01 -1.12687570e-01 -9.65352615e-02
 -6.24227876e-02 -5.81410178e-02 -4.28888240e-02 -3.11650922e-02
 -2.32993045e-02 -2.67672088e-02 -6.35315459e-03  9.50402353e-03
  2.17771477e-02  2.91644471e-02  1.53812394e-02  1.68806895e-02
  1.54129627e-02  1.10905309e-02  6.58295605e-03 -1.21072864e-03
 -1.22843577e-02 -2.34660351e-02 -4.40721254e-02 -5.49560974e-02
 -6.61364532e-02 -8.06535459e-02 -9.80109954e-02 -1.15447268e-01
 -1.32926256e-01 -1.51446992e-01 -1.61115764e-01 -1.91984897e-01
 -1.94045472e-01 -2.11431997e-01 -2.32673689e-01 -2.55230803e-01
 -2.66724691e-01 -2.74242525e-01 -2.81705361e-01 -2.98741331e-01
 -3.05080782e-01 -3.02996629e-01 -2.95445206e-01 -2.88426306e-01
 -3.02281831e-01 -2.74325098e-01 -2.67984901e-01 -2.59056861e-01
 -2.44884364e-01 -2.28108523e-01 -2.10389789e-01 -1.98612534e-01
 -1.80204225e-01 -1.61122569e-01 -1.42027422e-01 -1.18301017e-01
 -9.52677288e-02 -7.63100861e-02 -1.12585360e-02  4.74660283e-02
  7.19585473e-02  1.03322209e-01  1.13775233e-01  1.58068796e-01
  1.82036943e-01  2.09801918e-01  2.41462298e-01  2.66957239e-01
  2.92206053e-01  3.17009195e-01  3.47746879e-01  3.57176637e-01
  3.82077079e-01  4.00714353e-01  4.19055729e-01  4.37350418e-01
  4.55571762e-01  4.74054284e-01  4.91869017e-01  5.08132514e-01
  5.23186880e-01  5.32928386e-01  5.44925936e-01  5.56691760e-01
  5.71483119e-01  5.82121398e-01  5.91275582e-01  5.98786134e-01
  6.12125079e-01  6.21610575e-01  6.20501263e-01  6.34929820e-01
  6.39330676e-01  6.39961904e-01  6.46945166e-01  6.50055808e-01
  6.67961242e-01  6.52469589e-01  6.52978827e-01  6.49081080e-01
  6.51131278e-01  6.61318509e-01  6.53521632e-01  6.48704438e-01
  6.45200037e-01  6.41036780e-01  6.36431540e-01  6.16379911e-01
  6.26207932e-01  6.15852106e-01  6.10265172e-01  6.04237267e-01
  5.93995012e-01  5.84154590e-01  5.73438077e-01  5.63206705e-01
  5.52309174e-01  5.33818185e-01  5.22209964e-01  5.10680450e-01
  4.94021579e-01  4.79791154e-01  4.57707086e-01  4.56489899e-01
  4.44720734e-01  4.32878143e-01  4.12263187e-01  3.81833116e-01
  3.75487786e-01  3.44671358e-01  3.53600850e-01]
[-1.23351761 -1.17712334 -1.16929095 -1.15276527 -1.13999711 -1.12470558
 -1.10669125 -1.09344377 -1.07009368 -1.05654651 -1.03962303 -1.02311257
 -1.0035328  -0.96716625 -0.98215836 -0.96372171 -0.93474098 -0.91907232
 -0.90526715 -0.8903773  -0.83484001 -0.84645668 -0.84645444 -0.84899083
 -0.82635448 -0.80686822 -0.79832318 -0.7872366  -0.774915   -0.75475186
 -0.73836378 -0.74231883 -0.73325345 -0.71354805 -0.72098721 -0.7080031
 -0.7005498  -0.69238324 -0.68565805 -0.67702766 -0.66674564 -0.66669051
 -0.65619172 -0.6481234  -0.63192765 -0.63829451 -0.62774661 -0.63077077
 -0.59720139 -0.62132523 -0.60231932 -0.59265645 -0.62649474 -0.59883662
 -0.59209145 -0.59119984 -0.58563436 -0.58640141 -0.57554659 -0.56320172
 -0.5695628  -0.57049427 -0.57370471 -0.56014491 -0.551325   -0.52146062
 -0.56007921 -0.53704444 -0.50703471 -0.52224235 -0.53797184 -0.5252274
 -0.49971152 -0.49166462 -0.48228473 -0.47324435 -0.45517975 -0.45614974
 -0.4225021  -0.43943071 -0.42493372 -0.41541328 -0.40273996 -0.39033275
 -0.38124034 -0.36158829 -0.34696467 -0.33636044 -0.32546263 -0.31573802
 -0.30463789 -0.29782741 -0.28429649 -0.26593841 -0.26181182 -0.26463867
 -0.25251427 -0.23608575 -0.21300365 -0.21514086 -0.20487492 -0.19184549
 -0.18788745 -0.16771141 -0.1552772  -0.14287684 -0.12493256 -0.12424369
 -0.10290479 -0.10523578 -0.11382699 -0.09535875 -0.0696699  -0.06222948
 -0.05181501 -0.04120521 -0.03044036 -0.01566152 -0.02477728  0.0025599
  0.01076295  0.02582309  0.0434984   0.04573431  0.07917732  0.05590884
  0.07112698  0.07845794  0.08845177  0.09691446  0.11314536  0.12225471
  0.12872132  0.12448684  0.14003561  0.14799495  0.15505259  0.16570906
  0.17441227  0.18794537  0.18523371  0.19259151  0.20015338  0.1749473
  0.22669973  0.24163676  0.22512157  0.23456206  0.24388071  0.26251993
  0.23605681  0.27410856  0.27419087  0.27205819  0.27080423  0.28759489
  0.28976503  0.29153702  0.30408713  0.30539551  0.32349089  0.32257431
  0.33604741  0.33640251  0.35643572  0.37281438  0.38117426  0.39304411
  0.40581447  0.41138525  0.43479741  0.42271895  0.48781399  0.42831405
  0.47823384  0.49336957  0.50572313  0.51321908  0.52861749  0.54589947
  0.5745397   0.56724193  0.57566742  0.58290862  0.60128685  0.58734283
  0.6293091   0.62240258  0.62553288  0.62754482  0.63107413  0.67257395
  0.67872034  0.69167773  0.68994973  0.69741888  0.71657921  0.73561484
  0.68413101  0.74035303  0.72670229  0.75529315  0.78536011  0.76998714
  0.77235413  0.7746633   0.79579868  0.79906159  0.80358342  0.80157593
  0.79065825  0.8128003   0.8344394   0.83961348  0.8320073   0.85931693
  0.87891835  0.86027723  0.8726156   0.86833664  0.88448495  0.87769595
  0.89566273  0.9036001   0.90601932  0.91285484  0.91663645  0.91693779
  0.94270913  0.93095235  0.94192     0.94891831  0.95433117  0.97431221
  0.97184642  0.97317949  0.98922308  0.98223883  0.98926285  0.99790911
  1.00518208  1.00931794  1.04047449  1.02192927  1.03555156  1.03813581
  1.04776194  1.0495067   1.05410868  1.05980831  1.07644997  1.07889862
  1.08188245  1.10062378  1.13298788]
[-0.54316957 -0.54256834 -0.53882922 -0.5341788  -0.5293303  -0.52708823
 -0.5233653  -0.52046332 -0.51979748 -0.51777032 -0.51593121 -0.49955728
 -0.49618947 -0.47849203 -0.48468784 -0.47830373 -0.46824054 -0.45855734
 -0.45122408 -0.44675462 -0.44027524 -0.4372122  -0.43134416 -0.43312517
 -0.44819194 -0.44616236 -0.441209   -0.43621075 -0.43356458 -0.44312492
 -0.43179615 -0.42732597 -0.43781472 -0.43404948 -0.43332912 -0.43957734
 -0.43772499]
[-1.36289561 -1.33825503 -1.31049832 -1.29236788 -1.27809396 -1.25925581
 -1.2304436  -1.2072994  -1.18586937 -1.16288693 -1.24700597 -1.11908487
 -1.08183662 -1.07201463 -1.05140459 -1.0334334  -1.01409617 -0.99191151
 -0.96031465 -0.94991722 -0.90587505 -0.88101333 -0.87197046 -0.82936659
 -0.83208824 -0.8186055  -0.79360844 -0.77252217 -0.73618747 -0.73935971
 -0.73137312 -0.69872903 -0.68963084 -0.67542961 -0.6609342  -0.64252563
 -0.62538471 -0.61782716 -0.60180628 -0.53602881 -0.56966748 -0.56958376
 -0.54872373 -0.54206144 -0.5228973  -0.51621488 -0.4268513  -0.47713085
 -0.47347933 -0.46533874 -0.48076975 -0.43732889 -0.45424467 -0.42748312
 -0.41001194 -0.40108208 -0.3153603  -0.37839527 -0.37226545 -0.35538824
 -0.29584018 -0.34949092 -0.34375036 -0.33376246 -0.33891086 -0.31925502
 -0.3180747  -0.31107126 -0.29629958 -0.30045473 -0.29837663 -0.29800997
 -0.28621995 -0.27983922 -0.27897388 -0.26601079 -0.25695711 -0.25156857
 -0.24334281 -0.23330805 -0.23047409 -0.22243194 -0.18716732 -0.21483274
 -0.2012828  -0.17291906 -0.14011873 -0.1611731  -0.15494971 -0.13601339
 -0.12968214 -0.1434117  -0.11652646 -0.09336125 -0.07401303 -0.06584347
 -0.04479449 -0.0288513  -0.01292229  0.00296342  0.01405278  0.0335139
  0.04390032  0.07127174  0.08545814  0.09795617  0.11652094  0.1355056
  0.15219847  0.17233497  0.19612698  0.20931165  0.2346217   0.23441915
  0.27799072  0.26911542  0.32405441  0.33207037  0.36594153  0.38920851
  0.38644771  0.38146293  0.41408629  0.42712911  0.42931251  0.46637235
  0.49030146  0.50583161  0.52364337  0.53682259  0.55563672  0.58355396
  0.60310284  0.61192022  0.63373236  0.65398201  0.67017286  0.68693152
  0.69899585  0.71685019  0.7161605   0.74777996  0.75826955  0.76986395]
[-1.42780458 -1.20870344 -0.98914969 -1.1837774  -1.17149397 -1.15683973
 -1.13983225 -1.12762542 -1.10635798 -1.0947006  -1.08063838 -1.15988165
 -1.04907622 -1.01682617 -1.02932035 -1.01273632 -0.98702727 -0.9732323
 -0.96062884 -0.94269183 -0.90014357 -0.91396522 -0.9064803  -0.9087184
 -0.88712494 -0.86933452 -0.85204223 -0.85018486 -0.83874515 -0.81953301
 -0.80301363 -0.80671992 -0.79754825 -0.78995408 -0.78377734 -0.77144591
 -0.76353587 -0.75584242 -0.62430732 -0.73893109 -0.71785689 -0.81986494
 -0.7164916  -0.70794711 -0.70424046 -0.69609415 -0.68572686 -0.686535
 -0.66626513 -0.67508646 -0.6567671  -0.55676409 -0.67535432 -0.64966914
 -0.63542452 -0.63987463 -0.63351757 -0.62665034 -0.6219154  -0.61003523
 -0.61360648 -0.61270353 -0.61247988 -0.59980913 -0.60922893 -0.60302588
 -0.59522314 -0.57335034 -0.54738657 -0.39142279 -0.57093465 -0.55635075
 -0.53125155 -0.60778741 -0.5160912  -0.50754711 -0.48963723 -0.48965213
 -0.45942878 -0.39014746 -0.45952079 -0.45032003 -0.43817782 -0.42651852
 -0.41791002 -0.53950663 -0.38594251 -0.45773779 -0.35785526 -0.35656673
 -0.2878465  -0.16324699 -0.33749404 -0.31033934 -0.30600322 -0.308466
 -0.29786546 -0.283269   -0.26279755 -0.26337128 -0.25382925 -0.24851739
 -0.23782985 -0.21919115 -0.20826073 -0.19629103 -0.1797113  -0.2899404
 -0.15899383 -0.16022    -0.16686261 -0.14861978 -0.12106804 -0.1184466
 -0.11746604 -0.09885055 -0.08848105 -0.08439782 -0.08211954 -0.05871498
 -0.02999179 -0.02463609 -0.05694816 -0.01456454  0.01474666 -0.00331797
  0.00716748  0.15235733  0.02929097  0.03805531  0.05339532  0.06267377
  0.06840002  0.06899207  0.08394285  0.09266696  0.10380097  0.11132578
  0.3750598   0.13432887  0.13392582  0.14234737  0.06156639  0.13184226
  0.22840322  0.19316878  0.07852536  0.18872165  0.19670086  0.21474656
  0.22560381  0.22838956  0.22439043  0.22871186  0.22829355  0.24591417
  0.23536864  0.24942384  0.25725181  0.26242778  0.27775044  0.27857037
  0.29124205  0.29252559  0.31102865  0.32593069  0.33396976  0.34491416
  0.35698859  0.36257452  0.37931554  0.3755731   0.42977157  0.37640373
  0.4277297   0.43879947  0.4503739   0.45771614  0.42220131  0.48806428
  0.67222352  0.50822711  0.51590095  0.52277224  0.53988516  0.52898821
  0.56959158  0.56252845  0.56292145  0.56558984  0.56989571  0.60552267
  0.61243671  0.62459527  0.62363773  0.65040888  0.64780596  0.66528601
  0.62591351  0.67323355  0.64918561  0.68814501  0.71426712  0.70207638
  0.70626301  0.7108009   0.72922563  0.73372541  0.74070439  0.73171874
  0.73104261  0.75046952  0.76998889  0.77548691  0.7563194   0.79480145
  0.8143331   0.79857002  0.81124685  0.80995219  0.825033    0.82125384
  0.8390969   0.79623622  0.85324603  0.85510435  0.86448864  0.86796688
  0.8920943   0.88651401  0.88802737  0.90362619  0.77528345  0.92911771
  0.92915996  0.93086794  0.94919375  0.94258077  0.87289367  0.95862874
  1.06932019  0.97521426  0.9981416   0.98406063  0.99711827  1.00931401
  1.01455543  0.8297639 ]
[-1.25978217 -1.20867298 -1.20003315 -1.18374447 -1.17145793 -1.15680109
 -1.13978922 -1.12758164 -1.1063137  -1.09465324 -1.08059179 -1.06577801
 -1.04902443 -1.01677377 -1.02926576 -1.01268099 -0.98696949 -0.97317331
 -0.96057063 -0.94683497 -0.90008354 -0.90822838 -0.90642145 -0.90806726
 -0.88706943 -0.8692799  -0.86093757 -0.8501361  -0.83869686 -0.81948911
 -0.802975   -0.80668405 -0.7975151  -0.77924787 -0.78375491 -0.77142899
 -0.76352306 -0.75583307 -0.74768438 -0.73893269 -0.72753595 -0.72696765
 -0.71651129 -0.70797298 -0.69278786 -0.69613442 -0.68577264 -0.68658613
 -0.65709361 -0.67514766 -0.65683424 -0.64733212 -0.67542538 -0.64974708
 -0.64212521 -0.63995777 -0.63360423 -0.63285422 -0.62200708 -0.61013035
 -0.61370194 -0.61280185 -0.61257574 -0.59990816 -0.59080435 -0.56585941
 -0.59496624 -0.57345011 -0.54748548 -0.55793075 -0.57103    -0.55644703
 -0.53134516 -0.52566278 -0.51617713 -0.50728785 -0.48971876 -0.48972849
 -0.4594998  -0.4730176  -0.45958366 -0.45037808 -0.43823232 -0.42657143
 -0.41795738 -0.39957541 -0.38598302 -0.37594921 -0.35788595 -0.35659203
 -0.34605657 -0.3397813  -0.32692697 -0.31034394 -0.30600299 -0.30845832
 -0.29784704 -0.28324467 -0.26276979 -0.26334038 -0.25379498 -0.24152384
 -0.23779314 -0.21915373 -0.20416967 -0.19625255 -0.17967168 -0.17849562
 -0.15895401 -0.16018222 -0.16682538 -0.14858318 -0.12617419 -0.11842395
 -0.10857244 -0.0988379  -0.08847377 -0.07482201 -0.08212173 -0.05749495
 -0.0487593  -0.03467306 -0.01811153 -0.01458891  0.01471364 -0.00335287
  0.01148937  0.01900993  0.02924315  0.03800286  0.05333998  0.06261372
  0.06833789  0.06892721  0.08387664  0.0925982   0.10036235  0.11125111
  0.12014338  0.13425064  0.13384646  0.14226659  0.14981609  0.13175606
  0.17771237  0.19222286  0.17907399  0.18863275  0.19661203  0.21465616
  0.19422672  0.22829631  0.22429785  0.2286183   0.22820245  0.24582026
  0.24686227  0.24932738  0.25702162  0.26233237  0.2776562   0.27847938
  0.29115313  0.29244146  0.31094697  0.32585139  0.33389466  0.34484183
  0.35692004  0.362507    0.38348554  0.37551374  0.42971549  0.38123155
  0.42436523  0.43875473  0.45033295  0.45767841  0.47170543  0.48803652
  0.51381916  0.50820945  0.51588801  0.52276391  0.53988261  0.52899055
  0.56520555  0.56253928  0.56294093  0.56561556  0.56993129  0.6055615
  0.61248006  0.62464102  0.62368667  0.63536334  0.64786124  0.66620761
  0.62596963  0.67329134  0.66254564  0.68820568  0.71432909  0.70297966
  0.70632376  0.71085924  0.72928305  0.73377333  0.74075056  0.73176303
  0.73108235  0.75050432  0.7700165   0.77550851  0.770879    0.79481164
  0.81433871  0.79857343  0.81124498  0.80994512  0.82502383  0.82123892
  0.83907822  0.84738866  0.85321921  0.85507693  0.86445927  0.86793732
  0.89206316  0.88648269  0.89572779  0.90359504  0.91048378  0.92908592
  0.9291319   0.93279585  0.94693709  0.94255894  0.94887808  0.95860922
  0.96641273  0.9751944   0.99812308  0.98403974  0.99709807  0.99987605
  1.00812218  1.0115317 ]
[-1.59102067 -1.56869701 -1.56987812 -1.57411552 -1.57581359 -1.57395128
 -1.56011877 -1.57468775 -1.57573331 -1.56839004 -1.55772152 -1.54317303
 -1.52877604 -1.51393667 -1.49975829 -1.4856515  -1.46944395 -1.44907549
 -1.42416987 -1.41588905 -1.38255826 -1.36053967 -1.36914736 -1.31331115
 -1.29520079 -1.27262169 -1.24789907 -1.22339047 -1.19940272 -1.18333879
 -1.15310502 -1.13109804 -1.11270693 -1.08889482 -1.06412492 -1.03961265
 -1.02141031 -0.99900842 -0.97427815 -0.95528372 -0.93287856 -0.90757648
 -0.8879718  -0.86841642 -0.84935308 -0.82892977 -0.80869594 -0.78955076
 -0.73890142 -0.7605918  -0.74674615 -0.73263151 -0.72363782 -0.71364015
 -0.70513901 -0.69666839 -0.69005935 -0.68803121 -0.68949466 -0.70908345
 -0.69844554 -0.70249761 -0.70811605 -0.7185452  -0.72886816 -0.72446174
 -0.75829436 -0.774323   -0.79428694 -0.81770963 -0.84122545 -0.86545773
 -0.88906634 -0.91784045 -0.94626848 -0.96934621 -0.99391818 -1.01780215
 -1.04213579 -1.06625263 -1.08786048 -1.10580076 -1.12365875 -1.1389685
 -1.15037779 -1.16270884 -1.17149525 -1.17761572 -1.16558365 -1.17654111
 -1.17563072 -1.17022885 -1.16268734 -1.15609311 -1.14326132 -1.13088902
 -1.10796079 -1.09018876 -1.06789534 -1.04277449 -1.01808018 -0.99296013
 -0.96796422 -0.93727694 -0.90645287 -0.87500486 -0.84450566 -0.80950864
 -0.76782806 -0.69964159 -0.65615973 -0.62435418 -0.58187458 -0.55451624
 -0.52443311 -0.49655723 -0.4630378  -0.43567865 -0.41967034 -0.37341414
 -0.34278907 -0.30579319 -0.29105046 -0.26647956 -0.2196437  -0.22024831
 -0.19896821 -0.17356104 -0.15293481 -0.13326177 -0.11399277 -0.09786453
 -0.06388599 -0.05957377 -0.04434272 -0.03266035 -0.02478844 -0.02823022
 -0.00786313  0.00793224  0.02018734  0.0275697   0.0138907   0.0154121
  0.01396802  0.00968406  0.00522692 -0.00250713 -0.01350409 -0.02461241
 -0.04513802 -0.05595359 -0.06707419 -0.08152415 -0.09879769 -0.1161531
 -0.13354101 -0.1519877  -0.16159597 -0.19233313 -0.19437453 -0.21168706
 -0.23283032 -0.25530625 -0.26675934 -0.27425089 -0.28168765 -0.29864491
 -0.30494476 -0.30283793 -0.2952785  -0.28823602 -0.30198254 -0.27412023
 -0.2677609  -0.25884075 -0.24467047 -0.22793285 -0.21023402 -0.19844879
 -0.18005657 -0.16099352 -0.14191706 -0.11822624 -0.09522592 -0.076286
 -0.01142019  0.04717482  0.07162932  0.10296342  0.11344314  0.15761388
  0.18157211  0.20929549  0.24089215  0.26634887  0.29155996  0.3163248
  0.34702575  0.35648381  0.3813456   0.39996703  0.41829384  0.43659425
  0.45481458  0.47328192  0.49108377  0.50733962  0.52239101  0.53214902
  0.54415461  0.55590142  0.5706858   0.58130697  0.59046203  0.59797826
  0.61130417  0.62078918  0.61970811  0.63409458  0.63848033  0.63911005
  0.64606867  0.64917519  0.66703042  0.65164113  0.65217547  0.64830987
  0.65040392  0.66056602  0.65285415  0.6480724   0.64463192  0.64053463
  0.63599694  0.61609866  0.62594462  0.61567737  0.6101616   0.60420638
  0.59405188  0.58429778  0.57367073  0.56350058  0.55268661  0.53431739
  0.52276427  0.5113271   0.49474711  0.48058504  0.45862109  0.45740059
  0.44569243  0.43390652  0.41338648  0.38308406  0.37678918  0.34613943
  0.35507067]
[ 1.25792764  1.24034724  1.21951081  1.20408382  1.18989166  1.16152424
  1.11721577  1.06722923  1.03631718  1.0157544   1.0003147   0.98321069
  0.93138187  0.90799749  0.88478758  0.83946379  0.79521795  0.78469695
  0.7391141   0.70012001  0.66836918  0.65921678  0.59006362  0.54529025
  0.49717249  0.4729309   0.41329063  0.36816004  0.33559888  0.33399511
  0.32177901  0.29666569  0.2669155   0.25016252  0.21839512  0.1756176
  0.14555213  0.1280364   0.11440032  0.09727035  0.06032113  0.02792749
 -0.01162233 -0.01805563 -0.01428908 -0.0601174  -0.09659653 -0.12977075
 -0.13871141 -0.14510392 -0.16280511 -0.1803886  -0.20667562 -0.21553354
 -0.22715827 -0.23683467 -0.26040153 -0.2846972  -0.30429558 -0.32584127
 -0.33495973 -0.35605386 -0.3747257  -0.36172745 -0.39599762 -0.42070136
 -0.44509458 -0.45586849 -0.48923602 -0.50323562 -0.54639602 -0.56179076
 -0.57447431 -0.5882308  -0.59235087 -0.60444516 -0.61635041 -0.61523068
 -0.64283931 -0.65662213 -0.67045698 -0.68253385 -0.69028433 -0.70742403
 -0.7204443  -0.73157721 -0.74768742 -0.76142034 -0.77336436 -0.78857122
 -0.79986142 -0.80128978 -0.81992237 -0.83358853 -0.84985903 -0.86003568
 -0.85926404 -0.88093959 -0.86886009 -0.90180979 -0.91226088 -0.9221139
 -0.93319533 -0.93622299 -0.95175927 -0.96620611 -0.9833605  -1.00622695
 -1.00482301 -1.0180901  -1.0339648  -1.03903539 -1.0540839  -1.06335851
 -1.07515347 -1.0864884  -1.09993866 -1.11487986 -1.12473974 -1.1350655
 -1.14486113 -1.16425812 -1.15981584 -1.16728193 -1.17805659 -1.18790761
 -1.19686085 -1.20614348 -1.21478659 -1.22221755 -1.2179085  -1.23651153
 -1.2377511  -1.24358155 -1.24967855 -1.25195707 -1.2457295  -1.25967642
 -1.26558858 -1.27077664 -1.27642794 -1.28175335 -1.28007044 -1.26879824
 -1.2657719  -1.25381995 -1.24621079 -1.23653233 -1.23511219 -1.21585737
 -1.21731099 -1.20429256 -1.2054011  -1.18112969 -1.17316587 -1.16533339
 -1.15708418 -1.15265373 -1.1437985  -1.13459648 -1.11459285 -1.11674749
 -1.11555349 -1.0973162  -1.0867923  -1.07628631 -1.0886518  -1.05777273
 -1.04686218 -1.03358609 -1.03574155 -1.01407227 -1.00257599 -0.9915959
 -0.98038801 -0.96919284 -0.95706627 -0.94622262 -0.93430052 -0.92287664
 -0.91400375 -0.89833131 -0.88999137 -0.87773936 -0.86748385 -0.85297447
 -0.84542935 -0.84340254 -0.82588237 -0.81594952 -0.80116224 -0.78563355
 -0.77457202 -0.76215108 -0.75216216 -0.74135929 -0.7213483  -0.71900434
 -0.7120221  -0.70190187 -0.69395933 -0.69314916 -0.67599815 -0.66522734
 -0.65360469 -0.64894849 -0.64726261 -0.63397513 -0.63006897 -0.61841055
 -0.60867917 -0.60864037 -0.59736279 -0.59259118 -0.58656472 -0.57834452
 -0.57453472 -0.57668663 -0.56392471 -0.55630356]
[-1.36258758 -1.33795135 -1.31019304 -1.2920685  -1.27779927 -1.25896143
 -1.23015101 -1.20701141 -1.18558387 -1.16260197 -1.24668725 -1.1188045
 -1.08156082 -1.07174009 -1.05113173 -1.0331619  -1.01382588 -0.99164556
 -0.96005093 -0.94965329 -0.90561457 -0.88075729 -0.87171951 -0.82912627
 -0.8318455  -0.81826565 -0.79336677 -0.77228006 -0.73590597 -0.739116
 -0.73112352 -0.69847825 -0.68941583 -0.67517327 -0.66067337 -0.64226181
 -0.62511482 -0.61755477 -0.60152962 -0.53576454 -0.56937793 -0.56927862
 -0.54841382 -0.54166676 -0.52254072 -0.51587955 -0.42653292 -0.4767803
 -0.47311832 -0.46496909 -0.48037986 -0.4369446  -0.45385219 -0.42708514
 -0.40960268 -0.40066507 -0.31496045 -0.37796127 -0.37182245 -0.3549395
 -0.29540407 -0.34902849 -0.34324803 -0.33328551 -0.33842822 -0.31876658
 -0.31758192 -0.31054121 -0.29579627 -0.29995257 -0.29787258 -0.29750179
 -0.28571003 -0.27932767 -0.27846181 -0.26549866 -0.25644632 -0.25105695
 -0.24283258 -0.23280099 -0.22997234 -0.22193579 -0.18663022 -0.21434641
 -0.20080747 -0.17243998 -0.13967201 -0.16071977 -0.1545037  -0.13557764
 -0.12925308 -0.14298138 -0.11610904 -0.09291306 -0.07365924 -0.06546464
 -0.04442274 -0.028488   -0.0125699   0.00330448  0.01436809  0.03383524
  0.04421221  0.0715689   0.08574772  0.09823511  0.11678868  0.13574338
  0.15245038  0.17257722  0.19636048  0.20952006  0.23483254  0.23465791
  0.27818414  0.2693072   0.32422718  0.33224591  0.36611645  0.38936014
  0.38660397  0.38161404  0.41423148  0.42731574  0.42949708  0.4665006
  0.49042365  0.50595065  0.52375558  0.53692996  0.55574075  0.58366678
  0.60321496  0.61202621  0.63383491  0.65407857  0.67026661  0.68702301
  0.6991675   0.71693478  0.71625282  0.74786045  0.75834838  0.76993981]
[-1.23797929 -1.18293897 -1.17456884 -1.15800555 -1.14490536 -1.12938951
 -1.11163249 -1.09767999 -1.07417633 -1.06054052 -1.04331983 -1.02630401
 -1.00667818 -0.97070764 -0.98408689 -0.96553145 -0.93691323 -0.92020593
 -0.90657927 -0.89142505 -0.8372241  -0.84721738 -0.8467769  -0.84851996
 -0.82694401 -0.80786595 -0.79993958 -0.78943978 -0.77729241 -0.75784434
 -0.74196852 -0.74699981 -0.7384795  -0.7195707  -0.72682114 -0.71485009
 -0.70804891 -0.7004991  -0.6941408  -0.68644651 -0.67708946 -0.67754463
 -0.66808431 -0.66060662 -0.64540226 -0.65206849 -0.64245748 -0.64530826
 -0.61333529 -0.63690556 -0.61888711 -0.60967628 -0.64194776 -0.61482237
 -0.60810165 -0.60677367 -0.60114476 -0.60156674 -0.59049719 -0.57823329
 -0.58382496 -0.58400665 -0.58642863 -0.57276642 -0.56338529 -0.53390575
 -0.57040805 -0.54735813 -0.51760072 -0.53134841 -0.54544121 -0.53220616
 -0.50662956 -0.49781528 -0.48771481 -0.47793622 -0.45958791 -0.45923889
 -0.42575125 -0.44080492 -0.42537159 -0.41517649 -0.4017445  -0.38858136
 -0.37847052 -0.35819437 -0.34219993 -0.33168346 -0.31932899 -0.30928787
 -0.29723859 -0.2895291  -0.27552083 -0.25672119 -0.25224334 -0.2531367
 -0.24045002 -0.22358962 -0.20010829 -0.20126017 -0.19042191 -0.17712622
 -0.17206529 -0.15163961 -0.13871081 -0.1258176  -0.10770267 -0.10615617
 -0.08401339 -0.0860945  -0.09378597 -0.07505167 -0.04954755 -0.04114784
 -0.03079865 -0.01985833 -0.00862553  0.00562963 -0.00168616  0.02549639
  0.03402863  0.04944628  0.06751198  0.06967517  0.10282097  0.08099554
  0.09628382  0.10406109  0.11370891  0.12311572  0.13945981  0.14890389
  0.15578732  0.15214317  0.16783573  0.17601074  0.18340994  0.19417601
  0.20296889  0.21633348  0.21392504  0.22119654  0.22872384  0.20460143
  0.2546289   0.26922333  0.25319561  0.26297168  0.27150002  0.28959177
  0.26425868  0.30129491  0.30127192  0.29930055  0.29801389  0.31415652
  0.31630433  0.31831844  0.33026947  0.33155482  0.34917271  0.34842325
  0.36141743  0.36175464  0.38115992  0.39692072  0.40528815  0.41666763
  0.42908028  0.43443611  0.45709398  0.4454566   0.50816969  0.45090149
  0.49907845  0.51373828  0.52563748  0.53295257  0.54771299  0.56448258
  0.59204162  0.58504074  0.59330364  0.59960752  0.61803894  0.60465791
  0.64506644  0.63850372  0.64147725  0.64362756  0.6471652   0.68711919
  0.69294867  0.70537966  0.70374656  0.71148914  0.72955075  0.7478568
  0.69821062  0.75219223  0.73918272  0.76651561  0.79547001  0.78070866
  0.78281472  0.78482837  0.80487271  0.80834261  0.81197555  0.80965375
  0.79882217  0.8197705   0.84020786  0.84483944  0.83721085  0.86336401
  0.88189672  0.86348395  0.8750661   0.8705571   0.88561273  0.87897613
  0.89551864  0.90269819  0.90467676  0.91075236  0.91404742  0.91404532
  0.93879926  0.92690093  0.93698844  0.94332357  0.94807198  0.96630063
  0.96410636  0.96482645  0.97978556  0.9724906   0.97874873  0.98667778
  0.99337522  0.99734717  1.02629643  1.00805716  1.02076153  1.02278891
  1.0318273   1.03305094  1.03701597  1.04224707  1.05798298  1.05987688
  1.06225451  1.07975967  1.11004472]
[-1.36054598e+00 -1.33586318e+00 -1.30832328e+00 -1.29019233e+00
 -1.27592394e+00 -1.25716353e+00 -1.22850017e+00 -1.20543118e+00
 -1.18405129e+00 -1.16119028e+00 -1.24497931e+00 -1.11756467e+00
 -1.08049476e+00 -1.07058575e+00 -1.05016724e+00 -1.03224457e+00
 -1.01294642e+00 -9.90840950e-01 -9.59416438e-01 -9.49053329e-01
 -9.05149842e-01 -8.80471220e-01 -8.71461731e-01 -8.29085121e-01
 -8.31738173e-01 -8.21686821e-01 -7.93425623e-01 -7.72466435e-01
 -7.37856761e-01 -7.39428662e-01 -7.31484873e-01 -6.99102177e-01
 -6.88656518e-01 -6.75867141e-01 -6.61533765e-01 -6.43234016e-01
 -6.26220796e-01 -6.18675074e-01 -6.02777157e-01 -5.37299921e-01
 -5.70898643e-01 -5.70871554e-01 -5.50167653e-01 -5.46219227e-01
 -5.25583463e-01 -5.17961319e-01 -4.29024064e-01 -4.79222168e-01
 -4.75551607e-01 -4.67592971e-01 -4.83009820e-01 -4.39738757e-01
 -4.56599524e-01 -4.29940316e-01 -4.12631017e-01 -4.03792948e-01
 -3.18424797e-01 -3.81239396e-01 -3.75153220e-01 -3.58332842e-01
 -2.99051518e-01 -3.52486712e-01 -3.47932310e-01 -3.36815162e-01
 -3.41892285e-01 -3.22261932e-01 -3.21176757e-01 -3.15278517e-01
 -2.99348324e-01 -3.03429797e-01 -3.01372912e-01 -3.00914828e-01
 -2.89080425e-01 -2.82677485e-01 -2.81718136e-01 -2.68737589e-01
 -2.59625666e-01 -2.54225870e-01 -2.45867407e-01 -2.35881643e-01
 -2.32918901e-01 -2.24793803e-01 -1.91569700e-01 -2.16975875e-01
 -2.03355943e-01 -1.75213545e-01 -1.42188401e-01 -1.63109408e-01
 -1.56774457e-01 -1.37865281e-01 -1.31461568e-01 -1.45104069e-01
 -1.18241540e-01 -9.65819585e-02 -7.43176529e-02 -6.74514123e-02
 -4.64837797e-02 -3.05083849e-02 -1.45357122e-02  1.32013984e-03
  1.30122584e-02  3.18826120e-02  4.23011365e-02  6.96529930e-02
  8.38122509e-02  9.63560419e-02  1.14917756e-01  1.34588849e-01
  1.50469886e-01  1.70491383e-01  1.94076067e-01  2.07784841e-01
  2.32620433e-01  2.31313755e-01  2.75866768e-01  2.67108499e-01
  3.21864535e-01  3.29796763e-01  3.62967726e-01  3.86813286e-01
  3.83997704e-01  3.79192215e-01  4.11665789e-01  4.23071744e-01
  4.25456601e-01  4.63773266e-01  4.87603352e-01  5.03072146e-01
  5.20840411e-01  5.34018416e-01  5.52760590e-01  5.80480822e-01
  5.99898697e-01  6.08722126e-01  6.30425237e-01  6.50624041e-01
  6.66745859e-01  6.83455623e-01  6.92545473e-01  7.13306562e-01
  7.12342387e-01  7.44085545e-01  7.54538050e-01  7.66004209e-01]
[-0.50669916 -0.5098802  -0.5032582  -0.50853691 -0.50626068 -0.51302904
 -0.50414962 -0.50652383 -0.50412286 -0.50428765 -0.50442623 -0.49068925
 -0.48914967 -0.47360416 -0.48106303 -0.47833597 -0.47338588 -0.45279738
 -0.45509843 -0.45223209 -0.446749   -0.46031317 -0.4422943  -0.4391834
 -0.4574248  -0.45574367 -0.45149882 -0.44767669 -0.44471754 -0.45172787
 -0.44032617 -0.43517936 -0.44359906 -0.43913637 -0.43712275 -0.44070553
 -0.43706682]
[-0.44760946 -0.53656484 -0.62714005 -0.72126915 -0.82410451 -0.8930552
 -0.96196518 -1.02765096 -1.08302649 -1.12527369 -1.17057575 -1.22265452
 -1.25214026 -1.29071138 -1.31198951 -1.33751129 -1.35900953 -1.35933298
 -1.33111866 -1.3044967  -1.27556413 -1.24323683 -1.21186699 -1.18284243
 -1.15059941 -1.12719773 -1.06715859 -1.03467056 -0.9952042  -0.95650952
 -0.89664408 -0.84095182 -0.78060867 -0.71535105 -0.67809145 -0.60166277
 -0.54252911 -0.48268982 -0.41572593 -0.3246447  -0.28112334 -0.2233816
 -0.14783619 -0.09610283 -0.02835253  0.04924638  0.1188363   0.18802588
  0.26371301  0.33635481  0.41516014  0.48616566  0.54962625  0.62327862
  0.68021641  0.75472746  0.81003821  0.86514844  0.91968224  0.99131709
  1.04416255  1.11424412  1.16112528  1.19816918  1.24845221  1.29879193
  1.34742059  1.38557319  1.41523857  1.46501259  1.45294838  1.49887223
  1.51051686  1.53014494  1.53330024  1.5060995   1.48114816  1.45300886
  1.41782036  1.36095053  1.25752558  1.2027719   1.14833192  1.05059632
  0.97467367  0.88526668  0.80426998  0.72474836  0.62879859  0.53336278
  0.44759881  0.34184934  0.24866957  0.14934233  0.05081096 -0.02943101
 -0.15108205 -0.25705089 -0.35460924 -0.48459105 -0.59036204 -0.68136154
 -0.78693177 -0.86094987 -0.95991854 -1.03627742 -1.11882942 -1.17232681
 -1.26704519 -1.27582017 -1.32093412 -1.35216439 -1.42130371 -1.3931186
 -1.37396952 -1.35651992 -1.33155687 -1.31244759 -1.29146432 -1.23749396
 -1.24611207 -1.22392512 -1.18056544 -1.15757926 -1.1050981  -1.06008575
 -1.0272562  -0.96833109 -0.92186178 -0.87126484 -0.82104375 -0.7697575
 -0.71456148 -0.65632408 -0.5949225  -0.55597778 -0.47563555 -0.41821732
 -0.35530366 -0.28662614 -0.21543493 -0.15732634 -0.10049368 -0.02390868
  0.03204802  0.0911662   0.14831496  0.21583384  0.27897217]
[-1.26398393 -1.21390464 -1.20476717 -1.18825295 -1.17562582 -1.16069918
 -1.14341541 -1.13088466 -1.10964286 -1.0970932  -1.08245031 -1.06728999
 -1.05028998 -1.01823928 -1.02908144 -1.0122994  -0.9866192  -0.97231444
 -0.95936048 -0.94488199 -0.89902041 -0.90636852 -0.90350558 -0.90422473
 -0.88261143 -0.86478545 -0.85538312 -0.84467163 -0.83289293 -0.81360419
 -0.7971104  -0.80002174 -0.79037383 -0.77250359 -0.77611516 -0.76390181
 -0.75594693 -0.74805423 -0.7399428  -0.73107616 -0.71957904 -0.71962372
 -0.70957508 -0.70143686 -0.68679052 -0.69029145 -0.68069931 -0.68161592
 -0.65424283 -0.6720987  -0.65500001 -0.64593558 -0.67428045 -0.65016294
 -0.64314975 -0.64247695 -0.63722183 -0.63707172 -0.62753686 -0.61662148
 -0.62143052 -0.62158623 -0.62202581 -0.61065472 -0.60254415 -0.57914745
 -0.60846758 -0.58858856 -0.56421341 -0.57433729 -0.58723841 -0.57313732
 -0.54880073 -0.54279097 -0.53329728 -0.52433755 -0.5071488  -0.50658173
 -0.47660025 -0.48909045 -0.47531198 -0.46565015 -0.4529239  -0.4373713
 -0.42777109 -0.40880348 -0.39439813 -0.38353337 -0.3653074  -0.36240209
 -0.35100378 -0.34390413 -0.33081198 -0.31286743 -0.30745268 -0.30871432
 -0.29748508 -0.28259488 -0.26158399 -0.26129139 -0.25151887 -0.2395402
 -0.23487211 -0.21652991 -0.20207978 -0.19367436 -0.17733502 -0.17571923
 -0.15658653 -0.15770301 -0.16394727 -0.14604976 -0.12431461 -0.11715544
 -0.10818311 -0.09835317 -0.08839041 -0.07579981 -0.08285482 -0.05916108
 -0.05112597 -0.03819277 -0.02252287 -0.01965152  0.00808792 -0.00978524
  0.00372257  0.01142451  0.02010025  0.02758879  0.04191613  0.04990166
  0.05492869  0.05487096  0.06849889  0.07534275  0.08123242  0.09128229
  0.09919718  0.11281294  0.1119272   0.11996543  0.12750299  0.11010909
  0.15466973  0.16907416  0.15661129  0.16637142  0.17478395  0.19244229
  0.17325579  0.207178    0.20430037  0.21347518  0.21511308  0.23271173
  0.23427938  0.23861851  0.24773426  0.25393688  0.27001907  0.27191217
  0.28535419  0.28788862  0.30683054  0.32206038  0.33091081  0.34276803
  0.35532367  0.36139972  0.3830389   0.37619954  0.42916413  0.38280952
  0.42526306  0.43980169  0.451374    0.45886011  0.47273881  0.48892556
  0.5141951   0.5088956   0.51642311  0.52339946  0.54027945  0.53015789
  0.56533192  0.56281959  0.5632985   0.56575735  0.56979024  0.60418204
  0.6104205   0.62193305  0.62084968  0.6313712   0.64297587  0.66035918
  0.62089471  0.66624013  0.65408982  0.67909275  0.70350867  0.69160811
  0.69361099  0.69740063  0.714187    0.71764634  0.72332489  0.71461869
  0.71263385  0.73046955  0.74883548  0.75368716  0.74732328  0.7703654
  0.78922189  0.77363228  0.78571691  0.78488671  0.7993392   0.79593349
  0.81361994  0.82200153  0.82786007  0.83052523  0.84008285  0.84421969
  0.86826132  0.86351516  0.87286918  0.88186378  0.89310635  0.91266705
  0.91373759  0.91825118  0.93354412  0.93025315  0.93749429  0.94775786
  0.95651651  0.96597074  0.98955769  0.97730972  0.99062967  0.99514051
  1.00410903  1.00811371]
[-1.14566065e+00 -1.09465118e+00 -1.08555812e+00 -1.06896990e+00
 -1.05712702e+00 -1.04351635e+00 -1.02488359e+00 -1.01338314e+00
 -9.94335903e-01 -9.78111031e-01 -9.63143643e-01 -9.46788607e-01
 -9.29065627e-01 -8.94062590e-01 -9.06507178e-01 -8.90486577e-01
 -8.61602080e-01 -8.42650016e-01 -8.30960794e-01 -8.17992065e-01
 -7.70599577e-01 -7.77417563e-01 -7.76367634e-01 -7.77482854e-01
 -7.53510666e-01 -7.37569289e-01 -7.27518985e-01 -7.17472428e-01
 -7.06437946e-01 -6.88354757e-01 -6.71033215e-01 -6.75440993e-01
 -6.65506367e-01 -6.47291130e-01 -6.53193107e-01 -6.41558343e-01
 -6.35064302e-01 -6.24634453e-01 -6.17829028e-01 -6.08613316e-01
 -5.98070850e-01 -5.96790579e-01 -5.86502511e-01 -5.79012879e-01
 -5.63922109e-01 -5.68453618e-01 -5.59037584e-01 -5.60216146e-01
 -5.32469465e-01 -5.51104779e-01 -5.34454131e-01 -5.24227503e-01
 -5.53944004e-01 -5.28616563e-01 -5.19674107e-01 -5.18750174e-01
 -5.11176204e-01 -5.12492281e-01 -5.00504167e-01 -4.80523838e-01
 -4.92920428e-01 -4.92698480e-01 -4.94835904e-01 -4.81548322e-01
 -4.73608660e-01 -4.46292618e-01 -4.81307523e-01 -4.59280248e-01
 -4.32179947e-01 -4.42873467e-01 -4.60128054e-01 -4.43300448e-01
 -4.22784509e-01 -4.13224714e-01 -4.04185883e-01 -3.94461937e-01
 -3.78599601e-01 -3.79629969e-01 -3.46964400e-01 -3.65548633e-01
 -3.50816170e-01 -3.42271964e-01 -3.29663488e-01 -3.17669545e-01
 -3.09360356e-01 -2.91479821e-01 -2.75668175e-01 -2.67262779e-01
 -2.57093701e-01 -2.47757771e-01 -2.37752923e-01 -2.34269002e-01
 -2.19686321e-01 -2.00607375e-01 -1.97244626e-01 -2.01074831e-01
 -1.87748147e-01 -1.73545783e-01 -1.51273453e-01 -1.54656501e-01
 -1.44275579e-01 -1.33176445e-01 -1.30233686e-01 -1.12407105e-01
 -1.00996482e-01 -9.01308587e-02 -7.34341875e-02 -7.13028045e-02
 -5.23243384e-02 -5.20778774e-02 -6.00513824e-02 -3.76957246e-02
 -1.80499747e-02 -1.08549234e-02 -2.82729979e-04  9.39706405e-03
  2.11935133e-02  3.45537790e-02  2.66491201e-02  5.38124511e-02
  6.15506144e-02  7.25811883e-02  9.32669310e-02  9.48151348e-02
  1.23679711e-01  1.05560519e-01  1.20124211e-01  1.27387701e-01
  1.37386031e-01  1.45637933e-01  1.61576460e-01  1.68129918e-01
  1.76333983e-01  1.73132828e-01  1.86256804e-01  1.95178785e-01
  2.01678344e-01  2.13294365e-01  2.17293788e-01  2.32503338e-01
  2.32815596e-01  2.40625050e-01  2.46497910e-01  2.28543754e-01
  2.77778967e-01  2.88215215e-01  2.72828793e-01  2.82544870e-01
  2.90814939e-01  3.05981287e-01  2.79888590e-01  3.19301438e-01
  3.19646349e-01  3.19904017e-01  3.22191262e-01  3.34855105e-01
  3.39460909e-01  3.42271673e-01  3.55422418e-01  3.53180781e-01
  3.70002393e-01  3.69347220e-01  3.81205591e-01  3.84826173e-01
  4.01211958e-01  4.16633288e-01  4.23378811e-01  4.34736124e-01
  4.46419946e-01  4.45673301e-01  4.78069518e-01  4.66717421e-01
  5.19487843e-01  4.69322786e-01  5.13867051e-01  5.28836407e-01
  5.41581098e-01  5.48778656e-01  5.62970549e-01  5.80967271e-01
  6.06816951e-01  5.99875762e-01  6.08875062e-01  6.14584262e-01
  6.31338838e-01  6.22058644e-01  6.59280359e-01  6.54350084e-01
  6.58157985e-01  6.59471603e-01  6.62874167e-01  7.01336795e-01
  7.04434930e-01  7.19937512e-01  7.19002480e-01  7.27628305e-01
  7.41468562e-01  7.65356186e-01  7.20345732e-01  7.72561115e-01
  7.58193134e-01  7.86489705e-01  8.11820108e-01  8.01430454e-01
  7.97995128e-01  8.10321939e-01  8.29155193e-01  8.35085971e-01
  8.38403755e-01  8.36987606e-01  8.28061703e-01  8.47518375e-01
  8.68682658e-01  8.73479205e-01  8.65733048e-01  8.88830121e-01
  9.14056480e-01  8.90451767e-01  8.98919146e-01  8.97789496e-01
  9.11365299e-01  9.05657601e-01  9.24330106e-01  9.34003088e-01
  9.34738617e-01  9.42463607e-01  9.46600781e-01  9.49575130e-01
  9.73323382e-01  9.64759652e-01  9.74755235e-01  9.85060029e-01
  9.89429915e-01  1.01157372e+00  1.00703287e+00  1.00825595e+00
  1.02510694e+00  1.01753393e+00  1.02506566e+00  1.03469994e+00
  1.04263033e+00  1.04670048e+00  1.07555334e+00  1.06360722e+00
  1.07654996e+00  1.08244436e+00  1.09080649e+00  1.09744599e+00
  1.10136792e+00  1.10910218e+00  1.12484900e+00  1.12680583e+00
  1.13413828e+00  1.15430275e+00  1.18650295e+00]
[-1.16489184 -1.13089693 -1.11182258 -1.08791426 -1.06546467 -1.04227549
 -1.01666583 -0.99024137 -0.95911498 -0.93029851 -0.90302442 -0.87209022
 -0.83627815 -0.77646566 -0.75211378 -0.72336926 -0.68655328 -0.65660881
 -0.63031609 -0.60382459 -0.56335754 -0.54555204 -0.52374002 -0.50346179
 -0.47437386 -0.45061641 -0.42973037 -0.40876602 -0.38773041 -0.36672629
 -0.34593614 -0.33084111 -0.31356646 -0.29367861 -0.28366417 -0.27032619
 -0.2575117  -0.24154991 -0.23052979 -0.22045192 -0.21243916 -0.20504096
 -0.19456011 -0.18800579 -0.18167609 -0.18438699 -0.18108323 -0.18253891
 -0.17375062 -0.1864947  -0.18467498 -0.18747062 -0.20891488 -0.20775342
 -0.21565153 -0.22906554 -0.23536018 -0.24705841 -0.25589039 -0.26172095
 -0.27990783 -0.2933073  -0.30354473 -0.30980854 -0.31930592 -0.32118955
 -0.35140107 -0.3581163  -0.35576141 -0.36564963 -0.37807753 -0.38375065
 -0.37910767 -0.37494211 -0.36724747 -0.35887867 -0.348128   -0.34386596
 -0.32667758 -0.32883317 -0.31437952 -0.29903467 -0.2822698  -0.26853862
 -0.2533502  -0.2310419  -0.21050205 -0.19050926 -0.17029234 -0.15339819
 -0.10584436 -0.06588986 -0.04297623 -0.01422155  0.00717136  0.02238593
  0.04517137  0.06968486  0.0998022   0.116457    0.13723584  0.15876428
  0.17343519  0.19554821  0.21728148  0.23475157  0.25431362  0.267499
  0.28786633  0.29997592  0.30905993  0.33046904  0.34911702  0.36039601
  0.3723617   0.38491565  0.39750544  0.41107191  0.41339071  0.42851838
  0.43929048  0.45008292  0.46181333  0.46653926  0.47948345  0.47223923
  0.48147842  0.48590626  0.48934439  0.49222231  0.49555302  0.49457315
  0.4971316   0.4956016   0.49985818  0.49848257  0.49654474  0.49657036
  0.49354625  0.49514064  0.4889667   0.48323555  0.47968453  0.46612781
  0.47728358  0.47254971  0.45710699  0.45184749  0.44610841  0.44151515
  0.41765904  0.42404541  0.41320585  0.39951984  0.38971216  0.38571322
  0.37805436  0.37057509  0.36159215  0.34027552  0.34184301  0.33495914
  0.33165927  0.3323064   0.34078926  0.35111762  0.35432472  0.36126044
  0.37035452  0.37437325  0.39413574  0.39762651  0.42791516  0.41587029
  0.44297299  0.46192057  0.47745597  0.48981625  0.50855745  0.53082792
  0.55561577  0.56976682  0.58782079  0.60788391  0.66043444  0.68058225
  0.7096542   0.72439753  0.74017629  0.75469585  0.77301713  0.80250667
  0.8177437   0.8405533   0.8541561   0.87000219  0.88831542  0.91051118
  0.90541557]
[ 1.14893732  1.1841586   1.21626638  1.24319237  1.27191745  1.29277737
  1.30551974  1.30651655  1.31721594  1.33130035  1.34107659  1.34268023
  1.32500512  1.32152978  1.30951812  1.28633852  1.24912199  1.19043362
  1.10619109  1.04208536  0.99827415  0.95833494  0.88064168  0.7990088
  0.68601853  0.62690811  0.54722328  0.47251004  0.41161704  0.35964238
  0.29685378  0.22206813  0.15339548  0.09208302  0.02002981 -0.06304984
 -0.21417817 -0.3302678  -0.38984982 -0.4428421  -0.4942277  -0.53978436
 -0.59578912 -0.62627418 -0.64688763 -0.68662456 -0.71411982 -0.73993412
 -0.75042565 -0.75370074 -0.76276205 -0.77162973 -0.78374225 -0.77944194
 -0.76975334 -0.75690383 -0.75129155 -0.745999   -0.73835034 -0.72969683
 -0.70780451 -0.69208658 -0.67113597 -0.6290154  -0.61123779 -0.5884773
 -0.56555905 -0.53568494 -0.5094818  -0.47341124 -0.45021953 -0.41384766
 -0.3697018  -0.32659578 -0.28445908 -0.23804312 -0.1959541  -0.15116018
 -0.12101565 -0.07693785 -0.03436809  0.00233998  0.04398227  0.07945589
  0.11507176  0.14478006  0.1793055   0.2125614   0.24135942  0.26014033
  0.28092455  0.30668858  0.32373475  0.33544692  0.34480498  0.35634846
  0.36556135  0.36333047  0.37537707  0.35856162  0.34486655  0.32112325
  0.29040688  0.27112648  0.2248947   0.18353244  0.15708309  0.12759774
  0.11070214  0.08423931]
[-1.59491615 -1.57327766 -1.57280231 -1.57417227 -1.57442461 -1.57155319
 -1.55819905 -1.56972231 -1.56938512 -1.56171418 -1.55179397 -1.53852603
 -1.52509075 -1.51181811 -1.49832432 -1.48597493 -1.47178253 -1.45278399
 -1.43075595 -1.42350693 -1.39351944 -1.3736635  -1.38120511 -1.33188368
 -1.31508003 -1.29530853 -1.27361005 -1.25090497 -1.22983015 -1.21471571
 -1.18699574 -1.16727847 -1.15049023 -1.12839502 -1.10545538 -1.08274703
 -1.06556418 -1.04462669 -1.02047476 -1.00254741 -0.98060936 -0.9569079
 -0.9376693  -0.91805003 -0.89885082 -0.87847226 -0.85826135 -0.83899691
 -0.79205911 -0.80730764 -0.79263687 -0.77669294 -0.7660302  -0.75477589
 -0.74483578 -0.73492083 -0.72662876 -0.72235647 -0.72113689 -0.73579137
 -0.72397744 -0.72502332 -0.72744731 -0.73505438 -0.74199142 -0.73563103
 -0.76336498 -0.77566945 -0.79101204 -0.81027114 -0.8296191  -0.8495871
 -0.87025242 -0.89433499 -0.91897296 -0.93831946 -0.95933043 -0.98025371
 -1.00156471 -1.02305783 -1.042991   -1.05870958 -1.07435603 -1.08901633
 -1.10026721 -1.11132146 -1.11990432 -1.12652269 -1.11724533 -1.12810205
 -1.12856509 -1.12508782 -1.11974428 -1.11523026 -1.10525423 -1.09567982
 -1.07686235 -1.06256043 -1.04429933 -1.02485362 -1.00543126 -0.98384256
 -0.96293883 -0.93607643 -0.9090943  -0.88156584 -0.8548682  -0.82320206
 -0.78546213 -0.72451194 -0.68518868 -0.65609721 -0.61724225 -0.59107829
 -0.56201017 -0.525424   -0.49357988 -0.46595538 -0.44819379 -0.40394085
 -0.3741714  -0.33860171 -0.32194149 -0.29624725 -0.25053116 -0.24730998
 -0.22492364 -0.1989253  -0.17711438 -0.15507881 -0.13414093 -0.11627185
 -0.08276386 -0.07524244 -0.05815894 -0.04449312 -0.03491131 -0.03417511
 -0.01259264  0.00379638  0.01809711  0.02736183  0.01787568  0.02170481
  0.02236158  0.02031064  0.018573    0.0132524   0.00603617 -0.0024469
 -0.02038014 -0.02876991 -0.03726001 -0.0495034  -0.06463295 -0.07983358
 -0.0950645  -0.11121877 -0.11985698 -0.14793091 -0.1497206  -0.16610622
 -0.18587441 -0.20680681 -0.2180869  -0.22589802 -0.23365991 -0.25024441
 -0.25790844 -0.2575537  -0.25333252 -0.24842563 -0.26296171 -0.23995344
 -0.23663325 -0.23132856 -0.22365805 -0.21464182 -0.20267049 -0.19398235
 -0.18014124 -0.16458396 -0.14788867 -0.12715275 -0.10589525 -0.0890721
 -0.03140086  0.0211445   0.04380033  0.07247427  0.08288918  0.12307334
  0.14640359  0.1719332   0.20209371  0.22687713  0.25144554  0.28366547
  0.31736696  0.32814013  0.35292495  0.37257657  0.39139142  0.41100449
  0.42947746  0.44939164  0.46756934  0.48532709  0.50134384  0.51238037
  0.5253863   0.53816945  0.55360954  0.56540742  0.57592044  0.58499736
  0.59916239  0.60996312  0.61151456  0.6266116   0.63295436  0.63600689
  0.64405265  0.64844785  0.66628028  0.65404735  0.65576159  0.65362337
  0.65788147  0.66822161  0.66270832  0.65895786  0.65662336  0.65427753
  0.65110607  0.63398353  0.643653    0.63472186  0.63113391  0.62596492
  0.61706384  0.60851336  0.59919848  0.59028851  0.58023365  0.56334101
  0.55322205  0.54299154  0.52721975  0.51356431  0.49428284  0.49212925
  0.48062231  0.46904937  0.44982588  0.42203689  0.41526848  0.38716974
  0.39373301]
[-1.27525046 -1.23040914 -1.22240579 -1.20766044 -1.19497945 -1.18183146
 -1.16491023 -1.15367701 -1.13335794 -1.1215503  -1.10862582 -1.09498363
 -1.078118   -1.04930652 -1.05942917 -1.04460378 -1.01983738 -1.00665272
 -0.99532884 -0.98176648 -0.94002172 -0.9450067  -0.94230597 -0.94124386
 -0.9213207  -0.90387067 -0.894266   -0.88383596 -0.8716358  -0.85415861
 -0.83755964 -0.8383711  -0.82790148 -0.80978028 -0.81165968 -0.79903421
 -0.79006315 -0.78106129 -0.77231514 -0.76247144 -0.75081944 -0.74872428
 -0.73781706 -0.72887269 -0.71366609 -0.71522406 -0.70477721 -0.70383657
 -0.67714998 -0.69172973 -0.6746148  -0.6647578  -0.68996079 -0.66638821
 -0.65831795 -0.65703993 -0.65075516 -0.64921866 -0.63910932 -0.62754897
 -0.63110057 -0.62948061 -0.62867055 -0.61777592 -0.60866537 -0.5869329
 -0.61232691 -0.59298902 -0.57016013 -0.5787151  -0.58941245 -0.5762604
 -0.55379918 -0.54706806 -0.5383405  -0.53025791 -0.51474373 -0.51345659
 -0.48656422 -0.49868048 -0.48482542 -0.47559041 -0.46357936 -0.44858563
 -0.43849473 -0.42103935 -0.40615941 -0.39474577 -0.37938269 -0.37432321
 -0.36346985 -0.35584578 -0.34325438 -0.32548976 -0.31948744 -0.3202189
 -0.30782593 -0.29421601 -0.27379258 -0.27307074 -0.26362322 -0.25285708
 -0.24742953 -0.23049095 -0.21688929 -0.20785823 -0.19293658 -0.18969801
 -0.17064201 -0.17091802 -0.17540431 -0.15719721 -0.13767927 -0.13018494
 -0.12202789 -0.11193354 -0.10266234 -0.08993883 -0.0969444  -0.07391383
 -0.06677725 -0.0539552  -0.03868679 -0.03569708 -0.00926136 -0.02336934
 -0.01007196 -0.00264253  0.00735077  0.0156429   0.02919736  0.03801972
  0.04337528  0.04446908  0.05696444  0.0642206   0.0706487   0.08015695
  0.08812748  0.10114629  0.10124733  0.10963602  0.11628667  0.10206138
  0.14340427  0.15636416  0.14618732  0.15510034  0.16455848  0.18068129
  0.16371314  0.19506528  0.19424308  0.20191739  0.20408866  0.21880214
  0.22229692  0.22568104  0.23500928  0.23998655  0.25445261  0.25706076
  0.26966417  0.27265598  0.28907935  0.3041974   0.31179092  0.32223175
  0.33328689  0.33769422  0.36018773  0.35297772  0.40033108  0.35834896
  0.39620588  0.40995031  0.42120967  0.42924922  0.44190722  0.45855789
  0.48240129  0.47855537  0.48576272  0.49211314  0.50854658  0.50039783
  0.53400801  0.53166909  0.53448729  0.53774763  0.54236714  0.57393694
  0.58066511  0.59125874  0.59125962  0.60064342  0.61278771  0.6295062
  0.59473717  0.6369398   0.62632032  0.64895429  0.67219687  0.66149181
  0.6622893   0.66819315  0.68310515  0.68699724  0.69250908  0.68578479
  0.68436941  0.70107734  0.71883626  0.72443941  0.71916842  0.74007099
  0.75902963  0.7451264   0.75581611  0.75698804  0.77110147  0.76857386
  0.78646673  0.79602829  0.80230817  0.8072706   0.81681151  0.82066654
  0.84403577  0.84027506  0.84990397  0.85970099  0.86921428  0.8889215
  0.89023286  0.89479134  0.90913662  0.90579374  0.91359916  0.92347511
  0.93163871  0.9408697   0.96290311  0.95278638  0.9657259   0.96985897
  0.97922625  0.9827994 ]
[-0.059669 -0.059669 -0.059669 -0.059669 -0.059669 -0.059669 -0.059669
 -0.059669 -0.059669 -0.059669 -0.059669 -0.060987]
[ 0.009206  0.020244  0.027054  0.039941  0.050802  0.057612  0.058169
  0.058169  0.058169  0.058169  0.055055  0.048245  0.041434  0.031333
  0.017712  0.004092 -0.012997 -0.033276 -0.046897 -0.064163 -0.084594
 -0.10503  -0.12546  -0.14538  -0.159    -0.17662  -0.19705  -0.21748
 -0.24209  -0.26761  -0.28123  -0.2905   -0.29938  -0.31982  -0.32665
 -0.32544  -0.31863  -0.31182  -0.305    -0.29819  -0.29138  -0.283
 -0.26938  -0.2507   -0.23202  -0.2184   -0.19953  -0.1791   -0.15867
 -0.13282  -0.10768  -0.087253 -0.016466  0.047029  0.074271  0.10728
  0.13888   0.16612   0.19336   0.22324   0.25729   0.28521   0.31245
  0.3397    0.36063   0.38405   0.41129   0.43205   0.45248   0.47291
  0.49334   0.51378   0.53421   0.55464   0.57155   0.58517   0.59879
  0.61241   0.62603   0.63965   0.6494    0.65677   0.67039   0.67996
  0.68677   0.69358   0.69616   0.69707   0.70388   0.70629   0.70629
  0.70629   0.7017    0.69616   0.69616   0.69616   0.69472   0.68791
  0.6811    0.67429   0.66748   0.66067   0.65206   0.63844   0.63011
  0.62132   0.6077    0.59408   0.58046   0.56684   0.55322   0.53727
  0.51684   0.50223   0.4861    0.46567   0.45124   0.43762   0.424
  0.41038   0.38818   0.35413   0.34549   0.33564   0.32202   0.32147
  0.32468   0.33149   0.33159   0.33499   0.3418    0.34861   0.35899
  0.37261   0.38623   0.39985   0.4139    0.43433   0.45084   0.46507
  0.4855    0.50593   0.52714   0.55438   0.57735   0.60547   0.68039
  0.71965   0.74122   0.76847   0.79107   0.81282   0.84006   0.86249
  0.88442   0.91166   0.93391   0.95434   0.97477   0.99521   1.0156
  1.0361    1.0565    1.0769    1.0974    1.1178    1.1382    1.1587
  1.1734    1.187     1.2006    1.2201    1.238     1.2516    1.2652
  1.2761    1.2829    1.296     1.3067    1.3135    1.3203    1.3271
  1.3339    1.3407  ]
