[ 0.30032095  1.66922081 -1.11977351 -1.64282429 -2.52342868  6.10854912
 -3.76323962]
[-2.91027904 -1.88632917 -0.23883197  1.62320805  1.99243951  1.96461177
  0.97323173]
[-2.04940057 -3.5739193  -3.21949911 -1.75224233  3.55827427  3.72920156
  2.78057122]
[-2.50289035 -3.4370513  -5.68897533 -3.91092372 -3.56642222 -3.22038364
 -1.30132842]
[ 0.24941243  0.58015364  0.29796609  0.31499457 -0.13267286  0.33090046
 -1.11818254]
[ 2.54340601  3.56633735  3.39969635  0.84313649 -2.24131942 -3.97483373
 -3.30737972]
[ 1.25197732  0.20793264 -0.92877561 -1.76562035 -3.05965662 -4.47517014
 -1.25079381]
[-1.94310105  2.57692194 -3.66388178  2.89199519  0.60191244 -3.87416792
  3.0374403 ]
[3.72521853 4.43086576 3.10484266 5.53932095 3.54275417 3.64553094
 2.65800929]
[-2.02630973 -2.57540226 -2.85936284 -3.60458422 -2.82176471 -3.69334912
 -3.20614481 -0.64984429  4.21172667  3.97835374  3.08762026  2.48575735
  3.08004689  3.50640249]
[-1.35607266 -0.18984279  0.38347507  0.36458102 -0.46423733 -0.22706558
 -1.25968456  1.21736968 -0.63968319  0.023097    0.4545413  -0.39788061
 -0.12473073  0.24205573]
[2.09205294 2.41538787 1.62874925 2.79104614 3.00925517 3.52600241
 3.73027134 2.90960932 4.03102064 3.3425734  2.39180779 2.25834441
 2.7835784  3.03704977]
[ 1.51463366  3.70332026  4.09860754  4.0219574   2.42825866  2.9269464
  4.15422058  0.33749729 -3.41832614 -5.57770109 -2.4868021  -3.44516349
 -4.21208572 -3.51264596]
[-0.84126592 -2.11052036 -1.94319832 -0.71070939 -0.43433473  0.70711982
  2.71594381  1.98590577  1.36366713  1.33132291 -0.26016441 -1.41163611
 -2.11172819 -1.9844135 ]
[ 1.37960827  0.47292802  0.86837113 -0.3991521  -0.73497248 -1.27467728
 -0.45620689 -1.61550963 -0.25852072 -0.22619405 -0.17533512  0.60704935
  1.05065     1.21086335]
[ 0.4516862   0.94989288 -0.26618737 -0.47458237  0.6313675  -1.25988746
  1.20391047 -0.01432638 -0.58938533  0.67582893 -0.27668366  0.03947254
 -0.21295816 -1.43636549]
[-3.01056957 -3.31650138 -3.66619015 -2.8201406  -3.29804683 -3.33746243
 -2.96766877 -3.43400097 -2.28575563 -2.58169794 -3.30260396 -2.52414751
 -2.00879502 -1.10052574]
[-0.9909873   0.51774156 -0.8918069   0.77169865 -0.38048327 -1.24134552
  0.6326282  -0.28541425  0.1254981   0.82075584 -1.59689653  0.77114588
 -0.45967636  0.97235817]
[ 0.36111456  1.23290408  0.9776662   1.12439513 -0.15722471 -0.65712714
 -1.65625036 -1.96385074 -2.31177592 -1.72146988  0.45879874 -0.05838873
  1.02998006  2.72176385  1.85757804  1.51336527 -0.03005873 -0.54803914
 -1.01319504 -1.50007772 -0.97747898]
[-1.42731178 -0.37257496 -0.75253052  0.7206099   0.69945991  0.61585283
  0.933155    1.1089201   1.87511086  1.97040462  2.42361403  2.48886037
  3.12333941  3.09029222  4.1317544   3.66647506  2.9800415   2.81501198
  4.02287579  3.71163917  4.87584782]
[-0.37922403  0.9185257   0.70074862  0.49636546 -1.07846487 -0.314955
 -1.75229812 -1.54812026 -2.42703366 -1.67918706 -0.9316532  -1.85983026
 -2.31116843 -3.04228163 -3.21699023 -4.85501814 -5.01677847 -5.06780386
 -5.37626743 -4.99680853 -5.86045551]
[ 1.8444761   1.74577224  0.63292009  0.69866842 -0.24570307  0.25497025
 -0.14488018 -0.18561906 -0.04280926 -0.40678015 -0.24180932  0.23148468
  0.18546487  0.06805654 -0.28584456 -0.27412298 -0.46263999 -0.5233407
 -0.71550965 -1.55275559 -1.4750756 ]
[ 5.60068369  4.95363188  2.79876208  4.26299286  4.00450039  3.23033047
  2.73011923  4.2888236   3.695503    2.49967504  2.65664864  0.35142455
 -0.48543766 -0.16630058 -1.58875847 -0.53251314 -0.217162   -3.28325701
 -2.79428506 -3.47900724 -4.27226496]
[ 0.00530412  0.57717633 -1.03283942 -1.16851652 -0.99281967 -1.84754694
  0.62246048  0.44604     1.50630939  1.81937623  2.11504769  0.40598118
  0.2200373  -1.72154331 -2.05156064 -1.12932086 -1.96555436 -0.16706872
  0.84611458 -0.14092943  2.01165104]
[-5.89548063 -5.12327766 -5.24914217 -3.60295153 -5.21589231 -3.30782032
 -3.53205729 -2.59982252 -3.08525825 -1.41684878 -0.60702598 -1.61469591
 -1.50197077  1.14857364  1.36818922  0.70068592  2.33863759  3.08263564
  2.46395755  4.46334934  4.111413  ]
[-1.8867048  -1.6299262  -0.73260492 -0.32148206  1.32399523  2.04004335
  2.27344489  1.1050427   0.314053   -1.34758246 -1.48109627 -2.90922165
 -1.78516197 -1.53804934 -0.60763937  0.35772291  1.63721395  1.64744222
  1.77150941  0.5207085  -0.62227106]
[ 0.13501543 -0.36968935  0.1912441   0.42776608 -0.740484   -0.17865631
 -0.86967516 -0.62653136  0.2342803  -0.35770279  0.13258743 -0.39067489
  0.40136504  0.09036367  0.13900292  0.08592734  0.03995013 -0.66384166
  0.54414642 -0.58433092  0.54982257]
