[0.37983197 0.45717624 0.48758027 0.46471035 0.28732839 0.53872663
 0.01412032]
[-1.58860505 -2.5529356  -3.66811061 -2.8149786  -2.80470967 -2.35102034
 -1.03530061]
[-0.85990649 -0.21983154  0.09204654  0.37564957 -0.45418686  0.18549798
 -0.61336786]
[ 2.1410954   2.78911519  3.57619095  1.71436048  0.45706725 -3.26927257
 -5.88513756]
[ 4.68319082  2.88495183  2.04051948 -2.69313931 -2.18746138 -2.14000201
 -2.98203444]
[-3.10756159 -2.28801227 -2.16509175 -2.1668973  -0.97108626  5.3961401
  3.86412263]
[-1.09399235  0.6853534   0.31943446 -1.34149253  4.66172504 -6.71120882
  3.8456459 ]
[3.11217117 4.64318991 3.79489923 6.48248386 3.83760858 2.81742454
 2.20885181]
[-4.58075285 -3.74296808 -1.48533475  3.30806255  2.3641665   3.184479
  2.08491039]
[ 1.37763608  0.79779261  0.6234175   0.04329837 -0.73378408 -0.90150154
 -1.19090569 -1.01792669 -0.51952994 -0.34695253 -0.0052481   0.55927294
  1.13555229  1.2850492 ]
[-1.15691602 -1.97760618 -2.79384756 -2.93871021 -2.77302885 -2.5195117
 -1.89626217  0.05642815  1.90694451  2.69082332  3.01415277  2.68388247
  2.25608563  1.85655987]
[-1.55541754 -1.59819031 -1.6917907  -1.45509839 -2.01431274 -2.22705793
 -1.8782388  -1.9283061  -1.95314562 -1.63950634 -1.78357649 -1.811378
 -1.655756   -1.29227054]
[-0.36725709  0.11844043  0.25651723  0.16245537 -0.51897758  0.30986416
 -0.35369232  0.11651929 -0.21427919 -0.1246467   0.09789097  0.29086429
  0.76572233  0.07122749]
[-1.25272655 -1.14087248 -0.62786263 -0.19732849  0.20992289  0.70632374
  1.26258719  1.18033445  1.04496968  0.17797147 -0.47790718 -0.91492134
 -1.06777847 -1.0503794 ]
[1.60918558 1.587883   1.60374677 1.78665864 1.85310042 1.98651648
 2.09348226 1.90243232 2.14114642 1.92918169 1.52498269 1.50097573
 1.62680638 1.00065637]
[ 0.8898626   0.67415231  0.3976447  -0.12617838  0.78767282 -0.56410831
 -0.37431756 -0.41982242 -0.01524873  0.67103022  0.14186226 -0.07317062
 -0.65931517 -1.10446477]
[-6.91763043e-01 -2.82182157e-01 -1.86650738e-01  2.02298615e-05
 -1.98295265e-01 -1.80553079e-01 -4.47956681e-01  1.94194570e-01
 -2.98664629e-01 -7.47866854e-02 -7.26596862e-02 -2.71919668e-01
  2.47026742e-01  1.07350044e-01]
[ 1.30233753  2.64269948  2.80815959  3.1038084   2.59706426  2.11335063
  0.96938294 -1.41890419 -2.23438215 -3.00194478 -2.82803988 -2.74337769
 -2.38200569 -1.56744361]
[-0.93810165 -0.13002872 -0.19202086  0.38334322  1.19318533  0.66615111
  0.76778573  0.03382175 -0.64100987 -0.83344901 -1.71405137 -1.13762009
 -0.80069453 -0.23303092  0.22227266  0.55804324  1.00548136  0.81548119
  0.64381456 -0.05828599 -0.81974   ]
[-0.505988    0.17414692 -0.41450489 -0.33031708 -0.94289577 -0.95608437
 -1.16590166 -1.38469207 -1.73101294 -1.3156184  -1.30096316 -1.83182907
 -1.76972282 -1.98060536 -1.78252637 -2.31532121 -2.72635078 -2.66593647
 -3.13459039 -2.80727935 -2.34845901]
[0.4693214  0.82243711 0.54450625 1.06950402 1.53183126 0.94259697
 1.32682884 1.35091388 1.62668359 1.29987514 1.64301693 1.63615549
 1.57194555 1.82302129 2.03678703 2.22877836 1.77927291 1.62053704
 1.92166173 1.76585591 1.68475521]
[ 3.79864025  3.59460783  2.39628077  2.97060823  2.36560822  2.4802146
  2.55329156  2.88989091  2.16380048  1.48668492  1.08239543  0.97566456
 -0.38301191  0.47124606 -0.09119537 -0.91809446 -0.86775589 -2.03799891
 -1.99101877 -2.3865447  -2.64605856]
[-0.76197124 -0.88057721 -0.4966332  -0.16953906 -0.49049538 -0.26081207
 -0.40414986 -0.21503843 -0.22778828 -0.1793206   0.09213279  0.12476411
  0.32137257  0.18392004  0.42017719  0.51356596  0.55725402  0.17644501
  0.45348603  0.37622133  0.96803349]
[ 1.19827807  0.82377917  0.72329235  0.24641167 -0.514938   -1.02111685
 -1.25319755 -1.20848107 -0.99230886  0.07122657  0.1995737   0.69243968
  1.11667442  1.55946374  0.70013833  0.01402096 -0.5327189  -1.04695773
 -0.96193111 -1.04045284 -0.49580365]
[ 1.47663236  1.27534378  0.25677115  0.74703431  0.72045946  0.58362001
  0.29833764  0.33336151 -0.05423706 -0.22701603  0.07156939 -0.63917595
 -0.68339187 -1.02248466 -0.95000786 -0.71313518 -1.2583766  -0.66404408
 -1.07820213 -1.4624145  -1.61726451]
[-0.23975974 -1.17514467 -1.051072   -1.09721804 -0.82216936 -0.14933072
  0.00403919  0.85822153  1.30592597  1.54122996  0.58653438  0.13284844
 -0.6114856  -0.99467957 -1.10692    -1.42770875 -0.53390396  0.24524668
  0.4199757   0.8785516   1.00468111]
[-4.73155117 -3.90433598 -4.36680079 -2.86960363 -4.02900314 -3.37035465
 -2.6766603  -1.94898212 -2.7996068  -1.46886492 -0.90763712 -1.01802242
 -1.03076661  0.21610543  0.34348518 -0.11076704  0.82840222  0.94562793
  1.9104445   2.14574456  2.31773353]
