[-1.30197155 -1.31562734 -1.32896614 -1.33125567 -1.31412804 -1.31850827
 -1.33729339 -1.32070518 -1.33172512 -1.33978188 -1.32674849 -1.32152307
 -1.33626044 -1.32496071 -1.33729005 -1.34149957 -1.34627962 -1.34606898
 -1.34481704 -1.35933483 -1.35827613 -1.35511327 -1.36446202 -1.36078382
 -1.37630463 -1.39884424 -1.40419161 -1.40386665 -1.41484904 -1.41605568
 -1.4267453  -1.43604648 -1.43940389 -1.43834317]
[0.49443111 0.50242484 0.50456756 0.51189959 0.51742315 0.52296144
 0.52607745 0.53107858 0.53362578 0.53636611 0.53852636 0.54195553
 0.54667169 0.54791743 0.54838127 0.55470675 0.55244386 0.556337
 0.55606091 0.55728799 0.55819863 0.55845451 0.56136441 0.56272256
 0.56128275 0.56305265 0.56486827 0.5658493  0.56517005 0.56965238
 0.56825447 0.5703904  0.57215929 0.57370692]
[-0.36611709 -0.34249774 -0.30672202 -0.28723955 -0.2605598  -0.22823066
 -0.20850791 -0.1873263  -0.15882264 -0.13412966 -0.12769134 -0.09867681
 -0.08108591 -0.06347623 -0.05132271 -0.03565011 -0.01148333 -0.00270911
  0.03030469  0.0554575   0.08275662  0.09337875  0.12124458  0.13621356
  0.14573951  0.16114579  0.20175205  0.21341234  0.2304832   0.25434738
  0.26657832  0.28271437  0.29465738  0.32211882]
[ 0.69519114  0.67609149  0.68399411  0.68253005  0.67954069  0.59443748
  0.52770305  0.47431964  0.26700613  0.08903861  0.03142381  0.0702906
 -0.00650238 -0.09675574 -0.23153223 -0.31910452 -0.29514921 -0.17822181
 -0.29626837 -1.37462485 -1.78556013 -1.98919928 -2.11653471 -2.10274148
 -2.12895656 -2.08456922 -2.0475347  -2.02584386 -2.01357317 -1.9334408
 -1.96638179 -1.96488154 -1.94267738 -1.9506712 ]
[ 0.76088071  0.79007965  0.85190845  1.06474495  1.38272285  2.07735491
  3.04866672  4.38393736  5.22859287  5.27196121  4.66159821  3.21507359
  1.28494227  0.05499294 -0.46405119 -0.92293817 -1.61036158 -2.22342896
 -2.62640715 -2.59261322 -2.00295782 -1.30869782 -0.65572256 -0.17795122
  0.0486589   0.18937713  0.30636209  0.28426537  0.34239617  0.30588052
  0.4183332   0.34003949  0.35775867  0.37382862]
[ 0.12142803  0.69433129  0.84802711  0.71471989  0.51741129  0.39909959
  0.35957843  0.21032916  0.11360701  0.0091008  -0.15482281 -0.13031244
  0.02690818 -0.25770333 -1.27008915 -1.75179863 -1.97060776 -2.06840491
 -2.04234648 -2.01568055 -2.05109334 -2.03691149 -2.03324223 -2.0388341
 -2.01661372 -2.02194118 -2.01147342 -2.00609064 -2.01073742 -1.98347616
 -2.00698757 -2.01363134 -2.01580477 -1.99600065]
[-1.32319081 -1.29677749 -1.27655089 -1.24787056 -1.2169795  -1.19422269
 -1.16292644 -1.13374257 -1.10638189 -1.08012521 -1.05103827 -1.02382469
 -0.99687344 -0.96748275 -0.93632579 -0.90230882 -0.87170744 -0.83782262
 -0.80538297 -0.76682216 -0.73697549 -0.69910675 -0.65842646 -0.61849093
 -0.58774704 -0.54940653 -0.51614779 -0.46519962 -0.4250651  -0.39199927
 -0.3446258  -0.30419526 -0.26287717 -0.23091359]
[ 0.72727746  0.73950768  0.69363248  0.7238881   0.80182749  0.82438815
  0.76921374  0.66069645  0.67305076  0.7207126   0.75320119  0.80029786
  0.86251247  0.96248138  1.38306653  1.89891994  2.8928535   4.31443739
  5.86696196  6.45440531  6.08727789  4.97135973  2.64358044  0.45874918
 -0.43910915 -0.63784361 -1.11918318 -1.8577497  -2.556638   -2.86525702
 -2.44022679 -1.64135623 -0.72022337  0.11191603]
[-2.13093185 -2.19596744 -2.22680831 -2.21811223 -2.22562909 -2.20236087
 -2.19851565 -2.21090055 -2.19312644 -2.16879964 -2.19071364 -2.17419171
 -2.1472702  -2.16375566 -2.1596818  -2.15154409 -2.15534806 -2.12957692
 -2.11857581 -2.1143434  -2.11559296 -2.09060359 -2.09214473 -2.08816576
 -2.06558371 -2.0196619  -2.01480484 -1.9992286  -1.96314943 -1.95506442
 -1.92776871 -1.9005146  -1.8478446  -1.83605039]
[ 0.67737156  0.70250618  0.7259776   0.74003971  0.62698984  0.70843214
  0.73944002  0.74347067  0.75837892  0.81628388  0.68575305  0.65212524
  0.70367408  0.70282233  0.80966866  0.76835442  0.89873302  1.18379819
  1.51569223  2.31010485  3.30272484  4.66196775  5.79069281  6.08664513
  5.63158369  4.41732121  2.23171854  0.15517966 -0.62653977 -0.90050668
 -1.65460718 -2.3356092  -2.7282939  -2.60056973]
[ 0.70415515  0.65468293  0.7475878   0.79353881  0.79146034  0.8707304
  0.95628053  1.35070086  1.8356427   2.7686398   3.99052477  5.40151119
  6.22516584  5.9749198   5.0390873   3.18171144  1.19493449 -0.0227267
 -0.44577214 -1.14974785 -1.88249493 -2.66425037 -3.11636066 -2.77228117
 -1.93105328 -0.96061987 -0.12858121  0.36356241  0.6540845   0.77233899
  0.95927554  0.89700407  0.95093662  1.00522256]
[0.7637161  0.76739007 0.77057546 0.76883447 0.77220452 0.77549577
 0.77315348 0.77042025 0.77011752 0.76738733 0.76665992 0.76735079
 0.76638597 0.76607704 0.76823521 0.76643819 0.76775861 0.76380032
 0.76860756 0.76914489 0.77201265 0.77251393 0.77434129 0.77299964
 0.77515978 0.77830648 0.7795853  0.78137827 0.78234649 0.78224427
 0.77887255 0.77744031 0.77286017 0.76745492]
[ 2.783494    4.04068136  4.36882257  4.11277008  2.90874362  0.40848809
 -1.47791255 -2.00218487 -2.21990538 -2.27472258 -2.26937842 -2.25293875
 -2.2754271  -2.21508384 -2.22622204 -2.1891942  -2.15493321 -2.17542458
 -2.18236327 -2.20477509 -2.1409061  -2.13575125 -2.17633343 -2.19100237
 -2.12954164 -2.09545398 -2.11553645 -2.04898834 -1.99587548 -2.04277015
 -2.04109573 -1.99143934 -1.96675313 -1.93096817]
[ 0.74139887  0.74685037  0.60802972  0.67385167  0.67852694  0.64360666
  0.64378661  0.61380982  0.68820244  0.65120977  0.64217383  0.66863579
  0.69659442  0.69130945  0.68803012  0.70214784  0.61712772  0.61024529
  0.63849789  0.67583376  0.7195434   0.73775226  0.95260429  1.22260571
  1.84557474  2.93179107  4.80447245  6.31626225  6.49375629  5.90856171
  3.93931079  1.04053748 -0.58861524 -0.52614707]
[ 1.41927493  0.23587053 -0.96202058 -1.72172093 -2.02572322 -2.12213039
 -2.12860775 -2.1277051  -2.11643815 -2.11085415 -2.09171438 -2.10790396
 -2.09187794 -2.08015466 -2.06533718 -2.05204034 -2.04127526 -2.04246044
 -2.04043365 -2.0195787  -2.00444007 -1.99553084 -1.99675798 -1.9647522
 -1.95748687 -1.95935142 -1.93282008 -1.90189028 -1.91572666 -1.90397859
 -1.87554848 -1.84018767 -1.82555783 -1.81498253]
[ 0.91990221  0.92631698  0.9673565   0.89857316  0.99033141  0.97962987
  1.01919377  0.9416135   0.94340724  0.93047148  0.92726511  1.02885032
  1.07866538  1.04721093  1.31967902  1.51385224  1.80188179  2.10375524
  2.31579852  2.23719072  2.17594624  1.68547904  1.03400719  0.84654611
  0.9918434   0.84345192  0.70447826 -0.3185465  -2.17881179 -3.16182089
 -3.53560567 -3.27313089 -2.60973668 -1.56237125]
[-1.49681211 -1.45866573 -1.41666555 -1.37501788 -1.31486952 -1.25055683
 -1.17425537 -1.09289742 -1.00831473 -0.9084034  -0.80780298 -0.70745856
 -0.59622073 -0.48309648 -0.35952157 -0.25864556 -0.14477961 -0.04941675
  0.05734431  0.1544843   0.23942998  0.3181012   0.38672778  0.45007116
  0.49352992  0.54858446  0.58379489  0.60790187  0.6377477   0.65091223
  0.67231601  0.68856579  0.70020264  0.71429151]
[-1.51763916 -1.51007795 -1.48818445 -1.47335327 -1.46094108 -1.43903494
 -1.43035746 -1.40961266 -1.40181792 -1.37208533 -1.35771751 -1.33707905
 -1.31978166 -1.30057716 -1.26771951 -1.25085473 -1.22884941 -1.21257627
 -1.18731844 -1.17048514 -1.12920642 -1.11285806 -1.0772723  -1.04069459
 -0.99789888 -0.957636   -0.92462093 -0.87839228 -0.82941681 -0.77727467
 -0.74152315 -0.68696731 -0.63970655 -0.57951671]
[ 0.14386177  0.78494453  0.86525381  0.86807781  0.66964489  0.30690542
  0.07338509  0.0526532   0.18602437  0.3083649  -0.27816343 -1.5249753
 -1.9899143  -2.09634519 -2.12787223 -2.12082958 -2.11124492 -2.09980392
 -2.10094762 -2.10101151 -2.1051867  -2.08450079 -2.09378481 -2.08630705
 -2.04862881 -2.06415868 -2.06172609 -2.05476546 -2.05876637 -2.04664922
 -2.03456402 -2.01021791 -2.01568246 -2.01738524]
[0.0057196  0.04246605 0.07756893 0.11195674 0.13532169 0.17018357
 0.19816948 0.21824449 0.24232452 0.2732946  0.29063821 0.31151977
 0.33340141 0.35232818 0.36736652 0.38624471 0.39485502 0.40972394
 0.41836452 0.43279138 0.44412434 0.45430359 0.46448147 0.4730691
 0.47869465 0.48808572 0.49278727 0.49220335 0.50530779 0.50869453
 0.51572454 0.52642655 0.52583277 0.53141648]
[0.6665681  0.68281507 0.65272504 0.68495142 0.7123087  0.71235079
 0.58736545 0.66546857 0.68540233 0.67014498 0.59933186 0.63436794
 0.66451496 0.64629495 0.64980644 0.63090473 0.67634797 0.69672233
 0.69932634 0.70863849 0.65118998 0.58766216 0.64274037 0.6770032
 0.69510353 0.72411782 0.89784986 1.17579699 1.76919425 3.03952575
 4.78718805 6.02605152 6.35741758 5.75521183]
[ 0.71415299  0.68467361  0.74458611  0.6453113   0.74093872  0.71980393
  0.76754415  0.76899165  0.75027847  0.74002558  0.65729916  0.6552968
  0.76406932  0.77671707  0.82050192  0.94397986  1.18496633  1.57059968
  2.3488245   3.408705    4.79295111  5.99916601  6.18838835  5.57068014
  4.2356739   1.90570366 -0.07727762 -0.60681713 -0.94188923 -1.72409558
 -2.43407416 -2.86662841 -2.74701071 -1.86420548]
[ 0.75420386  0.75123668  0.78842759  0.90833676  1.22956753  2.05711079
  2.90247726  3.18426132  3.08064294  2.36746359  0.59348851 -1.11842024
 -1.72697115 -1.8579179  -1.86088908 -1.837641   -1.81391013 -1.78744841
 -1.7985034  -1.81756866 -1.82706547 -1.83776355 -1.83398557 -1.84811926
 -1.83597064 -1.83229065 -1.82091188 -1.82191265 -1.81305373 -1.78875971
 -1.78446472 -1.77663076 -1.7393682  -1.73070347]
[ 0.81806302  0.808801    0.77909881  0.67633593  0.67236     0.73176235
  0.79541558  0.80341107  0.85123187  0.97811776  1.40860903  1.88685918
  2.91510653  4.29530573  5.73202181  6.33579588  5.98116398  4.81213379
  2.52236915  0.59382623 -0.27171436 -0.46896741 -0.9227463  -1.69627547
 -2.42126179 -2.76483774 -2.32014608 -1.51797318 -0.56760722  0.26426414
  0.69177163  0.93075365  1.04992235  1.19747412]
[ 0.69548279  0.7559976   0.78579956  0.80110794  0.86570537  1.02853346
  1.45760739  2.01157165  3.05866623  4.52540064  5.75093031  6.15110779
  5.63015795  4.28040886  2.10244131  0.6001299  -0.15786332 -0.59481651
 -1.33395147 -2.17238188 -2.82872438 -3.13464618 -2.63230538 -1.84909856
 -0.86352313 -0.09443468  0.346775    0.54604322  0.66962665  0.76235551
  0.77545214  0.77171808  0.85171396  0.80720377]
[-1.59262872 -1.5847801  -1.57215559 -1.55897737 -1.53909445 -1.52397931
 -1.49575484 -1.47303641 -1.43904531 -1.39528453 -1.35563385 -1.29678595
 -1.22378945 -1.14821672 -1.06918931 -0.97991312 -0.88241464 -0.78317928
 -0.68254542 -0.56680971 -0.45118859 -0.33539534 -0.23573543 -0.12517047
 -0.03124807  0.07926765  0.16316633  0.24481834  0.32215744  0.39321935
  0.4513526   0.50042301  0.55261385  0.58311969]
[ 0.8919217   0.93203568  0.97106087  1.01891565  0.91263306  0.91045851
  0.89245993  0.98355645  0.95436007  0.98804998  1.02148592  1.15106344
  1.2842077   1.3198756   1.48859572  1.55398297  1.6439538   1.4110868
  0.89316005  0.54646289  0.54514915  0.6012041   0.65180826  0.02705988
 -1.25934005 -2.2774508  -2.83718324 -3.13405323 -2.93089175 -2.3979373
 -1.76355278 -1.33058441 -0.95170844 -0.7810002 ]
[ 0.92010313  1.23600054  2.17349434  3.31595206  3.86866593  3.95967889
  3.3476603   1.37090087 -0.88702345 -1.94164264 -2.19482303 -2.27070332
 -2.32607675 -2.292238   -2.25985289 -2.21626472 -2.24087262 -2.24762654
 -2.222013   -2.21018958 -2.18532658 -2.21488833 -2.22800303 -2.17324662
 -2.18027043 -2.16714573 -2.1630826  -2.15675521 -2.11677098 -2.10425401
 -2.09651899 -2.05108237 -2.06672597 -2.08480144]
[-1.77541506 -1.7702198  -1.76727819 -1.76072288 -1.75973475 -1.75208116
 -1.74177492 -1.72888589 -1.7129699  -1.70059812 -1.67360091 -1.64521432
 -1.6107713  -1.57660306 -1.53681111 -1.47898543 -1.41926098 -1.35394323
 -1.27520561 -1.19296575 -1.10793412 -1.01115572 -0.91768938 -0.80757481
 -0.68970382 -0.57619327 -0.45835456 -0.34212437 -0.23889768 -0.13479939
 -0.0390107   0.05515728  0.13740084  0.21027622]
[ 0.73573786  0.7535041   0.7934047   0.83573169  0.79931462  0.69999647
  0.65892744  0.71333385  0.7833389   0.79760832  0.8632158   0.92977774
  1.2892673   1.80322158  2.68907785  3.90055156  5.46628714  6.32801819
  6.13498831  5.19386435  3.25137496  1.09253907 -0.20079195 -0.47379699
 -0.99067664 -1.62454236 -2.37835574 -2.83257818 -2.49757814 -1.69047058
 -0.77257472  0.0661962   0.52551156  0.79530382]
[ 0.87730634  0.90490341  0.95590174  0.89316905  0.92464638  0.8868587
  0.99697894  0.94912857  1.04274428  0.9048692   0.88840181  0.90154165
  1.01253629  0.99286282  1.03466558  1.05711353  1.27194858  1.54702139
  1.94917285  2.57997632  2.96962118  2.89565349  2.70243812  2.19186974
  1.44906521  1.1496911   1.22331274  1.01934171  0.82690668  0.27293387
 -1.33781397 -2.88327336 -3.59764028 -3.40744758]
[0.62003553 0.62424278 0.62531745 0.62817281 0.62955689 0.63293999
 0.63570535 0.63634771 0.63977176 0.64352703 0.64254612 0.64489317
 0.64691681 0.64680713 0.64813244 0.64825237 0.6480307  0.65034378
 0.65070659 0.65120494 0.6495102  0.65154737 0.65211827 0.65359652
 0.65477711 0.65591466 0.65638626 0.65552008 0.65651715 0.65717363
 0.65793669 0.65742105 0.65678573 0.65883315]
[ 4.17157602  3.78369832  1.86203623 -0.77690315 -1.89439332 -2.15826511
 -2.21026826 -2.20772862 -2.20142484 -2.18512154 -2.17535877 -2.1603353
 -2.17414546 -2.1879735  -2.13316679 -2.12215805 -2.14358616 -2.08272529
 -2.12454081 -2.14063001 -2.09014344 -2.06890726 -2.08609557 -2.11680341
 -2.02367496 -2.02244806 -1.99302173 -1.95817745 -1.98993194 -1.95378697
 -1.89616072 -1.85903239 -1.85276961 -1.79822862]
[ 0.22460784  0.72275507  0.73970068  0.75709236  0.68097609  0.63026953
 -0.1404884  -1.51175964 -2.06780553 -2.19812822 -2.23395944 -2.20655465
 -2.20667577 -2.18763709 -2.19692421 -2.19483542 -2.18962169 -2.16207314
 -2.16920185 -2.16367602 -2.15026021 -2.13429308 -2.14848661 -2.14322925
 -2.12891793 -2.10864139 -2.11904645 -2.07313395 -2.07148075 -2.07621074
 -2.04631376 -2.05594754 -2.06646395 -2.02731037]
[ 0.73799026  0.72065443  0.72091699  0.63236827  0.66381514  0.67803144
  0.64895427  0.61185145  0.7221967   0.71507877  0.7647981   0.69634593
  0.72960424  0.60784435  0.64742035  0.69873226  0.68090653  0.75925255
  0.80954289  1.00501847  1.35208535  2.03664851  2.93024039  4.2593174
  5.66542244  6.16462851  5.83888149  4.65629244  2.26638007 -0.14430958
 -0.80194557 -0.96497703 -1.39380062 -1.92023206]
[0.70174962 0.68897587 0.71556753 0.7418825  0.64128596 0.58658117
 0.6789245  0.64546764 0.61102718 0.64315599 0.63012004 0.67722481
 0.60156536 0.68443578 0.6500693  0.69137317 0.68867564 0.72248322
 0.61512697 0.60441601 0.60519177 0.70748407 0.6996305  0.75900662
 0.8073501  1.02946317 1.5069834  2.56854272 4.54915762 6.31146669
 6.83332443 6.40978527 4.50785208 1.32188547]
[-0.90708286 -0.87461889 -0.83041447 -0.78958982 -0.7494657  -0.72116166
 -0.68041599 -0.64175344 -0.61070585 -0.56704849 -0.54735905 -0.51377261
 -0.48013887 -0.45597821 -0.41527712 -0.38094342 -0.34935248 -0.33303317
 -0.31045598 -0.27752599 -0.26258036 -0.24696915 -0.22050022 -0.1988923
 -0.18055128 -0.17332931 -0.13486347 -0.12419581 -0.09456672 -0.06745251
 -0.04018454 -0.01973333 -0.00173299  0.02546324]
[-1.00449979 -0.91859549 -0.82685584 -0.7238785  -0.62509304 -0.51461947
 -0.40669665 -0.30008462 -0.20593306 -0.10076962 -0.00837591  0.08643252
  0.16973893  0.24740991  0.31597745  0.38772702  0.43201092  0.48863992
  0.51926118  0.55302733  0.58163881  0.60742801  0.62047082  0.64173228
  0.64810383  0.66559184  0.67740625  0.69353491  0.6888631   0.69356668
  0.69702905  0.70257115  0.70576406  0.70327097]
[-1.84769452 -1.84502256 -1.85316157 -1.84594774 -1.84035707 -1.83223152
 -1.82704329 -1.82348859 -1.82189178 -1.80757987 -1.80367148 -1.79494786
 -1.7855351  -1.78099561 -1.7801466  -1.76965916 -1.75677133 -1.74934351
 -1.73928487 -1.72588575 -1.71534729 -1.70299613 -1.69367576 -1.67420721
 -1.65842271 -1.63919723 -1.62731683 -1.60252929 -1.58121276 -1.55517519
 -1.53653967 -1.50970125 -1.48042262 -1.45158911]
[ 0.68460047  0.75162691  0.75456887  0.68859667  0.71569782  0.80724931
  0.84388727  0.7557534   0.66288066  0.68474895  0.72441262  0.7618776
  0.79561299  0.87097818  0.95556819  1.37947631  1.86299193  2.81714129
  4.23091507  5.8002944   6.42188263  6.0948267   5.04891157  2.70002556
  0.51645607 -0.48100865 -0.66646504 -1.15794945 -1.92788243 -2.59708047
 -2.89210486 -2.4951663  -1.6907934  -0.74531609]
[-1.76629186 -1.75937533 -1.74568427 -1.73294389 -1.71627855 -1.70847297
 -1.69812059 -1.68319917 -1.66796553 -1.65218925 -1.63985515 -1.62410522
 -1.60824323 -1.59261107 -1.57450986 -1.55821037 -1.53692818 -1.51768112
 -1.49273324 -1.46916628 -1.44093561 -1.41434312 -1.38528156 -1.35462105
 -1.32316697 -1.28831398 -1.25011373 -1.21354306 -1.16977608 -1.12419271
 -1.07888222 -1.03331292 -0.9880355  -0.93685561]
[0.40106767 0.41536644 0.42363381 0.43692639 0.44854054 0.45839828
 0.46806887 0.47694975 0.48523945 0.49294069 0.50032741 0.50577229
 0.50946039 0.5130707  0.51853341 0.52197057 0.52426231 0.53119606
 0.5325312  0.53619301 0.53875542 0.5405488  0.54377621 0.54387313
 0.54620504 0.55078721 0.55142015 0.55426103 0.55565876 0.55688232
 0.5608741  0.5644145  0.56545216 0.56563938 0.56547385 0.57061332
 0.57051492 0.56833017 0.57070899 0.57154572 0.57110244 0.57126796
 0.57260531 0.57323617 0.5741933  0.57630932 0.57730895 0.5790323
 0.5793792  0.58028066 0.57859266 0.58075166 0.58142745 0.58205301
 0.58100259 0.581191   0.57882297 0.57812846 0.58107609 0.58294821
 0.58230227 0.58191216 0.58424139 0.5821892  0.58505881 0.58543777
 0.58574897 0.58608472]
[-1.83855164 -1.88686252 -1.89453042 -1.89227486 -1.88573456 -1.88486004
 -1.87934732 -1.87559402 -1.87214983 -1.86547601 -1.86139345 -1.8546046
 -1.84711671 -1.83960938 -1.83558321 -1.82649875 -1.8195219  -1.811234
 -1.8055979  -1.79719234 -1.78748858 -1.77918696 -1.76984239 -1.76414788
 -1.75118732 -1.73983669 -1.73423493 -1.71853912 -1.70669532 -1.69783819
 -1.68460226 -1.66929138 -1.65943599 -1.64466691 -1.6301018  -1.61183095
 -1.59714222 -1.57919884 -1.56457937 -1.54449785 -1.52646184 -1.50645232
 -1.48034823 -1.45708787 -1.42830896 -1.4015255  -1.37328303 -1.34389031
 -1.30901349 -1.27021646 -1.23281884 -1.1920141  -1.15249634 -1.10462475
 -1.05734146 -1.00474811 -0.95556921 -0.90201479 -0.8473022  -0.78982317
 -0.73564094 -0.67699486 -0.62135494 -0.565772   -0.51101702 -0.4589577
 -0.4086999  -0.35679194]
[-1.43205655 -1.40614998 -1.38284826 -1.35725486 -1.33051348 -1.30381763
 -1.2690171  -1.24644458 -1.2138716  -1.17839682 -1.14897811 -1.11832404
 -1.08483016 -1.05483091 -1.01771128 -0.98395705 -0.95276392 -0.9146741
 -0.87947989 -0.84385157 -0.8099041  -0.7739265  -0.74027377 -0.70564365
 -0.66893333 -0.63462347 -0.60068429 -0.56886506 -0.5379622  -0.49713463
 -0.46633232 -0.43814063 -0.40795445 -0.37417439 -0.33947158 -0.31385928
 -0.28527719 -0.25319356 -0.22982727 -0.20409599 -0.17478611 -0.14436398
 -0.12525855 -0.09211979 -0.07091511 -0.05059242 -0.02274499  0.003426
  0.02876962  0.05088705  0.07240252  0.09528684  0.11376166  0.13560139
  0.15135069  0.17484351  0.19012837  0.20961992  0.23058371  0.24476506
  0.25799915  0.27712703  0.29415378  0.31109864  0.32679728  0.33807775
  0.35468677  0.3643643 ]
[ 0.66841137  0.67477316  0.67679477  0.6773147   0.67727292  0.68026131
  0.69014311  0.68752593  0.68682003  0.67272842  0.6895619   0.67779577
  0.68553907  0.68327844  0.69099474  0.6958667   0.70229542  0.70905101
  0.75264949  0.90345412  1.12660325  1.29313147  1.35281897  1.26837051
  0.93291593  0.36925849 -0.49638316 -1.27549493 -1.63748431 -1.85457921
 -1.94608176 -1.95915604 -1.95867705 -1.94554877 -1.9341799  -1.92768681
 -1.91451943 -1.912359   -1.90120673 -1.89129961 -1.88496721 -1.87028742
 -1.86116159 -1.86338151 -1.84670186 -1.84804606 -1.83045459 -1.81271362
 -1.80867565 -1.80017281 -1.79768097 -1.78892112 -1.78419518 -1.76819658
 -1.75182855 -1.73604977 -1.72538424 -1.71613145 -1.70213389 -1.68396688
 -1.66803384 -1.64528692 -1.63212395 -1.61812663 -1.60195196 -1.57697034
 -1.55519962 -1.53483701]
[ 0.75294608  0.7695443   0.74021709  0.79424125  0.74270791  0.75265151
  0.72783631  0.74022692  0.74340409  0.73765963  0.73551565  0.75868392
  0.7219997   0.76775217  0.76899165  0.78066099  0.75955099  0.7700336
  0.77596962  0.75095963  0.74378097  0.73772466  0.74346817  0.73523265
  0.75509214  0.76290488  0.7599808   0.76367497  0.77826542  0.73937947
  0.7701475   0.78586668  0.73676747  0.75205636  0.75142962  0.77545977
  0.76289767  0.74722242  0.74061608  0.78588253  0.80318242  0.77006364
  0.77171314  0.75386596  0.75582266  0.78828871  0.81479907  0.82102686
  0.85328865  0.97637677  1.12142563  1.46758902  1.87878621  2.22779679
  2.38588428  2.47138453  2.18704677  1.64059651  1.10593307  0.47752929
 -0.48231173 -1.32285643 -1.90082896 -2.30161643 -2.47543001 -2.44552803
 -2.18626237 -1.85178983]
[ 0.74076819  0.72864258  0.74924093  0.74205947  0.75298077  0.74166125
  0.74256593  0.74186897  0.74274236  0.7557565   0.74385506  0.75772125
  0.75612843  0.7540766   0.7614339   0.75078154  0.76210052  0.75675595
  0.76695865  0.76519281  0.77091938  0.76402056  0.76480007  0.76688004
  0.76814669  0.77408588  0.77107906  0.7701062   0.78566819  0.7807076
  0.77668655  0.77268994  0.77483779  0.77013654  0.77096391  0.78616834
  0.78257227  0.79168516  0.79015511  0.78443247  0.76397067  0.71117914
  0.56012768  0.34886566  0.21254155  0.19514808  0.14815165  0.11417213
 -0.29435584 -1.08372378 -1.58285189 -1.91113043 -2.03388834 -2.03998852
 -2.04011083 -2.02680659 -2.03419781 -2.03541517 -2.02221775 -2.01914811
 -2.01351047 -2.00330424 -1.9930625  -1.99229014 -1.98833787 -1.98163784
 -1.97646093 -1.9654938 ]
[-1.52773452 -1.50340688 -1.47627974 -1.44590592 -1.40770948 -1.36407578
 -1.30911207 -1.25238729 -1.18441045 -1.11373496 -1.0355134  -0.94539523
 -0.85650647 -0.76308888 -0.66183323 -0.55555624 -0.45968333 -0.34805724
 -0.24886206 -0.14608121 -0.05370731  0.03644906  0.12490865  0.20054719
  0.27888453  0.34260675  0.39971527  0.44583246  0.49336818  0.51910478
  0.55012143  0.57843536  0.59809291  0.6181578   0.63050348  0.64694369
  0.65631062  0.66277564  0.67124826  0.675138    0.67814076  0.6843285
  0.68679023  0.68571103  0.69140136  0.69291663  0.69629687  0.6977644
  0.69598341  0.6958279   0.69817489  0.69831163  0.69758046  0.70127946
  0.70041966  0.69355142  0.69670367  0.6973685   0.69319379  0.69511372
  0.69594842  0.69190407  0.69190317  0.69145066  0.69130832  0.69061619
  0.69469702  0.68897873]
[-1.63729584 -1.63905144 -1.63499629 -1.63774979 -1.63280809 -1.64009082
 -1.63792992 -1.63107526 -1.63346028 -1.63458526 -1.62876618 -1.62945747
 -1.62565029 -1.61957729 -1.61966896 -1.61296701 -1.60439718 -1.59032977
 -1.57764435 -1.55841279 -1.53438568 -1.51466715 -1.48281729 -1.46143258
 -1.4179033  -1.37055743 -1.31661534 -1.25938582 -1.19336164 -1.11887228
 -1.03654456 -0.95654458 -0.86494815 -0.76781124 -0.66320211 -0.56289011
 -0.46871552 -0.36039293 -0.26633453 -0.17340301 -0.07739202  0.01002354
  0.09468021  0.17293659  0.24561583  0.30978754  0.36663064  0.41804314
  0.4677946   0.5051564   0.53731567  0.5639956   0.58959764  0.60569167
  0.62348217  0.63862264  0.65547967  0.65872926  0.67157453  0.6745047
  0.67603785  0.68185079  0.67877281  0.68402112  0.69070005  0.69223499
  0.69601917  0.69629377]
[ 0.75800574  0.73483849  0.73518193  0.75018448  0.75013363  0.77206039
  0.77598411  0.7477361   0.74915457  0.75350982  0.77076024  0.75077373
  0.75789499  0.76057762  0.7684257   0.79175848  0.74063218  0.76989132
  0.75650012  0.7700991   0.8000313   0.77542377  0.77906913  0.77459133
  0.77598512  0.77217633  0.77891183  0.84712148  1.14336097  1.8289696
  2.62708902  3.00832438  2.96584892  2.31886125  0.676534   -1.05683076
 -1.82917285 -1.96013308 -1.86570597 -1.77808881 -1.67837608 -1.59530652
 -1.64585268 -1.75258565 -1.86764193 -1.9551456  -1.99449801 -2.03978562
 -2.04822946 -2.05444336 -2.03076077 -2.06625366 -2.04057527 -2.01891208
 -2.00740027 -2.0059042  -1.97932482 -1.96371281 -1.98466945 -1.96408093
 -1.93130076 -1.92652738 -1.90462554 -1.90344    -1.90694654 -1.85459626
 -1.84736812 -1.85323274]
[ 0.66469747  0.67085868  0.67404038  0.67658001  0.6953069   0.72406626
  0.84147137  0.95623261  0.95474052  0.91122031  0.81925577  0.4895829
  0.10019868 -0.41155699 -1.07923353 -1.50982475 -1.84404254 -1.99488735
 -2.0130856  -2.02184558 -2.01089597 -2.00391245 -2.00302958 -2.00258732
 -1.99168587 -1.98805356 -1.97855687 -1.97171152 -1.97308338 -1.95902634
 -1.95683014 -1.9426676  -1.93674541 -1.92429352 -1.90692306 -1.89897645
 -1.88933897 -1.87779164 -1.87540042 -1.86308384 -1.84501934 -1.84163117
 -1.82074273 -1.80789769 -1.79013681 -1.77163565 -1.75098789 -1.73816609
 -1.71989417 -1.69621968 -1.67694712 -1.65232944 -1.63228977 -1.60006785
 -1.58901262 -1.5628196  -1.53969729 -1.5160377  -1.49050796 -1.45565689
 -1.42776525 -1.39852202 -1.36436105 -1.33409619 -1.30913723 -1.27667344
 -1.24404728 -1.20273721]
[-0.91153544 -0.87360162 -0.84478784 -0.80331391 -0.76906264 -0.73396438
 -0.69677836 -0.66320932 -0.63114655 -0.59462535 -0.55863363 -0.53148967
 -0.49710348 -0.4679181  -0.43514374 -0.40003955 -0.36467922 -0.33944446
 -0.31570479 -0.29058456 -0.26143384 -0.23749623 -0.21742788 -0.1857719
 -0.1657657  -0.14563993 -0.11650314 -0.0946362  -0.07100889 -0.04467011
 -0.01772143  0.0088191   0.02747548  0.04998657  0.0754224   0.09959067
  0.1199068   0.1381539   0.15911356  0.17502299  0.19397427  0.21383391
  0.23312964  0.24841894  0.26584023  0.27512223  0.29192397  0.31371671
  0.3285422   0.34112179  0.35339642  0.35958567  0.37817568  0.39368632
  0.40224752  0.41103846  0.41901293  0.42969885  0.44495296  0.44970429
  0.45753598  0.46432844  0.47315115  0.48195139  0.49119243  0.49406496
  0.49765825  0.50775206]
[ 0.962345    0.9739424   0.97671127  0.97006404  0.96918428  0.95713329
  0.96769053  0.96990675  0.98323756  0.96293265  0.98755062  0.98151702
  0.97747785  0.98893458  0.96126842  0.98852968  0.98602676  1.01071346
  0.97784358  0.99562544  0.99692214  0.97793019  0.99027854  0.94967121
  0.96125293  0.99717587  1.23132503  1.60141349  1.80602622  1.8218683
  1.57288444  0.86990595 -0.10530125 -1.02493298 -1.66342294 -1.85283744
 -1.82571185 -1.73446    -1.69867253 -1.70653832 -1.77232957 -1.84435892
 -1.9162941  -1.96811986 -1.96370888 -1.98921049 -1.98681223 -1.97232044
 -1.98783898 -1.96227813 -1.94809675 -1.92149603 -1.95227993 -1.91386902
 -1.90129948 -1.88894045 -1.88028204 -1.86163151 -1.86511028 -1.84168792
 -1.83981812 -1.821913   -1.79331386 -1.76125109 -1.76999474 -1.74518049
 -1.72716641 -1.69934165]
[-1.72550654e+00 -1.70968020e+00 -1.69639254e+00 -1.68137157e+00
 -1.65966856e+00 -1.64612901e+00 -1.62556338e+00 -1.60923266e+00
 -1.59147203e+00 -1.56971979e+00 -1.55157876e+00 -1.52915871e+00
 -1.50905573e+00 -1.48680711e+00 -1.46542346e+00 -1.43978202e+00
 -1.41601181e+00 -1.39614570e+00 -1.37157738e+00 -1.34350562e+00
 -1.31631243e+00 -1.28493488e+00 -1.26271343e+00 -1.23059189e+00
 -1.20434320e+00 -1.17808664e+00 -1.14241624e+00 -1.11437297e+00
 -1.08106029e+00 -1.05351949e+00 -1.01780689e+00 -9.83644962e-01
 -9.48702872e-01 -9.19451296e-01 -8.82739186e-01 -8.53012621e-01
 -8.19491923e-01 -7.86587059e-01 -7.51719415e-01 -7.13842094e-01
 -6.82323933e-01 -6.51446998e-01 -6.15144849e-01 -5.82796276e-01
 -5.46385825e-01 -5.15581429e-01 -4.78544056e-01 -4.49813455e-01
 -4.15872425e-01 -3.85352731e-01 -3.49287093e-01 -3.12907636e-01
 -2.82526702e-01 -2.51205683e-01 -2.21277580e-01 -1.87813908e-01
 -1.62981436e-01 -1.32525191e-01 -1.00108169e-01 -7.29987696e-02
 -4.83432263e-02 -1.97554436e-02  4.86972946e-04  2.93787960e-02
  4.94454354e-02  7.17594996e-02  9.31291878e-02  1.14647210e-01]
[ 0.77217585  0.88495922  0.97852546  1.030514    1.03547072  0.93227524
  0.63453758  0.06290308 -0.80314881 -1.47802758 -1.85910213 -2.00094008
 -2.01568127 -2.02123547 -2.01280046 -2.00973415 -2.00441575 -2.00400829
 -2.00041103 -1.99959075 -1.9838537  -1.97271132 -1.9700979  -1.9643414
 -1.95930302 -1.95404816 -1.9394536  -1.92958975 -1.92025757 -1.90183032
 -1.90032196 -1.88342154 -1.87733614 -1.8652221  -1.85302937 -1.84440672
 -1.82978106 -1.80860543 -1.78978848 -1.7798512  -1.75373518 -1.73796833
 -1.72099257 -1.70907736 -1.68081141 -1.66579425 -1.64581645 -1.61780059
 -1.60227728 -1.5817771  -1.55783165 -1.5266881  -1.50694048 -1.48236704
 -1.45617747 -1.42177844 -1.39878893 -1.36660933 -1.33494675 -1.30005383
 -1.2745899  -1.2377516  -1.19804943 -1.1703794  -1.13716567 -1.10368705
 -1.06838107 -1.03294945]
[ 0.66163838  0.66602528  0.64831787  0.66616219  0.64773935  0.66183299
  0.67592752  0.66258299  0.65032047  0.67756045  0.68893039  0.69512647
  0.69734585  0.6780383   0.67001647  0.66350585  0.66461575  0.64709455
  0.671031    0.64967215  0.6786049   0.68268228  0.67944169  0.69429779
  0.66487479  0.64381909  0.69487959  0.69345695  0.65245742  0.65782225
  0.65419573  0.6830287   0.64067763  0.67318678  0.68757808  0.71734047
  0.70289207  0.70057327  0.66983819  0.66606736  0.66291314  0.70128679
  0.71125126  0.72666383  0.74595261  0.86603862  1.11198032  1.6964668
  2.49251795  3.30811214  3.91359448  3.979743    3.24719262  1.81883717
  0.49922243 -0.61975008 -1.30895734 -1.72090721 -1.96320951 -2.20547938
 -2.34479141 -2.22778535 -2.00051808 -1.71723926 -1.46387219 -1.34816146
 -1.25818491 -1.18427885]
[ 0.61572528  0.61284101  0.6176042   0.60783511  0.61711305  0.61033946
  0.62168479  0.61809802  0.61858881  0.62096214  0.62433952  0.61676651
  0.57962996  0.49888816  0.3861627   0.27181929  0.17874709  0.05608775
  0.01141903  0.00544311 -0.41936502 -1.08192301 -1.44815922 -1.77183223
 -1.97254407 -2.00697541 -2.01017666 -2.00699139 -2.00000572 -1.99972665
 -2.00000668 -1.99097526 -1.98938179 -1.9875443  -1.96739697 -1.95728171
 -1.96465123 -1.95490682 -1.93971992 -1.9321233  -1.93453026 -1.90662754
 -1.90159273 -1.89526331 -1.87516606 -1.86909211 -1.8690989  -1.84680581
 -1.83023179 -1.82212222 -1.80641437 -1.79412937 -1.7826525  -1.75691414
 -1.74148631 -1.72238088 -1.70439184 -1.68157339 -1.65997159 -1.63467467
 -1.61517608 -1.58992875 -1.57469845 -1.55458856 -1.53448141 -1.51990891
 -1.48266673 -1.45033932]
[ 0.87591344  0.87568676  0.856749    0.87866372  0.88793546  0.87175947
  0.87136644  0.88335049  0.88922668  0.90295696  0.89139998  0.87767631
  0.90152031  0.88457441  0.91397458  0.8908118   0.90300971  0.90280086
  0.89318854  0.88746458  0.88362801  0.91468924  1.18562782  1.87686086
  2.77224302  3.26853299  3.357126    2.78128815  1.2145288  -0.66806442
 -1.65398633 -1.82485425 -1.79497981 -1.7066524  -1.62249625 -1.55346477
 -1.58785224 -1.64232218 -1.73265171 -1.81612182 -1.83791041 -1.86303258
 -1.88271725 -1.88046944 -1.86359417 -1.86920333 -1.87032199 -1.84385037
 -1.82878637 -1.83592868 -1.82722819 -1.78751802 -1.78983653 -1.78649449
 -1.76402462 -1.76260757 -1.72642076 -1.73209298 -1.73924565 -1.67324686
 -1.6790179  -1.66828597 -1.64240694 -1.62420595 -1.59276724 -1.5972631
 -1.58533454 -1.54735482]
[-1.61723673 -1.61662698 -1.61033821 -1.61240375 -1.60319281 -1.59465015
 -1.58752847 -1.57717407 -1.56484652 -1.54418492 -1.52284706 -1.4974097
 -1.46973574 -1.43901658 -1.40077043 -1.35326409 -1.30282784 -1.24103177
 -1.16931152 -1.09958196 -1.02031124 -0.93427742 -0.84222382 -0.75035995
 -0.64318013 -0.5434317  -0.45070347 -0.34279975 -0.24636778 -0.15200989
 -0.05169448  0.03767931  0.11873586  0.19545832  0.26958513  0.33919707
  0.39701298  0.44229877  0.4872652   0.52270162  0.5517689   0.57757962
  0.60273033  0.61763728  0.63692689  0.65539896  0.66297251  0.66877174
  0.67926127  0.68156475  0.68553954  0.69159657  0.69368809  0.69362801
  0.69595981  0.70062691  0.69931185  0.70049036  0.70338291  0.7023586
  0.70650542  0.70203978  0.70516962  0.70909566  0.70573771  0.70384806
  0.70127892  0.6992712 ]
[ 0.69995695  0.69586837  0.68682855  0.70162934  0.71671581  0.72771227
  0.72723806  0.73684973  0.73338586  0.71564007  0.7165553   0.74212378
  0.73490673  0.75216091  0.73687768  0.73170054  0.7366243   0.74986631
  0.74965703  0.74651724  0.7519753   0.75816095  0.7542727   0.74733526
  0.76745182  0.74158549  0.73768991  0.76731187  0.74843341  0.75227839
  0.75398684  0.75828505  0.7278502   0.69222695  0.63421714  0.52528167
  0.43056914  0.35523131  0.37966302  0.50160116  0.55957818  0.53680795
  0.15600446 -0.82288426 -1.72945619 -1.98485279 -2.01907611 -1.90765083
 -1.83231425 -1.84616733 -1.94164705 -2.10183859 -2.1956923  -2.25640941
 -2.28411222 -2.31955671 -2.33286452 -2.30075717 -2.31327581 -2.30836606
 -2.2972014  -2.26812267 -2.27152658 -2.27208066 -2.23784375 -2.21844363
 -2.21389437 -2.20580435]
[-1.36668086 -1.34874403 -1.34167433 -1.34561086 -1.3474313  -1.34510124
 -1.34489977 -1.34776402 -1.34619486 -1.34717965 -1.3437078  -1.34513545
 -1.35050738 -1.35281968 -1.35072267 -1.3456943  -1.34684527 -1.33975482
 -1.34427547 -1.35081339 -1.35326147 -1.35652685 -1.35670495 -1.35759878
 -1.34854293 -1.35773063 -1.35693228 -1.35980701 -1.3549397  -1.35488391
 -1.35695183 -1.36008513 -1.37026441 -1.37139547 -1.37134421 -1.36154699
 -1.36604333 -1.37418234 -1.37287414 -1.37170541 -1.36612201 -1.37400329
 -1.37560499 -1.37881124 -1.37191486 -1.37741411 -1.38135636 -1.38130534
 -1.3805033  -1.3836174  -1.38474107 -1.38928807 -1.39209521 -1.38495636
 -1.37671864 -1.38699985 -1.38102829 -1.37468231 -1.37823343 -1.36489832
 -1.33723176 -1.33144093 -1.32229817 -1.29546463 -1.27924716 -1.24136615
 -1.1990726  -1.15898275]
[ 3.33592963  3.79942513  3.69070578  2.78035903  0.81125927 -1.08155239
 -1.7840395  -1.95199525 -1.99397576 -1.98138964 -1.98511589 -1.98483396
 -1.96350312 -1.96129465 -1.94855237 -1.96548688 -1.94402778 -1.93808675
 -1.94036865 -1.93130851 -1.92380846 -1.90607178 -1.91662526 -1.90577304
 -1.88840616 -1.87966084 -1.84993243 -1.83027732 -1.83641171 -1.83787012
 -1.81390381 -1.79314673 -1.77545261 -1.763533   -1.75144267 -1.73934674
 -1.73215532 -1.71513939 -1.69392776 -1.69418073 -1.64525068 -1.64774287
 -1.61909723 -1.60249281 -1.58067465 -1.54381549 -1.52280045 -1.5165844
 -1.48341799 -1.44524002 -1.42135322 -1.37050045 -1.33682752 -1.3202132
 -1.30536222 -1.24408615 -1.19570708 -1.1848619  -1.14777994 -1.08614695
 -1.06856871 -1.03749585 -1.00283003 -0.97454238 -0.94185126 -0.90070873
 -0.87905264 -0.84054488]
[0.75337023 0.7623139  0.76740313 0.76728976 0.77424926 0.77465045
 0.77671802 0.77640605 0.77854747 0.77890611 0.77712572 0.78024119
 0.78288633 0.78502822 0.78928727 0.79143363 0.79110408 0.79215366
 0.78941005 0.78861719 0.78928256 0.78576124 0.7836557  0.78306878
 0.78045845 0.78074783 0.78126931 0.78142875 0.78426963 0.78551298
 0.788459   0.78805542 0.7890178  0.78760487 0.78882009 0.78721941
 0.785353   0.78469837 0.78376377 0.78470355 0.78488868 0.78447956
 0.78514546 0.78696752 0.78787959 0.78848231 0.78588629 0.78920698
 0.78673065 0.78647768 0.7892732  0.78398377 0.78169924 0.782664
 0.78268361 0.78568602 0.78730178 0.79158109 0.79686928 0.80163562
 0.80889225 0.81278956 0.81990349 0.82927293 0.85198575 0.86754048
 0.87352502 0.87279218]
[ 0.65425521  0.65241307  0.65554363  0.66043758  0.65261525  0.65200138
  0.65899765  0.65982741  0.66635484  0.66627508  0.66392219  0.66241431
  0.6542834   0.66252565  0.66278422  0.66676331  0.66413081  0.67572922
  0.6782999   0.66906166  0.6760183   0.67294025  0.67353356  0.66546583
  0.6747911   0.67294353  0.68805873  0.68878442  0.69310999  0.72923583
  0.8644048   1.19458199  1.8938539   2.79747653  3.32896399  3.34023929
  2.84591699  1.4604969  -0.38101932 -1.45623291 -1.74984062 -1.85189545
 -1.88919628 -1.90617824 -1.91488934 -1.8958478  -1.8586781  -1.82526612
 -1.79627168 -1.77685404 -1.76555359 -1.75366056 -1.73973823 -1.74201608
 -1.74297202 -1.72744262 -1.71438086 -1.70704877 -1.69920385 -1.68202341
 -1.66352141 -1.66213071 -1.65370214 -1.64890254 -1.62923336 -1.61879969
 -1.59729373 -1.57924426]
[ 0.65722495  0.6693036   0.66631705  0.66341883  0.63970482  0.65573204
  0.66265464  0.64012212  0.65767962  0.64212674  0.63816845  0.64100903
  0.65627778  0.65238661  0.64749825  0.65206188  0.64943522  0.64079416
  0.65856272  0.65117657  0.63922501  0.6505689   0.63153619  0.65239149
  0.65383238  0.65811515  0.64557648  0.67653298  0.66316277  0.6652841
  0.66229045  0.65380162  0.65854359  0.66851997  0.67388463  0.68806374
  0.70887613  0.78560722  0.99162859  1.47368252  2.39337778  3.42158985
  3.88724995  3.77593851  2.88890195  1.19962239 -0.49854639 -1.31883526
 -1.60244775 -1.79219091 -1.92984223 -2.03871298 -2.10862184 -2.04739857
 -1.90867496 -1.75286365 -1.63161373 -1.56583726 -1.51691687 -1.48733592
 -1.45162404 -1.46349812 -1.44085896 -1.43136036 -1.41255081 -1.41851985
 -1.39457965 -1.3745569 ]
[ 0.6884129   0.69352829  0.69856364  0.69833028  0.69783521  0.70861864
  0.69285721  0.70212507  0.7034018   0.69925839  0.7048279   0.71036017
  0.70255876  0.7311886   0.80090219  1.08843875  1.73883188  2.50067496
  3.04039645  3.19078851  2.73855996  1.46536171 -0.0528218  -1.16476178
 -1.71582711 -1.83756185 -1.85647213 -1.85180032 -1.84628081 -1.8421644
 -1.83343792 -1.83339846 -1.82932508 -1.82414448 -1.82006145 -1.81601846
 -1.80986583 -1.79936993 -1.7944144  -1.78702998 -1.77587342 -1.77267623
 -1.76005697 -1.73739815 -1.72774827 -1.71848547 -1.71932113 -1.69648075
 -1.68339157 -1.66784668 -1.64875865 -1.63562739 -1.62253535 -1.61171889
 -1.59546041 -1.57185423 -1.54952502 -1.53481185 -1.51666844 -1.48771751
 -1.46841264 -1.45488608 -1.41791582 -1.40339839 -1.38382769 -1.35130215
 -1.3326273  -1.30218291]
[-0.98691946 -0.9010039  -0.81456959 -0.71876919 -0.61945629 -0.51821893
 -0.41777238 -0.31389028 -0.21353248 -0.11780766 -0.02267356  0.06559652
  0.14747989  0.22391848  0.29020524  0.34970427  0.40703663  0.45105258
  0.49807951  0.52735573  0.55604857  0.58343142  0.60768443  0.62419885
  0.63730752  0.64802539  0.658517    0.66845232  0.67480069  0.68073153
  0.68618178  0.69133675  0.694848    0.69710785  0.70197326  0.69827098
  0.70010197  0.70583206  0.70289809  0.7054823   0.70747834  0.70727414
  0.70435584  0.70700908  0.70366091  0.70621049  0.70312035  0.7026692
  0.70648539  0.70470876  0.702914    0.70110768  0.70137781  0.70469171
  0.7021051   0.70280862  0.70370716  0.70283449  0.70312321  0.70269531
  0.70477778  0.70184767  0.70335442  0.70294714  0.70446223  0.70308012
  0.70390981  0.70583677]
[ 0.99771816  1.00191414  1.00127447  1.01363683  0.98379552  1.01622009
  1.0054872   1.03322041  1.01899934  1.01477528  1.02079284  1.01461637
  1.02153301  1.01150382  1.04129529  1.02720404  1.02307677  1.03294492
  1.01665616  1.04160154  1.04940319  1.03223288  1.01669502  1.0332849
  1.03842044  1.03356874  1.01085579  0.96647918  0.92051959  0.81206125
  0.71638113  0.59269947  0.50116056  0.48105204  0.48112321  0.44148576
  0.27502155 -0.06644639 -0.77126956 -1.47840464 -1.71117246 -1.70135105
 -1.63614368 -1.60604692 -1.70238924 -1.82192159 -1.95778275 -2.06487417
 -2.09701562 -2.11908865 -2.14267635 -2.12033963 -2.14440966 -2.13480735
 -2.11926794 -2.0924747  -2.09203315 -2.09287477 -2.07657886 -2.06226063
 -2.053617   -2.02794003 -2.01427126 -2.00843644 -2.00607562 -1.98911893
 -1.97542465 -1.95749795]
[0.61676437 0.62296051 0.63012671 0.63472563 0.63920164 0.64313102
 0.64793658 0.64995295 0.65021926 0.65357172 0.65496397 0.65581787
 0.65535593 0.65773177 0.65855747 0.65940291 0.65999013 0.66119635
 0.66253394 0.66317099 0.66438425 0.6620906  0.66544324 0.66590726
 0.66637707 0.66859066 0.67022181 0.67147154 0.67239773 0.67289042
 0.67251664 0.67335516 0.6720199  0.67161071 0.66956645 0.66900212
 0.66823012 0.66665715 0.66663545 0.66506618 0.66557688 0.66525358
 0.66704333 0.6673122  0.66977453 0.66944665 0.66959518 0.67094111
 0.67165476 0.67463791 0.6759662  0.67719346 0.67814785 0.67931885
 0.67834443 0.67976922 0.67747593 0.67680466 0.67591393 0.67479718
 0.67251098 0.67176157 0.67247629 0.66991705 0.66659266 0.65736616
 0.64878005 0.64262748]
[ 0.64720333  0.64486802  0.63930893  0.65029758  0.62647307  0.64810544
  0.64134914  0.64016992  0.64381051  0.64975315  0.65145832  0.64258039
  0.63449711  0.65328008  0.65662158  0.64111459  0.6366595   0.64704353
  0.65049738  0.65254134  0.64499342  0.65730935  0.65224129  0.67341709
  0.65686667  0.65846086  0.65234625  0.65439206  0.66001117  0.66667324
  0.6715675   0.6867379   0.70178258  0.79676753  1.10488546  1.6999265
  2.56951475  3.29835963  3.46015501  3.02505302  1.94475281  0.4427259
 -0.8515529  -1.53510678 -1.78870928 -1.90450025 -1.98026586 -2.01962996
 -1.99138212 -1.93407261 -1.85074997 -1.783149   -1.7255336  -1.70917559
 -1.68647432 -1.66606927 -1.65353751 -1.64699769 -1.64491689 -1.62033808
 -1.61916673 -1.61587012 -1.59964561 -1.57751906 -1.57659352 -1.57324064
 -1.55654049 -1.54864705]
[ 0.63038093  0.63861889  0.63385278  0.63448519  0.63932741  0.63690209
  0.63641876  0.66267353  0.64942324  0.67276949  0.75266397  1.1408093
  2.00036073  2.98188806  3.46800542  3.44351745  2.73469925  0.88339239
 -0.95506305 -1.77158499 -1.98909938 -2.02292585 -2.03484344 -2.02483201
 -2.00616336 -2.00164056 -1.99711597 -1.99543989 -2.00385547 -1.98406267
 -1.97455943 -1.98414254 -1.96642268 -1.96327066 -1.95277786 -1.94554591
 -1.94065118 -1.90870917 -1.90900087 -1.87958944 -1.86259103 -1.87149417
 -1.86580336 -1.84556615 -1.83199441 -1.80168819 -1.78194392 -1.7619909
 -1.74922311 -1.71635568 -1.6988982  -1.6674509  -1.64152992 -1.61331248
 -1.59287548 -1.55416572 -1.51835632 -1.49771774 -1.43764007 -1.39248228
 -1.37782276 -1.36097109 -1.3069855  -1.27496767 -1.23308182 -1.18535638
 -1.16524243 -1.14875507]
[-1.6675576  -1.67063808 -1.67178488 -1.67101729 -1.6690892  -1.67261457
 -1.66669405 -1.66761863 -1.6687448  -1.66538358 -1.66975796 -1.6686368
 -1.66109753 -1.66446626 -1.65987408 -1.66100359 -1.66317117 -1.6569171
 -1.65699375 -1.65557849 -1.65158391 -1.65175211 -1.64643633 -1.63941836
 -1.63654387 -1.62918735 -1.61727393 -1.60857189 -1.59261751 -1.57556868
 -1.55813932 -1.53224504 -1.50543785 -1.47418213 -1.44192231 -1.39226353
 -1.3406316  -1.28464067 -1.2194097  -1.1439755  -1.06641924 -0.98535138
 -0.89868015 -0.80565423 -0.70941168 -0.6117661  -0.5159269  -0.41418543
 -0.31152675 -0.21832162 -0.12100406 -0.02903312  0.06227643  0.14067708
  0.21719623  0.2893658   0.34760839  0.39585426  0.44374907  0.48584661
  0.51829362  0.54619688  0.56622177  0.58852434  0.60126698  0.62011355
  0.63184011  0.64400947]
[ 0.69601893  0.66438544  0.65198529  0.66917866  0.64364278  0.66226614
  0.66783565  0.66451871  0.68172073  0.66300392  0.65008318  0.66232657
  0.63256878  0.66053116  0.64317286  0.64244926  0.61694872  0.64297783
  0.65977591  0.63676506  0.65518618  0.64627618  0.65672553  0.68300188
  0.64834762  0.66222769  0.65535343  0.66662425  0.64285952  0.63958883
  0.6433962   0.64623952  0.65515298  0.65894389  0.66258854  0.67070097
  0.67450392  0.64174777  0.66020572  0.66101021  0.64385611  0.64137107
  0.64860058  0.66777754  0.65607309  0.66411084  0.66571277  0.68070579
  0.67944723  0.69303054  0.66493368  0.66331643  0.62033683  0.68156815
  0.67367625  0.70032436  0.71251094  0.78630495  0.94396919  1.34469926
  2.11636639  3.06504321  3.7939384   4.03812647  3.51706338  2.27317333
  0.74534696 -0.52366585]
[ 0.65273643  0.67711937  0.7288565   1.08010197  1.9318887   2.94896173
  3.5999732   3.61954308  2.85612679  1.15245998 -0.74349433 -1.70294821
 -1.96871984 -2.02638507 -2.03129578 -2.0406096  -2.01723456 -2.00887394
 -1.99563837 -1.98285985 -1.98967445 -1.98132312 -1.98467922 -1.98050296
 -1.96001649 -1.96317148 -1.96024644 -1.94360209 -1.92312849 -1.92433763
 -1.90680861 -1.89301169 -1.86362803 -1.86064863 -1.86247063 -1.8619051
 -1.84114432 -1.81897843 -1.80049384 -1.80061376 -1.77715886 -1.76445687
 -1.73396552 -1.71876681 -1.69997764 -1.67604995 -1.6557889  -1.63141763
 -1.60826337 -1.58377731 -1.5439719  -1.52275574 -1.47890627 -1.4592185
 -1.43603432 -1.38357615 -1.34083724 -1.30329645 -1.26913202 -1.2337476
 -1.20096242 -1.18399107 -1.13097203 -1.10303319 -1.05246985 -1.01564181
 -1.00882053 -0.97740728]
[ 0.69312447  0.66573286  0.66136438  0.68607873  0.67342365  0.67292172
  0.66490102  0.65677047  0.6483711   0.67176908  0.64372891  0.65317738
  0.64135784  0.64553875  0.6695115   0.66415507  0.64774454  0.65967542
  0.65837544  0.64898181  0.68870521  0.666403    0.62863225  0.65774345
  0.63963747  0.66650903  0.64592367  0.66631436  0.66071475  0.68480873
  0.68899393  0.69312829  0.64627403  0.65619433  0.66815424  0.68398064
  0.67156368  0.71422988  0.71152657  0.79665434  0.92022753  1.28423798
  2.12518454  3.36334777  4.06147718  4.06682396  3.50614119  1.86167216
 -0.03490654 -1.03701079 -1.4296875  -1.70829237 -1.91656756 -2.09323168
 -2.17045546 -2.09429193 -1.90609384 -1.73121035 -1.55355561 -1.45976591
 -1.42282093 -1.38449371 -1.35070109 -1.33949196 -1.33367515 -1.32752109
 -1.29548204 -1.29493511]
[-0.28691685 -0.24899521 -0.22081411 -0.19135697 -0.16126987 -0.13295348
 -0.10706872 -0.07711581 -0.05250703 -0.03166728 -0.00851182  0.01445317
  0.03954054  0.05647766  0.08482633  0.09611104  0.12503304  0.14354633
  0.16152196  0.18367313  0.20063668  0.22270514  0.23438214  0.24881917
  0.26837787  0.28708625  0.2982688   0.31852189  0.32760289  0.34222803
  0.35834858  0.36930937  0.38120645  0.38937789  0.40138575  0.41230264
  0.42516708  0.43010566  0.4405517   0.45092368  0.4612931   0.46576831
  0.47639865  0.48519602  0.49221605  0.49559495  0.50491381  0.50834399
  0.51943141  0.51873577  0.5281058   0.52880412  0.53526622  0.54536301
  0.54603666  0.55106086  0.55803746  0.55990565  0.56686908  0.5655272
  0.5738489   0.57674164  0.57731372  0.58198851  0.58449477  0.58739209
  0.58962798  0.59369963]
[ 0.65356123  0.63215464  0.64595556  0.6657697   0.64812529  0.65749699
  0.68265438  0.66903651  0.68275088  0.66016352  0.66737574  0.67304724
  0.66602862  0.6541419   0.65391767  0.64401639  0.64452493  0.68636602
  0.66882098  0.67125952  0.66950762  0.6646958   0.64992869  0.69680119
  0.66841632  0.65401101  0.65184724  0.66065907  0.68281758  0.65762836
  0.66884929  0.67119241  0.69899005  0.7156769   0.69586658  0.66108823
  0.67688102  0.66912168  0.70501733  0.6986928   0.7182011   0.74445462
  0.85100627  1.01448607  1.58254552  2.48351264  3.5170691   4.1268754
  4.0408802   3.23600316  1.62583959  0.00928791 -1.01520562 -1.41948724
 -1.72968459 -1.94940221 -2.13013577 -2.23654699 -2.14014888 -1.92645264
 -1.70359814 -1.5074271  -1.39201605 -1.34940875 -1.28121722 -1.24607837
 -1.23558986 -1.20876622]
[ 0.65164399  0.65753776  0.63914293  0.64636171  0.66324854  0.65586734
  0.67465913  0.77951449  1.14582348  1.92452586  2.79671645  3.38213658
  3.42952585  2.76116514  1.17202973 -0.73473847 -1.73898041 -1.97278357
 -2.02779913 -2.02626991 -2.01698422 -2.01750207 -2.01294351 -2.00205898
 -1.99526954 -1.99012172 -1.99140823 -1.97748423 -1.97921872 -1.96578729
 -1.96221602 -1.96402717 -1.94046497 -1.92922413 -1.92026854 -1.90493
 -1.89407194 -1.8712759  -1.86963236 -1.8721776  -1.85676336 -1.83462071
 -1.81552744 -1.79997039 -1.79351771 -1.75810778 -1.74317133 -1.72264278
 -1.69827282 -1.6599617  -1.65107906 -1.61506438 -1.59597468 -1.56409764
 -1.54289114 -1.50534189 -1.46287048 -1.42232728 -1.3852185  -1.32989645
 -1.3149184  -1.28963113 -1.23009455 -1.2134949  -1.16432571 -1.11839199
 -1.09846473 -1.06533349]
[-1.69687951e+00 -1.68936372e+00 -1.68394673e+00 -1.68048942e+00
 -1.67410791e+00 -1.66398466e+00 -1.66088140e+00 -1.65209436e+00
 -1.64133680e+00 -1.63751626e+00 -1.62849760e+00 -1.62000918e+00
 -1.61122346e+00 -1.60166025e+00 -1.59231901e+00 -1.58318973e+00
 -1.57659805e+00 -1.55769277e+00 -1.55192399e+00 -1.53908181e+00
 -1.52775931e+00 -1.51758301e+00 -1.50401413e+00 -1.48720765e+00
 -1.47262561e+00 -1.46361971e+00 -1.45192671e+00 -1.43194091e+00
 -1.41709590e+00 -1.40196323e+00 -1.38525820e+00 -1.36853743e+00
 -1.35117352e+00 -1.32987118e+00 -1.31309032e+00 -1.29820347e+00
 -1.27646887e+00 -1.25490248e+00 -1.22557783e+00 -1.20540869e+00
 -1.18733430e+00 -1.16236258e+00 -1.13740206e+00 -1.10884118e+00
 -1.08197057e+00 -1.04844058e+00 -1.01645255e+00 -9.79226410e-01
 -9.41200495e-01 -8.98790479e-01 -8.57752204e-01 -8.09457541e-01
 -7.64560997e-01 -7.09443152e-01 -6.57037556e-01 -6.03216827e-01
 -5.48012197e-01 -4.94760215e-01 -4.35386211e-01 -3.76733661e-01
 -3.18046659e-01 -2.62877285e-01 -2.02771112e-01 -1.50437295e-01
 -9.53855887e-02 -4.45635691e-02  1.33764464e-03  3.92268114e-02]
[ 0.78882992  0.77505028  0.77388078  0.7732569   0.7716772   0.78709745
  0.77754289  0.76864475  0.76366222  0.79224902  0.78406769  0.80041659
  0.78199869  0.77972263  0.77361101  0.76856196  0.79147977  0.77034467
  0.78380942  0.78332949  0.78924316  0.78873551  0.78689504  0.79650074
  0.78648448  0.79304904  0.82165956  0.80767661  0.78232121  0.78812051
  0.79251289  0.80040848  0.80537623  0.80319935  0.790295    0.82600754
  0.81870335  0.80725205  0.80070174  0.7797839   0.80339801  0.81352192
  0.81921923  0.82289749  0.85599649  0.89629191  0.92314434  0.97097492
  0.92196757  0.78796625  0.5767948   0.42461509  0.29698965  0.22505958
  0.28584492 -0.12739654 -0.99920791 -1.69708419 -2.06469893 -2.23269582
 -2.28556252 -2.24919605 -2.12501955 -1.98420489 -1.86984837 -1.79333365
 -1.75340235 -1.72699249]
[ 1.46123838  0.60359603 -0.39790702 -1.089149   -1.50433826 -1.81563044
 -1.96434832 -1.98765874 -1.98841894 -1.98335326 -1.9787935  -1.97094464
 -1.96310723 -1.95613384 -1.95223129 -1.95212102 -1.93842232 -1.93125784
 -1.92350805 -1.91179514 -1.90751779 -1.90009534 -1.88591671 -1.8693943
 -1.86403823 -1.85460079 -1.84679329 -1.83334279 -1.819453   -1.8031311
 -1.79221892 -1.77476192 -1.76104462 -1.74164259 -1.73440897 -1.72453868
 -1.69950855 -1.67492473 -1.66176033 -1.64592886 -1.62380171 -1.60106409
 -1.58056664 -1.56133831 -1.54012585 -1.51455534 -1.49268198 -1.47432661
 -1.43986297 -1.42420042 -1.39531064 -1.37156832 -1.34040987 -1.31674051
 -1.28511596 -1.25439954 -1.22408915 -1.19008517 -1.1646651  -1.11888707
 -1.08832955 -1.05609047 -1.02679551 -0.99483746 -0.95476037 -0.93192655
 -0.89248145 -0.85979319]
[ 0.67045778  0.6963951   0.67244577  0.68173373  0.67836887  0.66254717
  0.66045767  0.67030758  0.66318822  0.65750021  0.65783572  0.66676509
  0.64708132  0.66210854  0.65469587  0.64703655  0.67861503  0.65755272
  0.67295641  0.69821304  0.67876887  0.66280907  0.6548261   0.66431993
  0.65478331  0.64850223  0.65411448  0.63192743  0.68686134  0.67693132
  0.6670537   0.65293103  0.62700748  0.67784309  0.6959579   0.66310132
  0.66450226  0.65207332  0.67899108  0.65233785  0.65194571  0.672975
  0.69719833  0.69538695  0.70652652  0.68962866  0.67297196  0.65590239
  0.68334883  0.67620522  0.68564147  0.72396392  0.76859677  0.86553329
  1.01866364  1.33972657  1.93689942  2.74198532  3.56743336  3.93865848
  3.77372241  2.89311361  1.30135977 -0.23347728 -1.31277931 -1.72610354
 -1.96223938 -2.11112165]
