[-2.75563955 -0.77954113  1.8082242  -2.76951075 -7.66127253 -6.40252495]
[0.64914191 0.5495894  0.47504917 0.39797163 0.30794686 0.24213547]
[-1.88740146 -1.7776829  -1.67660475 -1.49576163 -1.19494534 -0.86866987]
[1.35478497 1.27709699 1.17020047 1.0756309  0.94738901 0.80031419]
[ 0.31087989  0.28916323  0.15622281  0.08054149 -0.0153551  -0.09021389]
[-7.00606441 -5.48415709 -3.4802196  -4.978652   -2.73099828 -1.03705931]
[0.6045199  0.65284276 0.6903106  0.72289664 0.76142615 0.79548329]
[-0.31221923 -0.32498112 -0.35500607 -0.36874577 -0.38229015 -0.42014199]
[-0.66603976 -0.18230754  0.93006587  0.69205457 -1.04327214 -1.66904116]
[-1.33795011 -6.91069174 -6.2825017  -3.28334665 -4.46917009 -3.80271888]
[-0.54915661 -0.3137897  -0.1336807   0.01459981  0.25823826  0.46805134]
[-1.15999985 -0.87413055 -0.58127606 -0.34173369 -0.14768684  0.06118801]
[-1.10419858  5.17277908  3.27615094 -3.56434011 -2.09576416 -0.49607897]
[ 0.87054497 -3.00419378 -7.33535957 -6.17042637 -2.97495222 -3.64452481]
[1.02397335 0.92470342 0.81412655 0.69641531 0.58179808 0.47241783]
[-0.13374034  0.12560168  0.35544568  0.54845679  0.61814934  0.66192251]
[0.88168591 0.92947215 0.98196089 1.03088558 1.08180666 1.12749696]
[-0.09660651 -0.12797934 -0.15146692 -0.12967549 -0.13959283 -0.27788764]
[-2.19997716 -1.75456643 -0.70168167 -2.79956365 -3.93805647 -2.00490475]
[ 0.32466829  0.31300804  0.28879774  0.16412556  0.03437525 -0.04860689]
[1.37030375 1.43298268 1.44607317 1.50773704 1.45023787 1.48587561]
[-2.43609738 -1.04889274 -1.40179873 -1.70201302 -2.18825674 -3.41533661]
[-1.66435087 -1.43707979 -1.18539226 -0.90502834 -0.60180122 -0.36418986]
[ 4.86461306 -1.19153428 -2.88791871 -0.86451894 -0.93243217 -3.23048949]
