[ 0.7479428   0.75366051  0.74860496  0.75920285  0.7567361   0.75741017
  0.76423844  0.76286095  0.76074123  0.7780838   0.77748388  0.78163747
  0.74675968  0.77681306  0.75186227  0.75875287  0.73941698  0.74892514
  0.74620264  0.74403145  0.71966657  0.71764492  0.7105493   0.69499352
  0.68347162  0.68228746  0.64296364  0.65428561  0.59816662  0.62030261
  0.6030898   0.57453361  0.56543148  0.54612952  0.51244435  0.50208642
  0.48521493  0.46084314  0.45969257  0.40383154  0.39486908  0.408412
  0.34569711  0.30148997  0.27028311  0.29173369  0.23926004  0.21979432
  0.19050028  0.17419251  0.11975657  0.14683887  0.06709567  0.06197485
  0.00412982 -0.01741271 -0.04888808 -0.07991404 -0.0889619  -0.13012008
 -0.17144971 -0.17140309 -0.22182075 -0.2697172  -0.29509553 -0.32884242
 -0.35889745 -0.38561941 -0.40212164 -0.45437562 -0.45547564 -0.48636873
 -0.52257386 -0.56607986 -0.56979736 -0.59364779 -0.62152219 -0.64423182
 -0.66417873 -0.68252779 -0.70447808 -0.72041914 -0.71490906 -0.76021494
 -0.77845127 -0.77933123 -0.81053654 -0.85066861 -0.82511859 -0.84658759
 -0.85183147 -0.87426757 -0.87609523 -0.87740159 -0.89411698 -0.91023734
 -0.921641   -0.91045468 -0.91157906 -0.92410961 -0.93133384 -0.9268821
 -0.96252982 -0.94082903 -0.95087101 -0.95183794 -0.93468369 -0.93958678
 -0.95414585 -0.95722814 -0.95260052 -0.93913744 -0.9363243  -0.93580347]
[-0.31695371 -0.30682539 -0.28357988 -0.26191706 -0.23112477 -0.21878938
 -0.19785441 -0.16570124 -0.14953199 -0.08396665 -0.09261727 -0.07176386
 -0.05069178 -0.03081222  0.00448311  0.02845954  0.05396275  0.06732598
  0.09753043  0.12048006  0.13752726  0.16125961  0.18582639  0.20522321
  0.23419303  0.27227185  0.3033554   0.31295557  0.33943086  0.362065
  0.39311314  0.4309334   0.43764595  0.45946302  0.48591651  0.50728476
  0.57116969  0.55033467  0.57617546  0.59599397  0.61050318  0.62883818
  0.64570742  0.66402538  0.66473981  0.70506987  0.71309616  0.72729712
  0.74238704  0.77026648  0.76556457  0.78440268  0.7924292   0.81184624
  0.86888667  0.86705478  0.88847905  0.89361689  0.90767607  0.90553191
  0.90436814  0.91462139  0.91834371  0.92538547  0.92184764  0.92279705
  0.91996471  0.91599117  0.91014585]
[-0.15440904 -0.17881779 -0.20132292 -0.22506231 -0.24103263 -0.26768096
 -0.31338821 -0.32614209 -0.34104605 -0.34481248 -0.37106586 -0.41382021
 -0.43133934 -0.47257105 -0.48233692 -0.47780909 -0.49624759 -0.51250144
 -0.54672616 -0.55583625 -0.57848932 -0.61299639 -0.61282202 -0.64282393
 -0.65439693 -0.69229517 -0.69128662 -0.70294559 -0.69106287 -0.7407502
 -0.75008032 -0.77643978 -0.74089162 -0.7968746  -0.80348645 -0.80398156
 -0.75569037 -0.83441683 -0.84027708 -0.84394706 -0.86521709 -0.85218139
 -0.89004687 -0.85926856 -0.83659132 -0.85669293 -0.85305154 -0.85378918
 -0.84909767 -0.84028955 -0.84069937 -0.85524706 -0.82846707 -0.83995636
 -0.81780743 -0.80809078 -0.7967712  -0.78605624 -0.78603642 -0.71436494
 -0.74276752 -0.72788364 -0.76677755 -0.71932349 -0.69434291 -0.65150969
 -0.62290064 -0.6090606  -0.59685554 -0.57189744 -0.5333427  -0.49917508
 -0.47234288 -0.43896382 -0.43527866 -0.38984869 -0.37059137 -0.30716521
 -0.31215002 -0.28571223 -0.25528365 -0.20873041 -0.19045303 -0.16161945
 -0.11456556 -0.10786164 -0.06583563 -0.02649189 -0.00646229  0.02568886
  0.06093622  0.10320474  0.16521131  0.16001605  0.17012221  0.26721386
  0.25733781  0.28150587  0.30974085  0.33894629  0.36234204  0.34049664
  0.42765796  0.42555311  0.46422447  0.48926977  0.51596723  0.54044618
  0.56629478  0.58020312  0.60187816  0.64936296  0.58199002  0.65860331]
[ 0.74794758  0.75366538  0.7486019   0.75920439  0.75673761  0.75741338
  0.76424479  0.76285958  0.76074583  0.77808528  0.7774881   0.78163842
  0.74676282  0.77681544  0.75186445  0.75875501  0.7394333   0.74892732
  0.74620864  0.74403277  0.71967538  0.71765736  0.71055926  0.69499467
  0.68346124  0.68229113  0.64296492  0.6542793   0.59817265  0.62030462
  0.60309164  0.57454392  0.56543336  0.54613443  0.51245024  0.50208733
  0.48521546  0.4608442   0.45969913  0.40383093  0.39488142  0.40841069
  0.34570044  0.30149411  0.27029639  0.29173792  0.23926965  0.21979217
  0.1905009   0.1741965   0.11975726  0.14683938  0.06709876  0.06197856
  0.00413111 -0.01739297 -0.04888519 -0.07992017 -0.08896622 -0.13011968
 -0.17145128 -0.17140188 -0.22181905 -0.26971973 -0.29509598 -0.32884233
 -0.35890211 -0.38560443 -0.40212462 -0.45437735 -0.45547634 -0.48636966
 -0.52259619 -0.56608018 -0.56978718 -0.59365114 -0.62151839 -0.64423237
 -0.66417954 -0.68252767 -0.70447828 -0.7204216  -0.71491044 -0.76021691
 -0.77845209 -0.77933127 -0.81053731 -0.85067795 -0.82512084 -0.8465876
 -0.85183498 -0.87426917 -0.87609662 -0.87740407 -0.8941178  -0.91023575
 -0.92163935 -0.91045552 -0.91158915 -0.92411113 -0.93133559 -0.92688311
 -0.96253214 -0.94083361 -0.95086291 -0.95183983 -0.93468556 -0.93958391
 -0.95414755 -0.95723182 -0.9526033  -0.93913932 -0.93632626 -0.93580583]
[-0.31629879 -0.30689157 -0.28299582 -0.26138228 -0.2306478  -0.21328888
 -0.19743389 -0.1653218  -0.14922236 -0.08371807 -0.09238648 -0.07158928
 -0.05028486 -0.03072494  0.00457562  0.02845485  0.05391499  0.06727795
  0.09748876  0.12034057  0.13212374  0.1614212   0.18563481  0.20503657
  0.23410083  0.2719999   0.30228097  0.31263843  0.33904518  0.36173611
  0.39269082  0.43045759  0.43717723  0.4588702   0.48541974  0.50675377
  0.57059452  0.54980139  0.5756605   0.5954732   0.61339342  0.62839509
  0.64517241  0.66333566  0.66423073  0.70442247  0.71261869  0.72678873
  0.73904018  0.76976065  0.76507507  0.78397598  0.78441748  0.81136973
  0.86831175  0.86174387  0.88783645  0.89323987  0.90705853  0.90490378
  0.90374311  0.91399619  0.91764643  0.9247251   0.92096776  0.92211589
  0.91935147  0.91496693  0.90945769]
[ 0.7479443   0.75366203  0.74860533  0.75920415  0.7567387   0.75741169
  0.76424022  0.76286202  0.76074259  0.77808459  0.77748589  0.781639
  0.74676169  0.77681471  0.75186373  0.75875431  0.73941958  0.74892659
  0.74620483  0.74403283  0.71966907  0.71764779  0.71055132  0.69499436
  0.68347291  0.68228844  0.64296434  0.65428716  0.59816793  0.62030388
  0.60309102  0.5745421   0.56543265  0.54613042  0.51245052  0.50208786
  0.48521594  0.46084399  0.45969381  0.40383116  0.39487001  0.40841066
  0.34569843  0.30149441  0.27029553  0.29173448  0.23926212  0.21979553
  0.1905005   0.1741935   0.11975684  0.14683808  0.06709729  0.06197031
  0.00413019 -0.01741289 -0.0488886  -0.07991408 -0.08896629 -0.13011947
 -0.17145036 -0.17140299 -0.22182047 -0.26971745 -0.29509519 -0.32884253
 -0.35889819 -0.38561938 -0.40212209 -0.45437614 -0.45547623 -0.4863695
 -0.52257438 -0.56608022 -0.56979711 -0.59364866 -0.62152139 -0.6442324
 -0.66417917 -0.68252752 -0.70447816 -0.72042068 -0.71490967 -0.76021661
 -0.77845187 -0.77933106 -0.81053708 -0.85067009 -0.82511933 -0.84658834
 -0.8518328  -0.87426874 -0.87609618 -0.87740326 -0.89411733 -0.91023481
 -0.92164219 -0.91045514 -0.9115805  -0.92411058 -0.93133498 -0.92688283
 -0.96253147 -0.94083036 -0.95087107 -0.95183916 -0.9346848  -0.93958806
 -0.95414667 -0.95723029 -0.95260256 -0.93913863 -0.93632554 -0.93580441]
[-0.31694183 -0.30681755 -0.28357127 -0.26190909 -0.23111764 -0.21878182
 -0.19784799 -0.16569615 -0.1515087  -0.08396317 -0.09261337 -0.07176164
 -0.05068201 -0.0308097   0.00448252  0.02621721  0.05396155  0.06732571
  0.09796842  0.12047862  0.14038922  0.16125968  0.18582411  0.20522054
  0.2341899   0.26526984  0.30334742  0.31295116  0.33942536  0.36206074
  0.39310719  0.43092663  0.43763908  0.45945588  0.48333664  0.50727707
  0.57115895  0.55032692  0.57134725  0.59598121  0.61049498  0.6270138
  0.64570017  0.66401742  0.66473119  0.70505874  0.7130889   0.72728959
  0.74237958  0.77025662  0.76555735  0.78439626  0.79713419  0.81183911
  0.87011991  0.86704703  0.88846941  0.8936154   0.90766634  0.90552273
  0.90435876  0.91461149  0.91833343  0.92537539  0.92183818  0.92278698
  0.91995665  0.91598085  0.91013546]
[-0.22451104 -0.21481701 -0.18685707 -0.1647279  -0.13361859 -0.11871546
 -0.09889176 -0.06634326 -0.04532598  0.01854062  0.00301113  0.03275204
  0.05757611  0.07668187  0.10920046  0.1331761   0.15825087  0.17012012
  0.19861899  0.22067803  0.23716068  0.26027758  0.27289368  0.29979135
  0.32818725  0.36374741  0.39359374  0.40191544  0.42477653  0.44573577
  0.48043414  0.50680958  0.52509804  0.5295343   0.54931857  0.56680417
  0.62397099  0.62820035  0.61040377  0.64542032  0.65662979  0.67756149
  0.68867567  0.70465156  0.70026927  0.73508577  0.74395952  0.75844894
  0.76756737  0.79390946  0.79227795  0.80489694  0.80769887  0.8239569
  0.87083959  0.86387148  0.88104431  0.88309036  0.89281089  0.87574036
  0.8808995 ]
[-0.15446502 -0.17886689 -0.201368   -0.22509978 -0.24108102 -0.2677002
 -0.31341563 -0.32615842 -0.34107822 -0.34483206 -0.37109558 -0.41385551
 -0.43137601 -0.47257954 -0.48239019 -0.47784549 -0.49626987 -0.5125477
 -0.5467908  -0.55591455 -0.57859308 -0.61311445 -0.6129698  -0.64294702
 -0.65453969 -0.69244752 -0.69142849 -0.70310394 -0.69120439 -0.74088972
 -0.75023991 -0.77661149 -0.74104906 -0.79702913 -0.80364144 -0.80411971
 -0.75583204 -0.83458081 -0.84045548 -0.84410011 -0.86539281 -0.85230714
 -0.89019705 -0.85941897 -0.83672749 -0.8568021  -0.85316544 -0.85387723
 -0.84919339 -0.84036132 -0.84077391 -0.85532719 -0.82852127 -0.8400276
 -0.81784013 -0.8081193  -0.79680814 -0.78606774 -0.78600497 -0.71432489
 -0.74270452 -0.72779773 -0.76662336 -0.7191848  -0.69421606 -0.65136071
 -0.62273342 -0.60890089 -0.59665942 -0.57168007 -0.53311472 -0.49894371
 -0.47211929 -0.43870971 -0.4350525  -0.38962243 -0.37036542 -0.30696817
 -0.31191504 -0.28547736 -0.2550621  -0.20849565 -0.19019933 -0.16135075
 -0.11428253 -0.10755302 -0.06551874 -0.0261893  -0.00617248  0.02596624
  0.06122939  0.10351865  0.16555208  0.16033178  0.17042846  0.26748998
  0.25760795  0.28176469  0.30998396  0.33917782  0.36255891  0.34069397
  0.42781876  0.4257032   0.46433068  0.48936257  0.51604273  0.54050792
  0.56634384  0.58024177  0.60188042  0.64936287  0.58197752  0.65857822]
[-0.31924171 -0.29934323 -0.28527508 -0.26288338 -0.23228647 -0.21911983
 -0.20371357 -0.16638721 -0.15023944 -0.08522942 -0.09940538 -0.08245525
 -0.05112334 -0.03105819  0.00409883  0.03789086  0.04969292  0.06715749
  0.0973653   0.12038546  0.13533762  0.16194187  0.18536351  0.20804321
  0.23956693  0.28634892  0.30049834  0.31242602  0.33857688  0.36037398
  0.39161535  0.42956672  0.43541516  0.45044049  0.48295317  0.504686
  0.56909594  0.5503402   0.57396519  0.59850213  0.60924095  0.62666979
  0.642678    0.66149098  0.66290682  0.69859228  0.71216869  0.72695064
  0.74261913  0.77093517  0.76701637  0.78628142  0.79483656  0.81530131
  0.87243353  0.87127071  0.8939519   0.89081741  0.91317644  0.91227976
  0.91155063  0.92281221  0.92588364  0.93362233  0.93124164  0.92993341
  0.92824432  0.92345262  0.91848497]
[ 0.82736216  0.83358487  0.82423418  0.83316352  0.8280996   0.83112479
  0.83215025  0.82674417  0.82102105  0.82825336  0.82281385  0.81852547
  0.78107205  0.80281635  0.77312007  0.77477447  0.75283962  0.75324949
  0.74799205  0.73670306  0.71385079  0.70712942  0.69363468  0.67529822
  0.65628898  0.65615852  0.6161499   0.62190736  0.56615138  0.57758336
  0.56130443  0.53122905  0.52019757  0.49699499  0.46325181  0.44887331
  0.42997625  0.40511481  0.39782754  0.34033187  0.33110301  0.3333767
  0.27647213  0.23430021  0.20286195  0.21200457  0.16111977  0.13351626
  0.1013      0.08120043  0.02184052  0.03840948 -0.0342566  -0.05083049
 -0.10408786 -0.12873947 -0.16390547 -0.19682757 -0.21176209 -0.2496864
 -0.29711539 -0.29930994 -0.34996143 -0.39656005 -0.4245696  -0.45630307
 -0.49130836 -0.51323993 -0.53669055 -0.58886128 -0.5919016  -0.62475411
 -0.6607524  -0.70206414 -0.70455913 -0.73435433 -0.76118143 -0.78246097
 -0.80136313 -0.82124346 -0.84439512 -0.85981    -0.85793214 -0.90301528
 -0.91635108 -0.92192582 -0.9463697  -0.98623741 -0.96057752 -0.98419124
 -0.98879622 -1.00783998 -1.00907465 -1.01312088 -1.02612197 -1.03706281
 -1.0448758  -1.03388623 -1.03331575 -1.03990819 -1.04328592 -1.03578172
 -1.06379833 -1.04181673 -1.04344435]
[ 0.11348388  0.11459393  0.1113634   0.11730473  0.15932586  0.16143441
  0.20814939  0.21011517  0.21301379  0.26475949  0.2751921   0.28416904
  0.27474147  0.29875901  0.29629347  0.34178205  0.34295558  0.35931002
  0.37061991  0.38301948  0.38540114  0.39967955  0.41234917  0.42144129
  0.45202173  0.41269728  0.41274881  0.43891018  0.37303629  0.40572919
  0.41947024  0.42820401  0.3873605   0.40190863  0.40972095  0.36941909
  0.38681103  0.34028433  0.36662049  0.36608403  0.38968058  0.36377721
  0.39088648  0.39867516  0.35221077  0.33264225  0.33777173  0.35959343
  0.37710005  0.40150497  0.40712409  0.45392695  0.44761679  0.47896987
  0.4770289   0.49380383  0.53440091  0.55145516  0.57544955  0.58747641
  0.5996839   0.63301891  0.64137187  0.65114663  0.67258669  0.62942922
  0.64898482  0.61025144  0.57679603  0.52608581  0.56151484  0.58221715
  0.63688734  0.59241094  0.6276399   0.65283415  0.61729217  0.64353628
  0.61259087  0.64156595  0.61045874  0.58282573  0.56648015  0.52525307
  0.49817264  0.48032381  0.44782065  0.46771638  0.46456273  0.42362763
  0.40672817  0.3819602   0.3680981   0.32605897  0.30517167  0.28524975
  0.26841631  0.26346879  0.25306189  0.20458959  0.15877697  0.15155207
  0.09141266  0.05993387  0.01276102 -0.07218997 -0.10576205 -0.15026068
 -0.19961598 -0.2112384  -0.25115832 -0.28652596 -0.32721464 -0.36901087]
