[-2.18705222e-01 -3.10101748e-01 -9.38554183e-02 -1.96232751e-01
 -1.19743720e-02  1.17968721e-02  1.63564637e-01  4.90523934e-01
  3.60394406e+00  1.50505066e+01  4.64976883e+00  1.24951231e+00
  2.78607816e-01 -8.50833356e-02 -9.07261148e-02  4.31624241e-02
  9.43686590e-02 -1.07585145e-02  1.81834027e-01  4.34348255e-01
 -2.44741052e-01 -7.95521066e-02 -1.31493077e-01]
[-0.33651364 -0.33670118 -0.33901924 -0.33892888 -0.33684501 -0.33341694
 -0.32886106 -0.32783842 -0.32798824 -0.32601929 -0.32514927 -0.31950495
 -0.31841159 -0.31708729 -0.31636858 -0.31673723 -0.31446743 -0.31056556
 -0.30718124 -0.30519113 -0.30453983 -0.29866055 -0.29601696]
[1.46293294 1.66464496 2.00904918 2.19580102 2.3436718  2.60200167
 2.62516356 3.07809496 3.24682903 3.62919211 3.55534697 3.49559045
 3.86876702 3.91573286 3.95182133 3.77753615 3.83219671 3.98050642
 3.88621402 3.85033679 3.70896101 3.6961484  3.41451907]
[-0.64841843 -0.64985937 -0.65111482 -0.65078074 -0.64850217 -0.6463204
 -0.64244753 -0.63621849 -0.63064408 -0.62322229 -0.61620522 -0.6118809
 -0.60891145 -0.60150325 -0.5966174  -0.59077638 -0.58489233 -0.58039552
 -0.57642746 -0.56584227 -0.56380713 -0.55479234 -0.5502153 ]
[-0.09245507 -0.03578964 -0.03996331 -0.01755146  0.06085996  0.13128382
  0.16449925  0.12732236  0.18845759  0.23967667  0.39290813  0.56974566
  0.72367817  0.86840606  0.94988763  1.29027605  1.68708467  2.17786002
  2.62144136  3.05795598  3.16668034  3.45237017  3.25882697]
[0.45656008 0.69508719 0.89238793 1.05854559 1.28889191 3.18972135
 6.9012928  5.56197548 4.17543697 2.30724382 1.23930132 0.7465204
 0.64187551 0.70675987 0.67771363 0.55266011 0.53099489 0.5145058
 0.63339549 0.82190704 0.94932365 0.93264079 0.88420671]
[2.87873006 2.72380304 2.63977861 2.38184643 2.10102177 1.81608462
 1.47393835 1.31163001 1.13490951 0.96773565 0.77635539 0.66409266
 0.61829114 0.48731938 0.4326351  0.40256888 0.35902703 0.32836205
 0.27688482 0.23292571 0.21097885 0.19545957 0.13522893]
[-1.27966905 -1.28127396 -1.28281522 -1.28309441 -1.28422105 -1.28385627
 -1.28453958 -1.2853725  -1.28442228 -1.2825253  -1.28085351 -1.27790117
 -1.27054548 -1.26577199 -1.25670171 -1.24419355 -1.23545206 -1.21509302
 -1.20068741 -1.18302    -1.16084874 -1.12614381 -1.09341264]
[0.51670098 0.48163116 0.48015401 0.53354269 0.4901427  0.51853949
 0.49949068 0.54117012 0.54773003 0.56969142 0.59839493 0.59587675
 0.59787536 0.54588938 0.55015159 0.5522356  0.5596745  0.5499205
 0.56201553 0.5578416  0.58492506 0.57844931 0.56776327]
[1.09778237 1.14580822 1.20881402 1.22828543 1.2334379  1.27510023
 1.29400408 1.40732813 1.46048665 1.46373701 1.49340332 1.39808524
 1.46442568 1.43812871 1.53018761 1.49670184 1.54724872 1.54008853
 1.58701336 1.6372056  1.61087978 1.5888375  1.64539814]
[3.20458508 3.36273408 3.34619832 3.80212069 3.5383265  3.66452217
 3.20259714 3.25674772 3.08020878 2.71550393 2.65995717 2.6058526
 2.74372983 2.61014199 2.4582653  2.12694335 2.04138136 2.08429193
 1.81394839 1.72595501 1.58535218 1.3769871  1.35279179]
[1.61136058e-03 5.07207215e-02 7.75699019e-02 1.18769825e-01
 1.79245353e-01 2.12873906e-01 2.25268722e-01 2.64962435e-01
 3.12575012e-01 5.28046489e-01 7.75688529e-01 1.09520006e+00
 1.26534414e+00 1.91778541e+00 3.60355663e+00 7.49927425e+00
 6.07425022e+00 4.15745497e+00 2.09646368e+00 1.18616915e+00
 6.80610299e-01 6.61010444e-01 7.41285145e-01]
[0.53558743 0.40296698 0.55411941 0.75996155 0.98885924 0.65301245
 0.65121168 0.77201474 1.0262115  1.23495746 1.21026766 1.52522624
 3.37390947 5.35106087 6.22775269 1.91465032 0.85040402 0.50439811
 0.33814973 0.25550845 0.29353172 0.2142994  0.17678626]
[ 0.02500705  0.01726563  0.00826623  0.02106458  0.00539346  0.00923906
  0.0003098   0.00622841  0.01299406 -0.00207157  0.00452375 -0.00771275
  0.0060548   0.01012672  0.01040357  0.00218784  0.00815999  0.00840957
  0.03126103  0.0165127   0.01413574  0.02884682  0.03846757]
[ 0.27598768  0.69318312  0.39439431  0.30039069  0.41078007  0.47881767
  0.78582352  1.08284175  1.40724707  2.35713625  4.16769457 10.48644066
  4.79160643  2.54273129  1.10140681  0.46814117  0.19305262  0.25975963
  0.42375058  0.3717064   0.35182717  0.32929933  0.36259758]
[-0.28312412 -0.29202765 -0.30856261 -0.31115761 -0.25769666 -0.27994305
 -0.29914901 -0.30146047 -0.28335521 -0.30565894 -0.2958892  -0.2928977
 -0.28070062 -0.27372956 -0.24863763 -0.25450203 -0.22990039 -0.22877292
 -0.19753078 -0.15053698 -0.16535723 -0.15536609 -0.10263517 -0.05946125
  0.02194156  0.0437346   0.07129862  0.15294012  0.18699771  0.25977468
  0.32625794  0.41551852  0.5127241   0.59171158  0.67216766  0.80413783
  0.92170089  0.96712285  1.27822471  1.86034739  1.98079097  2.02254152
  2.20850611  2.39251065  2.45923376  2.39814663]
[ 4.07418460e-02  2.38102488e-02  1.87702943e-02  8.63310229e-03
  9.38713551e-03  1.22030685e-02  6.67409506e-03  5.58867212e-03
  7.19838263e-03  1.03066592e-02  2.08685617e-03  2.91394480e-02
  2.71922406e-02  2.80458592e-02  1.59023348e-02  1.59242731e-02
  3.16627906e-03  6.66313013e-03 -5.59665915e-03  4.78518615e-03
  2.44423561e-03  2.14146357e-03 -1.14342198e-03  4.70396504e-03
 -5.30002313e-03 -3.87377874e-03 -2.39401961e-05 -1.45271444e-03
  5.50965220e-03  1.72276851e-02 -6.18622173e-04  1.05055692e-02
  1.48258451e-02  1.05733378e-02  7.38642877e-03  6.81658555e-03
  1.91882029e-02  3.07996925e-02  3.69273312e-02  2.73484867e-02
  3.25214416e-02  2.92200930e-02  3.03189158e-02  3.99005339e-02
  4.75107394e-02  6.29801527e-02]
[0.57328779 0.6838448  0.73912799 0.82412392 0.90273178 0.96771085
 1.11772907 1.24711871 1.39834464 1.55822575 1.68441927 1.93409753
 2.00188255 2.11607027 2.25190783 2.56394076 2.59318495 2.78349638
 2.99177551 3.25465274 3.22240114 3.42601252 3.32418156 3.39528894
 3.06116009 2.86072183 2.67194963 2.54463983 2.36828399 2.21718168
 2.17148256 1.98942804 1.92268014 1.78536594 1.6437856  1.67321014
 1.52563894 1.4298923  1.31984258 1.11864507 1.08923435 1.04864359
 1.02086759 0.79128093 0.75817209 0.63601053]
[0.54293066 0.58476996 0.60553628 0.66002661 0.66938102 0.67632371
 0.73674524 0.69467509 0.77533227 0.82463175 0.83162683 0.82733589
 0.89333051 0.96192122 0.98843932 1.04554689 1.04400194 1.13602114
 1.19165576 1.22206736 1.21314442 1.26651549 1.30310488 1.39293516
 1.44751227 1.46956325 1.37989378 1.43744159 1.46218681 1.59103489
 1.68781376 1.7001543  1.68042922 1.69237602 1.82026839 1.97280264
 1.98365891 2.02581787 2.15713787 2.23073792 2.41029668 2.25731325
 2.36797071 2.25616956 2.19617176 2.1849215 ]
[ 2.5344758   2.64685249  2.86619425  2.96809816  3.26884484  3.34674931
  3.53620267  3.51987815  3.51430655  3.56585288  3.31170201  3.25190949
  3.059829    2.82298136  2.62615681  2.38629556  2.37642789  2.36197257
  2.21419621  1.95288658  1.68959522  1.40362346  1.11017776  0.9669348
  0.76057088  0.66931999  0.52409261  0.49024028  0.39471418  0.28123108
  0.21182568  0.17341252  0.09051632  0.10576809  0.10156709  0.04603076
  0.06034786  0.03734943  0.00980235 -0.04421737 -0.09761274 -0.14615223
 -0.13133855 -0.09557024 -0.16808076 -0.2028908 ]
[-0.69110024 -0.69398355 -0.69511294 -0.69704139 -0.69669753 -0.6938085
 -0.69535094 -0.69075555 -0.68819147 -0.68336481 -0.6782524  -0.6741491
 -0.66915768 -0.66725862 -0.66057909 -0.65333223 -0.64613515 -0.64155608
 -0.63410538 -0.62641466 -0.61882025 -0.61097813 -0.60532308 -0.59635955
 -0.59004742 -0.58575648 -0.57736647 -0.56793028 -0.56636316 -0.56148648
 -0.5574556  -0.55406588 -0.54627109 -0.54206043 -0.54100716 -0.53828567
 -0.53359193 -0.5302735  -0.52287114 -0.52089977 -0.51412469 -0.50883901
 -0.50880957 -0.50249451 -0.494064   -0.49348256]
[-0.33251074 -0.33808473 -0.33162731 -0.32087544 -0.30734703 -0.31834608
 -0.30427364 -0.31165665 -0.29782721 -0.27880812 -0.26914081 -0.25177443
 -0.08355343 -0.20181745 -0.03419996  0.05962597 -0.11939894 -0.10675904
 -0.03563294  0.00884154  0.04107457  0.16223048  0.23617089  0.36453158
  0.46171224  0.63658518  0.77018279  1.02993965  1.21075737  1.45839047
  1.61011899  1.89759994  2.28996944  2.66257906  3.02123737  3.15614986
  3.52383661  4.58098316  3.82609296  3.53259301  2.95381427  2.73425078
  2.42911148  2.35528946  2.46310711  2.13887024]
[-0.35078773 -0.35581431 -0.35711485 -0.35769495 -0.35817993 -0.35769385
 -0.35448092 -0.3540788  -0.34998319 -0.34369409 -0.34231186 -0.33832437
 -0.33732361 -0.33887395 -0.33234116 -0.3289867  -0.3293249  -0.32978237
 -0.32695726 -0.3261148  -0.32650059 -0.32635152 -0.32145649 -0.32142976
 -0.31933147 -0.31847844 -0.31499302 -0.31299874 -0.31096241 -0.31443346
 -0.31090796 -0.30457199 -0.30151349 -0.2965146  -0.30032077 -0.29438758
 -0.29359877 -0.28384066 -0.27883509 -0.27443895 -0.26130605 -0.25550839
 -0.25305331 -0.24527736 -0.24115433 -0.2332    ]
[ 2.45224261  2.55267668  2.49843931  2.27645636  2.13493896  1.99776793
  1.58603823  1.42989552  1.38249719  1.2252903   1.1795541   0.98338866
  0.87756824  0.71112859  0.65110338  0.61464983  0.62569302  0.54490882
  0.47173989  0.44101477  0.40159819  0.34185028  0.36161938  0.3044731
  0.27881259  0.30742013  0.25556791  0.26088428  0.17246263  0.10048547
  0.07919599  0.03801003 -0.02734058 -0.06278896 -0.0839642  -0.07434783
 -0.1110723  -0.13197348 -0.16853485 -0.16844933 -0.17190036 -0.19437858
 -0.2078215  -0.22200602 -0.22056952 -0.245527  ]
[0.25948659 0.25106728 0.20497073 0.20806418 0.25653026 0.24789961
 0.36951879 0.4419938  0.5679521  0.87297559 1.14618325 1.74023569
 2.63834572 3.98967099 5.46337652 3.8551681  3.56757927 2.02484226
 1.69893312 1.2289449  1.04000008 0.93137515 0.76460981 0.67226595
 0.79503429 0.58611619 0.72606689 0.76614416 0.92928243 0.9216072
 0.96829563 0.97368127 0.9275412  0.86005545 0.74228233 0.5331099
 0.60804093 0.34105504 0.38286313 0.42248255 0.45658353 0.42064506
 0.32666719 0.19083861 0.16674399 0.15891244]
[0.35724276 0.33224511 0.34407228 0.34881717 0.39152646 0.40161371
 0.39539468 0.40296665 0.43408114 0.46936855 0.48835784 0.47976959
 0.42122829 0.42310938 0.44164979 0.46784735 0.52598083 0.62484521
 0.67622644 0.63504314 0.69855791 0.71575087 0.56555021 0.57871288
 0.69705462 0.77403641 0.69312435 0.75018764 0.66038138 0.64987749
 0.66180259 0.74218702 0.75100011 0.73591888 0.72602683 0.78849727
 0.76715815 0.68995082 0.6414243  0.57402223 0.58802074 0.59726626
 0.62736756 0.60674131 0.61638415 0.65928686]
[-0.11197653 -0.09838745 -0.07703251 -0.0287243   0.03006927  0.17283125
  0.06791752  0.16219564  0.22067423  0.27605221  0.35472476  0.43320239
  0.55448437  0.63331103  0.70633024  0.80578148  0.88802284  1.00131559
  1.21477795  1.47355688  1.63465416  1.90648425  2.06318831  2.22447824
  2.51051021  3.11753249  3.21711183  3.34134245  3.27942562  3.25127554
  3.33030868  3.07841563  2.92779851  2.92689657  2.60166097  2.73154616
  2.53342819  2.45030785  2.29966903  2.32701421  2.14898849  2.06194425
  1.8863461   1.66141617  1.49932754  1.35393775]
[ 4.51399505e-01  4.94277269e-01  7.97592103e-01  7.96170592e-01
  1.19709122e+00  2.82632732e+00  6.24470520e+00  8.50277424e+00
  3.45529723e+00  1.44016457e+00  6.90200806e-01  3.57270956e-01
  2.71735340e-01  3.74477386e-01  3.78517598e-01  3.58292282e-01
  3.06960136e-01  1.56215623e-01  2.91768938e-01  3.26763511e-01
  4.00021553e-01  4.79524016e-01  6.66706026e-01  5.84187329e-01
  6.20281756e-01  9.67184842e-01  7.29321897e-01  9.35664296e-01
  7.08786309e-01  9.00237679e-01  6.25785649e-01  5.13503492e-01
  5.23444653e-01  7.87440240e-01  8.04839492e-01  5.37887752e-01
  1.86639130e-01  8.14215615e-02 -4.47424352e-02 -5.53873181e-02
 -2.47297604e-02  2.79041324e-02  3.66171524e-02 -1.06562758e-02
 -2.27194838e-02  4.79918625e-03]
[1.74959421 1.86953974 1.89479768 1.97894192 1.99998844 2.04258132
 2.13285303 2.07340002 2.22237587 2.25963378 2.24185944 2.19355869
 2.11809206 1.91679907 1.95596707 1.90441787 1.89593732 1.90290225
 1.83860505 1.81572318 1.79724026 1.71540737 1.69775772 1.66361046
 1.62035966 1.56205225 1.56780744 1.49622297 1.45273411 1.4215517
 1.40595531 1.37442005 1.2330538  1.2398442  1.21177197 1.19046879
 1.07950842 0.99818581 0.9699139  0.892923   0.8465904  0.77614748
 0.72354078 0.68740082 0.67806858 0.59051651]
[-1.32728934 -1.34086847 -1.3422693  -1.34113073 -1.34359407 -1.3440218
 -1.34477472 -1.34304273 -1.34547555 -1.34653592 -1.34767616 -1.34803212
 -1.34803605 -1.34812045 -1.34751546 -1.34609675 -1.34586453 -1.34332478
 -1.34032249 -1.33885753 -1.33510077 -1.32226551 -1.30057955 -1.28431189
 -1.25995386 -1.24456358 -1.22265768 -1.195943   -1.17573404 -1.14519358
 -1.13113523 -1.10624433 -1.08853662 -1.07533908 -1.03096545 -1.00607634
 -0.97958195 -0.94117832 -0.91237378 -0.86167514 -0.8375417  -0.77695161
 -0.74387419 -0.7169441  -0.65441424 -0.63508838]
[-1.20022464 -1.20322192 -1.20420682 -1.20474553 -1.20557153 -1.20662212
 -1.20628428 -1.20711398 -1.20805597 -1.20718157 -1.20782483 -1.20731628
 -1.20605004 -1.20523977 -1.20326638 -1.19703078 -1.19136155 -1.18362093
 -1.17380428 -1.16874528 -1.15679157 -1.1441443  -1.12922072 -1.11474192
 -1.09281123 -1.07540298 -1.05460644 -1.03529263 -1.0131737  -0.99518692
 -0.97191209 -0.94090682 -0.92107606 -0.899755   -0.86915076 -0.83737326
 -0.80517495 -0.78543299 -0.75580364 -0.72433227 -0.70336145 -0.666987
 -0.6547913  -0.63049692 -0.58177859 -0.5618937  -0.5238086  -0.50552839
 -0.47261193 -0.44882089 -0.42543963 -0.39721468 -0.38393304 -0.35791066
 -0.3386507  -0.31278992 -0.28906089 -0.27724388 -0.26936767 -0.24717183
 -0.25487    -0.2551966  -0.23281468 -0.23669016 -0.21773678 -0.22427091
 -0.22378694 -0.22228529 -0.22194257]
[0.48174185 0.45979777 0.48513931 0.47900063 0.48103258 0.52572775
 0.54302263 0.56171578 0.59886354 0.5507105  0.59814805 0.5890758
 0.60730588 0.59179825 0.60695392 0.60884118 0.69742441 0.70273387
 0.64879304 0.67665005 0.71979249 0.72316527 0.77381653 0.75724167
 0.80637431 0.81937039 0.80407786 0.77966136 0.78249812 0.86173797
 0.86345327 0.88633895 0.86638004 0.93560821 0.95718974 0.9653874
 0.97772837 1.03806555 1.10749269 1.15967619 1.19694853 1.09351432
 1.12284386 1.1122824  1.22359359 1.21187532 1.24098313 1.29070234
 1.34371769 1.43577433 1.4228133  1.39185631 1.43608701 1.50276303
 1.42380965 1.43319595 1.53448904 1.58288324 1.55842483 1.54369295
 1.56744862 1.60804272 1.60264349 1.67276073 1.7014997  1.62012506
 1.56884062 1.58091021 1.57397377]
[-0.32767615 -0.3276653  -0.27976027 -0.3125293  -0.32212302 -0.32020441
 -0.32470635 -0.33280897 -0.31611571 -0.31956384 -0.31878608 -0.31518361
 -0.31458357 -0.32072172 -0.30725205 -0.30556962 -0.30605641 -0.29180762
 -0.30474737 -0.30878308 -0.30020565 -0.27857938 -0.24622577 -0.27626884
 -0.24896286 -0.26781657 -0.25190359 -0.24611846 -0.26895973 -0.25476235
 -0.25655922 -0.25572738 -0.25215697 -0.23452818 -0.2469878  -0.24471499
 -0.24412715 -0.22872512 -0.21397804 -0.18633045 -0.17561893 -0.15733247
 -0.12972371 -0.10288426 -0.05891003 -0.05156988  0.0041057   0.10737476
  0.08760493  0.14169967  0.19115266  0.3210372   0.40412754  0.4831405
  0.56913137  0.72435951  0.74843287  0.82753056  1.03916311  1.09629428
  1.24008131  1.60286498  1.98120081  2.19857264  2.40998292  2.42800689
  2.66728783  2.71969485  2.68085527]
[-0.1669876  -0.15932618 -0.16379659 -0.16377832 -0.16546834 -0.17087547
 -0.17176062 -0.16113368 -0.16442806 -0.15712543 -0.15197095 -0.15041049
 -0.1408743  -0.1507948  -0.15352242 -0.1467112  -0.14390342 -0.12904121
 -0.14415844 -0.14262103 -0.13366549 -0.1322376  -0.13473496 -0.13224947
 -0.13077959 -0.13283479 -0.12771305 -0.12693949 -0.12778862 -0.12482987
 -0.11844774 -0.11592524 -0.11581178 -0.10851996 -0.10891452 -0.10818344
 -0.10410938 -0.10593233 -0.1096536  -0.09514884 -0.09875514 -0.10233178
 -0.08800273 -0.08877275 -0.09671441 -0.09104661 -0.09050708 -0.08662881
 -0.0763493  -0.07546043 -0.0693504  -0.0667373  -0.06036012 -0.07775958
 -0.04654083 -0.05847677 -0.06017916 -0.04858423 -0.04287243 -0.02665886
 -0.0263888  -0.02742687 -0.02482491 -0.01889409 -0.01560385 -0.00234188
  0.00370644  0.02295525  0.04085758]
[ 1.95154941  2.02780867  2.17526245  2.32685852  2.35757208  2.495929
  2.57926011  2.66880631  2.62487793  2.7577734   2.78672957  2.7661612
  2.76644325  2.54856277  2.59058666  2.57540059  2.53999352  2.48382902
  2.41973042  2.30000257  2.23992896  2.10984468  2.09561586  2.00765085
  1.95206821  1.79627252  1.74468827  1.57047248  1.49122643  1.42178917
  1.31710815  1.22915757  1.15900171  1.09486198  1.05333328  0.91204125
  0.86775589  0.83564204  0.80299628  0.72937304  0.74702388  0.75653768
  0.71260291  0.62084562  0.52273333  0.49402481  0.52383274  0.42060974
  0.39214259  0.40108341  0.36021158  0.33775699  0.26454225  0.23466246
  0.16310653  0.17954651  0.15803623  0.16163595  0.14678605  0.09823277
  0.07133438  0.05774695  0.04093465 -0.00498335 -0.0161651  -0.0438541
 -0.051813   -0.06898233 -0.08157401]
[ 2.7959609   2.81949162  2.81794739  2.69617724  2.39144659  2.12339592
  1.98899996  1.61600232  1.47613287  1.3349098   1.18719888  1.03613544
  0.95525372  0.91433138  0.81787336  0.803433    0.76887023  0.72711277
  0.6117      0.62574649  0.56885469  0.48641428  0.43873978  0.414101
  0.36729404  0.27736744  0.25563249  0.2349682   0.23264387  0.17154999
  0.12418493  0.06716647  0.03870258 -0.02100046 -0.04673237 -0.06902804
 -0.06190412 -0.08115467 -0.10168746 -0.11933012 -0.12455459 -0.14611582
 -0.15484454 -0.16927077 -0.16401577 -0.1876446  -0.18534422 -0.19220304
 -0.20742105 -0.2067053  -0.22288071 -0.2201037  -0.21084444 -0.21932296
 -0.21977827 -0.22841232 -0.22432663 -0.23880722 -0.22613309 -0.20190132
 -0.21809691 -0.17055601 -0.22292115 -0.20701383 -0.24002603 -0.2322093
 -0.27105758 -0.27445406 -0.26656356]
[0.11137141 0.04059922 0.02338553 0.03204976 0.04338623 0.0965478
 0.11201377 0.12991413 0.14704891 0.20156668 0.14540608 0.27977186
 0.42901447 0.63373464 0.99114907 1.47792292 2.36228061 3.78989649
 4.16527939 4.54534531 4.6382699  2.80924487 1.60407269 1.12845206
 0.79914761 0.70816129 0.64134711 0.62800241 0.51540381 0.45103064
 0.75305009 0.51166165 0.61052322 0.74595624 0.91803217 0.98200369
 1.05949819 0.92967474 0.82601219 1.09719908 0.95698094 0.76873481
 0.65638727 0.59856617 0.5257805  0.41491795 0.46659225 0.47363067
 0.37241229 0.23733893 0.16294426 0.15056805 0.12656611 0.16509697
 0.15898274 0.13985813 0.1282265  0.10029082 0.06965114 0.08203219
 0.1415114  0.07106399 0.04225084 0.04027414 0.05459772 0.09234357
 0.15203586 0.09213058 0.08515625]
[-0.06004743 -0.13004951 -0.03885889 -0.12515423 -0.12716165 -0.16606888
 -0.17026001 -0.16782966 -0.17449135 -0.16702832 -0.19014663 -0.18413354
 -0.14853208 -0.12885918 -0.16422758 -0.11635607 -0.15020534 -0.08893099
 -0.15393458 -0.16104864 -0.13543437 -0.1814211  -0.09638149 -0.18964709
 -0.09196364 -0.16640607 -0.16392444 -0.16077794 -0.14299557 -0.16615349
 -0.15828073 -0.15619938 -0.11031711 -0.08825001 -0.0809134   0.12441089
  0.20055781  0.50154954  0.26331255  0.05286694 -0.07232446 -0.08438814
 -0.07332684 -0.07860533 -0.0197478   0.00800593  0.05696659  0.25116619
  0.17562672  0.26462311  0.19270402  0.20568305  0.36238986  0.97873509
  1.38856769  1.74636805  2.89974451  4.96008253  4.76352024  4.61414385
  2.86942816  1.51247323  1.09764683  0.87654424  0.80353135  0.72138232
  0.77804154  0.60456938  0.58025652]
[0.16704567 0.13994271 0.15159273 0.17675427 0.15874597 0.1524041
 0.19540097 0.16930842 0.23034582 0.21126081 0.19720745 0.18505232
 0.19348888 0.22857247 0.27456957 0.23954652 0.23784232 0.24056321
 0.22688545 0.21908058 0.22686492 0.32473573 0.33571425 0.35873082
 0.32399181 0.33627585 0.35079691 0.34248799 0.31376427 0.31117105
 0.31854999 0.34891534 0.395715   0.36535564 0.38491732 0.38427073
 0.35536247 0.35548618 0.385028   0.44129944 0.36116564 0.37311274
 0.46105602 0.47628126 0.44000384 0.43122908 0.41649708 0.39417422
 0.39710119 0.43276495 0.43647224 0.4973689  0.58299142 0.52923059
 0.50140303 0.56131822 0.44149622 0.37366578 0.36394742 0.38601813
 0.46337783 0.50211215 0.42510295 0.40967068 0.40247691 0.41646335
 0.42693433 0.42860839 0.44990736]
[-0.28160614 -0.30241352 -0.29379511 -0.30584666 -0.29773471 -0.30122498
 -0.30683371 -0.30197176 -0.31773582 -0.30755061 -0.30629423 -0.29491448
 -0.27601594 -0.27949226 -0.29107505 -0.28550428 -0.27134961 -0.26199728
 -0.24464755 -0.24478267 -0.23075384 -0.22606561 -0.21785496 -0.20116344
 -0.16787682 -0.16780049 -0.13840428 -0.11715678 -0.0679897  -0.05004625
  0.05544474  0.02938076  0.17250568  0.13419367  0.20042577  0.25849637
  0.33574447  0.40426224  0.48837286  0.56137061  0.608446    0.70234376
  0.81844503  0.95360911  1.08105826  1.24769866  1.42640615  1.56328773
  1.73874331  2.0942173   2.25624108  2.29321861  2.67603803  2.81118107
  2.95366764  2.90511012  2.75697565  2.67882705  2.58987379  2.68372941
  2.79622293  2.69464183  2.69065785  2.47619009  2.44634843  2.47382092
  2.30724525  2.18996406  2.07568645]
[0.06989972 0.08992562 0.09667641 0.10857572 0.14885473 0.16765647
 0.21424462 0.23323956 0.30155909 0.35339347 0.44212329 0.48219836
 0.58193851 0.65574312 0.73132259 0.76936495 0.8095293  0.87566131
 0.92876059 1.02438593 1.12030113 1.20986724 1.31160378 1.44777334
 1.49170804 1.70269895 1.79340708 1.93440866 1.9332794  2.01982856
 2.27071548 2.45279598 2.73589206 2.8283844  2.75163388 2.8435576
 2.85122657 2.85987258 2.70518541 2.5221312  2.44899797 2.34668088
 2.22754908 2.16346908 2.04520488 1.96868634 1.89605057 1.75960588
 1.66177976 1.59348881 1.50044847 1.43418396 1.38583136 1.26052463
 1.18737125 1.15263021 1.01836717 0.94265771 0.8968842  0.80477494
 0.74190396 0.64416385 0.62585503 0.61913955 0.56635284 0.45402381
 0.38236916 0.31055605 0.27193764]
[-1.94778129e-01 -1.94273993e-01 -1.86586544e-01 -1.82600006e-01
 -1.62095249e-01 -1.69383124e-01 -1.82674021e-01 -1.86146632e-01
 -1.95899487e-01 -1.74704999e-01 -1.48110002e-01 -1.43406317e-01
 -1.15583114e-01 -1.20233700e-01 -1.04809523e-01 -8.95824283e-02
 -8.28019977e-02 -4.63386364e-02  1.71090625e-02  2.06931517e-03
  4.83278148e-02  8.89951289e-02  1.31004736e-01  2.58460850e-01
  2.43587628e-01  3.18280548e-01  3.83014739e-01  5.05196989e-01
  5.39969444e-01  6.22317910e-01  7.88928449e-01  9.92943883e-01
  1.04340184e+00  1.18045187e+00  1.36584926e+00  1.52244949e+00
  1.75063848e+00  1.88204658e+00  2.06918502e+00  2.35792494e+00
  2.84757996e+00  3.02351403e+00  3.06576943e+00  3.03072739e+00
  3.18448424e+00  3.04762506e+00  3.11002493e+00  3.04772997e+00
  2.97271013e+00  2.65149760e+00  2.53411579e+00  2.38359571e+00
  2.25729227e+00  2.20500851e+00  2.20049715e+00  2.00285053e+00
  1.81176686e+00  1.77652240e+00  1.61750340e+00  1.47107863e+00
  1.42223692e+00  1.33334160e+00  1.21710467e+00  1.11413014e+00
  1.01525569e+00  8.81972134e-01  8.94460082e-01  9.64965343e-01
  8.58534694e-01]
[-0.51094288 -0.51296282 -0.51279837 -0.51549906 -0.51336676 -0.51155114
 -0.50971621 -0.50713134 -0.50782794 -0.50592691 -0.50461072 -0.50166005
 -0.49453804 -0.49314293 -0.49105814 -0.48857781 -0.48586994 -0.4818702
 -0.47919175 -0.47396076 -0.47292468 -0.47200596 -0.46880352 -0.46603042
 -0.46265221 -0.4610559  -0.45599648 -0.45615843 -0.45238763 -0.45458618
 -0.45213255 -0.44916376 -0.44620705 -0.44468066 -0.4377521  -0.43213952
 -0.43347797 -0.43416113 -0.43176112 -0.42819256 -0.42943159 -0.42325389
 -0.42197385 -0.4218114  -0.41487667 -0.41338825 -0.41418827 -0.41156125
 -0.40919939 -0.40626937 -0.40162319 -0.39797622 -0.39627093 -0.39628899
 -0.38984498 -0.38662991 -0.38354501 -0.38149139 -0.38001189 -0.37910342
 -0.37679729 -0.37162679 -0.37036112 -0.36485174 -0.35971409 -0.35621446
 -0.34996477 -0.34585631 -0.33873352]
[ 0.99634492  0.89184928  0.94018716  0.93044579  1.00375926  1.15482044
  1.22912037  1.35376477  1.87819111  2.45127392  2.60147643  3.22583842
  3.13964844  2.71258497  2.24818063  1.98617518  1.44334233  1.19274783
  1.02126336  0.96182173  0.91373312  0.90024483  0.89991283  0.85915571
  0.83376545  0.73590803  0.76852292  0.73871672  0.67354101  0.75503534
  0.74211085  0.58426654  0.47741994  0.41146868  0.30192983  0.27469894
  0.29749176  0.36676866  0.2582742   0.17950436  0.05501048  0.01613117
 -0.01771545 -0.05287526 -0.04478278 -0.08768011 -0.11622827 -0.13113102
 -0.16126838 -0.19262435 -0.20228182 -0.1918717  -0.22132112 -0.21193536
 -0.24893188 -0.24164873 -0.24165615 -0.23313722 -0.2427797  -0.24212441
 -0.2305322  -0.23051579 -0.23627172 -0.25266841 -0.26061162 -0.27784979
 -0.27362052 -0.25442141 -0.24446523]
[ 0.42100552  0.45467448  0.52133179  0.50718212  0.5864228   0.59842449
  0.70293325  0.81170231  0.91481429  0.9219771   0.98731732  1.14678824
  1.25236058  1.43794131  1.48396158  1.62505722  1.76982617  1.98586071
  2.12140989  2.22699761  2.42912459  2.59995914  2.8055656   3.13234472
  3.1585474   3.34080768  3.20896935  3.38120222  3.07172394  2.69772029
  2.47605801  2.18191385  2.15920711  1.94356799  1.81518018  1.62070584
  1.48446178  1.42479372  1.27949405  1.17179024  1.11266828  1.05186379
  0.96892941  0.92012298  0.88970381  0.75950706  0.74080807  0.66175538
  0.62935275  0.5754649   0.48856133  0.44371676  0.39274541  0.31439379
  0.31322387  0.3072758   0.21821006  0.19589946  0.17990324  0.17718706
  0.14914002  0.05717041  0.03823273  0.03137416  0.03493246  0.0056645
 -0.0444149  -0.11173055 -0.13654959]
