[ 0.28281069  1.2060039  -0.198562   -2.74181938 -2.57663822  7.57005978
 -4.73898745]
[-1.10805154 -0.40569013  0.08620233  0.56846768  1.01852524  0.73674172
  0.87088203]
[-2.44350266 -3.59751415 -3.20623708 -2.1422081   3.01358652  3.93711352
  3.59716845]
[-1.252653   -2.06540895 -2.75775337 -2.11047292 -2.42322612 -1.96396959
 -0.77263349]
[ 0.26745799  0.57774568  0.67627442  0.63421774  0.32634392  0.229247
 -0.01566218]
[ 2.88526535  3.86142659  3.62372136  0.95864391 -2.29439569 -4.44934988
 -3.74366021]
[ 0.42897567 -0.1374501  -0.8240692  -1.85918701 -1.94441187 -2.13164997
 -1.2300595 ]
[-0.70682138 -0.40106094 -0.34463328  0.45252576  0.45813334 -0.8572619
  0.79519725]
[2.99393749 4.45525932 3.52803659 5.41291046 3.66476369 3.24779868
 2.13285732]
[-2.16696882 -2.60950351 -3.15026975 -3.69238424 -3.32564449 -3.63114309
 -2.76683736 -0.51301467  3.30796981  3.73636627  3.54998422  3.18028998
  3.4083159   3.01589417]
[-0.7170012  -0.29058287 -0.22497468  0.1005531  -0.19137788 -0.22969539
 -0.68858331  0.53174227 -0.39167988  0.10267786 -0.16126928 -0.22331643
  0.10854011 -0.0009687 ]
[1.47570252 1.72096217 1.61695004 1.95031238 2.17539167 2.29504728
 2.3722322  2.21034193 2.4427197  2.14903998 1.88946915 1.7668798
 1.97627401 1.54614818]
[ 1.5244447   3.23408675  3.51790285  3.63510156  2.58024669  2.8112669
  2.73781633  0.18644543 -3.06364298 -4.09329939 -2.49013114 -3.3373673
 -3.48997092 -2.77851129]
[-0.68986726 -1.33393121 -1.1174916  -0.35476157 -0.14931409  0.51535809
  1.52743769  1.41593778  1.12385547  0.92471445 -0.10218664 -0.91792691
 -1.29163635 -1.25463247]
[ 0.84332561  0.53184146  0.5341292  -0.09462318 -0.35243544 -0.71718431
 -0.65525645 -1.22761083 -0.48793402 -0.4431408  -0.07380947  0.44892296
  0.79414165  1.17121315]
[ 0.51032335  0.92568016  0.31182691  0.01373917  0.31475595 -0.46110591
  0.45108408 -0.03938759 -0.21807852  0.08112831  0.03361444 -0.08643562
 -0.44655463 -0.81828862]
[-1.69427431 -2.05275798 -2.13029552 -1.81595957 -2.43732595 -2.30886984
 -2.09803343 -2.30218792 -1.97522414 -2.11046886 -2.06707644 -2.09298563
 -1.6327157  -1.25920272]
[-0.70123315  0.03849761 -0.41463923  0.09053624 -0.06307948 -0.41447985
  0.28210706  0.14690061 -0.17674337  0.30239445 -0.14672916  0.39336538
  0.29793042  0.59574664]
[ 0.69437557  0.92302388  0.84165168  0.49644095  0.28190666 -0.54655135
 -0.92043692 -1.39693367 -1.49706304 -0.96362489  0.15598547  0.07576523
  0.8319568   1.66834116  1.40608454  0.92861307 -0.00803073 -0.39155662
 -0.82552773 -0.88781971 -0.87698632]
[0.74472719 0.77098387 0.74332005 1.15135229 1.25347757 0.97618312
 1.26045632 1.2702862  1.54081929 1.6431905  1.60147858 1.64020133
 1.71692812 1.94922233 1.80227888 1.80953479 1.57794678 1.4995569
 1.71675837 1.64127696 1.50392103]
[-0.71845269  0.11689703 -0.40270072 -0.41145879 -1.06183457 -1.17485607
 -1.48245561 -1.21144223 -1.66624069 -1.41726148 -1.2201817  -1.57202125
 -1.7200824  -1.83623099 -1.79390001 -2.41209006 -2.44574618 -2.69538784
 -2.9622519  -2.62271547 -2.18922496]
[ 1.16731429  0.93684518  0.61011285  0.54153371  0.16801542  0.3268868
  0.09604469 -0.04654175  0.10284792 -0.08676612 -0.03839875  0.05397189
 -0.15610717 -0.33644414 -0.41676101 -0.5322243  -0.53256947 -0.62357026
 -0.57523072 -1.03129125 -0.98847044]
[ 4.03282881  4.0055213   2.83255696  3.01069045  2.71867657  2.49345922
  2.17377687  2.81707907  2.26961446  1.98357713  1.76622665  1.05429375
  0.1482002   0.46892193 -0.23675655 -0.28507692  0.01064609 -1.45531821
 -1.32791591 -1.68790233 -2.26397371]
[ 0.09132177 -0.05899545 -0.65104443 -0.78063476 -0.96004319 -0.87860918
  0.02682283  0.27700505  0.85226262  1.29644728  1.28479373  0.5207665
  0.14486533 -0.79161954 -1.14843917 -0.88174778 -1.15312886 -0.20156114
  0.26475739  0.0960581   1.28847873]
[-4.71885157 -3.79511929 -4.25835609 -3.24496555 -3.77435803 -2.93736553
 -2.39722586 -1.94611251 -2.41151452 -1.26465058 -0.579705   -0.77999568
 -1.10771811  0.30460334  0.06469841 -0.3184903   0.92567319  0.91622388
  1.34487617  1.79030871  2.25922728]
[-1.20654118 -1.09015298 -0.35513547  0.09418058  0.74119443  1.28535044
  1.17017305  0.70817858  0.18288121 -0.98852789 -1.07047403 -1.86218989
 -1.28018188 -1.01081526 -0.49292308  0.16152334  0.9476248   0.93080956
  1.04807603  0.73867995 -0.18535036]
[-0.45515582 -0.5499959  -0.27433172 -0.21263453 -0.39711079 -0.31314787
 -0.19234739 -0.33388662  0.16970423 -0.12118417 -0.04978727  0.08106084
  0.17122589  0.40410304  0.29625657  0.36596081  0.35939792  0.14931701
  0.52659446  0.24943842  0.57006329]
