1.09861	403326
0	635
0	1270
0	1905
0	2540
0	3175
0	3810
0	4445
0	5080
0	5098
0	5108
0	5118
0	5128
0	5138
0	5148
0	5158
0	5168
0	5178
0	5188
0	5198
0	5208
0	5218
0	5228
0	5238
0	5248
0	5258
0	5268
0	5278
0	5288
0	5298
0	5308
0	5318
0	5328
0	5338
0	5348
0	5358
0	5368
0	5378
0	5388
0	5398
0	5408
0	5418
0	5428
0	5438
0	5448
0	5458
0	5468
0	5478
0	5488
0	5498
0	5508
0	5518
0	5528
0	5538
0	5548
0	5558
0	5568
0	5578
0	5588
0	5598
0	5608
0	5618
0	5628
0	5638
0	5648
0	5658
0	5668
0	5678
0	5688
0	5698
0	5704
0	6711
0	8681
0	10843
0	13005
0	15167
0	17329
0	18259
0	19186
0	20115
0	21044
0	21884
0	22873
0	23894
0	25063
0	26344
0	28013
0	29648
0	31055
0	32842
0	34618
0	36897
0	39257
0	41658
0	44229
0	46869
0	49736
0	52637
0	55749
0	59083
0	62766
0	66395
0	69955
0	73470
0	76898
0	80349
0	83808
0	87207
0	90494
0	93720
0	96929
0	100194
0	103387
0	106635
0	109888
0	113222
0	116651
0	120036
0	123471
0	126888
0	130328
0	133880
0	137533
0	141055
0	144554
0	148090
0	151578
0	155050
0	158521
0	162035
0	165531
0	168972
0	172358
0	175712
0	178983
0	182446
0	185886
0	189134
0	192063
0	194994
0	198020
0	201009
0	203863
0	206747
0	209527
0	212140
0	214673
0	217131
0	219553
0	221892
0	224222
0	226429
0	228623
0	230685
0	232760
0	234788
0	236674
0	238615
0	240406
0	242193
0	243943
0	245557
0	247222
0	248823
0	250315
0	251760
0	253184
0	254619
0	255969
0	257216
0	258455
0	259659
0	260864
0	261985
0	263094
0	264147
0	265145
0	266078
0	266976
0	267818
0	268633
0	269399
0	270057
0	270695
0	271258
0	271793
0	272302
0	272680
0	273039
0	273325
0	273656
0	273987
0	274188
0	274285
0	274365
0	274383
0	274409
0	274418
0	274427
0	274436
0	274445
0	274454
0	274463
0	274472
0	274481
0	274490
0	274499
0	274508
0	274517
0	274526
0	274535
0	274544
0	274553
0	274562
0	274571
0	274580
0	274589
0	274598
0	274607
0	274616
0	274625
0	274634
0	274643
0	274652
0	274661
0	274670
0	274679
0	274688
0	274697
0	274706
0	274715
0	274724
0	274733
0	274742
0	274751
0	274760
0	274769
0	274778
0	274787
0	274796
0	274805
0	274814
0	274823
0	274832
0	274841
0	274850
0	274859
0	274868
0	274877
0	274886
0	274895
0	274904
0	274913
0	274922
0	274931
0	274940
0	274949
0	274958
0	274967
0	274976
0	274985
0	274994
0	275003
0	275012
0	275021
0	275030
0	275039
0	275048
0	275057
0	275066
0	275075
0	275084
0	275093
0	275102
0	275111
0	275120
0	275129
0	275138
0	275147
0	275156
0	275165
0	275174
0	275183
0	275192
0	275201
0	275210
0	275219
0	275228
0	275237
0	275246
0	275255
0	275264
0	275273
0	275282
0	275291
0	275300
0	275309
0	275318
0	275327
0	275336
0	275345
0	275354
0	275363
0	275372
0	275381
0	275390
0	275399
0	275408
0	275417
0	275426
0	275435
0	275444
0	275453
0	275462
0	275471
0	275480
0	275489
0	275498
0	275507
0	275516
0	275525
0	275534
0	275543
0	275552
0	275561
0	275570
0	275579
0	275588
0	275597
0	275606
0	275615
0	275624
0	275633
0	275642
0	275651
0	275660
0	275669
0	275678
0	275687
0	275696
0	275705
0	275714
0	275723
0	275732
0	275741
0	275750
0	275759
0	275768
0	275777
0	275786
0	275795
0	275804
0	275813
0	275822
0	275831
0	275840
0	275849
0	275858
0	275867
0	275876
0	275885
0	275894
0	275903
0	275912
0	275921
0	275930
0	275939
0	275948
0	275957
0	275966
0	275975
0	275984
0	275993
0	276002
0	276011
0	276020
0	276029
0	276038
0	276047
0	276056
0	276065
0	276074
0	276083
0	276092
0	276101
0	276110
0	276119
0	276128
0	276137
0	276146
0	276155
0	276164
0	276173
0	276182
0	276191
0	276200
0	276209
0	276218
0	276227
0	276236
0	276245
0	276254
0	276263
0	276272
0	276281
0	276290
0	276299
0	276308
0	276317
0	276326
0	276335
0	276344
0	276353
0	276362
0	276371
0	276380
0	276389
0	276398
0	276407
0	276416
0	276425
0	276434
0	276443
0	276452
0	276461
0	276470
0	276479
0	276488
0	276497
0	276506
0	276515
0	276524
0	276533
0	276542
0	276551
0	276560
0	276569
0	276578
0	276587
0	276596
0	276605
0	276614
0	276623
0	276632
0	276641
0	276650
0	276659
0	276668
0	276677
0	276686
0	276695
0	276704
0	276713
0	276722
0	276731
0	276740
0	276749
0	276758
0	276767
0	276776
0	276785
0	276794
0	276803
0	276812
0	276821
0	276830
0	276839
0	276848
0	276857
0	276866
0	276875
0	276884
0	276893
0	276902
0	276911
0	276920
0	276929
0	276938
0	276947
0	276956
0	276965
0	276974
0	276983
0	276992
0	277001
0	277010
0	277019
0	277028
0	277037
0	277046
0	277055
0	277064
0	277073
0	277082
0	277091
0	277100
0	277109
0	277118
0	277127
0	277136
0	277145
0	277154
0	277163
0	277172
0	277181
0	277190
0	277199
0	277208
0	277217
0	277226
0	277235
0	277244
0	277253
0	277262
0	277271
0	277280
0	277289
0	277298
0	277307
0	277316
0	277325
0	277334
0	277343
0	277352
0	277361
0	277370
0	277379
0	277388
0	277397
0	277406
0	277415
0	277424
0	277433
0	277442
0	277451
0	277460
0	277469
0	277478
0	277487
0	277496
0	277505
0	277514
0	277523
0	277532
0	277541
0	277550
0	277559
0	277568
0	277577
0	277586
0	277595
0	277604
0	277613
0	277622
0	277631
0	277640
0	277649
0	277658
0	277667
0	277676
0	277685
0	277694
0	277703
0	277712
0	277721
0	277730
0	277739
0	277748
0	277757
0	277766
0	277775
0	277784
0	277793
0	277802
0	277811
0	277820
0	277829
0	277838
0	277847
0	277856
0	277865
0	277874
0	277883
0	277892
0	277901
0	277910
0	277919
0	277928
0	277937
0	277946
0	277955
0	277964
0	277973
0	277982
0	277991
0	278000
0	278009
0	278018
0	278027
0	278036
0	278045
0	278054
0	278063
0	278072
0	278081
0	278090
0	278099
0	278108
0	278117
0	278126
0	278135
0	278144
0	278153
0	278162
0	278171
0	278180
0	278189
0	278198
0	278207
0	278216
0	278225
0	278234
0	278243
0	278252
0	278261
0	278270
0	278279
0	278288
0	278297
0	278485
0	278674
0	278863
0	279052
0	279241
0	279430
0	279619
0	279808
0	279997
0	280186
0	280375
0	280564
0	280753
0	280942
0	281131
0	281320
0	281509
0	281698
0	281887
0	282076
0	282265
0	282454
0	282643
0	282832
0	283021
0	283210
0	283399
0	283588
0	283777
0	283966
0	284155
0	284344
0	284533
0	284722
0	284911
0	285100
0	285289
0	285478
0	285667
0	285856
0	286045
0	286234
0	286423
0	286612
0	286801
0	286990
0	287179
0	287368
0	287480
0	287665
0	287877
0	288116
0	288397
0	288678
0	288959
0	289240
0	289521
0	289802
0	290083
0	290364
0	290645
0	290926
0	291207
0	291488
0	291769
0	292050
0	292331
0	292612
0	292893
0	293174
0	293455
0	293736
0	294017
0	294298
0	294579
0	294860
0	295141
0	295422
0	295703
0	295984
0	296265
0	296546
0	296827
0	297108
0	297389
0	297670
0	297951
0	298232
0	298513
0	298794
0	299075
0	299356
0	299637
0	299918
0	300199
0	300480
0	300761
0	300983
0	301150
0	301261
0	301399
0	301409
0	301446
0	301451
0	301456
0	301461
0	301466
0	301471
0	301476
0	301481
0	301486
0	301491
0	301496
0	301501
0	301506
0	301511
0	301516
0	301521
0	301526
0	301531
0	301536
0	301541
0	301546
0	301551
0	301556
0	301561
0	301566
0	301571
0	301576
0	301581
0	301586
0	301591
0	301596
0	301601
0	301606
0	301611
0	301616
0	301621
0	301626
0	301631
0	301636
0	301641
0	301646
0	301651
0	301656
0	301661
0	301666
0	301671
0	301676
0	301681
0	301686
0	301691
0	301696
0	301701
0	301706
0	301711
0	301716
0	301721
0	301726
0	301731
0	301736
0	301741
0	301746
0	301751
0	301756
0	301761
0	301766
0	301771
0	301776
0	301781
0	301786
0	301791
0	301796
0	301801
0	301806
0	301811
0	301816
0	301821
0	301826
0	301831
0	301836
0	301841
0	301846
0	301851
0	301856
0	301861
0	301866
0	301871
0	301876
0	301881
0	301886
0	301891
0	301896
0	301901
0	301906
0	301911
0	301916
0	301921
0	301926
0	301931
0	301936
0	301941
0	301946
0	301951
0	301956
0	301961
0	301966
0	301971
0	301976
0	301981
0	301986
0	301991
0	301996
0	302001
0	302006
0	302011
0	302016
0	302021
0	302026
0	302031
0	302036
0	302041
0	302046
0	302051
0	302056
0	302061
0	302066
0	302071
0	302076
0	302081
0	302086
0	302091
0	302096
0	302101
0	302106
0	302111
0	302116
0	302121
0	302126
0	302131
0	302136
0	302141
0	302146
0	302151
0	302156
0	302161
0	302166
0	302171
0	302176
0	302181
0	302186
0	302191
0	302196
0	302201
0	302206
0	302211
0	302216
0	302221
0	302226
0	302231
0	302236
0	302241
0	302246
0	302251
0	302256
0	302261
0	302266
0	302271
0	302276
0	302281
0	302286
0	302291
0	302296
0	302301
0	302306
0	302311
0	302316
0	302321
0	302326
0	302331
0	302336
0	302341
0	302346
0	302351
0	302356
0	302361
0	302366
0	302371
0	302376
0	302381
0	302386
0	302391
0	302396
0	302401
0	302406
0	302411
0	302416
0	302421
0	302426
0	302431
0	302436
0	302441
0	302446
0	302451
0	302456
0	302461
0	302466
0	302471
0	302476
0	302481
0	302486
0	302491
0	302496
0	302501
0	302506
0	302511
0	302516
0	302521
0	302526
0	302531
0	302536
0	302541
0	302546
0	302551
0	302556
0	302561
0	302566
0	302571
0	302576
0	302581
0	302586
0	302591
0	302596
0	302601
0	302606
0	302611
0	302616
0	302621
0	302626
0	302631
0	302636
0	302641
0	302646
0	302651
0	302656
0	302661
0	302666
0	302671
0	302676
0	302681
0	302686
0	302691
0	302696
0	302701
0	302706
0	302711
0	302716
0	302721
0	302726
0	302731
0	302736
0	302741
0	302746
0	302751
0	302756
0	302761
0	302766
0	302771
0	302776
0	302781
0	302786
0	302791
0	302796
0	302801
0	302806
0	302811
0	302816
0	302821
0	302826
0	302831
0	302836
0	302841
0	302846
0	302851
0	302856
0	302861
0	302866
0	302871
0	302876
0	302881
0	302886
0	302891
0	302896
0	302901
0	302906
0	302911
0	302916
0	302921
0	302926
0	302931
0	302936
0	302941
0	302946
0	302951
0	302956
0	302961
0	302966
0	302971
0	302976
0	302981
0	302986
0	302991
0	302996
0	303001
0	303006
0	303011
0	303016
0	303021
0	303026
0	303031
0	303036
0	303041
0	303046
0	303051
0	303056
0	303061
0	303066
0	303071
0	303076
0	303081
0	303086
0	303091
0	303096
0	303101
0	303106
0	303111
0	303116
0	303121
0	303126
0	303131
0	303136
0	303141
0	303146
0	303151
0	303156
0	303161
0	303166
0	303171
0	303176
0	303181
0	303186
0	303191
0	303196
0	303201
0	303206
0	303211
0	303216
0	303221
0	303226
0	303231
0	303236
0	303241
0	303246
0	303251
0	303256
0	303261
0	303266
0	303271
0	303276
0	303281
0	303286
0	303291
0	303296
0	303301
0	303306
0	303311
0	303316
0	303321
0	303326
0	303331
0	303336
0	303341
0	303346
0	303351
0	303356
0	303361
0	303366
0	303371
0	303376
0	303381
0	303386
0	303391
0	303396
0	303401
0	303406
0	303411
0	303416
0	303421
0	303426
0	303431
0	303436
0	303441
0	303446
0	303451
0	303456
0	303461
0	303466
0	303471
0	303476
0	303481
0	303486
0	303491
0	303496
0	303501
0	303506
0	303511
0	303516
0	303521
0	303526
0	303531
0	303536
0	303541
0	303546
0	303551
0	303556
0	303561
0	303566
0	303571
0	303576
0	303581
0	303586
0	303591
0	303596
0	303601
0	303606
0	303611
0	303616
0	303621
0	303626
0	303631
0	303636
0	303641
0	303646
0	303651
0	303656
0	303661
0	303666
0	303671
0	303676
0	303681
0	303686
0	303691
0	303696
0	303701
0	303706
0	303711
0	303716
0	303721
0	303726
0	303731
0	303736
0	303741
0	303746
0	303751
0	303756
0	303761
0	303766
0	303771
0	303776
0	303781
0	303786
0	303791
0	303796
0	303801
0	303806
0	303811
0	303816
0	303821
0	303826
0	303831
0	303836
0	303841
0	303846
0	303851
0	303856
0	303861
0	303866
0	303871
0	303876
0	303881
0	303886
0	303891
0	303896
0	303901
0	303906
0	303911
0	303916
0	303921
0	303926
0	303931
0	303936
0	303941
0	303946
0	303951
0	303956
0	303961
0	303966
0	303971
0	303976
0	303981
0	303986
0	303991
0	303996
0	304001
0	304006
0	304011
0	304016
0	304021
0	304026
0	304031
0	304036
0	304041
0	304046
0	304051
0	304056
0	304061
0	304066
0	304071
0	304076
0	304081
0	304268
0	304455
0	304642
0	304829
0	305016
0	305203
0	305390
0	305577
0	305764
0	305951
0	306138
0	306325
0	306512
0	306699
0	306886
0	307073
0	307260
0	307447
0	307634
0	307821
0	308008
0	308195
0	308382
0	308569
0	308756
0	308943
0	309130
0	309317
0	309504
0	309691
0	309878
0	310065
0	310252
0	310439
0	310626
0	310813
0	311000
0	311187
0	311374
0	311561
0	311748
0	311935
0	312122
0	312309
0	312496
0	312683
0	312870
0	313057
0	313244
0	313431
0	313730
0	313991
0	314363
0	314778
0	315204
0	315665
0	316126
0	316587
0	317048
0	317509
0	317970
0	318431
0	318892
0	319353
0	319814
0	320275
0	320736
0	321197
0	321658
0	322119
0	322580
0	323041
0	323502
0	323963
0	324424
0	324885
0	325346
0	325807
0	326268
0	326729
0	327190
0	327651
0	328112
0	328573
0	329034
0	329495
0	329956
0	330417
0	330878
0	331339
0	331800
0	332261
0	332722
0	333183
0	333644
0	334105
0	334566
0	335027
0	335488
0	335949
0	336410
0	336871
0	337271
0	337436
0	337698
0	338021
0	338272
0	338595
0	338865
0	339142
0	339419
0	339696
0	339973
0	340250
0	340527
0	340804
0	341081
0	341358
0	341635
0	341912
0	342189
0	342466
0	342743
0	343020
0	343297
0	343574
0	343851
0	344128
0	344405
0	344682
0	344959
0	345236
0	345513
0	345790
0	346067
0	346344
0	346621
0	346898
0	347175
0	347452
0	347729
0	348006
0	348283
0	348560
0	348837
0	349114
0	349391
0	349668
0	349945
0	350222
0	350499
0	350776
0	351053
0	351330
0	351607
0	351884
0	352107
0	352274
0	352459
0	352525
0	352527
0	352574
0	352584
0	352585
0	352586
0	352587
0	352588
0	352589
0	352590
0	352591
0	352592
0	352593
0	352594
0	352595
0	352596
0	352597
0	352598
0	352599
0	352600
0	352601
0	352602
0	352603
0	352604
0	352605
0	352606
0	352607
0	352608
0	352609
0	352610
0	352611
0	352612
0	352613
0	352614
0	352615
0	352616
0	352617
0	352618
0	352619
0	352620
0	352621
0	352622
0	352623
0	352624
0	352625
0	352626
0	352627
0	352628
0	352629
0	352630
0	352631
0	352632
0	352633
0	352634
0	352635
0	352636
0	352637
0	352638
0	352639
0	352640
0	352641
0	352642
0	352643
0	352644
0	352645
0	352646
0	352647
0	352648
0	352649
0	352650
0	352651
0	352652
0	352653
0	352654
0	352655
0	352656
0	352657
0	352658
0	352659
0	352660
0	352661
0	352662
0	352663
0	352664
0	352665
0	352666
0	352667
0	352668
0	352669
0	352670
0	352671
0	352672
0	352673
0	352674
0	352675
0	352676
0	352677
0	352678
0	352679
0	352680
0	352681
0	352682
0	352683
0	352684
0	352685
0	352686
0	352687
0	352688
0	352689
0	352690
0	352691
0	352692
0	352693
0	352694
0	352695
0	352696
0	352697
0	352698
0	352699
0	352700
0	352701
0	352702
0	352703
0	352704
0	352705
0	352706
0	352707
0	352708
0	352709
0	352710
0	352711
0	352712
0	352713
0	352714
0	352715
0	352716
0	352717
0	352718
0	352719
0	352720
0	352721
0	352722
0	352723
0	352724
0	352725
0	352726
0	352727
0	352728
0	352729
0	352730
0	352731
0	352732
0	352733
0	352734
0	352735
0	352736
0	352737
0	352738
0	352739
0	352740
0	352741
0	352742
0	352743
0	352744
0	352745
0	352746
0	352747
0	352748
0	352749
0	352750
0	352751
0	352752
0	352753
0	352754
0	352755
0	352756
0	352757
0	352758
0	352759
0	352760
0	352761
0	352762
0	352763
0	352764
0	352765
0	352766
0	352767
0	352768
0	352769
0	352770
0	352771
0	352772
0	352773
0	352774
0	352775
0	352776
0	352777
0	352778
0	352779
0	352780
0	352781
0	352782
0	352783
0	352784
0	352785
0	352786
0	352787
0	352788
0	352789
0	352790
0	352791
0	352792
0	352793
0	352794
0	352795
0	352796
0	352797
0	352798
0	352799
0	352800
0	352801
0	352802
0	352803
0	352804
0	352805
0	352806
0	352807
0	352808
0	352809
0	352810
0	352811
0	352812
0	352813
0	352814
0	352815
0	352816
0	352817
0	352818
0	352819
0	352820
0	352821
0	352822
0	352823
0	352824
0	352825
0	352826
0	352827
0	352828
0	352829
0	352830
0	352831
0	352832
0	352833
0	352834
0	352835
0	352836
0	352837
0	352838
0	352839
0	352840
0	352841
0	352842
0	352843
0	352844
0	352845
0	352846
0	352847
0	352848
0	352849
0	352850
0	352851
0	352852
0	352853
0	352854
0	352855
0	352856
0	352857
0	352858
0	352859
0	352860
0	352861
0	352862
0	352863
0	352864
0	352865
0	352866
0	352867
0	352868
0	352869
0	352870
0	352871
0	352872
0	352873
0	352874
0	352875
0	352876
0	352877
0	352878
0	352879
0	352880
0	352881
0	352882
0	352883
0	352884
0	352885
0	352886
0	352887
0	352888
0	352889
0	352890
0	352891
0	352892
0	352893
0	352894
0	352895
0	352896
0	352897
0	352898
0	352899
0	352900
0	352901
0	352902
0	352903
0	352904
0	352905
0	352906
0	352907
0	352908
0	352909
0	352910
0	352911
0	352912
0	352913
0	352914
0	352915
0	352916
0	352917
0	352918
0	352919
0	352920
0	352921
0	352922
0	352923
0	352924
0	352925
0	352926
0	352927
0	352928
0	352929
0	352930
0	352931
0	352932
0	352933
0	352934
0	352935
0	352936
0	352937
0	352938
0	352939
0	352940
0	352941
0	352942
0	352943
0	352944
0	352945
0	352946
0	352947
0	352948
0	352949
0	352950
0	352951
0	352952
0	352953
0	352954
0	352955
0	352956
0	352957
0	352958
0	352959
0	352960
0	352961
0	352962
0	352963
0	352964
0	352965
0	352966
0	352967
0	352968
0	352969
0	352970
0	352971
0	352972
0	352973
0	352974
0	352975
0	352976
0	352977
0	352978
0	352979
0	352980
0	352981
0	352982
0	352983
0	352984
0	352985
0	352986
0	352987
0	352988
0	352989
0	352990
0	352991
0	352992
0	352993
0	352994
0	352995
0	352996
0	352997
0	352998
0	352999
0	353000
0	353001
0	353002
0	353003
0	353004
0	353005
0	353006
0	353007
0	353008
0	353009
0	353010
0	353011
0	353012
0	353013
0	353014
0	353015
0	353016
0	353017
0	353018
0	353019
0	353020
0	353021
0	353022
0	353023
0	353024
0	353025
0	353026
0	353027
0	353028
0	353029
0	353030
0	353031
0	353032
0	353033
0	353034
0	353035
0	353036
0	353037
0	353038
0	353039
0	353040
0	353041
0	353042
0	353043
0	353044
0	353045
0	353046
0	353047
0	353048
0	353049
0	353050
0	353051
0	353052
0	353053
0	353054
0	353055
0	353056
0	353057
0	353058
0	353059
0	353060
0	353061
0	353062
0	353063
0	353064
0	353065
0	353066
0	353067
0	353068
0	353069
0	353070
0	353071
0	353072
0	353073
0	353074
0	353075
0	353076
0	353077
0	353078
0	353079
0	353080
0	353081
0	353082
0	353083
0	353084
0	353085
0	353086
0	353087
0	353088
0	353089
0	353090
0	353091
0	353092
0	353093
0	353094
0	353095
0	353096
0	353097
0	353098
0	353099
0	353100
0	353101
0	353102
0	353103
0	353104
0	353105
0	353106
0	353107
0	353108
0	353109
0	353110
0	353111
0	353112
0	353113
0	353114
0	353115
0	353116
0	353117
0	353118
0	353119
0	353120
0	353121
0	353122
0	353123
0	353124
0	353125
0	353126
0	353127
0	353128
0	353129
0	353130
0	353131
0	353132
0	353133
0	353134
0	353135
0	353136
0	353137
0	353138
0	353139
0	353140
0	353141
0	353142
0	353143
0	353144
0	353145
0	353146
0	353147
0	353148
0	353149
0	353150
0	353151
0	353152
0	353153
0	353154
0	353155
0	353156
0	353157
0	353158
0	353159
0	353160
0	353161
0	353162
0	353163
0	353164
0	353165
0	353166
0	353167
0	353168
0	353169
0	353170
0	353171
0	353172
0	353173
0	353174
0	353175
0	353176
0	353177
0	353178
0	353179
0	353180
0	353181
0	353182
0	353183
0	353184
0	353185
0	353186
0	353187
0	353188
0	353189
0	353190
0	353191
0	353192
0	353193
0	353194
0	353195
0	353196
0	353197
0	353198
0	353199
0	353200
0	353201
0	353202
0	353203
0	353204
0	353205
0	353206
0	353207
0	353208
0	353209
0	353210
0	353211
0	353212
0	353213
0	353214
0	353215
0	353216
0	353217
0	353218
0	353219
0	353220
0	353221
0	353222
0	353223
0	353224
0	353225
0	353226
0	353227
0	353228
0	353229
0	353230
0	353231
0	353232
0	353233
0	353234
0	353235
0	353236
0	353237
0	353238
0	353239
0	353240
0	353241
0	353242
0	353243
0	353244
0	353245
0	353246
0	353247
0	353248
0	353249
0	353250
0	353251
0	353252
0	353253
0	353254
0	353255
0	353256
0	353257
0	353258
0	353259
0	353260
0	353261
0	353262
0	353263
0	353264
0	353265
0	353266
0	353267
0	353268
0	353269
0	353270
0	353271
0	353272
0	353273
0	353274
0	353275
0	353276
0	353277
0	353278
0	353279
0	353280
0	353281
0	353282
0	353283
0	353284
0	353285
0	353286
0	353287
0	353288
0	353289
0	353290
0	353291
0	353292
0	353293
0	353294
0	353295
0	353296
0	353297
0	353298
0	353299
0	353300
0	353301
0	353302
0	353303
0	353304
0	353305
0	353306
0	353307
0	353308
0	353309
0	353310
0	353311
0	353312
0	353313
0	353314
0	353315
0	353316
0	353317
0	353318
0	353319
0	353320
0	353321
0	353322
0	353323
0	353324
0	353325
0	353326
0	353327
0	353328
0	353329
0	353330
0	353331
0	353332
0	353333
0	353334
0	353335
0	353336
0	353337
0	353338
0	353339
0	353340
0	353341
0	353342
0	353343
0	353344
0	353345
0	353346
0	353347
0	353348
0	353349
0	353350
0	353351
0	353352
0	353353
0	353354
0	353355
0	353356
0	353357
0	353358
0	353359
0	353360
0	353361
0	353362
0	353363
0	353364
0	353365
0	353366
0	353367
0	353368
0	353369
0	353370
0	353371
0	353372
0	353373
0	353374
0	353375
0	353376
0	353377
0	353378
0	353379
0	353380
0	353381
0	353382
0	353383
0	353384
0	353385
0	353386
0	353387
0	353388
0	353389
0	353390
0	353391
0	353392
0	353393
0	353394
0	353395
0	353396
0	353397
0	353398
0	353399
0	353400
0	353401
0	353402
0	353403
0	353404
0	353405
0	353406
0	353407
0	353408
0	353409
0	353410
0	353411
0	353412
0	353413
0	353414
0	353415
0	353416
0	353417
0	353418
0	353419
0	353420
0	353421
0	353422
0	353423
0	353424
0	353425
0	353426
0	353427
0	353428
0	353429
0	353430
0	353431
0	353432
0	353433
0	353434
0	353435
0	353436
0	353437
0	353438
0	353439
0	353440
0	353441
0	353442
0	353443
0	353444
0	353445
0	353446
0	353447
0	353448
0	353449
0	353450
0	353451
0	353452
0	353453
0	353454
0	353455
0	353456
0	353457
0	353458
0	353459
0	353460
0	353461
0	353462
0	353463
0	353464
0	353465
0	353466
0	353467
0	353468
0	353469
0	353470
0	353471
0	353472
0	353473
0	353474
0	353475
0	353476
0	353477
0	353478
0	353479
0	353480
0	353481
0	353482
0	353483
0	353484
0	353485
0	353486
0	353487
0	353488
0	353489
0	353490
0	353491
0	353492
0	353493
0	353494
0	353495
0	353496
0	353497
0	353498
0	353499
0	353500
0	353501
0	353502
0	353503
0	353504
0	353505
0	353506
0	353507
0	353508
0	353509
0	353510
0	353511
0	353512
0	353513
0	353514
0	353515
0	353516
0	353517
0	353518
0	353519
0	353520
0	353521
0	353522
0	353523
0	353524
0	353525
0	353526
0	353527
0	353528
0	353529
0	353530
0	353531
0	353532
0	353533
0	353534
0	353535
0	353536
0	353537
0	353538
0	353539
0	353540
0	353541
0	353542
0	353543
0	353544
0	353545
0	353546
0	353547
0	353548
0	353549
0	353550
0	353551
0	353552
0	353553
0	353554
0	353555
0	353556
0	353557
0	353558
0	353559
0	353560
0	353561
0	353562
0	353563
0	353564
0	353565
0	353566
0	353567
0	353568
0	353569
0	353570
0	353571
0	353572
0	353573
0	353574
0	353575
0	353576
0	353577
0	353578
0	353579
0	353580
0	353581
0	353582
0	353583
0	353584
0	353585
0	353586
0	353587
0	353588
0	353589
0	353590
0	353591
0	353592
0	353593
0	353594
0	353595
0	353596
0	353597
0	353598
0	353599
0	353600
0	353601
0	353602
0	353603
0	353604
0	353605
0	353606
0	353607
0	353608
0	353609
0	353610
0	353611
0	353612
0	353613
0	353614
0	353615
0	353616
0	353617
0	353618
0	353619
0	353620
0	353621
0	353622
0	353623
0	353624
0	353625
0	353626
0	353627
0	353628
0	353629
0	353630
0	353631
0	353632
0	353633
0	353634
0	353635
0	353636
0	353637
0	353638
0	353639
0	353640
0	353641
0	353642
0	353643
0	353644
0	353645
0	353646
0	353647
0	353648
0	353649
0	353650
0	353651
0	353652
0	353653
0	353654
0	353655
0	353656
0	353657
0	353658
0	353659
0	353660
0	353661
0	353662
0	353663
0	353664
0	353665
0	353666
0	353667
0	353668
0	353669
0	353670
0	353671
0	353672
0	353673
0	353674
0	353675
0	353676
0	353677
0	353678
0	353679
0	353680
0	353681
0	353682
0	353683
0	353684
0	353685
0	353686
0	353687
0	353688
0	353689
0	353690
0	353691
0	353692
0	353693
0	353694
0	353695
0	353696
0	353697
0	353698
0	353699
0	353700
0	353701
0	353702
0	353703
0	353704
0	353705
0	353706
0	353707
0	353708
0	353709
0	353710
0	353711
0	353712
0	353713
0	353714
0	353715
0	353716
0	353717
0	353718
0	353719
0	353720
0	353721
0	353722
0	353723
0	353724
0	353725
0	353726
0	353727
0	353728
0	353729
0	353730
0	353731
0	353732
0	353733
0	353734
0	353735
0	353736
0	353737
0	353738
0	353739
0	353740
0	353741
0	353742
0	353743
0	353744
0	353745
0	353746
0	353747
0	353748
0	353749
0	353750
0	353751
0	353752
0	353753
0	353754
0	353755
0	353756
0	353757
0	353758
0	353759
0	353760
0	353761
0	353762
0	353763
0	353764
0	353765
0	353766
0	353767
0	353768
0	353769
0	353770
0	353771
0	353772
0	353773
0	353774
0	353775
0	353776
0	353777
0	353778
0	353779
0	353780
0	353781
0	353782
0	353783
0	353784
0	353785
0	353786
0	353787
0	353788
0	353789
0	353790
0	353791
0	353792
0	353793
0	353794
0	353795
0	353796
0	353797
0	353798
0	353799
0	353800
0	353801
0	353802
0	353803
0	353804
0	353805
0	353806
0	353807
0	353808
0	353809
0	353810
0	353811
0	353812
0	353813
0	353814
0	353815
0	353816
0	353817
0	353818
0	353819
0	353820
0	353821
0	353822
0	353823
0	353824
0	353825
0	354013
0	354210
0	354407
0	354604
0	354801
0	354998
0	355195
0	355392
0	355589
0	355786
0	355983
0	356180
0	356377
0	356574
0	356771
0	356968
0	357165
0	357362
0	357559
0	357756
0	357953
0	358150
0	358347
0	358544
0	358741
0	358938
0	359135
0	359332
0	359529
0	359726
0	359923
0	360120
0	360317
0	360514
0	360711
0	360908
0	361105
0	361302
0	361499
0	361696
0	361893
0	362090
0	362287
0	362484
0	362681
0	362878
0	363075
0	363272
0	363469
0	363666
0	363863
0	364060
0	364257
0	364454
0	364651
0	364803
0	364955
0	365080
0	365331
0	365618
0	365905
0	366192
0	366479
0	366766
0	367053
0	367340
0	367627
0	367914
0	368201
0	368488
0	368775
0	369062
0	369349
0	369636
0	369923
0	370210
0	370497
0	370784
0	371071
0	371358
0	371645
0	371932
0	372219
0	372506
0	372793
0	373080
0	373367
0	373654
0	373941
0	374228
0	374515
0	374802
0	375089
0	375376
0	375663
0	375950
0	376237
0	376524
0	376811
0	377098
0	377385
0	377672
0	377959
0	378246
0	378533
0	378820
0	379107
0	379394
0	379681
0	379968
0	380255
0	380542
0	380829
0	381044
0	381232
0	381285
0	381392
0	381427
0	381444
0	381461
0	381478
0	381495
0	381512
0	381529
0	381546
0	381563
0	381580
0	381597
0	381614
0	381631
0	381648
0	381665
0	381682
0	381699
0	381716
0	381733
0	381750
0	381767
0	381784
0	381801
0	381818
0	381835
0	381852
0	381869
0	381886
0	381903
0	381920
0	381937
0	381954
0	381971
0	381988
0	382005
0	382022
0	382039
0	382056
0	382073
0	382090
0	382107
0	382124
0	382141
0	382158
0	382175
0	382192
0	382209
0	382226
0	382243
0	382260
0	382277
0	382294
0	382311
0	382328
0	382345
0	382362
0	382379
0	382396
0	382413
0	382430
0	382447
0	382464
0	382481
0	382498
0	382515
0	382532
0	382549
0	382566
0	382583
0	382600
0	382617
0	382634
0	382651
0	382668
0	382685
0	382702
0	382719
0	382736
0	382753
0	382770
0	382787
0	382804
0	382821
0	382838
0	382855
0	382872
0	382889
0	382906
0	382923
0	382940
0	382957
0	382974
0	382991
0	383008
0	383025
0	383042
0	383059
0	383076
0	383093
0	383110
0	383127
0	383144
0	383161
0	383178
0	383195
0	383212
0	383229
0	383246
0	383263
0	383280
0	383297
0	383314
0	383331
0	383348
0	383365
0	383382
0	383399
0	383416
0	383433
0	383450
0	383467
0	383484
0	383501
0	383518
0	383535
0	383552
0	383569
0	383586
0	383603
0	383620
0	383637
0	383654
0	383671
0	383688
0	383705
0	383722
0	383739
0	383756
0	383773
0	383790
0	383807
0	383824
0	383841
0	383858
0	383875
0	383888
0	383895
0	383902
0	383909
0	383916
0	383923
0	383930
0	383937
0	383944
0	383951
0	383958
0	383965
0	383972
0	383979
0	383986
0	383993
0	384000
0	384007
0	384014
0	384021
0	384028
0	384035
0	384042
0	384049
0	384056
0	384063
0	384070
0	384077
0	384084
0	384091
0	384098
0	384105
0	384112
0	384119
0	384126
0	384133
0	384140
0	384147
0	384154
0	384161
0	384168
0	384175
0	384182
0	384189
0	384196
0	384203
0	384210
0	384217
0	384224
0	384231
0	384238
0	384245
0	384252
0	384259
0	384266
0	384273
0	384280
0	384287
0	384294
0	384301
0	384308
0	384315
0	384322
0	384329
0	384336
0	384343
0	384350
0	384357
0	384364
0	384371
0	384378
0	384385
0	384392
0	384399
0	384406
0	384413
0	384420
0	384427
0	384434
0	384441
0	384448
0	384455
0	384462
0	384469
0	384476
0	384483
0	384490
0	384497
0	384504
0	384511
0	384518
0	384525
0	384532
0	384539
0	384546
0	384553
0	384560
0	384567
0	384574
0	384581
0	384588
0	384595
0	384602
0	384609
0	384616
0	384623
0	384630
0	384637
0	384644
0	384651
0	384658
0	384665
0	384672
0	384679
0	384686
0	384693
0	384700
0	384707
0	384714
0	384721
0	384728
0	384735
0	384742
0	384749
0	384756
0	384763
0	384770
0	384777
0	384784
0	384791
0	384798
0	384805
0	384812
0	384819
0	384826
0	384833
0	384840
0	384847
0	384854
0	384861
0	384868
0	384875
0	384882
0	384889
0	384896
0	384903
0	384910
0	384917
0	384924
0	384931
0	384938
0	384945
0	384952
0	384959
0	384966
0	384973
0	384980
0	384987
0	384994
0	385001
0	385008
0	385015
0	385022
0	385029
0	385036
0	385043
0	385050
0	385057
0	385064
0	385071
0	385078
0	385085
0	385092
0	385099
0	385106
0	385113
0	385120
0	385127
0	385134
0	385141
0	385148
0	385155
0	385162
0	385169
0	385176
0	385183
0	385190
0	385197
0	385204
0	385211
0	385218
0	385225
0	385232
0	385239
0	385246
0	385253
0	385260
0	385267
0	385274
0	385281
0	385288
0	385295
0	385302
0	385309
0	385316
0	385323
0	385330
0	385337
0	385344
0	385351
0	385358
0	385365
0	385372
0	385379
0	385386
0	385393
0	385400
0	385407
0	385414
0	385421
0	385428
0	385435
0	385442
0	385449
0	385456
0	385463
0	385470
0	385477
0	385484
0	385491
0	385498
0	385505
0	385512
0	385519
0	385526
0	385533
0	385540
0	385547
0	385554
0	385561
0	385568
0	385575
0	385582
0	385589
0	385596
0	385603
0	385610
0	385617
0	385624
0	385631
0	385638
0	385645
0	385652
0	385659
0	385666
0	385673
0	385680
0	385687
0	385694
0	385701
0	385708
0	385715
0	385722
0	385729
0	385736
0	385743
0	385750
0	385757
0	385764
0	385771
0	385778
0	385785
0	385792
0	385799
0	385806
0	385813
0	385820
0	385827
0	385834
0	385841
0	385848
0	385855
0	385862
0	385869
0	385876
0	385883
0	385890
0	385897
0	385904
0	385911
0	385918
0	385925
0	385932
0	385939
0	385946
0	385953
0	385960
0	385967
0	385974
0	385981
0	385988
0	385995
0	386002
0	386009
0	386016
0	386023
0	386030
0	386037
0	386044
0	386051
0	386058
0	386065
0	386072
0	386079
0	386086
0	386093
0	386100
0	386107
0	386114
0	386121
0	386128
0	386135
0	386142
0	386149
0	386156
0	386163
0	386170
0	386177
0	386184
0	386191
0	386198
0	386205
0	386212
0	386219
0	386226
0	386233
0	386240
0	386247
0	386254
0	386261
0	386268
0	386275
0	386282
0	386289
0	386296
0	386303
0	386310
0	386317
0	386324
0	386331
0	386338
0	386345
0	386352
0	386359
0	386366
0	386373
0	386380
0	386387
0	386394
0	386401
0	386408
0	386415
0	386422
0	386429
0	386436
0	386443
0	386450
0	386457
0	386464
0	386471
0	386478
0	386485
0	386492
0	386499
0	386506
0	386513
0	386520
0	386527
0	386534
0	386541
0	386548
0	386555
0	386562
0	386569
0	386576
0	386583
0	386590
0	386597
0	386604
0	386611
0	386618
0	386625
0	386632
0	386639
0	386646
0	386653
0	386660
0	386667
0	386674
0	386681
0	386688
0	386695
0	386702
0	386709
0	386716
0	386723
0	386730
0	386737
0	386744
0	386751
0	386758
0	386765
0	386772
0	386779
0	386786
0	386793
0	386800
0	386807
0	386814
0	386821
0	386828
0	386835
0	386842
0	386849
0	386856
0	386863
0	386870
0	386877
0	386884
0	386891
0	386898
0	386905
0	386912
0	386919
0	386926
0	386933
0	386940
0	386947
0	386954
0	386961
0	386968
0	386975
0	386982
0	386989
0	386996
0	387003
0	387010
0	387017
0	387024
0	387031
0	387038
0	387045
0	387052
0	387059
0	387066
0	387073
0	387080
0	387087
0	387094
0	387101
0	387108
0	387115
0	387122
0	387129
0	387136
0	387143
0	387150
0	387157
0	387164
0	387171
0	387178
0	387185
0	387192
0	387199
0	387206
0	387213
0	387220
0	387227
0	387234
0	387241
0	387248
0	387255
0	387262
0	387269
0	387276
0	387283
0	387290
0	387297
0	387304
0	387311
0	387318
0	387325
0	387332
0	387339
0	387346
0	387353
0	387360
0	387367
0	387374
0	387381
0	387388
0	387395
0	387402
0	387409
0	387416
0	387423
0	387430
0	387437
0	387444
0	387451
0	387458
0	387465
0	387472
0	387479
0	387486
0	387493
0	387500
0	387507
0	387514
0	387521
0	387528
0	387535
0	387542
0	387549
0	387556
0	387563
0	387570
0	387577
0	387584
0	387591
0	387598
0	387605
0	387612
0	387619
0	387626
0	387633
0	387640
0	387647
0	387654
0	387661
0	387668
0	387675
0	387682
0	387689
0	387696
0	387703
0	387710
0	387717
0	387724
0	387731
0	387738
0	387745
0	387752
0	387759
0	387766
0	387773
0	387780
0	387787
0	387794
0	387801
0	387808
0	387815
0	387822
0	387829
0	387836
0	387843
0	387850
0	387857
0	387864
0	387871
0	387878
0	387885
0	387892
0	387899
0	387906
0	387913
0	387920
0	387927
0	387934
0	387941
0	387948
0	387955
0	387962
0	387969
0	387976
0	387983
0	387990
0	387997
0	388004
0	388011
0	388018
0	388025
0	388032
0	388039
0	388046
0	388053
0	388060
0	388067
0	388074
0	388081
0	388088
0	388095
0	388102
0	388109
0	388116
0	388123
0	388130
0	388137
0	388144
0	388151
0	388158
0	388165
0	388172
0	388179
0	388186
0	388193
0	388200
0	388250
0	388299
0	388348
0	388397
0	388446
0	388495
0	388544
0	388593
0	388642
0	388691
0	388740
0	388789
0	388838
0	388887
0	388936
0	388985
0	389034
0	389083
0	389132
0	389181
0	389230
0	389279
0	389328
0	389377
0	389426
0	389475
0	389524
0	389573
0	389622
0	389671
0	389720
0	389769
0	389818
0	389867
0	389916
0	389965
0	390014
0	390063
0	390112
0	390161
0	390210
0	390259
0	390308
0	390357
0	390406
0	390455
0	390504
0	390553
0	390602
0	390651
0	390700
0	390749
0	390798
0	390847
0	390896
0	390945
0	390994
0	391043
0	391065
0	391069
0	391073
0	391077
0	391081
0	391085
0	391089
0	391093
0	391097
0	391101
0	391105
0	391109
0	391113
0	391117
0	391121
0	391125
0	391129
0	391133
0	391137
0	391141
0	391145
0	391149
0	391153
0	391157
0	391161
0	391165
0	391169
0	391173
0	391177
0	391181
0	391185
0	391189
0	391193
0	391197
0	391201
0	391205
0	391209
0	391213
0	391217
0	391221
0	391225
0	391229
0	391233
0	391237
0	391241
0	391245
0	391249
0	391253
0	391257
0	391261
0	391265
0	391269
0	391273
0	391277
0	391281
0	391285
0	391289
0	391293
0	391297
0	391301
0	391305
0	391309
0	391313
0	391317
0	391321
0	391325
0	391329
0	391333
0	391337
0	391341
0	391345
0	391349
0	391353
0	391357
0	391361
0	391365
0	391369
0	391373
0	391377
0	391381
0	391385
0	391389
0	391393
0	391397
0	391401
0	391405
0	391409
0	391413
0	391417
0	391421
0	391425
0	391429
0	391433
0	391437
0	391441
0	391445
0	391449
0	391453
0	391457
0	391461
0	391465
0	391469
0	391473
0	391477
0	391481
0	391485
0	391489
0	391493
0	391497
0	391501
0	391505
0	391509
0	391513
0	391517
0	391521
0	391525
0	391529
0	391533
0	391537
0	391541
0	391545
0	391549
0	391553
0	391557
0	391561
0	391565
0	391569
0	391573
0	391577
0	391581
0	391585
0	391589
0	391593
0	391597
0	391601
0	391605
0	391609
0	391613
0	391617
0	391621
0	391625
0	391629
0	391633
0	391637
0	391641
0	391645
0	391649
0	391653
0	391657
0	391661
0	391665
0	391669
0	391673
0	391677
0	391681
0	391685
0	391689
0	391693
0	391697
0	391701
0	391705
0	391709
0	391713
0	391717
0	391721
0	391725
0	391729
0	391733
0	391737
0	391741
0	391745
0	391749
0	391753
0	391757
0	391761
0	391765
0	391769
0	391773
0	391777
0	391781
0	391785
0	391789
0	391793
0	391797
0	391801
0	391805
0	391809
0	391813
0	391817
0	391821
0	391825
0	391829
0	391833
0	391837
0	391841
0	391845
0	391849
0	391853
0	391857
0	391861
0	391865
0	391869
0	391873
0	391877
0	391881
0	391885
0	391889
0	391893
0	391897
0	391901
0	391905
0	391909
0	391913
0	391917
0	391921
0	391925
0	391929
0	391933
0	391937
0	391941
0	391945
0	391949
0	391953
0	391957
0	391961
0	391965
0	391969
0	391973
0	391977
0	391981
0	391985
0	391989
0	391993
0	391997
0	392001
0	392005
0	392009
0	392013
0	392017
0	392021
0	392025
0	392029
0	392033
0	392037
0	392041
0	392045
0	392049
0	392053
0	392057
0	392061
0	392065
0	392069
0	392073
0	392077
0	392081
0	392085
0	392089
0	392093
0	392097
0	392101
0	392105
0	392109
0	392113
0	392117
0	392121
0	392125
0	392129
0	392133
0	392137
0	392141
0	392145
0	392149
0	392153
0	392157
0	392161
0	392165
0	392169
0	392173
0	392177
0	392181
0	392185
0	392189
0	392193
0	392197
0	392201
0	392205
0	392209
0	392213
0	392217
0	392221
0	392225
0	392229
0	392233
0	392237
0	392241
0	392245
0	392249
0	392253
0	392257
0	392261
0	392265
0	392269
0	392273
0	392277
0	392281
0	392285
0	392289
0	392293
0	392297
0	392301
0	392305
0	392309
0	392313
0	392317
0	392321
0	392325
0	392329
0	392333
0	392337
0	392341
0	392345
0	392349
0	392353
0	392357
0	392361
0	392365
0	392369
0	392373
0	392377
0	392381
0	392385
0	392389
0	392393
0	392397
0	392401
0	392405
0	392409
0	392413
0	392417
0	392421
0	392425
0	392429
0	392433
0	392437
0	392441
0	392445
0	392449
0	392453
0	392457
0	392461
0	392465
0	392469
0	392473
0	392477
0	392481
0	392485
0	392489
0	392493
0	392497
0	392501
0	392505
0	392509
0	392513
0	392517
0	392521
0	392525
0	392529
0	392533
0	392537
0	392541
0	392545
0	392549
0	392553
0	392557
0	392561
0	392565
0	392569
0	392573
0	392577
0	392581
0	392585
0	392589
0	392593
0	392597
0	392601
0	392605
0	392609
0	392613
0	392617
0	392621
0	392625
0	392672
0	392719
0	392766
0	392813
0	392860
0	392907
0	392954
0	393001
0	393048
0	393095
0	393142
0	393189
0	393236
0	393283
0	393330
0	393377
0	393424
0	393471
0	393518
0	393565
0	393612
0	393659
0	393706
0	393753
0	393800
0	393847
0	393894
0	393941
0	393988
0	394035
0	394082
0	394129
0	394176
0	394223
0	394270
0	394317
0	394364
0	394411
0	394458
0	394505
0	394552
0	394599
0	394646
0	394693
0	394740
0	394787
0	394834
0	394881
0	394928
0	394975
0	395022
0	395069
0	395116
0	395163
0	395210
0	395257
0	395304
0	395351
0	395389
0	395391
0	395393
0	395395
0	395397
0	395399
0	395401
0	395403
0	395405
0	395407
0	395409
0	395411
0	395413
0	395415
0	395417
0	395419
0	395421
0	395423
0	395425
0	395427
0	395429
0	395431
0	395433
0	395435
0	395437
0	395439
0	395441
0	395443
0	395445
0	395447
0	395449
0	395451
0	395453
0	395455
0	395457
0	395459
0	395461
0	395463
0	395465
0	395467
0	395469
0	395471
0	395473
0	395475
0	395477
0	395479
0	395481
0	395483
0	395485
0	395487
0	395489
0	395491
0	395493
0	395495
0	395497
0	395499
0	395501
0	395503
0	395505
0	395507
0	395509
0	395511
0	395513
0	395515
0	395517
0	395519
0	395521
0	395523
0	395525
0	395527
0	395529
0	395531
0	395533
0	395535
0	395537
0	395539
0	395541
0	395543
0	395545
0	395547
0	395549
0	395551
0	395553
0	395555
0	395557
0	395559
0	395561
0	395563
0	395565
0	395567
0	395569
0	395571
0	395573
0	395575
0	395577
0	395579
0	395581
0	395583
0	395585
0	395587
0	395589
0	395591
0	395593
0	395595
0	395597
0	395599
0	395601
0	395603
0	395605
0	395607
0	395609
0	395611
0	395613
0	395615
0	395617
0	395619
0	395621
0	395623
0	395625
0	395627
0	395629
0	395631
0	395633
0	395635
0	395637
0	395639
0	395641
0	395643
0	395645
0	395647
0	395649
0	395651
0	395653
0	395655
0	395657
0	395659
0	395661
0	395663
0	395665
0	395667
0	395669
0	395671
0	395673
0	395675
0	395677
0	395679
0	395681
0	395683
0	395685
0	395687
0	395689
0	395691
0	395693
0	395695
0	395697
0	395699
0	395701
0	395703
0	395705
0	395707
0	395709
0	395711
0	395713
0	395715
0	395717
0	395719
0	395721
0	395723
0	395725
0	395727
0	395729
0	395731
0	395733
0	395735
0	395737
0	395739
0	395741
0	395743
0	395745
0	395747
0	395749
0	395751
0	395753
0	395755
0	395757
0	395759
0	395761
0	395763
0	395765
0	395767
0	395769
0	395771
0	395773
0	395775
0	395777
0	395779
0	395781
0	395783
0	395785
0	395787
0	395789
0	395791
0	395793
0	395795
0	395797
0	395799
0	395801
0	395803
0	395805
0	395807
0	395809
0	395811
0	395813
0	395815
0	395817
0	395819
0	395821
0	395823
0	395825
0	395827
0	395829
0	395831
0	395833
0	395835
0	395837
0	395839
0	395841
0	395843
0	395845
0	395847
0	395849
0	395851
0	395853
0	395855
0	395857
0	395859
0	395861
0	395863
0	395865
0	395867
0	395869
0	395871
0	395873
0	395875
0	395877
0	395879
0	395881
0	395883
0	395885
0	395887
0	395889
0	395891
0	395893
0	395895
0	395897
0	395899
0	395901
0	395903
0	395905
0	395907
0	395909
0	395911
0	395913
0	395915
0	395917
0	395919
0	395921
0	395923
0	395925
0	395927
0	395929
0	395931
0	395933
0	395935
0	395937
0	395939
0	395941
0	395943
0	395945
0	395947
0	395949
0	395951
0	395953
0	395955
0	395957
0	395959
0	395961
0	395963
0	395965
0	395967
0	395969
0	395971
0	395973
0	395975
0	395977
0	395979
0	395981
0	395983
0	395985
0	395987
0	395989
0	395991
0	395993
0	395995
0	395997
0	395999
0	396001
0	396003
0	396005
0	396007
0	396009
0	396011
0	396013
0	396015
0	396017
0	396019
0	396021
0	396023
0	396025
0	396027
0	396029
0	396031
0	396033
0	396035
0	396037
0	396039
0	396041
0	396043
0	396045
0	396047
0	396049
0	396051
0	396053
0	396055
0	396057
0	396059
0	396061
0	396063
0	396065
0	396067
0	396069
0	396071
0	396073
0	396075
0	396077
0	396079
0	396081
0	396083
0	396085
0	396087
0	396089
0	396091
0	396093
0	396095
0	396097
0	396099
0	396101
0	396103
0	396105
0	396107
0	396109
0	396111
0	396113
0	396115
0	396117
0	396119
0	396121
0	396123
0	396125
0	396127
0	396129
0	396131
0	396133
0	396135
0	396137
0	396139
0	396141
0	396143
0	396145
0	396147
0	396149
0	396151
0	396153
0	396155
0	396157
0	396159
0	396161
0	396163
0	396165
0	396167
0	396169
0	396171
0	396173
0	396175
0	396177
0	396179
0	396181
0	396183
0	396185
0	396187
0	396189
0	396191
0	396193
0	396195
0	396197
0	396199
0	396201
0	396203
0	396205
0	396207
0	396209
0	396211
0	396213
0	396215
0	396217
0	396219
0	396221
0	396223
0	396225
0	396227
0	396229
0	396231
0	396233
0	396235
0	396237
0	396239
0	396241
0	396243
0	396245
0	396247
0	396249
0	396251
0	396253
0	396255
0	396257
0	396259
0	396261
0	396263
0	396265
0	396267
0	396269
0	396271
0	396273
0	396275
0	396277
0	396279
0	396281
0	396283
0	396285
0	396287
0	396289
0	396291
0	396293
0	396295
0	396297
0	396299
0	396301
0	396303
0	396305
0	396307
0	396309
0	396311
0	396313
0	396315
0	396317
0	396319
0	396321
0	396323
0	396325
0	396327
0	396329
0	396331
0	396333
0	396335
0	396337
0	396339
0	396341
0	396343
0	396345
0	396347
0	396349
0	396351
0	396353
0	396355
0	396357
0	396359
0	396361
0	396363
0	396365
0	396367
0	396369
0	396371
0	396373
0	396375
0	396377
0	396379
0	396381
0	396383
0	396385
0	396387
0	396389
0	396391
0	396393
0	396395
0	396397
0	396399
0	396401
0	396403
0	396405
0	396407
0	396409
0	396411
0	396413
0	396415
0	396417
0	396419
0	396421
0	396423
0	396425
0	396427
0	396429
0	396431
0	396433
0	396435
0	396437
0	396439
0	396441
0	396443
0	396445
0	396447
0	396449
0	396451
0	396453
0	396455
0	396457
0	396459
0	396461
0	396463
0	396465
0	396467
0	396469
0	396471
0	396473
0	396475
0	396477
0	396479
0	396481
0	396483
0	396485
0	396487
0	396489
0	396491
0	396493
0	396495
0	396497
0	396499
0	396501
0	396503
0	396505
0	396507
0	396509
0	396511
0	396513
0	396515
0	396517
0	396519
0	396521
0	396523
0	396525
0	396527
0	396529
0	396531
0	396533
0	396535
0	396537
0	396539
0	396541
0	396543
0	396545
0	396547
0	396549
0	396551
0	396553
0	396555
0	396557
0	396559
0	396561
0	396563
0	396565
0	396567
0	396569
0	396571
0	396573
0	396575
0	396577
0	396579
0	396581
0	396583
0	396585
0	396587
0	396589
0	396591
0	396593
0	396595
0	396597
0	396599
0	396601
0	396603
0	396605
0	396607
0	396609
0	396611
0	396613
0	396615
0	396617
0	396619
0	396621
0	396623
0	396625
0	396627
0	396629
0	396631
0	396633
0	396635
0	396637
0	396639
0	396641
0	396643
0	396645
0	396647
0	396649
0	396651
0	396653
0	396655
0	396657
0	396659
0	396661
0	396663
0	396665
0	396667
0	396669
0	396671
0	396673
0	396675
0	396677
0	396679
0	396681
0	396683
0	396685
0	396687
0	396689
0	396691
0	396693
0	396695
0	396697
0	396699
0	396701
0	396703
0	396705
0	396707
0	396709
0	396711
0	396713
0	396715
0	396717
0	396719
0	396721
0	396723
0	396725
0	396727
0	396729
0	396731
0	396733
0	396735
0	396737
0	396739
0	396741
0	396743
0	396745
0	396747
0	396749
0	396751
0	396753
0	396755
0	396757
0	396759
0	396761
0	396763
0	396765
0	396767
0	396769
0	396771
0	396773
0	396775
0	396777
0	396779
0	396781
0	396783
0	396785
0	396787
0	396789
0	396791
0	396793
0	396795
0	396797
0	396799
0	396801
0	396803
0	396805
0	396807
0	396809
0	396811
0	396813
0	396815
0	396817
0	396819
0	396821
0	396823
0	396825
0	396827
0	396829
0	396831
0	396833
0	396835
0	396837
0	396839
0	396841
0	396843
0	396845
0	396847
0	396849
0	396851
0	396853
0	396855
0	396857
0	396859
0	396861
0	396863
0	396865
0	396867
0	396869
0	396871
0	396873
0	396875
0	396877
0	396879
0	396881
0	396883
0	396885
0	396887
0	396889
0	396891
0	396893
0	396895
0	396897
0	396899
0	396901
0	396903
0	396905
0	396907
0	396909
0	396911
0	396913
0	396915
0	396917
0	396919
0	396921
0	396923
0	396925
0	396927
0	396929
0	396931
0	396933
0	396935
0	396937
0	396939
0	396941
0	396943
0	396945
0	396947
0	396949
0	396951
0	396953
0	396955
0	396957
0	396959
0	396961
0	396963
0	396965
0	396967
0	396969
0	396971
0	396973
0	396975
0	396977
0	396979
0	396981
0	396983
0	396985
0	396987
0	396989
0	396991
0	396993
0	396995
0	396997
0	396999
0	397001
0	397003
0	397005
0	397007
0	397009
0	397011
0	397013
0	397015
0	397017
0	397019
0	397021
0	397023
0	397025
0	397027
0	397029
0	397031
0	397033
0	397035
0	397037
0	397039
0	397041
0	397043
0	397045
0	397047
0	397049
0	397051
0	397053
0	397055
0	397057
0	397059
0	397061
0	397063
0	397065
0	397067
0	397069
0	397071
0	397073
0	397075
0	397077
0	397079
0	397081
0	397083
0	397085
0	397087
0	397089
0	397091
0	397093
0	397095
0	397097
0	397099
0	397101
0	397103
0	397105
0	397107
0	397109
0	397111
0	397113
0	397115
0	397117
0	397119
0	397121
0	397123
0	397125
0	397127
0	397129
0	397131
0	397133
0	397135
0	397137
0	397139
0	397141
0	397143
0	397145
0	397147
0	397149
0	397151
0	397153
0	397155
0	397157
0	397159
0	397161
0	397163
0	397165
0	397167
0	397169
0	397171
0	397173
0	397175
0	397177
0	397179
0	397181
0	397183
0	397185
0	397187
0	397189
0	397191
0	397193
0	397195
0	397197
0	397199
0	397201
0	397203
0	397205
0	397207
0	397209
0	397211
0	397213
0	397215
0	397217
0	397219
0	397221
0	397223
0	397225
0	397227
0	397229
0	397231
0	397233
0	397235
0	397237
0	397239
0	397241
0	397243
0	397245
0	397247
0	397249
0	397251
0	397253
0	397255
0	397257
0	397259
0	397261
0	397263
0	397265
0	397267
0	397269
0	397271
0	397273
0	397275
0	397277
0	397279
0	397281
0	397283
0	397285
0	397287
0	397289
0	397291
0	397293
0	397295
0	397297
0	397299
0	397301
0	397303
0	397305
0	397307
0	397309
0	397311
0	397313
0	397315
0	397317
0	397319
0	397321
0	397323
0	397325
0	397327
0	397329
0	397331
0	397333
0	397335
0	397337
0	397339
0	397341
0	397343
0	397345
0	397347
0	397349
0	397351
0	397353
0	397355
0	397357
0	397359
0	397361
0	397363
0	397365
0	397367
0	397369
0	397371
0	397373
0	397375
0	397377
0	397379
0	397381
0	397383
0	397385
0	397387
0	397389
0	397391
0	397393
0	397395
0	397397
0	397399
0	397401
0	397403
0	397405
0	397407
0	397409
0	397411
0	397413
0	397415
0	397417
0	397419
0	397421
0	397423
0	397425
0	397427
0	397429
0	397431
0	397433
0	397435
0	397437
0	397439
0	397441
0	397443
0	397445
0	397447
0	397449
0	397451
0	397453
0	397455
0	397457
0	397459
0	397461
0	397463
0	397465
0	397467
0	397469
0	397471
0	397473
0	397475
0	397477
0	397479
0	397481
0	397483
0	397485
0	397487
0	397489
0	397491
0	397493
0	397495
0	397497
0	397499
0	397501
0	397503
0	397505
0	397507
0	397509
0	397511
0	397513
0	397515
0	397517
0	397519
0	397521
0	397523
0	397525
0	397527
0	397529
0	397531
0	397533
0	397535
0	397537
0	397539
0	397541
0	397543
0	397545
0	397547
0	397549
0	397551
0	397553
0	397555
0	397557
0	397559
0	397561
0	397563
0	397565
0	397567
0	397569
0	397571
0	397573
0	397575
0	397577
0	397579
0	397581
0	397583
0	397585
0	397587
0	397589
0	397591
0	397593
0	397595
0	397597
0	397599
0	397601
0	397603
0	397605
0	397607
0	397609
0	397611
0	397613
0	397615
0	397617
0	397619
0	397621
0	397623
0	397625
0	397627
0	397629
0	397631
0	397633
0	397635
0	397637
0	397639
0	397641
0	397643
0	397645
0	397647
0	397649
0	397651
0	397653
0	397655
0	397657
0	397659
0	397661
0	397663
0	397665
0	397667
0	397669
0	397671
0	397673
0	397675
0	397677
0	397679
0	397681
0	397683
0	397685
0	397687
0	397689
0	397691
0	397693
0	397695
0	397697
0	397699
0	397701
0	397703
0	397705
0	397707
0	397709
0	397711
0	397713
0	397715
0	397717
0	397719
0	397721
0	397723
0	397725
0	397727
0	397729
0	397731
0	397733
0	397735
0	397737
0	397739
0	397741
0	397743
0	397745
0	397747
0	397749
0	397751
0	397753
0	397755
0	397757
0	397759
0	397761
0	397763
0	397765
0	397767
0	397769
0	397771
0	397773
0	397775
0	397777
0	397779
0	397781
0	397783
0	397785
0	397787
0	397789
0	397791
0	397793
0	397795
0	397797
0	397799
0	397801
0	397803
0	397805
0	397807
0	397809
0	397811
0	397813
0	397815
0	397817
0	397819
0	397821
0	397823
0	397825
0	397827
0	397829
0	397831
0	397833
0	397835
0	397837
0	397839
0	397841
0	397843
0	397845
0	397847
0	397849
0	397851
0	397853
0	397855
0	397857
0	397859
0	397861
0	397863
0	397865
0	397867
0	397869
0	397871
0	397873
0	397875
0	397877
0	397879
0	397881
0	397883
0	397885
0	397887
0	397889
0	397891
0	397893
0	397895
0	397897
0	397899
0	397901
0	397903
0	397905
0	397907
0	397909
0	397911
0	397913
0	397915
0	397917
0	397919
0	397921
0	397923
0	397925
0	397927
0	397929
0	397931
0	397933
0	397935
0	397937
0	397939
0	397941
0	397943
0	397945
0	397947
0	397949
0	397951
0	397953
0	397955
0	397957
0	397959
0	397961
0	398007
0	398053
0	398099
0	398145
0	398191
0	398237
0	398283
0	398329
0	398375
0	398421
0	398467
0	398513
0	398559
0	398605
0	398651
0	398697
0	398743
0	398789
0	398791
0	398793
0	398795
0	398797
0	398799
0	398801
0	398803
0	398805
0	398807
0	398809
0	398811
0	398813
0	398815
0	398817
0	398819
0	398821
0	398823
0	398825
0	398827
0	398829
0	398831
0	398833
0	398835
0	398837
0	398839
0	398841
0	398843
0	398845
0	398847
0	398849
0	398851
0	398853
0	398855
0	398857
0	398859
0	398861
0	398863
0	398865
0	398867
0	398869
0	398871
0	398873
0	398875
0	398877
0	398879
0	398881
0	398883
0	398885
0	398887
0	398889
0	398891
0	398893
0	398895
0	398897
0	398899
0	398901
0	398903
0	398905
0	398907
0	398909
0	398911
0	398913
0	398915
0	398917
0	398919
0	398921
0	398923
0	398925
0	398927
0	398929
0	398931
0	398933
0	398935
0	398937
0	398939
0	398941
0	398943
0	398945
0	398947
0	398949
0	398951
0	398953
0	398955
0	398957
0	398959
0	398961
0	398963
0	398965
0	398967
0	398969
0	398971
0	398973
0	398975
0	398977
0	398979
0	398981
0	398983
0	398985
0	398987
0	398989
0	398991
0	398993
0	398995
0	398997
0	398999
0	399001
0	399003
0	399005
0	399007
0	399009
0	399011
0	399013
0	399015
0	399017
0	399019
0	399021
0	399023
0	399025
0	399027
0	399029
0	399031
0	399033
0	399035
0	399037
0	399039
0	399041
0	399043
0	399045
0	399047
0	399049
0	399051
0	399053
0	399055
0	399057
0	399059
0	399061
0	399063
0	399065
0	399067
0	399069
0	399071
0	399073
0	399075
0	399077
0	399079
0	399081
0	399083
0	399085
0	399087
0	399089
0	399091
0	399093
0	399095
0	399097
0	399099
0	399101
0	399103
0	399105
0	399107
0	399109
0	399111
0	399113
0	399115
0	399117
0	399119
0	399121
0	399123
0	399125
0	399127
0	399129
0	399131
0	399133
0	399135
0	399137
0	399139
0	399141
0	399143
0	399145
0	399147
0	399149
0	399151
0	399153
0	399155
0	399157
0	399159
0	399161
0	399163
0	399165
0	399167
0	399169
0	399171
0	399173
0	399175
0	399177
0	399179
0	399181
0	399183
0	399185
0	399187
0	399189
0	399191
0	399193
0	399195
0	399197
0	399199
0	399201
0	399203
0	399205
0	399207
0	399209
0	399211
0	399213
0	399215
0	399217
0	399219
0	399221
0	399223
0	399225
0	399227
0	399229
0	399231
0	399233
0	399235
0	399237
0	399239
0	399241
0	399243
0	399245
0	399247
0	399249
0	399251
0	399253
0	399255
0	399257
0	399259
0	399261
0	399263
0	399265
0	399267
0	399269
0	399271
0	399273
0	399275
0	399277
0	399279
0	399281
0	399283
0	399285
0	399287
0	399289
0	399291
0	399293
0	399295
0	399297
0	399299
0	399301
0	399303
0	399305
0	399307
0	399309
0	399311
0	399313
0	399315
0	399317
0	399319
0	399321
0	399323
0	399325
0	399327
0	399329
0	399331
0	399333
0	399335
0	399337
0	399339
0	399341
0	399343
0	399345
0	399347
0	399349
0	399351
0	399353
0	399355
0	399357
0	399359
0	399361
0	399363
0	399365
0	399367
0	399369
0	399371
0	399373
0	399375
0	399377
0	399379
0	399381
0	399383
0	399385
0	399387
0	399389
0	399391
0	399393
0	399395
0	399397
0	399399
0	399401
0	399403
0	399405
0	399407
0	399409
0	399411
0	399413
0	399415
0	399417
0	399419
0	399421
0	399423
0	399425
0	399427
0	399429
0	399431
0	399433
0	399435
0	399437
0	399439
0	399441
0	399443
0	399445
0	399447
0	399449
0	399451
0	399453
0	399455
0	399457
0	399459
0	399461
0	399463
0	399465
0	399467
0	399469
0	399471
0	399473
0	399475
0	399477
0	399479
0	399481
0	399483
0	399485
0	399487
0	399489
0	399491
0	399493
0	399495
0	399497
0	399499
0	399501
0	399503
0	399505
0	399507
0	399509
0	399511
0	399513
0	399515
0	399517
0	399519
0	399521
0	399523
0	399525
0	399527
0	399529
0	399531
0	399533
0	399535
0	399537
0	399539
0	399541
0	399543
0	399545
0	399547
0	399549
0	399551
0	399553
0	399555
0	399557
0	399559
0	399561
0	399563
0	399565
0	399567
0	399569
0	399571
0	399573
0	399575
0	399577
0	399579
0	399581
0	399583
0	399585
0	399587
0	399589
0	399591
0	399593
0	399595
0	399597
0	399599
0	399601
0	399603
0	399605
0	399607
0	399609
0	399611
0	399613
0	399615
0	399617
0	399619
0	399621
0	399623
0	399625
0	399627
0	399629
0	399631
0	399633
0	399635
0	399637
0	399639
0	399641
0	399643
0	399645
0	399647
0	399649
0	399651
0	399653
0	399655
0	399657
0	399659
0	399661
0	399663
0	399665
0	399667
0	399669
0	399671
0	399673
0	399675
0	399677
0	399679
0	399681
0	399683
0	399685
0	399687
0	399689
0	399691
0	399693
0	399695
0	399697
0	399699
0	399701
0	399703
0	399705
0	399707
0	399709
0	399711
0	399713
0	399715
0	399717
0	399719
0	399721
0	399723
0	399725
0	399727
0	399729
0	399731
0	399733
0	399735
0	399737
0	399739
0	399741
0	399743
0	399745
0	399747
0	399749
0	399751
0	399753
0	399755
0	399757
0	399759
0	399761
0	399763
0	399765
0	399767
0	399769
0	399771
0	399773
0	399775
0	399777
0	399779
0	399781
0	399783
0	399785
0	399787
0	399789
0	399791
0	399793
0	399795
0	399797
0	399799
0	399801
0	399803
0	399805
0	399807
0	399809
0	399811
0	399813
0	399815
0	399817
0	399819
0	399821
0	399823
0	399825
0	399827
0	399829
0	399831
0	399833
0	399835
0	399837
0	399839
0	399841
0	399843
0	399845
0	399847
0	399849
0	399851
0	399853
0	399855
0	399857
0	399859
0	399861
0	399863
0	399865
0	399867
0	399869
0	399871
0	399873
0	399875
0	399877
0	399879
0	399881
0	399883
0	399885
0	399887
0	399889
0	399891
0	399893
0	399895
0	399897
0	399899
0	399901
0	399903
0	399905
0	399907
0	399909
0	399911
0	399913
0	399915
0	399917
0	399919
0	399921
0	399923
0	399925
0	399927
0	399929
0	399931
0	399933
0	399935
0	399937
0	399939
0	399941
0	399943
0	399945
0	399947
0	399949
0	399951
0	399953
0	399955
0	399957
0	399959
0	399961
0	399963
0	399965
0	399967
0	399969
0	399971
0	399973
0	399975
0	399977
0	399979
0	399981
0	399983
0	399985
0	399987
0	399989
0	399991
0	399993
0	399995
0	399997
0	399999
0	400001
0	400003
0	400005
0	400007
0	400009
0	400011
0	400013
0	400015
0	400017
0	400019
0	400021
0	400023
0	400025
0	400027
0	400029
0	400031
0	400033
0	400035
0	400037
0	400039
0	400041
0	400043
0	400045
0	400047
0	400049
0	400051
0	400053
0	400055
0	400057
0	400059
0	400061
0	400063
0	400065
0	400067
0	400069
0	400071
0	400073
0	400075
0	400077
0	400079
0	400081
0	400083
0	400085
0	400087
0	400089
0	400091
0	400093
0	400095
0	400097
0	400099
0	400101
0	400103
0	400105
0	400107
0	400109
0	400111
0	400113
0	400115
0	400117
0	400119
0	400121
0	400123
0	400125
0	400127
0	400129
0	400131
0	400133
0	400135
0	400137
0	400139
0	400141
0	400143
0	400145
0	400147
0	400149
0	400151
0	400153
0	400155
0	400157
0	400159
0	400161
0	400163
0	400165
0	400167
0	400169
0	400171
0	400173
0	400175
0	400177
0	400179
0	400181
0	400183
0	400185
0	400187
0	400189
0	400191
0	400193
0	400195
0	400197
0	400199
0	400201
0	400203
0	400205
0	400207
0	400209
0	400211
0	400213
0	400215
0	400217
0	400219
0	400221
0	400223
0	400225
0	400227
0	400229
0	400231
0	400233
0	400235
0	400237
0	400239
0	400241
0	400243
0	400245
0	400247
0	400249
0	400251
0	400253
0	400255
0	400257
0	400259
0	400261
0	400263
0	400265
0	400267
0	400269
0	400271
0	400273
0	400275
0	400277
0	400279
0	400281
0	400283
0	400285
0	400287
0	400289
0	400291
0	400293
0	400295
0	400297
0	400299
0	400301
0	400303
0	400305
0	400307
0	400309
0	400311
0	400313
0	400315
0	400317
0	400319
0	400321
0	400323
0	400325
0	400327
0	400329
0	400331
0	400333
0	400335
0	400337
0	400339
0	400341
0	400343
0	400345
0	400347
0	400349
0	400351
0	400353
0	400355
0	400357
0	400359
0	400361
0	400363
0	400365
0	400367
0	400369
0	400371
0	400373
0	400375
0	400377
0	400379
0	400381
0	400383
0	400385
0	400387
0	400389
0	400391
0	400393
0	400395
0	400397
0	400399
0	400401
0	400403
0	400405
0	400407
0	400409
0	400411
0	400413
0	400415
0	400417
0	400419
0	400421
0	400423
0	400425
0	400427
0	400429
0	400431
0	400433
0	400435
0	400437
0	400439
0	400441
0	400443
0	400445
0	400447
0	400449
0	400451
0	400453
0	400455
0	400457
0	400459
0	400461
0	400463
0	400465
0	400467
0	400469
0	400471
0	400473
0	400475
0	400477
0	400479
0	400481
0	400483
0	400485
0	400487
0	400489
0	400491
0	400493
0	400495
0	400497
0	400499
0	400501
0	400503
0	400505
0	400507
0	400509
0	400511
0	400513
0	400515
0	400517
0	400519
0	400521
0	400523
0	400525
0	400527
0	400529
0	400531
0	400533
0	400535
0	400537
0	400539
0	400541
0	400543
0	400545
0	400547
0	400549
0	400551
0	400553
0	400555
0	400557
0	400559
0	400561
0	400563
0	400565
0	400567
0	400569
0	400571
0	400573
0	400575
0	400577
0	400579
0	400581
0	400583
0	400585
0	400587
0	400589
0	400591
0	400593
0	400595
0	400597
0	400599
0	400601
0	400603
0	400605
0	400607
0	400609
0	400611
0	400613
0	400615
0	400617
0	400619
0	400621
0	400623
0	400625
0	400627
0	400629
0	400631
0	400633
0	400635
0	400637
0	400639
0	400641
0	400643
0	400645
0	400647
0	400649
0	400651
0	400653
0	400655
0	400657
0	400659
0	400661
0	400663
0	400665
0	400667
0	400669
0	400671
0	400673
0	400675
0	400677
0	400679
0	400681
0	400683
0	400685
0	400687
0	400689
0	400691
0	400693
0	400695
0	400697
0	400699
0	400701
0	400703
0	400705
0	400707
0	400709
0	400711
0	400713
0	400715
0	400717
0	400719
0	400721
0	400723
0	400725
0	400727
0	400729
0	400731
0	400733
0	400735
0	400737
0	400739
0	400741
0	400743
0	400745
0	400747
0	400749
0	400751
0	400753
0	400755
0	400757
0	400759
0	400761
0	400763
0	400765
0	400767
0	400769
0	400771
0	400773
0	400775
0	400777
0	400779
0	400781
0	400783
0	400785
0	400787
0	400789
0	400791
0	400793
0	400795
0	400797
0	400799
0	400801
0	400803
0	400805
0	400807
0	400809
0	400811
0	400813
0	400815
0	400817
0	400819
0	400821
0	400823
0	400825
0	400827
0	400829
0	400831
0	400833
0	400835
0	400837
0	400839
0	400841
0	400843
0	400845
0	400847
0	400849
0	400851
0	400853
0	400855
0	400857
0	400859
0	400861
0	400863
0	400865
0	400867
0	400869
0	400871
0	400873
0	400875
0	400877
0	400879
0	400881
0	400883
0	400885
0	400887
0	400889
0	400891
0	400893
0	400895
0	400897
0	400899
0	400901
0	400903
0	400905
0	400907
0	400909
0	400911
0	400913
0	400915
0	400917
0	400919
0	400921
0	400923
0	400925
0	400927
0	400929
0	400931
0	400933
0	400935
0	400937
0	400939
0	400941
0	400943
0	400945
0	400947
0	400949
0	400951
0	400953
0	400955
0	400957
0	400959
0	400961
0	400963
0	400965
0	400967
0	400969
0	400971
0	400973
0	400975
0	400977
0	400979
0	400981
0	400983
0	400985
0	400987
0	400989
0	400991
0	400993
0	400995
0	400997
0	400999
0	401001
0	401003
0	401005
0	401007
0	401009
0	401011
0	401013
0	401015
0	401017
0	401019
0	401021
0	401023
0	401025
0	401027
0	401029
0	401031
0	401033
0	401035
0	401037
0	401039
0	401041
0	401043
0	401045
0	401047
0	401049
0	401051
0	401053
0	401055
0	401057
0	401059
0	401061
0	401063
0	401065
0	401067
0	401069
0	401071
0	401073
0	401075
0	401077
0	401079
0	401081
0	401083
0	401085
0	401087
0	401089
0	401091
0	401093
0	401095
0	401097
0	401099
0	401101
0	401103
0	401105
0	401107
0	401109
0	401111
0	401113
0	401115
0	401117
0	401119
0	401121
0	401123
0	401125
0	401127
0	401129
0	401131
0	401133
0	401135
0	401137
0	401139
0	401141
0	401143
0	401145
0	401147
0	401149
0	401151
0	401153
0	401155
0	401157
0	401159
0	401161
0	401163
0	401165
0	401167
0	401169
0	401171
0	401173
0	401175
0	401177
0	401179
0	401181
0	401183
0	401185
0	401187
0	401189
0	401191
0	401193
0	401195
0	401197
0	401199
0	401201
0	401203
0	401205
0	401207
0	401209
0	401211
0	401213
0	401215
0	401217
0	401219
0	401221
0	401223
0	401225
0	401227
0	401229
0	401231
0	401233
0	401235
0	401237
0	401239
0	401241
0	401243
0	401245
0	401247
0	401249
0	401251
0	401253
0	401255
0	401257
0	401259
0	401261
0	401263
0	401265
0	401267
0	401269
0	401271
0	401273
0	401275
0	401277
0	401279
0	401281
0	401283
0	401285
0	401287
0	401289
0	401291
0	401293
0	401295
0	401297
0	401299
0	401301
0	401303
0	401305
0	401307
0	401309
0	401311
0	401313
0	401315
0	401317
0	401319
0	401321
0	401323
0	401325
0	401327
0	401329
0	401331
0	401333
0	401335
0	401337
0	401339
0	401341
0	401343
0	401345
0	401347
0	401349
0	401351
0	401353
0	401355
0	401357
0	401359
0	401361
0	401363
0	401365
0	401367
0	401369
0	401371
0	401373
0	401375
0	401377
0	401379
0	401381
0	401383
0	401385
0	401387
0	401389
0	401391
0	401393
0	401395
0	401397
0	401399
0	401401
0	401403
0	401405
0	401407
0	401409
0	401411
0	401413
0	401415
0	401417
0	401419
0	401421
0	401423
0	401425
0	401427
0	401429
0	401431
0	401433
0	401435
0	401437
0	401439
0	401441
0	401443
0	401445
0	401447
0	401449
0	401451
0	401453
0	401455
0	401457
0	401459
0	401461
0	401463
0	401465
0	401467
0	401469
0	401471
0	401473
0	401475
0	401477
0	401479
0	401481
0	401483
0	401485
0	401487
0	401489
0	401491
0	401493
0	401495
0	401497
0	401499
0	401501
0	401503
0	401505
0	401507
0	401509
0	401511
0	401513
0	401515
0	401517
0	401519
0	401521
0	401523
0	401525
0	401527
0	401529
0	401531
0	401533
0	401535
0	401537
0	401539
0	401541
0	401543
0	401545
0	401547
0	401549
0	401551
0	401553
0	401555
0	401557
0	401559
0	401561
0	401563
0	401565
0	401567
0	401569
0	401571
0	401573
0	401575
0	401577
0	401579
0	401581
0	401583
0	401585
0	401587
0	401589
0	401591
0	401593
0	401595
0	401597
0	401599
0	401601
0	401603
0	401605
0	401607
0	401609
0	401611
0	401613
0	401615
0	401617
0	401619
0	401621
0	401623
0	401625
0	401627
0	401629
0	401631
0	401633
0	401635
0	401637
0	401639
0	401641
0	401643
0	401645
0	401647
0	401649
0	401651
0	401653
0	401655
0	401657
0	401659
0	401661
0	401663
0	401665
0	401667
0	401669
0	401671
0	401673
0	401675
0	401677
0	401679
0	401681
0	401683
0	401685
0	401687
0	401689
0	401691
0	401693
0	401695
0	401697
0	401699
0	401701
0	401703
0	401705
0	401707
0	401709
0	401711
0	401713
0	401715
0	401717
0	401719
0	401721
0	401723
0	401725
0	401727
0	401729
0	401731
0	401733
0	401735
0	401737
0	401739
0	401741
0	401743
0	401745
0	401747
0	401749
0	401751
0	401753
0	401755
0	401757
0	401759
0	401761
0	401763
0	401765
0	401767
0	401769
0	401771
0	401773
0	401775
0	401777
0	401779
0	401781
0	401783
0	401785
0	401787
0	401789
0	401791
0	401793
0	401795
0	401797
0	401799
0	401801
0	401803
0	401805
0	401807
0	401809
0	401811
0	401813
0	401815
0	401817
0	401819
0	401821
0	401823
0	401825
0	401827
0	401829
0	401831
0	401833
0	401835
0	401837
0	401839
0	401841
0	401843
0	401845
0	401847
0	401849
0	401851
0	401853
0	401855
0	401857
0	401859
0	401861
0	401863
0	401865
0	401867
0	401869
0	401871
0	401873
0	401875
0	401877
0	401879
0	401881
0	401883
0	401885
0	401887
0	401889
0	401891
0	401893
0	401895
0	401897
0	401899
0	401901
0	401903
0	401905
0	401907
0	401909
0	401911
0	401913
0	401915
0	401917
0	401919
0	401921
0	401923
0	401925
0	401927
0	401929
0	401931
0	401933
0	401935
0	401937
0	401939
0	401941
0	401943
0	401945
0	401947
0	401949
0	401951
0	401953
0	401955
0	401957
0	401959
0	401961
0	401963
0	401965
0	401967
0	401969
0	401971
0	401973
0	401975
0	401977
0	401979
0	401981
0	401983
0	401985
0	401987
0	401989
0	401991
0	401993
0	401995
0	401997
0	401999
0	402001
0	402003
0	402005
0	402007
0	402009
0	402011
0	402013
0	402015
0	402017
0	402019
0	402021
0	402023
0	402025
0	402027
0	402029
0	402031
0	402033
0	402035
0	402037
0	402039
0	402041
0	402043
0	402045
0	402047
0	402049
0	402051
0	402053
0	402055
0	402057
0	402059
0	402061
0	402063
0	402065
0	402067
0	402069
0	402071
0	402073
0	402075
0	402077
0	402079
0	402081
0	402083
0	402085
0	402087
0	402089
0	402091
0	402093
0	402095
0	402097
0	402099
0	402101
0	402103
0	402105
0	402107
0	402109
0	402111
0	402113
0	402115
0	402117
0	402119
0	402121
0	402123
0	402125
0	402127
0	402129
0	402131
0	402133
0	402135
0	402137
0	402139
0	402141
0	402143
0	402145
0	402147
0	402149
0	402151
0	402153
0	402155
0	402157
0	402159
0	402161
0	402163
0	402165
0	402167
0	402169
0	402171
0	402173
0	402175
0	402177
0	402179
0	402181
0	402183
0	402185
0	402187
0	402189
0	402191
0	402193
0	402195
0	402197
0	402199
0	402201
0	402203
0	402205
0	402207
0	402209
0	402211
0	402213
0	402215
0	402217
0	402219
0	402221
0	402223
0	402225
0	402227
0	402229
0	402231
0	402233
0	402235
0	402237
0	402239
0	402241
0	402243
0	402245
0	402247
0	402249
0	402251
0	402253
0	402255
0	402257
0	402259
0	402261
0	402263
0	402265
0	402267
0	402269
0	402271
0	402273
0	402275
0	402277
0	402279
0	402281
0	402283
0	402285
0	402287
0	402289
0	402291
0	402293
0	402295
0	402297
0	402299
0	402301
0	402303
0	402305
0	402307
0	402309
0	402311
0	402313
0	402315
0	402317
0	402319
0	402321
0	402323
0	402325
0	402327
0	402329
0	402331
0	402333
0	402335
0	402337
0	402339
0	402341
0	402343
0	402345
0	402347
0	402349
0	402351
0	402353
0	402355
0	402357
0	402359
0	402361
0	402363
0	402365
0	402367
0	402369
0	402371
0	402373
0	402375
0	402377
0	402379
0	402381
0	402383
0	402385
0	402387
0	402389
0	402391
0	402393
0	402395
0	402397
0	402399
0	402401
0	402403
0	402405
0	402407
0	402409
0	402411
0	402413
0	402415
0	402417
0	402419
0	402421
0	402423
0	402425
0	402427
0	402429
0	402431
0	402433
0	402435
0	402437
0	402439
0	402441
0	402443
0	402445
0	402447
0	402449
0	402451
0	402453
0	402455
0	402457
0	402459
0	402461
0	402463
0	402465
0	402467
0	402469
0	402471
0	402473
0	402475
0	402477
0	402479
0	402481
0	402483
0	402485
0	402487
0	402489
0	402491
0	402493
0	402495
0	402497
0	402498
0	402499
0	402500
0	402501
0	402502
0	402503
0	402504
0	402505
0	402506
0	402507
0	402508
0	402509
0	402510
0	402511
0	402512
0	402513
0	402514
0	402515
0	402516
0	402517
0	402518
0	402519
0	402520
0	402521
0	402522
0	402523
0	402524
0	402525
0	402526
0	402527
0	402528
0	402529
0	402530
0	402531
0	402532
0	402533
0	402534
0	402535
0	402536
0	402537
0	402538
0	402539
0	402540
0	402541
0	402542
0	402543
0	402544
0	402545
0	402546
0	402547
0	402548
0	402549
0	402550
0	402551
0	402552
0	402553
0	402554
0	402555
0	402556
0	402557
0	402558
0	402559
0	402560
0	402561
0	402562
0	402563
0	402564
0	402565
0	402566
0	402567
0	402568
0	402569
0	402570
0	402571
0	402572
0	402573
0	402574
0	402575
0	402576
0	402577
0	402578
0	402579
0	402580
0	402581
0	402582
0	402583
0	402584
0	402585
0	402586
0	402587
0	402588
0	402589
0	402590
0	402591
0	402592
0	402593
0	402594
0	402595
0	402596
0	402597
0	402598
0	402599
0	402600
0	402601
0	402602
0	402603
0	402604
0	402605
0	402606
0	402607
0	402608
0	402609
0	402610
0	402611
0	402612
0	402613
0	402614
0	402615
0	402616
0	402617
0	402618
0	402619
0	402620
0	402621
0	402622
0	402623
0	402624
0	402625
0	402626
0	402627
0	402628
0	402629
0	402630
0	402631
0	402632
0	402633
0	402634
0	402635
0	402636
0	402637
0	402638
0	402639
0	402640
0	402641
0	402642
0	402643
0	402644
0	402645
0	402646
0	402647
0	402648
0	402649
0	402650
0	402651
0	402652
0	402653
0	402654
0	402655
0	402656
0	402657
0	402658
0	402659
0	402660
0	402661
0	402662
0	402663
0	402664
0	402665
0	402666
0	402667
0	402668
0	402669
0	402670
0	402671
0	402672
0	402673
0	402674
0	402675
0	402676
0	402677
0	402678
0	402679
0	402680
0	402681
0	402682
0	402683
0	402684
0	402685
0	402686
0	402687
0	402688
0	402689
0	402690
0	402691
0	402692
0	402693
0	402694
0	402695
0	402696
0	402697
0	402698
0	402699
0	402700
0	402701
0	402702
0	402703
0	402704
0	402705
0	402706
0	402707
0	402708
0	402709
0	402710
0	402711
0	402712
0	402713
0	402714
0	402715
0	402716
0	402717
0	402718
0	402719
0	402720
0	402721
0	402722
0	402723
0	402724
0	402725
0	402726
0	402727
0	402728
0	402729
0	402730
0	402731
0	402732
0	402733
0	402734
0	402735
0	402736
0	402737
0	402738
0	402739
0	402740
0	402741
0	402742
0	402743
0	402744
0	402745
0	402746
0	402747
0	402748
0	402749
0	402750
0	402751
0	402752
0	402753
0	402754
0	402755
0	402756
0	402757
0	402758
0	402759
0	402760
0	402761
0	402762
0	402763
0	402764
0	402765
0	402766
0	402767
0	402768
0	402769
0	402770
0	402771
0	402772
0	402773
0	402774
0	402775
0	402776
0	402777
0	402778
0	402779
0	402780
0	402781
0	402782
0	402783
0	402784
0	402785
0	402786
0	402787
0	402788
0	402789
0	402790
0	402791
0	402792
0	402793
0	402794
0	402795
0	402796
0	402797
0	402798
0	402799
0	402800
0	402801
0	402802
0	402803
0	402804
0	402805
0	402806
0	402807
0	402808
0	402809
0	402810
0	402811
0	402812
0	402813
0	402814
0	402815
0	402816
0	402817
0	402818
0	402819
0	402820
0	402821
0	402822
0	402823
0	402824
0	402825
0	402826
0	402827
0	402828
0	402829
0	402830
0	402831
0	402832
0	402833
0	402834
0	402835
0	402836
0	402837
0	402838
0	402839
0	402840
0	402841
0	402842
0	402843
0	402844
0	402845
0	402846
0	402847
0	402848
0	402849
0	402850
0	402851
0	402852
0	402853
0	402854
0	402855
0	402856
0	402857
0	402858
0	402859
0	402860
0	402861
0	402862
0	402863
0	402864
0	402865
0	402866
0	402867
0	402868
0	402869
0	402870
0	402871
0	402872
0	402873
0	402874
0	402875
0	402876
0	402877
0	402878
0	402879
0	402880
0	402881
0	402882
0	402883
0	402884
0	402885
0	402886
0	402887
0	402888
0	402889
0	402890
0	402891
0	402892
0	402893
0	402894
0	402895
0	402896
0	402897
0	402898
0	402899
0	402900
0	402901
0	402902
0	402903
0	402904
0	402905
0	402906
0	402907
0	402908
0	402909
0	402910
0	402911
0	402912
0	402913
0	402914
0	402915
0	402916
0	402917
0	402918
0	402919
0	402920
0	402921
0	402922
0	402923
0	402924
0	402925
0	402926
0	402927
0	402928
0	402929
0	402930
0	402931
0	402932
0	402933
0	402934
0	402935
0	402936
0	402937
0	402938
0	402939
0	402940
0	402941
0	402942
0	402943
0	402944
0	402945
0	402946
0	402947
0	402948
0	402949
0	402950
0	402951
0	402952
0	402953
0	402954
0	402955
0	402956
0	402957
0	402958
0	402959
0	402960
0	402961
0	402962
0	402963
0	402964
0	402965
0	402966
0	402967
0	402968
0	402969
0	402970
0	402971
0	402972
0	402973
0	402974
0	402975
0	402976
0	402977
0	402978
0	402979
0	402980
0	402981
0	402982
0	402983
0	402984
0	402985
0	402986
0	402987
0	402988
0	402989
0	402990
0	402991
0	402992
0	402993
0	402994
0	402995
0	402996
0	402997
0	402998
0	402999
0	403000
0	403001
0	403002
0	403003
0	403004
0	403005
0	403006
0	403007
0	403008
0	403009
0	403010
0	403011
0	403012
0	403013
0	403014
0	403015
0	403016
0	403017
0	403018
0	403019
0	403020
0	403021
0	403022
0	403023
0	403024
0	403025
0	403026
0	403027
0	403028
0	403029
0	403030
0	403031
0	403032
0	403033
0	403034
0	403035
0	403036
0	403037
0	403038
0	403039
0	403040
0	403041
0	403042
0	403043
0	403044
0	403045
0	403046
0	403047
0	403048
0	403049
0	403050
0	403051
0	403052
0	403053
0	403054
0	403055
0	403056
0	403057
0	403058
0	403059
0	403060
0	403061
0	403062
0	403063
0	403064
0	403065
0	403066
0	403067
0	403068
0	403069
0	403070
0	403071
0	403072
0	403073
0	403074
0	403075
0	403076
0	403077
0	403078
0	403079
0	403080
0	403081
0	403082
0	403083
0	403084
0	403085
0	403086
0	403087
0	403088
0	403089
0	403090
0	403091
0	403092
0	403093
0	403094
0	403095
0	403096
0	403097
0	403098
0	403099
0	403100
0	403101
0	403102
0	403103
0	403104
0	403105
0	403106
0	403107
0	403108
0	403109
0	403110
0	403111
0	403112
0	403113
0	403114
0	403115
0	403116
0	403117
0	403118
0	403119
0	403120
0	403121
0	403122
0	403123
0	403124
0	403125
0	403126
0	403127
0	403128
0	403129
0	403130
0	403131
0	403132
0	403133
0	403134
0	403135
0	403136
0	403137
0	403138
0	403139
0	403140
0	403141
0	403142
0	403143
0	403144
0	403145
0	403146
0	403147
0	403148
0	403149
0	403150
0	403151
0	403152
0	403153
0	403154
0	403155
0	403156
0	403157
0	403158
0	403159
0	403160
0	403161
0	403162
0	403163
0	403164
0	403165
0	403166
0	403167
0	403168
0	403169
0	403170
0	403171
0	403172
0	403173
0	403174
0	403175
0	403176
0	403177
0	403178
0	403179
0	403180
0	403181
0	403182
0	403183
0	403184
0	403185
0	403186
0	403187
0	403188
0	403189
0	403190
0	403191
0	403192
0	403193
0	403194
0	403195
0	403196
0	403197
0	403198
0	403199
0	403200
0	403201
0	403202
0	403203
0	403204
0	403205
0	403206
0	403207
0	403208
0	403209
0	403210
0	403211
0	403212
0	403213
0	403214
0	403215
0	403216
0	403217
0	403218
0	403219
0	403220
0	403221
0	403222
0	403223
0	403224
0	403225
0	403226
0	403227
0	403228
0	403229
0	403230
0	403231
0	403232
0	403233
0	403234
0	403235
0	403236
0	403237
0	403238
0	403239
0	403240
0	403241
0	403242
0	403243
0	403244
0	403245
0	403246
0	403247
0	403248
0	403249
0	403250
0	403251
0	403252
0	403253
0	403254
0	403255
0	403256
0	403257
0	403258
0	403259
0	403260
0	403261
0	403262
0	403263
0	403264
0	403265
0	403266
0	403267
0	403268
0	403269
0	403270
0	403271
0	403272
0	403273
0	403274
0	403275
0	403276
0	403277
0	403278
0	403279
0	403280
0	403281
0	403282
0	403283
0	403284
0	403285
0	403286
0	403287
0	403288
0	403289
0	403290
0	403291
0	403292
0	403293
0	403294
0	403295
0	403296
0	403297
0	403298
0	403299
0	403300
0	403301
0	403302
0	403303
0	403304
0	403305
0	403306
0	403307
0	403308
0	403309
0	403310
0	403311
0	403312
0	403313
0	403314
0	403315
0	403316
0	403317
0	403318
0	403319
0	403320
0	403321
0	403322
0	403323
0	403324
0	403325
0	403326
