1   # Node id
106 # Shapelet length
7.88559  # Distance
-0.1407 -0.1446 -0.1309 -0.1192 -0.1407 -0.1387 -0.1446 -0.1368 -0.1387 -0.1368 -0.1211 -0.125 -0.1641 -0.168 -0.1621 -0.1231 -0.1133 -0.1133 -0.1075 -0.1075 -0.1094 -0.1094 -0.1094 -0.1094 -0.1094 -0.1094 -0.1094 -0.1094 -0.1094 -0.1094 -0.1075 -0.1094 -0.1075 -0.1094 -0.1094 -0.1094 -0.1075 -0.1075 -0.1094 -0.1094 -0.1094 -0.1153 -0.1133 -0.1133 -0.0723 -0.0195 -0.041 -0.1153 -0.0957 -0.0977 -0.082 -0.0547 -0.0527 -0.0606 -0.0567 -0.0606 -0.0645 -0.0938 -0.0938 -0.0567 -0.0703 -0.0625 -0.0586 -0.0938 -0.1055 -0.1133 -0.1113 -0.1074 -0.1094 -0.1133 -0.1094 -0.1074 -0.1113 -0.1094 -0.1094 -0.1094 -0.1094 -0.1113 -0.1113 -0.1094 -0.1094 -0.1113 -0.1094 -0.1094 -0.1113 -0.1094 -0.1113 -0.1113 -0.1094 -0.1114 -0.1153 -0.1133 -0.127 -0.1348 -0.1172 -0.0567 0.0058 0.0332 0.039 0.0429 0.0429 0.039 0.0429 0.0371 0.041 0.0254  # Shapelet
2 # Node id
0 # Shapelet length (if 0, then leaf)
0 # Class to predict
3 # Node id
0 # Shapelet length
1 # Class to predict
