[-1.1407   -1.1395   -1.13     -1.1216   -1.119    -1.1122   -1.1132
 -1.1157   -1.1148   -1.1148   -1.1147   -1.116    -1.1181   -1.1152
 -1.1038   -1.0831   -1.0426   -0.98247  -0.91974  -0.84521  -0.79145
 -0.76141  -0.72941  -0.72387  -0.70588  -0.69314  -0.68501  -0.68457
 -0.67863  -0.66767  -0.65583  -0.65529  -0.65669  -0.65659  -0.65475
 -0.64139  -0.59044  -0.46684  -0.32609  -0.14216   0.052406  0.22182
  0.39088   0.53988   0.67464   0.79831   0.90519   0.99472   1.0832
  1.154   ]
[-1.1368   -1.1407   -1.1395   -1.13     -1.1216   -1.119    -1.1122
 -1.1132   -1.1157   -1.1148   -1.1148   -1.1147   -1.116    -1.1181
 -1.1152   -1.1038   -1.0831   -1.0426   -0.98247  -0.91974  -0.84521
 -0.79145  -0.76141  -0.72941  -0.72387  -0.70588  -0.69314  -0.68501
 -0.68457  -0.67863  -0.66767  -0.65583  -0.65529  -0.65669  -0.65659
 -0.65475  -0.64139  -0.59044  -0.46684  -0.32609  -0.14216   0.052406
  0.22182   0.39088   0.53988   0.67464   0.79831   0.90519   0.99472
  1.0832  ]
[-1.3446   -1.3372   -1.3278   -1.3262   -1.3223   -1.322    -1.3154
 -1.3123   -1.3077   -1.3063   -1.2926   -1.2618   -1.1969   -1.114
 -1.0313   -0.97226  -0.94588  -0.92897  -0.94432  -0.96189  -0.98601
 -0.98656  -0.96371  -0.95027  -0.93539  -0.89515  -0.83953  -0.7563
 -0.61047  -0.48236  -0.34581  -0.20052  -0.024858  0.12065   0.25021
  0.36301   0.47932   0.58069   0.67991   0.75689 ]
[-1.5504   -1.5054   -1.454    -1.4085   -1.3758   -1.3679   -1.3636
 -1.3618   -1.3552   -1.3446   -1.3372   -1.3278   -1.3262   -1.3223
 -1.322    -1.3154   -1.3123   -1.3077   -1.3063   -1.2926   -1.2618
 -1.1969   -1.114    -1.0313   -0.97226  -0.94588  -0.92897  -0.94432
 -0.96189  -0.98601  -0.98656  -0.96371  -0.95027  -0.93539  -0.89515
 -0.83953  -0.7563   -0.61047  -0.48236  -0.34581  -0.20052  -0.024858
  0.12065   0.25021   0.36301   0.47932   0.58069   0.67991   0.75689 ]
[-1.5662   -1.5504   -1.5054   -1.454    -1.4085   -1.3758   -1.3679
 -1.3636   -1.3618   -1.3552   -1.3446   -1.3372   -1.3278   -1.3262
 -1.3223   -1.322    -1.3154   -1.3123   -1.3077   -1.3063   -1.2926
 -1.2618   -1.1969   -1.114    -1.0313   -0.97226  -0.94588  -0.92897
 -0.94432  -0.96189  -0.98601  -0.98656  -0.96371  -0.95027  -0.93539
 -0.89515  -0.83953  -0.7563   -0.61047  -0.48236  -0.34581  -0.20052
 -0.024858  0.12065   0.25021   0.36301   0.47932   0.58069   0.67991
  0.75689 ]
[ 0.90653   0.81815   0.70866   0.59793   0.48555   0.37193   0.25358
  0.14504   0.030856 -0.07891  -0.17755  -0.28434  -0.37343  -0.47522
 -0.55537  -0.63135  -0.69797  -0.75798  -0.79107  -0.81301  -0.82609
 -0.83507  -0.83829  -0.83203  -0.8294   -0.82387  -0.82324  -0.8209
 -0.8196   -0.82809  -0.83646  -0.84388  -0.85982  -0.88116  -0.90654
 -0.93195  -0.96394  -1.0157   -1.0819   -1.1516   -1.2256   -1.2957
 -1.3274   -1.3271   -1.3004   -1.2711   -1.2673   -1.265    -1.2707
 -1.2621  ]
[ 0.98838   0.90653   0.81815   0.70866   0.59793   0.48555   0.37193
  0.25358   0.14504   0.030856 -0.07891  -0.17755  -0.28434  -0.37343
 -0.47522  -0.55537  -0.63135  -0.69797  -0.75798  -0.79107  -0.81301
 -0.82609  -0.83507  -0.83829  -0.83203  -0.8294   -0.82387  -0.82324
 -0.8209   -0.8196   -0.82809  -0.83646  -0.84388  -0.85982  -0.88116
 -0.90654  -0.93195  -0.96394  -1.0157   -1.0819   -1.1516   -1.2256
 -1.2957   -1.3274   -1.3271   -1.3004   -1.2711   -1.2673   -1.265
 -1.2707  ]
[ 1.0542    0.98838   0.90653   0.81815   0.70866   0.59793   0.48555
  0.37193   0.25358   0.14504   0.030856 -0.07891  -0.17755  -0.28434
 -0.37343  -0.47522  -0.55537  -0.63135  -0.69797  -0.75798  -0.79107
 -0.81301  -0.82609  -0.83507  -0.83829  -0.83203  -0.8294   -0.82387
 -0.82324  -0.8209   -0.8196   -0.82809  -0.83646  -0.84388  -0.85982
 -0.88116  -0.90654  -0.93195  -0.96394  -1.0157   -1.0819   -1.1516
 -1.2256   -1.2957   -1.3274   -1.3271   -1.3004   -1.2711   -1.2673
 -1.265   ]
[ 1.1659    1.1553    1.1236    1.0979    1.0542    0.98838   0.90653
  0.81815   0.70866   0.59793   0.48555   0.37193   0.25358   0.14504
  0.030856 -0.07891  -0.17755  -0.28434  -0.37343  -0.47522  -0.55537
 -0.63135  -0.69797  -0.75798  -0.79107  -0.81301  -0.82609  -0.83507
 -0.83829  -0.83203  -0.8294   -0.82387  -0.82324  -0.8209   -0.8196
 -0.82809  -0.83646  -0.84388  -0.85982  -0.88116  -0.90654  -0.93195
 -0.96394  -1.0157   -1.0819   -1.1516   -1.2256   -1.2957   -1.3274
 -1.3271   -1.3004   -1.2711   -1.2673   -1.265   ]
[ 1.1728    1.1659    1.1553    1.1236    1.0979    1.0542    0.98838
  0.90653   0.81815   0.70866   0.59793   0.48555   0.37193   0.25358
  0.14504   0.030856 -0.07891  -0.17755  -0.28434  -0.37343  -0.47522
 -0.55537  -0.63135  -0.69797  -0.75798  -0.79107  -0.81301  -0.82609
 -0.83507  -0.83829  -0.83203  -0.8294   -0.82387  -0.82324  -0.8209
 -0.8196   -0.82809  -0.83646  -0.84388  -0.85982  -0.88116  -0.90654
 -0.93195  -0.96394  -1.0157   -1.0819   -1.1516   -1.2256   -1.2957
 -1.3274   -1.3271   -1.3004   -1.2711   -1.2673  ]
[ 1.1872    1.1825    1.181     1.1789    1.1728    1.1659    1.1553
  1.1236    1.0979    1.0542    0.98838   0.90653   0.81815   0.70866
  0.59793   0.48555   0.37193   0.25358   0.14504   0.030856 -0.07891
 -0.17755  -0.28434  -0.37343  -0.47522  -0.55537  -0.63135  -0.69797
 -0.75798  -0.79107  -0.81301  -0.82609  -0.83507  -0.83829  -0.83203
 -0.8294   -0.82387  -0.82324  -0.8209   -0.8196   -0.82809  -0.83646
 -0.84388  -0.85982  -0.88116  -0.90654  -0.93195  -0.96394  -1.0157
 -1.0819   -1.1516   -1.2256   -1.2957   -1.3274   -1.3271   -1.3004
 -1.2711   -1.2673  ]
[ 1.1929    1.1937    1.185     1.1886    1.1872    1.1825    1.181
  1.1789    1.1728    1.1659    1.1553    1.1236    1.0979    1.0542
  0.98838   0.90653   0.81815   0.70866   0.59793   0.48555   0.37193
  0.25358   0.14504   0.030856 -0.07891  -0.17755  -0.28434  -0.37343
 -0.47522  -0.55537  -0.63135  -0.69797  -0.75798  -0.79107  -0.81301
 -0.82609  -0.83507  -0.83829  -0.83203  -0.8294   -0.82387  -0.82324
 -0.8209   -0.8196   -0.82809  -0.83646  -0.84388  -0.85982  -0.88116
 -0.90654  -0.93195  -0.96394  -1.0157   -1.0819   -1.1516   -1.2256
 -1.2957   -1.3274   -1.3271   -1.3004   -1.2711   -1.2673  ]
[ 1.1894    1.1914    1.1917    1.1896    1.1881    1.191     1.1917
  1.1914    1.1959    1.1929    1.1937    1.185     1.1886    1.1872
  1.1825    1.181     1.1789    1.1728    1.1659    1.1553    1.1236
  1.0979    1.0542    0.98838   0.90653   0.81815   0.70866   0.59793
  0.48555   0.37193   0.25358   0.14504   0.030856 -0.07891  -0.17755
 -0.28434  -0.37343  -0.47522  -0.55537  -0.63135  -0.69797  -0.75798
 -0.79107  -0.81301  -0.82609  -0.83507  -0.83829  -0.83203  -0.8294
 -0.82387  -0.82324  -0.8209   -0.8196   -0.82809  -0.83646  -0.84388
 -0.85982  -0.88116  -0.90654  -0.93195  -0.96394  -1.0157   -1.0819
 -1.1516   -1.2256   -1.2957   -1.3274   -1.3271   -1.3004   -1.2711
 -1.2673  ]
[-1.1663   -1.1659   -1.1676   -1.1669   -1.1684   -1.1687   -1.1699
 -1.172    -1.1745   -1.1722   -1.151    -1.1112   -1.0381   -0.96358
 -0.87919  -0.81776  -0.77833  -0.76375  -0.75816  -0.76006  -0.74471
 -0.72135  -0.70109  -0.68857  -0.6813   -0.67462  -0.6731   -0.67252
 -0.6547   -0.60799  -0.54051  -0.41217  -0.2532   -0.098128  0.079075
  0.22602   0.379     0.50076   0.628     0.73885 ]
[-1.1772   -1.1758   -1.1732   -1.1709   -1.1695   -1.1663   -1.1659
 -1.1676   -1.1669   -1.1684   -1.1687   -1.1699   -1.172    -1.1745
 -1.1722   -1.151    -1.1112   -1.0381   -0.96358  -0.87919  -0.81776
 -0.77833  -0.76375  -0.75816  -0.76006  -0.74471  -0.72135  -0.70109
 -0.68857  -0.6813   -0.67462  -0.6731   -0.67252  -0.6547   -0.60799
 -0.54051  -0.41217  -0.2532   -0.098128  0.079075  0.22602   0.379
  0.50076   0.628     0.73885   0.8542    0.94419   1.025     1.0879  ]
[-0.8141   -0.81589  -0.81422  -0.81665  -0.81698  -0.81139  -0.81134
 -0.8121   -0.8137   -0.81159  -0.80837  -0.79719  -0.76309  -0.72876
 -0.6748   -0.62752  -0.59122  -0.56506  -0.56959  -0.58967  -0.61997
 -0.64917  -0.65672  -0.63746  -0.62917  -0.60847  -0.59059  -0.57311
 -0.56063  -0.54588  -0.52481  -0.51676  -0.49795  -0.46909  -0.42131
 -0.36012  -0.25386  -0.12858   0.011865  0.17612   0.36597 ]
[ 1.3468    1.2757    1.2266    1.116     0.99977   0.85855   0.70464
  0.5548    0.39686   0.22282   0.075053 -0.08004  -0.2145   -0.3395
 -0.45934  -0.54877  -0.61674  -0.65631  -0.67351  -0.67816  -0.69404
 -0.68649  -0.69951  -0.69681  -0.69533  -0.69461  -0.691    -0.69272
 -0.69953  -0.70929  -0.72548  -0.73591  -0.74581  -0.76772  -0.80448
 -0.85523  -0.95441  -1.0596   -1.1213   -1.1392   -1.1425   -1.1346
 -1.1257   -1.1161   -1.1042   -1.0889   -1.0786   -1.0648  ]
[ 1.4059    1.3869    1.3468    1.2757    1.2266    1.116     0.99977
  0.85855   0.70464   0.5548    0.39686   0.22282   0.075053 -0.08004
 -0.2145   -0.3395   -0.45934  -0.54877  -0.61674  -0.65631  -0.67351
 -0.67816  -0.69404  -0.68649  -0.69951  -0.69681  -0.69533  -0.69461
 -0.691    -0.69272  -0.69953  -0.70929  -0.72548  -0.73591  -0.74581
 -0.76772  -0.80448  -0.85523  -0.95441  -1.0596   -1.1213   -1.1392
 -1.1425   -1.1346   -1.1257   -1.1161   -1.1042   -1.0889   -1.0786
 -1.0648  ]
[ 1.3981    1.4072    1.3993    1.3929    1.4059    1.3869    1.3468
  1.2757    1.2266    1.116     0.99977   0.85855   0.70464   0.5548
  0.39686   0.22282   0.075053 -0.08004  -0.2145   -0.3395   -0.45934
 -0.54877  -0.61674  -0.65631  -0.67351  -0.67816  -0.69404  -0.68649
 -0.69951  -0.69681  -0.69533  -0.69461  -0.691    -0.69272  -0.69953
 -0.70929  -0.72548  -0.73591  -0.74581  -0.76772  -0.80448  -0.85523
 -0.95441  -1.0596   -1.1213   -1.1392   -1.1425   -1.1346   -1.1257
 -1.1161   -1.1042   -1.0889   -1.0786   -1.0648  ]
[ 1.4032    1.3981    1.4072    1.3993    1.3929    1.4059    1.3869
  1.3468    1.2757    1.2266    1.116     0.99977   0.85855   0.70464
  0.5548    0.39686   0.22282   0.075053 -0.08004  -0.2145   -0.3395
 -0.45934  -0.54877  -0.61674  -0.65631  -0.67351  -0.67816  -0.69404
 -0.68649  -0.69951  -0.69681  -0.69533  -0.69461  -0.691    -0.69272
 -0.69953  -0.70929  -0.72548  -0.73591  -0.74581  -0.76772  -0.80448
 -0.85523  -0.95441  -1.0596   -1.1213   -1.1392   -1.1425   -1.1346
 -1.1257   -1.1161   -1.1042   -1.0889   -1.0786   -1.0648  ]
[ 1.4187    1.3991    1.4073    1.4032    1.3981    1.4072    1.3993
  1.3929    1.4059    1.3869    1.3468    1.2757    1.2266    1.116
  0.99977   0.85855   0.70464   0.5548    0.39686   0.22282   0.075053
 -0.08004  -0.2145   -0.3395   -0.45934  -0.54877  -0.61674  -0.65631
 -0.67351  -0.67816  -0.69404  -0.68649  -0.69951  -0.69681  -0.69533
 -0.69461  -0.691    -0.69272  -0.69953  -0.70929  -0.72548  -0.73591
 -0.74581  -0.76772  -0.80448  -0.85523  -0.95441  -1.0596   -1.1213
 -1.1392   -1.1425   -1.1346   -1.1257   -1.1161   -1.1042   -1.0889
 -1.0786   -1.0648  ]
[-0.81632  -0.8141   -0.81589  -0.81422  -0.81665  -0.81698  -0.81139
 -0.81134  -0.8121   -0.8137   -0.81159  -0.80837  -0.79719  -0.76309
 -0.72876  -0.6748   -0.62752  -0.59122  -0.56506  -0.56959  -0.58967
 -0.61997  -0.64917  -0.65672  -0.63746  -0.62917  -0.60847  -0.59059
 -0.57311  -0.56063  -0.54588  -0.52481  -0.51676  -0.49795  -0.46909
 -0.42131  -0.36012  -0.25386  -0.12858   0.011865  0.17612   0.36597
  0.53559 ]
[-1.243    -1.2543   -1.2345   -1.1662   -1.0963   -1.04     -1.0267
 -1.0339   -1.0473   -1.0512   -1.0518   -1.0435   -1.0377   -1.0261
 -1.0241   -1.026    -1.0245   -1.0224   -1.0076   -0.97483  -0.91834
 -0.81994  -0.72709  -0.67063  -0.63256  -0.62264  -0.61517  -0.63211
 -0.64158  -0.63503  -0.62262  -0.59763  -0.5771   -0.55744  -0.53773
 -0.51305  -0.45274  -0.30465  -0.16732   0.004962  0.19297   0.35866
  0.50261   0.64159   0.75746   0.85552   0.95284   1.0357    1.1092
  1.1719  ]
[-1.1602   -1.243    -1.2543   -1.2345   -1.1662   -1.0963   -1.04
 -1.0267   -1.0339   -1.0473   -1.0512   -1.0518   -1.0435   -1.0377
 -1.0261   -1.0241   -1.026    -1.0245   -1.0224   -1.0076   -0.97483
 -0.91834  -0.81994  -0.72709  -0.67063  -0.63256  -0.62264  -0.61517
 -0.63211  -0.64158  -0.63503  -0.62262  -0.59763  -0.5771   -0.55744
 -0.53773  -0.51305  -0.45274  -0.30465  -0.16732   0.004962  0.19297
  0.35866   0.50261   0.64159   0.75746   0.85552   0.95284   1.0357
  1.1092    1.1719    1.2247    1.2577    1.2813    1.293     1.2945
  1.2994    1.3008    1.2979    1.2965  ]
[ 1.2097    1.1654    1.0995    1.0099    0.90097   0.77986   0.63745
  0.48486   0.33022   0.19296   0.032481 -0.11128  -0.23673  -0.35949
 -0.46786  -0.54915  -0.61409  -0.65811  -0.69194  -0.7126   -0.71843
 -0.7227   -0.72363  -0.72325  -0.73163  -0.74068  -0.74934  -0.75981
 -0.76452  -0.76819  -0.77137  -0.77145  -0.76933  -0.77932  -0.78481
 -0.78537  -0.78498  -0.78969  -0.79432  -0.81275  -0.83756  -0.88456
 -0.9587   -1.0431   -1.1375   -1.2105   -1.2337   -1.2211   -1.18
 -1.1215   -1.0837   -1.0532  ]
[ 1.2327    1.2097    1.1654    1.0995    1.0099    0.90097   0.77986
  0.63745   0.48486   0.33022   0.19296   0.032481 -0.11128  -0.23673
 -0.35949  -0.46786  -0.54915  -0.61409  -0.65811  -0.69194  -0.7126
 -0.71843  -0.7227   -0.72363  -0.72325  -0.73163  -0.74068  -0.74934
 -0.75981  -0.76452  -0.76819  -0.77137  -0.77145  -0.76933  -0.77932
 -0.78481  -0.78537  -0.78498  -0.78969  -0.79432  -0.81275  -0.83756
 -0.88456  -0.9587   -1.0431   -1.1375   -1.2105   -1.2337   -1.2211
 -1.18     -1.1215   -1.0837  ]
[ 1.268     1.267     1.2598    1.252     1.2327    1.2097    1.1654
  1.0995    1.0099    0.90097   0.77986   0.63745   0.48486   0.33022
  0.19296   0.032481 -0.11128  -0.23673  -0.35949  -0.46786  -0.54915
 -0.61409  -0.65811  -0.69194  -0.7126   -0.71843  -0.7227   -0.72363
 -0.72325  -0.73163  -0.74068  -0.74934  -0.75981  -0.76452  -0.76819
 -0.77137  -0.77145  -0.76933  -0.77932  -0.78481  -0.78537  -0.78498
 -0.78969  -0.79432  -0.81275  -0.83756  -0.88456  -0.9587   -1.0431
 -1.1375   -1.2105   -1.2337   -1.2211   -1.18     -1.1215   -1.0837
 -1.0532   -1.0384  ]
[-1.4062   -1.3964   -1.3381   -1.307    -1.3126   -1.3198   -1.3314
 -1.3397   -1.3323   -1.3261   -1.3106   -1.2953   -1.2951   -1.3033
 -1.2952   -1.258    -1.2085   -1.124    -1.0271   -0.94023  -0.87455
 -0.84678  -0.8269   -0.82056  -0.81771  -0.81408  -0.82173  -0.82091
 -0.81285  -0.79644  -0.79644  -0.79057  -0.77824  -0.75893  -0.73822
 -0.70885  -0.66099  -0.54909  -0.41135  -0.25337  -0.075609  0.093548
  0.25984   0.39634   0.51988   0.62246   0.72777   0.81215   0.88951
  0.94545 ]
[-1.3855   -1.4062   -1.3964   -1.3381   -1.307    -1.3126   -1.3198
 -1.3314   -1.3397   -1.3323   -1.3261   -1.3106   -1.2953   -1.2951
 -1.3033   -1.2952   -1.258    -1.2085   -1.124    -1.0271   -0.94023
 -0.87455  -0.84678  -0.8269   -0.82056  -0.81771  -0.81408  -0.82173
 -0.82091  -0.81285  -0.79644  -0.79644  -0.79057  -0.77824  -0.75893
 -0.73822  -0.70885  -0.66099  -0.54909  -0.41135  -0.25337  -0.075609
  0.093548  0.25984   0.39634   0.51988   0.62246   0.72777   0.81215
  0.88951   0.94545 ]
[ 0.68286   0.55748   0.44181   0.30816   0.19995   0.062054 -0.078776
 -0.20979  -0.33582  -0.46642  -0.53978  -0.61456  -0.68148  -0.73038
 -0.77497  -0.80364  -0.80893  -0.81515  -0.81993  -0.82486  -0.82537
 -0.82069  -0.8201   -0.83108  -0.82478  -0.82313  -0.83068  -0.8406
 -0.84655  -0.85445  -0.85596  -0.87026  -0.88133  -0.89298  -0.90968
 -0.92429  -0.96366  -1.0145   -1.091    -1.1654   -1.2729  ]
[-1.1643  -1.1686  -1.1637  -1.1641  -1.1615  -1.1575  -1.1581  -1.1571
 -1.1629  -1.1621  -1.161   -1.1555  -1.1314  -1.0869  -1.005   -0.8858
 -0.78188 -0.71822 -0.67515 -0.6665  -0.66779 -0.66301 -0.65338 -0.64623
 -0.63746 -0.6189  -0.59111 -0.55169 -0.5292  -0.4869  -0.38385 -0.22362
 -0.04089  0.10514  0.29376  0.50916  0.62841  0.72149  0.81161  0.91876
  1.01     1.081    1.1469 ]
[ 1.1539    1.1554    1.1439    1.1241    1.1135    1.0756    1.0245
  0.95841   0.88975   0.80113   0.68286   0.55748   0.44181   0.30816
  0.19995   0.062054 -0.078776 -0.20979  -0.33582  -0.46642  -0.53978
 -0.61456  -0.68148  -0.73038  -0.77497  -0.80364  -0.80893  -0.81515
 -0.81993  -0.82486  -0.82537  -0.82069  -0.8201   -0.83108  -0.82478
 -0.82313  -0.83068  -0.8406   -0.84655  -0.85445  -0.85596  -0.87026
 -0.88133  -0.89298  -0.90968  -0.92429  -0.96366  -1.0145   -1.091
 -1.1654   -1.2729   -1.3435   -1.3377   -1.3365  ]
[ 1.1775    1.1539    1.1554    1.1439    1.1241    1.1135    1.0756
  1.0245    0.95841   0.88975   0.80113   0.68286   0.55748   0.44181
  0.30816   0.19995   0.062054 -0.078776 -0.20979  -0.33582  -0.46642
 -0.53978  -0.61456  -0.68148  -0.73038  -0.77497  -0.80364  -0.80893
 -0.81515  -0.81993  -0.82486  -0.82537  -0.82069  -0.8201   -0.83108
 -0.82478  -0.82313  -0.83068  -0.8406   -0.84655  -0.85445  -0.85596
 -0.87026  -0.88133  -0.89298  -0.90968  -0.92429  -0.96366  -1.0145
 -1.091    -1.1654   -1.2729   -1.3435   -1.3377   -1.3365  ]
[ 1.1817    1.1843    1.1702    1.1775    1.1539    1.1554    1.1439
  1.1241    1.1135    1.0756    1.0245    0.95841   0.88975   0.80113
  0.68286   0.55748   0.44181   0.30816   0.19995   0.062054 -0.078776
 -0.20979  -0.33582  -0.46642  -0.53978  -0.61456  -0.68148  -0.73038
 -0.77497  -0.80364  -0.80893  -0.81515  -0.81993  -0.82486  -0.82537
 -0.82069  -0.8201   -0.83108  -0.82478  -0.82313  -0.83068  -0.8406
 -0.84655  -0.85445  -0.85596  -0.87026  -0.88133  -0.89298  -0.90968
 -0.92429  -0.96366  -1.0145   -1.091    -1.1654   -1.2729   -1.3435  ]
[-1.2012  -1.2084  -1.2065  -1.2031  -1.181   -1.1656  -1.1643  -1.1686
 -1.1637  -1.1641  -1.1615  -1.1575  -1.1581  -1.1571  -1.1629  -1.1621
 -1.161   -1.1555  -1.1314  -1.0869  -1.005   -0.8858  -0.78188 -0.71822
 -0.67515 -0.6665  -0.66779 -0.66301 -0.65338 -0.64623 -0.63746 -0.6189
 -0.59111 -0.55169 -0.5292  -0.4869  -0.38385 -0.22362 -0.04089  0.10514
  0.29376  0.50916  0.62841  0.72149  0.81161  0.91876  1.01     1.081
  1.1469   1.1673   1.1965   1.2095   1.2141   1.2086   1.2056 ]
[-1.1614   -1.1624   -1.1641   -1.1615   -1.1578   -1.1595   -1.1614
 -1.1587   -1.1616   -1.1586   -1.1539   -1.1553   -1.1563   -1.1577
 -1.1372   -1.0873   -1.0076   -0.92273  -0.83391  -0.77351  -0.75743
 -0.74978  -0.74081  -0.74768  -0.74807  -0.74087  -0.7363   -0.73648
 -0.73697  -0.73272  -0.72451  -0.71322  -0.70734  -0.69868  -0.69435
 -0.66939  -0.61584  -0.50646  -0.36608  -0.22283  -0.047168  0.1419
  0.29323   0.42329   0.55716   0.68035   0.78691 ]
[-1.162    -1.1614   -1.1624   -1.1641   -1.1615   -1.1578   -1.1595
 -1.1614   -1.1587   -1.1616   -1.1586   -1.1539   -1.1553   -1.1563
 -1.1577   -1.1372   -1.0873   -1.0076   -0.92273  -0.83391  -0.77351
 -0.75743  -0.74978  -0.74081  -0.74768  -0.74807  -0.74087  -0.7363
 -0.73648  -0.73697  -0.73272  -0.72451  -0.71322  -0.70734  -0.69868
 -0.69435  -0.66939  -0.61584  -0.50646  -0.36608  -0.22283  -0.047168
  0.1419    0.29323   0.42329   0.55716   0.68035   0.78691   0.89422
  0.97334 ]
[ 1.1432    1.1067    1.0547    0.98044   0.89041   0.77871   0.65819
  0.50315   0.34939   0.18367   0.043842 -0.090519 -0.21244  -0.33155
 -0.44732  -0.54271  -0.6227   -0.68627  -0.72709  -0.76162  -0.77914
 -0.79041  -0.79569  -0.79752  -0.799    -0.79718  -0.80404  -0.8125
 -0.81943  -0.82027  -0.82311  -0.82287  -0.81811  -0.81731  -0.82755
 -0.84642  -0.86898  -0.90457  -0.95582  -1.0169   -1.073    -1.1026
 -1.1276   -1.1367   -1.1378   -1.1325   -1.1294   -1.1282   -1.1282  ]
[ 1.1762    1.1432    1.1067    1.0547    0.98044   0.89041   0.77871
  0.65819   0.50315   0.34939   0.18367   0.043842 -0.090519 -0.21244
 -0.33155  -0.44732  -0.54271  -0.6227   -0.68627  -0.72709  -0.76162
 -0.77914  -0.79041  -0.79569  -0.79752  -0.799    -0.79718  -0.80404
 -0.8125   -0.81943  -0.82027  -0.82311  -0.82287  -0.81811  -0.81731
 -0.82755  -0.84642  -0.86898  -0.90457  -0.95582  -1.0169   -1.073
 -1.1026   -1.1276   -1.1367   -1.1378   -1.1325   -1.1294   -1.1282
 -1.1282  ]
[ 1.1895    1.1762    1.1432    1.1067    1.0547    0.98044   0.89041
  0.77871   0.65819   0.50315   0.34939   0.18367   0.043842 -0.090519
 -0.21244  -0.33155  -0.44732  -0.54271  -0.6227   -0.68627  -0.72709
 -0.76162  -0.77914  -0.79041  -0.79569  -0.79752  -0.799    -0.79718
 -0.80404  -0.8125   -0.81943  -0.82027  -0.82311  -0.82287  -0.81811
 -0.81731  -0.82755  -0.84642  -0.86898  -0.90457  -0.95582  -1.0169
 -1.073    -1.1026   -1.1276   -1.1367   -1.1378   -1.1325   -1.1294
 -1.1282  ]
[ 1.2269    1.2171    1.2092    1.2075    1.1895    1.1762    1.1432
  1.1067    1.0547    0.98044   0.89041   0.77871   0.65819   0.50315
  0.34939   0.18367   0.043842 -0.090519 -0.21244  -0.33155  -0.44732
 -0.54271  -0.6227   -0.68627  -0.72709  -0.76162  -0.77914  -0.79041
 -0.79569  -0.79752  -0.799    -0.79718  -0.80404  -0.8125   -0.81943
 -0.82027  -0.82311  -0.82287  -0.81811  -0.81731  -0.82755  -0.84642
 -0.86898  -0.90457  -0.95582  -1.0169   -1.073    -1.1026   -1.1276
 -1.1367   -1.1378   -1.1325   -1.1294   -1.1282  ]
[ 1.2328    1.2265    1.2274    1.2269    1.2171    1.2092    1.2075
  1.1895    1.1762    1.1432    1.1067    1.0547    0.98044   0.89041
  0.77871   0.65819   0.50315   0.34939   0.18367   0.043842 -0.090519
 -0.21244  -0.33155  -0.44732  -0.54271  -0.6227   -0.68627  -0.72709
 -0.76162  -0.77914  -0.79041  -0.79569  -0.79752  -0.799    -0.79718
 -0.80404  -0.8125   -0.81943  -0.82027  -0.82311  -0.82287  -0.81811
 -0.81731  -0.82755  -0.84642  -0.86898  -0.90457  -0.95582  -1.0169
 -1.073    -1.1026   -1.1276   -1.1367   -1.1378   -1.1325   -1.1294  ]
[ 1.2412    1.235     1.2393    1.2369    1.2252    1.2236    1.2212
  1.2271    1.223     1.2367    1.2328    1.2265    1.2274    1.2269
  1.2171    1.2092    1.2075    1.1895    1.1762    1.1432    1.1067
  1.0547    0.98044   0.89041   0.77871   0.65819   0.50315   0.34939
  0.18367   0.043842 -0.090519 -0.21244  -0.33155  -0.44732  -0.54271
 -0.6227   -0.68627  -0.72709  -0.76162  -0.77914  -0.79041  -0.79569
 -0.79752  -0.799    -0.79718  -0.80404  -0.8125   -0.81943  -0.82027
 -0.82311  -0.82287  -0.81811  -0.81731  -0.82755  -0.84642  -0.86898
 -0.90457  -0.95582  -1.0169   -1.073    -1.1026   -1.1276   -1.1367
 -1.1378   -1.1325   -1.1294   -1.1282  ]
[ 1.2609    1.2501    1.2037    1.1467    1.043     0.92213   0.7861
  0.63598   0.49741   0.36907   0.18433   0.057846 -0.1004   -0.22179
 -0.35661  -0.47193  -0.56046  -0.65424  -0.73548  -0.76984  -0.7944
 -0.80557  -0.80846  -0.81278  -0.81616  -0.81608  -0.81513  -0.80658
 -0.81406  -0.80431  -0.80596  -0.8052   -0.81695  -0.81043  -0.8202
 -0.83454  -0.85716  -0.89056  -0.97205  -1.0434   -1.124    -1.1716
 -1.1695   -1.1429   -1.1074   -1.0826   -1.0715   -1.0636   -1.067   ]
[ 1.2636    1.2609    1.2501    1.2037    1.1467    1.043     0.92213
  0.7861    0.63598   0.49741   0.36907   0.18433   0.057846 -0.1004
 -0.22179  -0.35661  -0.47193  -0.56046  -0.65424  -0.73548  -0.76984
 -0.7944   -0.80557  -0.80846  -0.81278  -0.81616  -0.81608  -0.81513
 -0.80658  -0.81406  -0.80431  -0.80596  -0.8052   -0.81695  -0.81043
 -0.8202   -0.83454  -0.85716  -0.89056  -0.97205  -1.0434   -1.124
 -1.1716   -1.1695   -1.1429   -1.1074   -1.0826   -1.0715   -1.0636
 -1.067   ]
[-1.054    -1.0507   -1.0477   -1.0474   -1.0488   -1.0478   -1.0479
 -1.0475   -1.0474   -1.0447   -1.0486   -1.0478   -1.0458   -1.0464
 -1.0508   -1.0479   -1.0335   -0.98792  -0.93006  -0.87942  -0.85649
 -0.83984  -0.83949  -0.84849  -0.84033  -0.80043  -0.78613  -0.76992
 -0.75923  -0.74663  -0.73598  -0.73004  -0.71875  -0.70785  -0.68208
 -0.63057  -0.54237  -0.42307  -0.2696   -0.093154  0.065187  0.21466
  0.34159   0.45233   0.56686   0.66735 ]
[-1.1273   -1.1264   -1.1249   -1.1249   -1.1187   -1.1119   -1.1119
 -1.1089   -1.1005   -1.0888   -1.0638   -1.0178   -0.92762  -0.84323
 -0.76131  -0.71835  -0.68916  -0.68494  -0.69102  -0.66931  -0.65242
 -0.6395   -0.63623  -0.62865  -0.62104  -0.61021  -0.59535  -0.55426
 -0.48964  -0.36332  -0.22131  -0.066476  0.15239   0.2936    0.43845
  0.56251   0.6827    0.81587   0.90986   1.0136  ]
[ 1.1495   1.072    1.0186   0.93863  0.83381  0.72301  0.5795   0.44995
  0.30744  0.16806  0.0205  -0.13597 -0.27403 -0.36988 -0.49901 -0.55671
 -0.61399 -0.6683  -0.70656 -0.73995 -0.76508 -0.78058 -0.78341 -0.79528
 -0.80542 -0.80995 -0.81544 -0.81614 -0.82111 -0.82462 -0.82524 -0.8264
 -0.8303  -0.83877 -0.84813 -0.85837 -0.8739  -0.8858  -0.90677 -0.91646
 -0.94028 -0.97769 -1.0326  -1.1127  -1.1823  -1.252   -1.3195  -1.3293 ]
[ 1.1558   1.1495   1.072    1.0186   0.93863  0.83381  0.72301  0.5795
  0.44995  0.30744  0.16806  0.0205  -0.13597 -0.27403 -0.36988 -0.49901
 -0.55671 -0.61399 -0.6683  -0.70656 -0.73995 -0.76508 -0.78058 -0.78341
 -0.79528 -0.80542 -0.80995 -0.81544 -0.81614 -0.82111 -0.82462 -0.82524
 -0.8264  -0.8303  -0.83877 -0.84813 -0.85837 -0.8739  -0.8858  -0.90677
 -0.91646 -0.94028 -0.97769 -1.0326  -1.1127  -1.1823  -1.252   -1.3195 ]
[ 1.1939   1.1987   1.1875   1.1739   1.1558   1.1495   1.072    1.0186
  0.93863  0.83381  0.72301  0.5795   0.44995  0.30744  0.16806  0.0205
 -0.13597 -0.27403 -0.36988 -0.49901 -0.55671 -0.61399 -0.6683  -0.70656
 -0.73995 -0.76508 -0.78058 -0.78341 -0.79528 -0.80542 -0.80995 -0.81544
 -0.81614 -0.82111 -0.82462 -0.82524 -0.8264  -0.8303  -0.83877 -0.84813
 -0.85837 -0.8739  -0.8858  -0.90677 -0.91646 -0.94028 -0.97769 -1.0326
 -1.1127  -1.1823  -1.252   -1.3195  -1.3293  -1.3349 ]
[ 1.1923   1.1939   1.1987   1.1875   1.1739   1.1558   1.1495   1.072
  1.0186   0.93863  0.83381  0.72301  0.5795   0.44995  0.30744  0.16806
  0.0205  -0.13597 -0.27403 -0.36988 -0.49901 -0.55671 -0.61399 -0.6683
 -0.70656 -0.73995 -0.76508 -0.78058 -0.78341 -0.79528 -0.80542 -0.80995
 -0.81544 -0.81614 -0.82111 -0.82462 -0.82524 -0.8264  -0.8303  -0.83877
 -0.84813 -0.85837 -0.8739  -0.8858  -0.90677 -0.91646 -0.94028 -0.97769
 -1.0326  -1.1127  -1.1823  -1.252   -1.3195  -1.3293 ]
[ 1.1926   1.2042   1.1986   1.1923   1.1939   1.1987   1.1875   1.1739
  1.1558   1.1495   1.072    1.0186   0.93863  0.83381  0.72301  0.5795
  0.44995  0.30744  0.16806  0.0205  -0.13597 -0.27403 -0.36988 -0.49901
 -0.55671 -0.61399 -0.6683  -0.70656 -0.73995 -0.76508 -0.78058 -0.78341
 -0.79528 -0.80542 -0.80995 -0.81544 -0.81614 -0.82111 -0.82462 -0.82524
 -0.8264  -0.8303  -0.83877 -0.84813 -0.85837 -0.8739  -0.8858  -0.90677
 -0.91646 -0.94028 -0.97769 -1.0326  -1.1127  -1.1823  -1.252   -1.3195 ]
[ 1.2038   1.1986   1.2019   1.1955   1.1945   1.1926   1.2042   1.1986
  1.1923   1.1939   1.1987   1.1875   1.1739   1.1558   1.1495   1.072
  1.0186   0.93863  0.83381  0.72301  0.5795   0.44995  0.30744  0.16806
  0.0205  -0.13597 -0.27403 -0.36988 -0.49901 -0.55671 -0.61399 -0.6683
 -0.70656 -0.73995 -0.76508 -0.78058 -0.78341 -0.79528 -0.80542 -0.80995
 -0.81544 -0.81614 -0.82111 -0.82462 -0.82524 -0.8264  -0.8303  -0.83877
 -0.84813 -0.85837 -0.8739  -0.8858  -0.90677 -0.91646 -0.94028 -0.97769
 -1.0326  -1.1127  -1.1823  -1.252   -1.3195  -1.3293 ]
[ 1.2127   1.2105   1.2116   1.2169   1.2068   1.2038   1.1986   1.2019
  1.1955   1.1945   1.1926   1.2042   1.1986   1.1923   1.1939   1.1987
  1.1875   1.1739   1.1558   1.1495   1.072    1.0186   0.93863  0.83381
  0.72301  0.5795   0.44995  0.30744  0.16806  0.0205  -0.13597 -0.27403
 -0.36988 -0.49901 -0.55671 -0.61399 -0.6683  -0.70656 -0.73995 -0.76508
 -0.78058 -0.78341 -0.79528 -0.80542 -0.80995 -0.81544 -0.81614 -0.82111
 -0.82462 -0.82524 -0.8264  -0.8303  -0.83877 -0.84813 -0.85837 -0.8739
 -0.8858  -0.90677 -0.91646 -0.94028 -0.97769 -1.0326  -1.1127  -1.1823
 -1.252   -1.3195  -1.3293 ]
[ 1.2079   1.2028   1.2113   1.2127   1.2105   1.2116   1.2169   1.2068
  1.2038   1.1986   1.2019   1.1955   1.1945   1.1926   1.2042   1.1986
  1.1923   1.1939   1.1987   1.1875   1.1739   1.1558   1.1495   1.072
  1.0186   0.93863  0.83381  0.72301  0.5795   0.44995  0.30744  0.16806
  0.0205  -0.13597 -0.27403 -0.36988 -0.49901 -0.55671 -0.61399 -0.6683
 -0.70656 -0.73995 -0.76508 -0.78058 -0.78341 -0.79528 -0.80542 -0.80995
 -0.81544 -0.81614 -0.82111 -0.82462 -0.82524 -0.8264  -0.8303  -0.83877
 -0.84813 -0.85837 -0.8739  -0.8858  -0.90677 -0.91646 -0.94028 -0.97769
 -1.0326  -1.1127  -1.1823  -1.252   -1.3195  -1.3293 ]
[-1.1868   -1.1479   -1.1253   -1.1258   -1.1292   -1.1355   -1.1398
 -1.1328   -1.1273   -1.1264   -1.1249   -1.1249   -1.1187   -1.1119
 -1.1119   -1.1089   -1.1005   -1.0888   -1.0638   -1.0178   -0.92762
 -0.84323  -0.76131  -0.71835  -0.68916  -0.68494  -0.69102  -0.66931
 -0.65242  -0.6395   -0.63623  -0.62865  -0.62104  -0.61021  -0.59535
 -0.55426  -0.48964  -0.36332  -0.22131  -0.066476  0.15239   0.2936
  0.43845   0.56251   0.6827    0.81587   0.90986   1.0136    1.107
  1.1524  ]
[-1.2383   -1.1868   -1.1479   -1.1253   -1.1258   -1.1292   -1.1355
 -1.1398   -1.1328   -1.1273   -1.1264   -1.1249   -1.1249   -1.1187
 -1.1119   -1.1119   -1.1089   -1.1005   -1.0888   -1.0638   -1.0178
 -0.92762  -0.84323  -0.76131  -0.71835  -0.68916  -0.68494  -0.69102
 -0.66931  -0.65242  -0.6395   -0.63623  -0.62865  -0.62104  -0.61021
 -0.59535  -0.55426  -0.48964  -0.36332  -0.22131  -0.066476  0.15239
  0.2936    0.43845   0.56251   0.6827    0.81587   0.90986   1.0136
  1.107     1.1524    1.166     1.2042    1.2276    1.2355    1.2261
  1.2201    1.2296    1.2195    1.2274  ]
[-1.1479   -1.1436   -1.1451   -1.1451   -1.1445   -1.1404   -1.1424
 -1.1421   -1.1398   -1.1358   -1.128    -1.1011   -1.05     -0.9667
 -0.8931   -0.81448  -0.7723   -0.74557  -0.72603  -0.72719  -0.73551
 -0.7372   -0.71828  -0.72637  -0.72683  -0.71762  -0.71392  -0.70974
 -0.70396  -0.69735  -0.68889  -0.68008  -0.68601  -0.6976   -0.71888
 -0.71218  -0.68882  -0.6107   -0.47843  -0.3069   -0.093011  0.090806
  0.23596   0.37593   0.50435   0.63538 ]
[-1.0122   -1.0498   -1.0771   -1.0922   -1.0929   -1.091    -1.0833
 -1.0743   -1.0704   -1.067    -1.062    -1.0576   -1.0557   -1.0527
 -1.0528   -1.0517   -1.0281   -0.98063  -0.92297  -0.85566  -0.8055
 -0.77085  -0.75294  -0.74631  -0.74578  -0.74715  -0.74288  -0.73375
 -0.72027  -0.71948  -0.72168  -0.72167  -0.69434  -0.64217  -0.55371
 -0.40379  -0.24915  -0.071218  0.10414   0.25052   0.39613   0.5276
  0.66179   0.79183   0.90298 ]
[ 1.0604    0.99316   0.90936   0.80898   0.68971   0.56096   0.41968
  0.28041   0.15048   0.006556 -0.12883  -0.25551  -0.38247  -0.50007
 -0.6049   -0.69922  -0.76277  -0.81263  -0.84514  -0.85733  -0.86261
 -0.86511  -0.86568  -0.86822  -0.86659  -0.86287  -0.85841  -0.8582
 -0.86271  -0.86709  -0.86819  -0.86879  -0.87114  -0.87086  -0.87501
 -0.8854   -0.91421  -0.9619   -1.045    -1.1434   -1.2393   -1.2782
 -1.2698   -1.2392   -1.2005   -1.1709   -1.1581   -1.1531  ]
[ 1.1154    1.0604    0.99316   0.90936   0.80898   0.68971   0.56096
  0.41968   0.28041   0.15048   0.006556 -0.12883  -0.25551  -0.38247
 -0.50007  -0.6049   -0.69922  -0.76277  -0.81263  -0.84514  -0.85733
 -0.86261  -0.86511  -0.86568  -0.86822  -0.86659  -0.86287  -0.85841
 -0.8582   -0.86271  -0.86709  -0.86819  -0.86879  -0.87114  -0.87086
 -0.87501  -0.8854   -0.91421  -0.9619   -1.045    -1.1434   -1.2393
 -1.2782   -1.2698   -1.2392   -1.2005   -1.1709   -1.1581   -1.1531  ]
[ 1.1477    1.1154    1.0604    0.99316   0.90936   0.80898   0.68971
  0.56096   0.41968   0.28041   0.15048   0.006556 -0.12883  -0.25551
 -0.38247  -0.50007  -0.6049   -0.69922  -0.76277  -0.81263  -0.84514
 -0.85733  -0.86261  -0.86511  -0.86568  -0.86822  -0.86659  -0.86287
 -0.85841  -0.8582   -0.86271  -0.86709  -0.86819  -0.86879  -0.87114
 -0.87086  -0.87501  -0.8854   -0.91421  -0.9619   -1.045    -1.1434
 -1.2393   -1.2782   -1.2698   -1.2392   -1.2005   -1.1709   -1.1581
 -1.1531  ]
[ 1.1687    1.1477    1.1154    1.0604    0.99316   0.90936   0.80898
  0.68971   0.56096   0.41968   0.28041   0.15048   0.006556 -0.12883
 -0.25551  -0.38247  -0.50007  -0.6049   -0.69922  -0.76277  -0.81263
 -0.84514  -0.85733  -0.86261  -0.86511  -0.86568  -0.86822  -0.86659
 -0.86287  -0.85841  -0.8582   -0.86271  -0.86709  -0.86819  -0.86879
 -0.87114  -0.87086  -0.87501  -0.8854   -0.91421  -0.9619   -1.045
 -1.1434   -1.2393   -1.2782   -1.2698   -1.2392   -1.2005   -1.1709
 -1.1581  ]
[ 1.1836    1.1818    1.178     1.171     1.1687    1.1477    1.1154
  1.0604    0.99316   0.90936   0.80898   0.68971   0.56096   0.41968
  0.28041   0.15048   0.006556 -0.12883  -0.25551  -0.38247  -0.50007
 -0.6049   -0.69922  -0.76277  -0.81263  -0.84514  -0.85733  -0.86261
 -0.86511  -0.86568  -0.86822  -0.86659  -0.86287  -0.85841  -0.8582
 -0.86271  -0.86709  -0.86819  -0.86879  -0.87114  -0.87086  -0.87501
 -0.8854   -0.91421  -0.9619   -1.045    -1.1434   -1.2393   -1.2782
 -1.2698   -1.2392   -1.2005   -1.1709   -1.1581  ]
[ 1.1895    1.1877    1.1851    1.1836    1.1818    1.178     1.171
  1.1687    1.1477    1.1154    1.0604    0.99316   0.90936   0.80898
  0.68971   0.56096   0.41968   0.28041   0.15048   0.006556 -0.12883
 -0.25551  -0.38247  -0.50007  -0.6049   -0.69922  -0.76277  -0.81263
 -0.84514  -0.85733  -0.86261  -0.86511  -0.86568  -0.86822  -0.86659
 -0.86287  -0.85841  -0.8582   -0.86271  -0.86709  -0.86819  -0.86879
 -0.87114  -0.87086  -0.87501  -0.8854   -0.91421  -0.9619   -1.045
 -1.1434   -1.2393   -1.2782   -1.2698   -1.2392   -1.2005   -1.1709  ]
[ 1.1942    1.1925    1.1901    1.1916    1.1924    1.1873    1.1868
  1.1874    1.1894    1.1898    1.1895    1.1877    1.1851    1.1836
  1.1818    1.178     1.171     1.1687    1.1477    1.1154    1.0604
  0.99316   0.90936   0.80898   0.68971   0.56096   0.41968   0.28041
  0.15048   0.006556 -0.12883  -0.25551  -0.38247  -0.50007  -0.6049
 -0.69922  -0.76277  -0.81263  -0.84514  -0.85733  -0.86261  -0.86511
 -0.86568  -0.86822  -0.86659  -0.86287  -0.85841  -0.8582   -0.86271
 -0.86709  -0.86819  -0.86879  -0.87114  -0.87086  -0.87501  -0.8854
 -0.91421  -0.9619   -1.045    -1.1434   -1.2393   -1.2782   -1.2698
 -1.2392   -1.2005   -1.1709   -1.1581  ]
[-1.081    -1.0789   -1.0795   -1.0801   -1.0787   -1.0783   -1.0773
 -1.0789   -1.077    -1.0784   -1.0796   -1.0798   -1.0792   -1.0787
 -1.0691   -1.0444   -1.0076   -0.95439  -0.8878   -0.82169  -0.77999
 -0.75723  -0.75367  -0.74953  -0.75025  -0.73625  -0.72604  -0.72451
 -0.71696  -0.70818  -0.69731  -0.69117  -0.69003  -0.68246  -0.6776
 -0.65862  -0.59884  -0.4776   -0.33317  -0.1665    0.008443  0.16844
  0.33074   0.48827   0.61585   0.73695   0.85207   0.94206   1.0419  ]
[ 1.083     1.0201    0.92107   0.82697   0.7323    0.61103   0.48817
  0.35557   0.21658   0.072226 -0.07438  -0.21903  -0.36313  -0.49997
 -0.61238  -0.70192  -0.75299  -0.79859  -0.82074  -0.83247  -0.84131
 -0.84246  -0.84716  -0.84509  -0.8423   -0.83857  -0.83714  -0.83735
 -0.84199  -0.84149  -0.8475   -0.8502   -0.85514  -0.85348  -0.85722
 -0.86958  -0.892    -0.93565  -0.99579  -1.0608   -1.1245   -1.1771
 -1.2011   -1.2026   -1.2033   -1.2006   -1.1962   -1.1992  ]
[ 1.1232    1.083     1.0201    0.92107   0.82697   0.7323    0.61103
  0.48817   0.35557   0.21658   0.072226 -0.07438  -0.21903  -0.36313
 -0.49997  -0.61238  -0.70192  -0.75299  -0.79859  -0.82074  -0.83247
 -0.84131  -0.84246  -0.84716  -0.84509  -0.8423   -0.83857  -0.83714
 -0.83735  -0.84199  -0.84149  -0.8475   -0.8502   -0.85514  -0.85348
 -0.85722  -0.86958  -0.892    -0.93565  -0.99579  -1.0608   -1.1245
 -1.1771   -1.2011   -1.2026   -1.2033   -1.2006   -1.1962   -1.1992  ]
[ 1.152     1.1232    1.083     1.0201    0.92107   0.82697   0.7323
  0.61103   0.48817   0.35557   0.21658   0.072226 -0.07438  -0.21903
 -0.36313  -0.49997  -0.61238  -0.70192  -0.75299  -0.79859  -0.82074
 -0.83247  -0.84131  -0.84246  -0.84716  -0.84509  -0.8423   -0.83857
 -0.83714  -0.83735  -0.84199  -0.84149  -0.8475   -0.8502   -0.85514
 -0.85348  -0.85722  -0.86958  -0.892    -0.93565  -0.99579  -1.0608
 -1.1245   -1.1771   -1.2011   -1.2026   -1.2033   -1.2006   -1.1962
 -1.1992  ]
[ 1.1875    1.152     1.1232    1.083     1.0201    0.92107   0.82697
  0.7323    0.61103   0.48817   0.35557   0.21658   0.072226 -0.07438
 -0.21903  -0.36313  -0.49997  -0.61238  -0.70192  -0.75299  -0.79859
 -0.82074  -0.83247  -0.84131  -0.84246  -0.84716  -0.84509  -0.8423
 -0.83857  -0.83714  -0.83735  -0.84199  -0.84149  -0.8475   -0.8502
 -0.85514  -0.85348  -0.85722  -0.86958  -0.892    -0.93565  -0.99579
 -1.0608   -1.1245   -1.1771   -1.2011   -1.2026   -1.2033   -1.2006  ]
[ 1.2264    1.2197    1.2149    1.2054    1.1875    1.152     1.1232
  1.083     1.0201    0.92107   0.82697   0.7323    0.61103   0.48817
  0.35557   0.21658   0.072226 -0.07438  -0.21903  -0.36313  -0.49997
 -0.61238  -0.70192  -0.75299  -0.79859  -0.82074  -0.83247  -0.84131
 -0.84246  -0.84716  -0.84509  -0.8423   -0.83857  -0.83714  -0.83735
 -0.84199  -0.84149  -0.8475   -0.8502   -0.85514  -0.85348  -0.85722
 -0.86958  -0.892    -0.93565  -0.99579  -1.0608   -1.1245   -1.1771
 -1.2011   -1.2026   -1.2033   -1.2006   -1.1962  ]
[ 1.2406    1.2264    1.2197    1.2149    1.2054    1.1875    1.152
  1.1232    1.083     1.0201    0.92107   0.82697   0.7323    0.61103
  0.48817   0.35557   0.21658   0.072226 -0.07438  -0.21903  -0.36313
 -0.49997  -0.61238  -0.70192  -0.75299  -0.79859  -0.82074  -0.83247
 -0.84131  -0.84246  -0.84716  -0.84509  -0.8423   -0.83857  -0.83714
 -0.83735  -0.84199  -0.84149  -0.8475   -0.8502   -0.85514  -0.85348
 -0.85722  -0.86958  -0.892    -0.93565  -0.99579  -1.0608   -1.1245
 -1.1771   -1.2011   -1.2026   -1.2033  ]
[-0.96986 -0.97268 -0.9706  -0.97165 -0.96889 -0.96729 -0.96522 -0.96498
 -0.96425 -0.96107 -0.95894 -0.95724 -0.95509 -0.95208 -0.94323 -0.91721
 -0.87822 -0.80439 -0.74313 -0.69539 -0.66039 -0.65616 -0.64945 -0.65505
 -0.65212 -0.63254 -0.62538 -0.62303 -0.60833 -0.58648 -0.55857 -0.53357
 -0.51635 -0.47524 -0.4377  -0.39478 -0.28472 -0.14627  0.01036  0.19992
  0.41472  0.58637  0.73258  0.8619   0.9882   1.0908   1.1606 ]
[-0.96433 -0.96426 -0.96477 -0.96309 -0.96376 -0.96239 -0.962   -0.96154
 -0.96097 -0.95563 -0.95475 -0.95381 -0.94986 -0.94671 -0.95005 -0.9431
 -0.91262 -0.8506  -0.76758 -0.67859 -0.62965 -0.61139 -0.61473 -0.62927
 -0.62442 -0.59615 -0.57529 -0.56127 -0.53517 -0.50789 -0.48563 -0.4736
 -0.45091 -0.41557 -0.38558 -0.32147 -0.2364  -0.10262  0.05185  0.23966
  0.46068  0.62007  0.76559  0.90351  1.0267   1.1392   1.2382   1.3085
  1.3628 ]
