1
16
0.266504
0.30542 0.32527 0.35119 0.3781 0.39582 0.41337 0.43588 0.46204 0.48954 0.51392 0.54178 0.57504 0.60631 0.62509 0.63036 0.6358 
2
28
3.72369
-0.022594 -0.046465 -0.069764 -0.09168 -0.11653 -0.13268 -0.1404 -0.14802 -0.14563 -0.13818 -0.13271 -0.123 -0.11103 -0.098525 -0.084768 -0.077182 -0.072023 -0.071248 -0.07671 -0.075395 -0.07789 -0.090568 -0.098491 -0.0993 -0.10965 -0.12304 -0.13271 -0.1435 
4
0
2
5
0
4
3
470
12.3124
-0.14427 -0.1491 -0.14942 -0.14791 -0.14849 -0.14759 -0.13964 -0.1328 -0.12232 -0.10764 -0.080773 -0.050291 -0.031746 -0.013638 0.016174 0.048112 0.075769 0.097779 0.11632 0.13988 0.16346 0.18815 0.21019 0.22856 0.24448 0.25648 0.27159 0.27942 0.28076 0.28879 0.29269 0.30172 0.3046 0.30754 0.31648 0.32568 0.32923 0.33465 0.35476 0.37086 0.37954 0.39325 0.41436 0.43698 0.46114 0.48149 0.50342 0.51413 0.50245 0.48449 0.45465 0.41083 0.36979 0.33211 0.29077 0.25391 0.22966 0.20969 0.18363 0.15481 0.13941 0.12023 0.10672 0.10657 0.10116 0.10541 0.1066 0.089365 0.077342 0.065725 0.039582 0.007644 -0.010231 -0.016636 -0.02703 -0.023099 -0.000391 0.022579 0.041707 0.064648 0.092044 0.11737 0.14323 0.17007 0.18861 0.19883 0.20206 0.20308 0.20413 0.19397 0.18101 0.16998 0.15289 0.13603 0.12634 0.10587 0.077866 0.055303 0.01929 -0.020858 -0.0431 -0.049447 -0.059928 -0.062519 -0.061442 -0.061471 -0.056725 -0.055095 -0.047351 -0.036433 -0.025545 -0.013725 0.004616 0.02156 0.027907 0.047937 0.075711 0.097954 0.1259 0.15231 0.1687 0.18113 0.19726 0.21499 0.22902 0.23773 0.24771 0.26073 0.266 0.26014 0.2478 0.23796 0.22189 0.19671 0.16771 0.13446 0.10747 0.084445 0.062989 0.047471 0.029159 0.006509 -0.012328 -0.029068 -0.042635 -0.056958 -0.072214 -0.079958 -0.08645 -0.092564 -0.087411 -0.083597 -0.089623 -0.091865 -0.092389 -0.099988 -0.10252 -0.10823 -0.10668 -0.10028 -0.099726 -0.090759 -0.077862 -0.070845 -0.068196 -0.064033 -0.06118 -0.057133 -0.056813 -0.062286 -0.068516 -0.082753 -0.09629 -0.11236 -0.12986 -0.14016 -0.14526 -0.14628 -0.14511 -0.14078 -0.12884 -0.11926 -0.12788 -0.1213 -0.11338 -0.11181 -0.11163 -0.11239 -0.10829 -0.10488 -0.10398 -0.1054 -0.08808 -0.076639 -0.079026 -0.053843 -0.033376 -0.03163 -0.008543 0.021095 0.045957 0.090472 0.12803 0.14992 0.17933 0.22888 0.27837 0.30894 0.34178 0.3791 0.38621 0.38227 0.38501 0.35421 0.34536 0.32425 0.26725 0.23176 0.20797 0.17941 0.15571 0.13941 0.12285 0.041911 0.016466 0.007644 -0.030582 -0.021556 -0.022488 -0.034395 -0.00863 0.033118 0.041678 0.070383 0.11545 0.13769 0.16919 0.1979 0.20454 0.24186 0.28434 0.31581 0.31112 0.21787 0.20864 0.23755 0.24113 0.19382 0.16477 0.11845 0.047326 -0.08185 -0.12759 -0.16043 -0.15143 -0.14741 -0.14747 -0.11431 -0.080162 -0.04115 -0.026447 0.03044 0.10395 0.14826 0.19892 0.26573 0.35744 0.46103 0.52251 0.5649 0.70782 0.83569 0.96341 1.0467 1.0712 1.1477 1.1624 1.2342 1.3226 1.3573 1.4154 1.4998 1.527 1.5585 1.6668 1.6702 1.4866 1.5335 1.5252 1.5336 1.5492 1.4747 1.4621 1.4088 1.3571 1.2756 1.0354 1.1124 1.0975 1.0369 1.0236 0.92116 0.86771 0.89356 0.84815 0.75321 0.76555 0.78087 0.77682 0.78416 0.80567 0.83292 0.86235 0.911 0.9683 1.0408 1.1249 1.2317 1.3356 1.4588 1.6072 1.7687 1.9323 2.1037 2.2665 2.365 2.4162 2.5319 2.5964 2.5483 2.57 2.5734 2.5417 2.5574 2.5712 2.4763 2.3394 2.3627 2.349 2.314 2.2747 2.1069 1.9996 2.0365 1.8485 1.5708 1.5772 1.5023 1.4109 1.2645 1.1121 1.0572 0.94396 0.76022 0.65696 0.61017 0.44568 0.36836 0.28509 0.20032 0.073994 -0.13754 -0.1505 -0.2347 -0.32244 -0.36501 -0.46472 -0.62449 -0.65748 -0.82765 -0.8526 -0.88739 -0.95077 -0.96669 -0.991 -1.0074 -1.0328 -1.0605 -1.1002 -1.0905 -1.0633 -1.0547 -1.0329 -1.0063 -1.0096 -0.98413 -0.95906 -0.925 -0.85702 -0.81987 -0.8073 -0.83411 -0.89647 -0.96666 -1.0768 -1.1868 -1.2863 -1.3451 -1.44 -1.5018 -1.5452 -1.5948 -1.5999 -1.6007 -1.6276 -1.6417 -1.6598 -1.6737 -1.6749 -1.6698 -1.6735 -1.6791 -1.6758 -1.6827 -1.6913 -1.6955 -1.7033 -1.7072 -1.7034 -1.7069 -1.7109 -1.7208 -1.7196 -1.7151 -1.7156 -1.7131 -1.7167 -1.7191 -1.7147 -1.7169 -1.7157 -1.7156 -1.72 -1.7227 -1.7199 -1.7171 -1.7352 -1.7347 -1.7238 -1.7238 -1.733 -1.7323 -1.7182 -1.7236 -1.7348 -1.7301 -1.7282 -1.7265 -1.7268 -1.7295 -1.7271 -1.7273 -1.7332 -1.7313 -1.7252 -1.7334 -1.7495 -1.7427 -1.7334 -1.7293 -1.7267 -1.7317 -1.7316 -1.725 -1.7222 -1.7192 -1.7192 -1.7284 -1.7272 -1.7187 
6
263
7.6589
-0.2306 -0.22928 -0.22911 -0.22525 -0.22237 -0.21457 -0.2114 -0.21112 -0.19918 -0.1857 -0.16751 -0.14226 -0.12134 -0.10021 -0.070688 -0.050716 -0.03042 -0.002454 0.021116 0.041735 0.058691 0.078405 0.097344 0.11327 0.13309 0.16101 0.18202 0.19066 0.20526 0.21248 0.20152 0.19831 0.20126 0.1955 0.19645 0.20908 0.213 0.215 0.2245 0.23301 0.25303 0.2747 0.29347 0.31549 0.3435 0.36216 0.36252 0.36175 0.35119 0.32848 0.29746 0.26359 0.22724 0.19777 0.17075 0.14287 0.11859 0.092798 0.073127 0.058239 0.042554 0.029842 0.025102 0.029002 0.026115 0.019048 0.014847 0.008814 0.005259 -0.004587 -0.022965 -0.040395 -0.060066 -0.092126 -0.11863 -0.1303 -0.13886 -0.13741 -0.12352 -0.11128 -0.10154 -0.084305 -0.066832 -0.052633 -0.03363 -0.022815 -0.011611 -0.003725 -0.010254 -0.015726 -0.02568 -0.039598 -0.047182 -0.047376 -0.053409 -0.064332 -0.079263 -0.10305 -0.12865 -0.14618 -0.15749 -0.1713 -0.17576 -0.17607 -0.17809 -0.16741 -0.15844 -0.15097 -0.13808 -0.13134 -0.12233 -0.11065 -0.091953 -0.068103 -0.052698 -0.036604 -0.011869 0.008986 0.028614 0.051452 0.070649 0.088079 0.1026 0.11887 0.13709 0.15371 0.16472 0.17885 0.18945 0.18503 0.17995 0.17407 0.16095 0.14117 0.12087 0.10126 0.079116 0.057399 0.036047 0.018552 0.002544 -0.011869 -0.02387 -0.041236 -0.057222 -0.068706 -0.074976 -0.075407 -0.077453 -0.080879 -0.082107 -0.08368 -0.083378 -0.07991 -0.08215 -0.089864 -0.087752 -0.08243 -0.08131 -0.076355 -0.0675 -0.053732 -0.039943 -0.031756 -0.023181 -0.015511 -0.013356 -0.013054 -0.022578 -0.032488 -0.03934 -0.059118 -0.076441 -0.090381 -0.10751 -0.12089 -0.12774 -0.12677 -0.12197 -0.1174 -0.11033 -0.10548 -0.10964 -0.099387 -0.091716 -0.091846 -0.086179 -0.086136 -0.084973 -0.083852 -0.089519 -0.081224 -0.061531 -0.053495 -0.055671 -0.029558 0.003535 0.008943 0.029562 0.055804 0.070886 0.11725 0.16661 0.2119 0.26273 0.32335 0.36925 0.39844 0.45129 0.50498 0.52036 0.51265 0.50959 0.45907 0.44534 0.41481 0.34302 0.3154 0.29017 0.24872 0.22134 0.20679 0.19348 0.10753 0.082176 0.08209 0.03176 0.029067 0.0234 0.008922 0.033634 0.079547 0.070477 0.082477 0.14009 0.16571 0.18682 0.21498 0.22013 0.24172 0.27205 0.30827 0.31396 0.19591 0.18411 0.22618 0.23696 0.18596 0.16366 0.15338 0.11094 -0.014864 -0.046428 -0.074372 -0.067219 -0.058731 -0.04757 -0.008702 0.034044 0.075734 0.083792 0.14586 0.23599 
12
0
1
13
0
3
7
0
0
