[0.44598000000000004, 0.52666, 0.5807899999999999, 0.63373, 0.71462, 0.73761, 0.76459, 0.83141, 0.90986, 0.9328299999999999, 0.96786, 1.0521, 1.0985, 1.1173, 1.1705, 1.1823, 1.1626, 1.194, 1.1923, 1.2244, 1.2406, 1.2406, 1.2229999999999999, 1.2557, 1.2889, 1.2546, 1.2536, 1.288, 1.3048, 1.3041, 1.321, 1.2859, 1.2854, 1.2678, 1.2482]
[0.36048, 0.44598000000000004, 0.52666, 0.5807899999999999, 0.63373, 0.71462, 0.73761, 0.76459, 0.83141, 0.90986, 0.9328299999999999, 0.96786, 1.0521, 1.0985, 1.1173, 1.1705, 1.1823, 1.1626, 1.194, 1.1923, 1.2244, 1.2406, 1.2406, 1.2229999999999999, 1.2557, 1.2889, 1.2546, 1.2536, 1.288, 1.3048, 1.3041, 1.321, 1.2859, 1.2854, 1.2678]
[0.2523, 0.36048, 0.44598000000000004, 0.52666, 0.5807899999999999, 0.63373, 0.71462, 0.73761, 0.76459, 0.83141, 0.90986, 0.9328299999999999, 0.96786, 1.0521, 1.0985, 1.1173, 1.1705, 1.1823, 1.1626, 1.194, 1.1923, 1.2244, 1.2406, 1.2406, 1.2229999999999999, 1.2557, 1.2889, 1.2546, 1.2536, 1.288, 1.3048, 1.3041, 1.321, 1.2859, 1.2854, 1.2678, 1.2482, 1.2257, 1.1626]
[-0.24924000000000002, -0.14184000000000002, -0.037354000000000005, 0.10186, 0.2009, 0.27859, 0.36817, 0.50153, 0.61607, 0.68695, 0.80943, 0.82867, 0.92148, 0.98785, 1.0296, 1.1239, 1.1942, 1.225, 1.3077, 1.3264, 1.3229, 1.3389, 1.3536, 1.3802, 1.4251, 1.4088, 1.4275, 1.4063, 1.4251, 1.385, 1.4015, 1.3375, 1.3545, 1.3525, 1.3098, 1.3293, 1.2653, 1.244, 1.2212]
[-0.35821, -0.24924000000000002, -0.14184000000000002, -0.037354000000000005, 0.10186, 0.2009, 0.27859, 0.36817, 0.50153, 0.61607, 0.68695, 0.80943, 0.82867, 0.92148, 0.98785, 1.0296, 1.1239, 1.1942, 1.225, 1.3077, 1.3264, 1.3229, 1.3389, 1.3536, 1.3802, 1.4251, 1.4088, 1.4275, 1.4063, 1.4251, 1.385, 1.4015, 1.3375, 1.3545, 1.3525, 1.3098, 1.3293, 1.2653, 1.244]
[-0.42277, -0.35821, -0.24924000000000002, -0.14184000000000002, -0.037354000000000005, 0.10186, 0.2009, 0.27859, 0.36817, 0.50153, 0.61607, 0.68695, 0.80943, 0.82867, 0.92148, 0.98785, 1.0296, 1.1239, 1.1942, 1.225, 1.3077, 1.3264, 1.3229, 1.3389, 1.3536, 1.3802, 1.4251, 1.4088, 1.4275, 1.4063, 1.4251, 1.385, 1.4015, 1.3375, 1.3545, 1.3525, 1.3098, 1.3293, 1.2653]
[-0.55116, -0.42277, -0.35821, -0.24924000000000002, -0.14184000000000002, -0.037354000000000005, 0.10186, 0.2009, 0.27859, 0.36817, 0.50153, 0.61607, 0.68695, 0.80943, 0.82867, 0.92148, 0.98785, 1.0296, 1.1239, 1.1942, 1.225, 1.3077, 1.3264, 1.3229, 1.3389, 1.3536, 1.3802, 1.4251, 1.4088, 1.4275, 1.4063, 1.4251, 1.385, 1.4015, 1.3375, 1.3545, 1.3525, 1.3098, 1.3293]
[1.2903, 1.2733, 1.2947, 1.2971, 1.2997, 1.3024, 1.3265, 1.3691, 1.3507, 1.3145, 1.3097, 1.2656, 1.2723, 1.2178, 1.2289, 1.1728, 1.1042, 1.0717, 0.9982, 1.0019, 0.9546100000000001, 0.91235, 0.86455, 0.77262, 0.69568, 0.59285, 0.53194, 0.45686000000000004, 0.37511, 0.23465999999999998, 0.14190999999999998, 0.015738, -0.044183, -0.16671, -0.2717]
[1.2476, 1.2903, 1.2733, 1.2947, 1.2971, 1.2997, 1.3024, 1.3265, 1.3691, 1.3507, 1.3145, 1.3097, 1.2656, 1.2723, 1.2178, 1.2289, 1.1728, 1.1042, 1.0717, 0.9982, 1.0019, 0.9546100000000001, 0.91235, 0.86455, 0.77262, 0.69568, 0.59285, 0.53194, 0.45686000000000004, 0.37511, 0.23465999999999998, 0.14190999999999998, 0.015738, -0.044183, -0.16671]
[1.2457, 1.2476, 1.2903, 1.2733, 1.2947, 1.2971, 1.2997, 1.3024, 1.3265, 1.3691, 1.3507, 1.3145, 1.3097, 1.2656, 1.2723, 1.2178, 1.2289, 1.1728, 1.1042, 1.0717, 0.9982, 1.0019, 0.9546100000000001, 0.91235, 0.86455, 0.77262, 0.69568, 0.59285, 0.53194, 0.45686000000000004, 0.37511, 0.23465999999999998, 0.14190999999999998, 0.015738, -0.044183]
[-0.67161, -0.55116, -0.42277, -0.35821, -0.24924000000000002, -0.14184000000000002, -0.037354000000000005, 0.10186, 0.2009, 0.27859, 0.36817, 0.50153, 0.61607, 0.68695, 0.80943, 0.82867, 0.92148, 0.98785, 1.0296, 1.1239, 1.1942, 1.225, 1.3077, 1.3264, 1.3229, 1.3389, 1.3536, 1.3802, 1.4251, 1.4088, 1.4275, 1.4063, 1.4251, 1.385, 1.4015, 1.3375, 1.3545, 1.3525, 1.3098]
[-0.77256, -0.67161, -0.55116, -0.42277, -0.35821, -0.24924000000000002, -0.14184000000000002, -0.037354000000000005, 0.10186, 0.2009, 0.27859, 0.36817, 0.50153, 0.61607, 0.68695, 0.80943, 0.82867, 0.92148, 0.98785, 1.0296, 1.1239, 1.1942, 1.225, 1.3077, 1.3264, 1.3229, 1.3389, 1.3536, 1.3802, 1.4251, 1.4088, 1.4275, 1.4063, 1.4251, 1.385, 1.4015, 1.3375, 1.3545, 1.3525]
[-1.0464, -0.9921, -0.89875, -0.77256, -0.67161, -0.55116, -0.42277, -0.35821, -0.24924000000000002, -0.14184000000000002, -0.037354000000000005, 0.10186, 0.2009, 0.27859, 0.36817, 0.50153, 0.61607, 0.68695, 0.80943, 0.82867, 0.92148, 0.98785, 1.0296, 1.1239, 1.1942, 1.225, 1.3077, 1.3264, 1.3229, 1.3389, 1.3536, 1.3802, 1.4251, 1.4088, 1.4275, 1.4063, 1.4251, 1.385, 1.4015, 1.3375, 1.3545, 1.3525, 1.3098, 1.3293, 1.2653, 1.244]
[-1.1506, -1.0464, -0.9921, -0.89875, -0.77256, -0.67161, -0.55116, -0.42277, -0.35821, -0.24924000000000002, -0.14184000000000002, -0.037354000000000005, 0.10186, 0.2009, 0.27859, 0.36817, 0.50153, 0.61607, 0.68695, 0.80943, 0.82867, 0.92148, 0.98785, 1.0296, 1.1239, 1.1942, 1.225, 1.3077, 1.3264, 1.3229, 1.3389, 1.3536, 1.3802, 1.4251, 1.4088, 1.4275, 1.4063, 1.4251, 1.385, 1.4015, 1.3375, 1.3545, 1.3525, 1.3098, 1.3293, 1.2653, 1.244, 1.2212]
[-1.2629, -1.1506, -1.0464, -0.9921, -0.89875, -0.77256, -0.67161, -0.55116, -0.42277, -0.35821, -0.24924000000000002, -0.14184000000000002, -0.037354000000000005, 0.10186, 0.2009, 0.27859, 0.36817, 0.50153, 0.61607, 0.68695, 0.80943, 0.82867, 0.92148, 0.98785, 1.0296, 1.1239, 1.1942, 1.225, 1.3077, 1.3264, 1.3229, 1.3389, 1.3536, 1.3802, 1.4251, 1.4088, 1.4275, 1.4063, 1.4251, 1.385, 1.4015, 1.3375, 1.3545, 1.3525, 1.3098, 1.3293, 1.2653]
[-1.3317, -1.2629, -1.1506, -1.0464, -0.9921, -0.89875, -0.77256, -0.67161, -0.55116, -0.42277, -0.35821, -0.24924000000000002, -0.14184000000000002, -0.037354000000000005, 0.10186, 0.2009, 0.27859, 0.36817, 0.50153, 0.61607, 0.68695, 0.80943, 0.82867, 0.92148, 0.98785, 1.0296, 1.1239, 1.1942, 1.225, 1.3077, 1.3264, 1.3229, 1.3389, 1.3536, 1.3802, 1.4251, 1.4088, 1.4275, 1.4063, 1.4251, 1.385, 1.4015, 1.3375, 1.3545, 1.3525, 1.3098, 1.3293, 1.2653]
[-1.5826, -1.5315, -1.4936, -1.4153, -1.3317, -1.2629, -1.1506, -1.0464, -0.9921, -0.89875, -0.77256, -0.67161, -0.55116, -0.42277, -0.35821, -0.24924000000000002, -0.14184000000000002, -0.037354000000000005, 0.10186, 0.2009, 0.27859, 0.36817, 0.50153, 0.61607, 0.68695, 0.80943, 0.82867, 0.92148, 0.98785, 1.0296, 1.1239, 1.1942, 1.225, 1.3077, 1.3264, 1.3229, 1.3389, 1.3536, 1.3802, 1.4251, 1.4088, 1.4275, 1.4063, 1.4251, 1.385, 1.4015, 1.3375, 1.3545, 1.3525, 1.3098, 1.3293, 1.2653]
[-1.6483, -1.5826, -1.5315, -1.4936, -1.4153, -1.3317, -1.2629, -1.1506, -1.0464, -0.9921, -0.89875, -0.77256, -0.67161, -0.55116, -0.42277, -0.35821, -0.24924000000000002, -0.14184000000000002, -0.037354000000000005, 0.10186, 0.2009, 0.27859, 0.36817, 0.50153, 0.61607, 0.68695, 0.80943, 0.82867, 0.92148, 0.98785, 1.0296, 1.1239, 1.1942, 1.225, 1.3077, 1.3264, 1.3229, 1.3389, 1.3536, 1.3802, 1.4251, 1.4088, 1.4275, 1.4063, 1.4251, 1.385, 1.4015, 1.3375, 1.3545, 1.3525, 1.3098, 1.3293]
[-0.19524, -0.09489, 0.0021609999999999997, 0.041698, 0.082998, 0.18045999999999998, 0.093261, -0.092713, -0.06831, 0.041947000000000005, 0.035209, 0.11312, 0.035602999999999996, 0.036598, 0.08040599999999999, 0.003114, -0.007501000000000001, -0.057218, -0.08205599999999999, -0.13136, -0.25645999999999997, -0.30139, -0.43123999999999996, -0.47558999999999996, -0.53515, -0.56455, -0.64159, -0.7698699999999999, -0.80433, -0.89951, -0.99229, -1.0014, -0.9482700000000001, -0.8938299999999999, -0.8359200000000001, -0.77513, -0.71132, -0.73769, -0.7297899999999999, -0.73131]
[-0.27575, -0.21081, -0.12209, -0.058664, 0.045266, 0.16458, 0.23315999999999998, 0.32514, 0.39004, 0.44006999999999996, 0.55048, 0.57534, 0.67715, 0.79104, 0.84626, 0.91361, 0.96459, 1.0624, 1.1351, 1.1789, 1.2231, 1.2238, 1.2903, 1.3454, 1.3806, 1.4126, 1.4365, 1.4497, 1.4478, 1.4723, 1.4908, 1.5078, 1.5266, 1.505, 1.4628, 1.4364, 1.4048, 1.3991, 1.3579]
[-0.40571, -0.27575, -0.21081, -0.12209, -0.058664, 0.045266, 0.16458, 0.23315999999999998, 0.32514, 0.39004, 0.44006999999999996, 0.55048, 0.57534, 0.67715, 0.79104, 0.84626, 0.91361, 0.96459, 1.0624, 1.1351, 1.1789, 1.2231, 1.2238, 1.2903, 1.3454, 1.3806, 1.4126, 1.4365, 1.4497, 1.4478, 1.4723, 1.4908, 1.5078, 1.5266, 1.505, 1.4628, 1.4364]
[-0.51454, -0.40571, -0.27575, -0.21081, -0.12209, -0.058664, 0.045266, 0.16458, 0.23315999999999998, 0.32514, 0.39004, 0.44006999999999996, 0.55048, 0.57534, 0.67715, 0.79104, 0.84626, 0.91361, 0.96459, 1.0624, 1.1351, 1.1789, 1.2231, 1.2238, 1.2903, 1.3454, 1.3806, 1.4126, 1.4365, 1.4497, 1.4478, 1.4723, 1.4908, 1.5078, 1.5266, 1.505, 1.4628]
[-0.57796, -0.51454, -0.40571, -0.27575, -0.21081, -0.12209, -0.058664, 0.045266, 0.16458, 0.23315999999999998, 0.32514, 0.39004, 0.44006999999999996, 0.55048, 0.57534, 0.67715, 0.79104, 0.84626, 0.91361, 0.96459, 1.0624, 1.1351, 1.1789, 1.2231, 1.2238, 1.2903, 1.3454, 1.3806, 1.4126, 1.4365, 1.4497, 1.4478, 1.4723, 1.4908, 1.5078, 1.5266, 1.505]
[1.3126, 1.3467, 1.3864, 1.4435, 1.4513, 1.4594, 1.4819, 1.486, 1.4485, 1.4688, 1.452, 1.4337, 1.3975, 1.3478, 1.3428, 1.2992, 1.2118, 1.2204, 1.177, 1.1389, 1.1088, 1.0434, 0.9997799999999999, 0.9267, 0.87921, 0.85655, 0.75205, 0.69485, 0.63655, 0.57811, 0.50993, 0.39952, 0.34948, 0.2316, 0.2092, 0.1141, -0.015309999999999999, -0.049623, -0.18253, -0.29108]
[-0.74271, -0.6307699999999999, -0.50243, -0.39403, -0.28720999999999997, -0.17017000000000002, -0.072404, 0.071421, 0.20575, 0.29088, 0.32068, 0.43133, 0.48335, 0.58157, 0.6743600000000001, 0.76161, 0.8052, 0.8815700000000001, 0.99113, 1.0195, 1.0786, 1.1167, 1.1331, 1.1658, 1.2537, 1.2691, 1.2662, 1.2634, 1.2191, 1.1956, 1.1508, 1.1248, 1.081, 1.0706, 1.0422, 1.0388, 1.058, 1.0969, 1.0744]
[-0.84921, -0.74271, -0.6307699999999999, -0.50243, -0.39403, -0.28720999999999997, -0.17017000000000002, -0.072404, 0.071421, 0.20575, 0.29088, 0.32068, 0.43133, 0.48335, 0.58157, 0.6743600000000001, 0.76161, 0.8052, 0.8815700000000001, 0.99113, 1.0195, 1.0786, 1.1167, 1.1331, 1.1658, 1.2537, 1.2691, 1.2662, 1.2634, 1.2191, 1.1956, 1.1508, 1.1248, 1.081, 1.0706, 1.0422, 1.0388, 1.058, 1.0969]
[-1.3228, -1.2314, -1.1241, -1.0301, -0.91076, -0.84921, -0.74271, -0.6307699999999999, -0.50243, -0.39403, -0.28720999999999997, -0.17017000000000002, -0.072404, 0.071421, 0.20575, 0.29088, 0.32068, 0.43133, 0.48335, 0.58157, 0.6743600000000001, 0.76161, 0.8052, 0.8815700000000001, 0.99113, 1.0195, 1.0786, 1.1167, 1.1331, 1.1658, 1.2537, 1.2691, 1.2662, 1.2634, 1.2191, 1.1956, 1.1508, 1.1248, 1.081, 1.0706, 1.0422, 1.0388, 1.058, 1.0969, 1.0744, 1.094, 1.0717]
[-1.3993, -1.3228, -1.2314, -1.1241, -1.0301, -0.91076, -0.84921, -0.74271, -0.6307699999999999, -0.50243, -0.39403, -0.28720999999999997, -0.17017000000000002, -0.072404, 0.071421, 0.20575, 0.29088, 0.32068, 0.43133, 0.48335, 0.58157, 0.6743600000000001, 0.76161, 0.8052, 0.8815700000000001, 0.99113, 1.0195, 1.0786, 1.1167, 1.1331, 1.1658, 1.2537, 1.2691, 1.2662, 1.2634, 1.2191, 1.1956, 1.1508, 1.1248, 1.081, 1.0706, 1.0422, 1.0388, 1.058, 1.0969, 1.0744, 1.094, 1.0717]
[1.0929, 1.1129, 1.0929, 1.0731, 1.0534, 1.0557, 1.0362, 1.0169, 1.0583, 1.0389, 1.0006, 1.026, 1.0539, 1.0573, 1.0855, 1.0933, 1.1175, 1.1414, 1.1320000000000001, 1.16, 1.0711, 1.0518, 1.0132, 0.94935, 0.90651, 0.85372, 0.7588, 0.7158100000000001, 0.58926, 0.51661, 0.45498, 0.3496, 0.27446, 0.14420999999999998, 0.057344000000000006, 0.001289, -0.094873, -0.19645, -0.30243000000000003, -0.43422, -0.5424100000000001, -0.65071, -0.75763, -0.89461, -0.9925799999999999, -1.0964, -1.1437, -1.2449, -1.3272, -1.4185, -1.5102, -1.5891, -1.6435, -1.7118, -1.757, -1.8147]
[-1.7853, -1.7372, -1.692, -1.6046, -1.5488, -1.4856, -1.3993, -1.3228, -1.2314, -1.1241, -1.0301, -0.91076, -0.84921, -0.74271, -0.6307699999999999, -0.50243, -0.39403, -0.28720999999999997, -0.17017000000000002, -0.072404, 0.071421, 0.20575, 0.29088, 0.32068, 0.43133, 0.48335, 0.58157, 0.6743600000000001, 0.76161, 0.8052, 0.8815700000000001, 0.99113, 1.0195, 1.0786, 1.1167, 1.1331, 1.1658, 1.2537, 1.2691, 1.2662, 1.2634, 1.2191]
[-1.8409, -1.7853, -1.7372, -1.692, -1.6046, -1.5488, -1.4856, -1.3993, -1.3228, -1.2314, -1.1241, -1.0301, -0.91076, -0.84921, -0.74271, -0.6307699999999999, -0.50243, -0.39403, -0.28720999999999997, -0.17017000000000002, -0.072404, 0.071421, 0.20575, 0.29088, 0.32068, 0.43133, 0.48335, 0.58157, 0.6743600000000001, 0.76161, 0.8052, 0.8815700000000001, 0.99113, 1.0195, 1.0786, 1.1167, 1.1331, 1.1658, 1.2537, 1.2691, 1.2662, 1.2634]
[1.4009, 1.3975, 1.4627, 1.4811, 1.5011, 1.474, 1.4737, 1.4735, 1.4779, 1.4654, 1.4569, 1.3928, 1.3612, 1.3282, 1.3179, 1.2842, 1.2157, 1.1392, 1.1548, 1.1273, 1.0543, 0.94589, 0.9080299999999999, 0.7934100000000001, 0.73435, 0.6772, 0.61466, 0.51143, 0.4066, 0.34210999999999997, 0.26022, 0.2055, 0.10511, 0.07966799999999999, -0.048728]
[1.3614, 1.4009, 1.3975, 1.4627, 1.4811, 1.5011, 1.474, 1.4737, 1.4735, 1.4779, 1.4654, 1.4569, 1.3928, 1.3612, 1.3282, 1.3179, 1.2842, 1.2157, 1.1392, 1.1548, 1.1273, 1.0543, 0.94589, 0.9080299999999999, 0.7934100000000001, 0.73435, 0.6772, 0.61466, 0.51143, 0.4066, 0.34210999999999997, 0.26022, 0.2055, 0.10511, 0.07966799999999999]
[-0.18704, -0.092903, -0.035392, 0.039436, 0.10485, 0.22482, 0.24191999999999997, 0.35549000000000003, 0.46552, 0.465, 0.5628, 0.60553, 0.6975100000000001, 0.75375, 0.82739, 0.8818799999999999, 0.9545600000000001, 1.0194, 1.0548, 1.1251, 1.1599, 1.2056, 1.2519, 1.285, 1.3257, 1.357, 1.4612, 1.4485, 1.4766, 1.483, 1.4841, 1.4787, 1.4680000000000002, 1.4655, 1.4501, 1.4627, 1.4425]
[-0.28368000000000004, -0.18704, -0.092903, -0.035392, 0.039436, 0.10485, 0.22482, 0.24191999999999997, 0.35549000000000003, 0.46552, 0.465, 0.5628, 0.60553, 0.6975100000000001, 0.75375, 0.82739, 0.8818799999999999, 0.9545600000000001, 1.0194, 1.0548, 1.1251, 1.1599, 1.2056, 1.2519, 1.285, 1.3257, 1.357, 1.4612, 1.4485, 1.4766, 1.483, 1.4841, 1.4787, 1.4680000000000002, 1.4655, 1.4501, 1.4627]
[1.321, 1.3614, 1.4009, 1.3975, 1.4627, 1.4811, 1.5011, 1.474, 1.4737, 1.4735, 1.4779, 1.4654, 1.4569, 1.3928, 1.3612, 1.3282, 1.3179, 1.2842, 1.2157, 1.1392, 1.1548, 1.1273, 1.0543, 0.94589, 0.9080299999999999, 0.7934100000000001, 0.73435, 0.6772, 0.61466, 0.51143, 0.4066, 0.34210999999999997, 0.26022, 0.2055, 0.10511, 0.07966799999999999, -0.048728, -0.11606, -0.2386, -0.34224]
[-0.34621999999999997, -0.28368000000000004, -0.18704, -0.092903, -0.035392, 0.039436, 0.10485, 0.22482, 0.24191999999999997, 0.35549000000000003, 0.46552, 0.465, 0.5628, 0.60553, 0.6975100000000001, 0.75375, 0.82739, 0.8818799999999999, 0.9545600000000001, 1.0194, 1.0548, 1.1251, 1.1599, 1.2056, 1.2519, 1.285, 1.3257, 1.357, 1.4612, 1.4485, 1.4766, 1.483, 1.4841, 1.4787, 1.4680000000000002, 1.4655, 1.4501]
[1.2515, 1.2524, 1.2690000000000001, 1.2690000000000001, 1.2699, 1.2865, 1.271, 1.2555, 1.2567, 1.2732, 1.2579, 1.2707, 1.2555, 1.2459, 1.2036, 1.1602, 1.1534, 1.1249, 1.0924, 1.023, 1.0029, 0.9596100000000001, 0.9103600000000001, 0.83924, 0.81004, 0.72959, 0.65946, 0.5978399999999999, 0.47998999999999997, 0.43422, 0.3523, 0.24572, 0.12074000000000001, 0.086627, -0.022817]
[1.2156, 1.228, 1.3934, 1.4246, 1.4776, 1.4980000000000002, 1.4686, 1.4596, 1.4596, 1.4596, 1.4508, 1.4211, 1.3825, 1.4037, 1.3953, 1.3056, 1.2341, 1.1484, 1.0473, 0.9951399999999999, 0.99431, 0.8374, 0.70452, 0.6558, 0.59296, 0.44025, 0.35695, 0.24875, 0.18185, 0.14562999999999998, 0.10708, 0.11537, 0.10989000000000002, 0.14285, 0.1244, 0.19580999999999998, 0.26966, 0.34675, 0.27101, 0.20485, 0.006704000000000001, -0.16349, -0.29522, -0.44075, -0.5958899999999999, -0.66988, -0.7721600000000001, -0.8495799999999999, -0.93237]
[0.43733999999999995, 0.51341, 0.58349, 0.64791, 0.70707, 0.76135, 0.81119, 0.8406100000000001, 0.89164, 0.88638, 0.92801, 0.9520000000000001, 0.97173, 1.0185, 1.0338, 1.0163, 1.0318, 1.0638, 1.0795, 1.0631, 1.0788, 1.0946, 1.0946, 1.1105, 1.1265, 1.1265, 1.1261, 1.1097, 1.1258, 1.1094, 1.093, 1.1091, 1.1091, 1.1091, 1.0928]
[0.17806, 0.20895999999999998, 0.25756999999999997, 0.29123000000000004, 0.35836999999999997, 0.39396, 0.42525, 0.49046999999999996, 0.56596, 0.62107, 0.6884100000000001, 0.74402, 0.78808, 0.8797299999999999, 0.9319200000000001, 0.9805299999999999, 0.9920100000000001, 1.0184, 1.0563, 1.0763, 1.1415, 1.1579, 1.1417, 1.1581, 1.1581, 1.1419, 1.1745, 1.1583, 1.1583, 1.1422, 1.1261, 1.1261, 1.1101, 1.0941, 1.0941, 1.0782, 1.0624, 1.0952, 1.0795]
[-0.59511, -0.50589, -0.41851000000000005, -0.32746, -0.24456, -0.16533, -0.070927, -0.013129, 0.016295, 0.013209, 0.073533, 0.087655, 0.13215, 0.17806, 0.20895999999999998, 0.25756999999999997, 0.29123000000000004, 0.35836999999999997, 0.39396, 0.42525, 0.49046999999999996, 0.56596, 0.62107, 0.6884100000000001, 0.74402, 0.78808, 0.8797299999999999, 0.9319200000000001, 0.9805299999999999, 0.9920100000000001, 1.0184, 1.0563, 1.0763, 1.1415, 1.1579, 1.1417, 1.1581, 1.1581, 1.1419, 1.1745, 1.1583, 1.1583, 1.1422, 1.1261, 1.1261, 1.1101, 1.0941, 1.0941, 1.0782, 1.0624, 1.0952, 1.0795, 1.0959, 1.0802, 1.1123, 1.0811, 1.0656, 1.0502, 1.0665, 1.0524, 1.0373]
[-0.6853899999999999, -0.59511, -0.50589, -0.41851000000000005, -0.32746, -0.24456, -0.16533, -0.070927, -0.013129, 0.016295, 0.013209, 0.073533, 0.087655, 0.13215, 0.17806, 0.20895999999999998, 0.25756999999999997, 0.29123000000000004, 0.35836999999999997, 0.39396, 0.42525, 0.49046999999999996, 0.56596, 0.62107, 0.6884100000000001, 0.74402, 0.78808, 0.8797299999999999, 0.9319200000000001, 0.9805299999999999, 0.9920100000000001, 1.0184, 1.0563, 1.0763, 1.1415, 1.1579, 1.1417, 1.1581, 1.1581, 1.1419, 1.1745, 1.1583, 1.1583, 1.1422, 1.1261, 1.1261, 1.1101, 1.0941, 1.0941, 1.0782, 1.0624, 1.0952, 1.0795, 1.0959, 1.0802, 1.1123, 1.0811, 1.0656, 1.0502, 1.0665]
[-0.77473, -0.6853899999999999, -0.59511, -0.50589, -0.41851000000000005, -0.32746, -0.24456, -0.16533, -0.070927, -0.013129, 0.016295, 0.013209, 0.073533, 0.087655, 0.13215, 0.17806, 0.20895999999999998, 0.25756999999999997, 0.29123000000000004, 0.35836999999999997, 0.39396, 0.42525, 0.49046999999999996, 0.56596, 0.62107, 0.6884100000000001, 0.74402, 0.78808, 0.8797299999999999, 0.9319200000000001, 0.9805299999999999, 0.9920100000000001, 1.0184, 1.0563, 1.0763, 1.1415, 1.1579, 1.1417, 1.1581, 1.1581, 1.1419, 1.1745, 1.1583, 1.1583, 1.1422, 1.1261, 1.1261, 1.1101, 1.0941, 1.0941, 1.0782, 1.0624, 1.0952, 1.0795, 1.0959, 1.0802, 1.1123, 1.0811, 1.0656, 1.0502]
[-1.2129, -1.1905, -1.1972, -1.1948, -1.158, -1.1575, -1.2017, -1.1972, -1.2163, -1.2324, -1.2456, -1.2561, -1.2828, -1.2666, -1.2707, -1.2558, -1.2572, -1.2476, -1.2233, -1.1633, -1.0843, -1.0185, -0.9336399999999999, -0.84667, -0.77473, -0.6853899999999999, -0.59511, -0.50589, -0.41851000000000005, -0.32746, -0.24456, -0.16533, -0.070927, -0.013129, 0.016295, 0.013209, 0.073533, 0.087655, 0.13215, 0.17806, 0.20895999999999998, 0.25756999999999997, 0.29123000000000004, 0.35836999999999997, 0.39396, 0.42525, 0.49046999999999996, 0.56596, 0.62107, 0.6884100000000001, 0.74402, 0.78808, 0.8797299999999999, 0.9319200000000001, 0.9805299999999999, 0.9920100000000001, 1.0184, 1.0563, 1.0763, 1.1415, 1.1579, 1.1417, 1.1581, 1.1581, 1.1419, 1.1745, 1.1583, 1.1583, 1.1422, 1.1261, 1.1261, 1.1101, 1.0941, 1.0941, 1.0782, 1.0624, 1.0952, 1.0795, 1.0959, 1.0802, 1.1123, 1.0811, 1.0656, 1.0502, 1.0665, 1.0524, 1.0373, 1.0025, 0.96744]
[-1.2264, -1.2129, -1.1905, -1.1972, -1.1948, -1.158, -1.1575, -1.2017, -1.1972, -1.2163, -1.2324, -1.2456, -1.2561, -1.2828, -1.2666, -1.2707, -1.2558, -1.2572, -1.2476, -1.2233, -1.1633, -1.0843, -1.0185, -0.9336399999999999, -0.84667, -0.77473, -0.6853899999999999, -0.59511, -0.50589, -0.41851000000000005, -0.32746, -0.24456, -0.16533, -0.070927, -0.013129, 0.016295, 0.013209, 0.073533, 0.087655, 0.13215, 0.17806, 0.20895999999999998, 0.25756999999999997, 0.29123000000000004, 0.35836999999999997, 0.39396, 0.42525, 0.49046999999999996, 0.56596, 0.62107, 0.6884100000000001, 0.74402, 0.78808, 0.8797299999999999, 0.9319200000000001, 0.9805299999999999, 0.9920100000000001, 1.0184, 1.0563, 1.0763, 1.1415, 1.1579, 1.1417, 1.1581, 1.1581, 1.1419, 1.1745, 1.1583, 1.1583, 1.1422, 1.1261, 1.1261, 1.1101, 1.0941, 1.0941, 1.0782, 1.0624, 1.0952, 1.0795, 1.0959, 1.0802, 1.1123, 1.0811, 1.0656, 1.0502, 1.0665, 1.0524, 1.0373, 1.0025]
[-0.55547, -0.46475, -0.31653000000000003, -0.16277, -0.006701, 0.12531, 0.19723, 0.31718, 0.42712, 0.56126, 0.6341600000000001, 0.73854, 0.84788, 0.93021, 0.9865200000000001, 1.0378, 1.083, 1.1411, 1.1737, 1.1969, 1.2766, 1.2966, 1.3305, 1.3634, 1.3594, 1.3539, 1.4344, 1.4102, 1.3737, 1.4075, 1.3722, 1.3708, 1.3355, 1.334, 1.3326, 1.2786, 1.2246, 1.2061, 1.1691]
[-0.68077, -0.55547, -0.46475, -0.31653000000000003, -0.16277, -0.006701, 0.12531, 0.19723, 0.31718, 0.42712, 0.56126, 0.6341600000000001, 0.73854, 0.84788, 0.93021, 0.9865200000000001, 1.0378, 1.083, 1.1411, 1.1737, 1.1969, 1.2766, 1.2966, 1.3305, 1.3634, 1.3594, 1.3539, 1.4344, 1.4102, 1.3737, 1.4075, 1.3722, 1.3708, 1.3355, 1.334, 1.3326, 1.2786, 1.2246, 1.2061]
[-0.82891, -0.68077, -0.55547, -0.46475, -0.31653000000000003, -0.16277, -0.006701, 0.12531, 0.19723, 0.31718, 0.42712, 0.56126, 0.6341600000000001, 0.73854, 0.84788, 0.93021, 0.9865200000000001, 1.0378, 1.083, 1.1411, 1.1737, 1.1969, 1.2766, 1.2966, 1.3305, 1.3634, 1.3594, 1.3539, 1.4344, 1.4102, 1.3737, 1.4075, 1.3722, 1.3708, 1.3355, 1.334, 1.3326, 1.2786, 1.2246]
[-1.3054, -1.2114, -1.1274, -1.0165, -0.95621, -0.82891, -0.68077, -0.55547, -0.46475, -0.31653000000000003, -0.16277, -0.006701, 0.12531, 0.19723, 0.31718, 0.42712, 0.56126, 0.6341600000000001, 0.73854, 0.84788, 0.93021, 0.9865200000000001, 1.0378, 1.083, 1.1411, 1.1737, 1.1969, 1.2766, 1.2966, 1.3305, 1.3634, 1.3594, 1.3539, 1.4344, 1.4102, 1.3737, 1.4075, 1.3722, 1.3708, 1.3355, 1.334, 1.3326, 1.2786, 1.2246, 1.2061, 1.1691]
[-1.3449, -1.3054, -1.2114, -1.1274, -1.0165, -0.95621, -0.82891, -0.68077, -0.55547, -0.46475, -0.31653000000000003, -0.16277, -0.006701, 0.12531, 0.19723, 0.31718, 0.42712, 0.56126, 0.6341600000000001, 0.73854, 0.84788, 0.93021, 0.9865200000000001, 1.0378, 1.083, 1.1411, 1.1737, 1.1969, 1.2766, 1.2966, 1.3305, 1.3634, 1.3594, 1.3539, 1.4344, 1.4102, 1.3737, 1.4075, 1.3722, 1.3708, 1.3355, 1.334, 1.3326, 1.2786, 1.2246, 1.2061, 1.1691]
[-1.4256, -1.3449, -1.3054, -1.2114, -1.1274, -1.0165, -0.95621, -0.82891, -0.68077, -0.55547, -0.46475, -0.31653000000000003, -0.16277, -0.006701, 0.12531, 0.19723, 0.31718, 0.42712, 0.56126, 0.6341600000000001, 0.73854, 0.84788, 0.93021, 0.9865200000000001, 1.0378, 1.083, 1.1411, 1.1737, 1.1969, 1.2766, 1.2966, 1.3305, 1.3634, 1.3594, 1.3539, 1.4344, 1.4102, 1.3737, 1.4075, 1.3722, 1.3708, 1.3355, 1.334, 1.3326, 1.2786, 1.2246, 1.2061]
[-0.8056, -0.84221, -0.9164, -0.9213399999999999, -0.93091, -0.9290299999999999, -0.93632, -0.9717600000000001, -0.90438, -0.8337700000000001, -0.83111, -0.7873100000000001, -0.74255, -0.68489, -0.5868800000000001, -0.54132, -0.44753999999999994, -0.28484, -0.10799, -0.035169, 0.089168, 0.26239, 0.48941, 0.73248, 0.87555, 1.0637, 1.0705, 1.0629, 1.0336, 0.96998, 0.8582200000000001, 0.7824399999999999, 0.73732, 0.70795, 0.6937300000000001, 0.68365, 0.6869, 0.74392, 0.84595, 0.9122299999999999, 0.99005, 1.0395, 1.0956, 1.2036, 1.2624, 1.4093, 1.446, 1.5483, 1.5592, 1.6275, 1.6275, 1.6385, 1.7064, 1.6492, 1.5919999999999999, 1.5909, 1.5557, 1.5401, 1.5011, 1.4932, 1.4398, 1.3288, 1.2226, 1.0735, 0.8972399999999999, 0.8502200000000001, 0.72338, 0.59006, 0.42841, 0.31943]
[-1.6404, -1.5624, -1.4798, -1.3871, -1.3258, -1.2208, -1.0679, -0.95978, -0.8991899999999999, -0.78473, -0.6532, -0.49713, -0.35623, -0.29812, -0.18272, -0.089962, 0.0069, 0.03733, 0.10099, 0.12437999999999999, 0.1928, 0.18295999999999998, 0.23153, 0.31943, 0.53565, 0.6724100000000001, 0.80147, 0.90322, 0.9704299999999999, 1.0856, 1.1612, 1.2293, 1.3019999999999998, 1.4257, 1.5465, 1.6189, 1.5676, 1.5958, 1.6197, 1.6097, 1.6, 1.5673, 1.5019, 1.4366, 1.3729, 1.308, 1.2623, 1.2335, 1.1778, 1.1184, 1.031, 0.90479, 0.8441200000000001, 0.7764800000000001, 0.72378, 0.6210899999999999, 0.50805, 0.39311, 0.33258000000000004, 0.35686, 0.37851, 0.41627, 0.49154, 0.5150899999999999, 0.6242300000000001, 0.7096899999999999, 0.80211, 0.7647, 0.6963699999999999, 0.39997, 0.21143, 0.009968000000000001, -0.065081, -0.17795999999999998, -0.3443, -0.46538999999999997, -0.60725, -0.64937, -0.7705, -0.88534, -0.95755, -0.92371, -0.92391, -0.96021, -0.9621700000000001, -0.96057, -0.9582, -0.94988, -0.9134, -0.9001600000000001, -0.82734, -0.82283, -0.7189800000000001, -0.61129, -0.52789, -0.41235, -0.28612, -0.20501, -0.11719, -0.06968200000000001, 0.002592, 0.054722, 0.16234, 0.18089, 0.1731, 0.15761, 0.14351, 0.095664, 0.004397, -0.038620999999999996, -0.13918, -0.20137, -0.22953, -0.19508, -0.073901, -0.00404, 0.026525, -0.051816999999999995, -0.12014000000000001, -0.20449]
[-1.6991, -1.6404, -1.5624, -1.4798, -1.3871, -1.3258, -1.2208, -1.0679, -0.95978, -0.8991899999999999, -0.78473, -0.6532, -0.49713, -0.35623, -0.29812, -0.18272, -0.089962, 0.0069, 0.03733, 0.10099, 0.12437999999999999, 0.1928, 0.18295999999999998, 0.23153, 0.31943, 0.53565, 0.6724100000000001, 0.80147, 0.90322, 0.9704299999999999, 1.0856, 1.1612, 1.2293, 1.3019999999999998, 1.4257, 1.5465, 1.6189, 1.5676, 1.5958, 1.6197, 1.6097, 1.6, 1.5673, 1.5019, 1.4366, 1.3729, 1.308, 1.2623, 1.2335, 1.1778, 1.1184, 1.031, 0.90479, 0.8441200000000001, 0.7764800000000001, 0.72378, 0.6210899999999999, 0.50805, 0.39311, 0.33258000000000004, 0.35686, 0.37851, 0.41627, 0.49154, 0.5150899999999999, 0.6242300000000001, 0.7096899999999999, 0.80211, 0.7647, 0.6963699999999999, 0.39997, 0.21143, 0.009968000000000001, -0.065081, -0.17795999999999998, -0.3443, -0.46538999999999997, -0.60725, -0.64937, -0.7705, -0.88534, -0.95755, -0.92371, -0.92391, -0.96021, -0.9621700000000001, -0.96057, -0.9582, -0.94988, -0.9134, -0.9001600000000001, -0.82734, -0.82283, -0.7189800000000001, -0.61129, -0.52789, -0.41235, -0.28612, -0.20501, -0.11719, -0.06968200000000001, 0.002592, 0.054722, 0.16234, 0.18089, 0.1731, 0.15761, 0.14351, 0.095664, 0.004397, -0.038620999999999996, -0.13918, -0.20137, -0.22953, -0.19508, -0.073901, -0.00404, 0.026525, -0.051816999999999995, -0.12014000000000001]
[-2.0026, -1.93, -1.8515, -1.7442, -1.6991, -1.6404, -1.5624, -1.4798, -1.3871, -1.3258, -1.2208, -1.0679, -0.95978, -0.8991899999999999, -0.78473, -0.6532, -0.49713, -0.35623, -0.29812, -0.18272, -0.089962, 0.0069, 0.03733, 0.10099, 0.12437999999999999, 0.1928, 0.18295999999999998, 0.23153, 0.31943, 0.53565, 0.6724100000000001, 0.80147, 0.90322, 0.9704299999999999, 1.0856, 1.1612, 1.2293, 1.3019999999999998, 1.4257, 1.5465, 1.6189, 1.5676, 1.5958, 1.6197, 1.6097, 1.6, 1.5673, 1.5019, 1.4366, 1.3729, 1.308, 1.2623, 1.2335, 1.1778, 1.1184, 1.031, 0.90479, 0.8441200000000001, 0.7764800000000001, 0.72378, 0.6210899999999999, 0.50805, 0.39311, 0.33258000000000004, 0.35686, 0.37851, 0.41627, 0.49154, 0.5150899999999999, 0.6242300000000001, 0.7096899999999999, 0.80211, 0.7647, 0.6963699999999999, 0.39997, 0.21143, 0.009968000000000001, -0.065081, -0.17795999999999998, -0.3443, -0.46538999999999997, -0.60725, -0.64937, -0.7705, -0.88534, -0.95755, -0.92371, -0.92391, -0.96021, -0.9621700000000001, -0.96057, -0.9582, -0.94988, -0.9134, -0.9001600000000001, -0.82734, -0.82283, -0.7189800000000001, -0.61129, -0.52789, -0.41235, -0.28612, -0.20501, -0.11719, -0.06968200000000001, 0.002592, 0.054722, 0.16234, 0.18089, 0.1731, 0.15761, 0.14351, 0.095664, 0.004397, -0.038620999999999996, -0.13918, -0.20137, -0.22953, -0.19508, -0.073901, -0.00404, 0.026525, -0.051816999999999995, -0.12014000000000001, -0.20449, -0.27155, -0.26553000000000004]
[-2.0359, -2.0026, -1.93, -1.8515, -1.7442, -1.6991, -1.6404, -1.5624, -1.4798, -1.3871, -1.3258, -1.2208, -1.0679, -0.95978, -0.8991899999999999, -0.78473, -0.6532, -0.49713, -0.35623, -0.29812, -0.18272, -0.089962, 0.0069, 0.03733, 0.10099, 0.12437999999999999, 0.1928, 0.18295999999999998, 0.23153, 0.31943, 0.53565, 0.6724100000000001, 0.80147, 0.90322, 0.9704299999999999, 1.0856, 1.1612, 1.2293, 1.3019999999999998, 1.4257, 1.5465, 1.6189, 1.5676, 1.5958, 1.6197, 1.6097, 1.6, 1.5673, 1.5019, 1.4366, 1.3729, 1.308, 1.2623, 1.2335, 1.1778, 1.1184, 1.031, 0.90479, 0.8441200000000001, 0.7764800000000001, 0.72378, 0.6210899999999999, 0.50805, 0.39311, 0.33258000000000004, 0.35686, 0.37851, 0.41627, 0.49154, 0.5150899999999999, 0.6242300000000001, 0.7096899999999999, 0.80211, 0.7647, 0.6963699999999999, 0.39997, 0.21143, 0.009968000000000001, -0.065081, -0.17795999999999998, -0.3443, -0.46538999999999997, -0.60725, -0.64937, -0.7705, -0.88534, -0.95755, -0.92371, -0.92391, -0.96021, -0.9621700000000001, -0.96057, -0.9582, -0.94988, -0.9134, -0.9001600000000001, -0.82734, -0.82283, -0.7189800000000001, -0.61129, -0.52789, -0.41235, -0.28612, -0.20501, -0.11719, -0.06968200000000001, 0.002592, 0.054722, 0.16234, 0.18089, 0.1731, 0.15761, 0.14351, 0.095664, 0.004397, -0.038620999999999996, -0.13918, -0.20137, -0.22953, -0.19508, -0.073901, -0.00404, 0.026525, -0.051816999999999995, -0.12014000000000001, -0.20449]
[-2.1215, -2.0359, -2.0026, -1.93, -1.8515, -1.7442, -1.6991, -1.6404, -1.5624, -1.4798, -1.3871, -1.3258, -1.2208, -1.0679, -0.95978, -0.8991899999999999, -0.78473, -0.6532, -0.49713, -0.35623, -0.29812, -0.18272, -0.089962, 0.0069, 0.03733, 0.10099, 0.12437999999999999, 0.1928, 0.18295999999999998, 0.23153, 0.31943, 0.53565, 0.6724100000000001, 0.80147, 0.90322, 0.9704299999999999, 1.0856, 1.1612, 1.2293, 1.3019999999999998, 1.4257, 1.5465, 1.6189, 1.5676, 1.5958, 1.6197, 1.6097, 1.6, 1.5673, 1.5019, 1.4366, 1.3729, 1.308, 1.2623, 1.2335, 1.1778, 1.1184, 1.031, 0.90479, 0.8441200000000001, 0.7764800000000001, 0.72378, 0.6210899999999999, 0.50805, 0.39311, 0.33258000000000004, 0.35686, 0.37851, 0.41627, 0.49154, 0.5150899999999999, 0.6242300000000001, 0.7096899999999999, 0.80211, 0.7647, 0.6963699999999999, 0.39997, 0.21143, 0.009968000000000001, -0.065081, -0.17795999999999998, -0.3443, -0.46538999999999997, -0.60725, -0.64937, -0.7705, -0.88534, -0.95755, -0.92371, -0.92391, -0.96021, -0.9621700000000001, -0.96057, -0.9582, -0.94988, -0.9134, -0.9001600000000001, -0.82734, -0.82283, -0.7189800000000001, -0.61129, -0.52789, -0.41235, -0.28612, -0.20501, -0.11719, -0.06968200000000001, 0.002592, 0.054722, 0.16234, 0.18089, 0.1731, 0.15761, 0.14351, 0.095664, 0.004397, -0.038620999999999996]
[0.083646, 0.13638, 0.19104000000000002, 0.26748, 0.32525, 0.40284000000000003, 0.47866000000000003, 0.52884, 0.61361, 0.6762, 0.75184, 0.82286, 0.89659, 0.95755, 0.99679, 1.0539, 1.0805, 1.1242, 1.1661, 1.1885, 1.2255, 1.2608, 1.2608, 1.2432, 1.2434, 1.2434, 1.2436, 1.2436, 1.2262, 1.2262, 1.2088, 1.2088, 1.2266, 1.2092, 1.2097, 1.2097, 1.1926, 1.1755, 1.1585]
[0.032862999999999996, 0.083646, 0.13638, 0.19104000000000002, 0.26748, 0.32525, 0.40284000000000003, 0.47866000000000003, 0.52884, 0.61361, 0.6762, 0.75184, 0.82286, 0.89659, 0.95755, 0.99679, 1.0539, 1.0805, 1.1242, 1.1661, 1.1885, 1.2255, 1.2608, 1.2608, 1.2432, 1.2434, 1.2434, 1.2436, 1.2436, 1.2262, 1.2262, 1.2088, 1.2088, 1.2266, 1.2092, 1.2097, 1.2097, 1.1926, 1.1755]
[0.72752, 0.76764, 0.83711, 0.90215, 0.95601, 1.0331, 1.0115, 1.0432, 1.0415, 1.079, 1.1115, 1.1445, 1.1611, 1.1779, 1.2116, 1.1762, 1.1932, 1.1932, 1.2103, 1.1926, 1.2097, 1.2097, 1.262, 1.2794, 1.2443, 1.2617, 1.2791, 1.2966, 1.2788, 1.2964, 1.2964, 1.2609, 1.2432, 1.2079, 1.1867]
[0.0017800000000000001, 0.032862999999999996, 0.083646, 0.13638, 0.19104000000000002, 0.26748, 0.32525, 0.40284000000000003, 0.47866000000000003, 0.52884, 0.61361, 0.6762, 0.75184, 0.82286, 0.89659, 0.95755, 0.99679, 1.0539, 1.0805, 1.1242, 1.1661, 1.1885, 1.2255, 1.2608, 1.2608, 1.2432, 1.2434, 1.2434, 1.2436, 1.2436, 1.2262, 1.2262, 1.2088, 1.2088, 1.2266, 1.2092, 1.2097, 1.2097, 1.1926]
[0.34701, 0.2881, 0.23138000000000003, 0.17633, 0.12303, 0.071537, 0.021897, -0.025870999999999998, -0.0033280000000000002, -0.048329000000000004, -0.091514, -0.10231, -0.10528, -0.16409, -0.22115, -0.29409, -0.36722, -0.43555, -0.5178, -0.60183, -0.6883699999999999, -0.7552399999999999, -0.83983, -0.9238299999999999, -0.97495, -1.0445, -1.1029, -1.119, -1.1355, -1.1520000000000001, -1.1341, -1.1238, -1.1048, -1.0909, -1.046, -1.0126, -0.9889700000000001, -0.96259, -0.93345, -0.9016700000000001, -0.9040600000000001, -0.8690200000000001, -0.86998, -0.90681, -0.91963]
[-0.014819, 0.0017800000000000001, 0.032862999999999996, 0.083646, 0.13638, 0.19104000000000002, 0.26748, 0.32525, 0.40284000000000003, 0.47866000000000003, 0.52884, 0.61361, 0.6762, 0.75184, 0.82286, 0.89659, 0.95755, 0.99679, 1.0539, 1.0805, 1.1242, 1.1661, 1.1885, 1.2255, 1.2608, 1.2608, 1.2432, 1.2434, 1.2434, 1.2436, 1.2436, 1.2262, 1.2262, 1.2088, 1.2088, 1.2266, 1.2092, 1.2097, 1.2097]
[0.64879, 0.72752, 0.76764, 0.83711, 0.90215, 0.95601, 1.0331, 1.0115, 1.0432, 1.0415, 1.079, 1.1115, 1.1445, 1.1611, 1.1779, 1.2116, 1.1762, 1.1932, 1.1932, 1.2103, 1.1926, 1.2097, 1.2097, 1.262, 1.2794, 1.2443, 1.2617, 1.2791, 1.2966, 1.2788, 1.2964, 1.2964, 1.2609, 1.2432, 1.2079, 1.1867, 1.1461, 1.1036, 1.0555, 1.028, 0.99167, 0.93376, 0.86419, 0.81409, 0.7416699999999999, 0.66452, 0.58265, 0.49621000000000004, 0.43983, 0.34701, 0.2881, 0.23138000000000003, 0.17633, 0.12303, 0.071537, 0.021897, -0.025870999999999998, -0.0033280000000000002, -0.048329000000000004, -0.091514, -0.10231, -0.10528, -0.16409, -0.22115, -0.29409, -0.36722, -0.43555, -0.5178, -0.60183, -0.6883699999999999, -0.7552399999999999, -0.83983, -0.9238299999999999, -0.97495, -1.0445, -1.1029, -1.119, -1.1355, -1.1520000000000001, -1.1341, -1.1238, -1.1048, -1.0909, -1.046, -1.0126, -0.9889700000000001, -0.96259]
[-0.9798899999999999, -1.0059, -1.0291, -1.09, -1.1059, -1.1196, -1.1381, -1.1719, -1.1568, -1.1416, -1.1264, -1.0902, -1.0395, -0.95724, -0.8732200000000001, -0.80438, -0.71978, -0.65291, -0.5689, -0.48235, -0.3951, -0.3014, -0.24645, -0.20714000000000002, -0.14811, -0.13560999999999998, -0.094323, -0.083427, -0.039448000000000004, -0.014819, 0.0017800000000000001, 0.032862999999999996, 0.083646, 0.13638, 0.19104000000000002, 0.26748, 0.32525, 0.40284000000000003, 0.47866000000000003, 0.52884, 0.61361, 0.6762, 0.75184, 0.82286, 0.89659, 0.95755, 0.99679, 1.0539, 1.0805, 1.1242, 1.1661, 1.1885, 1.2255, 1.2608, 1.2608, 1.2432, 1.2434, 1.2434, 1.2436, 1.2436, 1.2262, 1.2262, 1.2088, 1.2088, 1.2266, 1.2092, 1.2097, 1.2097, 1.1926, 1.1755, 1.1585, 1.1593, 1.177, 1.1602, 1.1268, 1.0938, 1.0613, 1.0292, 0.9976, 0.9938100000000001]
[-1.0362, -0.96435, -0.86472, -0.73816, -0.63699, -0.53867, -0.4446, -0.32842, -0.24425, -0.13212000000000002, -0.032865, 0.07270700000000001, 0.16092, 0.22519, 0.31544, 0.41618999999999995, 0.44916000000000006, 0.52674, 0.56543, 0.64879, 0.72752, 0.76764, 0.83711, 0.90215, 0.95601, 1.0331, 1.0115, 1.0432, 1.0415, 1.079, 1.1115, 1.1445, 1.1611, 1.1779, 1.2116, 1.1762, 1.1932]
[-1.1259, -1.0362, -0.96435, -0.86472, -0.73816, -0.63699, -0.53867, -0.4446, -0.32842, -0.24425, -0.13212000000000002, -0.032865, 0.07270700000000001, 0.16092, 0.22519, 0.31544, 0.41618999999999995, 0.44916000000000006, 0.52674, 0.56543, 0.64879, 0.72752, 0.76764, 0.83711, 0.90215, 0.95601, 1.0331, 1.0115, 1.0432, 1.0415, 1.079, 1.1115, 1.1445, 1.1611, 1.1779, 1.2116, 1.1762]
[-1.2143, -1.1259, -1.0362, -0.96435, -0.86472, -0.73816, -0.63699, -0.53867, -0.4446, -0.32842, -0.24425, -0.13212000000000002, -0.032865, 0.07270700000000001, 0.16092, 0.22519, 0.31544, 0.41618999999999995, 0.44916000000000006, 0.52674, 0.56543, 0.64879, 0.72752, 0.76764, 0.83711, 0.90215, 0.95601, 1.0331, 1.0115, 1.0432, 1.0415, 1.079, 1.1115, 1.1445, 1.1611, 1.1779, 1.2116]
[-1.3025, -1.2143, -1.1259, -1.0362, -0.96435, -0.86472, -0.73816, -0.63699, -0.53867, -0.4446, -0.32842, -0.24425, -0.13212000000000002, -0.032865, 0.07270700000000001, 0.16092, 0.22519, 0.31544, 0.41618999999999995, 0.44916000000000006, 0.52674, 0.56543, 0.64879, 0.72752, 0.76764, 0.83711, 0.90215, 0.95601, 1.0331, 1.0115, 1.0432, 1.0415, 1.079, 1.1115, 1.1445, 1.1611, 1.1779]
[-1.2862, -1.167, -1.0559, -0.93114, -0.80689, -0.66065, -0.51888, -0.39763000000000004, -0.28192, -0.14891, -0.081496, 0.026057999999999998, 0.14394, 0.27042, 0.4053, 0.49581000000000003, 0.59637, 0.6488, 0.76253, 0.82694, 0.81833, 0.88639, 0.88885, 0.9485399999999999, 0.95219, 0.98126, 1.004, 1.0081, 1.0064, 0.94475, 0.8618299999999999, 0.77679, 0.78496, 0.78496, 0.77244, 0.76042, 0.81389, 0.8699399999999999, 0.89236]
[-1.3253, -1.2862, -1.167, -1.0559, -0.93114, -0.80689, -0.66065, -0.51888, -0.39763000000000004, -0.28192, -0.14891, -0.081496, 0.026057999999999998, 0.14394, 0.27042, 0.4053, 0.49581000000000003, 0.59637, 0.6488, 0.76253, 0.82694, 0.81833, 0.88639, 0.88885, 0.9485399999999999, 0.95219, 0.98126, 1.004, 1.0081, 1.0064, 0.94475, 0.8618299999999999, 0.77679, 0.78496, 0.78496, 0.77244, 0.76042, 0.81389, 0.8699399999999999]
[-2.1765, -2.0964, -2.0538, -1.9980000000000002, -1.9039, -1.8253, -1.7942, -1.7251, -1.6521, -1.5281, -1.4444, -1.3253, -1.2862, -1.167, -1.0559, -0.93114, -0.80689, -0.66065, -0.51888, -0.39763000000000004, -0.28192, -0.14891, -0.081496, 0.026057999999999998, 0.14394, 0.27042, 0.4053, 0.49581000000000003, 0.59637, 0.6488, 0.76253, 0.82694, 0.81833, 0.88639, 0.88885, 0.9485399999999999, 0.95219, 0.98126, 1.004, 1.0081, 1.0064, 0.94475, 0.8618299999999999, 0.77679, 0.78496, 0.78496, 0.77244, 0.76042, 0.81389, 0.8699399999999999, 0.89236, 0.93775]
[-2.1855, -2.1765, -2.0964, -2.0538, -1.9980000000000002, -1.9039, -1.8253, -1.7942, -1.7251, -1.6521, -1.5281, -1.4444, -1.3253, -1.2862, -1.167, -1.0559, -0.93114, -0.80689, -0.66065, -0.51888, -0.39763000000000004, -0.28192, -0.14891, -0.081496, 0.026057999999999998, 0.14394, 0.27042, 0.4053, 0.49581000000000003, 0.59637, 0.6488, 0.76253, 0.82694, 0.81833, 0.88639, 0.88885, 0.9485399999999999, 0.95219, 0.98126, 1.004, 1.0081, 1.0064, 0.94475, 0.8618299999999999, 0.77679, 0.78496, 0.78496, 0.77244, 0.76042, 0.81389, 0.8699399999999999, 0.89236]
[-2.0461, -1.9791, -1.8481, -1.7501, -1.7209999999999999, -1.639, -1.5723, -1.5151, -1.4453, -1.3163, -1.1141, -1.0068, -0.9373100000000001, -0.80272, -0.66427, -0.55198, -0.49891, -0.39321999999999996, -0.32023, -0.27755, -0.29327, -0.28456, -0.21511, -0.11972000000000001, -0.007773, -0.007803, 0.001173, 0.042791, 0.12987, 0.26578, 0.46953, 0.56807, 0.7356199999999999, 0.79489, 0.97651, 1.2212, 1.3026, 1.376, 1.4751, 1.4791, 1.4598, 1.5072, 1.5041, 1.6392, 1.5971, 1.6107, 1.5963, 1.6554, 1.5259, 1.4933, 1.4726, 1.4285, 1.4578, 1.3431, 1.2843, 1.0418, 0.8516100000000001, 0.75234, 0.71785, 0.6139899999999999, 0.47822, 0.369, 0.29495, 0.21519000000000002, 0.34663, 0.44653999999999994, 0.552, 0.5845100000000001, 0.65794, 0.65484, 0.7721600000000001, 0.8547799999999999, 0.89471, 0.75835, 0.6030300000000001, 0.48946000000000006, 0.23381, -0.051114, -0.22541, -0.34994000000000003, -0.5433399999999999, -0.7116, -0.77473, -0.82642, -0.92625, -0.92866, -0.92924, -0.88345, -0.9772299999999999, -1.0607, -1.0136, -1.0042, -1.0042, -0.9932799999999999, -0.9829200000000001, -0.88151, -0.82899, -0.72033, -0.6141800000000001, -0.50317, -0.39854, -0.12961, 0.000206, 0.1337, 0.20177, 0.40608, 0.58053, 0.72159, 0.7914800000000001, 0.74843]
[0.15169000000000002, 0.019096000000000002, 0.00041799999999999997, -0.1789, -0.25999, -0.37406, -0.47328000000000003, -0.61724, -0.76147, -0.85734, -0.90355, -1.071, -1.0726, -1.0696, -1.0712, -0.9876299999999999, -0.9847899999999999, -0.9743, -1.0084, -0.9663200000000001, -0.9073, -0.8437600000000001, -0.7783, -0.7225699999999999, -0.6921, -0.56918, -0.46648, -0.40198, -0.26824000000000003, -0.16172999999999998, 0.090545, 0.20390999999999998, 0.48443, 0.78276, 1.0079, 0.96906, 0.9284399999999999, 0.78874, 0.6864899999999999, 0.6602600000000001, 0.6006199999999999, 0.59705, 0.60345, 0.74488, 0.7056899999999999, 0.78135, 0.83916, 0.83176, 0.8491799999999999, 0.9279299999999999, 0.9862200000000001, 1.0959999999999999, 1.1497, 1.2683, 1.3107, 1.3497, 1.3679, 1.4669, 1.3769, 1.3469, 1.3678, 1.3422, 1.3777, 1.3259, 1.3152, 1.2441, 1.1624, 1.0751, 0.94175, 0.8625200000000001, 0.7623800000000001, 0.71667, 0.56584, 0.49755, 0.37244, 0.17853]
[0.251, 0.15169000000000002, 0.019096000000000002, 0.00041799999999999997, -0.1789, -0.25999, -0.37406, -0.47328000000000003, -0.61724, -0.76147, -0.85734, -0.90355, -1.071, -1.0726, -1.0696, -1.0712, -0.9876299999999999, -0.9847899999999999, -0.9743, -1.0084, -0.9663200000000001, -0.9073, -0.8437600000000001, -0.7783, -0.7225699999999999, -0.6921, -0.56918, -0.46648, -0.40198, -0.26824000000000003, -0.16172999999999998, 0.090545, 0.20390999999999998, 0.48443, 0.78276, 1.0079, 0.96906, 0.9284399999999999, 0.78874, 0.6864899999999999, 0.6602600000000001, 0.6006199999999999, 0.59705, 0.60345, 0.74488, 0.7056899999999999, 0.78135, 0.83916, 0.83176, 0.8491799999999999, 0.9279299999999999, 0.9862200000000001, 1.0959999999999999, 1.1497, 1.2683, 1.3107, 1.3497, 1.3679, 1.4669, 1.3769, 1.3469, 1.3678, 1.3422, 1.3777, 1.3259, 1.3152, 1.2441, 1.1624, 1.0751, 0.94175, 0.8625200000000001, 0.7623800000000001, 0.71667, 0.56584, 0.49755, 0.37244]
[-0.16115, -0.10272, -0.043738, 0.00036899999999999997, 0.090415, 0.16915, 0.2598, 0.31438, 0.32153000000000004, 0.40626999999999996, 0.46583, 0.55807, 0.60819, 0.69194, 0.7639100000000001, 0.78584, 0.81767, 0.86767, 0.8836299999999999, 0.9156700000000001, 0.9156700000000001, 0.93173, 0.9800700000000001, 0.96393, 0.96393, 0.98006, 0.98006, 0.96393, 0.96396, 0.96396, 0.96393, 0.96396, 0.96401, 0.96401, 0.94794, 0.94794, 0.93191, 0.9157700000000001, 0.8836299999999999]
[-0.20265999999999998, -0.16115, -0.10272, -0.043738, 0.00036899999999999997, 0.090415, 0.16915, 0.2598, 0.31438, 0.32153000000000004, 0.40626999999999996, 0.46583, 0.55807, 0.60819, 0.69194, 0.7639100000000001, 0.78584, 0.81767, 0.86767, 0.8836299999999999, 0.9156700000000001, 0.9156700000000001, 0.93173, 0.9800700000000001, 0.96393, 0.96393, 0.98006, 0.98006, 0.96393, 0.96396, 0.96396, 0.96393, 0.96396, 0.96401, 0.96401, 0.94794, 0.94794, 0.93191, 0.9157700000000001]
[-0.21499000000000001, -0.20265999999999998, -0.16115, -0.10272, -0.043738, 0.00036899999999999997, 0.090415, 0.16915, 0.2598, 0.31438, 0.32153000000000004, 0.40626999999999996, 0.46583, 0.55807, 0.60819, 0.69194, 0.7639100000000001, 0.78584, 0.81767, 0.86767, 0.8836299999999999, 0.9156700000000001, 0.9156700000000001, 0.93173, 0.9800700000000001, 0.96393, 0.96393, 0.98006, 0.98006, 0.96393, 0.96396, 0.96396, 0.96393, 0.96396, 0.96401, 0.96401, 0.94794, 0.94794, 0.93191]
[-0.30709000000000003, -0.21499000000000001, -0.20265999999999998, -0.16115, -0.10272, -0.043738, 0.00036899999999999997, 0.090415, 0.16915, 0.2598, 0.31438, 0.32153000000000004, 0.40626999999999996, 0.46583, 0.55807, 0.60819, 0.69194, 0.7639100000000001, 0.78584, 0.81767, 0.86767, 0.8836299999999999, 0.9156700000000001, 0.9156700000000001, 0.93173, 0.9800700000000001, 0.96393, 0.96393, 0.98006, 0.98006, 0.96393, 0.96396, 0.96396, 0.96393, 0.96396, 0.96401, 0.96401, 0.94794, 0.94794]
[-0.36022, -0.30709000000000003, -0.21499000000000001, -0.20265999999999998, -0.16115, -0.10272, -0.043738, 0.00036899999999999997, 0.090415, 0.16915, 0.2598, 0.31438, 0.32153000000000004, 0.40626999999999996, 0.46583, 0.55807, 0.60819, 0.69194, 0.7639100000000001, 0.78584, 0.81767, 0.86767, 0.8836299999999999, 0.9156700000000001, 0.9156700000000001, 0.93173, 0.9800700000000001, 0.96393, 0.96393, 0.98006, 0.98006, 0.96393, 0.96396, 0.96396, 0.96393, 0.96396, 0.96401, 0.96401, 0.94794]
[-0.6842699999999999, -0.6260100000000001, -0.51769, -0.43125, -0.36022, -0.30709000000000003, -0.21499000000000001, -0.20265999999999998, -0.16115, -0.10272, -0.043738, 0.00036899999999999997, 0.090415, 0.16915, 0.2598, 0.31438, 0.32153000000000004, 0.40626999999999996, 0.46583, 0.55807, 0.60819, 0.69194, 0.7639100000000001, 0.78584, 0.81767, 0.86767, 0.8836299999999999, 0.9156700000000001, 0.9156700000000001, 0.93173, 0.9800700000000001, 0.96393, 0.96393, 0.98006, 0.98006, 0.96393, 0.96396, 0.96396, 0.96393, 0.96396, 0.96401, 0.96401, 0.94794, 0.94794, 0.93191, 0.9157700000000001, 0.8836299999999999, 0.8997700000000001]
[-1.1383, -1.0377, -0.9618700000000001, -0.87676, -0.79897, -0.6842699999999999, -0.6260100000000001, -0.51769, -0.43125, -0.36022, -0.30709000000000003, -0.21499000000000001, -0.20265999999999998, -0.16115, -0.10272, -0.043738, 0.00036899999999999997, 0.090415, 0.16915, 0.2598, 0.31438, 0.32153000000000004, 0.40626999999999996, 0.46583, 0.55807, 0.60819, 0.69194, 0.7639100000000001, 0.78584, 0.81767, 0.86767, 0.8836299999999999, 0.9156700000000001, 0.9156700000000001, 0.93173, 0.9800700000000001, 0.96393, 0.96393, 0.98006, 0.98006, 0.96393, 0.96396, 0.96396, 0.96393, 0.96396, 0.96401, 0.96401, 0.94794, 0.94794, 0.93191, 0.9157700000000001, 0.8836299999999999, 0.8997700000000001, 0.9641799999999999]
[0.83754, 0.8531700000000001, 0.8849899999999999, 0.90075, 0.90075, 0.9485399999999999, 0.9485399999999999, 0.93243, 0.96446, 0.94835, 0.94835, 0.94835, 0.96431, 0.91609, 0.93205, 0.9481799999999999, 0.99635, 0.99635, 1.0285, 0.99635, 0.9802200000000001, 0.9641799999999999, 0.9802200000000001, 0.9802200000000001, 0.94794, 0.9640799999999999, 0.98015, 0.98015, 1.0124, 0.98015, 0.98015, 0.98015, 1.0285, 1.0285, 0.99621, 0.9800700000000001, 0.9800700000000001, 0.9478200000000001, 0.8995, 0.86598, 0.79686, 0.7613300000000001, 0.71758, 0.67119, 0.59841, 0.5946199999999999, 0.5109100000000001, 0.4227, 0.31277, 0.24288, 0.18262, 0.090645, 0.075816, 0.013309999999999999, -0.046393000000000004, -0.10324000000000001, -0.11589, -0.15284, -0.23525, -0.33197, -0.40124, -0.5050100000000001, -0.59054, -0.71138, -0.80283, -0.9023200000000001, -0.9804, -1.0653, -1.1427, -1.2444, -1.3027, -1.3466, -1.3652, -1.3916, -1.4132, -1.4169, -1.403, -1.3971, -1.3969, -1.3797, -1.3432, -1.3457, -1.3546, -1.3366, -1.3566, -1.3759, -1.3978, -1.4118, -1.4524, -1.4604, -1.4644, -1.4496, -1.3719, -1.3179, -1.2912, -1.2015, -1.1383, -1.0377, -0.9618700000000001, -0.87676, -0.79897]
[-0.9084200000000001, -0.81452, -0.72572, -0.67566, -0.58039, -0.4835, -0.40651, -0.34736, -0.25709, -0.16689, -0.07207100000000001, 0.011309999999999999, 0.071276, 0.14767, 0.21809, 0.29644000000000004, 0.31728, 0.38827, 0.45433999999999997, 0.5342100000000001, 0.5803699999999999, 0.59901, 0.68289, 0.7083699999999999, 0.78325, 0.7494, 0.80913, 0.8478600000000001, 0.92785, 0.91886, 0.93953, 0.94383, 0.9765299999999999, 0.9765299999999999, 0.99129, 1.0081, 1.0237]
[-0.98264, -0.9084200000000001, -0.81452, -0.72572, -0.67566, -0.58039, -0.4835, -0.40651, -0.34736, -0.25709, -0.16689, -0.07207100000000001, 0.011309999999999999, 0.071276, 0.14767, 0.21809, 0.29644000000000004, 0.31728, 0.38827, 0.45433999999999997, 0.5342100000000001, 0.5803699999999999, 0.59901, 0.68289, 0.7083699999999999, 0.78325, 0.7494, 0.80913, 0.8478600000000001, 0.92785, 0.91886, 0.93953, 0.94383, 0.9765299999999999, 0.9765299999999999, 0.99129, 1.0081]
[-1.013, -0.98264, -0.9084200000000001, -0.81452, -0.72572, -0.67566, -0.58039, -0.4835, -0.40651, -0.34736, -0.25709, -0.16689, -0.07207100000000001, 0.011309999999999999, 0.071276, 0.14767, 0.21809, 0.29644000000000004, 0.31728, 0.38827, 0.45433999999999997, 0.5342100000000001, 0.5803699999999999, 0.59901, 0.68289, 0.7083699999999999, 0.78325, 0.7494, 0.80913, 0.8478600000000001, 0.92785, 0.91886, 0.93953, 0.94383, 0.9765299999999999, 0.9765299999999999, 0.99129]
[0.17819000000000002, 0.22749, 0.2768, 0.39004, 0.41841000000000006, 0.48022, 0.55086, 0.65298, 0.71555, 0.7677, 0.82352, 0.8756, 0.9241799999999999, 0.96946, 1.0144, 1.0511, 1.1173, 1.1497, 1.1659, 1.1659, 1.166, 1.2146, 1.2146, 1.2147, 1.2471, 1.1985, 1.2147, 1.2147, 1.2147, 1.1986, 1.2309, 1.2148, 1.2309999999999999, 1.1826, 1.1826, 1.1666, 1.215, 1.199, 1.1348]
[0.1301, 0.17819000000000002, 0.22749, 0.2768, 0.39004, 0.41841000000000006, 0.48022, 0.55086, 0.65298, 0.71555, 0.7677, 0.82352, 0.8756, 0.9241799999999999, 0.96946, 1.0144, 1.0511, 1.1173, 1.1497, 1.1659, 1.1659, 1.166, 1.2146, 1.2146, 1.2147, 1.2471, 1.1985, 1.2147, 1.2147, 1.2147, 1.1986, 1.2309, 1.2148, 1.2309999999999999, 1.1826, 1.1826, 1.1666, 1.215, 1.199]
[-0.24783000000000002, -0.13733, -0.040935, 0.075349, 0.16913, 0.21270999999999998, 0.29464, 0.40275, 0.4745, 0.54102, 0.57097, 0.6432899999999999, 0.74269, 0.80585, 0.86462, 0.87634, 0.92243, 0.93273, 0.9670799999999999, 0.99687, 0.99575, 1.0109, 1.0415, 1.0569, 1.1041, 1.1197, 1.1036, 1.0874, 1.1031, 1.0869, 1.1027, 1.1027, 1.1186, 1.1186, 1.1345]
[0.019517, 0.1301, 0.17819000000000002, 0.22749, 0.2768, 0.39004, 0.41841000000000006, 0.48022, 0.55086, 0.65298, 0.71555, 0.7677, 0.82352, 0.8756, 0.9241799999999999, 0.96946, 1.0144, 1.0511, 1.1173, 1.1497, 1.1659, 1.1659, 1.166, 1.2146, 1.2146, 1.2147, 1.2471, 1.1985, 1.2147, 1.2147, 1.2147, 1.1986, 1.2309, 1.2148, 1.2309999999999999, 1.1826, 1.1826, 1.1666, 1.215]
[-0.025308, 0.019517, 0.1301, 0.17819000000000002, 0.22749, 0.2768, 0.39004, 0.41841000000000006, 0.48022, 0.55086, 0.65298, 0.71555, 0.7677, 0.82352, 0.8756, 0.9241799999999999, 0.96946, 1.0144, 1.0511, 1.1173, 1.1497, 1.1659, 1.1659, 1.166, 1.2146, 1.2146, 1.2147, 1.2471, 1.1985, 1.2147, 1.2147, 1.2147, 1.1986, 1.2309, 1.2148, 1.2309999999999999, 1.1826, 1.1826, 1.1666]
[-0.036336, -0.025308, 0.019517, 0.1301, 0.17819000000000002, 0.22749, 0.2768, 0.39004, 0.41841000000000006, 0.48022, 0.55086, 0.65298, 0.71555, 0.7677, 0.82352, 0.8756, 0.9241799999999999, 0.96946, 1.0144, 1.0511, 1.1173, 1.1497, 1.1659, 1.1659, 1.166, 1.2146, 1.2146, 1.2147, 1.2471, 1.1985, 1.2147, 1.2147, 1.2147, 1.1986, 1.2309, 1.2148, 1.2309999999999999, 1.1826, 1.1826]
[-0.49833, -0.41989, -0.33509, -0.26682, -0.23096999999999998, -0.19498, -0.14003, -0.1011, -0.07821399999999999, -0.036336, -0.025308, 0.019517, 0.1301, 0.17819000000000002, 0.22749, 0.2768, 0.39004, 0.41841000000000006, 0.48022, 0.55086, 0.65298, 0.71555, 0.7677, 0.82352, 0.8756, 0.9241799999999999, 0.96946, 1.0144, 1.0511, 1.1173, 1.1497, 1.1659, 1.1659, 1.166, 1.2146, 1.2146, 1.2147, 1.2471, 1.1985, 1.2147, 1.2147, 1.2147, 1.1986, 1.2309, 1.2148, 1.2309999999999999, 1.1826, 1.1826, 1.1666, 1.215, 1.199, 1.1348]
[-0.55695, -0.49833, -0.41989, -0.33509, -0.26682, -0.23096999999999998, -0.19498, -0.14003, -0.1011, -0.07821399999999999, -0.036336, -0.025308, 0.019517, 0.1301, 0.17819000000000002, 0.22749, 0.2768, 0.39004, 0.41841000000000006, 0.48022, 0.55086, 0.65298, 0.71555, 0.7677, 0.82352, 0.8756, 0.9241799999999999, 0.96946, 1.0144, 1.0511, 1.1173, 1.1497, 1.1659, 1.1659, 1.166, 1.2146, 1.2146, 1.2147, 1.2471, 1.1985, 1.2147, 1.2147, 1.2147, 1.1986, 1.2309, 1.2148, 1.2309999999999999, 1.1826, 1.1826, 1.1666, 1.215, 1.199, 1.1348, 1.1348]
[-0.65235, -0.55695, -0.49833, -0.41989, -0.33509, -0.26682, -0.23096999999999998, -0.19498, -0.14003, -0.1011, -0.07821399999999999, -0.036336, -0.025308, 0.019517, 0.1301, 0.17819000000000002, 0.22749, 0.2768, 0.39004, 0.41841000000000006, 0.48022, 0.55086, 0.65298, 0.71555, 0.7677, 0.82352, 0.8756, 0.9241799999999999, 0.96946, 1.0144, 1.0511, 1.1173, 1.1497, 1.1659, 1.1659, 1.166, 1.2146, 1.2146, 1.2147, 1.2471, 1.1985, 1.2147, 1.2147, 1.2147, 1.1986, 1.2309, 1.2148, 1.2309999999999999, 1.1826, 1.1826, 1.1666, 1.215, 1.199, 1.1348]
[-1.4765, -1.4054, -1.3294, -1.2453, -1.1585, -1.0621, -0.96747, -0.86775, -0.7680899999999999, -0.67201, -0.55913, -0.4471, -0.33153, -0.24783000000000002, -0.13733, -0.040935, 0.075349, 0.16913, 0.21270999999999998, 0.29464, 0.40275, 0.4745, 0.54102, 0.57097, 0.6432899999999999, 0.74269, 0.80585, 0.86462, 0.87634, 0.92243, 0.93273, 0.9670799999999999, 0.99687, 0.99575, 1.0109, 1.0415, 1.0569]
[-1.1706, -1.205, -1.2204, -1.2153, -1.2296, -1.222, -1.19, -1.1586, -1.1433, -1.1116, -1.1052, -1.0821, -1.0849, -1.0575, -1.1038, -1.0828, -1.0789, -1.1011, -1.1399, -1.1568, -1.147, -1.16, -1.1709, -1.1798, -1.187, -1.1927, -1.1771, -1.1420000000000001, -1.1301, -1.0657, -1.001, -0.89812, -0.85146, -0.77367, -0.71281, -0.65235, -0.55695, -0.49833, -0.41989, -0.33509, -0.26682, -0.23096999999999998, -0.19498, -0.14003, -0.1011, -0.07821399999999999, -0.036336, -0.025308, 0.019517, 0.1301, 0.17819000000000002, 0.22749, 0.2768, 0.39004, 0.41841000000000006, 0.48022, 0.55086, 0.65298, 0.71555, 0.7677, 0.82352, 0.8756, 0.9241799999999999, 0.96946, 1.0144, 1.0511, 1.1173, 1.1497, 1.1659, 1.1659, 1.166, 1.2146, 1.2146, 1.2147, 1.2471, 1.1985, 1.2147, 1.2147, 1.2147, 1.1986, 1.2309, 1.2148, 1.2309999999999999, 1.1826, 1.1826, 1.1666, 1.215, 1.199, 1.1348, 1.1348, 1.1189, 1.1351, 1.1031, 1.1036, 1.0879, 1.0569, 1.0099, 0.97957, 0.93473, 0.8953]
[-1.1181, -1.1706, -1.205, -1.2204, -1.2153, -1.2296, -1.222, -1.19, -1.1586, -1.1433, -1.1116, -1.1052, -1.0821, -1.0849, -1.0575, -1.1038, -1.0828, -1.0789, -1.1011, -1.1399, -1.1568, -1.147, -1.16, -1.1709, -1.1798, -1.187, -1.1927, -1.1771, -1.1420000000000001, -1.1301, -1.0657, -1.001, -0.89812, -0.85146, -0.77367, -0.71281, -0.65235, -0.55695, -0.49833, -0.41989, -0.33509, -0.26682, -0.23096999999999998, -0.19498, -0.14003, -0.1011, -0.07821399999999999, -0.036336, -0.025308, 0.019517, 0.1301, 0.17819000000000002, 0.22749, 0.2768, 0.39004, 0.41841000000000006, 0.48022, 0.55086, 0.65298, 0.71555, 0.7677, 0.82352, 0.8756, 0.9241799999999999, 0.96946, 1.0144, 1.0511, 1.1173, 1.1497, 1.1659, 1.1659, 1.166, 1.2146, 1.2146, 1.2147, 1.2471, 1.1985, 1.2147, 1.2147, 1.2147, 1.1986, 1.2309, 1.2148, 1.2309999999999999, 1.1826, 1.1826, 1.1666, 1.215, 1.199, 1.1348, 1.1348, 1.1189, 1.1351, 1.1031, 1.1036, 1.0879, 1.0569, 1.0099, 0.97957, 0.93473]
[-1.0559, -1.1181, -1.1706, -1.205, -1.2204, -1.2153, -1.2296, -1.222, -1.19, -1.1586, -1.1433, -1.1116, -1.1052, -1.0821, -1.0849, -1.0575, -1.1038, -1.0828, -1.0789, -1.1011, -1.1399, -1.1568, -1.147, -1.16, -1.1709, -1.1798, -1.187, -1.1927, -1.1771, -1.1420000000000001, -1.1301, -1.0657, -1.001, -0.89812, -0.85146, -0.77367, -0.71281, -0.65235, -0.55695, -0.49833, -0.41989, -0.33509, -0.26682, -0.23096999999999998, -0.19498, -0.14003, -0.1011, -0.07821399999999999, -0.036336, -0.025308, 0.019517, 0.1301, 0.17819000000000002, 0.22749, 0.2768, 0.39004, 0.41841000000000006, 0.48022, 0.55086, 0.65298, 0.71555, 0.7677, 0.82352, 0.8756, 0.9241799999999999, 0.96946, 1.0144, 1.0511, 1.1173, 1.1497, 1.1659, 1.1659, 1.166, 1.2146, 1.2146, 1.2147, 1.2471, 1.1985, 1.2147, 1.2147, 1.2147, 1.1986, 1.2309, 1.2148, 1.2309999999999999, 1.1826, 1.1826, 1.1666, 1.215, 1.199, 1.1348, 1.1348, 1.1189, 1.1351, 1.1031, 1.1036, 1.0879, 1.0569, 1.0099, 0.97957]
[1.2957, 1.3288, 1.3991, 1.3796, 1.3846, 1.3701, 1.3554, 1.3554, 1.3259999999999998, 1.3407, 1.3111, 1.3258, 1.3406, 1.3406, 1.3256, 1.2954, 1.2494, 1.2036, 1.1565, 1.0942, 1.0637, 1.0633, 1.0608, 1.0278, 0.97654, 0.87698, 0.85706, 0.81825, 0.77747, 0.75012, 0.67729, 0.65947, 0.5958, 0.53683, 0.42383999999999994, 0.38194, 0.31453000000000003, 0.26271, 0.22033000000000003, 0.13715]
[0.11828, 0.17305, 0.21871999999999997, 0.26450999999999997, 0.30415, 0.4025, 0.45629, 0.42987, 0.36596, 0.28557, 0.29425, 0.16035, -0.027859, -0.083714, -0.09579, -0.084499, -0.039612, -0.003822, -0.007540000000000001, -0.023495, -0.04079, 0.025179, 0.036493, 0.11767999999999999, 0.16587000000000002, 0.18362, 0.15813, 0.10611, 0.010794, -0.042845, -0.093135, -0.11796, -0.24754, -0.3704, -0.47200000000000003, -0.5514899999999999, -0.67085, -0.7790699999999999, -0.88321, -0.8881, -0.9586899999999999, -0.96688, -1.0074, -1.01, -1.0447, -1.0154, -0.97954, -0.98136, -0.91135, -0.90851, -0.89755, -0.91625, -0.87589, -0.7512, -0.60728, -0.45563000000000003, -0.35867, -0.18337, 0.006753, 0.2029, 0.32704, 0.45519, 0.53622, 0.64917, 0.65991, 0.57591, 0.58382, 0.56067, 0.50879, 0.43754, 0.44161000000000006, 0.45078999999999997, 0.48546000000000006, 0.55372, 0.70881, 0.82389, 0.88375, 0.9378700000000001, 1.1059999999999999, 1.1872, 1.2963, 1.3139, 1.4308, 1.4483, 1.4703, 1.5061, 1.5498, 1.6157, 1.7146, 1.7804, 1.7565, 1.7657, 1.7398, 1.7167, 1.7590000000000001, 1.743, 1.7255, 1.6917, 1.6767, 1.5029, 1.3191, 1.1763, 1.0793, 0.9624299999999999, 0.81486, 0.6096, 0.53678, 0.40754, 0.3343, 0.2725, 0.28276999999999997, 0.28208, 0.17836, 0.10987000000000001, 0.04566, -0.033216, -0.11130999999999999, -0.21806999999999999, -0.2743, -0.43895]
[-0.01105, 0.11828, 0.17305, 0.21871999999999997, 0.26450999999999997, 0.30415, 0.4025, 0.45629, 0.42987, 0.36596, 0.28557, 0.29425, 0.16035, -0.027859, -0.083714, -0.09579, -0.084499, -0.039612, -0.003822, -0.007540000000000001, -0.023495, -0.04079, 0.025179, 0.036493, 0.11767999999999999, 0.16587000000000002, 0.18362, 0.15813, 0.10611, 0.010794, -0.042845, -0.093135, -0.11796, -0.24754, -0.3704, -0.47200000000000003, -0.5514899999999999, -0.67085, -0.7790699999999999, -0.88321, -0.8881, -0.9586899999999999, -0.96688, -1.0074, -1.01, -1.0447, -1.0154, -0.97954, -0.98136, -0.91135, -0.90851, -0.89755, -0.91625, -0.87589, -0.7512, -0.60728, -0.45563000000000003, -0.35867, -0.18337, 0.006753, 0.2029, 0.32704, 0.45519, 0.53622, 0.64917, 0.65991, 0.57591, 0.58382, 0.56067, 0.50879, 0.43754, 0.44161000000000006, 0.45078999999999997, 0.48546000000000006, 0.55372, 0.70881, 0.82389, 0.88375, 0.9378700000000001, 1.1059999999999999, 1.1872, 1.2963, 1.3139, 1.4308, 1.4483, 1.4703, 1.5061, 1.5498, 1.6157, 1.7146, 1.7804, 1.7565, 1.7657, 1.7398, 1.7167, 1.7590000000000001, 1.743, 1.7255, 1.6917, 1.6767, 1.5029, 1.3191, 1.1763, 1.0793, 0.9624299999999999, 0.81486, 0.6096, 0.53678, 0.40754, 0.3343, 0.2725, 0.28276999999999997, 0.28208, 0.17836, 0.10987000000000001, 0.04566, -0.033216, -0.11130999999999999, -0.21806999999999999, -0.2743]
[0.6139899999999999, 0.7502300000000001, 0.85288, 0.90009, 0.99097, 1.1572, 1.2491, 1.2913, 1.3336, 1.3351, 1.3868, 1.4592, 1.5306, 1.5262, 1.4988, 1.4988, 1.4905, 1.4593, 1.4202, 1.4125, 1.2811, 1.2558, 1.2216, 1.1988, 1.224, 1.1011, 1.0345, 0.9869899999999999, 0.85421, 0.70118, 0.5870000000000001, 0.5122899999999999, 0.36872, 0.28263, 0.19555999999999998, 0.13444, 0.074892, 0.06397, 0.10803, 0.18344000000000002, 0.20756999999999998, 0.2589, 0.34719, 0.3746, 0.4014, 0.27663000000000004, 0.04215, -0.12232, -0.19408, -0.28924, -0.40931, -0.54916, -0.56101, -0.64388, -0.66138, -0.70643, -0.7432300000000001, -0.81442, -0.84806, -0.84675, -0.88002, -0.9111, -0.9082600000000001, -0.87746]
[-0.73647, -0.67407, -0.61011, -0.49261000000000005, -0.42605, -0.31227, -0.24356, -0.14926, -0.078193, -0.033527999999999995, 0.10209, 0.17590999999999998, 0.28595, 0.36085, 0.42423, 0.52377, 0.5817899999999999, 0.70818, 0.7169300000000001, 0.8344, 0.8816799999999999, 0.9457, 1.0091, 1.0685, 1.1632, 1.1981, 1.2813, 1.3317, 1.3807, 1.4098, 1.3904, 1.4164, 1.3902, 1.3977, 1.4001, 1.3969999999999998, 1.4308]
[-1.5066, -1.3876, -1.2582, -1.0842, -1.0121, -0.86162, -0.6911, -0.52246, -0.35838000000000003, -0.195, -0.043124, 0.10790999999999999, 0.27143, 0.42631, 0.57182, 0.6884600000000001, 0.8537, 0.9593200000000001, 1.0682, 1.1314, 1.2254, 1.3138, 1.3572, 1.3758, 1.389, 1.4232, 1.4565, 1.4869999999999999, 1.4817, 1.4614, 1.4764, 1.4904, 1.4909, 1.4197, 1.4102, 1.3230000000000002, 1.2928, 1.2448, 1.1882, 1.0695, 1.0308, 1.0308, 1.0308, 1.0695]
[-0.15592999999999999, -0.12971, -0.10156, -0.027874, 0.024353, 0.069388, 0.18503, 0.29824, 0.40776999999999997, 0.53001, 0.5996199999999999, 0.68361, 0.75312, 0.81525, 0.89241, 0.94158, 0.94394, 1.0041, 1.055, 1.0845, 1.1266, 1.1649, 1.2009, 1.1648, 1.1829, 1.1829, 1.1649, 1.1649, 1.183, 1.183, 1.1651, 1.2011, 1.2011, 1.1832, 1.2013, 1.2195, 1.1838, 1.1661, 1.1661]
[-0.16837, -0.15592999999999999, -0.12971, -0.10156, -0.027874, 0.024353, 0.069388, 0.18503, 0.29824, 0.40776999999999997, 0.53001, 0.5996199999999999, 0.68361, 0.75312, 0.81525, 0.89241, 0.94158, 0.94394, 1.0041, 1.055, 1.0845, 1.1266, 1.1649, 1.2009, 1.1648, 1.1829, 1.1829, 1.1649, 1.1649, 1.183, 1.183, 1.1651, 1.2011, 1.2011, 1.1832, 1.2013, 1.2195, 1.1838, 1.1661]
[-0.15018, -0.16837, -0.15592999999999999, -0.12971, -0.10156, -0.027874, 0.024353, 0.069388, 0.18503, 0.29824, 0.40776999999999997, 0.53001, 0.5996199999999999, 0.68361, 0.75312, 0.81525, 0.89241, 0.94158, 0.94394, 1.0041, 1.055, 1.0845, 1.1266, 1.1649, 1.2009, 1.1648, 1.1829, 1.1829, 1.1649, 1.1649, 1.183, 1.183, 1.1651, 1.2011, 1.2011, 1.1832, 1.2013, 1.2195, 1.1838]
[0.74943, 0.82068, 0.88738, 0.94263, 0.95455, 0.9654200000000001, 0.98535, 1.0178, 1.0507, 1.0325, 1.0491, 1.0659, 1.0827, 1.0997, 1.1167, 1.0986, 1.1157, 1.1148, 1.114, 1.1496, 1.1671, 1.1666, 1.1666, 1.1842, 1.1842, 1.202, 1.1838, 1.1838, 1.2016, 1.2195, 1.2195, 1.2374, 1.2013, 1.1832, 1.2011, 1.1829, 1.1431, 1.1195, 1.0728, 1.0407, 0.9818399999999999, 0.9167700000000001, 0.8672799999999999, 0.80634, 0.74288, 0.6895100000000001, 0.6269100000000001, 0.5091899999999999, 0.40051, 0.30459, 0.21075, 0.091428, 0.024993, -0.012015999999999999, -0.072326, -0.10067000000000001, -0.1109, -0.092711, -0.13744, -0.16229000000000002, -0.17412, -0.19055999999999998, -0.21186, -0.25425, -0.2946, -0.33682, -0.41691000000000006, -0.5162899999999999, -0.6090899999999999, -0.70067, -0.78999, -0.8794799999999999, -0.9503, -1.0419, -1.1033, -1.1442, -1.1626, -1.1815, -1.1747, -1.1286, -1.0874, -1.052, -0.9998, -0.9524600000000001, -0.8731899999999999, -0.83541, -0.75062]
[0.23726, 0.31616, 0.34806, 0.40838, 0.47835, 0.5352600000000001, 0.56315, 0.63642, 0.6964100000000001, 0.73088, 0.81329, 0.86379, 0.89164, 0.9176799999999999, 0.9903700000000001, 1.0094, 1.0787, 1.0971, 1.1468, 1.1791, 1.2114, 1.2597, 1.2757, 1.2916, 1.2916, 1.3235, 1.3237, 1.3864, 1.3864, 1.4329, 1.3863, 1.4017, 1.3862, 1.3708, 1.3708, 1.3553, 1.3243, 1.3399, 1.3090000000000002]
[0.14636, 0.23726, 0.31616, 0.34806, 0.40838, 0.47835, 0.5352600000000001, 0.56315, 0.63642, 0.6964100000000001, 0.73088, 0.81329, 0.86379, 0.89164, 0.9176799999999999, 0.9903700000000001, 1.0094, 1.0787, 1.0971, 1.1468, 1.1791, 1.2114, 1.2597, 1.2757, 1.2916, 1.2916, 1.3235, 1.3237, 1.3864, 1.3864, 1.4329, 1.3863, 1.4017, 1.3862, 1.3708, 1.3708, 1.3553, 1.3243, 1.3399]
[0.90885, 0.88582, 0.9554799999999999, 1.0242, 1.1218, 1.1421, 1.2541, 1.3109, 1.3873, 1.4347, 1.4347, 1.4069, 1.4266, 1.4667, 1.4869999999999999, 1.4312, 1.4033, 1.3957, 1.4372, 1.3812, 1.3742, 1.3607, 1.3308, 1.2683, 1.122, 1.0724, 0.9678100000000001, 0.9224600000000001, 0.88113, 0.80481, 0.69936, 0.6037600000000001, 0.54905, 0.47006000000000003, 0.38916999999999996, 0.35938000000000003, 0.25428, 0.17117000000000002, 0.13584000000000002, 0.14647000000000002, 0.18729, 0.20856999999999998, 0.24934, 0.32186, 0.34154, 0.38782, 0.18077000000000001, 0.12780999999999998, -0.035616, -0.12336, -0.20514000000000002, -0.36382, -0.48739, -0.50457, -0.54545, -0.61138, -0.6745800000000001, -0.73505, -0.74015, -0.73706, -0.7643399999999999, -0.78722, -0.8618600000000001, -0.85362]
[0.8781399999999999, 0.90885, 0.88582, 0.9554799999999999, 1.0242, 1.1218, 1.1421, 1.2541, 1.3109, 1.3873, 1.4347, 1.4347, 1.4069, 1.4266, 1.4667, 1.4869999999999999, 1.4312, 1.4033, 1.3957, 1.4372, 1.3812, 1.3742, 1.3607, 1.3308, 1.2683, 1.122, 1.0724, 0.9678100000000001, 0.9224600000000001, 0.88113, 0.80481, 0.69936, 0.6037600000000001, 0.54905, 0.47006000000000003, 0.38916999999999996, 0.35938000000000003, 0.25428, 0.17117000000000002, 0.13584000000000002, 0.14647000000000002, 0.18729, 0.20856999999999998, 0.24934, 0.32186, 0.34154, 0.38782, 0.18077000000000001, 0.12780999999999998, -0.035616, -0.12336, -0.20514000000000002, -0.36382, -0.48739, -0.50457, -0.54545, -0.61138, -0.6745800000000001, -0.73505, -0.74015, -0.73706, -0.7643399999999999]
[1.0926, 1.0917, 1.1065, 1.0755, 1.0903, 1.0903, 1.0898, 1.0743, 1.0589, 1.0739, 1.0586, 1.0737, 1.0583, 1.0583, 1.0735, 1.0735, 1.0582, 1.0734, 1.0582, 1.0583, 1.0583, 1.0586, 1.0435, 1.0439, 1.0411, 1.0035, 0.96459, 0.9910100000000001, 0.9656299999999999, 0.9233399999999999, 0.8952399999999999, 0.87292, 0.8273299999999999, 0.79611, 0.77927, 0.75483, 0.70519, 0.65969, 0.63379, 0.5723, 0.52156, 0.45145, 0.42108, 0.34236, 0.3029, 0.22609, 0.18531, 0.11450999999999999, 0.021887, -0.019686000000000002, -0.096679, -0.20235, -0.29578000000000004, -0.33553, -0.4464, -0.54098, -0.63908, -0.6854100000000001, -0.7801100000000001, -0.87728, -0.9234899999999999, -1.0109, -1.0898, -1.1646, -1.1987, -1.2494, -1.3084, -1.3473, -1.3725, -1.4188, -1.4624, -1.4689, -1.4803, -1.5047, -1.5113, -1.5136, -1.5163, -1.5005, -1.4979, -1.4956, -1.5047, -1.4956, -1.4841, -1.4639, -1.4488, -1.4024, -1.3776, -1.3394, -1.281, -1.2177, -1.1966, -1.1248, -1.0449, -0.97396, -0.9284, -0.8552299999999999]
[0.061322, 0.10764000000000001, 0.15295999999999998, 0.17172, 0.16446, 0.096416, 0.051628, 0.0044670000000000005, -0.016271, 0.021646000000000002, 0.039275, 0.10717, 0.17123, 0.1808, 0.16857, 0.2168, 0.06790700000000001, -0.001341, -0.046436, -0.109, -0.10032999999999999, -0.057235, 0.009273, 0.042834, 0.15658, 0.2162, 0.13926, 0.082039, 0.02862, -0.057602999999999994, -0.14151, -0.19039, -0.28514, -0.44503000000000004, -0.56304, -0.64253, -0.68069, -0.81465, -0.91294, -1.0058, -1.0642, -1.1005, -1.104, -1.051, -1.0242, -0.9656600000000001, -0.90422, -0.9339799999999999, -0.8690100000000001, -0.80097, -0.78708, -0.71278, -0.67443, -0.59541, -0.54175, -0.41476, -0.32085, -0.19033, -0.12007999999999999, 0.020869, 0.1934, 0.39455999999999997, 0.48917, 0.5228, 0.55169, 0.50151, 0.43351000000000006, 0.414, 0.34541, 0.27998, 0.33796, 0.40031, 0.50659, 0.6210100000000001, 0.6490199999999999, 0.80491, 0.85446, 1.0113, 1.1293, 1.1696, 1.2021, 1.2884, 1.3647, 1.4576, 1.4873, 1.5526, 1.5678, 1.5467, 1.5757, 1.5339, 1.5339, 1.5711, 1.5507, 1.4999, 1.5461, 1.5148, 1.4245, 1.3997, 1.3559999999999999, 1.2704, 1.2358, 1.1192, 1.018, 0.84441, 0.76265, 0.64695, 0.58123, 0.53766, 0.4692, 0.44968, 0.38199, 0.32564, 0.26566999999999996, 0.19679000000000002, 0.10404000000000001, 0.006369, -0.06680599999999999, -0.19182000000000002, -0.31782, -0.48446000000000006]
[0.01457, 0.061322, 0.10764000000000001, 0.15295999999999998, 0.17172, 0.16446, 0.096416, 0.051628, 0.0044670000000000005, -0.016271, 0.021646000000000002, 0.039275, 0.10717, 0.17123, 0.1808, 0.16857, 0.2168, 0.06790700000000001, -0.001341, -0.046436, -0.109, -0.10032999999999999, -0.057235, 0.009273, 0.042834, 0.15658, 0.2162, 0.13926, 0.082039, 0.02862, -0.057602999999999994, -0.14151, -0.19039, -0.28514, -0.44503000000000004, -0.56304, -0.64253, -0.68069, -0.81465, -0.91294, -1.0058, -1.0642, -1.1005, -1.104, -1.051, -1.0242, -0.9656600000000001, -0.90422, -0.9339799999999999, -0.8690100000000001, -0.80097, -0.78708, -0.71278, -0.67443, -0.59541, -0.54175, -0.41476, -0.32085, -0.19033, -0.12007999999999999, 0.020869, 0.1934, 0.39455999999999997, 0.48917, 0.5228, 0.55169, 0.50151, 0.43351000000000006, 0.414, 0.34541, 0.27998, 0.33796, 0.40031, 0.50659, 0.6210100000000001, 0.6490199999999999, 0.80491, 0.85446, 1.0113, 1.1293, 1.1696, 1.2021, 1.2884, 1.3647, 1.4576, 1.4873, 1.5526, 1.5678, 1.5467, 1.5757, 1.5339, 1.5339, 1.5711, 1.5507, 1.4999, 1.5461, 1.5148, 1.4245, 1.3997, 1.3559999999999999, 1.2704, 1.2358, 1.1192, 1.018, 0.84441, 0.76265, 0.64695, 0.58123, 0.53766, 0.4692, 0.44968, 0.38199, 0.32564, 0.26566999999999996, 0.19679000000000002, 0.10404000000000001, 0.006369, -0.06680599999999999, -0.19182000000000002, -0.31782]
[-0.008786, 0.01457, 0.061322, 0.10764000000000001, 0.15295999999999998, 0.17172, 0.16446, 0.096416, 0.051628, 0.0044670000000000005, -0.016271, 0.021646000000000002, 0.039275, 0.10717, 0.17123, 0.1808, 0.16857, 0.2168, 0.06790700000000001, -0.001341, -0.046436, -0.109, -0.10032999999999999, -0.057235, 0.009273, 0.042834, 0.15658, 0.2162, 0.13926, 0.082039, 0.02862, -0.057602999999999994, -0.14151, -0.19039, -0.28514, -0.44503000000000004, -0.56304, -0.64253, -0.68069, -0.81465, -0.91294, -1.0058, -1.0642, -1.1005, -1.104, -1.051, -1.0242, -0.9656600000000001, -0.90422, -0.9339799999999999, -0.8690100000000001, -0.80097, -0.78708, -0.71278, -0.67443, -0.59541, -0.54175, -0.41476, -0.32085, -0.19033, -0.12007999999999999, 0.020869, 0.1934, 0.39455999999999997, 0.48917, 0.5228, 0.55169, 0.50151, 0.43351000000000006, 0.414, 0.34541, 0.27998, 0.33796, 0.40031, 0.50659, 0.6210100000000001, 0.6490199999999999, 0.80491, 0.85446, 1.0113, 1.1293, 1.1696, 1.2021, 1.2884, 1.3647, 1.4576, 1.4873, 1.5526, 1.5678, 1.5467, 1.5757, 1.5339, 1.5339, 1.5711, 1.5507, 1.4999, 1.5461, 1.5148, 1.4245, 1.3997, 1.3559999999999999, 1.2704, 1.2358, 1.1192, 1.018, 0.84441, 0.76265, 0.64695, 0.58123, 0.53766, 0.4692, 0.44968, 0.38199, 0.32564, 0.26566999999999996, 0.19679000000000002, 0.10404000000000001, 0.006369, -0.06680599999999999, -0.19182000000000002]
[-1.6165, -1.547, -1.4708, -1.3702, -1.252, -1.1926, -1.085, -0.97944, -0.8680100000000001, -0.75139, -0.70309, -0.5574899999999999, -0.43299, -0.33153, -0.21141999999999997, -0.055229999999999994, 0.017494, 0.10114, 0.16724, 0.23836, 0.30685, 0.31316, 0.36393000000000003, 0.42496000000000006, 0.58858, 0.77481, 0.84493, 0.9597700000000001, 1.087, 1.1879, 1.3536, 1.4603, 1.5083, 1.6158, 1.6816, 1.7992, 1.7422, 1.7633, 1.7354, 1.6580000000000001, 1.5728, 1.4869, 1.5081, 1.4935, 1.4576, 1.4203, 1.3494, 1.3046, 1.2697, 1.1107, 1.0777, 1.0187, 0.95606, 0.9348700000000001, 0.8668100000000001, 0.7388, 0.6640199999999999, 0.61011, 0.58239, 0.47753, 0.37077, 0.34010999999999997, 0.38271, 0.42728, 0.47483000000000003, 0.5234, 0.54681, 0.45513000000000003, 0.28446, 0.17605, -0.030873, -0.14051, -0.26954, -0.38955, -0.44823999999999997, -0.60848, -0.68542, -0.76794, -0.83847, -0.90633, -0.91161, -0.9426700000000001, -1.0032, -1.0318, -0.97495, -0.9721, -0.96764, -0.9611799999999999, -0.9547200000000001, -0.89545, -0.83455, -0.74374, -0.67482, -0.53815, -0.43478999999999995, -0.3531, -0.31081, -0.22334, -0.13207, -0.055169, -0.008786, 0.01457, 0.061322, 0.10764000000000001, 0.15295999999999998, 0.17172, 0.16446, 0.096416, 0.051628, 0.0044670000000000005, -0.016271, 0.021646000000000002, 0.039275, 0.10717, 0.17123, 0.1808]
[-1.6573, -1.6165, -1.547, -1.4708, -1.3702, -1.252, -1.1926, -1.085, -0.97944, -0.8680100000000001, -0.75139, -0.70309, -0.5574899999999999, -0.43299, -0.33153, -0.21141999999999997, -0.055229999999999994, 0.017494, 0.10114, 0.16724, 0.23836, 0.30685, 0.31316, 0.36393000000000003, 0.42496000000000006, 0.58858, 0.77481, 0.84493, 0.9597700000000001, 1.087, 1.1879, 1.3536, 1.4603, 1.5083, 1.6158, 1.6816, 1.7992, 1.7422, 1.7633, 1.7354, 1.6580000000000001, 1.5728, 1.4869, 1.5081, 1.4935, 1.4576, 1.4203, 1.3494, 1.3046, 1.2697, 1.1107, 1.0777, 1.0187, 0.95606, 0.9348700000000001, 0.8668100000000001, 0.7388, 0.6640199999999999, 0.61011, 0.58239, 0.47753, 0.37077, 0.34010999999999997, 0.38271, 0.42728, 0.47483000000000003, 0.5234, 0.54681, 0.45513000000000003, 0.28446, 0.17605, -0.030873, -0.14051, -0.26954, -0.38955, -0.44823999999999997, -0.60848, -0.68542, -0.76794, -0.83847, -0.90633, -0.91161, -0.9426700000000001, -1.0032, -1.0318, -0.97495, -0.9721, -0.96764, -0.9611799999999999, -0.9547200000000001, -0.89545, -0.83455, -0.74374, -0.67482, -0.53815, -0.43478999999999995, -0.3531, -0.31081, -0.22334, -0.13207, -0.055169, -0.008786, 0.01457, 0.061322, 0.10764000000000001, 0.15295999999999998, 0.17172, 0.16446, 0.096416, 0.051628, 0.0044670000000000005, -0.016271, 0.021646000000000002, 0.039275, 0.10717, 0.17123]
[-1.7175, -1.6573, -1.6165, -1.547, -1.4708, -1.3702, -1.252, -1.1926, -1.085, -0.97944, -0.8680100000000001, -0.75139, -0.70309, -0.5574899999999999, -0.43299, -0.33153, -0.21141999999999997, -0.055229999999999994, 0.017494, 0.10114, 0.16724, 0.23836, 0.30685, 0.31316, 0.36393000000000003, 0.42496000000000006, 0.58858, 0.77481, 0.84493, 0.9597700000000001, 1.087, 1.1879, 1.3536, 1.4603, 1.5083, 1.6158, 1.6816, 1.7992, 1.7422, 1.7633, 1.7354, 1.6580000000000001, 1.5728, 1.4869, 1.5081, 1.4935, 1.4576, 1.4203, 1.3494, 1.3046, 1.2697, 1.1107, 1.0777, 1.0187, 0.95606, 0.9348700000000001, 0.8668100000000001, 0.7388, 0.6640199999999999, 0.61011, 0.58239, 0.47753, 0.37077, 0.34010999999999997, 0.38271, 0.42728, 0.47483000000000003, 0.5234, 0.54681, 0.45513000000000003, 0.28446, 0.17605, -0.030873, -0.14051, -0.26954, -0.38955, -0.44823999999999997, -0.60848, -0.68542, -0.76794, -0.83847, -0.90633, -0.91161, -0.9426700000000001, -1.0032, -1.0318, -0.97495, -0.9721, -0.96764, -0.9611799999999999, -0.9547200000000001, -0.89545, -0.83455, -0.74374, -0.67482, -0.53815, -0.43478999999999995, -0.3531, -0.31081, -0.22334, -0.13207, -0.055169, -0.008786, 0.01457, 0.061322, 0.10764000000000001, 0.15295999999999998, 0.17172, 0.16446, 0.096416, 0.051628, 0.0044670000000000005, -0.016271, 0.021646000000000002, 0.039275, 0.10717]
[-1.7906, -1.7175, -1.6573, -1.6165, -1.547, -1.4708, -1.3702, -1.252, -1.1926, -1.085, -0.97944, -0.8680100000000001, -0.75139, -0.70309, -0.5574899999999999, -0.43299, -0.33153, -0.21141999999999997, -0.055229999999999994, 0.017494, 0.10114, 0.16724, 0.23836, 0.30685, 0.31316, 0.36393000000000003, 0.42496000000000006, 0.58858, 0.77481, 0.84493, 0.9597700000000001, 1.087, 1.1879, 1.3536, 1.4603, 1.5083, 1.6158, 1.6816, 1.7992, 1.7422, 1.7633, 1.7354, 1.6580000000000001, 1.5728, 1.4869, 1.5081, 1.4935, 1.4576, 1.4203, 1.3494, 1.3046, 1.2697, 1.1107, 1.0777, 1.0187, 0.95606, 0.9348700000000001, 0.8668100000000001, 0.7388, 0.6640199999999999, 0.61011, 0.58239, 0.47753, 0.37077, 0.34010999999999997, 0.38271, 0.42728, 0.47483000000000003, 0.5234, 0.54681, 0.45513000000000003, 0.28446, 0.17605, -0.030873, -0.14051, -0.26954, -0.38955, -0.44823999999999997, -0.60848, -0.68542, -0.76794, -0.83847, -0.90633, -0.91161, -0.9426700000000001, -1.0032, -1.0318, -0.97495, -0.9721, -0.96764, -0.9611799999999999, -0.9547200000000001, -0.89545, -0.83455, -0.74374, -0.67482, -0.53815, -0.43478999999999995, -0.3531, -0.31081, -0.22334, -0.13207, -0.055169, -0.008786, 0.01457, 0.061322, 0.10764000000000001, 0.15295999999999998, 0.17172, 0.16446, 0.096416, 0.051628, 0.0044670000000000005, -0.016271, 0.021646000000000002, 0.039275]
[-2.0254, -1.9449, -1.8604, -1.7906, -1.7175, -1.6573, -1.6165, -1.547, -1.4708, -1.3702, -1.252, -1.1926, -1.085, -0.97944, -0.8680100000000001, -0.75139, -0.70309, -0.5574899999999999, -0.43299, -0.33153, -0.21141999999999997, -0.055229999999999994, 0.017494, 0.10114, 0.16724, 0.23836, 0.30685, 0.31316, 0.36393000000000003, 0.42496000000000006, 0.58858, 0.77481, 0.84493, 0.9597700000000001, 1.087, 1.1879, 1.3536, 1.4603, 1.5083, 1.6158, 1.6816, 1.7992, 1.7422, 1.7633, 1.7354, 1.6580000000000001, 1.5728, 1.4869, 1.5081, 1.4935, 1.4576, 1.4203, 1.3494, 1.3046, 1.2697, 1.1107, 1.0777, 1.0187, 0.95606, 0.9348700000000001, 0.8668100000000001, 0.7388, 0.6640199999999999, 0.61011, 0.58239, 0.47753, 0.37077, 0.34010999999999997, 0.38271, 0.42728, 0.47483000000000003, 0.5234, 0.54681, 0.45513000000000003, 0.28446, 0.17605, -0.030873, -0.14051, -0.26954, -0.38955, -0.44823999999999997, -0.60848, -0.68542, -0.76794, -0.83847, -0.90633, -0.91161, -0.9426700000000001, -1.0032, -1.0318, -0.97495, -0.9721, -0.96764, -0.9611799999999999, -0.9547200000000001, -0.89545, -0.83455, -0.74374, -0.67482, -0.53815, -0.43478999999999995, -0.3531, -0.31081, -0.22334, -0.13207, -0.055169, -0.008786, 0.01457, 0.061322, 0.10764000000000001, 0.15295999999999998, 0.17172, 0.16446, 0.096416, 0.051628, 0.0044670000000000005, -0.016271, 0.021646000000000002, 0.039275, 0.10717, 0.17123]
[0.4225, 0.46647, 0.53041, 0.58692, 0.6723399999999999, 0.70387, 0.74435, 0.81489, 0.88015, 0.9012899999999999, 0.9240700000000001, 0.99434, 1.06, 1.0912, 1.1376, 1.1483, 1.1866, 1.2193, 1.2359, 1.2526, 1.2343, 1.2511, 1.268, 1.2851, 1.3022, 1.3194, 1.3194, 1.3367, 1.3541, 1.3534, 1.3534, 1.3345, 1.3134, 1.271, 1.2653]
