[-0.98055, -0.99134, -0.8870899999999999, -1.1099, -0.76872, -1.0103, -0.847, -1.3277, -0.71291, -1.2977, 1.3315, 0.93574, 1.236, 1.0561, 0.91074, 1.3713, 0.93706, 0.9102899999999999, 0.93109, 1.4938, 1.3193, 1.2191, 0.9483600000000001, 0.16902, 0.9774, 1.2301, 0.57157, 0.75134, 0.96185, 0.7813100000000001, 1.1044, 1.0003, 0.55073, 0.26887, 1.1255, 1.0759, 1.0717, 1.1545, 0.7594, 0.15119000000000002, 1.0203, 1.2573, 1.0071, 1.1624, 0.83, 1.4851, 1.1051, 1.5393, 1.1156, 1.8914, 1.3901, 1.1567, 1.5149, 1.6336, 0.8102600000000001, 0.67666, 0.70939, 1.3614, 1.3124, 0.5916100000000001]
[-0.27789, -0.8350700000000001, 0.050591000000000004, -0.81117, -1.226, -0.6683600000000001, -0.77668, 0.064062, -1.2536, -0.78899, -0.93422, -1.0936, -0.6079, -0.70273, 0.018323, 2.9756, 2.6773, 2.3958, 1.4215, 1.9772, 2.5778, 1.798, 2.081, 2.4283, 2.0556, 1.8967, 1.5432, 1.4446, 1.8116, 1.9957, 1.2825, 1.1622, 0.63754, 1.1706, 1.9631, 0.7711, 1.3564, 1.0689, 0.9662200000000001, 0.63151, 1.3243, 0.57755, 0.61925, 0.70973, 0.71686, 0.064235, 0.78608, 0.42936, -0.12929000000000002]
[-1.4869999999999999, -0.27789, -0.8350700000000001, 0.050591000000000004, -0.81117, -1.226, -0.6683600000000001, -0.77668, 0.064062, -1.2536, -0.78899, -0.93422, -1.0936, -0.6079, -0.70273, 0.018323, 2.9756, 2.6773, 2.3958, 1.4215, 1.9772, 2.5778, 1.798, 2.081, 2.4283, 2.0556, 1.8967, 1.5432, 1.4446, 1.8116, 1.9957, 1.2825, 1.1622, 0.63754, 1.1706, 1.9631, 0.7711, 1.3564, 1.0689, 0.9662200000000001, 0.63151, 1.3243, 0.57755, 0.61925, 0.70973, 0.71686, 0.064235, 0.78608, 0.42936, -0.12929000000000002]
[-0.96752, -1.4869999999999999, -0.27789, -0.8350700000000001, 0.050591000000000004, -0.81117, -1.226, -0.6683600000000001, -0.77668, 0.064062, -1.2536, -0.78899, -0.93422, -1.0936, -0.6079, -0.70273, 0.018323, 2.9756, 2.6773, 2.3958, 1.4215, 1.9772, 2.5778, 1.798, 2.081, 2.4283, 2.0556, 1.8967, 1.5432, 1.4446, 1.8116, 1.9957, 1.2825, 1.1622, 0.63754, 1.1706, 1.9631, 0.7711, 1.3564, 1.0689, 0.9662200000000001, 0.63151, 1.3243, 0.57755, 0.61925, 0.70973, 0.71686, 0.064235, 0.78608, 0.42936, -0.12929000000000002]
[-0.79042, -0.96752, -1.4869999999999999, -0.27789, -0.8350700000000001, 0.050591000000000004, -0.81117, -1.226, -0.6683600000000001, -0.77668, 0.064062, -1.2536, -0.78899, -0.93422, -1.0936, -0.6079, -0.70273, 0.018323, 2.9756, 2.6773, 2.3958, 1.4215, 1.9772, 2.5778, 1.798, 2.081, 2.4283, 2.0556, 1.8967, 1.5432, 1.4446, 1.8116, 1.9957, 1.2825, 1.1622, 0.63754, 1.1706, 1.9631, 0.7711, 1.3564, 1.0689, 0.9662200000000001, 0.63151, 1.3243, 0.57755, 0.61925, 0.70973, 0.71686, 0.064235, 0.78608, 0.42936, -0.12929000000000002]
[-0.5214, -0.79042, -0.96752, -1.4869999999999999, -0.27789, -0.8350700000000001, 0.050591000000000004, -0.81117, -1.226, -0.6683600000000001, -0.77668, 0.064062, -1.2536, -0.78899, -0.93422, -1.0936, -0.6079, -0.70273, 0.018323, 2.9756, 2.6773, 2.3958, 1.4215, 1.9772, 2.5778, 1.798, 2.081, 2.4283, 2.0556, 1.8967, 1.5432, 1.4446, 1.8116, 1.9957, 1.2825, 1.1622, 0.63754, 1.1706, 1.9631, 0.7711, 1.3564, 1.0689, 0.9662200000000001, 0.63151, 1.3243, 0.57755, 0.61925, 0.70973, 0.71686, 0.064235, 0.78608, 0.42936, -0.12929000000000002]
[-0.81566, -0.5214, -0.79042, -0.96752, -1.4869999999999999, -0.27789, -0.8350700000000001, 0.050591000000000004, -0.81117, -1.226, -0.6683600000000001, -0.77668, 0.064062, -1.2536, -0.78899, -0.93422, -1.0936, -0.6079, -0.70273, 0.018323, 2.9756, 2.6773, 2.3958, 1.4215, 1.9772, 2.5778, 1.798, 2.081, 2.4283, 2.0556, 1.8967, 1.5432, 1.4446, 1.8116, 1.9957, 1.2825, 1.1622, 0.63754, 1.1706, 1.9631, 0.7711, 1.3564, 1.0689, 0.9662200000000001, 0.63151, 1.3243, 0.57755, 0.61925, 0.70973, 0.71686, 0.064235, 0.78608, 0.42936, -0.12929000000000002]
[-0.6208100000000001, -0.81566, -0.5214, -0.79042, -0.96752, -1.4869999999999999, -0.27789, -0.8350700000000001, 0.050591000000000004, -0.81117, -1.226, -0.6683600000000001, -0.77668, 0.064062, -1.2536, -0.78899, -0.93422, -1.0936, -0.6079, -0.70273, 0.018323, 2.9756, 2.6773, 2.3958, 1.4215, 1.9772, 2.5778, 1.798, 2.081, 2.4283, 2.0556, 1.8967, 1.5432, 1.4446, 1.8116, 1.9957, 1.2825, 1.1622, 0.63754, 1.1706, 1.9631, 0.7711, 1.3564, 1.0689, 0.9662200000000001, 0.63151, 1.3243, 0.57755, 0.61925, 0.70973, 0.71686, 0.064235, 0.78608, 0.42936, -0.12929000000000002]
[-0.18719, -0.6208100000000001, -0.81566, -0.5214, -0.79042, -0.96752, -1.4869999999999999, -0.27789, -0.8350700000000001, 0.050591000000000004, -0.81117, -1.226, -0.6683600000000001, -0.77668, 0.064062, -1.2536, -0.78899, -0.93422, -1.0936, -0.6079, -0.70273, 0.018323, 2.9756, 2.6773, 2.3958, 1.4215, 1.9772, 2.5778, 1.798, 2.081, 2.4283, 2.0556, 1.8967, 1.5432, 1.4446, 1.8116, 1.9957, 1.2825, 1.1622, 0.63754, 1.1706, 1.9631, 0.7711, 1.3564, 1.0689, 0.9662200000000001, 0.63151, 1.3243, 0.57755, 0.61925, 0.70973, 0.71686, 0.064235, 0.78608, 0.42936, -0.12929000000000002]
[-0.51886, -0.48858999999999997, -0.40709, -1.0715, -1.0957, -0.5845, -1.0579, -1.2734, -0.54357, -0.71343, -0.70303, -0.74443, 1.9816, 1.6269, 1.875, 2.4379, 1.4257, 1.673, 1.6065, 1.9180000000000001, 1.6708, 2.5869999999999997, 2.8835, 1.6355, 0.87474, 1.9213, 1.0056, 1.5947, 1.7275, 1.5025, 1.9561, 1.0552, 1.0247, 0.65257, 0.59614, 1.6412, 0.45529, 1.6681, 1.4892, 0.57277, 1.0415, 0.50032, 0.3389, 0.5284399999999999, -0.61852, 0.14135999999999999, 0.9611200000000001, 0.42539, 0.24802, 0.92685]
[-0.5985699999999999, -0.51886, -0.48858999999999997, -0.40709, -1.0715, -1.0957, -0.5845, -1.0579, -1.2734, -0.54357, -0.71343, -0.70303, -0.74443, 1.9816, 1.6269, 1.875, 2.4379, 1.4257, 1.673, 1.6065, 1.9180000000000001, 1.6708, 2.5869999999999997, 2.8835, 1.6355, 0.87474, 1.9213, 1.0056, 1.5947, 1.7275, 1.5025, 1.9561, 1.0552, 1.0247, 0.65257, 0.59614, 1.6412, 0.45529, 1.6681, 1.4892, 0.57277, 1.0415, 0.50032, 0.3389, 0.5284399999999999, -0.61852, 0.14135999999999999, 0.9611200000000001, 0.42539, 0.24802, 0.92685]
[-0.29093, -0.5985699999999999, -0.51886, -0.48858999999999997, -0.40709, -1.0715, -1.0957, -0.5845, -1.0579, -1.2734, -0.54357, -0.71343, -0.70303, -0.74443, 1.9816, 1.6269, 1.875, 2.4379, 1.4257, 1.673, 1.6065, 1.9180000000000001, 1.6708, 2.5869999999999997, 2.8835, 1.6355, 0.87474, 1.9213, 1.0056, 1.5947, 1.7275, 1.5025, 1.9561, 1.0552, 1.0247, 0.65257, 0.59614, 1.6412, 0.45529, 1.6681, 1.4892, 0.57277, 1.0415, 0.50032, 0.3389, 0.5284399999999999, -0.61852, 0.14135999999999999, 0.9611200000000001, 0.42539]
[-0.2643, -0.29093, -0.5985699999999999, -0.51886, -0.48858999999999997, -0.40709, -1.0715, -1.0957, -0.5845, -1.0579, -1.2734, -0.54357, -0.71343, -0.70303, -0.74443, 1.9816, 1.6269, 1.875, 2.4379, 1.4257, 1.673, 1.6065, 1.9180000000000001, 1.6708, 2.5869999999999997, 2.8835, 1.6355, 0.87474, 1.9213, 1.0056, 1.5947, 1.7275, 1.5025, 1.9561, 1.0552, 1.0247, 0.65257, 0.59614, 1.6412, 0.45529, 1.6681, 1.4892, 0.57277, 1.0415, 0.50032, 0.3389, 0.5284399999999999, -0.61852, 0.14135999999999999, 0.9611200000000001, 0.42539]
[-0.23399999999999999, 0.15108, -1.1041, -0.39498, -0.43615, -0.3456, -0.28137, -1.5286, -0.32386, -0.049352999999999994, -0.37726, -0.7631600000000001, -1.034, -0.33224000000000004, -0.28021, -0.13788, 0.24616999999999997, 0.42816000000000004, -0.089478, 0.49076000000000003, 0.67133, 0.41296000000000005, 0.37914000000000003, 0.27176, 0.30766, 0.11742999999999999, 0.55011, 0.61144, 0.16105999999999998, 0.18433, 0.42308999999999997, 0.3657, -0.11905999999999999, 0.85993, 1.0823, 1.4303, 0.76718, 0.58822, 1.2091, 1.7264, 1.4131, 0.55623, 1.7667, 1.1363, 1.0547, 2.0322, 1.0087, 0.81622, 1.6454, 1.351, 1.8168, 1.4182, 2.3461, 1.5772, 1.0168, 1.3039, 1.0052, 1.1306, 1.9064, 1.9868, 1.2194, 2.092, 1.7856, 2.2143, 2.6235]
[-1.3671, -0.60706, -0.48991999999999997, -0.45556, -0.12168, 0.11615999999999999, -0.45235, -1.0259, -0.24586, -0.42968999999999996, -0.26876, -0.26347, -1.2947, -1.2626, -0.50661, -0.7043, -0.45876999999999996, -0.10285, -0.18754, 0.31801, 0.38034, -0.10167999999999999, 0.95465, -0.66283, -0.48063, -0.077565, 0.5229199999999999, 0.30974, -0.46565, 0.47058999999999995, -0.56522, -0.22816999999999998, -0.085214, 0.19282, 1.786, 0.48156000000000004, 1.0973, 0.79399, 1.2253, 0.34784, 1.0716, 1.3116, 0.46656000000000003, -0.058373, 0.96954, 0.6994199999999999, 1.2124, 0.49645, 0.54857, 1.8988, 1.3408, 1.2231, 2.5368, 1.1969, 2.6652, 1.182, 1.4288, 3.0304, 2.3992, 2.3301, 2.4316, 2.0704, 2.295, 2.7239999999999998, -0.32645]
[-2.0304, -1.8441, -1.327, -1.1846, -1.3398, -1.5958, -1.4136, -1.6942, -1.9502, -2.3002, 0.74808, -0.5776, -0.42446000000000006, 0.94432, 0.29522, -0.14962999999999999, 0.87551, 0.090401, 0.48625, 0.1214, 0.15968, 0.28773000000000004, 0.22582, 0.8416899999999999, 1.1893, -0.1044, 0.6814100000000001, 0.89665, 1.3251, -0.069253, 0.68925, -0.038613, 0.41765, 0.8219200000000001, 0.45905, 0.753, 0.38799999999999996, 0.27518000000000004, 0.94957, 1.4344, 0.32826, 0.5352, -0.07850900000000001, 0.77099, 0.37113, 0.65694, 0.43313, 1.3515, 1.0818, 0.63853, 0.62464, 0.8320799999999999, 0.010783, 0.64651, 0.13597, 0.9629, 1.1921, 0.35138, 1.1121, 0.10753, 0.34865999999999997, 0.24445999999999998, 0.08109, 0.50983]
[-1.26, -0.93509, -0.91346, -1.3168, -1.0783, -1.5473, -0.67089, -1.0557, -0.65481, -0.20694, -1.2182, 1.7869, 1.7425, 2.0988, 2.0025, 3.0026, 1.4126, 1.7434, 2.0627, 1.7865, 1.3317, 1.7186, 1.0694, 1.2867, 1.1863, 0.67414, 1.1477, 1.4844, 1.2184, 1.145, 1.0855, 0.88456, 1.511, -0.18997999999999998, 1.314, 1.1466, 1.3788, 0.98935, 0.36318, 0.14749, 0.58604, 1.1855, 0.7515, 0.60515, 0.47483000000000003, 0.9610799999999999, 0.52471, -0.15394000000000002, 0.097574, 0.63113, 0.15338, 0.67498, 0.51971, 0.78963]
[-1.073, -1.26, -0.93509, -0.91346, -1.3168, -1.0783, -1.5473, -0.67089, -1.0557, -0.65481, -0.20694, -1.2182, 1.7869, 1.7425, 2.0988, 2.0025, 3.0026, 1.4126, 1.7434, 2.0627, 1.7865, 1.3317, 1.7186, 1.0694, 1.2867, 1.1863, 0.67414, 1.1477, 1.4844, 1.2184, 1.145, 1.0855, 0.88456, 1.511, -0.18997999999999998, 1.314, 1.1466, 1.3788, 0.98935, 0.36318, 0.14749, 0.58604, 1.1855, 0.7515, 0.60515, 0.47483000000000003, 0.9610799999999999, 0.52471, -0.15394000000000002, 0.097574, 0.63113, 0.15338, 0.67498, 0.51971]
[-0.43088000000000004, -1.073, -1.26, -0.93509, -0.91346, -1.3168, -1.0783, -1.5473, -0.67089, -1.0557, -0.65481, -0.20694, -1.2182, 1.7869, 1.7425, 2.0988, 2.0025, 3.0026, 1.4126, 1.7434, 2.0627, 1.7865, 1.3317, 1.7186, 1.0694, 1.2867, 1.1863, 0.67414, 1.1477, 1.4844, 1.2184, 1.145, 1.0855, 0.88456, 1.511, -0.18997999999999998, 1.314, 1.1466, 1.3788, 0.98935, 0.36318, 0.14749, 0.58604, 1.1855, 0.7515, 0.60515, 0.47483000000000003, 0.9610799999999999, 0.52471, -0.15394000000000002, 0.097574, 0.63113, 0.15338, 0.67498, 0.51971, 0.78963, 0.64325, 0.095862, 0.2734]
[-0.9103, -0.43088000000000004, -1.073, -1.26, -0.93509, -0.91346, -1.3168, -1.0783, -1.5473, -0.67089, -1.0557, -0.65481, -0.20694, -1.2182, 1.7869, 1.7425, 2.0988, 2.0025, 3.0026, 1.4126, 1.7434, 2.0627, 1.7865, 1.3317, 1.7186, 1.0694, 1.2867, 1.1863, 0.67414, 1.1477, 1.4844, 1.2184, 1.145, 1.0855, 0.88456, 1.511, -0.18997999999999998, 1.314, 1.1466, 1.3788, 0.98935, 0.36318, 0.14749, 0.58604, 1.1855, 0.7515, 0.60515, 0.47483000000000003, 0.9610799999999999, 0.52471, -0.15394000000000002, 0.097574, 0.63113, 0.15338, 0.67498, 0.51971, 0.78963, 0.64325, 0.095862, 0.2734, 0.6921]
[-0.95563, -0.9103, -0.43088000000000004, -1.073, -1.26, -0.93509, -0.91346, -1.3168, -1.0783, -1.5473, -0.67089, -1.0557, -0.65481, -0.20694, -1.2182, 1.7869, 1.7425, 2.0988, 2.0025, 3.0026, 1.4126, 1.7434, 2.0627, 1.7865, 1.3317, 1.7186, 1.0694, 1.2867, 1.1863, 0.67414, 1.1477, 1.4844, 1.2184, 1.145, 1.0855, 0.88456, 1.511, -0.18997999999999998, 1.314, 1.1466, 1.3788, 0.98935, 0.36318, 0.14749, 0.58604, 1.1855, 0.7515, 0.60515, 0.47483000000000003, 0.9610799999999999, 0.52471, -0.15394000000000002, 0.097574, 0.63113, 0.15338, 0.67498, 0.51971, 0.78963, 0.64325, 0.095862, 0.2734]
[-1.2442, -0.7047100000000001, -0.95563, -0.9103, -0.43088000000000004, -1.073, -1.26, -0.93509, -0.91346, -1.3168, -1.0783, -1.5473, -0.67089, -1.0557, -0.65481, -0.20694, -1.2182, 1.7869, 1.7425, 2.0988, 2.0025, 3.0026, 1.4126, 1.7434, 2.0627, 1.7865, 1.3317, 1.7186, 1.0694, 1.2867, 1.1863, 0.67414, 1.1477, 1.4844, 1.2184, 1.145, 1.0855, 0.88456, 1.511, -0.18997999999999998, 1.314, 1.1466, 1.3788, 0.98935, 0.36318, 0.14749, 0.58604, 1.1855, 0.7515, 0.60515, 0.47483000000000003, 0.9610799999999999, 0.52471, -0.15394000000000002, 0.097574, 0.63113, 0.15338, 0.67498, 0.51971, 0.78963]
[-0.67209, -1.2442, -0.7047100000000001, -0.95563, -0.9103, -0.43088000000000004, -1.073, -1.26, -0.93509, -0.91346, -1.3168, -1.0783, -1.5473, -0.67089, -1.0557, -0.65481, -0.20694, -1.2182, 1.7869, 1.7425, 2.0988, 2.0025, 3.0026, 1.4126, 1.7434, 2.0627, 1.7865, 1.3317, 1.7186, 1.0694, 1.2867, 1.1863, 0.67414, 1.1477, 1.4844, 1.2184, 1.145, 1.0855, 0.88456, 1.511, -0.18997999999999998, 1.314, 1.1466, 1.3788, 0.98935, 0.36318, 0.14749, 0.58604, 1.1855, 0.7515, 0.60515, 0.47483000000000003, 0.9610799999999999, 0.52471, -0.15394000000000002, 0.097574, 0.63113, 0.15338, 0.67498, 0.51971, 0.78963, 0.64325, 0.095862, 0.2734, 0.6921, -0.039582]
[-1.1845, -0.69375, -0.67209, -1.2442, -0.7047100000000001, -0.95563, -0.9103, -0.43088000000000004, -1.073, -1.26, -0.93509, -0.91346, -1.3168, -1.0783, -1.5473, -0.67089, -1.0557, -0.65481, -0.20694, -1.2182, 1.7869, 1.7425, 2.0988, 2.0025, 3.0026, 1.4126, 1.7434, 2.0627, 1.7865, 1.3317, 1.7186, 1.0694, 1.2867, 1.1863, 0.67414, 1.1477, 1.4844, 1.2184, 1.145, 1.0855, 0.88456, 1.511, -0.18997999999999998, 1.314, 1.1466, 1.3788, 0.98935, 0.36318, 0.14749, 0.58604, 1.1855, 0.7515, 0.60515, 0.47483000000000003, 0.9610799999999999, 0.52471, -0.15394000000000002, 0.097574, 0.63113, 0.15338, 0.67498, 0.51971, 0.78963, 0.64325, 0.095862, 0.2734, 0.6921, -0.039582, -0.013587, 0.61819, 0.029805]
[-0.9747100000000001, -1.1845, -0.69375, -0.67209, -1.2442, -0.7047100000000001, -0.95563, -0.9103, -0.43088000000000004, -1.073, -1.26, -0.93509, -0.91346, -1.3168, -1.0783, -1.5473, -0.67089, -1.0557, -0.65481, -0.20694, -1.2182, 1.7869, 1.7425, 2.0988, 2.0025, 3.0026, 1.4126, 1.7434, 2.0627, 1.7865, 1.3317, 1.7186, 1.0694, 1.2867, 1.1863, 0.67414, 1.1477, 1.4844, 1.2184, 1.145, 1.0855, 0.88456, 1.511, -0.18997999999999998, 1.314, 1.1466, 1.3788, 0.98935, 0.36318, 0.14749, 0.58604, 1.1855, 0.7515, 0.60515, 0.47483000000000003, 0.9610799999999999, 0.52471, -0.15394000000000002, 0.097574, 0.63113, 0.15338, 0.67498, 0.51971, 0.78963, 0.64325, 0.095862, 0.2734, 0.6921, -0.039582, -0.013587, 0.61819, 0.029805, 1.0828, -0.07040199999999999, 1.2224, 0.7266100000000001, -0.022053, 0.23243000000000003, -0.11107, -0.65883, 0.379, -0.17278, -0.22486, -0.74141, -0.38774000000000003, -0.7880699999999999, -0.70985, -0.22755, -0.54369, 0.074652, 0.25284, -0.13794, -0.24304, -0.36089, -0.029082999999999998, -0.8951899999999999, -0.93695, -0.79569, -0.88364, -0.10457999999999999, -0.66086, -0.48168999999999995, -1.5253]
[-0.75265, -0.9747100000000001, -1.1845, -0.69375, -0.67209, -1.2442, -0.7047100000000001, -0.95563, -0.9103, -0.43088000000000004, -1.073, -1.26, -0.93509, -0.91346, -1.3168, -1.0783, -1.5473, -0.67089, -1.0557, -0.65481, -0.20694, -1.2182, 1.7869, 1.7425, 2.0988, 2.0025, 3.0026, 1.4126, 1.7434, 2.0627, 1.7865, 1.3317, 1.7186, 1.0694, 1.2867, 1.1863, 0.67414, 1.1477, 1.4844, 1.2184, 1.145, 1.0855, 0.88456, 1.511, -0.18997999999999998, 1.314, 1.1466, 1.3788, 0.98935, 0.36318, 0.14749, 0.58604, 1.1855, 0.7515, 0.60515, 0.47483000000000003, 0.9610799999999999, 0.52471, -0.15394000000000002, 0.097574, 0.63113, 0.15338, 0.67498, 0.51971, 0.78963, 0.64325, 0.095862, 0.2734, 0.6921, -0.039582, -0.013587, 0.61819, 0.029805]
[-0.7497699999999999, -0.75265, -0.9747100000000001, -1.1845, -0.69375, -0.67209, -1.2442, -0.7047100000000001, -0.95563, -0.9103, -0.43088000000000004, -1.073, -1.26, -0.93509, -0.91346, -1.3168, -1.0783, -1.5473, -0.67089, -1.0557, -0.65481, -0.20694, -1.2182, 1.7869, 1.7425, 2.0988, 2.0025, 3.0026, 1.4126, 1.7434, 2.0627, 1.7865, 1.3317, 1.7186, 1.0694, 1.2867, 1.1863, 0.67414, 1.1477, 1.4844, 1.2184, 1.145, 1.0855, 0.88456, 1.511, -0.18997999999999998, 1.314, 1.1466, 1.3788, 0.98935, 0.36318, 0.14749, 0.58604, 1.1855, 0.7515, 0.60515, 0.47483000000000003, 0.9610799999999999, 0.52471, -0.15394000000000002, 0.097574, 0.63113, 0.15338, 0.67498, 0.51971, 0.78963, 0.64325, 0.095862, 0.2734, 0.6921, -0.039582, -0.013587, 0.61819, 0.029805, 1.0828]
[-1.1412, -1.5930000000000002, -1.3744, -1.0166, -1.6013, -1.4569, -1.1743, -0.66799, -0.5705399999999999, -1.0490000000000002, -0.9697899999999999, -0.44703999999999994, -1.2569, -0.7247899999999999, -0.67152, -0.39261, 0.12830999999999998, -0.89664, -0.45801000000000003, -0.62078, -0.5005, -0.18066, -0.12714, -0.061608, -0.052073, -0.14134000000000002, -0.39546, 0.08039600000000001, -0.47998999999999997, -0.28368000000000004, -0.5465399999999999, -0.52222, -0.65942, -0.15195, -0.13632, 0.39282, 0.41591000000000006, 0.27844, 0.3457, -0.062124, 0.40885, 0.38142, 0.46863, 0.46555, 0.069735, 0.72651, 0.54255, 0.17869000000000002, 0.89392, 0.74556, 0.43463, 0.7518199999999999, 0.35094000000000003, 1.2036, 0.85582, 0.74607, 0.67015, 1.3993, 0.9607100000000001, 0.81599, 0.78351, 0.40913, 1.1421, 0.5988600000000001, 0.8072600000000001]
[-1.2603, -1.1715, -1.4639, -1.0878, -0.59665, 0.032937, -0.45435, -0.32232, 0.008014, -0.5509, -1.7239, -0.71299, -0.097634, 0.22275, -0.86164, -1.3925, 0.56203, -0.40375, -0.029286000000000003, 0.29780999999999996, -0.051739, -0.036795, 0.38542, -0.30506, -0.20521, -0.5009899999999999, 0.15997999999999998, 0.7321, 0.81884, -0.16115, -0.27289, -0.027449, 0.58538, -0.15495, 0.68361, -0.34047, 0.39516999999999997, 0.26172, 0.26181, 0.99616, 0.45316999999999996, 0.38756999999999997, 0.060824, 1.0198, -0.12272000000000001, 0.1583, 0.33933, 1.6558, 0.7014699999999999, 0.7258100000000001, 1.031, 0.93795, 1.0394, 0.5181399999999999, 1.125, 0.83485, 1.517, 0.96716, 1.314, 0.4484, 0.40089, 1.1213, 1.1704, 1.6532, 1.8672]
[-1.3362, -1.8873, -1.6758, -0.84046, -1.3368, -1.4637, -1.3090000000000002, -1.1244, -1.2462, -1.636, -1.476, -1.2778, -1.1442, -1.3993, -0.86751, -1.4462, -1.9022, -1.5302, 0.32536, 0.46905, 0.5652, 0.7144199999999999, 1.1042, 0.61742, 0.73911, 0.81978, 0.37176, 0.79409, 0.64909, 0.80462, 0.75005, 0.79711, 0.59478, 1.001, 0.68637, 0.8801100000000001, 0.61919, 0.51698, 0.75327, 0.51982, 0.4341, 0.72032, 0.53427, 0.39326, 0.8240200000000001, 0.7492800000000001, 0.41138, 0.73675, 0.69275, 0.39741, 0.23733, 0.9124399999999999, 0.6247199999999999, 0.1346]
[0.11077999999999999, -1.4104, -1.0464, -1.2348, -0.5058199999999999, -1.2503, -0.46381999999999995, -0.11837, -0.16425, -0.46863, -0.6563899999999999, -1.1738, -1.2734, -0.21488000000000002, 2.8086, 2.4077, 2.1106, 2.467, 2.1726, 1.0236, 1.8294, 1.3666, 1.6084, 2.2195, 2.5228, 1.3319, 1.5968, 1.8016, 1.6335, 2.1202, 0.64525, 1.2115, 1.8038, 1.1051, 0.85774, 1.328, 0.6171300000000001, 1.4274, 0.57586, 1.1819, 1.7254, 0.50129, 0.93291, 1.1783, -0.44061999999999996, 0.064496, 0.14704, 0.8494299999999999, -0.057182000000000004]
[-0.75426, 0.11077999999999999, -1.4104, -1.0464, -1.2348, -0.5058199999999999, -1.2503, -0.46381999999999995, -0.11837, -0.16425, -0.46863, -0.6563899999999999, -1.1738, -1.2734, -0.21488000000000002, 2.8086, 2.4077, 2.1106, 2.467, 2.1726, 1.0236, 1.8294, 1.3666, 1.6084, 2.2195, 2.5228, 1.3319, 1.5968, 1.8016, 1.6335, 2.1202, 0.64525, 1.2115, 1.8038, 1.1051, 0.85774, 1.328, 0.6171300000000001, 1.4274, 0.57586, 1.1819, 1.7254, 0.50129, 0.93291, 1.1783, -0.44061999999999996, 0.064496, 0.14704, 0.8494299999999999, -0.057182000000000004, 0.14112]
[-0.64852, -0.17288, -0.75426, 0.11077999999999999, -1.4104, -1.0464, -1.2348, -0.5058199999999999, -1.2503, -0.46381999999999995, -0.11837, -0.16425, -0.46863, -0.6563899999999999, -1.1738, -1.2734, -0.21488000000000002, 2.8086, 2.4077, 2.1106, 2.467, 2.1726, 1.0236, 1.8294, 1.3666, 1.6084, 2.2195, 2.5228, 1.3319, 1.5968, 1.8016, 1.6335, 2.1202, 0.64525, 1.2115, 1.8038, 1.1051, 0.85774, 1.328, 0.6171300000000001, 1.4274, 0.57586, 1.1819, 1.7254, 0.50129, 0.93291, 1.1783, -0.44061999999999996, 0.064496, 0.14704, 0.8494299999999999, -0.057182000000000004]
[-0.9271, -0.64852, -0.17288, -0.75426, 0.11077999999999999, -1.4104, -1.0464, -1.2348, -0.5058199999999999, -1.2503, -0.46381999999999995, -0.11837, -0.16425, -0.46863, -0.6563899999999999, -1.1738, -1.2734, -0.21488000000000002, 2.8086, 2.4077, 2.1106, 2.467, 2.1726, 1.0236, 1.8294, 1.3666, 1.6084, 2.2195, 2.5228, 1.3319, 1.5968, 1.8016, 1.6335, 2.1202, 0.64525, 1.2115, 1.8038, 1.1051, 0.85774, 1.328, 0.6171300000000001, 1.4274, 0.57586, 1.1819, 1.7254, 0.50129, 0.93291, 1.1783, -0.44061999999999996, 0.064496, 0.14704, 0.8494299999999999, -0.057182000000000004]
[-1.1908, -0.45346000000000003, -0.64527, -1.0657, -1.1708, -1.1742, -1.0605, -0.18179, -1.5679, -1.2026, -0.92486, -0.82455, -0.44795, -0.5785899999999999, -0.74728, -0.80174, -0.10417, -0.82388, -1.0478, -1.0748, -0.21161999999999997, -0.21833000000000002, -0.4188, -0.36216, -0.90241, -0.28902, 0.18642999999999998, -0.40947, -0.65047, -0.45441000000000004, -0.11389, -0.23384000000000002, -0.35575, 0.042899, -0.33295, 0.14298, -0.008987, -0.61731, 0.44104, -0.1733, 0.7236199999999999, -0.09660099999999999, 0.22279000000000002, -0.23501999999999998, -0.6492, -0.14862, -0.19067, 0.6764399999999999, 0.45476000000000005, 0.26264, 1.073, 1.4343, 0.25411999999999996, 0.68367, 0.35172, 0.6361600000000001, 0.20833000000000002, 0.95537, 0.6250600000000001, 1.3249, 1.4985, 0.46366999999999997, 1.4486, 1.1002, 1.3803]
[-0.46318000000000004, -1.0384, -0.8719100000000001, 0.16235, -1.5517, -0.56443, -0.85009, -1.1442, 1.5509, 1.8843, 1.5190000000000001, 1.4611, 2.0417, 1.7256, 1.6016, 1.9628, 1.3539, 1.2229999999999999, 1.787, 1.8441, 1.4781, 1.0144, 1.2598, 1.5939, 1.3653, 1.088, 1.2913, 1.128, 0.80096, 0.51744, 0.80711, 1.8071, 0.8847, 0.76246, 1.3537, 0.033225, 0.081856, 0.80723, 1.4576, 0.6670699999999999, 0.46667, 1.4492, 0.39552, 1.3361, 0.22755, 0.71211, 0.8375600000000001, 0.72777, 0.6675800000000001, 1.0904, 0.9178700000000001, 0.6824899999999999, -0.8617299999999999]
[-0.69914, -0.46318000000000004, -1.0384, -0.8719100000000001, 0.16235, -1.5517, -0.56443, -0.85009, -1.1442, 1.5509, 1.8843, 1.5190000000000001, 1.4611, 2.0417, 1.7256, 1.6016, 1.9628, 1.3539, 1.2229999999999999, 1.787, 1.8441, 1.4781, 1.0144, 1.2598, 1.5939, 1.3653, 1.088, 1.2913, 1.128, 0.80096, 0.51744, 0.80711, 1.8071, 0.8847, 0.76246, 1.3537, 0.033225, 0.081856, 0.80723, 1.4576, 0.6670699999999999, 0.46667, 1.4492, 0.39552, 1.3361, 0.22755, 0.71211, 0.8375600000000001, 0.72777, 0.6675800000000001, 1.0904, 0.9178700000000001, 0.6824899999999999, -0.8617299999999999, 0.23864000000000002, 0.66677]
[0.013947999999999999, -0.55525, -0.8195899999999999, -0.43061000000000005, -0.36180999999999996, -0.69914, -0.46318000000000004, -1.0384, -0.8719100000000001, 0.16235, -1.5517, -0.56443, -0.85009, -1.1442, 1.5509, 1.8843, 1.5190000000000001, 1.4611, 2.0417, 1.7256, 1.6016, 1.9628, 1.3539, 1.2229999999999999, 1.787, 1.8441, 1.4781, 1.0144, 1.2598, 1.5939, 1.3653, 1.088, 1.2913, 1.128, 0.80096, 0.51744, 0.80711, 1.8071, 0.8847, 0.76246, 1.3537, 0.033225, 0.081856, 0.80723, 1.4576, 0.6670699999999999, 0.46667, 1.4492, 0.39552, 1.3361, 0.22755, 0.71211, 0.8375600000000001, 0.72777, 0.6675800000000001, 1.0904, 0.9178700000000001, 0.6824899999999999, -0.8617299999999999, 0.23864000000000002, 0.66677]
[-1.2546, 0.013947999999999999, -0.55525, -0.8195899999999999, -0.43061000000000005, -0.36180999999999996, -0.69914, -0.46318000000000004, -1.0384, -0.8719100000000001, 0.16235, -1.5517, -0.56443, -0.85009, -1.1442, 1.5509, 1.8843, 1.5190000000000001, 1.4611, 2.0417, 1.7256, 1.6016, 1.9628, 1.3539, 1.2229999999999999, 1.787, 1.8441, 1.4781, 1.0144, 1.2598, 1.5939, 1.3653, 1.088, 1.2913, 1.128, 0.80096, 0.51744, 0.80711, 1.8071, 0.8847, 0.76246, 1.3537, 0.033225, 0.081856, 0.80723, 1.4576, 0.6670699999999999, 0.46667, 1.4492, 0.39552, 1.3361, 0.22755, 0.71211, 0.8375600000000001, 0.72777, 0.6675800000000001, 1.0904, 0.9178700000000001, 0.6824899999999999, -0.8617299999999999, 0.23864000000000002, 0.66677]
[-0.47884, -1.185, -1.2546, 0.013947999999999999, -0.55525, -0.8195899999999999, -0.43061000000000005, -0.36180999999999996, -0.69914, -0.46318000000000004, -1.0384, -0.8719100000000001, 0.16235, -1.5517, -0.56443, -0.85009, -1.1442, 1.5509, 1.8843, 1.5190000000000001, 1.4611, 2.0417, 1.7256, 1.6016, 1.9628, 1.3539, 1.2229999999999999, 1.787, 1.8441, 1.4781, 1.0144, 1.2598, 1.5939, 1.3653, 1.088, 1.2913, 1.128, 0.80096, 0.51744, 0.80711, 1.8071, 0.8847, 0.76246, 1.3537, 0.033225, 0.081856, 0.80723, 1.4576, 0.6670699999999999, 0.46667, 1.4492, 0.39552, 1.3361, 0.22755, 0.71211, 0.8375600000000001, 0.72777, 0.6675800000000001, 1.0904, 0.9178700000000001, 0.6824899999999999, -0.8617299999999999, 0.23864000000000002]
[-0.83241, -0.47884, -1.185, -1.2546, 0.013947999999999999, -0.55525, -0.8195899999999999, -0.43061000000000005, -0.36180999999999996, -0.69914, -0.46318000000000004, -1.0384, -0.8719100000000001, 0.16235, -1.5517, -0.56443, -0.85009, -1.1442, 1.5509, 1.8843, 1.5190000000000001, 1.4611, 2.0417, 1.7256, 1.6016, 1.9628, 1.3539, 1.2229999999999999, 1.787, 1.8441, 1.4781, 1.0144, 1.2598, 1.5939, 1.3653, 1.088, 1.2913, 1.128, 0.80096, 0.51744, 0.80711, 1.8071, 0.8847, 0.76246, 1.3537, 0.033225, 0.081856, 0.80723, 1.4576, 0.6670699999999999, 0.46667, 1.4492, 0.39552, 1.3361, 0.22755, 0.71211, 0.8375600000000001, 0.72777, 0.6675800000000001, 1.0904, 0.9178700000000001, 0.6824899999999999, -0.8617299999999999]
[-0.48049, -1.3898, -0.83241, -0.47884, -1.185, -1.2546, 0.013947999999999999, -0.55525, -0.8195899999999999, -0.43061000000000005, -0.36180999999999996, -0.69914, -0.46318000000000004, -1.0384, -0.8719100000000001, 0.16235, -1.5517, -0.56443, -0.85009, -1.1442, 1.5509, 1.8843, 1.5190000000000001, 1.4611, 2.0417, 1.7256, 1.6016, 1.9628, 1.3539, 1.2229999999999999, 1.787, 1.8441, 1.4781, 1.0144, 1.2598, 1.5939, 1.3653, 1.088, 1.2913, 1.128, 0.80096, 0.51744, 0.80711, 1.8071, 0.8847, 0.76246, 1.3537, 0.033225, 0.081856, 0.80723, 1.4576, 0.6670699999999999, 0.46667, 1.4492, 0.39552, 1.3361, 0.22755, 0.71211, 0.8375600000000001, 0.72777, 0.6675800000000001, 1.0904, 0.9178700000000001, 0.6824899999999999, -0.8617299999999999, 0.23864000000000002, 0.66677, -0.91671, -0.10974, 0.49477, 0.16560999999999998, 0.5077, 0.19842, 0.55071, 0.32034, 0.57957, 0.46497, 0.25547, 0.1827, 0.47421]
[-0.67714, -0.48049, -1.3898, -0.83241, -0.47884, -1.185, -1.2546, 0.013947999999999999, -0.55525, -0.8195899999999999, -0.43061000000000005, -0.36180999999999996, -0.69914, -0.46318000000000004, -1.0384, -0.8719100000000001, 0.16235, -1.5517, -0.56443, -0.85009, -1.1442, 1.5509, 1.8843, 1.5190000000000001, 1.4611, 2.0417, 1.7256, 1.6016, 1.9628, 1.3539, 1.2229999999999999, 1.787, 1.8441, 1.4781, 1.0144, 1.2598, 1.5939, 1.3653, 1.088, 1.2913, 1.128, 0.80096, 0.51744, 0.80711, 1.8071, 0.8847, 0.76246, 1.3537, 0.033225, 0.081856, 0.80723, 1.4576, 0.6670699999999999, 0.46667, 1.4492, 0.39552, 1.3361, 0.22755, 0.71211, 0.8375600000000001, 0.72777, 0.6675800000000001, 1.0904, 0.9178700000000001, 0.6824899999999999, -0.8617299999999999, 0.23864000000000002, 0.66677, -0.91671, -0.10974, 0.49477, 0.16560999999999998, 0.5077, 0.19842, 0.55071, 0.32034, 0.57957, 0.46497, 0.25547, 0.1827, 0.47421]
[-0.81304, -0.70709, -0.38788, 0.10734, -0.44572, -1.1673, -0.54807, -1.171, -1.5631, -0.48156000000000004, -1.1722, -1.6866, -0.8847299999999999, -0.010229, 2.8985, 2.2162, 2.0180000000000002, 2.4185, 1.4003, 1.7994, 1.6969999999999998, 2.2865, 1.608, 1.9805, 1.5972, 2.1084, 2.6309, 0.32431, 2.0039, 1.3756, 1.6066, 1.5630000000000002, 1.0942, 1.9989, 0.63683, 1.1772, 1.1317, 0.38104, 0.72833, 0.61278, 0.7218399999999999, 1.151, 0.74654, 0.26999, 0.6852, 0.9141100000000001, -0.15011, 0.2332, 0.76262]
[-0.35879, -0.81304, -0.70709, -0.38788, 0.10734, -0.44572, -1.1673, -0.54807, -1.171, -1.5631, -0.48156000000000004, -1.1722, -1.6866, -0.8847299999999999, -0.010229, 2.8985, 2.2162, 2.0180000000000002, 2.4185, 1.4003, 1.7994, 1.6969999999999998, 2.2865, 1.608, 1.9805, 1.5972, 2.1084, 2.6309, 0.32431, 2.0039, 1.3756, 1.6066, 1.5630000000000002, 1.0942, 1.9989, 0.63683, 1.1772, 1.1317, 0.38104, 0.72833, 0.61278, 0.7218399999999999, 1.151, 0.74654, 0.26999, 0.6852, 0.9141100000000001, -0.15011, 0.2332, 0.76262, -0.2815]
[0.10658, -0.81204, -0.35879, -0.81304, -0.70709, -0.38788, 0.10734, -0.44572, -1.1673, -0.54807, -1.171, -1.5631, -0.48156000000000004, -1.1722, -1.6866, -0.8847299999999999, -0.010229, 2.8985, 2.2162, 2.0180000000000002, 2.4185, 1.4003, 1.7994, 1.6969999999999998, 2.2865, 1.608, 1.9805, 1.5972, 2.1084, 2.6309, 0.32431, 2.0039, 1.3756, 1.6066, 1.5630000000000002, 1.0942, 1.9989, 0.63683, 1.1772, 1.1317, 0.38104, 0.72833, 0.61278, 0.7218399999999999, 1.151, 0.74654, 0.26999, 0.6852, 0.9141100000000001, -0.15011, 0.2332, 0.76262]
[-0.6109, 0.10658, -0.81204, -0.35879, -0.81304, -0.70709, -0.38788, 0.10734, -0.44572, -1.1673, -0.54807, -1.171, -1.5631, -0.48156000000000004, -1.1722, -1.6866, -0.8847299999999999, -0.010229, 2.8985, 2.2162, 2.0180000000000002, 2.4185, 1.4003, 1.7994, 1.6969999999999998, 2.2865, 1.608, 1.9805, 1.5972, 2.1084, 2.6309, 0.32431, 2.0039, 1.3756, 1.6066, 1.5630000000000002, 1.0942, 1.9989, 0.63683, 1.1772, 1.1317, 0.38104, 0.72833, 0.61278, 0.7218399999999999, 1.151, 0.74654, 0.26999, 0.6852, 0.9141100000000001, -0.15011, 0.2332, 0.76262]
[-0.78363, -0.6109, 0.10658, -0.81204, -0.35879, -0.81304, -0.70709, -0.38788, 0.10734, -0.44572, -1.1673, -0.54807, -1.171, -1.5631, -0.48156000000000004, -1.1722, -1.6866, -0.8847299999999999, -0.010229, 2.8985, 2.2162, 2.0180000000000002, 2.4185, 1.4003, 1.7994, 1.6969999999999998, 2.2865, 1.608, 1.9805, 1.5972, 2.1084, 2.6309, 0.32431, 2.0039, 1.3756, 1.6066, 1.5630000000000002, 1.0942, 1.9989, 0.63683, 1.1772, 1.1317, 0.38104, 0.72833, 0.61278, 0.7218399999999999, 1.151, 0.74654, 0.26999, 0.6852, 0.9141100000000001, -0.15011, 0.2332, 0.76262, -0.2815, -0.16897]
[0.002156, -0.78363, -0.6109, 0.10658, -0.81204, -0.35879, -0.81304, -0.70709, -0.38788, 0.10734, -0.44572, -1.1673, -0.54807, -1.171, -1.5631, -0.48156000000000004, -1.1722, -1.6866, -0.8847299999999999, -0.010229, 2.8985, 2.2162, 2.0180000000000002, 2.4185, 1.4003, 1.7994, 1.6969999999999998, 2.2865, 1.608, 1.9805, 1.5972, 2.1084, 2.6309, 0.32431, 2.0039, 1.3756, 1.6066, 1.5630000000000002, 1.0942, 1.9989, 0.63683, 1.1772, 1.1317, 0.38104, 0.72833, 0.61278, 0.7218399999999999, 1.151, 0.74654, 0.26999, 0.6852, 0.9141100000000001, -0.15011, 0.2332, 0.76262, -0.2815, -0.16897, -0.06526699999999999, 0.5579]
[-0.1104, 0.002156, -0.78363, -0.6109, 0.10658, -0.81204, -0.35879, -0.81304, -0.70709, -0.38788, 0.10734, -0.44572, -1.1673, -0.54807, -1.171, -1.5631, -0.48156000000000004, -1.1722, -1.6866, -0.8847299999999999, -0.010229, 2.8985, 2.2162, 2.0180000000000002, 2.4185, 1.4003, 1.7994, 1.6969999999999998, 2.2865, 1.608, 1.9805, 1.5972, 2.1084, 2.6309, 0.32431, 2.0039, 1.3756, 1.6066, 1.5630000000000002, 1.0942, 1.9989, 0.63683, 1.1772, 1.1317, 0.38104, 0.72833, 0.61278, 0.7218399999999999, 1.151, 0.74654, 0.26999, 0.6852, 0.9141100000000001, -0.15011, 0.2332, 0.76262, -0.2815, -0.16897, -0.06526699999999999, 0.5579]
[-0.70082, -0.441, -1.2125, -0.9547, -1.273, -0.22575, -0.23167, -0.072649, -1.1073, -0.9884299999999999, -0.5109600000000001, -1.2917, 1.9795, 2.07, 1.0396, 2.1136, 1.5694, 1.8156, 1.9138, 2.2225, 1.1952, 1.5398, 2.0773, 1.8811, 2.102, 1.146, 1.41, 2.7351, 1.7063, 1.1589, 1.2234, 1.1481, 1.4269, 1.0099, 0.29798, 1.1659, 1.4423, 0.64762, 1.5803, 1.3805, 0.24018, -0.25211, 0.22994, 0.9675, 0.47644, 0.82683, 1.0169, 0.25028, 0.7847, 0.31104, 0.50065]
[0.032050999999999996, -0.70082, -0.441, -1.2125, -0.9547, -1.273, -0.22575, -0.23167, -0.072649, -1.1073, -0.9884299999999999, -0.5109600000000001, -1.2917, 1.9795, 2.07, 1.0396, 2.1136, 1.5694, 1.8156, 1.9138, 2.2225, 1.1952, 1.5398, 2.0773, 1.8811, 2.102, 1.146, 1.41, 2.7351, 1.7063, 1.1589, 1.2234, 1.1481, 1.4269, 1.0099, 0.29798, 1.1659, 1.4423, 0.64762, 1.5803, 1.3805, 0.24018, -0.25211, 0.22994, 0.9675, 0.47644, 0.82683, 1.0169, 0.25028, 0.7847, 0.31104, 0.50065]
[0.18917, 0.032050999999999996, -0.70082, -0.441, -1.2125, -0.9547, -1.273, -0.22575, -0.23167, -0.072649, -1.1073, -0.9884299999999999, -0.5109600000000001, -1.2917, 1.9795, 2.07, 1.0396, 2.1136, 1.5694, 1.8156, 1.9138, 2.2225, 1.1952, 1.5398, 2.0773, 1.8811, 2.102, 1.146, 1.41, 2.7351, 1.7063, 1.1589, 1.2234, 1.1481, 1.4269, 1.0099, 0.29798, 1.1659, 1.4423, 0.64762, 1.5803, 1.3805, 0.24018, -0.25211, 0.22994, 0.9675, 0.47644, 0.82683, 1.0169, 0.25028, 0.7847, 0.31104, 0.50065]
[-0.9354600000000001, 0.18917, 0.032050999999999996, -0.70082, -0.441, -1.2125, -0.9547, -1.273, -0.22575, -0.23167, -0.072649, -1.1073, -0.9884299999999999, -0.5109600000000001, -1.2917, 1.9795, 2.07, 1.0396, 2.1136, 1.5694, 1.8156, 1.9138, 2.2225, 1.1952, 1.5398, 2.0773, 1.8811, 2.102, 1.146, 1.41, 2.7351, 1.7063, 1.1589, 1.2234, 1.1481, 1.4269, 1.0099, 0.29798, 1.1659, 1.4423, 0.64762, 1.5803, 1.3805, 0.24018, -0.25211, 0.22994, 0.9675, 0.47644, 0.82683, 1.0169, 0.25028, 0.7847, 0.31104, 0.50065, -0.015493, 0.58124]
[0.052448, -0.9354600000000001, 0.18917, 0.032050999999999996, -0.70082, -0.441, -1.2125, -0.9547, -1.273, -0.22575, -0.23167, -0.072649, -1.1073, -0.9884299999999999, -0.5109600000000001, -1.2917, 1.9795, 2.07, 1.0396, 2.1136, 1.5694, 1.8156, 1.9138, 2.2225, 1.1952, 1.5398, 2.0773, 1.8811, 2.102, 1.146, 1.41, 2.7351, 1.7063, 1.1589, 1.2234, 1.1481, 1.4269, 1.0099, 0.29798, 1.1659, 1.4423, 0.64762, 1.5803, 1.3805, 0.24018, -0.25211, 0.22994, 0.9675, 0.47644, 0.82683, 1.0169, 0.25028, 0.7847, 0.31104, 0.50065, -0.015493, 0.58124]
[-0.62007, 0.052448, -0.9354600000000001, 0.18917, 0.032050999999999996, -0.70082, -0.441, -1.2125, -0.9547, -1.273, -0.22575, -0.23167, -0.072649, -1.1073, -0.9884299999999999, -0.5109600000000001, -1.2917, 1.9795, 2.07, 1.0396, 2.1136, 1.5694, 1.8156, 1.9138, 2.2225, 1.1952, 1.5398, 2.0773, 1.8811, 2.102, 1.146, 1.41, 2.7351, 1.7063, 1.1589, 1.2234, 1.1481, 1.4269, 1.0099, 0.29798, 1.1659, 1.4423, 0.64762, 1.5803, 1.3805, 0.24018, -0.25211, 0.22994, 0.9675, 0.47644, 0.82683, 1.0169, 0.25028, 0.7847, 0.31104, 0.50065, -0.015493, 0.58124]
[-1.5513, -0.62007, 0.052448, -0.9354600000000001, 0.18917, 0.032050999999999996, -0.70082, -0.441, -1.2125, -0.9547, -1.273, -0.22575, -0.23167, -0.072649, -1.1073, -0.9884299999999999, -0.5109600000000001, -1.2917, 1.9795, 2.07, 1.0396, 2.1136, 1.5694, 1.8156, 1.9138, 2.2225, 1.1952, 1.5398, 2.0773, 1.8811, 2.102, 1.146, 1.41, 2.7351, 1.7063, 1.1589, 1.2234, 1.1481, 1.4269, 1.0099, 0.29798, 1.1659, 1.4423, 0.64762, 1.5803, 1.3805, 0.24018, -0.25211, 0.22994, 0.9675, 0.47644, 0.82683, 1.0169, 0.25028, 0.7847, 0.31104, 0.50065, -0.015493, 0.58124, 0.17356, 0.38198000000000004]
[-0.35605, -1.5513, -0.62007, 0.052448, -0.9354600000000001, 0.18917, 0.032050999999999996, -0.70082, -0.441, -1.2125, -0.9547, -1.273, -0.22575, -0.23167, -0.072649, -1.1073, -0.9884299999999999, -0.5109600000000001, -1.2917, 1.9795, 2.07, 1.0396, 2.1136, 1.5694, 1.8156, 1.9138, 2.2225, 1.1952, 1.5398, 2.0773, 1.8811, 2.102, 1.146, 1.41, 2.7351, 1.7063, 1.1589, 1.2234, 1.1481, 1.4269, 1.0099, 0.29798, 1.1659, 1.4423, 0.64762, 1.5803, 1.3805, 0.24018, -0.25211, 0.22994, 0.9675, 0.47644, 0.82683, 1.0169, 0.25028, 0.7847, 0.31104, 0.50065, -0.015493, 0.58124, 0.17356, 0.38198000000000004]
[-1.0255, -0.35605, -1.5513, -0.62007, 0.052448, -0.9354600000000001, 0.18917, 0.032050999999999996, -0.70082, -0.441, -1.2125, -0.9547, -1.273, -0.22575, -0.23167, -0.072649, -1.1073, -0.9884299999999999, -0.5109600000000001, -1.2917, 1.9795, 2.07, 1.0396, 2.1136, 1.5694, 1.8156, 1.9138, 2.2225, 1.1952, 1.5398, 2.0773, 1.8811, 2.102, 1.146, 1.41, 2.7351, 1.7063, 1.1589, 1.2234, 1.1481, 1.4269, 1.0099, 0.29798, 1.1659, 1.4423, 0.64762, 1.5803, 1.3805, 0.24018, -0.25211, 0.22994, 0.9675, 0.47644, 0.82683, 1.0169, 0.25028, 0.7847, 0.31104, 0.50065, -0.015493, 0.58124]
[-0.057289, -1.0255, -0.35605, -1.5513, -0.62007, 0.052448, -0.9354600000000001, 0.18917, 0.032050999999999996, -0.70082, -0.441, -1.2125, -0.9547, -1.273, -0.22575, -0.23167, -0.072649, -1.1073, -0.9884299999999999, -0.5109600000000001, -1.2917, 1.9795, 2.07, 1.0396, 2.1136, 1.5694, 1.8156, 1.9138, 2.2225, 1.1952, 1.5398, 2.0773, 1.8811, 2.102, 1.146, 1.41, 2.7351, 1.7063, 1.1589, 1.2234, 1.1481, 1.4269, 1.0099, 0.29798, 1.1659, 1.4423, 0.64762, 1.5803, 1.3805, 0.24018, -0.25211, 0.22994, 0.9675, 0.47644, 0.82683, 1.0169, 0.25028, 0.7847, 0.31104, 0.50065, -0.015493, 0.58124]
[-1.0379, -0.22084, -0.75257, -0.3479, -0.54975, -0.8398899999999999, 0.16577999999999998, -0.8205899999999999, 0.17044, -0.19562000000000002, -0.16772, -0.018688999999999997, -1.8194, -0.56134, -0.26032, 1.0103, 1.9958, 2.0689, 1.3137, 2.7683, 3.0075, 2.4813, 1.6713, 1.8451, 1.5379, 2.5795, 1.7859, 0.77812, 1.4366, 1.3661, 0.9800399999999999, 1.5519999999999998, 1.5792, 1.0408, 0.78035, 1.2771, 1.6371, 0.57035, 1.2229999999999999, 1.1539, 0.64677, 0.97954, 0.48625, 0.50275, 0.47396000000000005, 0.79209, 1.0965, 0.17735, -0.024943, 0.74715]
[-0.9383600000000001, -0.797, -1.0379, -0.22084, -0.75257, -0.3479, -0.54975, -0.8398899999999999, 0.16577999999999998, -0.8205899999999999, 0.17044, -0.19562000000000002, -0.16772, -0.018688999999999997, -1.8194, -0.56134, -0.26032, 1.0103, 1.9958, 2.0689, 1.3137, 2.7683, 3.0075, 2.4813, 1.6713, 1.8451, 1.5379, 2.5795, 1.7859, 0.77812, 1.4366, 1.3661, 0.9800399999999999, 1.5519999999999998, 1.5792, 1.0408, 0.78035, 1.2771, 1.6371, 0.57035, 1.2229999999999999, 1.1539, 0.64677, 0.97954, 0.48625, 0.50275, 0.47396000000000005, 0.79209, 1.0965, 0.17735, -0.024943, 0.74715]
[-0.9786299999999999, -0.9383600000000001, -0.797, -1.0379, -0.22084, -0.75257, -0.3479, -0.54975, -0.8398899999999999, 0.16577999999999998, -0.8205899999999999, 0.17044, -0.19562000000000002, -0.16772, -0.018688999999999997, -1.8194, -0.56134, -0.26032, 1.0103, 1.9958, 2.0689, 1.3137, 2.7683, 3.0075, 2.4813, 1.6713, 1.8451, 1.5379, 2.5795, 1.7859, 0.77812, 1.4366, 1.3661, 0.9800399999999999, 1.5519999999999998, 1.5792, 1.0408, 0.78035, 1.2771, 1.6371, 0.57035, 1.2229999999999999, 1.1539, 0.64677, 0.97954, 0.48625, 0.50275, 0.47396000000000005, 0.79209, 1.0965, 0.17735, -0.024943]
[-0.08039500000000001, -0.35296, -0.9786299999999999, -0.9383600000000001, -0.797, -1.0379, -0.22084, -0.75257, -0.3479, -0.54975, -0.8398899999999999, 0.16577999999999998, -0.8205899999999999, 0.17044, -0.19562000000000002, -0.16772, -0.018688999999999997, -1.8194, -0.56134, -0.26032, 1.0103, 1.9958, 2.0689, 1.3137, 2.7683, 3.0075, 2.4813, 1.6713, 1.8451, 1.5379, 2.5795, 1.7859, 0.77812, 1.4366, 1.3661, 0.9800399999999999, 1.5519999999999998, 1.5792, 1.0408, 0.78035, 1.2771, 1.6371, 0.57035, 1.2229999999999999, 1.1539, 0.64677, 0.97954, 0.48625, 0.50275, 0.47396000000000005, 0.79209, 1.0965, 0.17735, -0.024943, 0.74715]
