[0.51244, 0.47485, 0.43248000000000003, 0.40444, 0.33903, 0.26205, 0.22305999999999998, 0.24140999999999999, 0.24036, 0.2073, 0.21281, 0.24949000000000002, 0.25621, 0.26658000000000004, 0.33899999999999997, 0.44332, 0.5402, 0.63521, 0.70827, 0.76583, 0.87435, 0.88326, 0.8463200000000001, 0.98077, 1.0469, 1.0402, 1.0374, 1.0325, 1.0329, 1.0432, 1.0252, 0.95724, 0.98234, 0.93527, 0.84304, 0.7601100000000001, 0.7210300000000001]
[0.56723, 0.51244, 0.47485, 0.43248000000000003, 0.40444, 0.33903, 0.26205, 0.22305999999999998, 0.24140999999999999, 0.24036, 0.2073, 0.21281, 0.24949000000000002, 0.25621, 0.26658000000000004, 0.33899999999999997, 0.44332, 0.5402, 0.63521, 0.70827, 0.76583, 0.87435, 0.88326, 0.8463200000000001, 0.98077, 1.0469, 1.0402, 1.0374, 1.0325, 1.0329, 1.0432, 1.0252, 0.95724, 0.98234, 0.93527, 0.84304, 0.7601100000000001, 0.7210300000000001, 0.67473, 0.6163, 0.60649, 0.5967, 0.48258999999999996, 0.32463000000000003, 0.20110999999999998, 0.10097, -0.034165, -0.15944, -0.24965, -0.31928, -0.34076999999999996, -0.35731, -0.35495, -0.34208]
[0.61783, 0.5352600000000001, 0.44348999999999994, 0.43106000000000005, 0.4194, 0.37485, 0.3276, 0.27559, 0.27101, 0.32311999999999996, 0.31306, 0.32345999999999997, 0.34661, 0.3227, 0.35272, 0.45216000000000006, 0.58208, 0.6553, 0.70518, 0.80273, 0.89645, 0.8562700000000001, 0.83106, 1.0438, 1.0867, 0.98126, 0.9599700000000001, 0.99511, 1.0687, 1.0659999999999998, 1.0361, 0.9793799999999999, 0.9012700000000001, 0.87887, 0.94101, 0.9118200000000001, 0.7941199999999999]
[0.6674800000000001, 0.56697, 0.49462, 0.44197, 0.39316999999999996, 0.36908, 0.33539, 0.29231999999999997, 0.23703000000000002, 0.20269, 0.25282, 0.25438, 0.20265999999999998, 0.19551, 0.21933000000000002, 0.2553, 0.27202, 0.38316, 0.53963, 0.62271, 0.7391300000000001, 0.87131, 0.90502, 0.88876, 0.8897799999999999, 1.0013, 1.0839, 1.0664, 1.0924, 1.0685, 1.024, 1.0579, 1.0611, 1.0399, 0.96851, 0.8397, 0.7748, 0.7218399999999999, 0.66762, 0.64494, 0.602, 0.56653, 0.49537, 0.38995, 0.33739, 0.22416999999999998, 0.094682, -0.042347, -0.16649, -0.29161, -0.37001999999999996, -0.36646999999999996, -0.37009000000000003, -0.37859]
[1.4148, 1.4358, 1.5530000000000002, 1.61, 1.73, 1.6561, 1.5945, 1.6569999999999998, 1.5728, 1.4071, 1.0777, 0.90755, 0.87616, 0.79342, 0.71829, 0.78797, 0.9192799999999999, 1.0928, 1.2612, 1.304, 1.2006, 0.9395100000000001, 0.6531899999999999, 0.41483000000000003, 0.18550999999999998, -0.060611, -0.25804, -0.43531000000000003, -0.6060800000000001, -0.76884]
[0.69968, 0.6674800000000001, 0.56697, 0.49462, 0.44197, 0.39316999999999996, 0.36908, 0.33539, 0.29231999999999997, 0.23703000000000002, 0.20269, 0.25282, 0.25438, 0.20265999999999998, 0.19551, 0.21933000000000002, 0.2553, 0.27202, 0.38316, 0.53963, 0.62271, 0.7391300000000001, 0.87131, 0.90502, 0.88876, 0.8897799999999999, 1.0013, 1.0839, 1.0664, 1.0924, 1.0685, 1.024, 1.0579, 1.0611]
[1.5477, 1.4122, 1.4148, 1.4358, 1.5530000000000002, 1.61, 1.73, 1.6561, 1.5945, 1.6569999999999998, 1.5728, 1.4071, 1.0777, 0.90755, 0.87616, 0.79342, 0.71829, 0.78797, 0.9192799999999999, 1.0928, 1.2612, 1.304, 1.2006, 0.9395100000000001, 0.6531899999999999, 0.41483000000000003, 0.18550999999999998, -0.060611, -0.25804, -0.43531000000000003, -0.6060800000000001, -0.76884, -0.88465, -0.9831200000000001, -1.0518, -1.0842, -1.0632, -1.0377, -1.0147]
[1.8609, 1.7861, 1.5477, 1.4122, 1.4148, 1.4358, 1.5530000000000002, 1.61, 1.73, 1.6561, 1.5945, 1.6569999999999998, 1.5728, 1.4071, 1.0777, 0.90755, 0.87616, 0.79342, 0.71829, 0.78797, 0.9192799999999999, 1.0928, 1.2612, 1.304, 1.2006, 0.9395100000000001, 0.6531899999999999, 0.41483000000000003, 0.18550999999999998, -0.060611, -0.25804, -0.43531000000000003, -0.6060800000000001, -0.76884, -0.88465, -0.9831200000000001, -1.0518, -1.0842, -1.0632, -1.0377, -1.0147, -0.9943799999999999, -1.0086, -1.065, -1.1586, -1.2796, -1.4388, -1.5679, -1.6815, -1.7629]
[-0.21924000000000002, -0.11563, -0.02698, 0.058271, 0.14715999999999999, 0.22625, 0.33621999999999996, 0.43738, 0.5957100000000001, 0.7217899999999999, 0.9400299999999999, 1.1146, 1.1558, 1.1888, 1.3277, 1.4211, 1.5243, 1.6688, 1.7295, 1.8017, 1.8609, 1.7861, 1.5477, 1.4122, 1.4148, 1.4358, 1.5530000000000002, 1.61, 1.73, 1.6561, 1.5945, 1.6569999999999998, 1.5728, 1.4071, 1.0777, 0.90755, 0.87616, 0.79342, 0.71829, 0.78797, 0.9192799999999999, 1.0928, 1.2612, 1.304, 1.2006, 0.9395100000000001, 0.6531899999999999, 0.41483000000000003, 0.18550999999999998, -0.060611]
[-0.21965, -0.21924000000000002, -0.11563, -0.02698, 0.058271, 0.14715999999999999, 0.22625, 0.33621999999999996, 0.43738, 0.5957100000000001, 0.7217899999999999, 0.9400299999999999, 1.1146, 1.1558, 1.1888, 1.3277, 1.4211, 1.5243, 1.6688, 1.7295, 1.8017, 1.8609, 1.7861, 1.5477, 1.4122, 1.4148, 1.4358, 1.5530000000000002, 1.61, 1.73, 1.6561, 1.5945, 1.6569999999999998, 1.5728, 1.4071, 1.0777, 0.90755, 0.87616, 0.79342, 0.71829, 0.78797, 0.9192799999999999, 1.0928, 1.2612, 1.304, 1.2006, 0.9395100000000001, 0.6531899999999999, 0.41483000000000003, 0.18550999999999998, -0.060611]
[0.55555, 0.49358, 0.4521, 0.37895999999999996, 0.35284, 0.31134, 0.27535, 0.2728, 0.20496, 0.20959, 0.24333000000000002, 0.20881, 0.21113, 0.27366999999999997, 0.32833, 0.37766, 0.48318, 0.59985, 0.7097600000000001, 0.80703, 0.9353100000000001, 0.9431299999999999, 0.8673, 0.9874799999999999, 1.0765, 1.0631, 1.0224, 1.0318, 1.0713, 1.0397, 1.024, 0.96383, 0.90107, 0.88176, 0.83535, 0.7659199999999999, 0.7002]
[1.8746, 1.6971, 1.5590000000000002, 1.5557, 1.6022, 1.6375, 1.5871, 1.6556, 1.7302, 1.7559, 1.7821, 1.526, 1.2043, 1.0367, 0.90828, 0.86735, 0.94742, 0.9859399999999999, 1.0073, 1.1243, 1.3995, 1.4713, 1.315, 0.97391, 0.72091, 0.52875, 0.28195, 0.042996, -0.21384, -0.45156, -0.6320600000000001, -0.8033600000000001, -0.9327200000000001, -1.046, -1.1135, -1.1743, -1.1995, -1.1926, -1.193]
[1.825, 1.8746, 1.6971, 1.5590000000000002, 1.5557, 1.6022, 1.6375, 1.5871, 1.6556, 1.7302, 1.7559, 1.7821, 1.526, 1.2043, 1.0367, 0.90828, 0.86735, 0.94742, 0.9859399999999999, 1.0073, 1.1243, 1.3995, 1.4713, 1.315, 0.97391, 0.72091, 0.52875, 0.28195, 0.042996, -0.21384, -0.45156, -0.6320600000000001, -0.8033600000000001, -0.9327200000000001, -1.046, -1.1135, -1.1743, -1.1995, -1.1926, -1.193, -1.2003, -1.2199, -1.2648, -1.3348, -1.4235, -1.5376, -1.6327, -1.7136, -1.7686, -1.8039]
[-0.1829, -0.16905, -0.064985, 0.008476000000000001, 0.11352999999999999, 0.2531, 0.40981000000000006, 0.49200000000000005, 0.5559, 0.67855, 0.7800699999999999, 0.94534, 1.1316, 1.2594, 1.3174, 1.4499, 1.6127, 1.6658, 1.7474, 1.8309, 1.7218, 1.7125, 1.6961, 1.5273, 1.4338, 1.3599, 1.4477, 1.5675, 1.5378, 1.608, 1.6261, 1.6759, 1.6367, 1.4623, 1.2929, 1.0671, 0.9273100000000001, 0.79878, 0.71611, 0.7015399999999999, 0.7882, 0.96126, 1.0646, 1.2476, 1.3247, 1.0907, 0.80684, 0.49893999999999994, 0.20955, -0.012324, -0.21746999999999997]
[1.6508, 1.5556, 1.5424, 1.6059999999999999, 1.5425, 1.5425, 1.6269999999999998, 1.7488, 1.6653, 1.5112, 1.2929, 1.0835, 0.9387200000000001, 0.76466, 0.6974, 0.8213, 0.9394399999999999, 0.9962200000000001, 1.0622, 1.3224, 1.4537, 1.3024, 1.0104, 0.67465, 0.38514, 0.11665, -0.10317, -0.31238, -0.52358, -0.67397]
[1.6346, 1.6508, 1.5556, 1.5424, 1.6059999999999999, 1.5425, 1.5425, 1.6269999999999998, 1.7488, 1.6653, 1.5112, 1.2929, 1.0835, 0.9387200000000001, 0.76466, 0.6974, 0.8213, 0.9394399999999999, 0.9962200000000001, 1.0622, 1.3224, 1.4537, 1.3024, 1.0104, 0.67465, 0.38514, 0.11665, -0.10317, -0.31238, -0.52358, -0.67397, -0.83762, -0.9628399999999999, -1.062, -1.1262, -1.1645, -1.1744, -1.1704, -1.1644]
[1.5824, 1.6511, 1.6584, 1.6757, 1.6572, 1.7361, 1.7336, 1.558, 1.5403, 1.2723, 1.0438, 1.0006, 0.80823, 0.88269, 1.093, 1.0504, 1.1018, 1.4486, 1.5802, 1.3652, 1.105, 0.80306, 0.53537, 0.37045, 0.11464, -0.10937000000000001, -0.3388]
[-0.10898, -0.090972, -0.16535999999999998, -0.20049, -0.21320999999999998, -0.14576, -0.000146, 0.10917, 0.14955, 0.25246, 0.44372, 0.53568, 0.6601600000000001, 0.7417, 0.82999, 0.89391, 1.0326, 1.171, 1.2646, 1.4387, 1.5194, 1.6114, 1.7934, 1.8462, 1.9243, 1.9422, 1.7811, 1.685, 1.6286, 1.5824, 1.6511, 1.6584, 1.6757, 1.6572, 1.7361, 1.7336, 1.558, 1.5403, 1.2723, 1.0438, 1.0006, 0.80823]
[0.40865, 0.35991999999999996, 0.27194, 0.26750999999999997, 0.30898000000000003, 0.29363, 0.25128, 0.24584, 0.24736999999999998, 0.2641, 0.2827, 0.31944, 0.40091, 0.5222399999999999, 0.65136, 0.75325, 0.7762399999999999, 0.75147, 0.76395, 0.8259799999999999, 0.97372, 1.0526, 1.088, 1.0573, 1.0033, 1.0378, 1.081, 1.1172, 1.0874, 0.9791200000000001, 0.9512, 0.9034200000000001, 0.79701, 0.6614, 0.61687, 0.6896399999999999, 0.62834, 0.5161399999999999, 0.47441000000000005, 0.38582, 0.25038, 0.14373, 0.01835, -0.1028, -0.19593, -0.2535, -0.2873, -0.30785, -0.31622, -0.33131, -0.34598, -0.30904, -0.22471999999999998, -0.18392999999999998, -0.17382, -0.10898]
[1.4752, 1.4346, 1.5111, 1.5761, 1.5845, 1.5955, 1.5852, 1.6029, 1.4645, 1.1959, 0.9920700000000001, 0.83635, 0.72433, 0.6563100000000001, 0.7901100000000001, 0.94085, 1.0112, 1.1848, 1.4053, 1.3980000000000001, 1.2577, 1.0451, 0.7458600000000001, 0.4835, 0.23736999999999997, -0.039288, -0.29095, -0.50342, -0.65168]
[-0.062099, -0.12462000000000001, -0.14135, -0.16492, -0.18152000000000001, -0.06275399999999999, 0.005318, 0.068151, 0.15868, 0.28676999999999997, 0.39523, 0.43942, 0.53622, 0.67487, 0.8733799999999999, 0.9949899999999999, 1.1541, 1.2817, 1.3099, 1.416, 1.5847, 1.6612, 1.7362, 1.7239, 1.7547, 1.7565, 1.575, 1.4938, 1.4752, 1.4346, 1.5111, 1.5761, 1.5845, 1.5955, 1.5852, 1.6029, 1.4645, 1.1959, 0.9920700000000001, 0.83635, 0.72433, 0.6563100000000001, 0.7901100000000001, 0.94085, 1.0112]
[1.9216, 1.7591, 1.5478, 1.4735, 1.5630000000000002, 1.5914, 1.683, 1.8209, 1.8101, 1.5765, 1.3305, 1.0887, 0.8234100000000001, 0.6163, 0.5399, 0.53581, 0.62221, 0.87231, 1.0248, 1.038, 1.2305, 1.3266, 1.1632, 0.85269, 0.5082399999999999, 0.22675, -0.009762999999999999, -0.25198000000000004, -0.47667, -0.6803100000000001]
[-0.27962, -0.3024, -0.27924, -0.17668, -0.10880999999999999, -0.009907, 0.10189, 0.19739, 0.37961999999999996, 0.48101000000000005, 0.58978, 0.76261, 1.0306, 1.1489, 1.2801, 1.5369, 1.6867, 1.8969, 2.0178, 2.0058, 2.0463, 2.0364, 2.135, 2.0971, 1.9216, 1.7591, 1.5478, 1.4735, 1.5630000000000002, 1.5914, 1.683, 1.8209, 1.8101, 1.5765, 1.3305, 1.0887, 0.8234100000000001, 0.6163, 0.5399, 0.53581, 0.62221, 0.87231, 1.0248, 1.038, 1.2305, 1.3266, 1.1632, 0.85269, 0.5082399999999999, 0.22675]
[-0.4725, -0.47711000000000003, -0.3902, -0.29732, -0.25954, -0.23448000000000002, -0.21455, -0.24699000000000002, -0.27962, -0.3024, -0.27924, -0.17668, -0.10880999999999999, -0.009907, 0.10189, 0.19739, 0.37961999999999996, 0.48101000000000005, 0.58978, 0.76261, 1.0306, 1.1489, 1.2801, 1.5369, 1.6867, 1.8969, 2.0178, 2.0058, 2.0463, 2.0364, 2.135, 2.0971, 1.9216, 1.7591, 1.5478, 1.4735, 1.5630000000000002, 1.5914, 1.683, 1.8209, 1.8101, 1.5765, 1.3305, 1.0887, 0.8234100000000001, 0.6163, 0.5399, 0.53581, 0.62221, 0.87231, 1.0248, 1.038, 1.2305, 1.3266]
[-0.46953, -0.46323000000000003, -0.46358999999999995, -0.4725, -0.47711000000000003, -0.3902, -0.29732, -0.25954, -0.23448000000000002, -0.21455, -0.24699000000000002, -0.27962, -0.3024, -0.27924, -0.17668, -0.10880999999999999, -0.009907, 0.10189, 0.19739, 0.37961999999999996, 0.48101000000000005, 0.58978, 0.76261, 1.0306, 1.1489, 1.2801, 1.5369, 1.6867, 1.8969, 2.0178, 2.0058, 2.0463, 2.0364, 2.135, 2.0971, 1.9216, 1.7591, 1.5478, 1.4735, 1.5630000000000002, 1.5914, 1.683, 1.8209, 1.8101, 1.5765, 1.3305, 1.0887, 0.8234100000000001, 0.6163, 0.5399, 0.53581, 0.62221, 0.87231, 1.0248, 1.038, 1.2305, 1.3266]
[-0.45177, -0.46953, -0.46323000000000003, -0.46358999999999995, -0.4725, -0.47711000000000003, -0.3902, -0.29732, -0.25954, -0.23448000000000002, -0.21455, -0.24699000000000002, -0.27962, -0.3024, -0.27924, -0.17668, -0.10880999999999999, -0.009907, 0.10189, 0.19739, 0.37961999999999996, 0.48101000000000005, 0.58978, 0.76261, 1.0306, 1.1489, 1.2801, 1.5369, 1.6867, 1.8969, 2.0178, 2.0058, 2.0463, 2.0364, 2.135, 2.0971, 1.9216, 1.7591, 1.5478, 1.4735, 1.5630000000000002, 1.5914, 1.683, 1.8209, 1.8101, 1.5765, 1.3305, 1.0887, 0.8234100000000001, 0.6163, 0.5399, 0.53581, 0.62221, 0.87231, 1.0248, 1.038, 1.2305, 1.3266]
[1.6249, 1.7879, 1.8939, 1.8404, 1.6606, 1.5138, 1.4135, 1.4065, 1.3582, 1.4341, 1.5045, 1.4393, 1.4106, 1.4706, 1.3782, 1.2154, 1.1941, 1.0669, 0.8076300000000001, 0.66385, 0.60624, 0.67182, 0.77249, 0.92911, 1.1578, 1.338, 1.2977, 1.1519, 0.8993399999999999, 0.6006100000000001, 0.44922, 0.24933000000000002, -0.013147999999999998, -0.26387, -0.45299999999999996, -0.59423, -0.77496, -0.90441, -1.0045, -1.0646, -1.0939, -1.1074, -1.1072, -1.1005, -1.1054, -1.1236, -1.1671, -1.2447, -1.3414, -1.4631, -1.5588, -1.6404, -1.6998, -1.7393, -1.7671]
[-0.28414, -0.27858, -0.13635999999999998, -0.07195800000000001, -0.018938, 0.05449299999999999, 0.23339000000000001, 0.37792, 0.40868000000000004, 0.53604, 0.64732, 0.82594, 0.97919, 1.1658, 1.3501, 1.4879, 1.5304, 1.5075, 1.6249, 1.7879, 1.8939, 1.8404, 1.6606, 1.5138, 1.4135, 1.4065, 1.3582, 1.4341, 1.5045, 1.4393, 1.4106, 1.4706, 1.3782, 1.2154, 1.1941, 1.0669, 0.8076300000000001, 0.66385, 0.60624, 0.67182, 0.77249, 0.92911, 1.1578, 1.338, 1.2977, 1.1519, 0.8993399999999999, 0.6006100000000001, 0.44922, 0.24933000000000002]
[-0.45815, -0.46392, -0.39559, -0.30593000000000004, -0.22949, -0.19749, -0.2096, -0.24785, -0.26298, -0.28414, -0.27858, -0.13635999999999998, -0.07195800000000001, -0.018938, 0.05449299999999999, 0.23339000000000001, 0.37792, 0.40868000000000004, 0.53604, 0.64732, 0.82594, 0.97919, 1.1658, 1.3501, 1.4879, 1.5304, 1.5075, 1.6249, 1.7879, 1.8939, 1.8404, 1.6606, 1.5138, 1.4135, 1.4065, 1.3582, 1.4341, 1.5045, 1.4393, 1.4106, 1.4706, 1.3782, 1.2154, 1.1941, 1.0669, 0.8076300000000001, 0.66385, 0.60624, 0.67182, 0.77249, 0.92911, 1.1578, 1.338, 1.2977]
[-0.47653999999999996, -0.47703999999999996, -0.4523, -0.45815, -0.46392, -0.39559, -0.30593000000000004, -0.22949, -0.19749, -0.2096, -0.24785, -0.26298, -0.28414, -0.27858, -0.13635999999999998, -0.07195800000000001, -0.018938, 0.05449299999999999, 0.23339000000000001, 0.37792, 0.40868000000000004, 0.53604, 0.64732, 0.82594, 0.97919, 1.1658, 1.3501, 1.4879, 1.5304, 1.5075, 1.6249, 1.7879, 1.8939, 1.8404, 1.6606, 1.5138, 1.4135, 1.4065, 1.3582, 1.4341, 1.5045, 1.4393, 1.4106, 1.4706, 1.3782, 1.2154, 1.1941, 1.0669, 0.8076300000000001, 0.66385, 0.60624, 0.67182, 0.77249, 0.92911, 1.1578, 1.338, 1.2977, 1.1519]
[1.5175, 1.5392, 1.5447, 1.5262, 1.6711, 1.7261, 1.7282, 1.7268, 1.5081, 1.2317, 1.028, 0.83788, 0.6833199999999999, 0.6540100000000001, 0.74939, 0.904, 1.0369, 1.1383, 1.3519, 1.3994, 1.1915, 0.90754, 0.53585, 0.26416999999999996, 0.060132000000000005, -0.17265, -0.38908000000000004]
[1.5192, 1.5175, 1.5392, 1.5447, 1.5262, 1.6711, 1.7261, 1.7282, 1.7268, 1.5081, 1.2317, 1.028, 0.83788, 0.6833199999999999, 0.6540100000000001, 0.74939, 0.904, 1.0369, 1.1383, 1.3519, 1.3994, 1.1915, 0.90754, 0.53585, 0.26416999999999996, 0.060132000000000005, -0.17265, -0.38908000000000004, -0.5997, -0.7421800000000001]
[1.6629, 1.5192, 1.5175, 1.5392, 1.5447, 1.5262, 1.6711, 1.7261, 1.7282, 1.7268, 1.5081, 1.2317, 1.028, 0.83788, 0.6833199999999999, 0.6540100000000001, 0.74939, 0.904, 1.0369, 1.1383, 1.3519, 1.3994, 1.1915, 0.90754, 0.53585, 0.26416999999999996, 0.060132000000000005, -0.17265, -0.38908000000000004, -0.5997, -0.7421800000000001, -0.89123, -0.99997, -1.0869, -1.1452, -1.1769, -1.1942, -1.2066, -1.2104]
[-0.29553, -0.30086, -0.21419000000000002, -0.11905999999999999, -0.009849, 0.098337, 0.19438, 0.32486, 0.44553999999999994, 0.59675, 0.7203, 0.90809, 1.0857, 1.2116, 1.2963, 1.4076, 1.5868, 1.7424, 1.7919, 1.9587, 1.9558, 1.8575, 1.8647, 1.6629, 1.5192, 1.5175, 1.5392, 1.5447, 1.5262, 1.6711, 1.7261, 1.7282, 1.7268, 1.5081, 1.2317, 1.028, 0.83788, 0.6833199999999999, 0.6540100000000001, 0.74939, 0.904, 1.0369, 1.1383, 1.3519, 1.3994, 1.1915, 0.90754, 0.53585, 0.26416999999999996, 0.060132000000000005]
[-0.47621, -0.46713999999999994, -0.39695, -0.30139, -0.25603000000000004, -0.23756, -0.19887, -0.22132, -0.26309, -0.29553, -0.30086, -0.21419000000000002, -0.11905999999999999, -0.009849, 0.098337, 0.19438, 0.32486, 0.44553999999999994, 0.59675, 0.7203, 0.90809, 1.0857, 1.2116, 1.2963, 1.4076, 1.5868, 1.7424, 1.7919, 1.9587, 1.9558, 1.8575, 1.8647, 1.6629, 1.5192, 1.5175, 1.5392, 1.5447, 1.5262, 1.6711, 1.7261, 1.7282, 1.7268, 1.5081, 1.2317, 1.028, 0.83788, 0.6833199999999999, 0.6540100000000001, 0.74939, 0.904, 1.0369, 1.1383, 1.3519, 1.3994]
[-0.47472, -0.48515, -0.48303999999999997, -0.47621, -0.46713999999999994, -0.39695, -0.30139, -0.25603000000000004, -0.23756, -0.19887, -0.22132, -0.26309, -0.29553, -0.30086, -0.21419000000000002, -0.11905999999999999, -0.009849, 0.098337, 0.19438, 0.32486, 0.44553999999999994, 0.59675, 0.7203, 0.90809, 1.0857, 1.2116, 1.2963, 1.4076, 1.5868, 1.7424, 1.7919, 1.9587, 1.9558, 1.8575, 1.8647, 1.6629, 1.5192, 1.5175, 1.5392, 1.5447, 1.5262, 1.6711, 1.7261, 1.7282, 1.7268, 1.5081, 1.2317, 1.028, 0.83788, 0.6833199999999999, 0.6540100000000001, 0.74939, 0.904, 1.0369, 1.1383, 1.3519, 1.3994, 1.1915]
[1.5471, 1.6435, 1.6573, 1.5664, 1.5283, 1.5452, 1.547, 1.4162, 1.1307, 0.87805, 0.7471800000000001, 0.6352300000000001, 0.55596, 0.63279, 0.71704, 0.80718, 0.9306200000000001, 1.09, 1.1439, 0.96168, 0.68509, 0.37159000000000003, 0.11155999999999999, -0.086288, -0.26511, -0.42072]
[1.6395, 1.5471, 1.6435, 1.6573, 1.5664, 1.5283, 1.5452, 1.547, 1.4162, 1.1307, 0.87805, 0.7471800000000001, 0.6352300000000001, 0.55596, 0.63279, 0.71704, 0.80718, 0.9306200000000001, 1.09, 1.1439, 0.96168, 0.68509, 0.37159000000000003, 0.11155999999999999, -0.086288, -0.26511, -0.42072, -0.61056, -0.75941]
[-0.28286, -0.26985, -0.18813, -0.09558, 0.024143, 0.12287000000000001, 0.23163000000000003, 0.37375, 0.46113000000000004, 0.63246, 0.76679, 0.98045, 1.14, 1.2914, 1.4441, 1.6045, 1.7989, 1.9239, 2.0212, 2.1171, 2.1771, 2.1602, 2.0436, 1.8918, 1.7999, 1.6395, 1.5471, 1.6435, 1.6573, 1.5664, 1.5283, 1.5452, 1.547, 1.4162, 1.1307, 0.87805, 0.7471800000000001, 0.6352300000000001, 0.55596, 0.63279, 0.71704, 0.80718, 0.9306200000000001, 1.09, 1.1439, 0.96168, 0.68509, 0.37159000000000003, 0.11155999999999999, -0.086288]
[-0.3127, -0.29120999999999997, -0.27394, -0.27856, -0.2907, -0.28286, -0.26985, -0.18813, -0.09558, 0.024143, 0.12287000000000001, 0.23163000000000003, 0.37375, 0.46113000000000004, 0.63246, 0.76679, 0.98045, 1.14, 1.2914, 1.4441, 1.6045, 1.7989, 1.9239, 2.0212, 2.1171, 2.1771, 2.1602, 2.0436, 1.8918, 1.7999, 1.6395, 1.5471, 1.6435, 1.6573, 1.5664, 1.5283, 1.5452, 1.547, 1.4162, 1.1307, 0.87805, 0.7471800000000001, 0.6352300000000001, 0.55596, 0.63279, 0.71704, 0.80718]
[-0.44158000000000003, -0.45064, -0.39266999999999996, -0.34069, -0.3127, -0.29120999999999997, -0.27394, -0.27856, -0.2907, -0.28286, -0.26985, -0.18813, -0.09558, 0.024143, 0.12287000000000001, 0.23163000000000003, 0.37375, 0.46113000000000004, 0.63246, 0.76679, 0.98045, 1.14, 1.2914, 1.4441, 1.6045, 1.7989, 1.9239, 2.0212, 2.1171, 2.1771, 2.1602, 2.0436, 1.8918, 1.7999, 1.6395, 1.5471, 1.6435, 1.6573, 1.5664, 1.5283, 1.5452, 1.547, 1.4162, 1.1307, 0.87805, 0.7471800000000001, 0.6352300000000001, 0.55596, 0.63279, 0.71704, 0.80718, 0.9306200000000001, 1.09, 1.1439]
[-0.45366000000000006, -0.44806, -0.43728, -0.44158000000000003, -0.45064, -0.39266999999999996, -0.34069, -0.3127, -0.29120999999999997, -0.27394, -0.27856, -0.2907, -0.28286, -0.26985, -0.18813, -0.09558, 0.024143, 0.12287000000000001, 0.23163000000000003, 0.37375, 0.46113000000000004, 0.63246, 0.76679, 0.98045, 1.14, 1.2914, 1.4441, 1.6045, 1.7989, 1.9239, 2.0212, 2.1171, 2.1771, 2.1602, 2.0436, 1.8918, 1.7999, 1.6395, 1.5471, 1.6435, 1.6573, 1.5664, 1.5283, 1.5452, 1.547, 1.4162, 1.1307, 0.87805, 0.7471800000000001, 0.6352300000000001, 0.55596, 0.63279, 0.71704, 0.80718, 0.9306200000000001, 1.09, 1.1439, 0.96168]
[-0.43583999999999995, -0.45366000000000006, -0.44806, -0.43728, -0.44158000000000003, -0.45064, -0.39266999999999996, -0.34069, -0.3127, -0.29120999999999997, -0.27394, -0.27856, -0.2907, -0.28286, -0.26985, -0.18813, -0.09558, 0.024143, 0.12287000000000001, 0.23163000000000003, 0.37375, 0.46113000000000004, 0.63246, 0.76679, 0.98045, 1.14, 1.2914, 1.4441, 1.6045, 1.7989, 1.9239, 2.0212, 2.1171, 2.1771, 2.1602, 2.0436, 1.8918, 1.7999, 1.6395, 1.5471, 1.6435, 1.6573, 1.5664, 1.5283, 1.5452, 1.547, 1.4162, 1.1307, 0.87805, 0.7471800000000001, 0.6352300000000001, 0.55596, 0.63279, 0.71704, 0.80718, 0.9306200000000001, 1.09, 1.1439]
[-0.36523, -0.43583999999999995, -0.45366000000000006, -0.44806, -0.43728, -0.44158000000000003, -0.45064, -0.39266999999999996, -0.34069, -0.3127, -0.29120999999999997, -0.27394, -0.27856, -0.2907, -0.28286, -0.26985, -0.18813, -0.09558, 0.024143, 0.12287000000000001, 0.23163000000000003, 0.37375, 0.46113000000000004, 0.63246, 0.76679, 0.98045, 1.14, 1.2914, 1.4441, 1.6045, 1.7989, 1.9239, 2.0212, 2.1171, 2.1771, 2.1602, 2.0436, 1.8918, 1.7999, 1.6395, 1.5471, 1.6435, 1.6573, 1.5664, 1.5283, 1.5452, 1.547, 1.4162, 1.1307, 0.87805, 0.7471800000000001, 0.6352300000000001, 0.55596, 0.63279, 0.71704]
[-0.12320999999999999, -0.054362, 0.031797000000000006, 0.17114000000000001, 0.32918000000000003, 0.32768, 0.3249, 0.43298000000000003, 0.5744, 0.66456, 0.83296, 0.9757100000000001, 1.093, 1.1673, 1.2388, 1.3994, 1.5113, 1.5244, 1.4796, 1.4394, 1.396, 1.4188, 1.4449, 1.351, 1.2828, 1.3769, 1.3897, 1.4145, 1.6769999999999998, 1.6201, 1.666, 1.8321, 1.8242, 1.6815, 1.3661, 1.107, 0.9616399999999999, 0.95673, 1.0008, 1.1559, 1.2854, 1.338, 1.5427, 1.6258, 1.5912, 1.3142, 0.73724, 0.31433, 0.081548, -0.17396]
[-0.074725, -0.066005, -0.032841, -0.066248, -0.096982, -0.1123, -0.12320999999999999, -0.054362, 0.031797000000000006, 0.17114000000000001, 0.32918000000000003, 0.32768, 0.3249, 0.43298000000000003, 0.5744, 0.66456, 0.83296, 0.9757100000000001, 1.093, 1.1673, 1.2388, 1.3994, 1.5113, 1.5244, 1.4796, 1.4394, 1.396, 1.4188, 1.4449, 1.351, 1.2828, 1.3769, 1.3897, 1.4145, 1.6769999999999998, 1.6201, 1.666, 1.8321, 1.8242, 1.6815, 1.3661, 1.107, 0.9616399999999999, 0.95673, 1.0008, 1.1559, 1.2854, 1.338]
[-0.12422000000000001, -0.074725, -0.066005, -0.032841, -0.066248, -0.096982, -0.1123, -0.12320999999999999, -0.054362, 0.031797000000000006, 0.17114000000000001, 0.32918000000000003, 0.32768, 0.3249, 0.43298000000000003, 0.5744, 0.66456, 0.83296, 0.9757100000000001, 1.093, 1.1673, 1.2388, 1.3994, 1.5113, 1.5244, 1.4796, 1.4394, 1.396, 1.4188, 1.4449, 1.351, 1.2828, 1.3769, 1.3897, 1.4145, 1.6769999999999998, 1.6201, 1.666, 1.8321, 1.8242, 1.6815, 1.3661, 1.107, 0.9616399999999999, 0.95673, 1.0008, 1.1559, 1.2854]
[-0.32732, -0.20901999999999998, -0.093082, 0.032817, 0.10545, 0.17683, 0.26757, 0.30811, 0.39258000000000004, 0.47703, 0.66604, 0.8507100000000001, 0.97124, 1.1183, 1.2847, 1.4005, 1.5531, 1.6315, 1.5967, 1.5956, 1.5456, 1.4093, 1.3138, 1.1876, 1.1375, 1.2341, 1.3907, 1.4033, 1.4714, 1.5209, 1.8263, 1.9937, 1.7930000000000001, 1.5527, 1.2862, 1.1067, 0.93043, 0.8023600000000001, 0.9328700000000001, 1.0979999999999999, 1.1474, 1.2590000000000001, 1.6951, 1.9097, 1.5998, 1.1716, 0.74315, 0.377, 0.086088, -0.16359]
[0.27831999999999996, 0.40502, 0.52933, 0.59029, 0.59739, 0.60574, 0.6169399999999999, 0.66151, 0.7196600000000001, 0.77066, 0.8162699999999999, 0.8151, 0.8175899999999999, 0.85277, 0.86455, 0.8620700000000001, 0.86114, 0.76265, 0.58665, 0.49141, 0.46042, 0.39399, 0.32948, 0.27142, 0.23496, 0.25995, 0.26327, 0.20329, 0.17047, 0.16443, 0.14407999999999999, 0.19437000000000001, 0.2749, 0.36309, 0.49821000000000004, 0.61442, 0.70639, 0.77576, 0.8303200000000001, 0.83095, 0.84105, 0.8938200000000001, 0.92999, 0.9783200000000001, 0.92027, 0.87864, 0.9296200000000001, 0.94916, 0.90427, 0.80938, 0.6733, 0.5697, 0.5494399999999999, 0.56445, 0.56138, 0.50103, 0.42067, 0.3939]
[-0.19257, -0.14903, -0.11669000000000002, -0.17203, -0.23596, -0.29843000000000003, -0.32732, -0.20901999999999998, -0.093082, 0.032817, 0.10545, 0.17683, 0.26757, 0.30811, 0.39258000000000004, 0.47703, 0.66604, 0.8507100000000001, 0.97124, 1.1183, 1.2847, 1.4005, 1.5531, 1.6315, 1.5967, 1.5956, 1.5456, 1.4093, 1.3138, 1.1876, 1.1375, 1.2341, 1.3907, 1.4033, 1.4714, 1.5209, 1.8263, 1.9937, 1.7930000000000001, 1.5527, 1.2862, 1.1067, 0.93043, 0.8023600000000001, 0.9328700000000001, 1.0979999999999999, 1.1474, 1.2590000000000001, 1.6951, 1.9097, 1.5998]
[0.24719000000000002, 0.22333000000000003, 0.19293, 0.19469, 0.21161999999999997, 0.27831999999999996, 0.40502, 0.52933, 0.59029, 0.59739, 0.60574, 0.6169399999999999, 0.66151, 0.7196600000000001, 0.77066, 0.8162699999999999, 0.8151, 0.8175899999999999, 0.85277, 0.86455, 0.8620700000000001, 0.86114, 0.76265, 0.58665, 0.49141, 0.46042, 0.39399, 0.32948, 0.27142, 0.23496, 0.25995, 0.26327, 0.20329, 0.17047, 0.16443, 0.14407999999999999, 0.19437000000000001, 0.2749, 0.36309, 0.49821000000000004, 0.61442, 0.70639, 0.77576, 0.8303200000000001, 0.83095, 0.84105, 0.8938200000000001, 0.92999]
[-0.2517, -0.19257, -0.14903, -0.11669000000000002, -0.17203, -0.23596, -0.29843000000000003, -0.32732, -0.20901999999999998, -0.093082, 0.032817, 0.10545, 0.17683, 0.26757, 0.30811, 0.39258000000000004, 0.47703, 0.66604, 0.8507100000000001, 0.97124, 1.1183, 1.2847, 1.4005, 1.5531, 1.6315, 1.5967, 1.5956, 1.5456, 1.4093, 1.3138, 1.1876, 1.1375, 1.2341, 1.3907, 1.4033, 1.4714, 1.5209, 1.8263, 1.9937, 1.7930000000000001, 1.5527, 1.2862, 1.1067, 0.93043, 0.8023600000000001, 0.9328700000000001, 1.0979999999999999, 1.1474]
[0.22252, 0.32958000000000004, 0.42699, 0.48858, 0.57284, 0.66495, 0.71643, 0.7499100000000001, 0.83462, 0.88436, 0.8805200000000001, 0.94634, 1.0198, 1.0151, 0.975, 1.0055, 0.93311, 0.77075, 0.66161, 0.57617, 0.46713000000000005, 0.39205999999999996, 0.38774000000000003, 0.3663, 0.30065, 0.25456999999999996, 0.2128, 0.17156, 0.17118, 0.16539, 0.19235, 0.26279, 0.31418, 0.41207, 0.54445, 0.65625, 0.7311300000000001, 0.84529, 0.97726, 0.90425, 0.83219, 0.8733799999999999, 0.9336, 1.0394, 1.0755, 1.0283, 0.95388, 0.94019, 0.92155, 0.83011, 0.76636, 0.6996899999999999, 0.66814, 0.6433800000000001, 0.60715, 0.56748, 0.57872, 0.5314300000000001]
[0.21988000000000002, 0.20349, 0.16763, 0.16939, 0.1359, 0.12992, 0.16697, 0.22252, 0.32958000000000004, 0.42699, 0.48858, 0.57284, 0.66495, 0.71643, 0.7499100000000001, 0.83462, 0.88436, 0.8805200000000001, 0.94634, 1.0198, 1.0151, 0.975, 1.0055, 0.93311, 0.77075, 0.66161, 0.57617, 0.46713000000000005, 0.39205999999999996, 0.38774000000000003, 0.3663, 0.30065, 0.25456999999999996, 0.2128, 0.17156, 0.17118, 0.16539, 0.19235, 0.26279, 0.31418, 0.41207, 0.54445, 0.65625, 0.7311300000000001, 0.84529, 0.97726, 0.90425, 0.83219, 0.8733799999999999, 0.9336, 1.0394, 1.0755, 1.0283, 0.95388, 0.94019, 0.92155, 0.83011, 0.76636]
[0.24731, 0.21988000000000002, 0.20349, 0.16763, 0.16939, 0.1359, 0.12992, 0.16697, 0.22252, 0.32958000000000004, 0.42699, 0.48858, 0.57284, 0.66495, 0.71643, 0.7499100000000001, 0.83462, 0.88436, 0.8805200000000001, 0.94634, 1.0198, 1.0151, 0.975, 1.0055, 0.93311, 0.77075, 0.66161, 0.57617, 0.46713000000000005, 0.39205999999999996, 0.38774000000000003, 0.3663, 0.30065, 0.25456999999999996, 0.2128, 0.17156, 0.17118, 0.16539, 0.19235, 0.26279, 0.31418, 0.41207, 0.54445, 0.65625, 0.7311300000000001, 0.84529, 0.97726, 0.90425, 0.83219, 0.8733799999999999, 0.9336, 1.0394, 1.0755, 1.0283]
[1.4533, 1.3339, 1.3138, 1.5184, 1.5135, 1.5871, 1.6327, 1.7296, 1.9078, 1.7638, 1.4588, 1.2175, 1.0367, 0.9369, 0.9061, 0.9908600000000001, 1.1428, 1.2763, 1.4139, 1.6408, 1.6979, 1.4463, 1.0823, 0.61025, 0.21202, -0.063913, -0.33266999999999997, -0.55389, -0.7659600000000001, -0.91786, -1.0536, -1.1494, -1.2297, -1.2805]
[0.2121, 0.33554, 0.43678, 0.48086999999999996, 0.5143800000000001, 0.58292, 0.64372, 0.71933, 0.77769, 0.8, 0.89749, 0.95175, 0.93076, 0.96954, 1.0393, 1.0208, 0.8964799999999999, 0.77241, 0.65625, 0.55101, 0.47486999999999996, 0.39628, 0.34321999999999997, 0.27783, 0.24006999999999998, 0.21600000000000003, 0.16998, 0.15541, 0.1402, 0.12312000000000001, 0.14538, 0.18836, 0.25445999999999996, 0.38929, 0.5311600000000001, 0.64466, 0.76217, 0.82547, 0.89135, 0.8395, 0.76285, 0.92151, 0.9528200000000001, 0.9031399999999999, 0.96836, 0.97183, 0.9279, 0.8964799999999999, 0.8899799999999999, 0.8230700000000001, 0.7116899999999999, 0.64793, 0.60031, 0.6047899999999999, 0.57998, 0.54425, 0.57044]
[0.17496, 0.1506, 0.14227, 0.17725, 0.21905, 0.16639, 0.14112, 0.2121, 0.33554, 0.43678, 0.48086999999999996, 0.5143800000000001, 0.58292, 0.64372, 0.71933, 0.77769, 0.8, 0.89749, 0.95175, 0.93076, 0.96954, 1.0393, 1.0208, 0.8964799999999999, 0.77241, 0.65625, 0.55101, 0.47486999999999996, 0.39628, 0.34321999999999997, 0.27783, 0.24006999999999998, 0.21600000000000003, 0.16998, 0.15541, 0.1402, 0.12312000000000001, 0.14538, 0.18836, 0.25445999999999996, 0.38929, 0.5311600000000001, 0.64466, 0.76217, 0.82547, 0.89135, 0.8395, 0.76285, 0.92151, 0.9528200000000001, 0.9031399999999999, 0.96836, 0.97183, 0.9279, 0.8964799999999999, 0.8899799999999999, 0.8230700000000001, 0.7116899999999999]
[-0.17712, -0.10989000000000002, 0.02953, 0.18357, 0.28475, 0.36175, 0.43245, 0.45808999999999994, 0.53891, 0.6663899999999999, 0.8631, 1.0271, 1.148, 1.3074, 1.4162, 1.5106, 1.6476, 1.7364, 1.6699, 1.5601, 1.5685, 1.4985, 1.3587, 1.2563, 1.2628, 1.3372, 1.5465, 1.6911, 1.7702, 1.7653, 1.9461, 2.1202, 2.0042, 1.65, 1.3101, 1.0667, 0.9673700000000001, 0.96091, 0.9978100000000001, 1.1332, 1.2967, 1.4929, 1.7041, 1.8343, 1.6217, 1.2314, 0.7287399999999999, 0.32522, 0.008152, -0.29107]
[0.2352, 0.17496, 0.1506, 0.14227, 0.17725, 0.21905, 0.16639, 0.14112, 0.2121, 0.33554, 0.43678, 0.48086999999999996, 0.5143800000000001, 0.58292, 0.64372, 0.71933, 0.77769, 0.8, 0.89749, 0.95175, 0.93076, 0.96954, 1.0393, 1.0208, 0.8964799999999999, 0.77241, 0.65625, 0.55101, 0.47486999999999996, 0.39628, 0.34321999999999997, 0.27783, 0.24006999999999998, 0.21600000000000003, 0.16998, 0.15541, 0.1402, 0.12312000000000001, 0.14538, 0.18836, 0.25445999999999996, 0.38929, 0.5311600000000001, 0.64466, 0.76217, 0.82547, 0.89135, 0.8395, 0.76285, 0.92151, 0.9528200000000001, 0.9031399999999999, 0.96836, 0.97183]
[0.52671, 0.46301000000000003, 0.33709, 0.2352, 0.17496, 0.1506, 0.14227, 0.17725, 0.21905, 0.16639, 0.14112, 0.2121, 0.33554, 0.43678, 0.48086999999999996, 0.5143800000000001, 0.58292, 0.64372, 0.71933, 0.77769, 0.8, 0.89749, 0.95175, 0.93076, 0.96954, 1.0393, 1.0208, 0.8964799999999999, 0.77241, 0.65625, 0.55101, 0.47486999999999996, 0.39628, 0.34321999999999997, 0.27783, 0.24006999999999998, 0.21600000000000003, 0.16998, 0.15541, 0.1402, 0.12312000000000001, 0.14538, 0.18836, 0.25445999999999996, 0.38929, 0.5311600000000001, 0.64466, 0.76217, 0.82547, 0.89135, 0.8395, 0.76285, 0.92151, 0.9528200000000001, 0.9031399999999999, 0.96836]
[-0.12344000000000001, -0.16625, -0.17712, -0.10989000000000002, 0.02953, 0.18357, 0.28475, 0.36175, 0.43245, 0.45808999999999994, 0.53891, 0.6663899999999999, 0.8631, 1.0271, 1.148, 1.3074, 1.4162, 1.5106, 1.6476, 1.7364, 1.6699, 1.5601, 1.5685, 1.4985, 1.3587, 1.2563, 1.2628, 1.3372, 1.5465, 1.6911, 1.7702, 1.7653, 1.9461, 2.1202, 2.0042, 1.65, 1.3101, 1.0667, 0.9673700000000001, 0.96091, 0.9978100000000001, 1.1332, 1.2967, 1.4929, 1.7041, 1.8343, 1.6217, 1.2314, 0.7287399999999999, 0.32522]
[0.5824, 0.56935, 0.5493100000000001, 0.52671, 0.46301000000000003, 0.33709, 0.2352, 0.17496, 0.1506, 0.14227, 0.17725, 0.21905, 0.16639, 0.14112, 0.2121, 0.33554, 0.43678, 0.48086999999999996, 0.5143800000000001, 0.58292, 0.64372, 0.71933, 0.77769, 0.8, 0.89749, 0.95175, 0.93076, 0.96954, 1.0393, 1.0208, 0.8964799999999999, 0.77241, 0.65625, 0.55101, 0.47486999999999996, 0.39628, 0.34321999999999997, 0.27783, 0.24006999999999998, 0.21600000000000003, 0.16998, 0.15541, 0.1402, 0.12312000000000001, 0.14538, 0.18836, 0.25445999999999996, 0.38929, 0.5311600000000001, 0.64466, 0.76217, 0.82547, 0.89135, 0.8395, 0.76285, 0.92151, 0.9528200000000001, 0.9031399999999999]
[-0.061265, -0.12344000000000001, -0.16625, -0.17712, -0.10989000000000002, 0.02953, 0.18357, 0.28475, 0.36175, 0.43245, 0.45808999999999994, 0.53891, 0.6663899999999999, 0.8631, 1.0271, 1.148, 1.3074, 1.4162, 1.5106, 1.6476, 1.7364, 1.6699, 1.5601, 1.5685, 1.4985, 1.3587, 1.2563, 1.2628, 1.3372, 1.5465, 1.6911, 1.7702, 1.7653, 1.9461, 2.1202, 2.0042, 1.65, 1.3101, 1.0667, 0.9673700000000001, 0.96091, 0.9978100000000001, 1.1332, 1.2967, 1.4929, 1.7041, 1.8343, 1.6217, 1.2314, 0.7287399999999999]
[-0.097434, -0.058508000000000004, -0.036891, -0.061265, -0.12344000000000001, -0.16625, -0.17712, -0.10989000000000002, 0.02953, 0.18357, 0.28475, 0.36175, 0.43245, 0.45808999999999994, 0.53891, 0.6663899999999999, 0.8631, 1.0271, 1.148, 1.3074, 1.4162, 1.5106, 1.6476, 1.7364, 1.6699, 1.5601, 1.5685, 1.4985, 1.3587, 1.2563, 1.2628, 1.3372, 1.5465, 1.6911, 1.7702, 1.7653, 1.9461, 2.1202, 2.0042, 1.65, 1.3101, 1.0667, 0.9673700000000001, 0.96091, 0.9978100000000001, 1.1332, 1.2967, 1.4929, 1.7041, 1.8343, 1.6217]
[-0.17868, -0.097434, -0.058508000000000004, -0.036891, -0.061265, -0.12344000000000001, -0.16625, -0.17712, -0.10989000000000002, 0.02953, 0.18357, 0.28475, 0.36175, 0.43245, 0.45808999999999994, 0.53891, 0.6663899999999999, 0.8631, 1.0271, 1.148, 1.3074, 1.4162, 1.5106, 1.6476, 1.7364, 1.6699, 1.5601, 1.5685, 1.4985, 1.3587, 1.2563, 1.2628, 1.3372, 1.5465, 1.6911, 1.7702, 1.7653, 1.9461, 2.1202, 2.0042, 1.65, 1.3101, 1.0667, 0.9673700000000001, 0.96091, 0.9978100000000001, 1.1332, 1.2967]
[1.1438, 1.2722, 1.3825, 1.4044, 1.4293, 1.4989, 1.5945, 1.5053, 1.3698, 1.3444, 1.3344, 1.3137, 1.2727, 1.4461, 1.5601, 1.4451, 1.4823, 1.8042, 1.8582, 1.7616, 1.5401, 1.2685, 1.087, 0.96193, 0.97429, 1.1223, 1.1706, 1.2746, 1.4317, 1.5839, 1.7248, 1.6529, 1.3515, 0.91499, 0.46698999999999996, 0.14175, -0.13185999999999998, -0.36539, -0.60224, -0.76494, -0.92712, -1.0557, -1.1504, -1.1991, -1.2191, -1.2134, -1.1999, -1.1884, -1.1753]
[0.47048999999999996, 0.5626399999999999, 0.6771, 0.8472299999999999, 0.9562200000000001, 1.0723, 1.1438, 1.2722, 1.3825, 1.4044, 1.4293, 1.4989, 1.5945, 1.5053, 1.3698, 1.3444, 1.3344, 1.3137, 1.2727, 1.4461, 1.5601, 1.4451, 1.4823, 1.8042, 1.8582, 1.7616, 1.5401, 1.2685, 1.087, 0.96193, 0.97429, 1.1223, 1.1706, 1.2746, 1.4317, 1.5839, 1.7248, 1.6529, 1.3515, 0.91499, 0.46698999999999996, 0.14175, -0.13185999999999998, -0.36539, -0.60224, -0.76494, -0.92712, -1.0557, -1.1504, -1.1991, -1.2191, -1.2134, -1.1999, -1.1884, -1.1753, -1.1833]
[0.71702, 0.83629, 0.89925, 0.89045, 0.85435, 0.8531200000000001, 0.8200799999999999, 0.7773, 0.77872, 0.66908, 0.5806399999999999, 0.52827, 0.44777, 0.4115, 0.3755, 0.36289, 0.3328, 0.28648, 0.26268, 0.23237, 0.22294, 0.24518, 0.29529, 0.35308, 0.40861, 0.50503, 0.61959, 0.75327, 0.8675, 0.8742200000000001, 0.80256, 0.77162, 0.8509, 0.89284, 0.91184]
[-0.94821, -0.8824799999999999, -0.83049, -0.76586, -0.66518, -0.56415, -0.49556999999999995, -0.46358, -0.48153, -0.50847, -0.5073300000000001, -0.49311000000000005, -0.47746000000000005, -0.42828999999999995, -0.35949000000000003, -0.24633000000000002, -0.15645, -0.059151, 0.14454, 0.27737, 0.34456, 0.38122, 0.39328, 0.43725, 0.5091399999999999]
[0.20272, 0.2951, 0.38433, 0.44526000000000004, 0.47048999999999996, 0.5626399999999999, 0.6771, 0.8472299999999999, 0.9562200000000001, 1.0723, 1.1438, 1.2722, 1.3825, 1.4044, 1.4293, 1.4989, 1.5945, 1.5053, 1.3698, 1.3444, 1.3344, 1.3137, 1.2727, 1.4461, 1.5601, 1.4451, 1.4823, 1.8042, 1.8582, 1.7616, 1.5401, 1.2685, 1.087, 0.96193, 0.97429, 1.1223]
[0.3401, 0.42043, 0.48761000000000004, 0.54866, 0.62493, 0.64582, 0.65561, 0.69138, 0.77569, 0.82196, 0.8290000000000001, 0.86935, 0.89056, 0.9093600000000001, 0.94978, 0.95139, 0.90666, 0.8217399999999999, 0.6654800000000001, 0.5577300000000001, 0.5029, 0.42002, 0.36409, 0.34374, 0.32259, 0.30801, 0.27319, 0.24461, 0.23296999999999998, 0.22161, 0.24595, 0.28291, 0.33094, 0.43513, 0.54765, 0.67576, 0.7867, 0.88039, 0.92304, 0.79894, 0.7593300000000001, 0.92442, 1.0248, 0.9921, 0.9076700000000001, 0.88029, 0.9142299999999999, 0.8944799999999999, 0.85096, 0.81712, 0.69481, 0.58278, 0.5577, 0.58128, 0.61525, 0.5684600000000001, 0.52159, 0.51253]
[0.25823, 0.22571999999999998, 0.24236999999999997, 0.25553000000000003, 0.26356, 0.24864, 0.26636, 0.3401, 0.42043, 0.48761000000000004, 0.54866, 0.62493, 0.64582, 0.65561, 0.69138, 0.77569, 0.82196, 0.8290000000000001, 0.86935, 0.89056, 0.9093600000000001, 0.94978, 0.95139, 0.90666, 0.8217399999999999, 0.6654800000000001, 0.5577300000000001, 0.5029, 0.42002, 0.36409, 0.34374, 0.32259, 0.30801, 0.27319, 0.24461, 0.23296999999999998, 0.22161, 0.24595, 0.28291, 0.33094, 0.43513, 0.54765, 0.67576, 0.7867, 0.88039, 0.92304, 0.79894, 0.7593300000000001, 0.92442, 1.0248, 0.9921, 0.9076700000000001, 0.88029, 0.9142299999999999, 0.8944799999999999, 0.85096, 0.81712, 0.69481]
[0.31013, 0.25823, 0.22571999999999998, 0.24236999999999997, 0.25553000000000003, 0.26356, 0.24864, 0.26636, 0.3401, 0.42043, 0.48761000000000004, 0.54866, 0.62493, 0.64582, 0.65561, 0.69138, 0.77569, 0.82196, 0.8290000000000001, 0.86935, 0.89056, 0.9093600000000001, 0.94978, 0.95139, 0.90666, 0.8217399999999999, 0.6654800000000001, 0.5577300000000001, 0.5029, 0.42002, 0.36409, 0.34374, 0.32259, 0.30801, 0.27319, 0.24461, 0.23296999999999998, 0.22161, 0.24595, 0.28291, 0.33094, 0.43513, 0.54765, 0.67576, 0.7867, 0.88039, 0.92304, 0.79894, 0.7593300000000001, 0.92442, 1.0248, 0.9921, 0.9076700000000001, 0.88029]
[0.5453, 0.52583, 0.43088999999999994, 0.34305, 0.31013, 0.25823, 0.22571999999999998, 0.24236999999999997, 0.25553000000000003, 0.26356, 0.24864, 0.26636, 0.3401, 0.42043, 0.48761000000000004, 0.54866, 0.62493, 0.64582, 0.65561, 0.69138, 0.77569, 0.82196, 0.8290000000000001, 0.86935, 0.89056, 0.9093600000000001, 0.94978, 0.95139, 0.90666, 0.8217399999999999, 0.6654800000000001, 0.5577300000000001, 0.5029, 0.42002, 0.36409, 0.34374, 0.32259, 0.30801, 0.27319, 0.24461, 0.23296999999999998, 0.22161, 0.24595, 0.28291, 0.33094, 0.43513, 0.54765, 0.67576, 0.7867, 0.88039, 0.92304, 0.79894, 0.7593300000000001, 0.92442]
[0.60385, 0.5686, 0.5453, 0.52583, 0.43088999999999994, 0.34305, 0.31013, 0.25823, 0.22571999999999998, 0.24236999999999997, 0.25553000000000003, 0.26356, 0.24864, 0.26636, 0.3401, 0.42043, 0.48761000000000004, 0.54866, 0.62493, 0.64582, 0.65561, 0.69138, 0.77569, 0.82196, 0.8290000000000001, 0.86935, 0.89056, 0.9093600000000001, 0.94978, 0.95139, 0.90666, 0.8217399999999999, 0.6654800000000001, 0.5577300000000001, 0.5029, 0.42002, 0.36409, 0.34374, 0.32259, 0.30801, 0.27319, 0.24461, 0.23296999999999998, 0.22161, 0.24595, 0.28291, 0.33094, 0.43513, 0.54765, 0.67576, 0.7867, 0.88039, 0.92304, 0.79894, 0.7593300000000001, 0.92442, 1.0248, 0.9921]
[1.2055, 1.1777, 1.1914, 1.2679, 1.3115, 1.4541, 1.5754, 1.7757, 1.9798, 1.8058, 1.4158, 1.1564, 1.0157, 0.9286700000000001, 0.8252200000000001, 0.82416, 1.0124, 1.212, 1.3630000000000002, 1.4669, 1.5930000000000002, 1.5049, 1.1457, 0.71802, 0.39732, 0.11939000000000001, -0.16710999999999998, -0.39431, -0.6065, -0.76874, -0.92414, -1.048, -1.1455, -1.204]
[1.4765, 1.537, 1.5265, 1.5137, 1.4725, 1.3253, 1.2055, 1.1777, 1.1914, 1.2679, 1.3115, 1.4541, 1.5754, 1.7757, 1.9798, 1.8058, 1.4158, 1.1564, 1.0157, 0.9286700000000001, 0.8252200000000001, 0.82416, 1.0124, 1.212, 1.3630000000000002, 1.4669, 1.5930000000000002, 1.5049, 1.1457, 0.71802, 0.39732, 0.11939000000000001, -0.16710999999999998, -0.39431, -0.6065, -0.76874, -0.92414, -1.048, -1.1455, -1.204, -1.2383, -1.2379, -1.2248, -1.2087, -1.1908, -1.1911, -1.2328, -1.3116]
[0.6300899999999999, 0.60385, 0.5686, 0.5453, 0.52583, 0.43088999999999994, 0.34305, 0.31013, 0.25823, 0.22571999999999998, 0.24236999999999997, 0.25553000000000003, 0.26356, 0.24864, 0.26636, 0.3401, 0.42043, 0.48761000000000004, 0.54866, 0.62493, 0.64582, 0.65561, 0.69138, 0.77569, 0.82196, 0.8290000000000001, 0.86935, 0.89056, 0.9093600000000001, 0.94978, 0.95139, 0.90666, 0.8217399999999999, 0.6654800000000001, 0.5577300000000001, 0.5029, 0.42002, 0.36409, 0.34374, 0.32259, 0.30801, 0.27319, 0.24461, 0.23296999999999998, 0.22161, 0.24595, 0.28291, 0.33094, 0.43513, 0.54765, 0.67576, 0.7867, 0.88039, 0.92304]
[-0.102, -0.012426999999999999, 0.065794, 0.12961, 0.16994, 0.25654, 0.31519, 0.39542, 0.48049, 0.69194, 0.8872700000000001, 1.036, 1.1777, 1.2734, 1.4307, 1.4857, 1.4765, 1.537, 1.5265, 1.5137, 1.4725, 1.3253, 1.2055, 1.1777, 1.1914, 1.2679, 1.3115, 1.4541, 1.5754, 1.7757, 1.9798, 1.8058, 1.4158, 1.1564, 1.0157, 0.9286700000000001, 0.8252200000000001, 0.82416, 1.0124, 1.212, 1.3630000000000002, 1.4669, 1.5930000000000002, 1.5049, 1.1457, 0.71802, 0.39732, 0.11939000000000001, -0.16710999999999998, -0.39431]
[-0.23165999999999998, -0.102, -0.012426999999999999, 0.065794, 0.12961, 0.16994, 0.25654, 0.31519, 0.39542, 0.48049, 0.69194, 0.8872700000000001, 1.036, 1.1777, 1.2734, 1.4307, 1.4857, 1.4765, 1.537, 1.5265, 1.5137, 1.4725, 1.3253, 1.2055, 1.1777, 1.1914, 1.2679, 1.3115, 1.4541, 1.5754, 1.7757, 1.9798, 1.8058, 1.4158, 1.1564, 1.0157, 0.9286700000000001, 0.8252200000000001, 0.82416, 1.0124, 1.212, 1.3630000000000002, 1.4669, 1.5930000000000002, 1.5049, 1.1457, 0.71802, 0.39732, 0.11939000000000001, -0.16710999999999998]
[-0.14628, -0.22328, -0.23165999999999998, -0.102, -0.012426999999999999, 0.065794, 0.12961, 0.16994, 0.25654, 0.31519, 0.39542, 0.48049, 0.69194, 0.8872700000000001, 1.036, 1.1777, 1.2734, 1.4307, 1.4857, 1.4765, 1.537, 1.5265, 1.5137, 1.4725, 1.3253, 1.2055, 1.1777, 1.1914, 1.2679, 1.3115, 1.4541, 1.5754, 1.7757, 1.9798, 1.8058, 1.4158, 1.1564, 1.0157, 0.9286700000000001, 0.8252200000000001, 0.82416, 1.0124, 1.212, 1.3630000000000002, 1.4669, 1.5930000000000002, 1.5049, 1.1457, 0.71802, 0.39732]
[-0.063167, -0.14628, -0.22328, -0.23165999999999998, -0.102, -0.012426999999999999, 0.065794, 0.12961, 0.16994, 0.25654, 0.31519, 0.39542, 0.48049, 0.69194, 0.8872700000000001, 1.036, 1.1777, 1.2734, 1.4307, 1.4857, 1.4765, 1.537, 1.5265, 1.5137, 1.4725, 1.3253, 1.2055, 1.1777, 1.1914, 1.2679, 1.3115, 1.4541, 1.5754, 1.7757, 1.9798, 1.8058, 1.4158, 1.1564, 1.0157, 0.9286700000000001, 0.8252200000000001, 0.82416, 1.0124, 1.212, 1.3630000000000002, 1.4669, 1.5930000000000002, 1.5049, 1.1457, 0.71802]
[-0.074016, -0.037453, -0.063167, -0.14628, -0.22328, -0.23165999999999998, -0.102, -0.012426999999999999, 0.065794, 0.12961, 0.16994, 0.25654, 0.31519, 0.39542, 0.48049, 0.69194, 0.8872700000000001, 1.036, 1.1777, 1.2734, 1.4307, 1.4857, 1.4765, 1.537, 1.5265, 1.5137, 1.4725, 1.3253, 1.2055, 1.1777, 1.1914, 1.2679, 1.3115, 1.4541, 1.5754, 1.7757, 1.9798, 1.8058, 1.4158, 1.1564, 1.0157, 0.9286700000000001, 0.8252200000000001, 0.82416, 1.0124, 1.212, 1.3630000000000002, 1.4669, 1.5930000000000002, 1.5049, 1.1457]
[-0.11101, -0.074016, -0.037453, -0.063167, -0.14628, -0.22328, -0.23165999999999998, -0.102, -0.012426999999999999, 0.065794, 0.12961, 0.16994, 0.25654, 0.31519, 0.39542, 0.48049, 0.69194, 0.8872700000000001, 1.036, 1.1777, 1.2734, 1.4307, 1.4857, 1.4765, 1.537, 1.5265, 1.5137, 1.4725, 1.3253, 1.2055, 1.1777, 1.1914, 1.2679, 1.3115, 1.4541, 1.5754, 1.7757, 1.9798, 1.8058, 1.4158, 1.1564, 1.0157, 0.9286700000000001, 0.8252200000000001, 0.82416, 1.0124, 1.212, 1.3630000000000002, 1.4669, 1.5930000000000002, 1.5049]
[0.5643100000000001, 0.53174, 0.57138, 0.60441, 0.61544, 0.73593, 0.80209, 0.80052, 0.76483, 0.72142, 0.8193, 0.8739100000000001, 0.85639, 0.84004, 0.72717, 0.595, 0.49582, 0.46563000000000004, 0.43401999999999996, 0.38499, 0.34289000000000003, 0.27266, 0.25795999999999997, 0.28058, 0.27726999999999996, 0.23506, 0.23463, 0.24115, 0.21115, 0.31011, 0.4161, 0.48046000000000005, 0.63857, 0.70953, 0.7200300000000001, 0.7518199999999999, 0.73942, 0.703, 0.77285, 0.8791399999999999, 0.90917]
[0.31351, 0.47211000000000003, 0.5643100000000001, 0.53174, 0.57138, 0.60441, 0.61544, 0.73593, 0.80209, 0.80052, 0.76483, 0.72142, 0.8193, 0.8739100000000001, 0.85639, 0.84004, 0.72717, 0.595, 0.49582, 0.46563000000000004, 0.43401999999999996, 0.38499, 0.34289000000000003, 0.27266, 0.25795999999999997, 0.28058, 0.27726999999999996, 0.23506, 0.23463, 0.24115, 0.21115, 0.31011, 0.4161, 0.48046000000000005, 0.63857, 0.70953, 0.7200300000000001, 0.7518199999999999, 0.73942, 0.703, 0.77285, 0.8791399999999999, 0.90917, 0.9005700000000001]
[1.2638, 1.143, 1.3168, 1.6, 1.7512, 1.7289, 1.9464, 2.0468, 2.0153, 1.6938, 1.4041, 1.3262, 1.1979, 1.0368, 1.0584, 1.2641, 1.2988, 1.3428, 1.6601, 1.8745, 1.9078, 1.6596, 1.1175, 0.71612, 0.43091, 0.12847, -0.1155, -0.39184, -0.58941, -0.7831600000000001, -0.9229299999999999, -1.0165, -1.0832, -1.1238]
[-1.0445, -1.0186, -1.0305, -1.047, -1.0605, -1.0817, -1.043, -1.0177, -1.0378, -1.028, -1.0054, -0.98601, -0.9546100000000001, -0.89384, -0.83488, -0.7852100000000001, -0.71662, -0.62876, -0.54825, -0.51569, -0.49855, -0.49643999999999994, -0.50145, -0.50941, -0.5172899999999999, -0.49793999999999994, -0.46683, -0.39782, -0.29377, -0.17348, -0.087733, 0.066312]
[0.93925, 0.95683, 0.9587899999999999, 0.95724, 0.86935, 0.78691, 0.69684, 0.6277699999999999, 0.61144, 0.5604100000000001, 0.6077, 0.63195, 0.5791, 0.57152, 0.50879, 0.41315, 0.26159, 0.16913, 0.051283, -0.083388, -0.15039, -0.21713000000000002, -0.22227, -0.18175999999999998, -0.18167, -0.20549, -0.20343]
[0.28878000000000004, 0.29265, 0.2738, 0.20232, 0.19361, 0.23901, 0.31351, 0.47211000000000003, 0.5643100000000001, 0.53174, 0.57138, 0.60441, 0.61544, 0.73593, 0.80209, 0.80052, 0.76483, 0.72142, 0.8193, 0.8739100000000001, 0.85639, 0.84004, 0.72717, 0.595, 0.49582, 0.46563000000000004, 0.43401999999999996, 0.38499, 0.34289000000000003, 0.27266, 0.25795999999999997, 0.28058, 0.27726999999999996, 0.23506, 0.23463, 0.24115, 0.21115, 0.31011, 0.4161, 0.48046000000000005, 0.63857, 0.70953, 0.7200300000000001, 0.7518199999999999, 0.73942, 0.703, 0.77285, 0.8791399999999999]
[0.59037, 0.54305, 0.53074, 0.49355, 0.39574000000000004, 0.41675, 0.32471, 0.22094, 0.26838, 0.28878000000000004, 0.29265, 0.2738, 0.20232, 0.19361, 0.23901, 0.31351, 0.47211000000000003, 0.5643100000000001, 0.53174, 0.57138, 0.60441, 0.61544, 0.73593, 0.80209, 0.80052, 0.76483, 0.72142, 0.8193, 0.8739100000000001, 0.85639, 0.84004, 0.72717, 0.595, 0.49582, 0.46563000000000004, 0.43401999999999996, 0.38499, 0.34289000000000003, 0.27266, 0.25795999999999997, 0.28058, 0.27726999999999996, 0.23506, 0.23463, 0.24115, 0.21115, 0.31011, 0.4161, 0.48046000000000005, 0.63857, 0.70953, 0.7200300000000001, 0.7518199999999999, 0.73942, 0.703, 0.77285, 0.8791399999999999, 0.90917]
[0.25287, 0.38249, 0.51268, 0.51851, 0.50272, 0.57618, 0.69923, 0.7265199999999999, 0.72706, 0.81652, 0.9511, 0.9364899999999999, 0.91169, 0.9112399999999999, 0.8949799999999999, 0.98482, 0.95735, 0.77727, 0.6418, 0.58531, 0.53922, 0.45858000000000004, 0.39747, 0.35788000000000003, 0.30485, 0.26827, 0.27310999999999996, 0.26202, 0.23385, 0.21325, 0.2087, 0.27243, 0.34113000000000004, 0.43106000000000005, 0.56302, 0.69799, 0.75849, 0.8291700000000001, 0.92604, 0.87187, 0.8125100000000001, 0.8752, 0.90048, 0.86746, 0.9183399999999999, 0.97856, 0.9887, 0.9441, 0.8868, 0.7618699999999999, 0.7005399999999999, 0.66746, 0.57024, 0.56511, 0.61428, 0.5703600000000001, 0.55328]
[0.20935, 0.24433000000000002, 0.24478000000000003, 0.2296, 0.2234, 0.21418, 0.21131999999999998, 0.25287, 0.38249, 0.51268, 0.51851, 0.50272, 0.57618, 0.69923, 0.7265199999999999, 0.72706, 0.81652, 0.9511, 0.9364899999999999, 0.91169, 0.9112399999999999, 0.8949799999999999, 0.98482, 0.95735, 0.77727, 0.6418, 0.58531, 0.53922, 0.45858000000000004, 0.39747, 0.35788000000000003, 0.30485, 0.26827, 0.27310999999999996, 0.26202, 0.23385, 0.21325, 0.2087, 0.27243, 0.34113000000000004, 0.43106000000000005, 0.56302, 0.69799, 0.75849, 0.8291700000000001, 0.92604, 0.87187, 0.8125100000000001, 0.8752, 0.90048, 0.86746, 0.9183399999999999, 0.97856, 0.9887, 0.9441, 0.8868, 0.7618699999999999, 0.7005399999999999]
[0.261, 0.20935, 0.24433000000000002, 0.24478000000000003, 0.2296, 0.2234, 0.21418, 0.21131999999999998, 0.25287, 0.38249, 0.51268, 0.51851, 0.50272, 0.57618, 0.69923, 0.7265199999999999, 0.72706, 0.81652, 0.9511, 0.9364899999999999, 0.91169, 0.9112399999999999, 0.8949799999999999, 0.98482, 0.95735, 0.77727, 0.6418, 0.58531, 0.53922, 0.45858000000000004, 0.39747, 0.35788000000000003, 0.30485, 0.26827, 0.27310999999999996, 0.26202, 0.23385, 0.21325, 0.2087, 0.27243, 0.34113000000000004, 0.43106000000000005, 0.56302, 0.69799, 0.75849, 0.8291700000000001, 0.92604, 0.87187, 0.8125100000000001, 0.8752, 0.90048, 0.86746, 0.9183399999999999, 0.97856]
[0.642, 0.5989300000000001, 0.56062, 0.49354, 0.43082, 0.38251, 0.261, 0.20935, 0.24433000000000002, 0.24478000000000003, 0.2296, 0.2234, 0.21418, 0.21131999999999998, 0.25287, 0.38249, 0.51268, 0.51851, 0.50272, 0.57618, 0.69923, 0.7265199999999999, 0.72706, 0.81652, 0.9511, 0.9364899999999999, 0.91169, 0.9112399999999999, 0.8949799999999999, 0.98482, 0.95735, 0.77727, 0.6418, 0.58531, 0.53922, 0.45858000000000004, 0.39747, 0.35788000000000003, 0.30485, 0.26827, 0.27310999999999996, 0.26202, 0.23385, 0.21325, 0.2087, 0.27243, 0.34113000000000004, 0.43106000000000005, 0.56302, 0.69799, 0.75849, 0.8291700000000001, 0.92604, 0.87187, 0.8125100000000001, 0.8752, 0.90048, 0.86746]
[1.4221, 1.4076, 1.3146, 1.462, 1.5219999999999998, 1.6104, 1.7682, 1.9981, 1.9648, 1.7789, 1.5363, 1.3279, 1.1576, 0.92164, 0.88708, 1.04, 1.1755, 1.4016, 1.5667, 1.7677, 1.9509, 1.7805, 1.3241, 0.78662, 0.44645, 0.15414, -0.13146, -0.37619, -0.6067, -0.77847, -0.9490799999999999, -1.0778, -1.186, -1.2539]
[0.44605, 0.51583, 0.5803699999999999, 0.7526, 0.9084399999999999, 1.0146, 1.1817, 1.3125, 1.4203, 1.4639, 1.5675, 1.6856, 1.6631, 1.5814, 1.4475, 1.337, 1.4221, 1.4076, 1.3146, 1.462, 1.5219999999999998, 1.6104, 1.7682, 1.9981, 1.9648, 1.7789, 1.5363, 1.3279, 1.1576, 0.92164, 0.88708, 1.04, 1.1755, 1.4016, 1.5667, 1.7677, 1.9509, 1.7805, 1.3241, 0.78662, 0.44645, 0.15414, -0.13146, -0.37619, -0.6067, -0.77847, -0.9490799999999999, -1.0778, -1.186, -1.2539, -1.2930000000000001, -1.3143, -1.3315, -1.3357, -1.3353, -1.3536, -1.3861]
[-0.021800999999999997, -0.077767, -0.1462, -0.18597, -0.19284, -0.082081, 0.035325, 0.11571, 0.23076, 0.43826000000000004, 0.48071, 0.44605, 0.51583, 0.5803699999999999, 0.7526, 0.9084399999999999, 1.0146, 1.1817, 1.3125, 1.4203, 1.4639, 1.5675, 1.6856, 1.6631, 1.5814, 1.4475, 1.337, 1.4221, 1.4076, 1.3146, 1.462, 1.5219999999999998, 1.6104, 1.7682, 1.9981, 1.9648, 1.7789, 1.5363, 1.3279]
[0.033895999999999996, -0.021800999999999997, -0.077767, -0.1462, -0.18597, -0.19284, -0.082081, 0.035325, 0.11571, 0.23076, 0.43826000000000004, 0.48071, 0.44605, 0.51583, 0.5803699999999999, 0.7526, 0.9084399999999999, 1.0146, 1.1817, 1.3125, 1.4203, 1.4639, 1.5675, 1.6856, 1.6631, 1.5814, 1.4475, 1.337, 1.4221, 1.4076, 1.3146, 1.462, 1.5219999999999998, 1.6104, 1.7682, 1.9981, 1.9648, 1.7789]
[-1.0635, -1.0484, -1.0441, -1.0562, -1.0582, -1.045, -1.0451, -1.0449, -1.0365, -1.022, -0.9930200000000001, -0.95052, -0.91041, -0.8572200000000001, -0.80319, -0.7539899999999999, -0.6354, -0.49886, -0.46326999999999996, -0.43493000000000004, -0.42298, -0.45277, -0.44583, -0.45015, -0.44886000000000004, -0.42898000000000003, -0.38672, -0.28586999999999996, -0.15483, -0.024444, 0.083503, 0.18044000000000002]
[-0.028086, 0.037453, 0.033895999999999996, -0.021800999999999997, -0.077767, -0.1462, -0.18597, -0.19284, -0.082081, 0.035325, 0.11571, 0.23076, 0.43826000000000004, 0.48071, 0.44605, 0.51583, 0.5803699999999999, 0.7526, 0.9084399999999999, 1.0146, 1.1817, 1.3125, 1.4203, 1.4639, 1.5675, 1.6856, 1.6631, 1.5814, 1.4475, 1.337, 1.4221, 1.4076, 1.3146, 1.462, 1.5219999999999998, 1.6104, 1.7682, 1.9981, 1.9648, 1.7789, 1.5363, 1.3279, 1.1576, 0.92164, 0.88708, 1.04, 1.1755, 1.4016]
[0.26532, 0.23451, 0.20344, 0.21846, 0.24051, 0.2361, 0.26172, 0.32966, 0.39193, 0.46765, 0.53414, 0.58702, 0.68074, 0.75245, 0.8212799999999999, 0.9309200000000001, 0.9476700000000001, 0.9932, 1.0584, 1.0091, 1.0117, 1.0627, 1.0746, 1.058, 0.9300200000000001, 0.78199, 0.70452, 0.6252, 0.49921000000000004, 0.40474, 0.36968, 0.33521999999999996, 0.29447, 0.27794, 0.25856, 0.25514000000000003, 0.24794000000000002, 0.23348000000000002, 0.2802, 0.35389, 0.43515, 0.5351100000000001, 0.66537, 0.75074, 0.7966300000000001, 0.90461, 0.92981, 0.85734, 0.86761, 0.94535, 0.9793299999999999, 0.9455100000000001, 0.95506, 1.0162, 0.98726, 0.93221, 0.81726, 0.74221]
[0.30622, 0.26532, 0.23451, 0.20344, 0.21846, 0.24051, 0.2361, 0.26172, 0.32966, 0.39193, 0.46765, 0.53414, 0.58702, 0.68074, 0.75245, 0.8212799999999999, 0.9309200000000001, 0.9476700000000001, 0.9932, 1.0584, 1.0091, 1.0117, 1.0627, 1.0746, 1.058, 0.9300200000000001, 0.78199, 0.70452, 0.6252, 0.49921000000000004, 0.40474, 0.36968, 0.33521999999999996, 0.29447, 0.27794, 0.25856, 0.25514000000000003, 0.24794000000000002, 0.23348000000000002, 0.2802, 0.35389, 0.43515, 0.5351100000000001, 0.66537, 0.75074, 0.7966300000000001, 0.90461, 0.92981, 0.85734, 0.86761, 0.94535, 0.9793299999999999, 0.9455100000000001, 0.95506]
[0.3458, 0.44827, 0.56386, 0.71213, 0.88133, 1.0145, 1.1113, 1.2522, 1.3205, 1.3695, 1.5118, 1.5949, 1.5906, 1.6081, 1.4927, 1.3157, 1.3017, 1.3644, 1.4713, 1.5283, 1.4301, 1.5309, 1.6880000000000002, 1.8059, 1.9292, 1.7826, 1.4378, 1.1304, 0.98406, 0.92791, 0.8941899999999999, 1.0270000000000001, 1.2871, 1.4459, 1.5822, 1.8544, 1.9706, 1.7946, 1.4432, 0.9093700000000001, 0.40512, 0.036424, -0.29389, -0.55064, -0.7541399999999999, -0.9109999999999999, -1.0706, -1.1823, -1.2734, -1.3347, -1.3818, -1.4132, -1.433, -1.4489, -1.4643, -1.4811]
[-0.8537100000000001, -0.7920699999999999, -0.69613, -0.58796, -0.48583999999999994, -0.39118, -0.35481999999999997, -0.35984, -0.37331, -0.36459, -0.3732, -0.39446, -0.37418, -0.35821, -0.31276, -0.21415, -0.089143, 0.082936, 0.20713, 0.2791, 0.35915, 0.37817, 0.39593, 0.41775, 0.45292]
[0.60777, 0.5763199999999999, 0.5063300000000001, 0.40398, 0.30622, 0.26532, 0.23451, 0.20344, 0.21846, 0.24051, 0.2361, 0.26172, 0.32966, 0.39193, 0.46765, 0.53414, 0.58702, 0.68074, 0.75245, 0.8212799999999999, 0.9309200000000001, 0.9476700000000001, 0.9932, 1.0584, 1.0091, 1.0117, 1.0627, 1.0746, 1.058, 0.9300200000000001, 0.78199, 0.70452, 0.6252, 0.49921000000000004, 0.40474, 0.36968, 0.33521999999999996, 0.29447, 0.27794, 0.25856, 0.25514000000000003, 0.24794000000000002, 0.23348000000000002, 0.2802, 0.35389, 0.43515, 0.5351100000000001, 0.66537, 0.75074, 0.7966300000000001, 0.90461, 0.92981, 0.85734, 0.86761]
[0.23625, 0.36854000000000003, 0.511, 0.57716, 0.58816, 0.63293, 0.72304, 0.81028, 0.85014, 0.8747, 0.9096, 0.9560200000000001, 0.9994, 1.0236, 1.0135, 1.0103, 0.9133899999999999, 0.72318, 0.62912, 0.56129, 0.5008600000000001, 0.45173, 0.38186, 0.2918, 0.25598000000000004, 0.25156999999999996, 0.24982, 0.22935999999999998, 0.1809, 0.1696, 0.17327, 0.24375, 0.36496, 0.44941000000000003, 0.54405, 0.71133, 0.83165, 0.86677, 0.8779, 0.8230200000000001, 0.8387899999999999, 0.9560799999999999, 0.9930100000000001, 0.97159, 0.95947, 0.9932700000000001, 0.96534, 0.90254, 0.8630200000000001, 0.78372, 0.67494, 0.61732, 0.58068, 0.54151, 0.53701, 0.53122, 0.49938999999999995]
[0.20139, 0.19364, 0.19954000000000002, 0.2289, 0.20215999999999998, 0.16604000000000002, 0.18162, 0.23625, 0.36854000000000003, 0.511, 0.57716, 0.58816, 0.63293, 0.72304, 0.81028, 0.85014, 0.8747, 0.9096, 0.9560200000000001, 0.9994, 1.0236, 1.0135, 1.0103, 0.9133899999999999, 0.72318, 0.62912, 0.56129, 0.5008600000000001, 0.45173, 0.38186, 0.2918, 0.25598000000000004, 0.25156999999999996, 0.24982, 0.22935999999999998, 0.1809, 0.1696, 0.17327, 0.24375, 0.36496, 0.44941000000000003, 0.54405, 0.71133, 0.83165, 0.86677, 0.8779, 0.8230200000000001, 0.8387899999999999, 0.9560799999999999, 0.9930100000000001, 0.97159, 0.95947, 0.9932700000000001, 0.96534, 0.90254, 0.8630200000000001, 0.78372, 0.67494]
[0.59578, 0.56395, 0.54096, 0.53366, 0.43814, 0.33886, 0.25835, 0.20139, 0.19364, 0.19954000000000002, 0.2289, 0.20215999999999998, 0.16604000000000002, 0.18162, 0.23625, 0.36854000000000003, 0.511, 0.57716, 0.58816, 0.63293, 0.72304, 0.81028, 0.85014, 0.8747, 0.9096, 0.9560200000000001, 0.9994, 1.0236, 1.0135, 1.0103, 0.9133899999999999, 0.72318, 0.62912, 0.56129, 0.5008600000000001, 0.45173, 0.38186, 0.2918, 0.25598000000000004, 0.25156999999999996, 0.24982, 0.22935999999999998, 0.1809, 0.1696, 0.17327, 0.24375, 0.36496, 0.44941000000000003, 0.54405, 0.71133, 0.83165, 0.86677, 0.8779, 0.8230200000000001, 0.8387899999999999, 0.9560799999999999, 0.9930100000000001, 0.97159]
[1.4095, 1.4329, 1.4084, 1.3725, 1.5401, 1.5734, 1.6281, 1.8008, 1.9478, 1.9522, 1.7634, 1.5248, 1.2258, 1.0206, 0.91385, 0.8497899999999999, 0.94086, 1.1096, 1.2826, 1.4623, 1.6733, 1.7947, 1.7275, 1.3168, 0.70111, 0.2842, -0.033601, -0.32555, -0.53475, -0.74666]
[-1.0784, -1.0631, -1.0458, -1.0351, -1.0343, -1.0446, -1.0536, -1.0396, -1.0294, -1.0233, -1.0187, -1.0183, -0.99805, -0.95683, -0.9051100000000001, -0.85731, -0.7898, -0.70673, -0.62615, -0.52153, -0.46237, -0.45331000000000005, -0.43913, -0.44952, -0.46206, -0.44631000000000004, -0.44647, -0.42985, -0.35774, -0.2725, -0.17890999999999999, -0.045449, 0.10912999999999999, 0.23419]
[1.7283, 1.6453, 1.5176, 1.4095, 1.4329, 1.4084, 1.3725, 1.5401, 1.5734, 1.6281, 1.8008, 1.9478, 1.9522, 1.7634, 1.5248, 1.2258, 1.0206, 0.91385, 0.8497899999999999, 0.94086, 1.1096, 1.2826, 1.4623, 1.6733, 1.7947, 1.7275, 1.3168, 0.70111, 0.2842, -0.033601, -0.32555, -0.53475, -0.74666, -0.90225, -1.0477, -1.159, -1.2402, -1.2930000000000001, -1.3332, -1.3556, -1.3668, -1.3715, -1.3744, -1.3878, -1.4140000000000001, -1.4529, -1.4997, -1.5537]
[-0.27258000000000004, -0.17523, -0.086104, 0.018563999999999997, 0.14348, 0.29908, 0.33278, 0.33704, 0.45283999999999996, 0.62152, 0.83111, 0.93358, 1.0595, 1.2575, 1.4188, 1.5152, 1.5856, 1.7059, 1.7936, 1.7283, 1.6453, 1.5176, 1.4095, 1.4329, 1.4084, 1.3725, 1.5401, 1.5734, 1.6281, 1.8008, 1.9478, 1.9522, 1.7634, 1.5248, 1.2258, 1.0206, 0.91385, 0.8497899999999999, 0.94086, 1.1096, 1.2826, 1.4623, 1.6733, 1.7947, 1.7275, 1.3168, 0.70111, 0.2842, -0.033601, -0.32555]
[-0.13815999999999998, -0.2002, -0.26166999999999996, -0.27258000000000004, -0.17523, -0.086104, 0.018563999999999997, 0.14348, 0.29908, 0.33278, 0.33704, 0.45283999999999996, 0.62152, 0.83111, 0.93358, 1.0595, 1.2575, 1.4188, 1.5152, 1.5856, 1.7059, 1.7936, 1.7283, 1.6453, 1.5176, 1.4095, 1.4329, 1.4084, 1.3725, 1.5401, 1.5734, 1.6281, 1.8008, 1.9478, 1.9522, 1.7634, 1.5248, 1.2258, 1.0206, 0.91385, 0.8497899999999999, 0.94086, 1.1096, 1.2826, 1.4623, 1.6733, 1.7947, 1.7275, 1.3168, 0.70111]
[0.28075, 0.38576, 0.49543999999999994, 0.5878, 0.6006100000000001, 0.6822600000000001, 0.74684, 0.78423, 0.8811100000000001, 0.9213899999999999, 0.9520200000000001, 1.0022, 1.0063, 0.9855799999999999, 1.0159, 1.0129, 0.9653799999999999, 0.8417100000000001, 0.70611, 0.62872, 0.52473, 0.41952, 0.35041, 0.31755, 0.29356, 0.25437, 0.22944, 0.20343, 0.17753, 0.18219000000000002, 0.21153000000000002, 0.25324, 0.3457, 0.4712, 0.6186699999999999, 0.7593300000000001, 0.81363, 0.8610700000000001, 0.9300299999999999, 0.89146, 0.81318, 0.86923, 0.92094, 0.9303100000000001, 0.9064700000000001, 0.9360299999999999, 0.94119, 0.893, 0.85905, 0.74241, 0.66561, 0.62433, 0.57468, 0.5506800000000001, 0.56989, 0.55099, 0.51541]
[0.17542, 0.14189000000000002, 0.1658, 0.17727, 0.17134000000000002, 0.16444, 0.19443, 0.28075, 0.38576, 0.49543999999999994, 0.5878, 0.6006100000000001, 0.6822600000000001, 0.74684, 0.78423, 0.8811100000000001, 0.9213899999999999, 0.9520200000000001, 1.0022, 1.0063, 0.9855799999999999, 1.0159, 1.0129, 0.9653799999999999, 0.8417100000000001, 0.70611, 0.62872, 0.52473, 0.41952, 0.35041, 0.31755, 0.29356, 0.25437, 0.22944, 0.20343, 0.17753, 0.18219000000000002, 0.21153000000000002, 0.25324, 0.3457, 0.4712, 0.6186699999999999, 0.7593300000000001, 0.81363, 0.8610700000000001, 0.9300299999999999, 0.89146, 0.81318, 0.86923, 0.92094, 0.9303100000000001, 0.9064700000000001, 0.9360299999999999, 0.94119, 0.893, 0.85905, 0.74241, 0.66561]
[0.23116, 0.17542, 0.14189000000000002, 0.1658, 0.17727, 0.17134000000000002, 0.16444, 0.19443, 0.28075, 0.38576, 0.49543999999999994, 0.5878, 0.6006100000000001, 0.6822600000000001, 0.74684, 0.78423, 0.8811100000000001, 0.9213899999999999, 0.9520200000000001, 1.0022, 1.0063, 0.9855799999999999, 1.0159, 1.0129, 0.9653799999999999, 0.8417100000000001, 0.70611, 0.62872, 0.52473, 0.41952, 0.35041, 0.31755, 0.29356, 0.25437, 0.22944, 0.20343, 0.17753, 0.18219000000000002, 0.21153000000000002, 0.25324, 0.3457, 0.4712, 0.6186699999999999, 0.7593300000000001, 0.81363, 0.8610700000000001, 0.9300299999999999, 0.89146, 0.81318, 0.86923, 0.92094, 0.9303100000000001, 0.9064700000000001, 0.9360299999999999]
[1.4768, 1.3716, 1.2881, 1.3034, 1.5449, 1.6484, 1.7209999999999999, 1.8536, 2.113, 2.1056, 1.8466, 1.5901, 1.3159, 1.0739, 0.9673, 0.9536899999999999, 1.0822, 1.245, 1.4022, 1.6102, 1.8226, 1.9233, 1.7297, 1.3454, 0.7773899999999999, 0.31944, 0.027192, -0.28149, -0.51932, -0.7171]
[0.60319, 0.5656800000000001, 0.56602, 0.51593, 0.41931999999999997, 0.3056, 0.23116, 0.17542, 0.14189000000000002, 0.1658, 0.17727, 0.17134000000000002, 0.16444, 0.19443, 0.28075, 0.38576, 0.49543999999999994, 0.5878, 0.6006100000000001, 0.6822600000000001, 0.74684, 0.78423, 0.8811100000000001, 0.9213899999999999, 0.9520200000000001, 1.0022, 1.0063, 0.9855799999999999, 1.0159, 1.0129, 0.9653799999999999, 0.8417100000000001, 0.70611, 0.62872, 0.52473, 0.41952, 0.35041, 0.31755, 0.29356, 0.25437, 0.22944, 0.20343, 0.17753, 0.18219000000000002, 0.21153000000000002, 0.25324, 0.3457, 0.4712, 0.6186699999999999, 0.7593300000000001, 0.81363, 0.8610700000000001, 0.9300299999999999, 0.89146, 0.81318, 0.86923, 0.92094, 0.9303100000000001]
[-0.22665, -0.12465, -0.030349, 0.082345, 0.15298, 0.24297, 0.36901999999999996, 0.39197, 0.47928000000000004, 0.61263, 0.8267700000000001, 0.9911399999999999, 1.0712, 1.1694, 1.3438, 1.4975, 1.6182, 1.7339, 1.768, 1.7163, 1.6846, 1.6156, 1.4768, 1.3716, 1.2881, 1.3034, 1.5449, 1.6484, 1.7209999999999999, 1.8536, 2.113, 2.1056, 1.8466, 1.5901, 1.3159, 1.0739, 0.9673, 0.9536899999999999, 1.0822, 1.245, 1.4022, 1.6102, 1.8226, 1.9233, 1.7297, 1.3454, 0.7773899999999999, 0.31944, 0.027192, -0.28149]
[-0.090026, -0.16449, -0.2264, -0.22665, -0.12465, -0.030349, 0.082345, 0.15298, 0.24297, 0.36901999999999996, 0.39197, 0.47928000000000004, 0.61263, 0.8267700000000001, 0.9911399999999999, 1.0712, 1.1694, 1.3438, 1.4975, 1.6182, 1.7339, 1.768, 1.7163, 1.6846, 1.6156, 1.4768, 1.3716, 1.2881, 1.3034, 1.5449, 1.6484, 1.7209999999999999, 1.8536, 2.113, 2.1056, 1.8466, 1.5901, 1.3159, 1.0739, 0.9673, 0.9536899999999999, 1.0822, 1.245, 1.4022, 1.6102, 1.8226, 1.9233, 1.7297, 1.3454, 0.7773899999999999]
[-0.079692, -0.021662999999999998, -0.001928, -0.033861, -0.090026, -0.16449, -0.2264, -0.22665, -0.12465, -0.030349, 0.082345, 0.15298, 0.24297, 0.36901999999999996, 0.39197, 0.47928000000000004, 0.61263, 0.8267700000000001, 0.9911399999999999, 1.0712, 1.1694, 1.3438, 1.4975, 1.6182, 1.7339, 1.768, 1.7163, 1.6846, 1.6156, 1.4768, 1.3716, 1.2881, 1.3034, 1.5449, 1.6484, 1.7209999999999999, 1.8536, 2.113, 2.1056, 1.8466, 1.5901, 1.3159, 1.0739, 0.9673, 0.9536899999999999, 1.0822, 1.245, 1.4022]
[-1.0856, -1.0993, -1.1158, -1.1128, -1.0843, -1.0693, -1.0704, -1.0769, -1.079, -1.0721, -1.0664, -1.0668, -1.0609, -1.0414, -1.0225, -0.9961, -0.9479799999999999, -0.8930899999999999, -0.8277399999999999, -0.7381, -0.64035, -0.54355, -0.48688000000000003, -0.47518, -0.48257, -0.5058600000000001, -0.51886, -0.50049, -0.49862, -0.4866, -0.4262, -0.35138, -0.21803000000000003, -0.041781, 0.1121]
[-1.0516, -1.062, -1.0856, -1.0993, -1.1158, -1.1128, -1.0843, -1.0693, -1.0704, -1.0769, -1.079, -1.0721, -1.0664, -1.0668, -1.0609, -1.0414, -1.0225, -0.9961, -0.9479799999999999, -0.8930899999999999, -0.8277399999999999, -0.7381, -0.64035, -0.54355, -0.48688000000000003, -0.47518, -0.48257, -0.5058600000000001, -0.51886, -0.50049, -0.49862, -0.4866, -0.4262, -0.35138, -0.21803000000000003, -0.041781, 0.1121]
[-0.8988700000000001, -0.8976200000000001, -0.9427399999999999, -0.97731, -0.99955, -1.0219, -1.0344, -1.0381, -1.0471, -1.0516, -1.062, -1.0856, -1.0993, -1.1158, -1.1128, -1.0843, -1.0693, -1.0704, -1.0769, -1.079, -1.0721, -1.0664, -1.0668, -1.0609, -1.0414, -1.0225, -0.9961, -0.9479799999999999, -0.8930899999999999, -0.8277399999999999, -0.7381, -0.64035, -0.54355, -0.48688000000000003, -0.47518, -0.48257, -0.5058600000000001, -0.51886, -0.50049, -0.49862, -0.4866, -0.4262, -0.35138, -0.21803000000000003, -0.041781, 0.1121, 0.24781, 0.36916, 0.38748, 0.37769, 0.41234, 0.46838, 0.50926]
[-0.94811, -0.92668, -0.8988700000000001, -0.8976200000000001, -0.9427399999999999, -0.97731, -0.99955, -1.0219, -1.0344, -1.0381, -1.0471, -1.0516, -1.062, -1.0856, -1.0993, -1.1158, -1.1128, -1.0843, -1.0693, -1.0704, -1.0769, -1.079, -1.0721, -1.0664, -1.0668, -1.0609, -1.0414, -1.0225, -0.9961, -0.9479799999999999, -0.8930899999999999, -0.8277399999999999, -0.7381, -0.64035, -0.54355, -0.48688000000000003, -0.47518, -0.48257, -0.5058600000000001, -0.51886, -0.50049, -0.49862, -0.4866, -0.4262, -0.35138, -0.21803000000000003, -0.041781, 0.1121, 0.24781, 0.36916, 0.38748, 0.37769, 0.41234, 0.46838, 0.50926, 0.51782]
[0.25935, 0.3696, 0.49623, 0.56212, 0.60623, 0.64513, 0.70907, 0.76653, 0.8187, 0.89139, 0.9301200000000001, 0.9844799999999999, 1.0056, 0.9930700000000001, 1.0318, 1.0668, 0.9674299999999999, 0.7861, 0.65608, 0.61815, 0.5664, 0.4403, 0.36530999999999997, 0.33692, 0.29916, 0.24377, 0.21081999999999998, 0.20618000000000003, 0.19459, 0.17282999999999998, 0.18344000000000002, 0.25172, 0.30517, 0.38914, 0.54293, 0.70458, 0.80115, 0.8377, 0.84236, 0.86251, 0.85585, 0.9248, 0.93935, 0.8718799999999999, 0.95496, 0.96577, 0.8849799999999999, 0.8883200000000001, 0.88928, 0.80392, 0.68817, 0.59877, 0.59187, 0.55418, 0.50235, 0.47548999999999997, 0.46855]
[0.26634, 0.2483, 0.28078000000000003, 0.29428000000000004, 0.2366, 0.20089, 0.2049, 0.25935, 0.3696, 0.49623, 0.56212, 0.60623, 0.64513, 0.70907, 0.76653, 0.8187, 0.89139, 0.9301200000000001, 0.9844799999999999, 1.0056, 0.9930700000000001, 1.0318, 1.0668, 0.9674299999999999, 0.7861, 0.65608, 0.61815, 0.5664, 0.4403, 0.36530999999999997, 0.33692, 0.29916, 0.24377, 0.21081999999999998, 0.20618000000000003, 0.19459, 0.17282999999999998, 0.18344000000000002, 0.25172, 0.30517, 0.38914, 0.54293, 0.70458, 0.80115, 0.8377, 0.84236, 0.86251, 0.85585, 0.9248, 0.93935, 0.8718799999999999, 0.95496, 0.96577, 0.8849799999999999, 0.8883200000000001, 0.88928, 0.80392, 0.68817]
[0.30658, 0.26634, 0.2483, 0.28078000000000003, 0.29428000000000004, 0.2366, 0.20089, 0.2049, 0.25935, 0.3696, 0.49623, 0.56212, 0.60623, 0.64513, 0.70907, 0.76653, 0.8187, 0.89139, 0.9301200000000001, 0.9844799999999999, 1.0056, 0.9930700000000001, 1.0318, 1.0668, 0.9674299999999999, 0.7861, 0.65608, 0.61815, 0.5664, 0.4403, 0.36530999999999997, 0.33692, 0.29916, 0.24377, 0.21081999999999998, 0.20618000000000003, 0.19459, 0.17282999999999998, 0.18344000000000002, 0.25172, 0.30517, 0.38914, 0.54293, 0.70458, 0.80115, 0.8377, 0.84236, 0.86251, 0.85585, 0.9248, 0.93935, 0.8718799999999999, 0.95496, 0.96577]
[0.62231, 0.58397, 0.52425, 0.48645, 0.45976999999999996, 0.37977, 0.30658, 0.26634, 0.2483, 0.28078000000000003, 0.29428000000000004, 0.2366, 0.20089, 0.2049, 0.25935, 0.3696, 0.49623, 0.56212, 0.60623, 0.64513, 0.70907, 0.76653, 0.8187, 0.89139, 0.9301200000000001, 0.9844799999999999, 1.0056, 0.9930700000000001, 1.0318, 1.0668, 0.9674299999999999, 0.7861, 0.65608, 0.61815, 0.5664, 0.4403, 0.36530999999999997, 0.33692, 0.29916, 0.24377, 0.21081999999999998, 0.20618000000000003, 0.19459, 0.17282999999999998, 0.18344000000000002, 0.25172, 0.30517, 0.38914, 0.54293, 0.70458, 0.80115, 0.8377, 0.84236, 0.86251, 0.85585, 0.9248, 0.93935, 0.8718799999999999]
[1.2942, 1.3703, 1.5052, 1.6959, 1.7627, 1.9075, 1.9209, 1.7359, 1.5246, 1.1833, 0.9811, 0.9011100000000001, 0.8137, 0.90989, 1.0827, 1.1874, 1.2976, 1.6201, 1.8393, 1.6871, 1.3090000000000002, 0.78458, 0.40273000000000003, 0.11348, -0.18382, -0.42894, -0.6694399999999999, -0.8349, -0.98898, -1.1085, -1.207, -1.2699]
[1.4443, 1.3366, 1.2942, 1.3703, 1.5052, 1.6959, 1.7627, 1.9075, 1.9209, 1.7359, 1.5246, 1.1833, 0.9811, 0.9011100000000001, 0.8137, 0.90989, 1.0827, 1.1874, 1.2976, 1.6201, 1.8393, 1.6871, 1.3090000000000002, 0.78458, 0.40273000000000003, 0.11348, -0.18382, -0.42894, -0.6694399999999999]
[0.58923, 0.613, 0.62793, 0.6973699999999999, 0.7397699999999999, 0.74321, 0.78672, 0.8480700000000001, 0.89615, 0.92414, 0.9315100000000001, 0.9383299999999999, 0.92963, 0.84614, 0.75822, 0.67505, 0.58903, 0.5455300000000001, 0.50338, 0.41306000000000004, 0.34611, 0.31828, 0.27514, 0.29438000000000003, 0.28759, 0.24804, 0.24213, 0.25018, 0.28965, 0.36145, 0.44455, 0.51968, 0.6448699999999999, 0.7475, 0.75835, 0.81704, 0.8234, 0.75642, 0.8605299999999999, 0.8885700000000001, 0.85278, 0.86365]
[0.2716, 0.23535, 0.25774, 0.3008, 0.29441, 0.25058, 0.25968, 0.30965, 0.41977, 0.53459, 0.58923, 0.613, 0.62793, 0.6973699999999999, 0.7397699999999999, 0.74321, 0.78672, 0.8480700000000001, 0.89615, 0.92414, 0.9315100000000001, 0.9383299999999999, 0.92963, 0.84614, 0.75822, 0.67505, 0.58903, 0.5455300000000001, 0.50338, 0.41306000000000004, 0.34611, 0.31828, 0.27514, 0.29438000000000003, 0.28759, 0.24804, 0.24213, 0.25018, 0.28965, 0.36145, 0.44455, 0.51968, 0.6448699999999999, 0.7475, 0.75835, 0.81704, 0.8234, 0.75642, 0.8605299999999999, 0.8885700000000001, 0.85278, 0.86365, 0.88239, 0.9144, 0.8886799999999999, 0.8404299999999999, 0.78135, 0.7383]
[0.30493000000000003, 0.2716, 0.23535, 0.25774, 0.3008, 0.29441, 0.25058, 0.25968, 0.30965, 0.41977, 0.53459, 0.58923, 0.613, 0.62793, 0.6973699999999999, 0.7397699999999999, 0.74321, 0.78672, 0.8480700000000001, 0.89615, 0.92414, 0.9315100000000001, 0.9383299999999999, 0.92963, 0.84614, 0.75822, 0.67505, 0.58903, 0.5455300000000001, 0.50338, 0.41306000000000004, 0.34611, 0.31828, 0.27514, 0.29438000000000003, 0.28759, 0.24804, 0.24213, 0.25018, 0.28965, 0.36145, 0.44455, 0.51968, 0.6448699999999999, 0.7475, 0.75835, 0.81704, 0.8234, 0.75642, 0.8605299999999999, 0.8885700000000001, 0.85278, 0.86365, 0.88239]
[-0.19907, -0.08677, 0.007988, 0.12749000000000002, 0.23151, 0.30722, 0.36609, 0.37858, 0.46171, 0.58397, 0.72628, 0.8506100000000001, 0.9815200000000001, 1.1163, 1.2368, 1.3686, 1.5112, 1.5707, 1.534, 1.5241, 1.5012, 1.375, 1.3294, 1.2938, 1.2515, 1.2668, 1.3424, 1.4003, 1.5064, 1.7409, 1.8995, 1.7969, 1.7143, 1.4905, 1.1574, 1.0608, 0.9587700000000001, 0.8681, 1.0388, 1.1916, 1.2469, 1.3885, 1.6489, 1.7007, 1.6218, 1.3158, 0.83939, 0.50048, 0.21045999999999998, -0.079538]
[0.58832, 0.53951, 0.53551, 0.5161, 0.45081000000000004, 0.36003, 0.30493000000000003, 0.2716, 0.23535, 0.25774, 0.3008, 0.29441, 0.25058, 0.25968, 0.30965, 0.41977, 0.53459, 0.58923, 0.613, 0.62793, 0.6973699999999999, 0.7397699999999999, 0.74321, 0.78672, 0.8480700000000001, 0.89615, 0.92414, 0.9315100000000001, 0.9383299999999999, 0.92963, 0.84614, 0.75822, 0.67505, 0.58903, 0.5455300000000001, 0.50338, 0.41306000000000004, 0.34611, 0.31828, 0.27514, 0.29438000000000003, 0.28759, 0.24804, 0.24213, 0.25018, 0.28965, 0.36145, 0.44455, 0.51968, 0.6448699999999999, 0.7475, 0.75835, 0.81704, 0.8234, 0.75642, 0.8605299999999999, 0.8885700000000001, 0.85278]
[-0.054952999999999995, -0.11740999999999999, -0.18373, -0.22737, -0.19907, -0.08677, 0.007988, 0.12749000000000002, 0.23151, 0.30722, 0.36609, 0.37858, 0.46171, 0.58397, 0.72628, 0.8506100000000001, 0.9815200000000001, 1.1163, 1.2368, 1.3686, 1.5112, 1.5707, 1.534, 1.5241, 1.5012, 1.375, 1.3294, 1.2938, 1.2515, 1.2668, 1.3424, 1.4003, 1.5064, 1.7409, 1.8995, 1.7969, 1.7143, 1.4905]
[-0.09579, -0.041476, -0.0157, -0.054952999999999995, -0.11740999999999999, -0.18373, -0.22737, -0.19907, -0.08677, 0.007988, 0.12749000000000002, 0.23151, 0.30722, 0.36609, 0.37858, 0.46171, 0.58397, 0.72628, 0.8506100000000001, 0.9815200000000001, 1.1163, 1.2368, 1.3686, 1.5112, 1.5707, 1.534, 1.5241, 1.5012, 1.375, 1.3294, 1.2938, 1.2515, 1.2668, 1.3424, 1.4003, 1.5064, 1.7409, 1.8995, 1.7969, 1.7143, 1.4905, 1.1574, 1.0608, 0.9587700000000001, 0.8681, 1.0388, 1.1916, 1.2469]
[0.26598, 0.32745, 0.41315, 0.52904, 0.59502, 0.60816, 0.63836, 0.74337, 0.87769, 0.87074, 0.85014, 0.8591700000000001, 0.8540399999999999, 0.8766200000000001, 0.93401, 0.93056, 0.7973100000000001, 0.69712, 0.60088, 0.49645, 0.44618, 0.39324000000000003, 0.32392, 0.26955999999999997, 0.27016999999999997, 0.25440999999999997, 0.19285, 0.19801, 0.18686, 0.16496, 0.19365, 0.24486, 0.3329, 0.4326, 0.5444899999999999, 0.64164, 0.7568, 0.86156, 0.93494, 0.9495600000000001, 0.9063700000000001, 0.93606, 0.95821, 0.9431799999999999, 0.9624, 0.972, 0.9675, 0.9222, 0.81081, 0.7499399999999999, 0.69727, 0.62424, 0.56709, 0.5373399999999999, 0.51907, 0.49803000000000003, 0.5214300000000001, 0.49351000000000006]
[1.5101, 1.3986, 1.2958, 1.3484, 1.5232, 1.605, 1.7052, 1.7735, 2.0279, 2.0419, 1.7782, 1.4913, 1.2466, 1.0398, 0.92422, 0.8511799999999999, 0.88497, 1.0261, 1.2312, 1.5284, 1.7327, 1.8024, 1.6218, 1.2599, 0.7696, 0.35831999999999997, 0.05519400000000001, -0.23526999999999998, -0.44735, -0.6314]
[0.19495, 0.19818, 0.20529, 0.20914000000000002, 0.17588, 0.15533, 0.19476, 0.26598, 0.32745, 0.41315, 0.52904, 0.59502, 0.60816, 0.63836, 0.74337, 0.87769, 0.87074, 0.85014, 0.8591700000000001, 0.8540399999999999, 0.8766200000000001, 0.93401, 0.93056, 0.7973100000000001, 0.69712, 0.60088, 0.49645, 0.44618, 0.39324000000000003, 0.32392, 0.26955999999999997, 0.27016999999999997, 0.25440999999999997, 0.19285, 0.19801, 0.18686, 0.16496, 0.19365, 0.24486, 0.3329, 0.4326, 0.5444899999999999, 0.64164, 0.7568, 0.86156, 0.93494, 0.9495600000000001, 0.9063700000000001, 0.93606, 0.95821, 0.9431799999999999, 0.9624, 0.972, 0.9675, 0.9222, 0.81081, 0.7499399999999999, 0.69727]
