[-1.1538, -1.1393, -1.1232, -1.1056, -1.0861, -1.065, -1.0143, -0.94686, -0.9223399999999999, -0.8962100000000001, -0.8689, -0.8404299999999999, -0.81083, -0.77979, -0.74767, -0.7145600000000001, -0.6804899999999999, -0.64535]
[1.5108, 1.4558, 1.4005, 1.3405, 1.2805, 1.2205, 1.1605, 1.1024, 1.0521, 0.99318, 0.93345, 0.87374, 0.81406, 0.75442, 0.70353, 0.65053, 0.59122]
[-0.30336, -0.35759, -0.38825, -0.43756999999999996, -0.49215, -0.54648, -0.60051, -0.6278100000000001, -0.66915, -0.72139, -0.77252, -0.7904800000000001, -0.8317, -0.8812, -0.9247, -0.9353299999999999, -0.97657]
[0.043238, 0.000875, -0.047747000000000005, -0.10499000000000001, -0.16209, -0.19844, -0.24728000000000003, -0.30336, -0.35759, -0.38825, -0.43756999999999996, -0.49215, -0.54648, -0.60051, -0.6278100000000001, -0.66915, -0.72139, -0.77252]
[0.15935, 0.10124, 0.043238, 0.000875, -0.047747000000000005, -0.10499000000000001, -0.16209, -0.19844, -0.24728000000000003, -0.30336, -0.35759, -0.38825, -0.43756999999999996, -0.49215, -0.54648, -0.60051, -0.6278100000000001, -0.66915]
[0.20801, 0.15935, 0.10124, 0.043238, 0.000875, -0.047747000000000005, -0.10499000000000001, -0.16209, -0.19844, -0.24728000000000003, -0.30336, -0.35759, -0.38825, -0.43756999999999996, -0.49215, -0.54648, -0.60051, -0.6278100000000001]
[1.5708, 1.5108, 1.4558, 1.4005, 1.3405, 1.2805, 1.2205, 1.1605, 1.1024, 1.0521, 0.99318, 0.93345, 0.87374, 0.81406, 0.75442, 0.70353, 0.65053, 0.59122]
[1.8539, 1.8315, 1.7819, 1.7863, 1.7412, 1.6833, 1.6246, 1.5708, 1.5108, 1.4558, 1.4005, 1.3405, 1.2805, 1.2205, 1.1605, 1.1024]
[-0.6091300000000001, -0.57208, -0.53423, -0.4956, -0.45593, -0.41557, -0.37454, -0.33285, -0.29041, -0.24727, -0.20357999999999998, -0.15935, -0.11457, -0.069121, -0.023208000000000003, 0.023155000000000002, 0.067038, 0.07731]
[-1.3632, -1.3799, -1.3946, -1.4069999999999998, -1.3818, -1.3486, -1.3551, -1.3591, -1.3175, -1.2830000000000001, -1.2814, -1.2776, -1.2717, -1.2641, -1.2394, -1.1688]
[0.31392, 0.25523, 0.20801, 0.15935, 0.10124, 0.043238, 0.000875, -0.047747000000000005, -0.10499000000000001, -0.16209, -0.19844, -0.24728000000000003, -0.30336, -0.35759, -0.38825, -0.43756999999999996, -0.49215, -0.54648]
[0.53195, 0.47273000000000004, 0.42162, 0.3727, 0.31392, 0.25523, 0.20801, 0.15935, 0.10124, 0.043238, 0.000875, -0.047747000000000005, -0.10499000000000001, -0.16209, -0.19844, -0.24728000000000003, -0.30336, -0.35759]
[1.8529, 1.8539, 1.8315, 1.7819, 1.7863, 1.7412, 1.6833, 1.6246, 1.5708, 1.5108, 1.4558, 1.4005, 1.3405, 1.2805, 1.2205, 1.1605, 1.1024]
[1.8553, 1.8529, 1.8539, 1.8315, 1.7819, 1.7863, 1.7412, 1.6833, 1.6246, 1.5708, 1.5108, 1.4558, 1.4005, 1.3405, 1.2805, 1.2205, 1.1605]
[-1.2893, -1.3276, -1.3092, -1.2859, -1.2805, -1.3046, -1.2754, -1.2449, -1.2372, -1.2444, -1.2088, -1.1718, -1.1615, -1.1535, -1.1124, -1.0701, -1.0571, -1.0358, -0.99015]
[-0.9855200000000001, -0.94765, -0.9084200000000001, -0.8685, -0.82775, -0.81405, -0.81129, -0.76784, -0.7228899999999999, -0.6771, -0.63083, -0.58407, -0.56102, -0.54619, -0.49666000000000005, -0.44697, -0.39679000000000003, -0.36072, -0.33794]
[-1.2624, -1.2797, -1.2955, -1.3087, -1.3209, -1.33, -1.3378, -1.3433, -1.3466, -1.3485, -1.3472, -1.345, -1.3395, -1.3327, -1.3237, -1.3125, -1.2999]
[1.2582, 1.3043, 1.3516, 1.4001, 1.4492, 1.4999, 1.5404, 1.5344, 1.5547, 1.6086, 1.6226, 1.6194, 1.6174, 1.6157, 1.615, 1.615, 1.6156]
[-1.0839, -1.0598, -1.0336, -1.0064, -0.97782, -0.9802700000000001, -0.99825, -0.96799, -0.93342, -0.89733, -0.8604700000000001, -0.8226600000000001, -0.81313, -0.81589, -0.77579, -0.73339, -0.69, -0.66335, -0.65562]
[-1.1307, -1.1028, -1.0729, -1.042, -1.0099, -1.0079, -1.02, -0.9855200000000001, -0.94765, -0.9084200000000001, -0.8685, -0.82775, -0.81405, -0.81129, -0.76784, -0.7228899999999999, -0.6771, -0.63083, -0.58407]
[-1.1499, -1.1654, -1.1795, -1.1916, -1.2018, -1.2105, -1.2173, -1.2219, -1.2249, -1.2263, -1.225, -1.2223, -1.218, -1.2112, -1.2028, -1.1929, -1.1809]
[-1.0938, -1.0665, -1.0378, -1.0076, -0.9952, -1.0098, -0.97693, -0.9412799999999999, -0.90784, -0.9124700000000001, -0.8890399999999999, -0.8487299999999999, -0.8075100000000001, -0.79356, -0.77732, -0.73305, -0.68805, -0.64261, -0.59672]
[-1.1347, -1.1157, -1.0955, -1.0739, -1.0503, -1.0515, -1.0728, -1.0442, -1.0144, -0.98357, -0.95139, -0.95162, -0.94934, -0.9129799999999999, -0.8754700000000001, -0.85398, -0.85624, -0.81665, -0.77488]
[-1.2092, -1.2271, -1.2421, -1.2561, -1.2678, -1.2776, -1.286, -1.2914, -1.2958, -1.2975, -1.2973, -1.2956, -1.2911, -1.2854, -1.2770000000000001, -1.2669, -1.2552]
[1.1315, 1.1909999999999998, 1.2387, 1.2851, 1.3332, 1.3823, 1.4322, 1.4333, 1.4335, 1.4868, 1.5126, 1.5065, 1.5014, 1.4968, 1.4934, 1.4906, 1.4885]
[1.2005, 1.2483, 1.2977, 1.3477, 1.3993, 1.4517, 1.505, 1.5105, 1.5119999999999998, 1.5684, 1.5986, 1.5953, 1.5930000000000002, 1.5911, 1.5904, 1.5903]
[-1.149, -1.119, -1.0867, -1.0538, -1.0194, -1.0166, -1.0285, -0.9889399999999999, -0.94891, -0.90775, -0.86566, -0.82301, -0.8183600000000001, -0.80389, -0.75736, -0.7102, -0.6626, -0.64657, -0.62563]
[-1.1887, -1.1679, -1.145, -1.1252, -1.1535, -1.1592, -1.1293, -1.0977, -1.0655, -1.0312, -1.0126, -1.0244, -1.0024, -0.9629200000000001, -0.92181, -0.8802200000000001, -0.83757, -0.8192799999999999, -0.81658]
[-1.2018, -1.1816, -1.1605, -1.1369, -1.1349, -1.1632, -1.149, -1.119, -1.0867, -1.0538, -1.0194, -1.0166, -1.0285, -0.9889399999999999, -0.94891, -0.90775, -0.86566, -0.82301, -0.8183600000000001]
[-1.2971, -1.3189, -1.3388, -1.3565, -1.3719, -1.3847, -1.3951, -1.4028, -1.4078, -1.4101, -1.4097, -1.4065, -1.4005, -1.392, -1.3808, -1.3671, -1.3511]
[-1.2978, -1.3196, -1.3394, -1.357, -1.3723, -1.3852, -1.3954, -1.403, -1.4080000000000001, -1.4102, -1.4096, -1.4063, -1.4003, -1.3916, -1.3804, -1.3666, -1.3505]
[1.3274, 1.3741, 1.4209, 1.4613, 1.5013, 1.5421, 1.5835, 1.5984, 1.6182, 1.6407, 1.6375, 1.6349, 1.6329, 1.6314, 1.6305, 1.6303, 1.6306]
[1.2806, 1.3274, 1.3741, 1.4209, 1.4613, 1.5013, 1.5421, 1.5835, 1.5984, 1.6182, 1.6407, 1.6375, 1.6349, 1.6329, 1.6314, 1.6305, 1.6303]
[-1.3668, -1.3516, -1.334, -1.3147, -1.3203, -1.3319999999999999, -1.3067, -1.2808, -1.3018, -1.2779, -1.2454, -1.2117, -1.1935, -1.1923, -1.1541, -1.1148, -1.0745, -1.062, -1.0365]
[0.7461399999999999, 0.74602, 0.75321, 0.7903600000000001, 0.8204100000000001, 0.80443, 0.84493, 0.88726, 0.89305, 0.9096299999999999, 0.95885, 1.0139, 1.0609, 1.1179999999999999, 1.1675, 1.222, 1.2794, 1.3339, 1.3852]
[0.7128399999999999, 0.7461399999999999, 0.74602, 0.75321, 0.7903600000000001, 0.8204100000000001, 0.80443, 0.84493, 0.88726, 0.89305, 0.9096299999999999, 0.95885, 1.0139, 1.0609, 1.1179999999999999, 1.1675, 1.222, 1.2794, 1.3339]
[-1.3474, -1.3506, -1.3493, -1.2903, -1.28, -1.2749, -1.2679, -1.2366, -1.1823, -1.1702, -1.1561, -1.1403, -1.1228, -1.1037, -1.0603, -0.9989399999999999, -0.97608, -0.95175, -0.92595]
[-1.093, -1.1091, -1.1232, -1.1358, -1.147, -1.1559, -1.163, -1.1686, -1.1725, -1.1739, -1.1737, -1.172, -1.1681, -1.1623, -1.1548, -1.1458, -1.1345]
[-1.1071, -1.0911, -1.073, -1.0808, -1.1049, -1.0816, -1.0567, -1.0307, -1.0035, -1.0223, -1.0098, -0.97777, -0.9445100000000001, -0.94768, -0.9345700000000001, -0.8973, -0.8589100000000001, -0.84816, -0.8340000000000001]
[-1.1562, -1.1371, -1.1159, -1.0933, -1.0824, -1.107, -1.0851, -1.0559, -1.0312, -1.0455, -1.0238, -0.9889399999999999, -0.9531200000000001, -0.95688, -0.93501, -0.8952700000000001, -0.8546600000000001, -0.8445299999999999, -0.8221299999999999]
[-1.2595, -1.2735, -1.2905, -1.3057, -1.3189, -1.3295, -1.3377, -1.3439, -1.3478, -1.3493, -1.348, -1.3444, -1.3386, -1.3306, -1.3201, -1.3072, -1.2923]
[-1.2441, -1.2642, -1.2825, -1.2985, -1.3124, -1.3242, -1.3339, -1.3415, -1.3462, -1.3486, -1.3487, -1.3467, -1.3421, -1.3348, -1.3253, -1.3138, -1.3003]
[1.3314, 1.3792, 1.4248, 1.4679, 1.5118, 1.5566, 1.6021, 1.6263, 1.6319, 1.6794, 1.6836, 1.6829, 1.6828, 1.6832, 1.6844, 1.6862, 1.6638]
[-1.1079999999999999, -1.0781, -1.0472, -1.0153, -0.98209, -0.9747100000000001, -0.9564299999999999, -0.91964, -0.8821100000000001, -0.8437600000000001, -0.80484, -0.7763, -0.7612, -0.71978, -0.6779, -0.63565, -0.59958, -0.58014, -0.5361]
[-1.2021, -1.2195, -1.2348, -1.2487, -1.261, -1.2707, -1.2788, -1.2852, -1.2894, -1.2913, -1.2916, -1.2902, -1.286, -1.2802, -1.2726, -1.263, -1.2512]
[-1.0586, -1.0708, -1.043, -1.0072, -0.97264, -0.9749700000000001, -0.9494100000000001, -0.90894, -0.86767, -0.85631, -0.8322299999999999, -0.78799, -0.74303, -0.71864, -0.69523, -0.64799, -0.60026, -0.5522100000000001, -0.50612]
[-1.1653, -1.1381, -1.1091, -1.0789, -1.0586, -1.0708, -1.043, -1.0072, -0.97264, -0.9749700000000001, -0.9494100000000001, -0.90894, -0.86767, -0.85631, -0.8322299999999999, -0.78799, -0.74303, -0.71864, -0.69523]
[-0.88192, -0.8629899999999999, -0.86262, -0.82245, -0.78161, -0.7497699999999999, -0.74353, -0.7044600000000001, -0.66014, -0.61537, -0.56996, -0.54511, -0.52078, -0.47331000000000006, -0.42539, -0.37718, -0.3287, -0.27981999999999996, -0.24859]
[-1.2378, -1.2229, -1.2056, -1.2191, -1.2388, -1.2159, -1.1912, -1.1653, -1.1381, -1.1091, -1.0789, -1.0586, -1.0708, -1.043, -1.0072, -0.97264, -0.9749700000000001, -0.9494100000000001, -0.90894]
[-0.9591700000000001, -0.9713299999999999, -0.98198, -0.99154, -0.99849, -1.0044, -1.0085, -1.0105, -1.0115, -1.0101, -1.0072, -1.003, -0.99625, -0.9884299999999999, -0.97887, -0.9673700000000001]
[-1.5663, -1.6376, -1.6846, -1.7062, -1.7242, -1.7403, -1.7531, -1.7625, -1.77, -1.7726, -1.7728, -1.7702, -1.7631, -1.754, -1.7412, -1.7254]
[-1.5354, -1.5663, -1.6376, -1.6846, -1.7062, -1.7242, -1.7403, -1.7531, -1.7625, -1.77, -1.7726, -1.7728, -1.7702, -1.7631, -1.754, -1.7412]
[1.3767, 1.4192, 1.4631, 1.4845, 1.4774, 1.4712, 1.4655, 1.4605, 1.4563, 1.4525, 1.4497, 1.4475, 1.4458, 1.4451, 1.4447, 1.4453, 1.4453]
[1.3348, 1.3767, 1.4192, 1.4631, 1.4845, 1.4774, 1.4712, 1.4655, 1.4605, 1.4563, 1.4525, 1.4497, 1.4475, 1.4458, 1.4451, 1.4447]
[1.1777, 1.2153, 1.2543, 1.294, 1.3348, 1.3767, 1.4192, 1.4631, 1.4845, 1.4774, 1.4712, 1.4655, 1.4605, 1.4563, 1.4525, 1.4497, 1.4475, 1.4458]
[1.5307, 1.5323, 1.5347, 1.5375, 1.5413, 1.5456, 1.5504, 1.5562, 1.5624, 1.5694, 1.5407, 1.5016, 1.5108, 1.4952, 1.4538, 1.4138]
[1.1412, 1.1777, 1.2153, 1.2543, 1.294, 1.3348, 1.3767, 1.4192, 1.4631, 1.4845, 1.4774, 1.4712, 1.4655, 1.4605, 1.4563, 1.4525, 1.4497, 1.4475, 1.4458]
[1.1659, 1.2118, 1.2591, 1.3069, 1.3556, 1.4052, 1.4479, 1.4463, 1.4452, 1.4447, 1.4942, 1.5307, 1.5323, 1.5347, 1.5375, 1.5413, 1.5456, 1.5504]
[-1.5077, -1.5354, -1.5663, -1.6376, -1.6846, -1.7062, -1.7242, -1.7403, -1.7531, -1.7625, -1.77, -1.7726, -1.7728, -1.7702, -1.7631, -1.754, -1.7412]
[-1.3715, -1.3708, -1.392, -1.3801, -1.3659, -1.3613, -1.3648, -1.3435, -1.3202, -1.3117, -1.2991, -1.2701, -1.2514, -1.2355, -1.2019, -1.1746, -1.1558, -1.1185, -1.0804]
[-1.4148, -1.4127, -1.371, -1.3638, -1.3543, -1.3427, -1.3287, -1.3125, -1.2943, -1.2404, -1.2191, -1.1961, -1.1716, -1.1454, -1.1179, -1.0892, -1.0547, -0.99954, -0.9680799999999999]
[-1.4144, -1.4148, -1.4127, -1.371, -1.3638, -1.3543, -1.3427, -1.3287, -1.3125, -1.2943, -1.2404, -1.2191, -1.1961, -1.1716, -1.1454, -1.1179, -1.0892, -1.0547, -0.99954]
[-1.2187, -1.2355, -1.2512, -1.2644, -1.2763, -1.2858, -1.2937, -1.2994, -1.3032, -1.3051, -1.3048, -1.3029, -1.2984, -1.2927, -1.2842, -1.2746, -1.2622]
[1.0228, 1.0711, 1.1198, 1.171, 1.2227, 1.2766, 1.3124, 1.3004, 1.3129, 1.3713, 1.4018, 1.3937, 1.3864, 1.3801, 1.3747, 1.3702, 1.3668]
[-0.67819, -0.62852, -0.57845, -0.5273800000000001, -0.4915, -0.4829, -0.45441000000000004, -0.39957, -0.34421999999999997, -0.28838, -0.23201999999999998, -0.17527, -0.1419, -0.12122000000000001, -0.072609, -0.013163, 0.046785, 0.10686, 0.16744]
[-1.0313, -0.9998100000000001, -0.96751, -0.9332299999999999, -0.8983700000000001, -0.90994, -0.92976, -0.8935299999999999, -0.85254, -0.80953, -0.76637, -0.72147, -0.6832699999999999, -0.68633, -0.67819, -0.62852, -0.57845, -0.5273800000000001, -0.4915]
[-1.3935, -1.4035, -1.3874, -1.3692, -1.3703, -1.3769, -1.3524, -1.3262, -1.3119999999999998, -1.3145, -1.2829, -1.25, -1.2227, -1.2209, -1.1837, -1.1454, -1.1063, -1.0667, -1.0594]
[-1.2889, -1.2852, -1.2708, -1.2176, -1.2083, -1.1972, -1.1823, -1.1167, -1.1007, -1.0831, -1.0639, -1.0431, -1.0209, -0.99734, -0.9724, -0.91059, -0.8716700000000001, -0.84378, -0.8147800000000001]
[-1.1027, -1.119, -1.1338, -1.1468, -1.1581, -1.1676, -1.1753, -1.1809, -1.1845, -1.1863, -1.1862, -1.1843, -1.1804, -1.1747, -1.1669, -1.1572, -1.1457]
[-1.161, -1.1782, -1.1937, -1.2074, -1.2194, -1.2295, -1.2376, -1.2435, -1.2476, -1.2496, -1.2497, -1.2478, -1.244, -1.2382, -1.2301, -1.2202, -1.2085]
[-1.0315, -1.0096, -0.9989100000000001, -0.98751, -0.95045, -0.91504, -0.9131299999999999, -0.87644, -0.8352299999999999, -0.81191, -0.78935, -0.7521899999999999, -0.73656, -0.69093, -0.6448699999999999, -0.61752, -0.58263, -0.53484, -0.49157]
[-1.0241, -1.0041, -1.0203, -0.98903, -0.9920399999999999, -0.97249, -0.9567700000000001, -0.94725, -0.9148799999999999, -0.91296, -0.873, -0.8593700000000001, -0.82899, -0.8004, -0.77788, -0.7327, -0.68706, -0.66755, -0.62611]
[-1.0811, -1.0526, -1.0228, -1.0315, -1.0096, -0.9989100000000001, -0.98751, -0.95045, -0.91504, -0.9131299999999999, -0.87644, -0.8352299999999999, -0.81191, -0.78935, -0.7521899999999999, -0.73656, -0.69093, -0.6448699999999999, -0.61752]
[-1.4053, -1.4205, -1.4116, -1.4003, -1.3865, -1.3857, -1.3911, -1.3703, -1.3477, -1.3589, -1.3318, -1.3031, -1.273, -1.2684, -1.2396, -1.2048, -1.1691, -1.1482, -1.1215]
[-1.3484, -1.3459999999999999, -1.3382, -1.2925, -1.2834, -1.2722, -1.2590000000000001, -1.2439, -1.1875, -1.1691, -1.1491, -1.1275, -1.1043, -1.0797, -1.0536, -1.0262, -0.99766, -0.94105, -0.9045200000000001]
[-1.3203, -1.307, -1.2918, -1.2829, -1.3136, -1.2922, -1.2690000000000001, -1.2441, -1.2541, -1.2428, -1.2126, -1.1811, -1.1632, -1.1626, -1.1265, -1.0893, -1.0511, -1.0484, -1.0143]
[-1.4106, -1.4158, -1.4189, -1.4127, -1.3567, -1.3532, -1.3475, -1.3398, -1.2905, -1.258, -1.2449, -1.2299, -1.2132, -1.1838, -1.117, -1.0959, -1.0732, -1.0490000000000002, -1.0234]
[-1.4423, -1.4544, -1.4344, -1.4106, -1.4158, -1.4189, -1.4127, -1.3567, -1.3532, -1.3475, -1.3398, -1.2905, -1.258, -1.2449, -1.2299, -1.2132, -1.1838, -1.117, -1.0959]
