[-0.42278000000000004, -1.1024, -1.1024, -1.1024, -1.1024, -1.1024, -1.1024, -1.1024, -1.1024, -1.1024, -1.1024, -1.1024, -1.1024, -1.1024, -1.1024, -1.1024, -1.1024, -1.1024, -1.1024, -1.1024, -1.1024, -1.1024, -1.1024, -1.1024, -1.1024, -1.1024, -1.1024, -1.1024, -1.1024, -1.1024, -1.1024]
[-0.20255, -0.42278000000000004, -1.1024, -1.1024, -1.1024, -1.1024, -1.1024, -1.1024, -1.1024, -1.1024, -1.1024, -1.1024, -1.1024, -1.1024, -1.1024, -1.1024, -1.1024, -1.1024, -1.1024, -1.1024, -1.1024, -1.1024, -1.1024, -1.1024, -1.1024, -1.1024, -1.1024, -1.1024, -1.1024, -1.1024, -1.1024]
[-0.3529, -1.1027, -1.1027, -1.1027, -1.1027, -1.1027, -1.1027, -1.1027, -1.1027, -1.1027, -1.1027, -1.1027, -1.1027, -1.1027, -1.1027, -1.1027, -1.1027, -1.1027, -1.1027, -1.1027, -1.1027, -1.1027, -1.1027, -1.1027, -1.1027, -1.1027, -1.1027, -1.1027, -1.1027, -1.1027, -1.1027]
[-0.18307, -0.3529, -1.1027, -1.1027, -1.1027, -1.1027, -1.1027, -1.1027, -1.1027, -1.1027, -1.1027, -1.1027, -1.1027, -1.1027, -1.1027, -1.1027, -1.1027, -1.1027, -1.1027, -1.1027, -1.1027, -1.1027, -1.1027, -1.1027, -1.1027, -1.1027, -1.1027, -1.1027, -1.1027, -1.1027, -1.1027]
[-0.32997, -1.1062, -1.1062, -1.1062, -1.1062, -1.1062, -1.1062, -1.1062, -1.1062, -1.1062, -1.1062, -1.1062, -1.1062, -1.1062, -1.1062, -1.1062, -1.1062, -1.1062, -1.1062, -1.1062, -1.1062, -1.1062, -1.1062, -1.1062, -1.1062, -1.1062, -1.1062, -1.1062, -1.1062, -1.1062, -1.1062]
[-0.098219, -0.32997, -1.1062, -1.1062, -1.1062, -1.1062, -1.1062, -1.1062, -1.1062, -1.1062, -1.1062, -1.1062, -1.1062, -1.1062, -1.1062, -1.1062, -1.1062, -1.1062, -1.1062, -1.1062, -1.1062, -1.1062, -1.1062, -1.1062, -1.1062, -1.1062, -1.1062, -1.1062, -1.1062, -1.1062, -1.1062]
[-0.41502, -1.0747, -1.0747, -1.0747, -1.0747, -1.0747, -1.0747, -1.0747, -1.0747, -1.0747, -1.0747, -1.0747, -1.0747, -1.0747, -1.0747, -1.0747, -1.0747, -1.0747, -1.0747, -1.0747, -1.0747, -1.0747, -1.0747, -1.0747, -1.0747, -1.0747, -1.0747, -1.0747, -1.0747, -1.0747, -1.0747]
[-0.23833000000000001, -0.41502, -1.0747, -1.0747, -1.0747, -1.0747, -1.0747, -1.0747, -1.0747, -1.0747, -1.0747, -1.0747, -1.0747, -1.0747, -1.0747, -1.0747, -1.0747, -1.0747, -1.0747, -1.0747, -1.0747, -1.0747, -1.0747, -1.0747, -1.0747, -1.0747, -1.0747, -1.0747, -1.0747, -1.0747, -1.0747]
[-0.38398000000000004, -1.082, -1.082, -1.082, -1.082, -1.082, -1.082, -1.082, -1.082, -1.082, -1.082, -1.082, -1.082, -1.082, -1.082, -1.082, -1.082, -1.082, -1.082, -1.082, -1.082, -1.082, -1.082, -1.082, -1.082, -1.082, -1.082, -1.082, -1.082, -1.082, -1.082]
[-0.20758000000000001, -0.38398000000000004, -1.082, -1.082, -1.082, -1.082, -1.082, -1.082, -1.082, -1.082, -1.082, -1.082, -1.082, -1.082, -1.082, -1.082, -1.082, -1.082, -1.082, -1.082, -1.082, -1.082, -1.082, -1.082, -1.082, -1.082, -1.082, -1.082, -1.082, -1.082, -1.082]
[-0.40512, -1.0924, -1.0924, -1.0924, -1.0924, -1.0924, -1.0924, -1.0924, -1.0924, -1.0924, -1.0924, -1.0924, -1.0924, -1.0924, -1.0924, -1.0924, -1.0924, -1.0924, -1.0924, -1.0924, -1.0924, -1.0924, -1.0924, -1.0924, -1.0924, -1.0924, -1.0924, -1.0924, -1.0924, -1.0924, -1.0924]
[-0.21488000000000002, -0.40512, -1.0924, -1.0924, -1.0924, -1.0924, -1.0924, -1.0924, -1.0924, -1.0924, -1.0924, -1.0924, -1.0924, -1.0924, -1.0924, -1.0924, -1.0924, -1.0924, -1.0924, -1.0924, -1.0924, -1.0924, -1.0924, -1.0924, -1.0924, -1.0924, -1.0924, -1.0924, -1.0924, -1.0924, -1.0924]
[-0.30491, -1.1098, -1.1098, -1.1098, -1.1098, -1.1098, -1.1098, -1.1098, -1.1098, -1.1098, -1.1098, -1.1098, -1.1098, -1.1098, -1.1098, -1.1098, -1.1098, -1.1098, -1.1098, -1.1098, -1.1098, -1.1098, -1.1098, -1.1098, -1.1098, -1.1098, -1.1098, -1.1098, -1.1098, -1.1098, -1.1098]
[-0.39664, -1.0666, -1.0666, -1.0666, -1.0666, -1.0666, -1.0666, -1.0666, -1.0666, -1.0666, -1.0666, -1.0666, -1.0666, -1.0666, -1.0666, -1.0666, -1.0666, -1.0666, -1.0666, -1.0666, -1.0666, -1.0666, -1.0666, -1.0666, -1.0666, -1.0666, -1.0666, -1.0666, -1.0666, -1.0666, -1.0666]
[-0.17909, -0.39664, -1.0666, -1.0666, -1.0666, -1.0666, -1.0666, -1.0666, -1.0666, -1.0666, -1.0666, -1.0666, -1.0666, -1.0666, -1.0666, -1.0666, -1.0666, -1.0666, -1.0666, -1.0666, -1.0666, -1.0666, -1.0666, -1.0666, -1.0666, -1.0666, -1.0666, -1.0666, -1.0666, -1.0666, -1.0666]
[-0.4434, -1.0713, -1.0713, -1.0713, -1.0713, -1.0713, -1.0713, -1.0713, -1.0713, -1.0713, -1.0713, -1.0713, -1.0713, -1.0713, -1.0713, -1.0713, -1.0713, -1.0713, -1.0713, -1.0713, -1.0713, -1.0713, -1.0713, -1.0713, -1.0713, -1.0713, -1.0713, -1.0713, -1.0713, -1.0713, -1.0713]
[-0.23246999999999998, -0.4434, -1.0713, -1.0713, -1.0713, -1.0713, -1.0713, -1.0713, -1.0713, -1.0713, -1.0713, -1.0713, -1.0713, -1.0713, -1.0713, -1.0713, -1.0713, -1.0713, -1.0713, -1.0713, -1.0713, -1.0713, -1.0713, -1.0713, -1.0713, -1.0713, -1.0713, -1.0713, -1.0713, -1.0713, -1.0713]
[-0.34557, -1.0902, -1.0902, -1.0902, -1.0902, -1.0902, -1.0902, -1.0902, -1.0902, -1.0902, -1.0902, -1.0902, -1.0902, -1.0902, -1.0902, -1.0902, -1.0902, -1.0902, -1.0902, -1.0902, -1.0902, -1.0902, -1.0902, -1.0902, -1.0902, -1.0902, -1.0902, -1.0902, -1.0902, -1.0902, -1.0902]
[-0.16504000000000002, -0.34557, -1.0902, -1.0902, -1.0902, -1.0902, -1.0902, -1.0902, -1.0902, -1.0902, -1.0902, -1.0902, -1.0902, -1.0902, -1.0902, -1.0902, -1.0902, -1.0902, -1.0902, -1.0902, -1.0902, -1.0902, -1.0902, -1.0902, -1.0902, -1.0902, -1.0902, -1.0902, -1.0902, -1.0902, -1.0902]
[-0.44323, -1.0735, -1.0735, -1.0735, -1.0735, -1.0735, -1.0735, -1.0735, -1.0735, -1.0735, -1.0735, -1.0735, -1.0735, -1.0735, -1.0735, -1.0735, -1.0735, -1.0735, -1.0735, -1.0735, -1.0735, -1.0735, -1.0735, -1.0735, -1.0735, -1.0735, -1.0735, -1.0735, -1.0735, -1.0735, -1.0735]
[-0.24996999999999997, -0.44323, -1.0735, -1.0735, -1.0735, -1.0735, -1.0735, -1.0735, -1.0735, -1.0735, -1.0735, -1.0735, -1.0735, -1.0735, -1.0735, -1.0735, -1.0735, -1.0735, -1.0735, -1.0735, -1.0735, -1.0735, -1.0735, -1.0735, -1.0735, -1.0735, -1.0735, -1.0735, -1.0735, -1.0735, -1.0735]
[-0.35739, -1.1014, -1.1014, -1.1014, -1.1014, -1.1014, -1.1014, -1.1014, -1.1014, -1.1014, -1.1014, -1.1014, -1.1014, -1.1014, -1.1014, -1.1014, -1.1014, -1.1014, -1.1014, -1.1014, -1.1014, -1.1014, -1.1014, -1.1014, -1.1014, -1.1014, -1.1014, -1.1014, -1.1014, -1.1014, -1.1014]
[-0.15270999999999998, -0.35739, -1.1014, -1.1014, -1.1014, -1.1014, -1.1014, -1.1014, -1.1014, -1.1014, -1.1014, -1.1014, -1.1014, -1.1014, -1.1014, -1.1014, -1.1014, -1.1014, -1.1014, -1.1014, -1.1014, -1.1014, -1.1014, -1.1014, -1.1014, -1.1014, -1.1014, -1.1014, -1.1014, -1.1014, -1.1014]
[-0.32844, -1.0953, -1.0953, -1.0953, -1.0953, -1.0953, -1.0953, -1.0953, -1.0953, -1.0953, -1.0953, -1.0953, -1.0953, -1.0953, -1.0953, -1.0953, -1.0953, -1.0953, -1.0953, -1.0953, -1.0953, -1.0953, -1.0953, -1.0953, -1.0953, -1.0953, -1.0953, -1.0953, -1.0953, -1.0953, -1.0953]
[-0.11863, -0.32844, -1.0953, -1.0953, -1.0953, -1.0953, -1.0953, -1.0953, -1.0953, -1.0953, -1.0953, -1.0953, -1.0953, -1.0953, -1.0953, -1.0953, -1.0953, -1.0953, -1.0953, -1.0953, -1.0953, -1.0953, -1.0953, -1.0953, -1.0953, -1.0953, -1.0953, -1.0953, -1.0953, -1.0953, -1.0953]
[-0.47175, -1.0761, -1.0761, -1.0761, -1.0761, -1.0761, -1.0761, -1.0761, -1.0761, -1.0761, -1.0761, -1.0761, -1.0761, -1.0761, -1.0761, -1.0761, -1.0761, -1.0761, -1.0761, -1.0761, -1.0761, -1.0761, -1.0761, -1.0761, -1.0761, -1.0761, -1.0761, -1.0761, -1.0761, -1.0761, -1.0761]
[-0.29245, -1.1083, -1.1083, -1.1083, -1.1083, -1.1083, -1.1083, -1.1083, -1.1083, -1.1083, -1.1083, -1.1083, -1.1083, -1.1083, -1.1083, -1.1083, -1.1083, -1.1083, -1.1083, -1.1083, -1.1083, -1.1083, -1.1083, -1.1083, -1.1083, -1.1083, -1.1083, -1.1083, -1.1083, -1.1083, -1.1083]
[-0.083708, -0.29245, -1.1083, -1.1083, -1.1083, -1.1083, -1.1083, -1.1083, -1.1083, -1.1083, -1.1083, -1.1083, -1.1083, -1.1083, -1.1083, -1.1083, -1.1083, -1.1083, -1.1083, -1.1083, -1.1083, -1.1083, -1.1083, -1.1083, -1.1083, -1.1083, -1.1083, -1.1083, -1.1083, -1.1083, -1.1083]
[-0.3827, -1.0944, -1.0944, -1.0944, -1.0944, -1.0944, -1.0944, -1.0944, -1.0944, -1.0944, -1.0944, -1.0944, -1.0944, -1.0944, -1.0944, -1.0944, -1.0944, -1.0944, -1.0944, -1.0944, -1.0944, -1.0944, -1.0944, -1.0944, -1.0944, -1.0944, -1.0944, -1.0944, -1.0944, -1.0944, -1.0944]
[-0.14668, -0.3827, -1.0944, -1.0944, -1.0944, -1.0944, -1.0944, -1.0944, -1.0944, -1.0944, -1.0944, -1.0944, -1.0944, -1.0944, -1.0944, -1.0944, -1.0944, -1.0944, -1.0944, -1.0944, -1.0944, -1.0944, -1.0944, -1.0944, -1.0944, -1.0944, -1.0944, -1.0944, -1.0944, -1.0944, -1.0944]
[-0.36138000000000003, -1.0863, -1.0863, -1.0863, -1.0863, -1.0863, -1.0863, -1.0863, -1.0863, -1.0863, -1.0863, -1.0863, -1.0863, -1.0863, -1.0863, -1.0863, -1.0863, -1.0863, -1.0863, -1.0863, -1.0863, -1.0863, -1.0863, -1.0863, -1.0863, -1.0863, -1.0863, -1.0863, -1.0863, -1.0863, -1.0863]
[-0.16949, -0.36138000000000003, -1.0863, -1.0863, -1.0863, -1.0863, -1.0863, -1.0863, -1.0863, -1.0863, -1.0863, -1.0863, -1.0863, -1.0863, -1.0863, -1.0863, -1.0863, -1.0863, -1.0863, -1.0863, -1.0863, -1.0863, -1.0863, -1.0863, -1.0863, -1.0863, -1.0863, -1.0863, -1.0863, -1.0863, -1.0863]
[-0.35170999999999997, -1.0994, -1.0994, -1.0994, -1.0994, -1.0994, -1.0994, -1.0994, -1.0994, -1.0994, -1.0994, -1.0994, -1.0994, -1.0994, -1.0994, -1.0994, -1.0994, -1.0994, -1.0994, -1.0994, -1.0994, -1.0994, -1.0994, -1.0994, -1.0994, -1.0994, -1.0994, -1.0994, -1.0994, -1.0994, -1.0994]
[-0.36601999999999996, -1.0856, -1.0856, -1.0856, -1.0856, -1.0856, -1.0856, -1.0856, -1.0856, -1.0856, -1.0856, -1.0856, -1.0856, -1.0856, -1.0856, -1.0856, -1.0856, -1.0856, -1.0856, -1.0856, -1.0856, -1.0856, -1.0856, -1.0856, -1.0856, -1.0856, -1.0856, -1.0856, -1.0856, -1.0856, -1.0856]
[-0.44548000000000004, -1.0819, -1.0819, -1.0819, -1.0819, -1.0819, -1.0819, -1.0819, -1.0819, -1.0819, -1.0819, -1.0819, -1.0819, -1.0819, -1.0819, -1.0819, -1.0819, -1.0819, -1.0819, -1.0819, -1.0819, -1.0819, -1.0819, -1.0819, -1.0819, -1.0819, -1.0819, -1.0819, -1.0819, -1.0819, -1.0819]
[-0.3083, -1.0922, -1.0922, -1.0922, -1.0922, -1.0922, -1.0922, -1.0922, -1.0922, -1.0922, -1.0922, -1.0922, -1.0922, -1.0922, -1.0922, -1.0922, -1.0922, -1.0922, -1.0922, -1.0922, -1.0922, -1.0922, -1.0922, -1.0922, -1.0922, -1.0922, -1.0922]
[-0.44942, -1.0828, -1.0828, -1.0828, -1.0828, -1.0828, -1.0828, -1.0828, -1.0828, -1.0828, -1.0828, -1.0828, -1.0828, -1.0828, -1.0828, -1.0828, -1.0828, -1.0828, -1.0828, -1.0828, -1.0828, -1.0828, -1.0828, -1.0828, -1.0828, -1.0828, -1.0828]
[-0.35076, -1.0982, -1.0982, -1.0982, -1.0982, -1.0982, -1.0982, -1.0982, -1.0982, -1.0982, -1.0982, -1.0982, -1.0982, -1.0982, -1.0982, -1.0982, -1.0982, -1.0982, -1.0982, -1.0982, -1.0982, -1.0982, -1.0982, -1.0982, -1.0982, -1.0982, -1.0982]
[-0.37206999999999996, -1.0976, -1.0976, -1.0976, -1.0976, -1.0976, -1.0976, -1.0976, -1.0976, -1.0976, -1.0976, -1.0976, -1.0976, -1.0976, -1.0976, -1.0976, -1.0976, -1.0976, -1.0976, -1.0976, -1.0976, -1.0976, -1.0976, -1.0976, -1.0976, -1.0976, -1.0976]
[-0.4794, -1.0666, -1.0666, -1.0666, -1.0666, -1.0666, -1.0666, -1.0666, -1.0666, -1.0666, -1.0666, -1.0666, -1.0666, -1.0666, -1.0666, -1.0666, -1.0666, -1.0666, -1.0666, -1.0666, -1.0666, -1.0666, -1.0666, -1.0666, -1.0666, -1.0666, -1.0666]
