[-0.42278000000000004, -1.1024, -1.1024, -1.1024, -1.1024, -1.1024, -1.1024, -1.1024, -1.1024, -1.1024, -1.1024, -1.1024, -1.1024, -1.1024, -1.1024, -1.1024, -1.1024, -1.1024, -1.1024, -1.1024, -1.1024, -1.1024, -1.1024, -1.1024, -1.1024, -1.1024, -1.1024, -1.1024, -1.1024, -1.1024, -1.1024]
[0.49962, 0.25832, 0.21336999999999998, -0.0403, -0.26657, -0.43338000000000004, -0.41366, -0.29749000000000003, -0.061642999999999996, 0.18173, 0.44827, 0.71109, 0.81912, 0.9072100000000001, 1.1295, 1.3479, 1.4086, 1.3854, 1.3459, 1.3365, 1.3664, 1.3762, 1.4661, 1.4984]
[1.4368, 1.4411, 1.3253, 1.2997, 1.2856, 1.3314, 1.3843, 1.4207, 1.4485, 1.3718, 1.1666, 1.0788, 0.8961399999999999, 0.7331, 0.62245, 0.40369, 0.14394, -0.11002, -0.30127, -1.1112, -1.1112, -1.1112, -1.1112, -1.1112]
[-0.068321, 0.16233, 0.39144, 0.65665, 0.73364, 0.8537600000000001, 1.073, 1.1666, 1.4174, 1.4771, 1.4308, 1.3037, 1.1569, 0.96467, 0.76654, 0.5727, 0.34196, 0.07571699999999999, -0.17298, -0.4028, -0.46779, -0.4178, -0.20786999999999997, -0.038276]
[0.99272, 0.63456, 0.25221, -0.035717, -0.40268000000000004, -0.7836, -1.0476, -0.41426, -0.17387, -0.065148, -0.17797000000000002, -0.4015, -0.7511, -1.0898, -1.2162, -1.4797, -1.6333, -1.4341, -1.1828, -0.9173, -0.61884, -0.415, -0.21205, 0.037142, 0.028437, -0.11174, -0.36682, -0.66578]
[1.2996, 1.0979999999999999, 1.1537, 1.2186, 1.1028, 1.1847, 1.1857, 1.3664, 1.5392, 1.7343, 1.7819999999999998, 1.6521, 1.2292, 0.8302299999999999, 0.48818999999999996, 0.10128999999999999, -0.22036, -0.54301, -0.72129, 0.087686, -0.10235, -0.41358, -0.6741699999999999, -0.9781700000000001, -1.2887, -1.5392]
[1.8873, 1.6901, 1.2784, 0.8463200000000001, 0.41841999999999996, 0.046183999999999996, -0.38516999999999996, -0.71797, -0.8538399999999999, 0.031585, -0.11089, -0.27789, -0.6978, -0.9082399999999999, -1.1465, -1.3259999999999998, -1.4062, -1.4186, -1.2974, -1.0692, -0.76946, -0.6832600000000001, -0.54533, -0.3673, -0.091806]
[1.3481, 1.1135, 0.7490600000000001, 0.37069, 0.075626, -0.28102, -0.6203, -0.86388, 0.043909, 0.059413, -0.20328, -0.56767, -0.86798, -1.0492, -1.3934, -1.6515, -1.6059999999999999, -1.446, -1.1772, -1.0452, -0.85105, -0.49163, -0.21327, 0.033864, -0.028424, -0.15922, -0.41444, -0.73024, -1.1101]
[0.7996, 0.48157, 0.10853, -0.19659000000000001, -0.49212, -0.77425, -0.43577, -0.13518, -0.13976, -0.37985, -0.54906, -0.7159800000000001, -0.9646399999999999, -1.1978, -1.4717, -1.604, -1.4609999999999999, -1.2116, -0.9961200000000001, -0.77522, -0.52795, -0.28014, -0.12384, -0.16009, -0.39831, -0.59413, -0.78101, -0.9596299999999999, -1.1905, -1.4794, -1.5781]
[-0.43577, -0.13518, -0.13976, -0.37985, -0.54906, -0.7159800000000001, -0.9646399999999999, -1.1978, -1.4717, -1.604, -1.4609999999999999, -1.2116, -0.9961200000000001, -0.77522, -0.52795, -0.28014, -0.12384, -0.16009, -0.39831, -0.59413, -0.78101, -0.9596299999999999, -1.1905, -1.4794, -1.5781, -1.5068, -1.3354, -1.0628, -0.8456799999999999, -0.67586]
[1.5621, 1.6344, 1.385, 1.2254, 1.2924, 1.0954, 1.0929, 1.3543, 1.3698, 1.4638, 1.5762, 1.4817, 1.1479, 0.79694, 0.38327, 0.026052999999999996, -0.36732, -0.69092, -0.9556, 0.41323999999999994, 0.26393, -0.030721, -0.49823, -0.78591, -1.1275, -1.5322, -1.8189]
[0.61737, 0.94936, 1.14, 1.2432, 1.3202, 1.3227, 1.3087, 1.2022, 1.0069, 0.83816, 0.7216100000000001, 0.53369, 0.31734, 0.022018, -0.3465, -0.7518199999999999, -0.7428100000000001, -0.83149, -1.0522, -0.98119, -0.79384, -0.44095, -0.10608, 0.29207]
[1.7277, 1.3513, 0.99272, 0.63456, 0.25221, -0.035717, -0.40268000000000004, -0.7836, -1.0476, -0.41426, -0.17387, -0.065148, -0.17797000000000002, -0.4015, -0.7511, -1.0898, -1.2162, -1.4797, -1.6333, -1.4341, -1.1828, -0.9173, -0.61884, -0.415, -0.21205, 0.037142, 0.028437, -0.11174, -0.36682, -0.66578]
[1.2983, 1.385, 1.5923, 1.7277, 1.3513, 0.99272, 0.63456, 0.25221, -0.035717, -0.40268000000000004, -0.7836, -1.0476, -0.41426, -0.17387, -0.065148, -0.17797000000000002, -0.4015, -0.7511, -1.0898, -1.2162, -1.4797, -1.6333, -1.4341, -1.1828, -0.9173]
[-0.14782, 0.17285999999999999, 0.53857, 0.87874, 1.2127, 1.5608, 1.6036, 1.6549, 1.4375, 1.2865, 1.3913, 1.5765, 1.646, 1.6003, 1.5922, 1.2925, 0.87995, 0.4894, 0.10520999999999998, -0.19825, -0.5884, -0.8794, -0.043972000000000004, -0.009996, -0.20997]
[1.2676, 1.018, 0.72092, 0.49422, 0.10450999999999999, -0.16867000000000001, -0.50702, -0.84367, -0.95388, -0.97177, -0.8845799999999999, -0.64732, -0.31656999999999996, 0.05139, 0.42083000000000004, 0.72278, 0.59521, 0.85226, 1.1872, 1.4669999999999999, 1.5877, 1.4873, 1.5598, 1.5179, 1.5917, 1.7089, 1.6105, 1.4191, 1.0632, 0.68685]
[1.455, 1.4982, 1.4287, 1.2958, 1.1344, 0.8755200000000001, 0.5705100000000001, 0.26289, -0.030933999999999996, -0.38874000000000003, -0.6151300000000001, -0.79765, -1.0666, -1.1334, -0.9305700000000001, -0.69521, -0.36874, -0.028176, 0.30511, 0.6392100000000001, 0.9738, 1.3088, 1.5852, 1.6336]
[-0.43132, -0.76375, -0.9383100000000001, -0.10338, 0.045236, -0.13742000000000001, -0.42446000000000006, -0.70801, -1.0529, -1.2432, -1.4602, -1.5611, -1.4164, -1.216, -0.9639200000000001, -0.67373, -0.43609, -0.14376, 0.029060000000000002, -0.12683, -0.25716999999999995, -0.54665, -0.83241, -1.0406]
[-0.7836, -1.0476, -0.41426, -0.17387, -0.065148, -0.17797000000000002, -0.4015, -0.7511, -1.0898, -1.2162, -1.4797, -1.6333, -1.4341, -1.1828, -0.9173, -0.61884, -0.415, -0.21205, 0.037142, 0.028437, -0.11174, -0.36682, -0.66578, -0.91265, -1.1458, -1.3467, -1.5338, -1.4754, -1.2669, -1.1943, -0.93263]
[-0.40268000000000004, -0.7836, -1.0476, -0.41426, -0.17387, -0.065148, -0.17797000000000002, -0.4015, -0.7511, -1.0898, -1.2162, -1.4797, -1.6333, -1.4341, -1.1828, -0.9173, -0.61884, -0.415, -0.21205, 0.037142, 0.028437, -0.11174, -0.36682, -0.66578]
[-0.9714299999999999, -0.9316399999999999, -0.68303, -0.3431, -0.030251999999999998, 0.33533, 0.54698, 0.83505, 1.1662, 1.3567, 1.5178, 1.4040000000000001, 1.4514, 1.3166, 1.2054, 1.0713, 1.0219, 0.80906, 0.59737, 0.30241999999999997, -0.008089, -0.33797, -0.64264, -0.8852899999999999, -0.98819]
[-0.3959, -0.7226600000000001, -0.9771200000000001, 0.084945, 0.048532, -0.16519, -0.47943, -0.70798, -1.0619, -1.3122, -1.5183, -1.4485, -1.2191, -1.0434, -0.7780699999999999, -0.48327, -0.17306, -0.017865, -0.077689, -0.25539, -0.5212100000000001, -0.76977, -1.0984, -1.2886]
[-0.79104, -0.64774, -0.36023, -0.02568, 0.23239, 0.60185, 0.84365, 1.0417, 1.2684, 1.3639, 1.4931, 1.52, 1.4176, 1.2457, 1.1723, 0.93726, 0.65584, 0.47723999999999994, 0.19939, 0.1378, -0.16323, -0.50997, -0.84141, -1.0542, -0.89771, -0.7844300000000001, -0.49053, -0.1469, 0.20778000000000002, 0.57476, 0.91696]
[-0.88392, -0.8311200000000001, -0.57539, -0.42212, -0.085632, 0.27760999999999997, 0.62212, 0.78583, 1.0376, 1.2567, 1.43, 1.6283, 1.3522, 1.2386, 1.396, 1.3651, 1.1286, 0.9144899999999999, 0.79967, 0.49993999999999994, 0.20625, -0.13985, -0.50831, -0.61445, -0.7958]
[1.3647, 1.5113, 1.5542, 1.4975, 1.1937, 0.89851, 0.68438, 0.29207, -0.020266, -0.36999, -0.58701, -0.6819, -0.77951, -0.85139, -0.99934, -1.1285, -1.3477, -1.4024, -1.4839, -1.4231, -1.2568, -1.073, -0.8586299999999999, -0.6290899999999999, -0.49903000000000003, -0.5222, -0.72244, -0.81937, -0.98546, -1.0355]
[0.99124, 0.8437399999999999, 0.46369, 0.13226, -0.23326, -0.48877, -0.76154, -0.51289, -0.6593899999999999, -0.63981, -0.7645, -0.97124, -1.2359, -1.4128, -1.4387, -1.4698, -1.3833, -1.2277, -1.0428, -0.8449, -0.64047, -0.6047100000000001, -0.7658, -0.83767]
[0.9773, 0.77647, 0.56213, 0.30733, 0.135, -0.16526, -0.49022, -0.75705, -0.95626, -0.8752700000000001, -0.66206, -0.50507, -0.16575, 0.14084000000000002, 0.51913, 0.81362, 1.1287, 1.1238, 1.3965, 1.5337, 1.5151, 1.4785, 1.4873, 1.5447]
[-0.5629, -0.7112, -0.47289, -0.5761, -0.76422, -0.8947700000000001, -1.0801, -1.3062, -1.4368, -1.4483, -1.3291, -1.162, -1.0045, -0.85116, -0.68319, -0.50685, -0.32535, -0.28453, -0.37895, -0.56489, -0.7471399999999999, -0.92301, -1.1179999999999999, -1.3414]
[-0.38056, -0.63802, -0.3609, -0.4472, -0.58318, -0.78588, -1.0659, -1.2481, -1.3983, -1.5825, -1.5468, -1.4137, -1.2362, -1.103, -0.8800399999999999, -0.71109, -0.52642, -0.34217, -0.42103, -0.5703199999999999, -0.78245, -0.98829, -1.1831, -1.3562, -1.484, -1.5261, -1.5099, -1.3467, -1.1166, -0.86024, -0.59219]
[0.78613, 0.52586, 0.233, 0.19712000000000002, 0.16810999999999998, -0.051612, -0.3937, -0.7719, -0.86987, -0.78076, -0.8684700000000001, -0.62447, -0.29391, 0.034517, 0.42043, 0.6953199999999999, 0.8067, 1.1922, 1.5314, 1.4344, 1.4325, 1.3941, 1.5487, 1.5654, 1.7067, 1.6911, 1.4798, 1.2205, 0.81028]
[0.10595, 0.42501000000000005, 0.70194, 1.0309, 1.351, 1.5378, 1.5757, 1.5604, 1.5194, 1.5003, 1.5278, 1.5429, 1.5413, 1.5651, 1.2259, 0.8466100000000001, 0.50193, 0.10115, -0.27197, -0.55101, -0.8399700000000001, -0.23636, -0.24750999999999998, -0.37572, -0.5626]
[0.87074, 0.37301, 0.18591, -0.11617000000000001, -0.46942, -0.8481299999999999, -1.0811, -1.1655, -0.95481, -0.82765, -0.51323, -0.13199, 0.20892, 0.62947, 0.96145, 1.4176, 1.5063, 1.694, 1.4852, 1.4485, 1.3925, 1.4015, 1.4726, 1.4237]
[-0.15104, -0.15919, -0.26641, -0.52305, -0.88923, -1.1832, -1.3226, -1.3762, -1.4196, -1.4775, -1.3365, -1.1988, -1.1449, -0.98977, -0.71996, -0.43506999999999996, -0.33655, -0.4007, -0.7025600000000001, -0.93806, -1.1462, -1.3972, -1.5398, -1.7167, -1.5771, -1.3269, -1.0738, -0.81963, -0.6174]
[1.6022, 1.555, 1.4515, 1.3976, 1.2084, 1.1171, 0.7722399999999999, 0.52587, 0.23631999999999997, -0.009637999999999999, -0.37296999999999997, -0.63525, -0.79386, -0.67105, -0.44898000000000005, -0.14207, 0.17606, 0.52645, 0.8851899999999999, 1.2136, 1.2933, 1.1757, 1.1828, 1.3765, 1.4615, 1.4623, 1.351, 1.2238, 1.2092, 1.3230000000000002]
[-0.738, -0.51332, -0.38314000000000004, -0.040062, -0.08784199999999999, 0.25795, 0.52558, 0.72305, 0.96285, 1.1081, 1.3219, 1.3869999999999998, 1.4193, 1.3607, 1.1088, 0.97835, 0.63422, 0.39576999999999996, 0.13577999999999998, -0.27132, -0.28879, -0.041951999999999996, 0.23724, 0.35956, 0.097077, -0.22671999999999998, -0.5604899999999999, -0.51967, -0.41496000000000005, -0.076804, 0.28192]
