[1.5238, 1.2062, 0.76436, 0.37654, 0.000213, -0.32179, -0.6381, -0.25909, -0.17601, -0.40563, -0.61353, -0.79109, -1.1294, -1.4806, -1.7456, -1.7959, -1.5786, -1.2831, -0.95834, -0.62561, -0.46448, -0.17031, -0.056878, -0.24198000000000003, -0.49977, -0.74239, -0.9621200000000001, -1.2568, -1.3965, -1.5733, -1.719]
[-0.51289, -0.6593899999999999, -0.63981, -0.7645, -0.97124, -1.2359, -1.4128, -1.4387, -1.4698, -1.3833, -1.2277, -1.0428, -0.8449, -0.64047, -0.6047100000000001, -0.7658, -0.83767, -0.8871600000000001, -1.0045, -1.2029, -1.2822, -1.42, -1.3952, -1.3691, -1.2563, -1.1356, -0.9433600000000001, -0.83305, -0.6239899999999999, -0.49700000000000005]
[1.3230000000000002, 1.1204, 0.6978300000000001, 0.30162, -0.0534, -0.40515999999999996, -0.5865100000000001, -0.22432, -0.4637, -0.5163399999999999, -0.72501, -0.9875799999999999, -1.3078, -1.5859999999999999, -1.804, -1.7034, -1.4723, -1.2005, -0.99675, -0.71063, -0.38643, -0.095787, 0.021006999999999998, -0.22198, -0.46095, -0.69379, -0.91696, -1.1238, -1.3774, -1.5883, -1.6145]
[1.2092, 1.3230000000000002, 1.1204, 0.6978300000000001, 0.30162, -0.0534, -0.40515999999999996, -0.5865100000000001, -0.22432, -0.4637, -0.5163399999999999, -0.72501, -0.9875799999999999, -1.3078, -1.5859999999999999, -1.804, -1.7034, -1.4723, -1.2005, -0.99675, -0.71063, -0.38643, -0.095787, 0.021006999999999998, -0.22198, -0.46095, -0.69379, -0.91696, -1.1238, -1.3774]
[1.2238, 1.2092, 1.3230000000000002, 1.1204, 0.6978300000000001, 0.30162, -0.0534, -0.40515999999999996, -0.5865100000000001, -0.22432, -0.4637, -0.5163399999999999, -0.72501, -0.9875799999999999, -1.3078, -1.5859999999999999, -1.804, -1.7034, -1.4723, -1.2005, -0.99675, -0.71063, -0.38643, -0.095787, 0.021006999999999998, -0.22198, -0.46095, -0.69379, -0.91696, -1.1238, -1.3774]
[-0.5738, -0.64391, -0.9220700000000001, -1.1303, -1.2553, -1.359, -1.4226, -1.4238, -1.3478, -1.2497, -1.0994, -0.9240200000000001, -0.73612, -0.62969, -0.6634899999999999, -0.7500600000000001, -0.89154, -1.0273, -1.1537, -1.2636, -1.2963, -1.3159, -1.3566, -1.2997, -1.2705, -1.1201, -0.88792, -0.78992]
[-0.8740100000000001, -0.9083100000000001, -1.0645, -1.177, -1.1636, -1.2014, -1.1734, -1.1926, -1.0834, -0.9593799999999999, -0.91601, -0.8597899999999999, -0.79045, -0.79045, -0.84841, -0.98395, -1.0234, -1.1419, -1.2368, -1.1973]
[0.51366, 0.151, -0.18991, -0.4158, -0.68271, -0.40785, -0.26024, -0.40847, -0.62937, -0.9347200000000001, -1.2341, -1.3411, -1.5646, -1.5319, -1.3903, -1.2732, -1.0355, -0.75834, -0.46703, -0.26359, -0.28004, -0.45728, -0.62126, -0.8520700000000001, -1.0741, -1.1754, -1.3298, -1.3027, -1.2931, -1.2442, -1.2949]
[0.056639, -0.23066, -0.5717399999999999, -0.70745, -0.58867, -0.54586, -0.63162, -0.77079, -0.9928799999999999, -1.1155, -1.3154, -1.3630000000000002, -1.3321, -1.2114, -1.0816, -0.9208, -0.7574, -0.67661, -0.57625, -0.38916, -0.49741, -0.65803, -0.81585, -0.8898, -1.026, -1.2121, -1.2861, -1.3913, -1.2457, -1.1851, -1.0407]
[0.36124, 0.056639, -0.23066, -0.5717399999999999, -0.70745, -0.58867, -0.54586, -0.63162, -0.77079, -0.9928799999999999, -1.1155, -1.3154, -1.3630000000000002, -1.3321, -1.2114, -1.0816, -0.9208, -0.7574, -0.67661, -0.57625, -0.38916, -0.49741, -0.65803, -0.81585, -0.8898, -1.026, -1.2121, -1.2861, -1.3913, -1.2457]
[0.14862999999999998, -0.16735999999999998, -0.50764, -0.71986, -0.51431, -0.65472, -0.69333, -0.71804, -0.9737899999999999, -1.1101, -1.2959, -1.3731, -1.3461, -1.2915, -1.0884, -0.91496, -0.75721, -0.58044, -0.47253999999999996, -0.48651000000000005, -0.6286, -0.75988, -0.9547, -1.1340000000000001, -1.2258, -1.3348, -1.3638, -1.3523]
[0.098381, -0.10275, -0.41045, -0.59829, -0.52193, -0.53103, -0.71623, -0.8945200000000001, -1.0616, -1.2094, -1.2487, -1.4558, -1.5609, -1.4434, -1.2971, -1.0848, -0.8447399999999999, -0.59192, -0.44421000000000005, -0.37423, -0.56807, -0.67091, -0.8487399999999999, -1.0157, -1.1647, -1.2828, -1.3506, -1.4586, -1.42]
[-0.47658, -0.72078, -0.22230999999999998, -0.29675999999999997, -0.42365, -0.68638, -0.86913, -1.1283, -1.3676, -1.4842, -1.5018, -1.3614, -1.1597, -0.8651399999999999, -0.70022, -0.51985, -0.40911, -0.21224, -0.4233, -0.55579, -0.75364, -0.97204]
[-0.48749, -0.76271, -0.22059, -0.29061, -0.47622, -0.73693, -0.9793700000000001, -1.2281, -1.5104, -1.6386, -1.5488, -1.3035, -1.12, -0.9528, -0.80088, -0.56899, -0.38925, -0.34066, -0.47793, -0.6028100000000001, -0.9301200000000001, -1.0297]
[0.20435999999999999, -0.13283, -0.48749, -0.76271, -0.22059, -0.29061, -0.47622, -0.73693, -0.9793700000000001, -1.2281, -1.5104, -1.6386, -1.5488, -1.3035, -1.12, -0.9528, -0.80088, -0.56899, -0.38925, -0.34066, -0.47793, -0.6028100000000001, -0.9301200000000001, -1.0297, -1.2449, -1.359, -1.4258]
[0.51318, 0.25844, -0.10753, -0.44018999999999997, -0.74361, -0.35291, -0.43935, -0.5784100000000001, -0.70127, -0.9079, -1.0873, -1.2754, -1.4778, -1.5186, -1.3668, -1.2158, -1.0011, -0.81491, -0.6432899999999999, -0.5255, -0.40856, -0.5544600000000001, -0.69472, -0.8273, -1.0193, -1.2197, -1.3658, -1.4927, -1.4722, -1.3327, -1.1317]
[1.0105, 0.59178, 0.24245, -0.15884, -0.53813, -0.82201, -0.32691, -0.35043, -0.49505, -0.61216, -0.78182, -0.9513299999999999, -1.2535, -1.4459, -1.3843, -1.3397, -1.1734, -0.93466, -0.7740199999999999, -0.7357100000000001, -0.50695, -0.43378, -0.53957]
[0.19652999999999998, -0.15933, -0.34993, -0.53957, -0.46206, -0.45105, -0.6165, -0.78271, -1.0209, -1.2791, -1.4891, -1.6273, -1.5989, -1.466, -1.235, -1.0328, -0.80511, -0.62808, -0.44465, -0.44888, -0.5651, -0.74322, -0.91258, -1.1254, -1.2518, -1.3368, -1.5026, -1.4886]
[0.24741, -0.14357999999999999, -0.48904, -0.75673, -0.44798999999999994, -0.37504, -0.5284, -0.75352, -0.9877799999999999, -1.2927, -1.3939, -1.4859, -1.5038, -1.3763, -1.1434, -0.94216, -0.65235, -0.52736, -0.31306, -0.33679000000000003, -0.50283, -0.74542, -0.8134899999999999, -1.1293, -1.2602, -1.3139, -1.3559999999999999]
[0.14987999999999999, -0.19630999999999998, -0.54262, -0.80162, -0.29115, -0.36956999999999995, -0.56129, -0.74892, -0.9279799999999999, -1.2403, -1.3789, -1.5492, -1.5168, -1.3714, -1.1809, -0.9610299999999999, -0.69616, -0.57593, -0.41348999999999997, -0.40676, -0.41803999999999997, -0.54955, -0.74134, -0.9107, -1.0757, -1.3084, -1.4464, -1.5117, -1.3959]
[0.8427, 0.4896, 0.14987999999999999, -0.19630999999999998, -0.54262, -0.80162, -0.29115, -0.36956999999999995, -0.56129, -0.74892, -0.9279799999999999, -1.2403, -1.3789, -1.5492, -1.5168, -1.3714, -1.1809, -0.9610299999999999, -0.69616, -0.57593, -0.41348999999999997, -0.40676, -0.41803999999999997, -0.54955, -0.74134, -0.9107, -1.0757, -1.3084, -1.4464, -1.5117, -1.3959]
[1.4058, 1.4747, 1.4042, 1.0398, 0.7207, 0.35823, 0.033712, -0.32008000000000003, -0.61105, -0.8517600000000001, -0.35149, -0.3845, -0.5865, -0.90091, -1.0779, -1.3391, -1.4329, -1.452, -1.3736]
[1.1758, 0.8196700000000001, 0.50521, 0.18248, -0.12357, -0.46033, -0.65686, -0.41594, -0.42363999999999996, -0.5583100000000001, -0.7584, -0.96662, -1.2378, -1.383, -1.4353, -1.3998, -1.215, -1.0515, -0.83294, -0.67282, -0.49332, -0.30143000000000003, -0.39776999999999996, -0.54192, -0.67503, -0.78527, -1.0104, -1.2355, -1.5018, -1.4558, -1.4978]
[0.60425, 0.29803, -0.010837000000000001, -0.35295, -0.6352800000000001, -0.88494, -0.28772, -0.42732, -0.5519, -0.7427600000000001, -0.92027, -1.1714, -1.3888, -1.5025, -1.4206, -1.2145, -0.9672700000000001, -0.74702, -0.57139, -0.38347, -0.18744, -0.26887, -0.40826, -0.61147, -0.80742, -0.99136, -1.2484, -1.3738, -1.4153, -1.3993, -1.3379]
[1.3639, 1.1722, 0.79872, 0.40148, 0.086246, -0.085491, -0.38056, -0.63802, -0.3609, -0.4472, -0.58318, -0.78588, -1.0659, -1.2481, -1.3983, -1.5825, -1.5468, -1.4137, -1.2362, -1.103, -0.8800399999999999, -0.71109, -0.52642, -0.34217, -0.42103, -0.5703199999999999, -0.78245, -0.98829, -1.1831]
[1.4757, 1.3639, 1.1722, 0.79872, 0.40148, 0.086246, -0.085491, -0.38056, -0.63802, -0.3609, -0.4472, -0.58318, -0.78588, -1.0659, -1.2481, -1.3983, -1.5825, -1.5468, -1.4137, -1.2362, -1.103, -0.8800399999999999, -0.71109, -0.52642, -0.34217, -0.42103, -0.5703199999999999, -0.78245, -0.98829, -1.1831, -1.3562]
[1.3392, 1.4153, 1.4757, 1.3639, 1.1722, 0.79872, 0.40148, 0.086246, -0.085491, -0.38056, -0.63802, -0.3609, -0.4472, -0.58318, -0.78588, -1.0659, -1.2481, -1.3983, -1.5825, -1.5468, -1.4137, -1.2362, -1.103, -0.8800399999999999, -0.71109, -0.52642, -0.34217, -0.42103, -0.5703199999999999, -0.78245, -0.98829]
[0.36018, -0.016479, -0.35951, -0.614, -0.24278000000000002, -0.39454, -0.5281100000000001, -0.80476, -0.9971399999999999, -1.3357, -1.4742, -1.6671, -1.6633, -1.5034, -1.2446, -0.9929399999999999, -0.7925399999999999, -0.60958, -0.42868999999999996, -0.37445, -0.52767, -0.74022, -0.86003, -1.0222, -1.181, -1.3519999999999999, -1.4016, -1.4447, -1.4053]
[1.3026, 1.5699, 1.5342, 1.1814, 0.78005, 0.40844, -0.029632, -0.42058999999999996, -0.66299, -0.14678, -0.22, -0.47128000000000003, -0.6439, -0.9555, -1.3198, -1.504, -1.6219, -1.6203, -1.4112, -1.1697, -0.91784, -0.7117600000000001, -0.48749, -0.25224, -0.080512, -0.34410999999999997, -0.53518, -0.7131, -0.95039, -1.2547, -1.4479]
[0.20693000000000003, -0.12185, -0.41868, -0.67908, -0.31913, -0.39166999999999996, -0.53659, -0.7495, -0.8730600000000001, -1.155, -1.3443, -1.5122, -1.4296, -1.3215, -1.1994, -0.9929399999999999, -0.79974, -0.5720000000000001, -0.44356, -0.29488000000000003, -0.44969, -0.6772699999999999, -0.81858, -1.0225, -1.1312]
[0.54191, 0.20693000000000003, -0.12185, -0.41868, -0.67908, -0.31913, -0.39166999999999996, -0.53659, -0.7495, -0.8730600000000001, -1.155, -1.3443, -1.5122, -1.4296, -1.3215, -1.1994, -0.9929399999999999, -0.79974, -0.5720000000000001, -0.44356, -0.29488000000000003, -0.44969, -0.6772699999999999, -0.81858, -1.0225, -1.1312, -1.3795, -1.5025, -1.4831, -1.2863, -1.2199]
[-1.1788, -1.3441, -1.483, -1.4251, -1.2677, -1.2133, -1.0235, -0.8209299999999999, -0.70033, -0.56942, -0.57849, -0.7209399999999999, -0.8562700000000001, -0.98072, -1.0877, -1.1671, -1.24]
[0.089148, -0.2444, -0.56001, -0.64781, -0.59607, -0.59411, -0.7116, -0.82673, -0.9915700000000001, -1.1674, -1.266, -1.3927, -1.4929, -1.3942, -1.2346, -1.0754, -0.87949, -0.66635, -0.54784, -0.42791, -0.56495, -0.69807, -0.89261, -1.0106, -1.0838, -1.2499, -1.3185, -1.3581, -1.3929]
[0.38995, 0.089148, -0.2444, -0.56001, -0.64781, -0.59607, -0.59411, -0.7116, -0.82673, -0.9915700000000001, -1.1674, -1.266, -1.3927, -1.4929, -1.3942, -1.2346, -1.0754, -0.87949, -0.66635, -0.54784, -0.42791, -0.56495, -0.69807, -0.89261, -1.0106, -1.0838, -1.2499, -1.3185, -1.3581, -1.3929]
[1.3343, 1.4008, 1.2213, 1.308, 1.5317, 1.3127, 0.9611299999999999, 0.54775, 0.17432999999999998, -0.13451, -0.47978999999999994, -0.7610100000000001, -0.21084, -0.15005, -0.3413, -0.46301000000000003, -0.7204, -0.92471, -1.1275, -1.3218, -1.4874, -1.6044, -1.4093, -1.2883, -1.0877]
[1.3093, 1.3343, 1.4008, 1.2213, 1.308, 1.5317, 1.3127, 0.9611299999999999, 0.54775, 0.17432999999999998, -0.13451, -0.47978999999999994, -0.7610100000000001, -0.21084, -0.15005, -0.3413, -0.46301000000000003, -0.7204, -0.92471, -1.1275, -1.3218, -1.4874, -1.6044, -1.4093, -1.2883, -1.0877, -0.8842899999999999, -0.64531]
[0.024413, -0.29098, -0.45631000000000005, -0.68953, -0.20681, -0.36186, -0.50485, -0.71238, -0.8253799999999999, -1.1634, -1.3135, -1.5188, -1.6043, -1.4519, -1.2542, -1.0424, -0.89356, -0.71987, -0.53077, -0.26114, -0.34615999999999997, -0.55825, -0.7649199999999999, -1.0473, -1.2368, -1.3951]
[-0.8653, -0.92404, -1.1517, -1.2927, -1.4514, -1.389, -1.431, -1.3217, -1.1420000000000001, -1.0017, -0.88071, -0.72363, -0.6693399999999999, -0.7538699999999999, -0.91261, -0.97977, -1.1092, -1.2533, -1.3158, -1.3804]
[-0.62426, -0.8653, -0.92404, -1.1517, -1.2927, -1.4514, -1.389, -1.431, -1.3217, -1.1420000000000001, -1.0017, -0.88071, -0.72363, -0.6693399999999999, -0.7538699999999999, -0.91261, -0.97977, -1.1092, -1.2533, -1.3158, -1.3804, -1.2930000000000001, -1.228, -1.177]
[1.555, 1.4736, 1.4297, 1.4696, 1.4469, 1.252, 0.98775, 0.57455, 0.28321, -0.0211, -0.31459000000000004, -0.62547, -0.77903, -0.17095, -0.3483, -0.60483, -0.8555, -1.0956, -1.3144, -1.5565, -1.7408, -1.598, -1.3418, -1.077, -0.85535]
