[1.1758, 0.8196700000000001, 0.50521, 0.18248, -0.12357, -0.46033, -0.65686, -0.41594, -0.42363999999999996, -0.5583100000000001, -0.7584, -0.96662, -1.2378, -1.383, -1.4353, -1.3998, -1.215, -1.0515, -0.83294, -0.67282, -0.49332, -0.30143000000000003, -0.39776999999999996, -0.54192, -0.67503, -0.78527, -1.0104, -1.2355, -1.5018, -1.4558, -1.4978]
[1.3591, 0.9945299999999999, 0.6359100000000001, 0.30284, 0.016345, -0.30937, -0.54815, -0.48623, -0.41131999999999996, -0.55408, -0.7771600000000001, -0.9251, -1.0503, -1.1526, -1.3232, -1.4097, -1.3461, -1.2412, -1.0795, -0.9876, -0.87175, -0.74057, -0.59931, -0.67693, -0.8239700000000001, -0.9620299999999999, -1.0853]
[0.45526000000000005, 0.74064, 1.0991, 1.1884, 1.3047, 1.3583, 1.3535, 1.4066, 1.4992, 1.6833, 1.5427, 1.5015, 1.4906, 1.4122, 1.1758, 0.8196700000000001, 0.50521]
[-0.41496000000000005, -0.076804, 0.28192, 0.71927, 1.1234, 1.5195, 1.9178, 1.7249, 1.4225, 1.3161, 1.3016, 1.3519999999999999, 1.2899, 1.3821, 1.6202, 1.5426, 1.1697]
[1.3607, 1.1088, 0.97835, 0.63422, 0.39576999999999996, 0.13577999999999998, -0.27132, -0.28879, -0.041951999999999996, 0.23724, 0.35956, 0.097077, -0.22671999999999998, -0.5604899999999999, -0.51967, -0.41496000000000005, -0.076804]
[0.7993100000000001, 1.1802, 1.5848, 1.6308, 1.5761, 1.3639, 1.2713, 1.3832, 1.3219999999999998, 1.4615, 1.6495, 1.7824, 1.5184, 1.1277, 0.71319, 0.30975, -0.01146, -0.38574, -0.63677, -0.88254, -0.049985]
[1.5367, 1.166, 0.8013100000000001, 0.48336999999999997, 0.10784, -0.20158, -0.47076999999999997, -0.66696, -0.92037, -0.037551999999999995, 0.021462000000000002, -0.16605, -0.47653999999999996, -0.65062, -0.9178700000000001, -1.1461, -1.436, -1.6849, -1.5876, -1.3327, -1.1187, -0.85824, -0.74016, -0.47831999999999997, -0.26115, -0.13618, -0.24946, -0.39965, -0.69922]
[0.7742399999999999, 0.49143000000000003, 0.39314, 0.12430999999999999, -0.035095999999999995, -0.17547000000000001, -0.39449, -0.6731199999999999, -0.91225, -0.9622200000000001, -0.75155, -0.43956000000000006, -0.087543, 0.28598, 0.5606399999999999, 0.9265200000000001, 1.318, 1.6177, 1.5718, 1.465, 1.2489, 1.3106, 1.5136, 1.6467, 1.5887, 1.5819, 1.6144, 1.5198]
[0.094275, 0.4272, 0.76148, 1.0967, 1.4478, 1.4324, 1.4508, 1.3797, 1.528, 1.5917, 1.4901, 1.4255, 1.4622, 1.3682, 1.1533, 0.81499, 0.45478]
[0.035501, 0.40510999999999997, 0.72137, 1.0635, 1.361, 1.4981, 1.4824, 1.4868, 1.4815, 1.4639, 1.4908, 1.6540000000000001, 1.5732, 1.5367, 1.166, 0.8013100000000001, 0.48336999999999997]
[-0.70065, -0.41911000000000004, -0.14769000000000002, 0.15434, 0.47546000000000005, 0.84255, 1.1723, 1.5030000000000001, 1.5046, 1.5419, 1.5, 1.3126, 1.3523, 1.4323, 1.6409, 1.7017, 1.7376, 1.4385, 1.0531, 0.78513, 0.36751]
[-0.85521, -0.82525, -0.5496, -0.3261, 0.029356999999999998, 0.36555, 0.5932, 0.75748, 1.1247, 1.4447, 1.3114, 1.3088, 1.3459999999999999, 1.3697, 1.3901, 1.4069, 1.4881, 1.6941, 1.4928, 1.1757, 0.81685]
[0.38428, 0.6943199999999999, 0.8894700000000001, 1.1611, 1.146, 1.2365, 1.3043, 1.3728, 1.4285, 1.3043, 1.0603, 0.91032, 0.60218, 0.28159, 0.26449, 0.18238, 0.037411, -0.23679]
[1.2742, 1.5317, 1.5907, 1.4172, 1.3206, 1.3429, 1.5354, 1.6239, 1.5198, 1.6365, 1.5535, 1.1824, 0.84821, 0.42191000000000006, -0.012659, -0.40615, -0.7961199999999999, -0.97688, -0.007259999999999999, -0.15943, -0.34376999999999996]
[-0.97011, -0.95194, -0.8307399999999999, -0.6404, -0.32532, 0.0036609999999999998, 0.35689, 0.6784399999999999, 1.0437, 1.3323, 1.5071, 1.4836, 1.2702, 1.2559, 1.4195, 1.4925, 1.5539, 1.5367, 1.5824, 1.4621, 1.1748]
[0.47546000000000005, 0.84255, 1.1723, 1.5030000000000001, 1.5046, 1.5419, 1.5, 1.3126, 1.3523, 1.4323, 1.6409, 1.7017, 1.7376, 1.4385, 1.0531, 0.78513, 0.36751]
[1.5248, 1.2659, 0.90248, 0.5413, 0.18323, -0.22244, -0.5516300000000001, -0.80248, 0.09713, 0.035975, -0.19169, -0.47639, -0.75476, -1.0775, -1.3721, -1.673, -1.8177]
[-0.41426, -0.17387, -0.065148, -0.17797000000000002, -0.4015, -0.7511, -1.0898, -1.2162, -1.4797, -1.6333, -1.4341, -1.1828, -0.9173, -0.61884, -0.415, -0.21205, 0.037142, 0.028437, -0.11174, -0.36682, -0.66578, -0.91265, -1.1458, -1.3467, -1.5338, -1.4754, -1.2669, -1.1943, -0.93263, -0.65292]
[1.3685, 1.4055, 1.4126, 1.3973, 1.3072, 1.1644, 1.0419, 0.76907, 0.76053, 0.48195, 0.27607, 0.035328, -0.22544, -0.37599, -0.4806, -0.35523000000000005, -0.23021, 0.000206, 0.2122, 0.46793999999999997, 0.71432, 0.8952899999999999, 1.1468, 1.3727, 1.4598, 1.3759, 1.3031, 1.3383, 1.3446]
[-0.38136, -0.37428, -0.22789, -0.034267, 0.22061, 0.50054, 0.75893, 1.0106, 1.2867, 1.4584, 1.4329, 1.3811, 1.3817, 1.3885, 1.3496, 1.3824, 1.456]
