[-1.0518, -1.0435, -1.0377, -1.0261, -1.0241, -1.026, -1.0245, -1.0224, -1.0076, -0.97483, -0.9183399999999999, -0.81994, -0.72709, -0.6706300000000001, -0.63256, -0.62264, -0.61517, -0.6321100000000001, -0.64158, -0.63503, -0.62262, -0.59763, -0.5771, -0.5574399999999999, -0.53773, -0.51305, -0.45274, -0.30465, -0.16732, 0.004961999999999999, 0.19297, 0.35866, 0.50261, 0.64159, 0.75746, 0.8555200000000001, 0.9528399999999999, 1.0357, 1.1092, 1.1719, 1.2247]
[0.19296, 0.032481, -0.11127999999999999, -0.23673000000000002, -0.35949000000000003, -0.46786000000000005, -0.54915, -0.6140899999999999, -0.6581100000000001, -0.69194, -0.7126, -0.71843, -0.7227, -0.72363, -0.72325, -0.73163, -0.74068, -0.74934, -0.75981, -0.76452, -0.7681899999999999, -0.77137, -0.77145, -0.7693300000000001, -0.77932, -0.78481, -0.78537, -0.78498, -0.78969, -0.79432, -0.81275, -0.8375600000000001, -0.88456, -0.9587, -1.0431, -1.1375, -1.2105, -1.2337]
[-1.0512, -1.0518, -1.0435, -1.0377, -1.0261, -1.0241, -1.026, -1.0245, -1.0224, -1.0076, -0.97483, -0.9183399999999999, -0.81994, -0.72709, -0.6706300000000001, -0.63256, -0.62264, -0.61517, -0.6321100000000001, -0.64158, -0.63503, -0.62262, -0.59763, -0.5771, -0.5574399999999999, -0.53773, -0.51305, -0.45274, -0.30465, -0.16732, 0.004961999999999999, 0.19297, 0.35866, 0.50261, 0.64159, 0.75746, 0.8555200000000001, 0.9528399999999999, 1.0357, 1.1092, 1.1719]
[-1.0963, -1.04, -1.0267, -1.0339, -1.0473, -1.0512, -1.0518, -1.0435, -1.0377, -1.0261, -1.0241, -1.026, -1.0245, -1.0224, -1.0076, -0.97483, -0.9183399999999999, -0.81994, -0.72709, -0.6706300000000001, -0.63256, -0.62264, -0.61517, -0.6321100000000001, -0.64158, -0.63503, -0.62262, -0.59763, -0.5771, -0.5574399999999999, -0.53773, -0.51305, -0.45274, -0.30465, -0.16732, 0.004961999999999999, 0.19297, 0.35866, 0.50261, 0.64159, 0.75746, 0.8555200000000001, 0.9528399999999999, 1.0357, 1.1092]
[0.90097, 0.77986, 0.63745, 0.48486, 0.33021999999999996, 0.19296, 0.032481, -0.11127999999999999, -0.23673000000000002, -0.35949000000000003, -0.46786000000000005, -0.54915, -0.6140899999999999, -0.6581100000000001, -0.69194, -0.7126, -0.71843, -0.7227, -0.72363, -0.72325, -0.73163, -0.74068, -0.74934, -0.75981, -0.76452, -0.7681899999999999, -0.77137, -0.77145, -0.7693300000000001, -0.77932, -0.78481, -0.78537, -0.78498, -0.78969, -0.79432, -0.81275, -0.8375600000000001, -0.88456, -0.9587, -1.0431, -1.1375]
[-1.3446, -1.3372, -1.3278, -1.3262, -1.3223, -1.3219999999999998, -1.3154, -1.3123, -1.3077, -1.3063, -1.2926, -1.2618, -1.1969, -1.114, -1.0313, -0.97226, -0.9458799999999999, -0.9289700000000001, -0.94432, -0.9618899999999999, -0.98601, -0.98656, -0.9637100000000001, -0.9502700000000001, -0.9353899999999999, -0.89515, -0.8395299999999999, -0.7563, -0.61047, -0.48236, -0.34581, -0.20052, -0.024858, 0.12065, 0.25021, 0.36301, 0.47931999999999997, 0.5806899999999999, 0.67991, 0.75689]
[-1.3758, -1.3679, -1.3636, -1.3618, -1.3552, -1.3446, -1.3372, -1.3278, -1.3262, -1.3223, -1.3219999999999998, -1.3154, -1.3123, -1.3077, -1.3063, -1.2926, -1.2618, -1.1969, -1.114, -1.0313, -0.97226, -0.9458799999999999, -0.9289700000000001, -0.94432, -0.9618899999999999, -0.98601, -0.98656, -0.9637100000000001, -0.9502700000000001, -0.9353899999999999, -0.89515, -0.8395299999999999, -0.7563, -0.61047, -0.48236, -0.34581, -0.20052, -0.024858, 0.12065, 0.25021, 0.36301, 0.47931999999999997, 0.5806899999999999, 0.67991, 0.75689]
[-1.1479, -1.1436, -1.1451, -1.1451, -1.1445, -1.1404, -1.1424, -1.1421, -1.1398, -1.1358, -1.128, -1.1011, -1.05, -0.9667, -0.8931, -0.81448, -0.7723, -0.74557, -0.7260300000000001, -0.72719, -0.73551, -0.7372, -0.71828, -0.72637, -0.72683, -0.71762, -0.71392, -0.7097399999999999, -0.70396, -0.69735, -0.68889, -0.68008, -0.68601, -0.6976, -0.71888, -0.71218, -0.68882, -0.6107, -0.47843, -0.3069, -0.093011, 0.090806, 0.23596, 0.37593000000000004, 0.50435, 0.6353800000000001]
[1.0428, 0.9697899999999999, 0.8631, 0.74997, 0.60917, 0.46558999999999995, 0.31694, 0.16332, -0.001078, -0.14024, -0.27081, -0.38436, -0.49238999999999994, -0.59263, -0.67657, -0.7449600000000001, -0.79305, -0.8224, -0.83898, -0.8518600000000001, -0.85855, -0.86567, -0.8702, -0.8734299999999999, -0.87045, -0.86739, -0.86708, -0.8665799999999999, -0.86611, -0.8687799999999999, -0.87389, -0.88297, -0.89535, -0.9128299999999999, -0.94324, -0.9998, -1.0744, -1.1604, -1.2301, -1.2629, -1.2605, -1.2375, -1.2136]
[1.1878, 1.1648, 1.1139, 1.0428, 0.9697899999999999, 0.8631, 0.74997, 0.60917, 0.46558999999999995, 0.31694, 0.16332, -0.001078, -0.14024, -0.27081, -0.38436, -0.49238999999999994, -0.59263, -0.67657, -0.7449600000000001, -0.79305, -0.8224, -0.83898, -0.8518600000000001, -0.85855, -0.86567, -0.8702, -0.8734299999999999, -0.87045, -0.86739, -0.86708, -0.8665799999999999, -0.86611, -0.8687799999999999, -0.87389, -0.88297, -0.89535, -0.9128299999999999, -0.94324, -0.9998, -1.0744, -1.1604, -1.2301, -1.2629, -1.2605, -1.2375, -1.2136, -1.1969]
[1.2064, 1.1878, 1.1648, 1.1139, 1.0428, 0.9697899999999999, 0.8631, 0.74997, 0.60917, 0.46558999999999995, 0.31694, 0.16332, -0.001078, -0.14024, -0.27081, -0.38436, -0.49238999999999994, -0.59263, -0.67657, -0.7449600000000001, -0.79305, -0.8224, -0.83898, -0.8518600000000001, -0.85855, -0.86567, -0.8702, -0.8734299999999999, -0.87045, -0.86739, -0.86708, -0.8665799999999999, -0.86611, -0.8687799999999999, -0.87389, -0.88297, -0.89535, -0.9128299999999999, -0.94324, -0.9998, -1.0744, -1.1604, -1.2301, -1.2629, -1.2605, -1.2375, -1.2136]
[-0.8141, -0.81589, -0.8142199999999999, -0.81665, -0.81698, -0.81139, -0.81134, -0.8121, -0.8137, -0.8115899999999999, -0.80837, -0.79719, -0.7630899999999999, -0.7287600000000001, -0.6748, -0.62752, -0.59122, -0.56506, -0.5695899999999999, -0.58967, -0.61997, -0.64917, -0.65672, -0.63746, -0.62917, -0.60847, -0.59059, -0.57311, -0.5606300000000001, -0.54588, -0.52481, -0.51676, -0.49795, -0.46908999999999995, -0.42131, -0.36012, -0.25386, -0.12858, 0.011865, 0.17612, 0.36596999999999996]
[-0.8163199999999999, -0.8141, -0.81589, -0.8142199999999999, -0.81665, -0.81698, -0.81139, -0.81134, -0.8121, -0.8137, -0.8115899999999999, -0.80837, -0.79719, -0.7630899999999999, -0.7287600000000001, -0.6748, -0.62752, -0.59122, -0.56506, -0.5695899999999999, -0.58967, -0.61997, -0.64917, -0.65672, -0.63746, -0.62917, -0.60847, -0.59059, -0.57311, -0.5606300000000001, -0.54588, -0.52481, -0.51676, -0.49795, -0.46908999999999995, -0.42131, -0.36012, -0.25386, -0.12858, 0.011865, 0.17612, 0.36596999999999996, 0.53559]
[1.2757, 1.2266, 1.1159999999999999, 0.99977, 0.85855, 0.7046399999999999, 0.5548, 0.39686, 0.22282, 0.075053, -0.08004, -0.2145, -0.3395, -0.45933999999999997, -0.54877, -0.61674, -0.6563100000000001, -0.67351, -0.67816, -0.69404, -0.6864899999999999, -0.6995100000000001, -0.69681, -0.69533, -0.6946100000000001, -0.691, -0.69272, -0.69953, -0.70929, -0.72548, -0.7359100000000001, -0.7458100000000001, -0.76772, -0.80448, -0.8552299999999999, -0.9544100000000001, -1.0596, -1.1213, -1.1392, -1.1425, -1.1346, -1.1257, -1.1161, -1.1042]
[1.3468, 1.2757, 1.2266, 1.1159999999999999, 0.99977, 0.85855, 0.7046399999999999, 0.5548, 0.39686, 0.22282, 0.075053, -0.08004, -0.2145, -0.3395, -0.45933999999999997, -0.54877, -0.61674, -0.6563100000000001, -0.67351, -0.67816, -0.69404, -0.6864899999999999, -0.6995100000000001, -0.69681, -0.69533, -0.6946100000000001, -0.691, -0.69272, -0.69953, -0.70929, -0.72548, -0.7359100000000001, -0.7458100000000001, -0.76772, -0.80448, -0.8552299999999999, -0.9544100000000001, -1.0596, -1.1213, -1.1392, -1.1425, -1.1346, -1.1257, -1.1161]
[1.4059, 1.3869, 1.3468, 1.2757, 1.2266, 1.1159999999999999, 0.99977, 0.85855, 0.7046399999999999, 0.5548, 0.39686, 0.22282, 0.075053, -0.08004, -0.2145, -0.3395, -0.45933999999999997, -0.54877, -0.61674, -0.6563100000000001, -0.67351, -0.67816, -0.69404, -0.6864899999999999, -0.6995100000000001, -0.69681, -0.69533, -0.6946100000000001, -0.691, -0.69272, -0.69953, -0.70929, -0.72548, -0.7359100000000001, -0.7458100000000001, -0.76772, -0.80448, -0.8552299999999999, -0.9544100000000001, -1.0596, -1.1213, -1.1392, -1.1425, -1.1346, -1.1257, -1.1161, -1.1042]
[1.3929, 1.4059, 1.3869, 1.3468, 1.2757, 1.2266, 1.1159999999999999, 0.99977, 0.85855, 0.7046399999999999, 0.5548, 0.39686, 0.22282, 0.075053, -0.08004, -0.2145, -0.3395, -0.45933999999999997, -0.54877, -0.61674, -0.6563100000000001, -0.67351, -0.67816, -0.69404, -0.6864899999999999, -0.6995100000000001, -0.69681, -0.69533, -0.6946100000000001, -0.691, -0.69272, -0.69953, -0.70929, -0.72548, -0.7359100000000001, -0.7458100000000001, -0.76772, -0.80448, -0.8552299999999999, -0.9544100000000001, -1.0596, -1.1213, -1.1392, -1.1425, -1.1346, -1.1257, -1.1161, -1.1042]
[-1.1395, -1.13, -1.1216, -1.119, -1.1122, -1.1132, -1.1157, -1.1148, -1.1148, -1.1147, -1.1159999999999999, -1.1181, -1.1152, -1.1038, -1.0831, -1.0426, -0.9824700000000001, -0.91974, -0.84521, -0.79145, -0.76141, -0.72941, -0.72387, -0.7058800000000001, -0.69314, -0.68501, -0.68457, -0.6786300000000001, -0.66767, -0.65583, -0.6552899999999999, -0.65669, -0.65659, -0.65475, -0.64139, -0.59044, -0.46684, -0.32609, -0.14215999999999998, 0.052405999999999994, 0.22182, 0.39088, 0.53988, 0.67464, 0.7983100000000001, 0.9051899999999999]
[-1.1407, -1.1395, -1.13, -1.1216, -1.119, -1.1122, -1.1132, -1.1157, -1.1148, -1.1148, -1.1147, -1.1159999999999999, -1.1181, -1.1152, -1.1038, -1.0831, -1.0426, -0.9824700000000001, -0.91974, -0.84521, -0.79145, -0.76141, -0.72941, -0.72387, -0.7058800000000001, -0.69314, -0.68501, -0.68457, -0.6786300000000001, -0.66767, -0.65583, -0.6552899999999999, -0.65669, -0.65659, -0.65475, -0.64139, -0.59044, -0.46684, -0.32609, -0.14215999999999998, 0.052405999999999994, 0.22182, 0.39088, 0.53988, 0.67464, 0.7983100000000001, 0.9051899999999999]
[0.9814700000000001, 0.8957200000000001, 0.78659, 0.67738, 0.5441699999999999, 0.40119, 0.2663, 0.12415999999999999, -0.023849000000000002, -0.15549000000000002, -0.2982, -0.41902, -0.53528, -0.62644, -0.7088800000000001, -0.7692899999999999, -0.8015100000000001, -0.82536, -0.8349, -0.83305, -0.8330200000000001, -0.8342299999999999, -0.83426, -0.83645, -0.8464799999999999, -0.84936, -0.84856, -0.84831, -0.8518899999999999, -0.85635, -0.86119, -0.8770399999999999, -0.90399, -0.9706, -1.0553, -1.1505, -1.2019, -1.22, -1.2165, -1.1861, -1.155, -1.1302, -1.1188, -1.1221]
[1.0346, 0.9814700000000001, 0.8957200000000001, 0.78659, 0.67738, 0.5441699999999999, 0.40119, 0.2663, 0.12415999999999999, -0.023849000000000002, -0.15549000000000002, -0.2982, -0.41902, -0.53528, -0.62644, -0.7088800000000001, -0.7692899999999999, -0.8015100000000001, -0.82536, -0.8349, -0.83305, -0.8330200000000001, -0.8342299999999999, -0.83426, -0.83645, -0.8464799999999999, -0.84936, -0.84856, -0.84831, -0.8518899999999999, -0.85635, -0.86119, -0.8770399999999999, -0.90399, -0.9706, -1.0553, -1.1505, -1.2019, -1.22, -1.2165, -1.1861, -1.155, -1.1302, -1.1188]
[1.1362, 1.0908, 1.0346, 0.9814700000000001, 0.8957200000000001, 0.78659, 0.67738, 0.5441699999999999, 0.40119, 0.2663, 0.12415999999999999, -0.023849000000000002, -0.15549000000000002, -0.2982, -0.41902, -0.53528, -0.62644, -0.7088800000000001, -0.7692899999999999, -0.8015100000000001, -0.82536, -0.8349, -0.83305, -0.8330200000000001, -0.8342299999999999, -0.83426, -0.83645, -0.8464799999999999, -0.84936, -0.84856, -0.84831, -0.8518899999999999, -0.85635, -0.86119, -0.8770399999999999, -0.90399, -0.9706, -1.0553, -1.1505, -1.2019, -1.22, -1.2165, -1.1861, -1.155, -1.1302, -1.1188, -1.1221]
[-1.3397, -1.3323, -1.3261, -1.3106, -1.2953, -1.2951, -1.3033, -1.2952, -1.258, -1.2085, -1.124, -1.0271, -0.9402299999999999, -0.87455, -0.84678, -0.8269, -0.8205600000000001, -0.81771, -0.81408, -0.82173, -0.82091, -0.81285, -0.7964399999999999, -0.7964399999999999, -0.79057, -0.7782399999999999, -0.75893, -0.73822, -0.70885, -0.66099, -0.54909, -0.41135, -0.25337, -0.07560900000000001, 0.093548, 0.25984, 0.39634, 0.51988]
[-1.3964, -1.3381, -1.307, -1.3126, -1.3198, -1.3314, -1.3397, -1.3323, -1.3261, -1.3106, -1.2953, -1.2951, -1.3033, -1.2952, -1.258, -1.2085, -1.124, -1.0271, -0.9402299999999999, -0.87455, -0.84678, -0.8269, -0.8205600000000001, -0.81771, -0.81408, -0.82173, -0.82091, -0.81285, -0.7964399999999999, -0.7964399999999999, -0.79057, -0.7782399999999999, -0.75893, -0.73822, -0.70885, -0.66099, -0.54909, -0.41135, -0.25337, -0.07560900000000001, 0.093548, 0.25984, 0.39634, 0.51988, 0.62246, 0.72777, 0.81215]
[-1.4062, -1.3964, -1.3381, -1.307, -1.3126, -1.3198, -1.3314, -1.3397, -1.3323, -1.3261, -1.3106, -1.2953, -1.2951, -1.3033, -1.2952, -1.258, -1.2085, -1.124, -1.0271, -0.9402299999999999, -0.87455, -0.84678, -0.8269, -0.8205600000000001, -0.81771, -0.81408, -0.82173, -0.82091, -0.81285, -0.7964399999999999, -0.7964399999999999, -0.79057, -0.7782399999999999, -0.75893, -0.73822, -0.70885, -0.66099, -0.54909, -0.41135, -0.25337, -0.07560900000000001, 0.093548, 0.25984, 0.39634, 0.51988, 0.62246, 0.72777]
[0.68286, 0.55748, 0.44181000000000004, 0.30816, 0.19995, 0.062054, -0.078776, -0.20979, -0.33582, -0.46642, -0.53978, -0.61456, -0.68148, -0.73038, -0.7749699999999999, -0.8036399999999999, -0.80893, -0.81515, -0.8199299999999999, -0.82486, -0.82537, -0.8206899999999999, -0.8201, -0.8310799999999999, -0.82478, -0.8231299999999999, -0.83068, -0.8406, -0.84655, -0.85445, -0.85596, -0.87026, -0.88133, -0.8929799999999999, -0.9096799999999999, -0.92429, -0.9636600000000001, -1.0145, -1.091, -1.1654, -1.2729]
[-1.1643, -1.1686, -1.1637, -1.1641, -1.1615, -1.1575, -1.1581, -1.1571, -1.1629, -1.1621, -1.161, -1.1555, -1.1314, -1.0869, -1.005, -0.8858, -0.78188, -0.71822, -0.67515, -0.6665, -0.66779, -0.66301, -0.6533800000000001, -0.64623, -0.63746, -0.6189, -0.59111, -0.55169, -0.5292, -0.4869, -0.38385, -0.22361999999999999, -0.040889999999999996, 0.10514000000000001, 0.29375999999999997, 0.5091600000000001, 0.62841, 0.72149, 0.81161, 0.91876, 1.01, 1.081, 1.1469]
[0.95841, 0.88975, 0.80113, 0.68286, 0.55748, 0.44181000000000004, 0.30816, 0.19995, 0.062054, -0.078776, -0.20979, -0.33582, -0.46642, -0.53978, -0.61456, -0.68148, -0.73038, -0.7749699999999999, -0.8036399999999999, -0.80893, -0.81515, -0.8199299999999999, -0.82486, -0.82537, -0.8206899999999999, -0.8201, -0.8310799999999999, -0.82478, -0.8231299999999999, -0.83068, -0.8406, -0.84655, -0.85445, -0.85596, -0.87026, -0.88133, -0.8929799999999999, -0.9096799999999999, -0.92429, -0.9636600000000001, -1.0145, -1.091, -1.1654, -1.2729]
[1.1135, 1.0756, 1.0245, 0.95841, 0.88975, 0.80113, 0.68286, 0.55748, 0.44181000000000004, 0.30816, 0.19995, 0.062054, -0.078776, -0.20979, -0.33582, -0.46642, -0.53978, -0.61456, -0.68148, -0.73038, -0.7749699999999999, -0.8036399999999999, -0.80893, -0.81515, -0.8199299999999999, -0.82486, -0.82537, -0.8206899999999999, -0.8201, -0.8310799999999999, -0.82478, -0.8231299999999999, -0.83068, -0.8406, -0.84655, -0.85445, -0.85596, -0.87026, -0.88133, -0.8929799999999999, -0.9096799999999999, -0.92429, -0.9636600000000001, -1.0145, -1.091, -1.1654, -1.2729, -1.3435]
[1.1241, 1.1135, 1.0756, 1.0245, 0.95841, 0.88975, 0.80113, 0.68286, 0.55748, 0.44181000000000004, 0.30816, 0.19995, 0.062054, -0.078776, -0.20979, -0.33582, -0.46642, -0.53978, -0.61456, -0.68148, -0.73038, -0.7749699999999999, -0.8036399999999999, -0.80893, -0.81515, -0.8199299999999999, -0.82486, -0.82537, -0.8206899999999999, -0.8201, -0.8310799999999999, -0.82478, -0.8231299999999999, -0.83068, -0.8406, -0.84655, -0.85445, -0.85596, -0.87026, -0.88133, -0.8929799999999999, -0.9096799999999999, -0.92429, -0.9636600000000001, -1.0145, -1.091, -1.1654, -1.2729]
[-1.181, -1.1656, -1.1643, -1.1686, -1.1637, -1.1641, -1.1615, -1.1575, -1.1581, -1.1571, -1.1629, -1.1621, -1.161, -1.1555, -1.1314, -1.0869, -1.005, -0.8858, -0.78188, -0.71822, -0.67515, -0.6665, -0.66779, -0.66301, -0.6533800000000001, -0.64623, -0.63746, -0.6189, -0.59111, -0.55169, -0.5292, -0.4869, -0.38385, -0.22361999999999999, -0.040889999999999996, 0.10514000000000001, 0.29375999999999997, 0.5091600000000001, 0.62841, 0.72149, 0.81161, 0.91876, 1.01, 1.081, 1.1469]
[-1.1614, -1.1624, -1.1641, -1.1615, -1.1578, -1.1595, -1.1614, -1.1587, -1.1616, -1.1586, -1.1539, -1.1553, -1.1563, -1.1577, -1.1372, -1.0873, -1.0076, -0.9227299999999999, -0.83391, -0.77351, -0.75743, -0.74978, -0.7408100000000001, -0.74768, -0.74807, -0.74087, -0.7363, -0.73648, -0.73697, -0.7327199999999999, -0.72451, -0.71322, -0.70734, -0.69868, -0.69435, -0.6693899999999999, -0.6158399999999999, -0.50646, -0.36608, -0.22283000000000003, -0.047168, 0.1419, 0.29323, 0.42328999999999994, 0.55716, 0.68035, 0.78691]
[-1.162, -1.1614, -1.1624, -1.1641, -1.1615, -1.1578, -1.1595, -1.1614, -1.1587, -1.1616, -1.1586, -1.1539, -1.1553, -1.1563, -1.1577, -1.1372, -1.0873, -1.0076, -0.9227299999999999, -0.83391, -0.77351, -0.75743, -0.74978, -0.7408100000000001, -0.74768, -0.74807, -0.74087, -0.7363, -0.73648, -0.73697, -0.7327199999999999, -0.72451, -0.71322, -0.70734, -0.69868, -0.69435, -0.6693899999999999, -0.6158399999999999, -0.50646, -0.36608, -0.22283000000000003, -0.047168, 0.1419, 0.29323, 0.42328999999999994, 0.55716, 0.68035]
[1.1432, 1.1067, 1.0547, 0.98044, 0.89041, 0.77871, 0.6581899999999999, 0.50315, 0.34939000000000003, 0.18367, 0.043842, -0.090519, -0.21244000000000002, -0.33155, -0.44732, -0.54271, -0.6227, -0.6862699999999999, -0.72709, -0.76162, -0.7791399999999999, -0.7904100000000001, -0.79569, -0.79752, -0.799, -0.79718, -0.80404, -0.8125, -0.8194299999999999, -0.82027, -0.82311, -0.8228700000000001, -0.81811, -0.81731, -0.82755, -0.8464200000000001, -0.86898, -0.9045700000000001, -0.9558200000000001, -1.0169, -1.073, -1.1026, -1.1276, -1.1367, -1.1378, -1.1325, -1.1294, -1.1282]
[1.1762, 1.1432, 1.1067, 1.0547, 0.98044, 0.89041, 0.77871, 0.6581899999999999, 0.50315, 0.34939000000000003, 0.18367, 0.043842, -0.090519, -0.21244000000000002, -0.33155, -0.44732, -0.54271, -0.6227, -0.6862699999999999, -0.72709, -0.76162, -0.7791399999999999, -0.7904100000000001, -0.79569, -0.79752, -0.799, -0.79718, -0.80404, -0.8125, -0.8194299999999999, -0.82027, -0.82311, -0.8228700000000001, -0.81811, -0.81731, -0.82755, -0.8464200000000001, -0.86898, -0.9045700000000001, -0.9558200000000001, -1.0169, -1.073, -1.1026, -1.1276, -1.1367, -1.1378, -1.1325, -1.1294]
[1.1895, 1.1762, 1.1432, 1.1067, 1.0547, 0.98044, 0.89041, 0.77871, 0.6581899999999999, 0.50315, 0.34939000000000003, 0.18367, 0.043842, -0.090519, -0.21244000000000002, -0.33155, -0.44732, -0.54271, -0.6227, -0.6862699999999999, -0.72709, -0.76162, -0.7791399999999999, -0.7904100000000001, -0.79569, -0.79752, -0.799, -0.79718, -0.80404, -0.8125, -0.8194299999999999, -0.82027, -0.82311, -0.8228700000000001, -0.81811, -0.81731, -0.82755, -0.8464200000000001, -0.86898, -0.9045700000000001, -0.9558200000000001, -1.0169, -1.073, -1.1026, -1.1276, -1.1367, -1.1378, -1.1325]
[-1.0486, -1.0478, -1.0458, -1.0464, -1.0508, -1.0479, -1.0335, -0.98792, -0.93006, -0.8794200000000001, -0.85649, -0.8398399999999999, -0.83949, -0.84849, -0.8403299999999999, -0.80043, -0.78613, -0.7699199999999999, -0.7592300000000001, -0.74663, -0.73598, -0.7300399999999999, -0.71875, -0.70785, -0.68208, -0.63057, -0.54237, -0.42307, -0.2696, -0.093154, 0.065187, 0.21466, 0.34159, 0.45233, 0.56686, 0.66735]
[-1.054, -1.0507, -1.0477, -1.0474, -1.0488, -1.0478, -1.0479, -1.0475, -1.0474, -1.0447, -1.0486, -1.0478, -1.0458, -1.0464, -1.0508, -1.0479, -1.0335, -0.98792, -0.93006, -0.8794200000000001, -0.85649, -0.8398399999999999, -0.83949, -0.84849, -0.8403299999999999, -0.80043, -0.78613, -0.7699199999999999, -0.7592300000000001, -0.74663, -0.73598, -0.7300399999999999, -0.71875, -0.70785, -0.68208, -0.63057, -0.54237, -0.42307, -0.2696, -0.093154, 0.065187, 0.21466, 0.34159, 0.45233, 0.56686, 0.66735]
[1.1467, 1.043, 0.9221299999999999, 0.7861, 0.63598, 0.49741, 0.36907, 0.18433, 0.057846, -0.1004, -0.22179000000000001, -0.35661, -0.47193, -0.5604600000000001, -0.6542399999999999, -0.73548, -0.76984, -0.7944, -0.80557, -0.8084600000000001, -0.8127800000000001, -0.81616, -0.81608, -0.81513, -0.80658, -0.81406, -0.8043100000000001, -0.80596, -0.8052, -0.81695, -0.81043, -0.8202, -0.83454, -0.85716, -0.89056, -0.97205, -1.0434, -1.124, -1.1716, -1.1695, -1.1429, -1.1074, -1.0826, -1.0715]
[1.2609, 1.2501, 1.2037, 1.1467, 1.043, 0.9221299999999999, 0.7861, 0.63598, 0.49741, 0.36907, 0.18433, 0.057846, -0.1004, -0.22179000000000001, -0.35661, -0.47193, -0.5604600000000001, -0.6542399999999999, -0.73548, -0.76984, -0.7944, -0.80557, -0.8084600000000001, -0.8127800000000001, -0.81616, -0.81608, -0.81513, -0.80658, -0.81406, -0.8043100000000001, -0.80596, -0.8052, -0.81695, -0.81043, -0.8202, -0.83454, -0.85716, -0.89056, -0.97205, -1.0434, -1.124, -1.1716, -1.1695, -1.1429, -1.1074, -1.0826, -1.0715, -1.0636]
[1.2636, 1.2609, 1.2501, 1.2037, 1.1467, 1.043, 0.9221299999999999, 0.7861, 0.63598, 0.49741, 0.36907, 0.18433, 0.057846, -0.1004, -0.22179000000000001, -0.35661, -0.47193, -0.5604600000000001, -0.6542399999999999, -0.73548, -0.76984, -0.7944, -0.80557, -0.8084600000000001, -0.8127800000000001, -0.81616, -0.81608, -0.81513, -0.80658, -0.81406, -0.8043100000000001, -0.80596, -0.8052, -0.81695, -0.81043, -0.8202, -0.83454, -0.85716, -0.89056, -0.97205, -1.0434, -1.124, -1.1716, -1.1695, -1.1429, -1.1074, -1.0826, -1.0715]
[1.1176, 0.95725, 0.7854, 0.61598, 0.45023, 0.28726999999999997, 0.14468, 0.018479, -0.10955999999999999, -0.2145, -0.31115, -0.3732, -0.42763999999999996, -0.45898, -0.47963, -0.50517, -0.51764, -0.52649, -0.53482, -0.5397, -0.54971, -0.5532, -0.55425, -0.55387, -0.55306, -0.55643, -0.5556300000000001, -0.56195, -0.5725399999999999, -0.59159, -0.62088, -0.65932, -0.7009, -0.73523, -0.7684300000000001, -0.7861100000000001, -0.7923100000000001, -0.79151, -0.79001, -0.78887, -0.78195]
[1.261, 1.1176, 0.95725, 0.7854, 0.61598, 0.45023, 0.28726999999999997, 0.14468, 0.018479, -0.10955999999999999, -0.2145, -0.31115, -0.3732, -0.42763999999999996, -0.45898, -0.47963, -0.50517, -0.51764, -0.52649, -0.53482, -0.5397, -0.54971, -0.5532, -0.55425, -0.55387, -0.55306, -0.55643, -0.5556300000000001, -0.56195, -0.5725399999999999, -0.59159, -0.62088, -0.65932, -0.7009, -0.73523, -0.7684300000000001, -0.7861100000000001, -0.7923100000000001, -0.79151, -0.79001, -0.78887]
[1.3993, 1.261, 1.1176, 0.95725, 0.7854, 0.61598, 0.45023, 0.28726999999999997, 0.14468, 0.018479, -0.10955999999999999, -0.2145, -0.31115, -0.3732, -0.42763999999999996, -0.45898, -0.47963, -0.50517, -0.51764, -0.52649, -0.53482, -0.5397, -0.54971, -0.5532, -0.55425, -0.55387, -0.55306, -0.55643, -0.5556300000000001, -0.56195, -0.5725399999999999, -0.59159, -0.62088, -0.65932, -0.7009, -0.73523, -0.7684300000000001, -0.7861100000000001, -0.7923100000000001, -0.79151, -0.79001]
[1.2047, 1.038, 0.8493299999999999, 0.64481, 0.49317, 0.30263, 0.15305, 0.015734, -0.13416, -0.26550999999999997, -0.36751, -0.4356, -0.50137, -0.54113, -0.57889, -0.59572, -0.61348, -0.62759, -0.63125, -0.6354, -0.6307, -0.61924, -0.60631, -0.60217, -0.5987600000000001, -0.60109, -0.60928, -0.63639, -0.66563, -0.71135, -0.75855, -0.80635, -0.8412700000000001, -0.8656, -0.87882, -0.88292, -0.8851100000000001, -0.88413, -0.8831100000000001, -0.8837700000000001]
[1.3318, 1.2047, 1.038, 0.8493299999999999, 0.64481, 0.49317, 0.30263, 0.15305, 0.015734, -0.13416, -0.26550999999999997, -0.36751, -0.4356, -0.50137, -0.54113, -0.57889, -0.59572, -0.61348, -0.62759, -0.63125, -0.6354, -0.6307, -0.61924, -0.60631, -0.60217, -0.5987600000000001, -0.60109, -0.60928, -0.63639, -0.66563, -0.71135, -0.75855, -0.80635, -0.8412700000000001, -0.8656, -0.87882, -0.88292, -0.8851100000000001, -0.88413, -0.8831100000000001]
[0.62338, 0.4986, 0.38034, 0.25588, 0.12775, -0.009604999999999999, -0.1385, -0.26492, -0.39341, -0.5053300000000001, -0.61183, -0.68611, -0.74229, -0.7936, -0.8185399999999999, -0.83081, -0.8355299999999999, -0.8373799999999999, -0.83742, -0.83701, -0.8427399999999999, -0.8493, -0.85962, -0.8669100000000001, -0.87126, -0.8773299999999999, -0.87887, -0.8746799999999999, -0.8723299999999999, -0.87529, -0.8864, -0.90984, -0.9446399999999999, -0.9866, -1.0203, -1.0532, -1.0707, -1.079, -1.0801, -1.0747, -1.0663]
[0.72944, 0.62338, 0.4986, 0.38034, 0.25588, 0.12775, -0.009604999999999999, -0.1385, -0.26492, -0.39341, -0.5053300000000001, -0.61183, -0.68611, -0.74229, -0.7936, -0.8185399999999999, -0.83081, -0.8355299999999999, -0.8373799999999999, -0.83742, -0.83701, -0.8427399999999999, -0.8493, -0.85962, -0.8669100000000001, -0.87126, -0.8773299999999999, -0.87887, -0.8746799999999999, -0.8723299999999999, -0.87529, -0.8864, -0.90984, -0.9446399999999999, -0.9866, -1.0203, -1.0532, -1.0707, -1.079, -1.0801, -1.0747]
[-1.1273, -1.1264, -1.1249, -1.1249, -1.1187, -1.1119, -1.1119, -1.1089, -1.1005, -1.0888, -1.0638, -1.0178, -0.9276200000000001, -0.8432299999999999, -0.76131, -0.71835, -0.68916, -0.68494, -0.69102, -0.6693100000000001, -0.65242, -0.6395, -0.6362300000000001, -0.62865, -0.6210399999999999, -0.61021, -0.59535, -0.5542600000000001, -0.48963999999999996, -0.36332, -0.22130999999999998, -0.066476, 0.15239, 0.2936, 0.43845, 0.5625100000000001, 0.6827, 0.81587, 0.90986, 1.0136]
[1.1495, 1.072, 1.0186, 0.93863, 0.83381, 0.72301, 0.5795, 0.44995, 0.30744, 0.16806, 0.0205, -0.13597, -0.27403, -0.36988000000000004, -0.49901, -0.55671, -0.6139899999999999, -0.6683, -0.7065600000000001, -0.73995, -0.76508, -0.78058, -0.78341, -0.79528, -0.80542, -0.80995, -0.8154399999999999, -0.81614, -0.82111, -0.82462, -0.82524, -0.8264, -0.8303, -0.8387700000000001, -0.8481299999999999, -0.8583700000000001, -0.8739, -0.8858, -0.9067700000000001, -0.91646, -0.9402799999999999, -0.97769, -1.0326, -1.1127, -1.1823, -1.252, -1.3195, -1.3293]
[1.1558, 1.1495, 1.072, 1.0186, 0.93863, 0.83381, 0.72301, 0.5795, 0.44995, 0.30744, 0.16806, 0.0205, -0.13597, -0.27403, -0.36988000000000004, -0.49901, -0.55671, -0.6139899999999999, -0.6683, -0.7065600000000001, -0.73995, -0.76508, -0.78058, -0.78341, -0.79528, -0.80542, -0.80995, -0.8154399999999999, -0.81614, -0.82111, -0.82462, -0.82524, -0.8264, -0.8303, -0.8387700000000001, -0.8481299999999999, -0.8583700000000001, -0.8739, -0.8858, -0.9067700000000001, -0.91646, -0.9402799999999999, -0.97769, -1.0326, -1.1127, -1.1823, -1.252, -1.3195]
[1.1739, 1.1558, 1.1495, 1.072, 1.0186, 0.93863, 0.83381, 0.72301, 0.5795, 0.44995, 0.30744, 0.16806, 0.0205, -0.13597, -0.27403, -0.36988000000000004, -0.49901, -0.55671, -0.6139899999999999, -0.6683, -0.7065600000000001, -0.73995, -0.76508, -0.78058, -0.78341, -0.79528, -0.80542, -0.80995, -0.8154399999999999, -0.81614, -0.82111, -0.82462, -0.82524, -0.8264, -0.8303, -0.8387700000000001, -0.8481299999999999, -0.8583700000000001, -0.8739, -0.8858, -0.9067700000000001, -0.91646, -0.9402799999999999, -0.97769, -1.0326, -1.1127, -1.1823, -1.252]
[-1.1258, -1.1292, -1.1355, -1.1398, -1.1328, -1.1273, -1.1264, -1.1249, -1.1249, -1.1187, -1.1119, -1.1119, -1.1089, -1.1005, -1.0888, -1.0638, -1.0178, -0.9276200000000001, -0.8432299999999999, -0.76131, -0.71835, -0.68916, -0.68494, -0.69102, -0.6693100000000001, -0.65242, -0.6395, -0.6362300000000001, -0.62865, -0.6210399999999999, -0.61021, -0.59535, -0.5542600000000001, -0.48963999999999996, -0.36332, -0.22130999999999998, -0.066476, 0.15239, 0.2936, 0.43845, 0.5625100000000001, 0.6827, 0.81587, 0.90986, 1.0136, 1.107]
[-1.1669, -1.1684, -1.1687, -1.1699, -1.172, -1.1745, -1.1722, -1.151, -1.1112, -1.0381, -0.9635799999999999, -0.8791899999999999, -0.81776, -0.77833, -0.76375, -0.7581600000000001, -0.7600600000000001, -0.74471, -0.72135, -0.70109, -0.68857, -0.6813, -0.67462, -0.6731, -0.67252, -0.6547, -0.6079899999999999, -0.54051, -0.41217, -0.2532, -0.09812799999999999, 0.079075, 0.22601999999999997, 0.379, 0.50076, 0.628, 0.73885, 0.8542]
[0.9883799999999999, 0.90653, 0.81815, 0.7086600000000001, 0.5979300000000001, 0.48555, 0.37193000000000004, 0.25358, 0.14504, 0.030856, -0.07891000000000001, -0.17755, -0.28434, -0.37343000000000004, -0.47522, -0.55537, -0.63135, -0.69797, -0.75798, -0.7910699999999999, -0.81301, -0.82609, -0.8350700000000001, -0.83829, -0.8320299999999999, -0.8294, -0.8238700000000001, -0.82324, -0.8209, -0.8196, -0.82809, -0.83646, -0.84388, -0.85982, -0.88116, -0.90654, -0.93195, -0.96394, -1.0157, -1.0819, -1.1516, -1.2256, -1.2957, -1.3274, -1.3271, -1.3004, -1.2711, -1.2673]
[1.0542, 0.9883799999999999, 0.90653, 0.81815, 0.7086600000000001, 0.5979300000000001, 0.48555, 0.37193000000000004, 0.25358, 0.14504, 0.030856, -0.07891000000000001, -0.17755, -0.28434, -0.37343000000000004, -0.47522, -0.55537, -0.63135, -0.69797, -0.75798, -0.7910699999999999, -0.81301, -0.82609, -0.8350700000000001, -0.83829, -0.8320299999999999, -0.8294, -0.8238700000000001, -0.82324, -0.8209, -0.8196, -0.82809, -0.83646, -0.84388, -0.85982, -0.88116, -0.90654, -0.93195, -0.96394, -1.0157, -1.0819, -1.1516, -1.2256, -1.2957, -1.3274, -1.3271, -1.3004, -1.2711]
[-1.1663, -1.1659, -1.1676, -1.1669, -1.1684, -1.1687, -1.1699, -1.172, -1.1745, -1.1722, -1.151, -1.1112, -1.0381, -0.9635799999999999, -0.8791899999999999, -0.81776, -0.77833, -0.76375, -0.7581600000000001, -0.7600600000000001, -0.74471, -0.72135, -0.70109, -0.68857, -0.6813, -0.67462, -0.6731, -0.67252, -0.6547, -0.6079899999999999, -0.54051, -0.41217, -0.2532, -0.09812799999999999, 0.079075, 0.22601999999999997, 0.379, 0.50076, 0.628, 0.73885]
[-1.1758, -1.1732, -1.1709, -1.1695, -1.1663, -1.1659, -1.1676, -1.1669, -1.1684, -1.1687, -1.1699, -1.172, -1.1745, -1.1722, -1.151, -1.1112, -1.0381, -0.9635799999999999, -0.8791899999999999, -0.81776, -0.77833, -0.76375, -0.7581600000000001, -0.7600600000000001, -0.74471, -0.72135, -0.70109, -0.68857, -0.6813, -0.67462, -0.6731, -0.67252, -0.6547, -0.6079899999999999, -0.54051, -0.41217, -0.2532, -0.09812799999999999, 0.079075, 0.22601999999999997, 0.379, 0.50076, 0.628, 0.73885, 0.8542, 0.94419, 1.025]
[1.0979, 1.0542, 0.9883799999999999, 0.90653, 0.81815, 0.7086600000000001, 0.5979300000000001, 0.48555, 0.37193000000000004, 0.25358, 0.14504, 0.030856, -0.07891000000000001, -0.17755, -0.28434, -0.37343000000000004, -0.47522, -0.55537, -0.63135, -0.69797, -0.75798, -0.7910699999999999, -0.81301, -0.82609, -0.8350700000000001, -0.83829, -0.8320299999999999, -0.8294, -0.8238700000000001, -0.82324, -0.8209, -0.8196, -0.82809, -0.83646, -0.84388, -0.85982, -0.88116, -0.90654, -0.93195, -0.96394, -1.0157, -1.0819, -1.1516, -1.2256, -1.2957, -1.3274, -1.3271, -1.3004]
[-1.0122, -1.0498, -1.0771, -1.0922, -1.0929, -1.091, -1.0833, -1.0743, -1.0704, -1.067, -1.062, -1.0576, -1.0557, -1.0527, -1.0528, -1.0517, -1.0281, -0.9806299999999999, -0.9229700000000001, -0.8556600000000001, -0.8055, -0.77085, -0.7529399999999999, -0.74631, -0.74578, -0.74715, -0.74288, -0.73375, -0.72027, -0.71948, -0.72168, -0.72167, -0.69434, -0.64217, -0.55371, -0.40379, -0.24915, -0.07121799999999999, 0.10414000000000001, 0.25051999999999996, 0.39613000000000004, 0.5276, 0.66179, 0.79183, 0.9029799999999999]
[1.0604, 0.99316, 0.9093600000000001, 0.80898, 0.68971, 0.56096, 0.41968, 0.28041, 0.15048, 0.006556, -0.12883, -0.25551, -0.38247, -0.50007, -0.6049, -0.69922, -0.76277, -0.81263, -0.84514, -0.8573299999999999, -0.86261, -0.86511, -0.8656799999999999, -0.8682200000000001, -0.86659, -0.86287, -0.85841, -0.8582, -0.8627100000000001, -0.8670899999999999, -0.86819, -0.86879, -0.8711399999999999, -0.8708600000000001, -0.8750100000000001, -0.8854, -0.9142100000000001, -0.9619, -1.045, -1.1434, -1.2393, -1.2782, -1.2698, -1.2392, -1.2005, -1.1709, -1.1581, -1.1531]
[1.1154, 1.0604, 0.99316, 0.9093600000000001, 0.80898, 0.68971, 0.56096, 0.41968, 0.28041, 0.15048, 0.006556, -0.12883, -0.25551, -0.38247, -0.50007, -0.6049, -0.69922, -0.76277, -0.81263, -0.84514, -0.8573299999999999, -0.86261, -0.86511, -0.8656799999999999, -0.8682200000000001, -0.86659, -0.86287, -0.85841, -0.8582, -0.8627100000000001, -0.8670899999999999, -0.86819, -0.86879, -0.8711399999999999, -0.8708600000000001, -0.8750100000000001, -0.8854, -0.9142100000000001, -0.9619, -1.045, -1.1434, -1.2393, -1.2782, -1.2698, -1.2392, -1.2005, -1.1709, -1.1581]
[1.1477, 1.1154, 1.0604, 0.99316, 0.9093600000000001, 0.80898, 0.68971, 0.56096, 0.41968, 0.28041, 0.15048, 0.006556, -0.12883, -0.25551, -0.38247, -0.50007, -0.6049, -0.69922, -0.76277, -0.81263, -0.84514, -0.8573299999999999, -0.86261, -0.86511, -0.8656799999999999, -0.8682200000000001, -0.86659, -0.86287, -0.85841, -0.8582, -0.8627100000000001, -0.8670899999999999, -0.86819, -0.86879, -0.8711399999999999, -0.8708600000000001, -0.8750100000000001, -0.8854, -0.9142100000000001, -0.9619, -1.045, -1.1434, -1.2393, -1.2782, -1.2698, -1.2392, -1.2005, -1.1709]
[1.1687, 1.1477, 1.1154, 1.0604, 0.99316, 0.9093600000000001, 0.80898, 0.68971, 0.56096, 0.41968, 0.28041, 0.15048, 0.006556, -0.12883, -0.25551, -0.38247, -0.50007, -0.6049, -0.69922, -0.76277, -0.81263, -0.84514, -0.8573299999999999, -0.86261, -0.86511, -0.8656799999999999, -0.8682200000000001, -0.86659, -0.86287, -0.85841, -0.8582, -0.8627100000000001, -0.8670899999999999, -0.86819, -0.86879, -0.8711399999999999, -0.8708600000000001, -0.8750100000000001, -0.8854, -0.9142100000000001, -0.9619, -1.045, -1.1434, -1.2393, -1.2782, -1.2698, -1.2392, -1.2005]
[-1.0789, -1.0795, -1.0801, -1.0787, -1.0783, -1.0773, -1.0789, -1.077, -1.0784, -1.0796, -1.0798, -1.0792, -1.0787, -1.0691, -1.0444, -1.0076, -0.95439, -0.8878, -0.8216899999999999, -0.77999, -0.7572300000000001, -0.75367, -0.74953, -0.75025, -0.73625, -0.72604, -0.72451, -0.71696, -0.70818, -0.69731, -0.69117, -0.69003, -0.6824600000000001, -0.6776, -0.65862, -0.5988399999999999, -0.4776, -0.33316999999999997, -0.1665, 0.008443, 0.16844, 0.33074000000000003, 0.48827, 0.61585, 0.73695, 0.8520700000000001, 0.94206]
[-1.081, -1.0789, -1.0795, -1.0801, -1.0787, -1.0783, -1.0773, -1.0789, -1.077, -1.0784, -1.0796, -1.0798, -1.0792, -1.0787, -1.0691, -1.0444, -1.0076, -0.95439, -0.8878, -0.8216899999999999, -0.77999, -0.7572300000000001, -0.75367, -0.74953, -0.75025, -0.73625, -0.72604, -0.72451, -0.71696, -0.70818, -0.69731, -0.69117, -0.69003, -0.6824600000000001, -0.6776, -0.65862, -0.5988399999999999, -0.4776, -0.33316999999999997, -0.1665, 0.008443, 0.16844, 0.33074000000000003, 0.48827, 0.61585, 0.73695, 0.8520700000000001]
[1.083, 1.0201, 0.92107, 0.8269700000000001, 0.7323, 0.6110300000000001, 0.48817, 0.35557, 0.21658000000000002, 0.072226, -0.07438, -0.21903000000000003, -0.36313, -0.49996999999999997, -0.61238, -0.70192, -0.7529899999999999, -0.7985899999999999, -0.8207399999999999, -0.83247, -0.84131, -0.84246, -0.84716, -0.84509, -0.8423, -0.83857, -0.83714, -0.83735, -0.84199, -0.84149, -0.8475, -0.8502, -0.85514, -0.8534799999999999, -0.8572200000000001, -0.8695799999999999, -0.892, -0.93565, -0.99579, -1.0608, -1.1245, -1.1771, -1.2011, -1.2026, -1.2033, -1.2006, -1.1962, -1.1992]
[1.1232, 1.083, 1.0201, 0.92107, 0.8269700000000001, 0.7323, 0.6110300000000001, 0.48817, 0.35557, 0.21658000000000002, 0.072226, -0.07438, -0.21903000000000003, -0.36313, -0.49996999999999997, -0.61238, -0.70192, -0.7529899999999999, -0.7985899999999999, -0.8207399999999999, -0.83247, -0.84131, -0.84246, -0.84716, -0.84509, -0.8423, -0.83857, -0.83714, -0.83735, -0.84199, -0.84149, -0.8475, -0.8502, -0.85514, -0.8534799999999999, -0.8572200000000001, -0.8695799999999999, -0.892, -0.93565, -0.99579, -1.0608, -1.1245, -1.1771, -1.2011, -1.2026, -1.2033, -1.2006, -1.1962]
[1.1520000000000001, 1.1232, 1.083, 1.0201, 0.92107, 0.8269700000000001, 0.7323, 0.6110300000000001, 0.48817, 0.35557, 0.21658000000000002, 0.072226, -0.07438, -0.21903000000000003, -0.36313, -0.49996999999999997, -0.61238, -0.70192, -0.7529899999999999, -0.7985899999999999, -0.8207399999999999, -0.83247, -0.84131, -0.84246, -0.84716, -0.84509, -0.8423, -0.83857, -0.83714, -0.83735, -0.84199, -0.84149, -0.8475, -0.8502, -0.85514, -0.8534799999999999, -0.8572200000000001, -0.8695799999999999, -0.892, -0.93565, -0.99579, -1.0608, -1.1245, -1.1771, -1.2011, -1.2026, -1.2033, -1.2006]
[1.1875, 1.1520000000000001, 1.1232, 1.083, 1.0201, 0.92107, 0.8269700000000001, 0.7323, 0.6110300000000001, 0.48817, 0.35557, 0.21658000000000002, 0.072226, -0.07438, -0.21903000000000003, -0.36313, -0.49996999999999997, -0.61238, -0.70192, -0.7529899999999999, -0.7985899999999999, -0.8207399999999999, -0.83247, -0.84131, -0.84246, -0.84716, -0.84509, -0.8423, -0.83857, -0.83714, -0.83735, -0.84199, -0.84149, -0.8475, -0.8502, -0.85514, -0.8534799999999999, -0.8572200000000001, -0.8695799999999999, -0.892, -0.93565, -0.99579, -1.0608, -1.1245, -1.1771, -1.2011, -1.2026, -1.2033]
[1.2054, 1.1875, 1.1520000000000001, 1.1232, 1.083, 1.0201, 0.92107, 0.8269700000000001, 0.7323, 0.6110300000000001, 0.48817, 0.35557, 0.21658000000000002, 0.072226, -0.07438, -0.21903000000000003, -0.36313, -0.49996999999999997, -0.61238, -0.70192, -0.7529899999999999, -0.7985899999999999, -0.8207399999999999, -0.83247, -0.84131, -0.84246, -0.84716, -0.84509, -0.8423, -0.83857, -0.83714, -0.83735, -0.84199, -0.84149, -0.8475, -0.8502, -0.85514, -0.8534799999999999, -0.8572200000000001, -0.8695799999999999, -0.892, -0.93565, -0.99579, -1.0608, -1.1245, -1.1771, -1.2011, -1.2026]
[-0.96986, -0.9726799999999999, -0.9706, -0.97165, -0.9688899999999999, -0.96729, -0.9652200000000001, -0.96498, -0.96425, -0.9610700000000001, -0.95894, -0.95724, -0.95509, -0.9520799999999999, -0.9432299999999999, -0.9172100000000001, -0.8782200000000001, -0.8043899999999999, -0.7431300000000001, -0.69539, -0.6603899999999999, -0.6561600000000001, -0.64945, -0.65505, -0.65212, -0.63254, -0.62538, -0.62303, -0.60833, -0.58648, -0.55857, -0.53357, -0.51635, -0.47523999999999994, -0.4377, -0.39478, -0.28472, -0.14627, 0.01036, 0.19992000000000001, 0.41472, 0.58637, 0.73258, 0.8619, 0.9882, 1.0908, 1.1606]
[-0.9609700000000001, -0.95563, -0.95475, -0.95381, -0.94986, -0.94671, -0.95005, -0.9431, -0.9126200000000001, -0.8506, -0.76758, -0.6785899999999999, -0.62965, -0.61139, -0.61473, -0.62927, -0.62442, -0.59615, -0.57529, -0.5612699999999999, -0.53517, -0.50789, -0.48563, -0.4736, -0.45091000000000003, -0.41557, -0.38558000000000003, -0.32147, -0.2364, -0.10262, 0.05185, 0.23965999999999998, 0.46068000000000003, 0.62007, 0.76559, 0.90351, 1.0267, 1.1392]
[-0.96426, -0.9647700000000001, -0.96309, -0.9637600000000001, -0.96239, -0.9620000000000001, -0.96154, -0.9609700000000001, -0.95563, -0.95475, -0.95381, -0.94986, -0.94671, -0.95005, -0.9431, -0.9126200000000001, -0.8506, -0.76758, -0.6785899999999999, -0.62965, -0.61139, -0.61473, -0.62927, -0.62442, -0.59615, -0.57529, -0.5612699999999999, -0.53517, -0.50789, -0.48563, -0.4736, -0.45091000000000003, -0.41557, -0.38558000000000003, -0.32147, -0.2364, -0.10262, 0.05185, 0.23965999999999998, 0.46068000000000003, 0.62007, 0.76559, 0.90351, 1.0267, 1.1392, 1.2382, 1.3085]
[1.3373, 1.2889, 1.2196, 1.1309, 1.0266, 0.88836, 0.7347600000000001, 0.54673, 0.37844, 0.20131, 0.023965, -0.11019000000000001, -0.25447, -0.36629, -0.46337, -0.52737, -0.57171, -0.5831, -0.59468, -0.5976, -0.59542, -0.59632, -0.59625, -0.6019899999999999, -0.6036699999999999, -0.61166, -0.6185, -0.6260100000000001, -0.6403300000000001, -0.6584800000000001, -0.6801, -0.7087600000000001, -0.75329, -0.8022600000000001, -0.8626799999999999, -0.9376, -1.0069, -1.0437, -1.0535, -1.0494, -1.0334, -1.0129, -0.98906, -0.9457200000000001]
