[-1.3724, -1.0888, 0.045967, 0.92853, 1.0861, 1.2753, 0.96005, 0.61333, 0.014447, -0.64748, -0.26923, -0.20619, 0.61333, 1.3698, 1.4644]
[-0.46734, 0.65427, 1.0569, 1.3445, 1.2007, 0.9993799999999999, 0.65427, 0.74055, 0.88434, 0.88434, 0.68303, 0.62551, 0.4242, -0.00719]
[1.032, 0.80229, 0.8231700000000001, 0.6561, 0.38461, 0.32195999999999997, 0.48903, 0.61433, 1.3035, 1.2409, 1.0738, 0.5516800000000001, 0.42638000000000004, -0.17925]
[0.63522, 1.032, 0.80229, 0.8231700000000001, 0.6561, 0.38461, 0.32195999999999997, 0.48903, 0.61433, 1.3035, 1.2409, 1.0738, 0.5516800000000001, 0.42638000000000004, -0.17925]
[-1.0843, -0.27781, 0.36741999999999997, 0.47496000000000005, 0.52873, 0.098577, -0.27781, -0.38535, -0.60042, -0.54665, -0.49288999999999994, 0.36741999999999997, 2.3031]
[-0.60042, -1.0843, -0.27781, 0.36741999999999997, 0.47496000000000005, 0.52873, 0.098577, -0.27781, -0.38535, -0.60042, -0.54665, -0.49288999999999994, 0.36741999999999997, 2.3031]
[-1.1381, -0.60042, -1.0843, -0.27781, 0.36741999999999997, 0.47496000000000005, 0.52873, 0.098577, -0.27781, -0.38535, -0.60042, -0.54665, -0.49288999999999994, 0.36741999999999997, 2.3031]
[0.34247, 1.7209, 1.8230000000000002, 1.7719, 1.1593, 0.80193, 0.18932000000000002, -0.01489, -0.065941, -0.065941, -0.01489, 0.087213, -0.3212]
[-0.7296100000000001, 0.34247, 1.7209, 1.8230000000000002, 1.7719, 1.1593, 0.80193, 0.18932000000000002, -0.01489, -0.065941, -0.065941, -0.01489, 0.087213, -0.3212]
[0.6520699999999999, 0.9470000000000001, 1.0023, 0.9101299999999999, 0.79953, 0.43087, 0.5599, 0.63363, 0.8364, 0.7811, 1.2051, 0.9838600000000001, 0.59677, 0.30184]
[-0.88334, 0.41307, 1.2011, 1.2773, 1.2519, 0.9977299999999999, 0.84521, 0.89605, 0.97231, 1.0231, 0.71811, 0.31139, 0.48933000000000004, -0.14615999999999998, -0.19699999999999998]
[-1.6047, -1.5831, -1.4318, -0.91312, -0.07024, 0.6429699999999999, 0.9023200000000001, 0.9023200000000001, 0.8590899999999999, 0.6645800000000001, 0.36201, 0.36201, 0.5132899999999999, 0.5997399999999999, 0.6429699999999999, 1.3562, 1.3778]
