[-0.53135, -0.3225, -0.18854, -0.18824000000000002, -0.25988, -0.29886, -0.25123, -0.14973, -0.077916, -0.09378500000000001, -0.17193, -0.22615, -0.17834, -0.016438, 0.19572, 0.36144, 0.41697, 0.37654, 0.31338, 0.3051, 0.3878, 0.5331199999999999, 0.66597, 0.71753, 0.66701, 0.54588, 0.41835, 0.36028000000000004, 0.39866999999999997, 0.49763, 0.58667, 0.5924, 0.47273000000000004, 0.24131999999999998, -0.025938, -0.24093, -0.34879, -0.34087, -0.2634, -0.19075, -0.18131, -0.24588000000000002, -0.34788, -0.42454, -0.41998, -0.32929, -0.20354, -0.11922, -0.13439, -0.24761999999999998, -0.38823, -0.45032, -0.36613, -0.1525, 0.097867, 0.26602, 0.28654, 0.19860999999999998, 0.12340999999999999, 0.17883, 0.40004, 0.72135, 1.0153, 1.1868]
[-0.20221, 0.33434, 0.73716, 0.80958, 0.59346, 0.29026, 0.10855, 0.14026, 0.32934, 0.53501, 0.6337, 0.58968, 0.45874, 0.33683, 0.29808, 0.35791999999999996, 0.47913, 0.60528, 0.69553]
[0.13835999999999998, 0.36629, 0.32528, 0.085145, -0.20793000000000003, -0.41162, -0.45101, -0.34057, -0.16119, -0.010757, 0.044541000000000004, -0.004603, -0.11665, -0.22828, -0.28826999999999997, -0.27971999999999997, -0.22155, -0.15245, -0.10832, -0.10559, -0.1374, -0.18188, -0.21615, -0.22778, -0.21871, -0.20099, -0.18845, -0.18914, -0.20259000000000002, -0.22199000000000002, -0.23911, -0.24861999999999998, -0.24999000000000002, -0.24650999999999998, -0.24306, -0.24405, -0.24566, -0.24861, -0.25321, -0.25945, -0.26602, -0.27179000000000003, -0.27588, -0.27779, -0.27737, -0.27504, -0.27191, -0.26938, -0.26874000000000003]
[-0.13377999999999998, 0.24799000000000002, 0.51623, 0.5827600000000001, 0.52498, 0.47467, 0.50457, 0.58318, 0.6234, 0.57497, 0.46133, 0.35491, 0.32436, 0.38553000000000004, 0.49246999999999996, 0.57395, 0.57798, 0.49378, 0.354, 0.2184, 0.13685999999999998, 0.12428, 0.16569, 0.22275999999999999, 0.25577, 0.25726, 0.24627, 0.24456999999999998, 0.27124000000000004, 0.31064, 0.32051999999999997, 0.27178, 0.17119, 0.061623000000000004, 0.0068969999999999995, 0.052282, 0.18011, 0.31436, 0.36687, 0.29486999999999997, 0.14261, 0.022418, 0.027919, 0.16415, 0.34624, 0.45808000000000004, 0.45011999999999996, 0.38828, 0.39585, 0.54824, 0.8075, 1.0442, 1.1412, 1.0946, 1.0139, 1.0212, 1.1443, 1.2962, 1.3530000000000002, 1.2763, 1.1616, 1.1482, 1.2816, 1.4427, 1.4033, 0.99231, 0.24067, -0.62087, -1.3026, -1.6291]
[-0.8993700000000001, -0.73051, -0.2941, 0.13835999999999998, 0.36629, 0.32528, 0.085145, -0.20793000000000003, -0.41162, -0.45101, -0.34057, -0.16119, -0.010757, 0.044541000000000004, -0.004603, -0.11665, -0.22828, -0.28826999999999997, -0.27971999999999997, -0.22155, -0.15245, -0.10832, -0.10559, -0.1374, -0.18188, -0.21615, -0.22778, -0.21871, -0.20099, -0.18845, -0.18914, -0.20259000000000002, -0.22199000000000002, -0.23911, -0.24861999999999998]
[0.33621, -0.23649, -0.37893000000000004, -0.13377999999999998, 0.24799000000000002, 0.51623, 0.5827600000000001, 0.52498, 0.47467, 0.50457, 0.58318, 0.6234, 0.57497, 0.46133, 0.35491, 0.32436, 0.38553000000000004, 0.49246999999999996, 0.57395, 0.57798, 0.49378, 0.354, 0.2184, 0.13685999999999998, 0.12428, 0.16569, 0.22275999999999999, 0.25577, 0.25726, 0.24627, 0.24456999999999998, 0.27124000000000004, 0.31064, 0.32051999999999997, 0.27178, 0.17119, 0.061623000000000004, 0.0068969999999999995, 0.052282, 0.18011, 0.31436, 0.36687, 0.29486999999999997, 0.14261, 0.022418, 0.027919, 0.16415, 0.34624, 0.45808000000000004, 0.45011999999999996, 0.38828, 0.39585, 0.54824, 0.8075, 1.0442, 1.1412, 1.0946, 1.0139, 1.0212, 1.1443, 1.2962, 1.3530000000000002, 1.2763, 1.1616, 1.1482, 1.2816, 1.4427, 1.4033, 0.99231]
[-0.47495, -0.49503, -0.49692, -0.48783999999999994, -0.47613, -0.47012, -0.47398, -0.48578000000000005, -0.49955, -0.51012, -0.51678, -0.5169, -0.51112, -0.50403, -0.5019399999999999, -0.50934, -0.52596, -0.54437, -0.54909, -0.53005, -0.49073, -0.44914, -0.42843000000000003]
[2.5504, 3.3586, 3.7987, 3.7313, 3.1463, 2.1754, 1.0534, 0.042052, -0.65569, -0.9563200000000001, -0.9096299999999999, -0.66242, -0.38961999999999997, -0.22314, -0.20729, -0.29707, -0.39466, -0.40439, -0.27945, -0.04094, 0.23643000000000003, 0.46206, 0.57096, 0.54984, 0.43751999999999996, 0.30224, 0.20843000000000003, 0.18923, 0.23574, 0.3067, 0.35202, 0.33910999999999997]
[4.1206, 3.9539999999999997, 3.2254, 2.1295, 0.97146, 0.062479, -0.38916999999999996, -0.34934, 0.041635000000000005, 0.53635, 0.8877, 0.94765, 0.71642, 0.32256999999999997, -0.050019, -0.2514, -0.22803, -0.034848000000000004, 0.20451, 0.36425, 0.37673, 0.25753000000000004, 0.088711, -0.028258999999999996, -0.024495, 0.1029, 0.29118, 0.44378999999999996, 0.4786, 0.36935999999999997, 0.16244, -0.039593, -0.12134, -0.007691, 0.29721, 0.70326, 1.0656, 1.2411, 1.1467, 0.79783, 0.30175, -0.19042, -0.54374, -0.68738, -0.6381100000000001, -0.48486, -0.33760999999999997, -0.2753, -0.31635, -0.42253, -0.5295, -0.5828, -0.5655, -0.5011399999999999, -0.43396999999999997, -0.40146, -0.41684, -0.46698999999999996, -0.5243800000000001, -0.56284, -0.57155, -0.55718, -0.53628, -0.5230899999999999, -0.52376, -0.53546, -0.55069, -0.5614100000000001, -0.5648, -0.56323, -0.5615899999999999, -0.56221, -0.56576, -0.5713600000000001, -0.57801, -0.58396, -0.58926, -0.59499, -0.603]
[-0.34267, -0.077907, -0.022094, -0.15993, -0.38723, -0.57403, -0.62592, -0.5173800000000001, -0.28754, -0.009181, 0.24861, 0.44441, 0.56818, 0.62921, 0.6403, 0.6076, 0.53079, 0.41012, 0.25419, 0.082906, -0.07474700000000001, -0.18578, -0.2182, -0.14575, 0.046918, 0.35731, 0.75751, 1.1899, 1.5717]
[-0.61303, -0.70936, -0.66582, -0.5566800000000001, -0.4564, -0.41215, -0.43226000000000003, -0.4924, -0.5544600000000001, -0.58727, -0.58052, -0.54562, -0.50558, -0.48063, -0.47885, -0.49459, -0.51486, -0.5263800000000001, -0.52451, -0.5142899999999999, -0.506, -0.50675, -0.51872, -0.53833, -0.5586800000000001, -0.57222, -0.57544, -0.5695100000000001, -0.55901, -0.5483600000000001, -0.54135, -0.53991, -0.54497, -0.55274]
[-0.29036999999999996, 0.055496000000000004, 0.19119, 0.10527, -0.085712, -0.23059000000000002, -0.23669, -0.1121, 0.058089, 0.17647000000000002, 0.19405999999999998, 0.13013, 0.046743, 0.0011099999999999999, 0.010543, 0.050006, 0.079294, 0.07631, 0.052001, 0.037385, 0.05516, 0.098659, 0.13483, 0.12979000000000002, 0.078651, 0.017429, 0.005481000000000001, 0.087635, 0.25804]
[0.76667, -0.21239, -0.50078, -0.20221, 0.33434, 0.73716, 0.80958, 0.59346, 0.29026, 0.10855, 0.14026, 0.32934, 0.53501, 0.6337, 0.58968, 0.45874, 0.33683, 0.29808, 0.35791999999999996, 0.47913, 0.60528, 0.69553, 0.73888, 0.74807, 0.7447199999999999, 0.74728, 0.76684, 0.80789, 0.8698, 0.9437, 1.0105, 1.044, 1.0204, 0.92766, 0.76944, 0.57255, 0.36591999999999997]
[0.77346, 0.77018, 0.72059, 0.63653, 0.54055, 0.45805, 0.40875, 0.40021999999999996, 0.42582, 0.46761, 0.50289, 0.51232, 0.48639, 0.42833999999999994, 0.3525, 0.27881, 0.22557, 0.20306, 0.21025, 0.23551999999999998, 0.26115, 0.26983, 0.24955, 0.20109000000000002, 0.13414, 0.063766, 0.005863, -0.02897, -0.036237, -0.018893, 0.013633000000000001, 0.051788, 0.090272, 0.13143, 0.18587, 0.2638, 0.37074, 0.5018100000000001, 0.63779, 0.7511800000000001, 0.80545, 0.7664300000000001, 0.61202, 0.33814, -0.033666, -0.4651, -0.90761, -1.3125, -1.642, -1.874, -2.0071, -2.0588, -2.0578, -2.0359, -2.0180000000000002]
[0.20784, 0.99441, 1.3399, 1.1811, 0.70157, 0.18609, -0.15009, -0.26879000000000003, -0.26978, -0.26854, -0.31101999999999996, -0.3568, -0.34748, -0.29193, -0.25601999999999997, -0.29019, -0.36439, -0.36883, -0.23258, -0.018924, 0.12222000000000001, 0.09292, -0.033113, -0.046633, 0.19892, 0.63823, 1.0416, 1.2143, 1.1723, 1.1075, 1.1818, 1.3835, 1.5521, 1.5588, 1.4442, 1.3441, 1.3406, 1.3931, 1.4052, 1.3556, 1.3233, 1.3791, 1.4892, 1.5383, 1.4575, 1.3161, 1.2494, 1.3042, 1.3714, 1.2769, 0.96142, 0.56109, 0.29129, 0.26288]
[-0.22771999999999998, -0.29795, -0.47176, -0.60717, -0.61203, -0.51102, -0.40767, -0.38889, -0.46024, -0.55583, -0.59739, -0.55143, -0.44755, -0.35215, -0.32108000000000003, -0.36377, -0.43541, -0.45728, -0.36356, -0.14288, 0.16278, 0.46296000000000004, 0.67673, 0.77878, 0.79984, 0.79213, 0.7900699999999999, 0.79309, 0.78138, 0.74771, 0.71214, 0.70565, 0.74041, 0.7912899999999999, 0.80224, 0.71959, 0.5267, 0.25301999999999997, -0.043789999999999996, -0.30096, -0.47796000000000005, -0.57235, -0.60834, -0.61492, -0.61575, -0.62102, -0.62984, -0.63966, -0.6506, -0.6641199999999999, -0.68129, -0.7017899999999999, -0.71555, -0.71701, -0.715, -0.7217100000000001, -0.7468199999999999, -0.78892, -0.8269200000000001, -0.83572, -0.81466, -0.79287, -0.80778, -0.8789399999999999, -0.9742200000000001, -0.99579, -0.82916, -0.40315, 0.2619, 1.0343, 1.7127, 2.1004, 2.0713, 1.6138, 0.8388700000000001, -0.04836, -0.8046800000000001, -1.22, -1.1876]
[2.0076, 1.5533, 1.0747, 0.6178100000000001, 0.22503, -0.069853, -0.24493, -0.29229, -0.21845, -0.043146, 0.20344, 0.48453999999999997, 0.7613300000000001, 0.99756, 1.1636, 1.2398, 1.2178, 1.1018, 0.90638, 0.65495, 0.37596999999999997]
[-0.61397, -0.76794, -0.90104, -1.0051, -1.0752, -1.11, -1.1121, -1.0868, -1.0421, -0.98672, -0.92974, -0.87907, -0.84077, -0.8185, -0.81339, -0.82416, -0.84764, -0.87936, -0.9143899999999999, -0.9481799999999999, -0.9767299999999999, -0.99723, -1.0085, -1.0109, -1.0059, -0.9957799999999999, -0.9832799999999999, -0.9713799999999999, -0.9626600000000001, -0.9570799999999999, -0.9552799999999999, -0.9572, -0.96215, -0.96899, -0.97641]
[-0.31743000000000005, -0.055528999999999995, 0.2627, 0.57906, 0.83916, 1.0197, 1.143, 1.2611, 1.4093, 1.5719, 1.6936, 1.724, 1.6657, 1.5819, 1.5486, 1.5929, 1.6772, 1.7248, 1.6865, 1.5871, 1.4929, 1.4544, 1.4647, 1.4641, 1.3937, 1.2504, 1.0909, 0.98655, 0.96725, 0.99392, 0.9827, 0.86306, 0.62254, 0.31094, 0.010901000000000001, -0.20894000000000001, -0.32783, -0.37078, -0.38750999999999997, -0.42763, -0.51166, -0.6228600000000001, -0.7270399999999999, -0.78946, -0.7912, -0.7487199999999999, -0.6995, -0.67429, -0.6906800000000001, -0.74221, -0.79793, -0.8346399999999999, -0.8471799999999999, -0.84173, -0.8371299999999999, -0.8478700000000001, -0.8680899999999999, -0.88602, -0.8941399999999999, -0.8907, -0.88613, -0.8936, -0.9133399999999999, -0.9376700000000001, -0.96004, -0.9777399999999999, -0.99545, -1.02, -1.0495, -1.0748, -1.0902, -1.0998, -1.1143, -1.1421, -1.1763, -1.1951, -1.1782, -1.1229, -1.0491]
[0.53577, 0.7853399999999999, 0.54891, 0.15211, -0.050292, 0.045117000000000004, 0.26528, 0.36072, 0.22887, -0.027212, -0.21873, -0.23744, -0.1264, -0.015535, -0.000265, -0.074814, -0.16288, -0.19715, -0.17097, -0.1281, -0.11285, -0.13195, -0.15969, -0.16988, -0.15575, -0.13572, -0.13366, -0.14567, -0.16369, -0.17658, -0.17568, -0.16149000000000002, -0.14329, -0.13118, -0.13087000000000001, -0.14211, -0.15818, -0.17007, -0.17455, -0.17515, -0.17733, -0.18632, -0.20109000000000002, -0.213, -0.2149, -0.20795999999999998, -0.20128, -0.20683, -0.22915, -0.25885, -0.27904, -0.27858, -0.26088, -0.24241999999999997, -0.24115, -0.26195999999999997, -0.29236, -0.31389, -0.3168, -0.30589, -0.29744, -0.30469, -0.3259, -0.34765, -0.35708, -0.35244000000000003, -0.34574, -0.35362, -0.38329, -0.4266, -0.46675, -0.48951000000000006, -0.49176000000000003, -0.48339]
[4.2598, 4.872, 4.1194, 2.3498, 0.48915, -0.58932, -0.63889, -0.10386, 0.33253, 0.30563, -0.029379000000000002, -0.24933000000000002, -0.083109, 0.37044, 0.7819699999999999, 0.9182299999999999, 0.84614, 0.8405799999999999, 1.0893, 1.4799, 1.6814, 1.4476, 0.85813, 0.25874, -0.041726, -0.017228999999999998, 0.11020999999999999, 0.12491, 0.010541, -0.10396, -0.11079000000000001, -0.04938, -0.032479, -0.09767, -0.18006, -0.20431, -0.17342, -0.15764, -0.2066, -0.30002, -0.37831, -0.40204, -0.38394, -0.36241, -0.36136, -0.38095, -0.40114, -0.40664, -0.40053, -0.39139, -0.39304, -0.40721999999999997, -0.42118, -0.4256, -0.42295, -0.42532, -0.44031000000000003, -0.45798, -0.46293999999999996, -0.45121000000000006, -0.43466000000000005, -0.43095, -0.44273999999999997, -0.45608000000000004, -0.45753, -0.44798000000000004, -0.44347, -0.45685, -0.48222, -0.50046, -0.49606999999999996, -0.47236999999999996, -0.44991000000000003]
[-0.92086, -0.64888, -0.083099, 0.31604, 0.37501999999999996, 0.23289, 0.1397, 0.21625999999999998, 0.36209, 0.3678, 0.12312999999999999, -0.25595999999999997, -0.48475, -0.31573, 0.25937, 0.97126, 1.4374, 1.4141, 0.95401, 0.35167, -0.0738, -0.18623, -0.080604, 0.038701, 0.041754, -0.063023, -0.17772000000000002, -0.21166, -0.17285, -0.12887, -0.13171, -0.17929, -0.23176999999999998, -0.25388, -0.24375, -0.22578, -0.22574, -0.25372, -0.29691999999999996, -0.33038, -0.33658000000000005, -0.31551999999999997, -0.28496, -0.26800999999999997, -0.27455, -0.29629, -0.31861999999999996, -0.33083]
[0.54891, 0.15211, -0.050292, 0.045117000000000004, 0.26528, 0.36072, 0.22887, -0.027212, -0.21873, -0.23744, -0.1264, -0.015535, -0.000265, -0.074814, -0.16288, -0.19715, -0.17097, -0.1281, -0.11285, -0.13195, -0.15969, -0.16988, -0.15575, -0.13572, -0.13366, -0.14567, -0.16369, -0.17658, -0.17568]
[0.35983000000000004, -0.58385, -0.8985299999999999, -0.60121, 0.032698000000000005, 0.6712100000000001, 1.1168, 1.3671, 1.5333, 1.7062, 1.8805, 1.984, 1.9697, 1.8805, 1.8238, 1.876, 2.0012, 2.0536, 1.8712, 1.3953, 0.72756, 0.080939, -0.34165, -0.45837, -0.3397, -0.14792, -0.033145999999999995, -0.055123, -0.17463, -0.30503, -0.37445, -0.36837, -0.32249, -0.28214, -0.27421999999999996, -0.2998, -0.33965, -0.37111, -0.38375, -0.38183, -0.37539, -0.37382, -0.38147, -0.39595, -0.40952, -0.41878999999999994, -0.4249, -0.42704, -0.43099, -0.44435, -0.46813999999999995, -0.49658, -0.52263, -0.54043, -0.54295, -0.53527, -0.52789, -0.52909, -0.54172, -0.5625899999999999, -0.58439, -0.59922, -0.604, -0.6009, -0.59435, -0.5898100000000001, -0.59085, -0.59706, -0.6049100000000001, -0.61105, -0.61437, -0.6157600000000001, -0.61887, -0.62722, -0.64113, -0.65781]
[-0.25378, -0.23953000000000002, -0.23795, -0.23924, -0.23708, -0.23499, -0.23901, -0.25183, -0.25666, -0.25261999999999996, -0.2449, -0.23765999999999998, -0.23396, -0.23535999999999999, -0.24078000000000002, -0.24854, -0.25556999999999996, -0.25664000000000003, -0.24945, -0.23755, -0.22784000000000001, -0.22680999999999998, -0.23515, -0.24489, -0.2455, -0.23244, -0.21086, -0.19287, -0.18957000000000002, -0.20290999999999998, -0.22435]
[0.11498, -0.1199, -0.1852, -0.1493, -0.13335, -0.15894, -0.17267000000000002, -0.14652, -0.11270999999999999, -0.10236, -0.12282, -0.15897, -0.17658, -0.16990999999999998, -0.15702, -0.16175, -0.18596, -0.20811, -0.21708000000000002, -0.22278, -0.24644000000000002, -0.28458, -0.30646999999999996, -0.29164, -0.25233, -0.22835, -0.2415, -0.2786, -0.3116, -0.32272, -0.31388, -0.29357, -0.27385, -0.27002, -0.29163, -0.33011, -0.35709, -0.35385, -0.33184, -0.32195, -0.34033, -0.36796, -0.37576, -0.35649000000000003, -0.33305999999999997, -0.33218000000000003, -0.35686999999999997, -0.38969000000000004, -0.41031999999999996, -0.41105, -0.39473, -0.37038000000000004]
[-0.14673, -0.22373, -0.30337, -0.34898, -0.34883000000000003, -0.32231, -0.30194, -0.30992, -0.33502, -0.35878000000000004, -0.36866, -0.36195, -0.3529, -0.36016, -0.38559, -0.41697, -0.4396, -0.44267, -0.42625, -0.40378000000000003, -0.39066, -0.39178, -0.40504, -0.42352, -0.43733999999999995, -0.44482, -0.44921000000000005, -0.45276000000000005, -0.45671999999999996, -0.46203999999999995, -0.46938, -0.47997, -0.49454, -0.5106, -0.52351, -0.5305300000000001, -0.5324800000000001, -0.5332100000000001, -0.53795, -0.54918, -0.56326, -0.57355, -0.57403, -0.56213, -0.54155, -0.52066, -0.50752, -0.5062399999999999, -0.51549, -0.529, -0.53913, -0.54156, -0.5373, -0.53115, -0.52983, -0.53796, -0.5545, -0.57463, -0.59231, -0.60302, -0.60707, -0.60928, -0.61538, -0.62866, -0.64747]
[0.004836, -0.045447, -0.11653, -0.19058, -0.24921999999999997, -0.2815, -0.2875, -0.27647, -0.26156999999999997, -0.25382, -0.258, -0.27201, -0.28929, -0.30279, -0.30856999999999996, -0.30741999999999997, -0.30419, -0.30524, -0.31544, -0.33608000000000005, -0.36439, -0.39485, -0.42138000000000003, -0.43961000000000006, -0.44815, -0.44866000000000006, -0.44475, -0.44046, -0.44036000000000003, -0.44373, -0.44869, -0.45482, -0.46152, -0.46868000000000004, -0.47529, -0.48093, -0.4861, -0.49138000000000004, -0.49763999999999997, -0.50397, -0.50942, -0.5133, -0.5149199999999999, -0.51452, -0.5113800000000001, -0.50608, -0.5002300000000001, -0.49563, -0.49399, -0.49551000000000006, -0.49987, -0.50625, -0.51346, -0.52056, -0.52641, -0.53073, -0.53385]
[-0.46758, -0.46551000000000003, -0.46083, -0.45761999999999997, -0.45903999999999995, -0.46612, -0.47715, -0.48833999999999994, -0.49501000000000006, -0.49468, -0.48802, -0.47845, -0.47055, -0.46808999999999995, -0.47218000000000004, -0.48045, -0.48898, -0.49494, -0.49855]
[-0.19122999999999998, -0.4707, -0.5203899999999999, -0.38022, -0.18428, -0.064376, -0.074063, -0.17601, -0.28681999999999996, -0.33912, -0.31885, -0.26045, -0.21309, -0.20609, -0.23605, -0.27774, -0.30551, -0.30877, -0.294, -0.27863000000000004, -0.27074000000000004, -0.27553, -0.29375999999999997]
[-0.69844, 1.2972, 2.4512, 2.0563, 2.3496, 3.8291, 4.1081, 2.5773, 1.5316, 2.0487, 2.6457, 2.2563, 1.6212, 1.5179, 1.5142, 0.96624, 0.18213, -0.12918, 0.018585]
[-0.16835999999999998, -0.23337, -0.24270999999999998, -0.20363, -0.14679, -0.1073, -0.10637, -0.14319, -0.19889, -0.24853000000000003, -0.27378, -0.27002, -0.24564, -0.21531999999999998, -0.19205, -0.18181, -0.18329, -0.19109, -0.20006, -0.20785, -0.21513000000000002]
[-0.39976999999999996, -0.40625, -0.41302, -0.42112, -0.4307, -0.44061999999999996, -0.44863000000000003, -0.45303999999999994, -0.45366999999999996, -0.45263000000000003, -0.45302, -0.45841000000000004, -0.4706, -0.48815, -0.50581, -0.51637, -0.51331, -0.49348000000000003, -0.45858999999999994, -0.41503, -0.37227]
[-0.41773000000000005, -0.40998, -0.40042, -0.40481, -0.42077, -0.43223, -0.42756000000000005, -0.41445, -0.41548999999999997, -0.43828999999999996, -0.46337, -0.46095, -0.43201000000000006, -0.4211, -0.46743, -0.54745, -0.57504, -0.48582, -0.31296]
[3.8588, 3.2468, 1.0912, 0.061121, 0.73855, 1.5799, 1.6344, 1.4575, 1.5612, 1.5636, 1.1461, 0.73042, 0.79505, 1.1821, 1.3979, 1.2561, 0.9814700000000001, 0.8654299999999999, 0.95014, 1.0525, 1.0241, 0.92285, 0.87382, 0.87608, 0.8577899999999999, 0.8229, 0.78925, 0.75473, 0.7582399999999999, 0.86285]
[-0.66822, -0.67319, -0.6835100000000001, -0.69819, -0.71472, -0.73129, -0.74364, -0.75095, -0.75363, -0.75295, -0.7496, -0.74269, -0.73278, -0.7208, -0.7085199999999999, -0.69708, -0.6879, -0.68266, -0.6822199999999999, -0.68688, -0.69423, -0.70238, -0.7099, -0.71622, -0.72182, -0.72743, -0.73442, -0.74371, -0.75525, -0.76752]
[-0.62889, -0.7408, -0.61936, -0.39035, -0.21936, -0.14324, -0.12837, -0.1553, -0.20886999999999997, -0.24478000000000003, -0.23075, -0.17112, -0.12789, -0.13667, -0.19515, -0.24140999999999999, -0.20574, -0.11135999999999999, -0.051830999999999995, -0.06943300000000001, -0.086735, -0.017411000000000003, 0.096512, 0.13028, 0.044497, -0.048233, -0.032864, 0.067427, 0.13573, 0.12533, 0.10779000000000001, 0.15516, 0.23984, 0.27093, 0.22055999999999998, 0.15299000000000001, 0.14667, 0.20055, 0.24208000000000002, 0.2221, 0.17359000000000002, 0.17212, 0.22576999999999997, 0.25828, 0.20531, 0.11300999999999999, 0.088038, 0.15279, 0.21170999999999998, 0.16967000000000002, 0.060142999999999995, -0.009962, -0.00259, 0.007226000000000001, -0.057461, -0.16697, -0.22341, -0.17887, -0.10067999999999999, -0.089714, -0.16766, -0.25001999999999996, -0.24763000000000002, -0.17849, -0.13909000000000002, -0.18538, -0.25743, -0.27281, -0.24391999999999997, -0.25851999999999997, -0.3438, -0.41145]
[-0.12789, -0.13667, -0.19515, -0.24140999999999999, -0.20574, -0.11135999999999999, -0.051830999999999995, -0.06943300000000001, -0.086735, -0.017411000000000003, 0.096512, 0.13028, 0.044497, -0.048233, -0.032864, 0.067427, 0.13573, 0.12533, 0.10779000000000001, 0.15516, 0.23984, 0.27093, 0.22055999999999998, 0.15299000000000001, 0.14667, 0.20055, 0.24208000000000002, 0.2221, 0.17359000000000002, 0.17212, 0.22576999999999997, 0.25828, 0.20531, 0.11300999999999999, 0.088038, 0.15279, 0.21170999999999998, 0.16967000000000002, 0.060142999999999995, -0.009962, -0.00259, 0.007226000000000001, -0.057461, -0.16697, -0.22341, -0.17887, -0.10067999999999999, -0.089714, -0.16766, -0.25001999999999996, -0.24763000000000002, -0.17849, -0.13909000000000002, -0.18538, -0.25743, -0.27281, -0.24391999999999997, -0.25851999999999997, -0.3438, -0.41145, -0.38343, -0.31222, -0.33576999999999996, -0.49996999999999997, -0.69197]
[-0.5281600000000001, 0.75249, 2.2797, 3.6649, 4.5343, 4.6611, 4.0454, 2.9079, 1.6019999999999999, 0.48313999999999996, -0.21245, -0.43077, -0.28834, 0.003151, 0.23639000000000002, 0.28993, 0.15804, -0.073027, -0.28454, -0.3869, -0.35691, -0.23739000000000002, -0.10590999999999999, -0.032269, -0.046775, -0.13302999999999998, -0.2437, -0.32821, -0.35641999999999996, -0.32899999999999996, -0.27104, -0.21573, -0.18700999999999998, -0.191, -0.21744000000000002, -0.24875999999999998, -0.27015, -0.27571, -0.26878, -0.25743, -0.24894000000000002, -0.24600999999999998, -0.24683000000000002, -0.24753000000000003, -0.24506999999999998, -0.23858000000000001, -0.22931999999999997, -0.21932, -0.2123, -0.20505, -0.19669, -0.1891, -0.18453, -0.1837, -0.18548, -0.18927, -0.1943, -0.20034000000000002, -0.20643000000000003, -0.2127, -0.21944, -0.2271, -0.235, -0.24245999999999998, -0.24904, -0.25482, -0.26018]
[-0.08573, -0.25868, -0.095912, 0.31276, 0.8232, 1.2761, 1.5377, 1.5319999999999998, 1.2563, 0.77556, 0.20067000000000002, -0.34405, -0.75436, -0.96877, -0.98088, -0.8340200000000001, -0.60365, -0.37335, -0.21141, -0.15462, -0.20306, -0.32575, -0.47422, -0.59926, -0.6654100000000001, -0.65954, -0.59167, -0.48885, -0.38495, -0.30966, -0.28033, -0.29838000000000003, -0.35086, -0.41584, -0.46974, -0.49387, -0.47902, -0.42662, -0.34702, -0.25572, -0.16889, -0.099437, -0.054549, -0.034949, -0.035744, -0.048875, -0.06365499999999999, -0.071466, -0.066719, -0.047831, -0.018680000000000002, 0.016138, 0.050417000000000003, 0.07573400000000001, 0.085633, 0.077649, 0.05368099999999999, 0.021532, -0.009276999999999999, -0.029506, -0.033154, -0.020531999999999998, 0.003031, 0.026983999999999998, 0.0366, 0.017766, -0.039099]
[-0.23911, -0.19015, -0.2144, -0.23636, -0.222, -0.22618000000000002, -0.2712, -0.27425, -0.20357, -0.15871, -0.22949, -0.32381, -0.31526, -0.24636, -0.24181, -0.2887, -0.2875, -0.24436, -0.2424, -0.26314, -0.23024, -0.18434, -0.22380999999999998, -0.30123, -0.28311, -0.19679000000000002, -0.19905, -0.29836, -0.33273, -0.25706, -0.20888, -0.24479, -0.24339, -0.16534000000000001, -0.15291, -0.26795, -0.34124, -0.24886, -0.12095, -0.12297999999999999, -0.19357, -0.19598, -0.1577, -0.17998, -0.22449000000000002, -0.20123, -0.15353, -0.17502, -0.21498, -0.16607, -0.070342, -0.053255, -0.098518, -0.093034, -0.05276599999999999, -0.10165]
[-0.5017, -0.50544, -0.51022, -0.51315, -0.5151399999999999, -0.51713, -0.51939, -0.52103, -0.52, -0.5148, -0.5052800000000001, -0.49346, -0.48286, -0.47751000000000005, -0.4804, -0.49167, -0.50821, -0.5238, -0.53198, -0.52863, -0.5141899999999999]
[1.264, 1.9717, 2.5932, 3.0307, 3.2262, 3.168, 2.8859, 2.4402, 1.9049, 1.3533, 0.8452799999999999, 0.42023999999999995, 0.096177, -0.12768, -0.26464, -0.33478, -0.35953, -0.35803, -0.3453, -0.33177, -0.32364, -0.3236, -0.33155999999999997, -0.34541, -0.36178, -0.37687, -0.38744, -0.39166999999999996, -0.38961, -0.38322, -0.37576, -0.37078, -0.37101999999999996, -0.37756999999999996, -0.38945, -0.40413000000000004, -0.4179, -0.42735, -0.43035, -0.42665, -0.41802, -0.40764, -0.39909, -0.39539, -0.39814, -0.40707, -0.42186, -0.43686, -0.4493, -0.45736000000000004, -0.46046000000000004, -0.45947, -0.45577, -0.45103000000000004, -0.4471, -0.44516999999999995, -0.44537, -0.44809, -0.44924, -0.44711999999999996, -0.44073, -0.43025, -0.41828000000000004, -0.40676, -0.3983, -0.39725, -0.40717, -0.42967, -0.4641]
[-0.37718, -0.35181999999999997, -0.35805, -0.39359, -0.43915, -0.47176999999999997, -0.47643, -0.45183, -0.40894, -0.36459, -0.33353, -0.3227, -0.32975, -0.34547, -0.35953, -0.36175999999999997, -0.34944000000000003, -0.32626, -0.30014, -0.28015, -0.26835, -0.26696, -0.27408000000000005, -0.28458, -0.29086, -0.28594, -0.26738, -0.23799, -0.20619, -0.18175999999999998, -0.17443, -0.18964, -0.22511, -0.27091, -0.30972, -0.32543, -0.30835, -0.26076, -0.19709000000000002, -0.13978, -0.11715, -0.15192, -0.25368, -0.41266, -0.60342, -0.79255, -0.9475399999999999]
[-0.40389, -0.41056000000000004, -0.37718, -0.35181999999999997, -0.35805, -0.39359, -0.43915, -0.47176999999999997, -0.47643, -0.45183, -0.40894, -0.36459, -0.33353, -0.3227, -0.32975, -0.34547, -0.35953, -0.36175999999999997, -0.34944000000000003, -0.32626, -0.30014, -0.28015, -0.26835, -0.26696, -0.27408000000000005, -0.28458, -0.29086, -0.28594, -0.26738, -0.23799, -0.20619, -0.18175999999999998, -0.17443, -0.18964, -0.22511, -0.27091, -0.30972, -0.32543, -0.30835, -0.26076, -0.19709000000000002, -0.13978, -0.11715, -0.15192, -0.25368]
[-0.35366, -0.002971, 0.38184, 0.25248000000000004, -0.032322000000000004, -0.020033000000000002, 0.1562, 0.18585, 0.13584000000000002, 0.22935999999999998, 0.41434, 0.47345, 0.40091, 0.37251, 0.42793000000000003, 0.43362, 0.3474, 0.29001, 0.31116, 0.2995, 0.14891, -0.044594999999999996, -0.10239, -0.012795, 0.06576599999999999, 0.051753999999999994, 0.048770999999999995, 0.15012]
[1.1845, 2.8606, 2.2657, 0.80495, 0.44354, 0.8765200000000001, 0.8515799999999999, 0.69655, 1.3922, 2.3727, 2.315, 1.4054, 0.95962, 1.3109, 1.6112, 1.4448, 1.2852, 1.4559, 1.6424, 1.5173, 1.1808, 0.9040600000000001]
[-0.59002, -0.59588, -0.60649, -0.61993, -0.63547, -0.65253, -0.67084, -0.68923, -0.70606, -0.72027, -0.73102, -0.73806, -0.74159, -0.74149, -0.73925, -0.73669, -0.73547, -0.73723, -0.7410100000000001, -0.74647, -0.7529399999999999, -0.7595, -0.76593, -0.77068, -0.77361, -0.77535, -0.7769, -0.77981, -0.7843100000000001, -0.79057, -0.79877, -0.8085399999999999, -0.81924, -0.8292200000000001, -0.83634, -0.8392700000000001, -0.83724, -0.8303299999999999, -0.8194100000000001, -0.80495, -0.78899]
[-0.44693999999999995, -0.44173, -0.4357, -0.42983000000000005, -0.42495, -0.42166000000000003, -0.42028999999999994, -0.42085, -0.42313999999999996, -0.42676000000000003, -0.43117, -0.43583, -0.44023999999999996, -0.44405, -0.44692, -0.44871000000000005, -0.44943, -0.44919, -0.44816999999999996, -0.44656, -0.44456999999999997]
[-0.52859, -0.53347, -0.53381, -0.53175, -0.53003, -0.5320199999999999, -0.53808, -0.54687, -0.5575100000000001, -0.56845, -0.57793, -0.5857, -0.58862, -0.58687, -0.5817399999999999, -0.57518, -0.57009, -0.56752, -0.56765, -0.57124, -0.57829, -0.58797, -0.59923, -0.6095, -0.61717, -0.62134, -0.62202, -0.62038, -0.61807, -0.6170800000000001, -0.61927, -0.6257, -0.63612, -0.64908, -0.6615300000000001, -0.67011, -0.67171, -0.6642100000000001, -0.64715, -0.62169, -0.59062, -0.55794]
[-0.51791, -0.51689, -0.48782, -0.49837, -0.49461000000000005, -0.45996000000000004, -0.47598, -0.5263800000000001, -0.5291600000000001, -0.49359, -0.48988999999999994, -0.52779, -0.5314, -0.49228, -0.49851999999999996, -0.53261, -0.51599, -0.50121, -0.53671, -0.5368, -0.48833999999999994, -0.50748, -0.55748, -0.5189, -0.51057, -0.57282, -0.4805]
[0.40402, -0.12743, -0.28709, -0.16766, 0.07538500000000001, 0.28598, 0.36069, 0.27459, 0.074831, -0.15127000000000002, -0.31792, -0.37485999999999997, -0.32231, -0.20331, -0.08034, -0.007465, -0.010015000000000001, -0.078941, -0.17978]
[-0.18344000000000002, -0.50879, -0.69796, -0.7580899999999999, -0.71036, -0.58586, -0.42062, -0.25031, -0.10553, -0.008244, 0.0302, 0.00937, -0.061576, -0.16647, -0.28546, -0.3986, -0.48894, -0.54497, -0.56182, -0.5413899999999999, -0.49132, -0.42318999999999996, -0.35024, -0.28508, -0.2377, -0.21414, -0.21594000000000002, -0.24029, -0.28101, -0.32991, -0.37829, -0.41851000000000005, -0.44506, -0.45528, -0.4495, -0.43063999999999997, -0.40344, -0.3735, -0.34621999999999997, -0.32593, -0.3153, -0.31509000000000004, -0.32422, -0.3402, -0.35972, -0.37927, -0.3958, -0.40717, -0.41236999999999996, -0.41156000000000004, -0.40589000000000003, -0.39716, -0.38743, -0.37861, -0.37218, -0.36898000000000003, -0.36914, -0.37224, -0.37738, -0.3835, -0.38956, -0.39479000000000003, -0.39865, -0.401, -0.40204, -0.40219, -0.40195, -0.40181999999999995, -0.40254, -0.40478000000000003, -0.40675, -0.40834000000000004, -0.40944, -0.40997, -0.40991000000000005, -0.40923000000000004, -0.40812, -0.4065, -0.40438]
