[-0.003254, -0.11307, -0.09826, 0.009355, 0.11517000000000001, 0.12064000000000001, 0.010232999999999999, -0.1253, -0.17933, -0.11699999999999999, 0.004629, 0.082804, 0.071576, 0.033113, 0.070643, 0.2332, 0.46973000000000004, 0.6570699999999999, 0.70758, 0.64913, 0.59086, 0.6341100000000001, 0.79372, 0.97596, 1.0577, 0.98846]
[0.65773, 1.1272, 1.3509, 1.2784, 1.0524, 0.87792, 0.88545, 1.0663, 1.3064, 1.4784, 1.5206, 1.4622, 1.3897, 1.3849, 1.4704, 1.5939, 1.6581, 1.5745, 1.314]
[0.20817, 0.65773, 1.1272, 1.3509, 1.2784, 1.0524, 0.87792, 0.88545, 1.0663, 1.3064, 1.4784, 1.5206, 1.4622, 1.3897, 1.3849, 1.4704, 1.5939, 1.6581, 1.5745]
[0.9291799999999999, 0.53096, 0.23296, 0.09485, 0.09898, 0.16843, 0.21609, 0.19477, 0.11175, 0.0058909999999999995, -0.083715, -0.14736, -0.20653000000000002, -0.28522, -0.3804, -0.46966, -0.52727, -0.54103, -0.5241100000000001, -0.50488, -0.50468, -0.52291, -0.5467, -0.56237, -0.56209, -0.55407, -0.5532, -0.56533, -0.5838899999999999, -0.5982, -0.6006, -0.58608, -0.5633199999999999, -0.54514, -0.53585, -0.5334300000000001, -0.53299, -0.52895, -0.51731, -0.5016, -0.48916000000000004, -0.48416000000000003, -0.48906000000000005, -0.50385, -0.52561, -0.55094, -0.57963, -0.61348, -0.65176, -0.69392, -0.73833, -0.78142, -0.81947, -0.85104, -0.87721, -0.8992700000000001, -0.92043, -0.9436899999999999, -0.9688200000000001, -0.99346, -1.0146, -1.0299, -1.0388, -1.0449, -1.0549, -1.0721, -1.0961, -1.1208, -1.1359]
[-0.53135, -0.3225, -0.18854, -0.18824000000000002, -0.25988, -0.29886, -0.25123, -0.14973, -0.077916, -0.09378500000000001, -0.17193, -0.22615, -0.17834, -0.016438, 0.19572, 0.36144, 0.41697, 0.37654, 0.31338, 0.3051, 0.3878, 0.5331199999999999, 0.66597, 0.71753, 0.66701, 0.54588, 0.41835, 0.36028000000000004, 0.39866999999999997, 0.49763, 0.58667, 0.5924, 0.47273000000000004, 0.24131999999999998, -0.025938, -0.24093, -0.34879, -0.34087, -0.2634, -0.19075, -0.18131, -0.24588000000000002, -0.34788, -0.42454, -0.41998, -0.32929, -0.20354, -0.11922, -0.13439, -0.24761999999999998, -0.38823, -0.45032, -0.36613, -0.1525, 0.097867, 0.26602, 0.28654, 0.19860999999999998, 0.12340999999999999, 0.17883, 0.40004, 0.72135]
[0.5041100000000001, -0.074277, -0.50425, -0.64617, -0.53135, -0.3225, -0.18854, -0.18824000000000002, -0.25988, -0.29886, -0.25123, -0.14973, -0.077916, -0.09378500000000001, -0.17193, -0.22615, -0.17834, -0.016438, 0.19572, 0.36144, 0.41697, 0.37654, 0.31338, 0.3051, 0.3878, 0.5331199999999999, 0.66597, 0.71753, 0.66701, 0.54588, 0.41835, 0.36028000000000004, 0.39866999999999997, 0.49763, 0.58667, 0.5924, 0.47273000000000004, 0.24131999999999998, -0.025938, -0.24093, -0.34879, -0.34087, -0.2634, -0.19075, -0.18131, -0.24588000000000002, -0.34788, -0.42454, -0.41998, -0.32929, -0.20354, -0.11922, -0.13439, -0.24761999999999998, -0.38823, -0.45032, -0.36613, -0.1525, 0.097867, 0.26602, 0.28654, 0.19860999999999998, 0.12340999999999999, 0.17883, 0.40004, 0.72135, 1.0153]
[0.9949, 0.5041100000000001, -0.074277, -0.50425, -0.64617, -0.53135, -0.3225, -0.18854, -0.18824000000000002, -0.25988, -0.29886, -0.25123, -0.14973, -0.077916, -0.09378500000000001, -0.17193, -0.22615, -0.17834, -0.016438, 0.19572, 0.36144, 0.41697, 0.37654, 0.31338, 0.3051, 0.3878, 0.5331199999999999, 0.66597, 0.71753, 0.66701, 0.54588, 0.41835, 0.36028000000000004, 0.39866999999999997, 0.49763, 0.58667, 0.5924, 0.47273000000000004, 0.24131999999999998, -0.025938, -0.24093, -0.34879, -0.34087, -0.2634, -0.19075, -0.18131, -0.24588000000000002, -0.34788, -0.42454, -0.41998, -0.32929, -0.20354, -0.11922, -0.13439, -0.24761999999999998, -0.38823, -0.45032, -0.36613, -0.1525, 0.097867, 0.26602, 0.28654, 0.19860999999999998, 0.12340999999999999, 0.17883, 0.40004, 0.72135, 1.0153, 1.1868]
[1.2259, 0.9949, 0.5041100000000001, -0.074277, -0.50425, -0.64617, -0.53135, -0.3225, -0.18854, -0.18824000000000002, -0.25988, -0.29886, -0.25123, -0.14973, -0.077916, -0.09378500000000001, -0.17193, -0.22615, -0.17834, -0.016438, 0.19572, 0.36144, 0.41697, 0.37654, 0.31338, 0.3051, 0.3878, 0.5331199999999999, 0.66597, 0.71753, 0.66701, 0.54588, 0.41835, 0.36028000000000004, 0.39866999999999997, 0.49763, 0.58667, 0.5924, 0.47273000000000004, 0.24131999999999998, -0.025938, -0.24093, -0.34879, -0.34087, -0.2634, -0.19075, -0.18131, -0.24588000000000002, -0.34788, -0.42454, -0.41998, -0.32929, -0.20354, -0.11922, -0.13439, -0.24761999999999998, -0.38823, -0.45032, -0.36613, -0.1525, 0.097867, 0.26602, 0.28654, 0.19860999999999998, 0.12340999999999999]
[0.18609, -0.15009, -0.26879000000000003, -0.26978, -0.26854, -0.31101999999999996, -0.3568, -0.34748, -0.29193, -0.25601999999999997, -0.29019, -0.36439, -0.36883, -0.23258, -0.018924, 0.12222000000000001, 0.09292, -0.033113, -0.046633, 0.19892, 0.63823, 1.0416, 1.2143, 1.1723, 1.1075, 1.1818, 1.3835]
[0.70157, 0.18609, -0.15009, -0.26879000000000003, -0.26978, -0.26854, -0.31101999999999996, -0.3568, -0.34748, -0.29193, -0.25601999999999997, -0.29019, -0.36439, -0.36883, -0.23258, -0.018924, 0.12222000000000001, 0.09292, -0.033113, -0.046633, 0.19892, 0.63823, 1.0416, 1.2143, 1.1723, 1.1075, 1.1818, 1.3835, 1.5521, 1.5588]
[-0.71231, 0.20784, 0.99441, 1.3399, 1.1811, 0.70157, 0.18609, -0.15009, -0.26879000000000003, -0.26978, -0.26854, -0.31101999999999996, -0.3568, -0.34748, -0.29193, -0.25601999999999997, -0.29019, -0.36439, -0.36883, -0.23258, -0.018924, 0.12222000000000001, 0.09292, -0.033113, -0.046633, 0.19892, 0.63823, 1.0416, 1.2143, 1.1723, 1.1075, 1.1818, 1.3835, 1.5521, 1.5588, 1.4442, 1.3441, 1.3406, 1.3931, 1.4052, 1.3556, 1.3233, 1.3791, 1.4892, 1.5383, 1.4575]
[-1.406, -0.71231, 0.20784, 0.99441, 1.3399, 1.1811, 0.70157, 0.18609, -0.15009, -0.26879000000000003, -0.26978, -0.26854, -0.31101999999999996, -0.3568, -0.34748, -0.29193, -0.25601999999999997, -0.29019, -0.36439, -0.36883, -0.23258, -0.018924, 0.12222000000000001, 0.09292, -0.033113, -0.046633, 0.19892, 0.63823, 1.0416, 1.2143, 1.1723, 1.1075, 1.1818, 1.3835, 1.5521, 1.5588, 1.4442, 1.3441, 1.3406, 1.3931, 1.4052, 1.3556, 1.3233, 1.3791, 1.4892, 1.5383, 1.4575, 1.3161]
[2.1098, 3.435, 4.0226, 3.7625, 2.9216, 1.9686, 1.3084, 1.0915, 1.1954, 1.3633, 1.3908, 1.2363, 1.0033, 0.8362, 0.81506, 0.91345, 1.0331, 1.0759, 0.9965700000000001, 0.81183, 0.5764100000000001, 0.3507, 0.17862999999999998, 0.080927, 0.057779, 0.089272, 0.13890999999999998, 0.16514, 0.13798, 0.05259400000000001, -0.06846000000000001, -0.18627, -0.26733, -0.30016, -0.29613, -0.27974, -0.27498, -0.2876, -0.30895, -0.3278, -0.33539, -0.32377, -0.30162, -0.28595, -0.28861, -0.31417, -0.35815, -0.40744, -0.44469, -0.46132, -0.45899999999999996, -0.44328, -0.42591, -0.4187, -0.4261, -0.44481000000000004, -0.46813999999999995, -0.48766000000000004, -0.49377, -0.4842, -0.46381000000000006, -0.44064, -0.42396999999999996, -0.42072, -0.4318, -0.45124, -0.47258, -0.49116000000000004, -0.5045, -0.51427, -0.52413, -0.53637, -0.5503600000000001]
[1.1927, 1.2307, 1.21, 1.157, 1.1126, 1.1033, 1.1226, 1.1325, 1.0832, 0.93894, 0.69813, 0.39418000000000003, 0.081453, -0.18738, -0.37892, -0.48794, -0.53256, -0.54201, -0.54252, -0.54913, -0.5643199999999999, -0.5821, -0.59333, -0.5908100000000001, -0.5715100000000001, -0.53842, -0.49311000000000005, -0.44156999999999996, -0.39342, -0.35868, -0.34264, -0.34683, -0.36994, -0.40717, -0.44942, -0.48632, -0.51177, -0.52415, -0.52549, -0.5184, -0.50932, -0.50434, -0.50767, -0.51693, -0.52995, -0.5431699999999999, -0.55414, -0.5576, -0.55416, -0.54767, -0.5453, -0.5509, -0.56906, -0.60136, -0.64546, -0.69371, -0.7382, -0.77328, -0.7974100000000001, -0.81253, -0.82325, -0.8341700000000001, -0.84749, -0.8617, -0.87346, -0.8808, -0.88539, -0.8924799999999999, -0.9088299999999999, -0.9390799999999999, -0.9814299999999999, -1.0257, -1.0548]
[2.2776, 2.9414, 3.0824, 2.7374, 2.1005, 1.4373, 0.97509, 0.82139, 0.94004, 1.1918, 1.4134, 1.4946, 1.4185, 1.2498, 1.0865, 1.0045, 1.0235, 1.107, 1.1927, 1.2307, 1.21, 1.157, 1.1126, 1.1033, 1.1226, 1.1325, 1.0832, 0.93894, 0.69813, 0.39418000000000003, 0.081453, -0.18738, -0.37892, -0.48794, -0.53256, -0.54201, -0.54252, -0.54913, -0.5643199999999999, -0.5821, -0.59333, -0.5908100000000001, -0.5715100000000001, -0.53842, -0.49311000000000005, -0.44156999999999996, -0.39342, -0.35868, -0.34264, -0.34683, -0.36994, -0.40717, -0.44942, -0.48632, -0.51177, -0.52415, -0.52549, -0.5184, -0.50932, -0.50434, -0.50767, -0.51693, -0.52995, -0.5431699999999999, -0.55414, -0.5576, -0.55416, -0.54767, -0.5453, -0.5509, -0.56906, -0.60136, -0.64546, -0.69371, -0.7382, -0.77328, -0.7974100000000001, -0.81253, -0.82325]
[1.2348, 2.2776, 2.9414, 3.0824, 2.7374, 2.1005, 1.4373, 0.97509, 0.82139, 0.94004, 1.1918, 1.4134, 1.4946, 1.4185, 1.2498, 1.0865, 1.0045, 1.0235, 1.107, 1.1927, 1.2307, 1.21, 1.157, 1.1126, 1.1033, 1.1226, 1.1325, 1.0832, 0.93894, 0.69813, 0.39418000000000003, 0.081453, -0.18738, -0.37892, -0.48794, -0.53256, -0.54201, -0.54252, -0.54913, -0.5643199999999999, -0.5821, -0.59333, -0.5908100000000001, -0.5715100000000001, -0.53842, -0.49311000000000005, -0.44156999999999996, -0.39342, -0.35868, -0.34264, -0.34683, -0.36994, -0.40717, -0.44942, -0.48632, -0.51177, -0.52415, -0.52549, -0.5184, -0.50932, -0.50434, -0.50767, -0.51693, -0.52995, -0.5431699999999999, -0.55414, -0.5576, -0.55416, -0.54767, -0.5453, -0.5509, -0.56906, -0.60136, -0.64546, -0.69371, -0.7382, -0.77328, -0.7974100000000001, -0.81253]
[0.083774, 1.2348, 2.2776, 2.9414, 3.0824, 2.7374, 2.1005, 1.4373, 0.97509, 0.82139, 0.94004, 1.1918, 1.4134, 1.4946, 1.4185, 1.2498, 1.0865, 1.0045, 1.0235, 1.107, 1.1927, 1.2307, 1.21, 1.157, 1.1126, 1.1033, 1.1226, 1.1325, 1.0832, 0.93894, 0.69813, 0.39418000000000003, 0.081453, -0.18738, -0.37892, -0.48794, -0.53256, -0.54201, -0.54252, -0.54913, -0.5643199999999999, -0.5821, -0.59333, -0.5908100000000001, -0.5715100000000001, -0.53842, -0.49311000000000005, -0.44156999999999996, -0.39342, -0.35868, -0.34264, -0.34683, -0.36994, -0.40717, -0.44942, -0.48632, -0.51177, -0.52415, -0.52549, -0.5184, -0.50932, -0.50434, -0.50767, -0.51693, -0.52995, -0.5431699999999999, -0.55414, -0.5576, -0.55416, -0.54767, -0.5453, -0.5509, -0.56906, -0.60136, -0.64546, -0.69371, -0.7382, -0.77328, -0.7974100000000001]
[-0.8824, 0.083774, 1.2348, 2.2776, 2.9414, 3.0824, 2.7374, 2.1005, 1.4373, 0.97509, 0.82139, 0.94004, 1.1918, 1.4134, 1.4946, 1.4185, 1.2498, 1.0865, 1.0045, 1.0235, 1.107, 1.1927, 1.2307, 1.21, 1.157, 1.1126, 1.1033, 1.1226, 1.1325, 1.0832, 0.93894, 0.69813, 0.39418000000000003, 0.081453, -0.18738, -0.37892, -0.48794, -0.53256, -0.54201, -0.54252, -0.54913, -0.5643199999999999, -0.5821, -0.59333, -0.5908100000000001, -0.5715100000000001, -0.53842, -0.49311000000000005, -0.44156999999999996, -0.39342, -0.35868, -0.34264, -0.34683, -0.36994, -0.40717, -0.44942, -0.48632, -0.51177, -0.52415, -0.52549, -0.5184, -0.50932, -0.50434, -0.50767, -0.51693, -0.52995, -0.5431699999999999, -0.55414, -0.5576, -0.55416, -0.54767, -0.5453, -0.5509, -0.56906, -0.60136, -0.64546, -0.69371, -0.7382]
[1.4044, 1.5272, 1.6084, 1.5330000000000001, 1.2791, 0.9162399999999999, 0.55203, 0.27174, 0.10231, 0.018632, -0.024362, -0.059039, -0.094436, -0.1248, -0.1442, -0.1555, -0.16889, -0.19377, -0.23021, -0.27024000000000004, -0.30341999999999997, -0.32282, -0.32654, -0.31763, -0.30394, -0.28707, -0.27253, -0.26774000000000003, -0.27794, -0.29763, -0.31968, -0.3359, -0.33873000000000003, -0.32471, -0.30049000000000003, -0.27904, -0.26943, -0.27863000000000004, -0.30831, -0.35422, -0.40162, -0.44028, -0.46492, -0.47498999999999997, -0.47431999999999996, -0.47145, -0.47413999999999995, -0.48393, -0.49877, -0.5156, -0.53315, -0.55013, -0.56822, -0.58818, -0.60719, -0.61961, -0.62187, -0.61523, -0.60526, -0.60134, -0.6115, -0.63795, -0.67333, -0.70722, -0.7310300000000001, -0.74202, -0.7438600000000001, -0.7449600000000001, -0.7528, -0.7683800000000001, -0.78855, -0.80994, -0.8331700000000001, -0.86075, -0.8971399999999999, -0.94239, -0.98818, -1.0194, -1.0232]
[1.9206, 1.9916, 1.7997, 1.5363, 1.3831, 1.4044, 1.5272, 1.6084, 1.5330000000000001, 1.2791, 0.9162399999999999, 0.55203, 0.27174, 0.10231, 0.018632, -0.024362, -0.059039, -0.094436, -0.1248, -0.1442, -0.1555, -0.16889, -0.19377, -0.23021, -0.27024000000000004, -0.30341999999999997, -0.32282, -0.32654, -0.31763, -0.30394, -0.28707, -0.27253, -0.26774000000000003, -0.27794, -0.29763, -0.31968, -0.3359, -0.33873000000000003, -0.32471, -0.30049000000000003, -0.27904, -0.26943, -0.27863000000000004, -0.30831, -0.35422, -0.40162, -0.44028, -0.46492, -0.47498999999999997, -0.47431999999999996, -0.47145, -0.47413999999999995, -0.48393, -0.49877, -0.5156, -0.53315, -0.55013, -0.56822, -0.58818, -0.60719, -0.61961, -0.62187, -0.61523, -0.60526, -0.60134, -0.6115, -0.63795, -0.67333, -0.70722, -0.7310300000000001, -0.74202, -0.7438600000000001, -0.7449600000000001]
[0.96036, 1.5263, 1.9206, 1.9916, 1.7997, 1.5363, 1.3831, 1.4044, 1.5272, 1.6084, 1.5330000000000001, 1.2791, 0.9162399999999999, 0.55203, 0.27174, 0.10231, 0.018632, -0.024362, -0.059039, -0.094436, -0.1248, -0.1442, -0.1555, -0.16889, -0.19377, -0.23021, -0.27024000000000004, -0.30341999999999997, -0.32282, -0.32654, -0.31763, -0.30394, -0.28707, -0.27253, -0.26774000000000003, -0.27794, -0.29763, -0.31968, -0.3359, -0.33873000000000003, -0.32471, -0.30049000000000003, -0.27904, -0.26943, -0.27863000000000004, -0.30831, -0.35422, -0.40162, -0.44028, -0.46492, -0.47498999999999997, -0.47431999999999996, -0.47145, -0.47413999999999995, -0.48393, -0.49877, -0.5156, -0.53315, -0.55013, -0.56822, -0.58818, -0.60719, -0.61961, -0.62187, -0.61523, -0.60526, -0.60134, -0.6115, -0.63795, -0.67333, -0.70722, -0.7310300000000001, -0.74202]
[-0.88592, 0.44466999999999995, 1.9605, 3.1355, 3.5642, 3.165, 2.2173, 1.2093, 0.58602, 0.54156, 0.96036, 1.5263, 1.9206, 1.9916, 1.7997, 1.5363, 1.3831, 1.4044, 1.5272, 1.6084, 1.5330000000000001, 1.2791, 0.9162399999999999, 0.55203, 0.27174, 0.10231, 0.018632, -0.024362, -0.059039, -0.094436, -0.1248, -0.1442, -0.1555, -0.16889, -0.19377, -0.23021, -0.27024000000000004, -0.30341999999999997, -0.32282, -0.32654, -0.31763, -0.30394, -0.28707, -0.27253, -0.26774000000000003, -0.27794, -0.29763, -0.31968, -0.3359, -0.33873000000000003, -0.32471, -0.30049000000000003, -0.27904, -0.26943, -0.27863000000000004, -0.30831, -0.35422, -0.40162, -0.44028, -0.46492, -0.47498999999999997, -0.47431999999999996, -0.47145, -0.47413999999999995, -0.48393, -0.49877, -0.5156, -0.53315, -0.55013, -0.56822, -0.58818, -0.60719, -0.61961, -0.62187, -0.61523]
[-0.6299100000000001, 0.10629000000000001, 0.7983899999999999, 1.2085, 1.2262, 0.9068, 0.41853, -0.045591, -0.35609, -0.48705, -0.48841, -0.43751999999999996, -0.40212, -0.41347, -0.46433, -0.52935, -0.57667, -0.57226, -0.4904, -0.31743000000000005, -0.055528999999999995, 0.2627, 0.57906, 0.83916, 1.0197, 1.143, 1.2611, 1.4093, 1.5719, 1.6936, 1.724, 1.6657, 1.5819, 1.5486, 1.5929, 1.6772, 1.7248, 1.6865, 1.5871, 1.4929, 1.4544, 1.4647, 1.4641, 1.3937, 1.2504, 1.0909, 0.98655, 0.96725]
[-1.1734, -0.6299100000000001, 0.10629000000000001, 0.7983899999999999, 1.2085, 1.2262, 0.9068, 0.41853, -0.045591, -0.35609, -0.48705, -0.48841, -0.43751999999999996, -0.40212, -0.41347, -0.46433, -0.52935, -0.57667, -0.57226, -0.4904, -0.31743000000000005, -0.055528999999999995, 0.2627, 0.57906, 0.83916, 1.0197, 1.143, 1.2611, 1.4093, 1.5719, 1.6936, 1.724, 1.6657, 1.5819, 1.5486, 1.5929, 1.6772, 1.7248, 1.6865, 1.5871, 1.4929, 1.4544, 1.4647, 1.4641, 1.3937, 1.2504, 1.0909, 0.98655]
[1.5432, 1.6592, 1.5418, 1.2233, 0.8221, 0.46245, 0.2148, 0.086377, 0.047922, 0.059599, 0.085195, 0.098183, 0.084717, 0.043826, -0.014671, -0.075501, -0.12734, -0.1669, -0.19355999999999998, -0.20751, -0.2124, -0.20800000000000002, -0.20592, -0.22304000000000002, -0.26489, -0.32181, -0.37772, -0.41748999999999997, -0.42944, -0.41903999999999997, -0.40086, -0.38318, -0.37222, -0.36996999999999997, -0.37005, -0.36451, -0.34936, -0.32311, -0.28648, -0.25051, -0.23085999999999998, -0.23808, -0.27673000000000003, -0.34071999999999997, -0.41251000000000004, -0.47303999999999996, -0.51088, -0.5252399999999999, -0.52485, -0.52346, -0.53061, -0.54445, -0.55816, -0.56495, -0.56209, -0.55513, -0.55398, -0.5646, -0.58501, -0.60751, -0.62307, -0.62556, -0.61847, -0.61316, -0.62147, -0.65215, -0.7065600000000001, -0.77618, -0.84629, -0.90238, -0.93506, -0.9429700000000001, -0.93595, -0.93047, -0.93885, -0.96554, -1.0035, -1.0361]
[2.2195, 3.3936, 3.6326, 2.9843, 1.9442, 1.1311, 0.91301, 1.2324, 1.7183, 1.98, 1.8652, 1.5122, 1.1989, 1.1274, 1.2986, 1.5432, 1.6592, 1.5418, 1.2233]
[0.55916, 2.2195, 3.3936, 3.6326, 2.9843, 1.9442, 1.1311, 0.91301, 1.2324, 1.7183, 1.98, 1.8652, 1.5122, 1.1989, 1.1274, 1.2986, 1.5432, 1.6592, 1.5418, 1.2233, 0.8221, 0.46245, 0.2148, 0.086377, 0.047922, 0.059599, 0.085195, 0.098183, 0.084717, 0.043826, -0.014671, -0.075501, -0.12734, -0.1669, -0.19355999999999998, -0.20751, -0.2124, -0.20800000000000002, -0.20592, -0.22304000000000002, -0.26489, -0.32181, -0.37772, -0.41748999999999997, -0.42944, -0.41903999999999997, -0.40086, -0.38318, -0.37222, -0.36996999999999997, -0.37005, -0.36451, -0.34936, -0.32311, -0.28648, -0.25051, -0.23085999999999998, -0.23808, -0.27673000000000003, -0.34071999999999997, -0.41251000000000004, -0.47303999999999996, -0.51088, -0.5252399999999999, -0.52485, -0.52346, -0.53061, -0.54445, -0.55816, -0.56495, -0.56209, -0.55513, -0.55398, -0.5646, -0.58501]
[-0.90884, 0.55916, 2.2195, 3.3936, 3.6326, 2.9843, 1.9442, 1.1311, 0.91301, 1.2324, 1.7183, 1.98, 1.8652, 1.5122, 1.1989, 1.1274, 1.2986, 1.5432, 1.6592, 1.5418, 1.2233, 0.8221, 0.46245, 0.2148, 0.086377, 0.047922, 0.059599, 0.085195, 0.098183, 0.084717, 0.043826, -0.014671, -0.075501, -0.12734, -0.1669, -0.19355999999999998, -0.20751, -0.2124, -0.20800000000000002, -0.20592, -0.22304000000000002, -0.26489, -0.32181, -0.37772, -0.41748999999999997, -0.42944, -0.41903999999999997, -0.40086, -0.38318, -0.37222, -0.36996999999999997, -0.37005, -0.36451, -0.34936, -0.32311, -0.28648, -0.25051, -0.23085999999999998, -0.23808, -0.27673000000000003, -0.34071999999999997, -0.41251000000000004, -0.47303999999999996, -0.51088, -0.5252399999999999, -0.52485, -0.52346, -0.53061, -0.54445, -0.55816, -0.56495, -0.56209, -0.55513, -0.55398, -0.5646]
[-0.6172300000000001, -0.5223399999999999, -0.51994, -0.59724, -0.7169, -0.83495, -0.9118299999999999, -0.92496, -0.86879, -0.75053, -0.58215, -0.37315, -0.13215, 0.13085, 0.39948, 0.6527, 0.8669600000000001, 1.0217, 1.1067, 1.1266, 1.1017, 1.0607, 1.0317, 1.0325, 1.0653, 1.1176, 1.1691, 1.2008, 1.2038, 1.1835, 1.1569, 1.1451, 1.1636, 1.2143, 1.2841, 1.3485, 1.3811, 1.3634]
[-0.78164, -0.6172300000000001, -0.5223399999999999, -0.51994, -0.59724, -0.7169, -0.83495, -0.9118299999999999, -0.92496, -0.86879, -0.75053, -0.58215, -0.37315, -0.13215, 0.13085, 0.39948, 0.6527, 0.8669600000000001, 1.0217, 1.1067, 1.1266, 1.1017, 1.0607, 1.0317, 1.0325, 1.0653, 1.1176, 1.1691, 1.2008, 1.2038, 1.1835, 1.1569, 1.1451, 1.1636, 1.2143, 1.2841, 1.3485, 1.3811, 1.3634, 1.2912, 1.1833, 1.0674, 0.97341, 0.92112, 0.9136799999999999, 0.93716, 0.96244, 0.95668, 0.89371, 0.76731, 0.59224, 0.39986, 0.22916, 0.11363, 0.07501000000000001, 0.11333, 0.20873000000000003, 0.32687, 0.42805]
[-1.03, -1.0647, -0.9577399999999999, -0.78164, -0.6172300000000001, -0.5223399999999999, -0.51994, -0.59724, -0.7169, -0.83495, -0.9118299999999999, -0.92496, -0.86879, -0.75053, -0.58215, -0.37315, -0.13215, 0.13085, 0.39948, 0.6527, 0.8669600000000001, 1.0217, 1.1067, 1.1266, 1.1017, 1.0607, 1.0317, 1.0325, 1.0653, 1.1176, 1.1691, 1.2008, 1.2038, 1.1835, 1.1569, 1.1451, 1.1636, 1.2143, 1.2841, 1.3485, 1.3811, 1.3634, 1.2912, 1.1833, 1.0674, 0.97341, 0.92112, 0.9136799999999999, 0.93716, 0.96244, 0.95668, 0.89371, 0.76731, 0.59224, 0.39986, 0.22916, 0.11363, 0.07501000000000001]
[-0.81535, -1.03, -1.0647, -0.9577399999999999, -0.78164, -0.6172300000000001, -0.5223399999999999, -0.51994, -0.59724, -0.7169, -0.83495, -0.9118299999999999, -0.92496, -0.86879, -0.75053, -0.58215, -0.37315, -0.13215, 0.13085, 0.39948, 0.6527, 0.8669600000000001, 1.0217, 1.1067, 1.1266, 1.1017, 1.0607, 1.0317, 1.0325, 1.0653, 1.1176, 1.1691, 1.2008, 1.2038, 1.1835, 1.1569, 1.1451, 1.1636, 1.2143, 1.2841, 1.3485, 1.3811, 1.3634, 1.2912, 1.1833, 1.0674, 0.97341, 0.92112, 0.9136799999999999, 0.93716, 0.96244, 0.95668, 0.89371, 0.76731, 0.59224, 0.39986, 0.22916, 0.11363, 0.07501000000000001]
[0.032264999999999995, -0.43709, -0.81535, -1.03, -1.0647, -0.9577399999999999, -0.78164, -0.6172300000000001, -0.5223399999999999, -0.51994, -0.59724, -0.7169, -0.83495, -0.9118299999999999, -0.92496, -0.86879, -0.75053, -0.58215, -0.37315, -0.13215, 0.13085, 0.39948, 0.6527, 0.8669600000000001, 1.0217, 1.1067, 1.1266, 1.1017, 1.0607, 1.0317, 1.0325, 1.0653, 1.1176, 1.1691, 1.2008, 1.2038, 1.1835, 1.1569, 1.1451, 1.1636, 1.2143, 1.2841, 1.3485, 1.3811, 1.3634, 1.2912, 1.1833, 1.0674, 0.97341, 0.92112, 0.9136799999999999, 0.93716, 0.96244, 0.95668, 0.89371, 0.76731, 0.59224, 0.39986, 0.22916, 0.11363, 0.07501000000000001, 0.11333, 0.20873000000000003, 0.32687, 0.42805, 0.4775, 0.44992, 0.33398]
[0.47907, 0.032264999999999995, -0.43709, -0.81535, -1.03, -1.0647, -0.9577399999999999, -0.78164, -0.6172300000000001, -0.5223399999999999, -0.51994, -0.59724, -0.7169, -0.83495, -0.9118299999999999, -0.92496, -0.86879, -0.75053, -0.58215, -0.37315, -0.13215, 0.13085, 0.39948, 0.6527, 0.8669600000000001, 1.0217, 1.1067, 1.1266, 1.1017, 1.0607, 1.0317, 1.0325, 1.0653, 1.1176, 1.1691, 1.2008, 1.2038, 1.1835, 1.1569, 1.1451, 1.1636, 1.2143, 1.2841, 1.3485, 1.3811, 1.3634, 1.2912, 1.1833, 1.0674, 0.97341, 0.92112, 0.9136799999999999, 0.93716, 0.96244, 0.95668, 0.89371, 0.76731, 0.59224, 0.39986, 0.22916, 0.11363, 0.07501000000000001, 0.11333, 0.20873000000000003, 0.32687, 0.42805, 0.4775, 0.44992]
[0.7780600000000001, 0.47907, 0.032264999999999995, -0.43709, -0.81535, -1.03, -1.0647, -0.9577399999999999, -0.78164, -0.6172300000000001, -0.5223399999999999, -0.51994, -0.59724, -0.7169, -0.83495, -0.9118299999999999, -0.92496, -0.86879, -0.75053, -0.58215, -0.37315, -0.13215, 0.13085, 0.39948, 0.6527, 0.8669600000000001, 1.0217, 1.1067, 1.1266, 1.1017, 1.0607, 1.0317, 1.0325, 1.0653, 1.1176, 1.1691, 1.2008, 1.2038, 1.1835, 1.1569, 1.1451, 1.1636, 1.2143, 1.2841, 1.3485, 1.3811, 1.3634, 1.2912, 1.1833, 1.0674, 0.97341, 0.92112, 0.9136799999999999, 0.93716, 0.96244, 0.95668, 0.89371, 0.76731, 0.59224, 0.39986, 0.22916, 0.11363, 0.07501000000000001, 0.11333, 0.20873000000000003, 0.32687, 0.42805, 0.4775, 0.44992, 0.33398, 0.13197]
[0.6017399999999999, 0.8319799999999999, 0.7780600000000001, 0.47907, 0.032264999999999995, -0.43709, -0.81535, -1.03, -1.0647, -0.9577399999999999, -0.78164, -0.6172300000000001, -0.5223399999999999, -0.51994, -0.59724, -0.7169, -0.83495, -0.9118299999999999, -0.92496, -0.86879, -0.75053, -0.58215, -0.37315, -0.13215, 0.13085, 0.39948, 0.6527, 0.8669600000000001, 1.0217, 1.1067, 1.1266, 1.1017, 1.0607, 1.0317, 1.0325, 1.0653, 1.1176, 1.1691, 1.2008, 1.2038, 1.1835, 1.1569, 1.1451, 1.1636, 1.2143, 1.2841, 1.3485, 1.3811, 1.3634, 1.2912, 1.1833, 1.0674, 0.97341, 0.92112, 0.9136799999999999, 0.93716, 0.96244, 0.95668, 0.89371, 0.76731, 0.59224, 0.39986, 0.22916, 0.11363, 0.07501000000000001, 0.11333, 0.20873000000000003, 0.32687, 0.42805, 0.4775, 0.44992, 0.33398, 0.13197, -0.13889]
[0.12472000000000001, 0.6017399999999999, 0.8319799999999999, 0.7780600000000001, 0.47907, 0.032264999999999995, -0.43709, -0.81535, -1.03, -1.0647, -0.9577399999999999, -0.78164, -0.6172300000000001, -0.5223399999999999, -0.51994, -0.59724, -0.7169, -0.83495, -0.9118299999999999, -0.92496, -0.86879, -0.75053, -0.58215, -0.37315, -0.13215, 0.13085, 0.39948, 0.6527, 0.8669600000000001, 1.0217, 1.1067, 1.1266, 1.1017, 1.0607, 1.0317, 1.0325, 1.0653, 1.1176, 1.1691, 1.2008, 1.2038, 1.1835, 1.1569, 1.1451, 1.1636, 1.2143, 1.2841, 1.3485, 1.3811, 1.3634, 1.2912]
[-0.49992, 0.12472000000000001, 0.6017399999999999, 0.8319799999999999, 0.7780600000000001, 0.47907, 0.032264999999999995, -0.43709, -0.81535, -1.03, -1.0647, -0.9577399999999999, -0.78164, -0.6172300000000001, -0.5223399999999999, -0.51994, -0.59724, -0.7169, -0.83495, -0.9118299999999999, -0.92496, -0.86879, -0.75053, -0.58215, -0.37315, -0.13215, 0.13085, 0.39948, 0.6527, 0.8669600000000001, 1.0217, 1.1067, 1.1266, 1.1017, 1.0607, 1.0317, 1.0325, 1.0653, 1.1176, 1.1691, 1.2008, 1.2038, 1.1835, 1.1569, 1.1451, 1.1636, 1.2143, 1.2841, 1.3485, 1.3811, 1.3634, 1.2912, 1.1833]
[-1.1399, -0.49992, 0.12472000000000001, 0.6017399999999999, 0.8319799999999999, 0.7780600000000001, 0.47907, 0.032264999999999995, -0.43709, -0.81535, -1.03, -1.0647, -0.9577399999999999, -0.78164, -0.6172300000000001, -0.5223399999999999, -0.51994, -0.59724, -0.7169, -0.83495, -0.9118299999999999, -0.92496, -0.86879, -0.75053, -0.58215, -0.37315, -0.13215, 0.13085, 0.39948, 0.6527, 0.8669600000000001, 1.0217, 1.1067, 1.1266, 1.1017, 1.0607, 1.0317, 1.0325, 1.0653, 1.1176, 1.1691, 1.2008, 1.2038, 1.1835, 1.1569, 1.1451, 1.1636, 1.2143, 1.2841, 1.3485, 1.3811, 1.3634, 1.2912, 1.1833, 1.0674]
[-1.6679, -1.1399, -0.49992, 0.12472000000000001, 0.6017399999999999, 0.8319799999999999, 0.7780600000000001, 0.47907, 0.032264999999999995, -0.43709, -0.81535, -1.03, -1.0647, -0.9577399999999999, -0.78164, -0.6172300000000001, -0.5223399999999999, -0.51994, -0.59724, -0.7169, -0.83495, -0.9118299999999999, -0.92496, -0.86879, -0.75053, -0.58215, -0.37315, -0.13215, 0.13085, 0.39948, 0.6527, 0.8669600000000001, 1.0217, 1.1067, 1.1266, 1.1017, 1.0607, 1.0317, 1.0325, 1.0653, 1.1176, 1.1691, 1.2008, 1.2038, 1.1835, 1.1569, 1.1451, 1.1636, 1.2143, 1.2841, 1.3485, 1.3811, 1.3634, 1.2912, 1.1833, 1.0674, 0.97341, 0.92112, 0.9136799999999999, 0.93716, 0.96244, 0.95668, 0.89371, 0.76731, 0.59224, 0.39986, 0.22916, 0.11363]
[-0.49077, -0.50503, -0.5008, -0.49208, -0.48886, -0.49241, -0.49922, -0.50342, -0.49816000000000005, -0.48218999999999995, -0.46202, -0.44788, -0.44417, -0.45133, -0.4645, -0.47576999999999997, -0.47346000000000005, -0.45464, -0.42536999999999997]
[-0.4487, -0.49077, -0.50503, -0.5008, -0.49208, -0.48886, -0.49241, -0.49922, -0.50342, -0.49816000000000005, -0.48218999999999995, -0.46202, -0.44788, -0.44417, -0.45133, -0.4645, -0.47576999999999997, -0.47346000000000005, -0.45464, -0.42536999999999997, -0.39938, -0.38837, -0.40447, -0.45174, -0.52215, -0.5975600000000001]
[1.6191, 1.5241, 1.325, 1.0322, 0.69129, 0.36406, 0.10400000000000001, -0.061989999999999996, -0.13873, -0.15486, -0.14732, -0.14774, -0.17436, -0.23051, -0.306, -0.3841, -0.4487, -0.49077, -0.50503, -0.5008, -0.49208, -0.48886, -0.49241, -0.49922, -0.50342, -0.49816000000000005, -0.48218999999999995, -0.46202, -0.44788, -0.44417, -0.45133, -0.4645, -0.47576999999999997, -0.47346000000000005, -0.45464, -0.42536999999999997, -0.39938, -0.38837, -0.40447, -0.45174, -0.52215, -0.5975600000000001, -0.6613, -0.7023699999999999, -0.71731, -0.71203, -0.69955, -0.69295, -0.6982, -0.71431, -0.73535, -0.75476, -0.76757, -0.7752399999999999, -0.78362, -0.7994899999999999, -0.82504, -0.85872, -0.8952899999999999, -0.92825, -0.95209, -0.966, -0.97336, -0.97914, -0.98755, -1.0011, -1.0197, -1.0395, -1.056]
[1.6366, 1.6191, 1.5241, 1.325, 1.0322, 0.69129, 0.36406, 0.10400000000000001, -0.061989999999999996, -0.13873, -0.15486, -0.14732, -0.14774, -0.17436, -0.23051, -0.306, -0.3841, -0.4487, -0.49077, -0.50503, -0.5008, -0.49208, -0.48886, -0.49241, -0.49922, -0.50342, -0.49816000000000005, -0.48218999999999995, -0.46202, -0.44788, -0.44417, -0.45133, -0.4645, -0.47576999999999997, -0.47346000000000005, -0.45464, -0.42536999999999997, -0.39938, -0.38837, -0.40447, -0.45174, -0.52215, -0.5975600000000001, -0.6613, -0.7023699999999999, -0.71731, -0.71203, -0.69955, -0.69295, -0.6982, -0.71431, -0.73535, -0.75476, -0.76757, -0.7752399999999999, -0.78362, -0.7994899999999999, -0.82504, -0.85872, -0.8952899999999999, -0.92825, -0.95209, -0.966, -0.97336, -0.97914, -0.98755, -1.0011, -1.0197, -1.0395, -1.056]
[0.74255, 1.1218, 1.4634, 1.6030000000000002, 1.5141, 1.2939, 1.0872, 1.0027, 1.0645, 1.2195, 1.3857, 1.5051, 1.5671, 1.5964, 1.6191, 1.6366, 1.6191, 1.5241, 1.325]
[0.95176, 0.82947, 0.11345999999999999, -0.17245, 0.064752, 0.041601, -0.18249, -0.13292, -0.010995999999999999, -0.1001, -0.19915, -0.1268, -0.048191000000000005, -0.074365, -0.15373, -0.20701999999999998, -0.19455999999999998, -0.14338, -0.12595, -0.16215, -0.18286, -0.16989, -0.17434000000000002, -0.2173, -0.26824000000000003, -0.31723, -0.36451, -0.37275, -0.3414, -0.32564, -0.33255999999999997, -0.31132, -0.27751, -0.29152, -0.32716, -0.32857, -0.30366, -0.26721999999999996, -0.21227, -0.19155, -0.24881999999999999, -0.29883000000000004, -0.26916, -0.2364, -0.2728, -0.32116999999999996, -0.34544, -0.38163, -0.40309, -0.359, -0.30435999999999996, -0.31349, -0.35197, -0.37677, -0.41042, -0.44423, -0.4303, -0.38909, -0.38943, -0.42958999999999997, -0.45928, -0.46285, -0.46002, -0.47615, -0.51765, -0.5447, -0.5119, -0.46893, -0.49538999999999994, -0.55102, -0.55215, -0.53577, -0.5685399999999999, -0.5996600000000001, -0.58639, -0.5905699999999999, -0.62835, -0.63232]
[0.32051999999999997, 0.27178, 0.17119, 0.061623000000000004, 0.0068969999999999995, 0.052282, 0.18011, 0.31436, 0.36687, 0.29486999999999997, 0.14261, 0.022418, 0.027919, 0.16415, 0.34624, 0.45808000000000004, 0.45011999999999996, 0.38828, 0.39585, 0.54824, 0.8075, 1.0442, 1.1412, 1.0946, 1.0139, 1.0212, 1.1443, 1.2962, 1.3530000000000002]
[0.24627, 0.24456999999999998, 0.27124000000000004, 0.31064, 0.32051999999999997, 0.27178, 0.17119, 0.061623000000000004, 0.0068969999999999995, 0.052282, 0.18011, 0.31436, 0.36687, 0.29486999999999997, 0.14261, 0.022418, 0.027919, 0.16415, 0.34624, 0.45808000000000004, 0.45011999999999996, 0.38828, 0.39585, 0.54824, 0.8075, 1.0442, 1.1412, 1.0946, 1.0139]
[0.22275999999999999, 0.25577, 0.25726, 0.24627, 0.24456999999999998, 0.27124000000000004, 0.31064, 0.32051999999999997, 0.27178, 0.17119, 0.061623000000000004, 0.0068969999999999995, 0.052282, 0.18011, 0.31436, 0.36687, 0.29486999999999997, 0.14261, 0.022418, 0.027919, 0.16415, 0.34624, 0.45808000000000004, 0.45011999999999996, 0.38828, 0.39585, 0.54824, 0.8075, 1.0442, 1.1412, 1.0946, 1.0139, 1.0212, 1.1443, 1.2962, 1.3530000000000002, 1.2763, 1.1616, 1.1482, 1.2816, 1.4427, 1.4033, 0.99231, 0.24067, -0.62087, -1.3026, -1.6291]
