[-0.35915, -1.0911, -1.0911, -1.0911, -1.0911, -1.0911, -1.0911, -1.0911, -1.0911, -1.0911, -1.0911, -1.0911, -1.0911, -1.0911, -1.0911, -1.0911, -1.0911, -1.0911, -1.0911, -1.0911, -1.0911, -1.0911, -1.0911, -1.0911, -1.0911, -1.0911, -1.0911, -1.0911, -1.0911]
[1.3529, 1.2734, 1.3229, 1.3312, 1.2923, 1.3265, 1.4313]
[0.8880299999999999, 1.1229, 1.3285, 1.3559999999999999, 1.3252, 1.3209, 1.3887, 1.3505, 1.3457, 1.3215, 1.365, 1.2868, 1.0153, 0.7577, 0.49713999999999997, 0.25219, 0.032912000000000004]
[1.2534, 1.3608, 1.2891, 1.2325, 1.2605, 1.3174, 1.2996, 1.2555, 1.3042, 1.3719]
[0.24243, 0.56765, 0.8861899999999999, 1.2084, 1.4841, 1.4519, 1.3621, 1.2944, 1.3929, 1.5216, 1.5781, 1.4997, 1.2173, 1.0254, 0.73275, 0.38265, 0.053237, -0.25966999999999996]
[0.32957, 0.028442000000000002, -0.24718, -0.50468, -0.6854100000000001, -0.65374, -0.44373, -0.2595, -0.20198, -0.32199, -0.48146000000000005, -0.64483, -0.85614, -1.0184, -1.171, -1.3059, -1.4902, -1.5091, -1.3035, -1.1547, -0.9972799999999999, -0.79469]
[-0.10465, 0.24140999999999999, 0.5617300000000001, 0.9315700000000001, 1.2329, 1.4534, 1.4052, 1.4008]
[0.38359, 0.022867, -0.28341, -0.53719, -0.76503, -0.35619, -0.39926]
[-1.4216, -1.3949, -1.2402, -1.0259, -0.8752200000000001, -0.67667]
[1.4076, 1.5138, 1.4313, 1.379, 1.3558, 1.3715, 1.4302]
[1.3809, 1.4301, 1.5115, 1.3693, 1.329, 1.4292, 1.5337, 1.249]
[-0.2595, -0.20198, -0.32199, -0.48146000000000005, -0.64483, -0.85614, -1.0184, -1.171, -1.3059, -1.4902, -1.5091, -1.3035, -1.1547, -0.9972799999999999, -0.79469, -0.6454, -0.55213, -0.65508, -0.78274, -0.97073, -1.1794, -1.3787, -1.5018]
[-0.63684, -0.6141800000000001, -0.41603999999999997, -0.20761, 0.095368, 0.36668, 0.64707]
[1.4609999999999999, 1.1914, 0.86041, 0.54874, 0.23410999999999998, -0.047616000000000006]
[1.3936, 1.5719, 1.4794, 1.4185, 1.4358, 1.4665]
[-0.77447, -0.91766, -0.81901, -0.59296, -0.31840999999999997, -0.035816, 0.27448, 0.5962, 0.86775, 1.1989, 1.5130000000000001, 1.4813, 1.2883, 1.2884, 1.2673, 1.3458]
[-0.61641, -0.5332399999999999, -0.43905, -0.19135, 0.080454]
[1.1256, 1.4039, 1.5507, 1.5406, 1.3584, 1.2507]
[-0.88126, -1.0541, -1.234, -1.4012, -1.5412, -1.5358, -1.3840000000000001, -1.2232, -1.0534, -0.8986700000000001, -0.75313, -0.6243]
[-0.60516, -0.41644, -0.14199, 0.15450999999999998, 0.41863999999999996, 0.71222]
[0.68648, 0.96625, 1.2059, 1.4918, 1.5462, 1.4922, 1.389, 1.3424, 1.3537, 1.3754, 1.4615, 1.5865, 1.5917, 1.3329, 1.0208, 0.71687]
[-0.15802, 0.062722, 0.33394, 0.6129, 0.90274, 1.1922]
[1.1969, 1.2103, 1.2763, 1.3648, 1.5719, 1.5343, 1.3727, 1.1785]
[1.5047, 1.3785, 1.1106, 0.84604, 0.55013, 0.30434, 0.057094000000000006, -0.12691, -0.30529, -0.65222, -0.73974, -0.86844, -1.0002, -1.1313, -1.2697, -1.4007, -1.4917, -1.4836, -1.3741]
[0.8480200000000001, 1.167, 1.4638, 1.6068, 1.6735, 1.5677, 1.3881, 1.1834, 1.0286, 0.91281, 0.9865200000000001, 1.0664, 1.1329, 1.3473, 1.4997, 1.4872, 1.2004, 0.91866]
[0.40415999999999996, 0.11803, -0.13045, -0.37394, -0.5455300000000001, -0.64064, -0.70745, -0.87372, -0.9969399999999999]
[-0.25028, -0.17625, 0.054314999999999995, 0.24981, 0.39781, 0.57768, 0.78641, 1.0176, 1.1831, 1.262, 1.2521, 1.2856, 1.2585, 1.1501, 1.0042]
