[-0.4123, -1.0646, -1.0646, -1.0646, -1.0646, -1.0646, -1.0646, -1.0646, -1.0646, -1.0646]
[-0.27108000000000004, -0.4123, -1.0646, -1.0646, -1.0646, -1.0646, -1.0646, -1.0646, -1.0646, -1.0646]
[-0.060020000000000004, -0.27108000000000004, -0.4123, -1.0646, -1.0646, -1.0646, -1.0646, -1.0646, -1.0646, -1.0646, -1.0646]
[0.18445999999999999, -0.060020000000000004, -0.27108000000000004, -0.4123, -1.0646, -1.0646, -1.0646, -1.0646, -1.0646, -1.0646, -1.0646, -1.0646]
[-1.0646, -1.0646, -1.0646, -1.0646, -1.0646]
[-1.0646, -1.0646, -1.0646, -1.0646, -1.0646]
[-1.0646, -1.0646, -1.0646, -1.0646, -1.0646]
[-1.0646, -1.0646, -1.0646, -1.0646, -1.0646]
[0.077609, -0.16005, -0.33729000000000003, -1.0926, -1.0926, -1.0926, -1.0926, -1.0926, -1.0926, -1.0926, -1.0926]
[0.32747, 0.077609, -0.16005, -0.33729000000000003, -1.0926, -1.0926, -1.0926, -1.0926, -1.0926, -1.0926, -1.0926, -1.0926]
[-1.0926, -1.0926, -1.0926, -1.0926, -1.0926, -1.0926, -1.0926, -1.0926, -1.0926, -1.0926, -1.0926, -1.0926, -1.0926, -1.0926, -1.0926, -1.0926]
[-1.1065, -1.1065, -1.1065, -1.1065, -1.1065, -1.1065, -1.1065, -1.1065, -1.1065, -1.1065, -1.1065, -1.1065, -1.1065, -1.1065, -1.1065, -1.1065, -1.1065, -1.1065, -1.1065, -1.1065, -1.1065, -1.1065, -1.1065, -1.1065]
[-0.32971, -1.1065, -1.1065, -1.1065, -1.1065, -1.1065, -1.1065, -1.1065, -1.1065, -1.1065, -1.1065, -1.1065, -1.1065, -1.1065, -1.1065, -1.1065, -1.1065, -1.1065, -1.1065, -1.1065, -1.1065, -1.1065, -1.1065, -1.1065, -1.1065, -1.1065]
[-1.0942, -1.0942, -1.0942, -1.0942, -1.0942, -1.0942, -1.0942, -1.0942, -1.0942, -1.0942, -1.0942, -1.0942, -1.0942, -1.0942, -1.0942, -1.0942, -1.0942, -1.0942, -1.0942, -1.0942, -1.0942, -1.0942, -1.0942, -1.0942]
[-0.29764, -1.0942, -1.0942, -1.0942, -1.0942, -1.0942, -1.0942, -1.0942, -1.0942, -1.0942, -1.0942, -1.0942, -1.0942, -1.0942, -1.0942, -1.0942, -1.0942, -1.0942, -1.0942, -1.0942, -1.0942, -1.0942, -1.0942, -1.0942, -1.0942, -1.0942]
[-0.12462999999999999, -0.29764, -1.0942, -1.0942, -1.0942, -1.0942, -1.0942, -1.0942, -1.0942, -1.0942, -1.0942, -1.0942, -1.0942, -1.0942, -1.0942, -1.0942, -1.0942, -1.0942, -1.0942, -1.0942, -1.0942, -1.0942, -1.0942, -1.0942, -1.0942, -1.0942]
[-1.0771, -1.0771, -1.0771, -1.0771, -1.0771, -1.0771, -1.0771, -1.0771, -1.0771, -1.0771, -1.0771, -1.0771, -1.0771, -1.0771, -1.0771, -1.0771, -1.0771, -1.0771, -1.0771, -1.0771, -1.0771, -1.0771, -1.0771, -1.0771]
[-0.38619000000000003, -1.0771, -1.0771, -1.0771, -1.0771, -1.0771, -1.0771, -1.0771, -1.0771, -1.0771, -1.0771, -1.0771, -1.0771, -1.0771, -1.0771, -1.0771, -1.0771, -1.0771, -1.0771, -1.0771, -1.0771, -1.0771, -1.0771, -1.0771, -1.0771, -1.0771]
[-0.22291, -0.38619000000000003, -1.0771, -1.0771, -1.0771, -1.0771, -1.0771, -1.0771, -1.0771, -1.0771, -1.0771, -1.0771, -1.0771, -1.0771, -1.0771, -1.0771, -1.0771, -1.0771, -1.0771, -1.0771, -1.0771, -1.0771, -1.0771, -1.0771, -1.0771, -1.0771]
[-1.1, -1.1, -1.1, -1.1, -1.1, -1.1, -1.1, -1.1, -1.1, -1.1, -1.1, -1.1, -1.1, -1.1, -1.1, -1.1, -1.1, -1.1, -1.1, -1.1, -1.1, -1.1, -1.1, -1.1]
[-0.32456, -1.1, -1.1, -1.1, -1.1, -1.1, -1.1, -1.1, -1.1, -1.1, -1.1, -1.1, -1.1, -1.1, -1.1, -1.1, -1.1, -1.1, -1.1, -1.1, -1.1, -1.1, -1.1, -1.1, -1.1, -1.1]
[-0.15891, -0.32456, -1.1, -1.1, -1.1, -1.1, -1.1, -1.1, -1.1, -1.1, -1.1, -1.1, -1.1, -1.1, -1.1, -1.1, -1.1, -1.1, -1.1, -1.1, -1.1, -1.1, -1.1, -1.1, -1.1, -1.1]
[-1.0785, -1.0785, -1.0785, -1.0785, -1.0785, -1.0785, -1.0785, -1.0785, -1.0785, -1.0785, -1.0785, -1.0785, -1.0785, -1.0785, -1.0785, -1.0785, -1.0785, -1.0785, -1.0785, -1.0785, -1.0785, -1.0785, -1.0785, -1.0785]
[-0.37979, -1.0785, -1.0785, -1.0785, -1.0785, -1.0785, -1.0785, -1.0785, -1.0785, -1.0785, -1.0785, -1.0785, -1.0785, -1.0785, -1.0785, -1.0785, -1.0785, -1.0785, -1.0785, -1.0785, -1.0785, -1.0785, -1.0785, -1.0785, -1.0785, -1.0785]
[-1.1016, -1.1016, -1.1016, -1.1016, -1.1016, -1.1016, -1.1016, -1.1016, -1.1016, -1.1016, -1.1016, -1.1016, -1.1016, -1.1016, -1.1016, -1.1016, -1.1016, -1.1016, -1.1016, -1.1016, -1.1016, -1.1016, -1.1016, -1.1016]
[-0.29965, -1.1016, -1.1016, -1.1016, -1.1016, -1.1016, -1.1016, -1.1016, -1.1016, -1.1016, -1.1016, -1.1016, -1.1016, -1.1016, -1.1016, -1.1016, -1.1016, -1.1016, -1.1016, -1.1016, -1.1016, -1.1016, -1.1016, -1.1016, -1.1016, -1.1016]
[-0.12188, -0.29965, -1.1016, -1.1016, -1.1016, -1.1016, -1.1016, -1.1016, -1.1016, -1.1016, -1.1016, -1.1016, -1.1016, -1.1016, -1.1016, -1.1016, -1.1016, -1.1016, -1.1016, -1.1016, -1.1016, -1.1016, -1.1016, -1.1016, -1.1016, -1.1016]
[-0.43556999999999996, -1.0685, -1.0685, -1.0685, -1.0685, -1.0685, -1.0685, -1.0685, -1.0685, -1.0685, -1.0685, -1.0685, -1.0685, -1.0685, -1.0685, -1.0685, -1.0685, -1.0685, -1.0685, -1.0685, -1.0685, -1.0685, -1.0685, -1.0685, -1.0685, -1.0685]
[-0.34449, -1.0914, -1.0914, -1.0914, -1.0914, -1.0914, -1.0914, -1.0914, -1.0914, -1.0914, -1.0914, -1.0914, -1.0914, -1.0914, -1.0914, -1.0914, -1.0914, -1.0914, -1.0914, -1.0914, -1.0914, -1.0914, -1.0914, -1.0914, -1.0914, -1.0914]
[-0.16689, -0.34449, -1.0914, -1.0914, -1.0914, -1.0914, -1.0914, -1.0914, -1.0914, -1.0914, -1.0914, -1.0914, -1.0914, -1.0914, -1.0914, -1.0914, -1.0914, -1.0914, -1.0914, -1.0914, -1.0914, -1.0914, -1.0914, -1.0914, -1.0914, -1.0914]
[-0.24941999999999998, -1.1006, -1.1006, -1.1006, -1.1006, -1.1006, -1.1006, -1.1006, -1.1006, -1.1006, -1.1006, -1.1006, -1.1006, -1.1006, -1.1006, -1.1006, -1.1006, -1.1006, -1.1006, -1.1006, -1.1006, -1.1006, -1.1006, -1.1006, -1.1006, -1.1006]
[-0.4303, -1.0607, -1.0607, -1.0607, -1.0607, -1.0607, -1.0607, -1.0607, -1.0607, -1.0607, -1.0607, -1.0607, -1.0607, -1.0607, -1.0607, -1.0607, -1.0607, -1.0607, -1.0607, -1.0607, -1.0607, -1.0607, -1.0607, -1.0607, -1.0607, -1.0607]
[-0.33723000000000003, -1.0861, -1.0861, -1.0861, -1.0861, -1.0861, -1.0861, -1.0861, -1.0861, -1.0861, -1.0861, -1.0861, -1.0861, -1.0861, -1.0861, -1.0861, -1.0861, -1.0861, -1.0861, -1.0861, -1.0861, -1.0861, -1.0861, -1.0861, -1.0861, -1.0861]
[-0.42225, -1.0793, -1.0793, -1.0793, -1.0793, -1.0793, -1.0793, -1.0793, -1.0793, -1.0793, -1.0793, -1.0793, -1.0793, -1.0793, -1.0793, -1.0793, -1.0793, -1.0793, -1.0793, -1.0793, -1.0793, -1.0793, -1.0793, -1.0793, -1.0793, -1.0793]
[-0.30166, -1.1015, -1.1015, -1.1015, -1.1015, -1.1015, -1.1015, -1.1015, -1.1015, -1.1015, -1.1015, -1.1015, -1.1015, -1.1015, -1.1015, -1.1015, -1.1015, -1.1015, -1.1015, -1.1015, -1.1015, -1.1015, -1.1015, -1.1015, -1.1015, -1.1015]
[-0.30585, -1.1061, -1.1061, -1.1061, -1.1061, -1.1061, -1.1061, -1.1061, -1.1061, -1.1061, -1.1061, -1.1061, -1.1061, -1.1061, -1.1061, -1.1061, -1.1061, -1.1061, -1.1061, -1.1061, -1.1061, -1.1061, -1.1061, -1.1061, -1.1061, -1.1061]
[-0.44183, -1.0718, -1.0718, -1.0718, -1.0718, -1.0718, -1.0718, -1.0718, -1.0718, -1.0718, -1.0718, -1.0718, -1.0718, -1.0718, -1.0718, -1.0718, -1.0718, -1.0718, -1.0718, -1.0718, -1.0718, -1.0718, -1.0718, -1.0718, -1.0718, -1.0718]
[-0.34844, -1.091, -1.091, -1.091, -1.091, -1.091, -1.091, -1.091, -1.091, -1.091, -1.091, -1.091, -1.091, -1.091, -1.091, -1.091, -1.091, -1.091, -1.091, -1.091, -1.091, -1.091, -1.091, -1.091, -1.091, -1.091]
[-0.28695, -1.0589, -1.0589, -1.0589, -1.0589, -1.0589, -1.0589, -1.0589, -1.0589, -1.0589, -1.0589, -1.0589, -1.0589, -1.0589, -1.0589, -1.0589, -1.0589, -1.0589, -1.0589, -1.0589, -1.0589, -1.0589, -1.0589, -1.0589, -1.0589, -1.0589]
[-0.41561000000000003, -1.0697, -1.0697, -1.0697, -1.0697, -1.0697, -1.0697, -1.0697, -1.0697, -1.0697, -1.0697, -1.0697, -1.0697, -1.0697, -1.0697, -1.0697, -1.0697, -1.0697, -1.0697, -1.0697, -1.0697, -1.0697, -1.0697, -1.0697, -1.0697, -1.0697]
