[-0.4123, -1.0646, -1.0646, -1.0646, -1.0646, -1.0646, -1.0646, -1.0646, -1.0646, -1.0646]
[-0.25067, -0.07629, 0.13380999999999998, 0.35186, 0.59551, 0.82676, 1.0579]
[0.48963999999999996, 0.72895, 0.9492799999999999, 1.168, 1.3906, 1.4744, 1.3529, 1.2734, 1.3229, 1.3312, 1.2923, 1.3265, 1.4313, 1.3028, 1.113, 0.9605600000000001]
[-0.045301999999999995, 0.20511999999999997, 0.46253999999999995, 0.70702, 0.97072, 1.1937]
[0.67475, 0.89692, 1.1048, 1.3246, 1.3528, 1.2752, 1.2733, 1.3044, 1.3801, 1.3949, 1.2798, 1.2587, 1.3563, 1.1627, 0.9692799999999999, 0.80188]
[-0.10322, 0.09790599999999999, 0.31525, 0.54955, 0.78304, 0.92611, 1.1577, 1.3423, 1.411, 1.2976, 1.2763, 1.3496, 1.3838, 1.3242, 1.3466, 1.4261]
[-1.0662, -1.0662, -1.0662, -1.0662, -1.0662, -1.0662, -1.0662, -1.0662, -1.0662, -1.0662, -1.0662, -1.0662, -1.0662, -1.0662, -1.0662, -1.0662, -1.0662, -1.0662, -1.0662]
[-1.0791, -1.0791, -1.0791, -1.0791, -1.0791, -1.0791, -1.0791, -1.0791, -1.0791, -1.0791, -1.0791, -1.0791, -1.0791]
[0.028442000000000002, -0.24718, -0.50468, -0.6854100000000001, -0.65374, -0.44373, -0.2595, -0.20198, -0.32199, -0.48146000000000005, -0.64483, -0.85614, -1.0184, -1.171, -1.3059, -1.4902, -1.5091, -1.3035, -1.1547, -0.9972799999999999, -0.79469, -0.6454, -0.55213, -0.65508, -0.78274, -0.97073]
[0.38364000000000004, 0.66846, 0.96496, 1.2865, 1.5213, 1.4119, 1.2777, 1.3121, 1.4108, 1.3975, 1.4323, 1.5726, 1.6004, 1.5807, 1.2657, 1.0008, 0.66177, 0.35844000000000004, 0.11209000000000001, -0.19229000000000002, -0.38911999999999997, -0.58355, -0.44976000000000005, -0.41913999999999996]
[1.3649, 1.4609, 1.1766, 0.94883, 0.64085, 0.29895, 0.019177, -0.24946999999999997, -0.45888, -0.64058, -0.31261]
[1.3615, 1.2647, 1.3786, 1.4276, 1.4398, 1.3896, 1.3122]
[0.23771, 0.5363, 0.84554, 1.163, 1.3914, 1.4386, 1.4779, 1.4215, 1.2849, 1.276]
[1.3914, 1.4386, 1.4779, 1.4215, 1.2849, 1.276, 1.426]
[0.38589, 0.66262, 0.9849100000000001, 1.1898, 1.3283, 1.3375, 1.3119999999999998, 1.3498, 1.3529, 1.3536, 1.1797, 0.98072, 0.6181, 0.3939, 0.08158, -0.2155, -0.49648000000000003, -0.68907, -0.70097, -0.60246, -0.41823, -0.19873, 0.073298, 0.35915, 0.6322300000000001]
[1.3615, 1.2647, 1.3786, 1.4276, 1.4398, 1.3896, 1.3122, 1.3649, 1.4609, 1.1766]
[1.3883, 1.3615, 1.2647, 1.3786, 1.4276, 1.4398, 1.3896, 1.3122, 1.3649, 1.4609]
[-0.31669, -0.59012, -0.7239399999999999, -0.40841, -0.49937, -0.66125]
[-0.14027, 0.10852, 0.39495, 0.67245, 0.9559200000000001]
[-0.41266, -0.58735, -0.58, -0.51463, -0.3088]
[1.4206, 1.4651, 1.4441, 1.508, 1.4803, 1.4949, 1.2874]
[1.4582, 1.4512, 1.5102, 1.4358, 1.3794, 1.4248, 1.5374]
[-0.68855, -0.47121999999999997, -0.21573, 0.067703, 0.3624, 0.66565, 0.98306, 1.258, 1.3292, 1.3651, 1.2129, 1.2496, 1.3378, 1.4268, 1.4332, 1.5495, 1.459]
[-1.1398, -1.3585, -1.5356, -1.4902, -1.3069, -1.1221, -0.9371200000000001, -0.7992600000000001, -0.60629, -0.36898000000000003, -0.24386, -0.35074, -0.52285, -0.7286600000000001, -0.8943399999999999, -1.091]
[1.3863, 1.4565, 1.5017, 1.4324, 1.2376]
[1.3823, 1.3549, 1.3322, 1.3057, 1.3587, 1.3834, 1.4634, 1.4992, 1.3247]
[-1.3052, -1.0773, -0.8568100000000001, -0.62607, -0.51663, -0.56463, -0.73152, -0.95747, -1.2098, -1.3956, -1.4662, -1.4385, -1.3158, -1.2944, -1.1499, -0.9033, -0.80605, -0.6282, -0.40803, -0.17934]
[1.4179, 1.3909, 1.3036, 1.3763, 1.3142, 1.3369, 1.4263, 1.4729]
[-0.24718, -0.50468, -0.6854100000000001, -0.65374, -0.44373, -0.2595, -0.20198, -0.32199, -0.48146000000000005, -0.64483, -0.85614, -1.0184, -1.171, -1.3059, -1.4902, -1.5091, -1.3035, -1.1547, -0.9972799999999999, -0.79469, -0.6454, -0.55213, -0.65508, -0.78274, -0.97073, -1.1794]
[0.75517, 0.44286000000000003, 0.17765, -0.1252, -0.41458999999999996, -0.65987, -0.79138, -0.6924399999999999, -0.51344]
[-0.50108, -0.64549, -0.6713899999999999, -0.57023, -0.35996999999999996]
[-1.2485, -1.1302, -1.0518, -0.9002899999999999, -0.84575, -0.77154, -0.78022, -0.86369, -1.031, -1.0988, -1.2004, -1.2758, -1.351, -1.264, -1.2532, -1.1336, -1.0832, -0.9283399999999999, -0.81921]
[1.5708, 1.5868, 1.4211, 1.3891, 1.4004, 1.4241, 1.5533, 1.4214, 1.1757]
[1.5533, 1.4214, 1.1757, 0.8977, 0.57943]
[1.43, 1.5249, 1.4241, 1.3903, 1.4434]
[-0.36791, -0.65905, -0.8585200000000001, -0.24770999999999999, -0.29273000000000005, -0.46103999999999995]
[1.4891, 1.5309, 1.4592, 1.1968, 1.0073, 0.78532, 0.63256, 0.6862199999999999, 0.43317, 0.11087999999999999, -0.14175, -0.38744, -0.63235, -0.51278, -0.5474600000000001, -0.62922, -0.73931, -0.90827, -1.069, -1.2304, -1.3971, -1.4151]
[-0.62542, -0.5825199999999999, -0.47611000000000003, -0.27005999999999997, -0.01778, 0.16322]
[-0.45742, -0.48845, -0.5574100000000001, -0.46729, -0.30433000000000004, -0.077645, 0.17711, 0.45343, 0.7089, 1.0002, 1.274, 1.3699, 1.4071, 1.349, 1.3814, 1.3441, 1.2092, 1.2946]
[1.6085, 1.3138, 1.0157, 0.70678, 0.40302, 0.10253]
[0.9354100000000001, 0.67891, 0.36302, 0.075683, -0.21975, -0.48489, -0.57635, -0.65325, -0.5787399999999999, -0.38319000000000003, -0.26169000000000003, 0.011766, 0.29057, 0.55477, 0.8555200000000001, 1.1637, 1.4715]
[1.3733, 1.3344, 1.3436, 1.2628, 1.3594, 1.5225]
[1.3332, 1.4989, 1.4669, 1.5147, 1.462, 1.3733, 1.3344, 1.3436, 1.2628, 1.3594, 1.5225, 1.6085, 1.3138]
[-1.1957, -1.0887, -0.9232299999999999, -0.82937, -0.69681, -0.63336, -0.7003699999999999, -0.83534, -0.932, -1.0563, -1.1669, -1.2261, -1.3335, -1.3355, -1.2544, -1.2037, -1.0721, -0.9028, -0.77112, -0.6705899999999999]
[0.097459, -0.17306, -0.42385, -0.5926, -0.61019, -0.70311, -0.82619, -0.94568, -1.0688, -1.175, -1.3021, -1.3232, -1.2646, -1.2072, -1.1425, -1.0338, -0.87902, -0.75861, -0.66864, -0.6668, -0.75855, -0.8409200000000001]
[1.3495, 1.3934, 1.4611, 1.3435, 1.4525]
[-0.41838000000000003, -0.80915, -0.83895, -0.9022700000000001, -0.9593299999999999, -1.073, -1.1406, -1.2298, -1.2604, -1.2975, -1.2069, -1.1813, -1.0544, -0.96911, -0.88561, -0.8411799999999999, -0.8699399999999999, -0.95276, -0.97796, -1.0739, -1.1501]
[1.3449, 1.0165, 0.75662, 0.41908999999999996, 0.086754, -0.15591, -0.36533000000000004]
[1.4025, 1.3696, 1.4156, 1.4017, 1.3955, 1.3879, 1.431]
[1.4428, 1.6415, 1.6537, 1.4477, 1.3498, 1.2972, 1.2046, 1.2797, 1.4201, 1.5314, 1.7223, 1.6084, 1.2439]
[1.102, 1.4258, 1.5256, 1.4698, 1.4783, 1.5254, 1.4277, 1.3264, 1.3973, 1.4216, 1.5694, 1.5865, 1.3049]
[-0.37506999999999996, -0.55669, -0.44188, -0.58205, -0.59839, -0.75149, -0.98174, -1.1709, -1.3657, -1.444, -1.446, -1.2955, -1.1279, -0.9426200000000001, -0.74053, -0.6362300000000001, -0.60893, -0.48149, -0.5868399999999999, -0.7552399999999999, -0.88181]
[1.4351, 1.4753, 1.449, 1.4163, 1.3947, 1.3785, 1.4122, 1.4769, 1.5016, 1.3505]
