[-0.36645, -1.0917, -1.0917, -1.0917, -1.0917, -1.0917, -1.0917, -1.0917, -1.0917, -1.0917, -1.0917, -1.0917, -1.0917, -1.0917, -1.0917, -1.0917, -1.0917, -1.0917, -1.0917, -1.0917, -1.0917, -1.0917, -1.0917, -1.0917, -1.0917, -1.0917, -1.0917, -1.0917, -1.0917]
[-0.19633, -0.36645, -1.0917, -1.0917, -1.0917, -1.0917, -1.0917, -1.0917, -1.0917, -1.0917, -1.0917, -1.0917, -1.0917, -1.0917, -1.0917, -1.0917, -1.0917, -1.0917, -1.0917, -1.0917, -1.0917, -1.0917, -1.0917, -1.0917, -1.0917, -1.0917, -1.0917, -1.0917, -1.0917]
[-0.38923, -1.082, -1.082, -1.082, -1.082, -1.082, -1.082, -1.082, -1.082, -1.082, -1.082, -1.082, -1.082, -1.082, -1.082, -1.082, -1.082, -1.082, -1.082, -1.082, -1.082, -1.082, -1.082, -1.082, -1.082, -1.082, -1.082]
[-0.38155, -1.0853, -1.0853, -1.0853, -1.0853, -1.0853, -1.0853, -1.0853, -1.0853, -1.0853, -1.0853, -1.0853, -1.0853, -1.0853, -1.0853, -1.0853, -1.0853, -1.0853, -1.0853, -1.0853, -1.0853, -1.0853, -1.0853, -1.0853, -1.0853, -1.0853, -1.0853]
[-0.35306, -1.0882, -1.0882, -1.0882, -1.0882, -1.0882, -1.0882, -1.0882, -1.0882, -1.0882, -1.0882, -1.0882, -1.0882, -1.0882, -1.0882, -1.0882, -1.0882, -1.0882, -1.0882, -1.0882, -1.0882, -1.0882, -1.0882, -1.0882, -1.0882, -1.0882, -1.0882]
[-0.32971999999999996, -1.0831, -1.0831, -1.0831, -1.0831, -1.0831, -1.0831, -1.0831, -1.0831, -1.0831, -1.0831, -1.0831, -1.0831, -1.0831, -1.0831, -1.0831, -1.0831, -1.0831, -1.0831, -1.0831, -1.0831, -1.0831, -1.0831, -1.0831, -1.0831, -1.0831, -1.0831]
[-0.1584, -0.32971999999999996, -1.0831, -1.0831, -1.0831, -1.0831, -1.0831, -1.0831, -1.0831, -1.0831, -1.0831, -1.0831, -1.0831, -1.0831, -1.0831, -1.0831, -1.0831, -1.0831, -1.0831, -1.0831, -1.0831, -1.0831, -1.0831, -1.0831, -1.0831, -1.0831, -1.0831]
[-0.38369000000000003, -1.0853, -1.0853, -1.0853, -1.0853, -1.0853, -1.0853, -1.0853, -1.0853, -1.0853, -1.0853, -1.0853, -1.0853, -1.0853, -1.0853, -1.0853, -1.0853, -1.0853, -1.0853]
[-0.28402, -1.1068, -1.1068, -1.1068, -1.1068, -1.1068, -1.1068, -1.1068, -1.1068, -1.1068, -1.1068, -1.1068, -1.1068, -1.1068, -1.1068, -1.1068, -1.1068, -1.1068, -1.1068]
[-0.33286, -1.0867, -1.0867, -1.0867, -1.0867, -1.0867, -1.0867, -1.0867, -1.0867, -1.0867, -1.0867, -1.0867, -1.0867, -1.0867, -1.0867, -1.0867, -1.0867, -1.0867, -1.0867]
[-0.27863000000000004, -1.1022, -1.1022, -1.1022, -1.1022, -1.1022, -1.1022, -1.1022, -1.1022, -1.1022, -1.1022, -1.1022, -1.1022, -1.1022, -1.1022, -1.1022, -1.1022, -1.1022, -1.1022]
[-0.33871999999999997, -1.1064, -1.1064, -1.1064, -1.1064, -1.1064, -1.1064, -1.1064, -1.1064, -1.1064, -1.1064, -1.1064, -1.1064, -1.1064, -1.1064, -1.1064, -1.1064, -1.1064, -1.1064]
[-0.34576999999999997, -1.0791, -1.0791, -1.0791, -1.0791, -1.0791, -1.0791, -1.0791, -1.0791, -1.0791, -1.0791, -1.0791, -1.0791, -1.0791, -1.0791, -1.0791, -1.0791, -1.0791, -1.0791, -1.0791, -1.0791, -1.0791, -1.0791, -1.0791, -1.0791, -1.0791, -1.0791, -1.0791, -1.0791]
[-0.18486, -0.34576999999999997, -1.0791, -1.0791, -1.0791, -1.0791, -1.0791, -1.0791, -1.0791, -1.0791, -1.0791, -1.0791, -1.0791, -1.0791, -1.0791, -1.0791, -1.0791, -1.0791, -1.0791, -1.0791, -1.0791, -1.0791, -1.0791, -1.0791, -1.0791, -1.0791, -1.0791, -1.0791, -1.0791]
[-0.35915, -1.0911, -1.0911, -1.0911, -1.0911, -1.0911, -1.0911, -1.0911, -1.0911, -1.0911, -1.0911, -1.0911, -1.0911, -1.0911, -1.0911, -1.0911, -1.0911, -1.0911, -1.0911, -1.0911, -1.0911, -1.0911, -1.0911, -1.0911, -1.0911, -1.0911, -1.0911, -1.0911, -1.0911]
[-0.15648, -0.35915, -1.0911, -1.0911, -1.0911, -1.0911, -1.0911, -1.0911, -1.0911, -1.0911, -1.0911, -1.0911, -1.0911, -1.0911, -1.0911, -1.0911, -1.0911, -1.0911, -1.0911, -1.0911, -1.0911, -1.0911, -1.0911, -1.0911, -1.0911, -1.0911, -1.0911, -1.0911, -1.0911]
[-0.39905999999999997, -1.0812, -1.0812, -1.0812, -1.0812, -1.0812, -1.0812, -1.0812, -1.0812, -1.0812, -1.0812, -1.0812, -1.0812, -1.0812, -1.0812, -1.0812, -1.0812, -1.0812, -1.0812, -1.0812, -1.0812, -1.0812, -1.0812, -1.0812, -1.0812, -1.0812, -1.0812, -1.0812, -1.0812]
[-0.25069, -0.39905999999999997, -1.0812, -1.0812, -1.0812, -1.0812, -1.0812, -1.0812, -1.0812, -1.0812, -1.0812, -1.0812, -1.0812, -1.0812, -1.0812, -1.0812, -1.0812, -1.0812, -1.0812, -1.0812, -1.0812, -1.0812, -1.0812, -1.0812, -1.0812, -1.0812, -1.0812, -1.0812, -1.0812]
[-0.34360999999999997, -1.0938, -1.0938, -1.0938, -1.0938, -1.0938, -1.0938, -1.0938, -1.0938, -1.0938, -1.0938, -1.0938, -1.0938, -1.0938, -1.0938, -1.0938, -1.0938, -1.0938, -1.0938, -1.0938, -1.0938, -1.0938, -1.0938, -1.0938, -1.0938, -1.0938, -1.0938, -1.0938, -1.0938]
[-0.16583, -0.34360999999999997, -1.0938, -1.0938, -1.0938, -1.0938, -1.0938, -1.0938, -1.0938, -1.0938, -1.0938, -1.0938, -1.0938, -1.0938, -1.0938, -1.0938, -1.0938, -1.0938, -1.0938, -1.0938, -1.0938, -1.0938, -1.0938, -1.0938, -1.0938, -1.0938, -1.0938, -1.0938, -1.0938]
[-0.41718, -1.068, -1.068, -1.068, -1.068, -1.068, -1.068, -1.068, -1.068, -1.068, -1.068, -1.068, -1.068, -1.068, -1.068, -1.068, -1.068, -1.068, -1.068, -1.068, -1.068, -1.068, -1.068, -1.068, -1.068, -1.068, -1.068, -1.068, -1.068]
[-0.25668, -0.41718, -1.068, -1.068, -1.068, -1.068, -1.068, -1.068, -1.068, -1.068, -1.068, -1.068, -1.068, -1.068, -1.068, -1.068, -1.068, -1.068, -1.068, -1.068, -1.068, -1.068, -1.068, -1.068, -1.068, -1.068, -1.068, -1.068, -1.068]
[-0.39615, -1.084, -1.084, -1.084, -1.084, -1.084, -1.084, -1.084, -1.084, -1.084, -1.084, -1.084, -1.084, -1.084, -1.084, -1.084, -1.084, -1.084, -1.084, -1.084, -1.084, -1.084, -1.084, -1.084, -1.084, -1.084, -1.084, -1.084, -1.084]
[-0.24965, -0.39615, -1.084, -1.084, -1.084, -1.084, -1.084, -1.084, -1.084, -1.084, -1.084, -1.084, -1.084, -1.084, -1.084, -1.084, -1.084, -1.084, -1.084, -1.084, -1.084, -1.084, -1.084, -1.084, -1.084, -1.084, -1.084, -1.084, -1.084]
[-0.37001999999999996, -1.093, -1.093, -1.093, -1.093, -1.093, -1.093, -1.093, -1.093, -1.093, -1.093, -1.093, -1.093, -1.093, -1.093, -1.093, -1.093, -1.093, -1.093, -1.093, -1.093, -1.093, -1.093, -1.093, -1.093, -1.093, -1.093, -1.093, -1.093]
[-0.21356999999999998, -0.37001999999999996, -1.093, -1.093, -1.093, -1.093, -1.093, -1.093, -1.093, -1.093, -1.093, -1.093, -1.093, -1.093, -1.093, -1.093, -1.093, -1.093, -1.093, -1.093, -1.093, -1.093, -1.093, -1.093, -1.093, -1.093, -1.093, -1.093, -1.093]
[-0.36327, -1.0964, -1.0964, -1.0964, -1.0964, -1.0964, -1.0964, -1.0964, -1.0964, -1.0964, -1.0964, -1.0964, -1.0964, -1.0964, -1.0964, -1.0964, -1.0964, -1.0964, -1.0964, -1.0964, -1.0964, -1.0964, -1.0964, -1.0964, -1.0964, -1.0964, -1.0964, -1.0964, -1.0964]
[-0.17951, -0.36327, -1.0964, -1.0964, -1.0964, -1.0964, -1.0964, -1.0964, -1.0964, -1.0964, -1.0964, -1.0964, -1.0964, -1.0964, -1.0964, -1.0964, -1.0964, -1.0964, -1.0964, -1.0964, -1.0964, -1.0964, -1.0964, -1.0964, -1.0964, -1.0964, -1.0964, -1.0964, -1.0964]
[-0.25305, -1.1207, -1.1207, -1.1207, -1.1207, -1.1207, -1.1207, -1.1207, -1.1207, -1.1207, -1.1207, -1.1207, -1.1207, -1.1207, -1.1207, -1.1207, -1.1207, -1.1207, -1.1207, -1.1207, -1.1207, -1.1207, -1.1207, -1.1207, -1.1207, -1.1207, -1.1207, -1.1207, -1.1207]
[-0.46157, -1.0695, -1.0695, -1.0695, -1.0695, -1.0695, -1.0695, -1.0695, -1.0695, -1.0695, -1.0695, -1.0695, -1.0695, -1.0695, -1.0695, -1.0695, -1.0695, -1.0695, -1.0695, -1.0695, -1.0695, -1.0695, -1.0695, -1.0695, -1.0695, -1.0695, -1.0695, -1.0695, -1.0695]
[-0.35497, -1.0886, -1.0886, -1.0886, -1.0886, -1.0886, -1.0886, -1.0886, -1.0886, -1.0886, -1.0886, -1.0886, -1.0886, -1.0886, -1.0886, -1.0886, -1.0886, -1.0886, -1.0886, -1.0886, -1.0886, -1.0886, -1.0886, -1.0886, -1.0886, -1.0886, -1.0886, -1.0886, -1.0886]
[-0.18265, -0.35497, -1.0886, -1.0886, -1.0886, -1.0886, -1.0886, -1.0886, -1.0886, -1.0886, -1.0886, -1.0886, -1.0886, -1.0886, -1.0886, -1.0886, -1.0886, -1.0886, -1.0886, -1.0886, -1.0886, -1.0886, -1.0886, -1.0886, -1.0886, -1.0886, -1.0886, -1.0886, -1.0886]
[-0.37023, -1.0862, -1.0862, -1.0862, -1.0862, -1.0862, -1.0862, -1.0862, -1.0862, -1.0862, -1.0862, -1.0862, -1.0862, -1.0862, -1.0862, -1.0862, -1.0862, -1.0862, -1.0862, -1.0862, -1.0862, -1.0862, -1.0862, -1.0862, -1.0862, -1.0862, -1.0862, -1.0862, -1.0862]
[-0.21936999999999998, -0.37023, -1.0862, -1.0862, -1.0862, -1.0862, -1.0862, -1.0862, -1.0862, -1.0862, -1.0862, -1.0862, -1.0862, -1.0862, -1.0862, -1.0862, -1.0862, -1.0862, -1.0862, -1.0862, -1.0862, -1.0862, -1.0862, -1.0862, -1.0862, -1.0862, -1.0862, -1.0862, -1.0862]
[-0.30796999999999997, -1.1028, -1.1028, -1.1028, -1.1028, -1.1028, -1.1028, -1.1028, -1.1028, -1.1028, -1.1028, -1.1028, -1.1028, -1.1028, -1.1028, -1.1028, -1.1028, -1.1028, -1.1028, -1.1028, -1.1028, -1.1028, -1.1028, -1.1028, -1.1028, -1.1028, -1.1028, -1.1028, -1.1028]
[-0.14007, -0.30796999999999997, -1.1028, -1.1028, -1.1028, -1.1028, -1.1028, -1.1028, -1.1028, -1.1028, -1.1028, -1.1028, -1.1028, -1.1028, -1.1028, -1.1028, -1.1028, -1.1028, -1.1028, -1.1028, -1.1028, -1.1028, -1.1028, -1.1028, -1.1028, -1.1028, -1.1028, -1.1028, -1.1028]
[-0.39308000000000004, -1.0787, -1.0787, -1.0787, -1.0787, -1.0787, -1.0787, -1.0787, -1.0787, -1.0787, -1.0787, -1.0787, -1.0787, -1.0787, -1.0787, -1.0787, -1.0787, -1.0787, -1.0787, -1.0787, -1.0787, -1.0787, -1.0787, -1.0787, -1.0787, -1.0787, -1.0787, -1.0787, -1.0787]
[-0.25328, -0.39308000000000004, -1.0787, -1.0787, -1.0787, -1.0787, -1.0787, -1.0787, -1.0787, -1.0787, -1.0787, -1.0787, -1.0787, -1.0787, -1.0787, -1.0787, -1.0787, -1.0787, -1.0787, -1.0787, -1.0787, -1.0787, -1.0787, -1.0787, -1.0787, -1.0787, -1.0787, -1.0787, -1.0787]
[-0.28317, -1.1036, -1.1036, -1.1036, -1.1036, -1.1036, -1.1036, -1.1036, -1.1036, -1.1036, -1.1036, -1.1036, -1.1036, -1.1036, -1.1036, -1.1036, -1.1036, -1.1036, -1.1036, -1.1036, -1.1036, -1.1036, -1.1036, -1.1036, -1.1036, -1.1036, -1.1036, -1.1036, -1.1036]
[-0.11874000000000001, -0.28317, -1.1036, -1.1036, -1.1036, -1.1036, -1.1036, -1.1036, -1.1036, -1.1036, -1.1036, -1.1036, -1.1036, -1.1036, -1.1036, -1.1036, -1.1036, -1.1036, -1.1036, -1.1036, -1.1036, -1.1036, -1.1036, -1.1036, -1.1036, -1.1036, -1.1036, -1.1036, -1.1036]
