[0.8691200000000001, 0.5966100000000001, 0.29749000000000003, 0.034627, -0.21209, -0.47783000000000003, -0.6551100000000001, -0.57193, -0.65446, -0.75273, -0.9254700000000001, -1.0641, -1.218]
[-0.66951, -0.89076, -0.46571, -0.5802, -0.68525, -0.8358700000000001, -0.97957, -1.1226, -1.2785, -1.3764, -1.2841, -1.13, -0.9651, -0.8075399999999999, -0.62892, -0.54055, -0.47948999999999997, -0.47768999999999995, -0.54037]
[-0.04394, -0.35791999999999996, -0.5977, -0.81577, -0.6150399999999999, -0.69287, -0.8327600000000001, -0.94396, -1.0438, -1.0927, -1.0953, -1.1426, -1.1623, -1.1263, -1.0054, -0.9204, -0.84535, -0.75759, -0.6612899999999999, -0.63526]
[1.7197, 1.4434, 1.1136, 0.8057300000000001, 0.51882, 0.19654000000000002, -0.11216, -0.36925, -0.6131, -0.76048, -0.61954, -0.70587, -0.80724, -0.92827, -1.0393, -1.1666, -1.2558, -1.258, -1.1535, -1.0467]
[-1.1529, -1.0774, -0.899, -0.79948, -0.68352, -0.63543, -0.66078, -0.7074600000000001, -0.8024899999999999, -0.97325, -1.1379, -1.2854, -1.3126, -1.2688, -1.1139, -0.93945, -0.7660100000000001, -0.61878, -0.4436, -0.35436, -0.4336]
[-0.2144, 0.075935, 0.3363, 0.6140399999999999, 0.9156200000000001, 1.2025, 1.4918, 1.5623, 1.5017, 1.4631, 1.5229, 1.5433, 1.6332, 1.6869999999999998, 1.4529, 1.1726, 0.8810600000000001, 0.58518, 0.30657, -7.6e-05, -0.32705, -0.60643, -0.8322799999999999, -0.48706000000000005, -0.59148, -0.68711]
[-0.47725, -0.6883100000000001, -0.8574700000000001, -0.8767299999999999, -0.74888, -0.51861, -0.24285, 0.05260499999999999, 0.34268000000000004, 0.6429, 0.9474100000000001, 1.244, 1.5143, 1.5921]
[1.4335, 1.5063, 1.5531, 1.5791, 1.3773, 1.0657, 0.79335, 0.48363999999999996, 0.17687999999999998, -0.1114, -0.40455, -0.6764399999999999, -0.8859299999999999, -0.44501999999999997, -0.55687, -0.70411, -0.8723200000000001, -1.0588]
[-0.7511800000000001, -0.53805, -0.27638, -0.057999, 0.25025, 0.53614, 0.8545799999999999, 1.1102, 1.3858, 1.6019999999999999]
[-0.95719, -0.78971, -0.66069, -0.57832, -0.61301, -0.62227, -0.6714600000000001, -0.71833, -0.85477, -0.9992200000000001, -1.1259, -1.2415, -1.3105, -1.2646, -1.1189, -0.9394899999999999, -0.75274, -0.5874699999999999, -0.45136000000000004, -0.43449]
[1.1694, 1.4836, 1.6314, 1.4407, 1.2782, 1.3422, 1.4334, 1.5277, 1.6132, 1.7081, 1.5107, 1.2078, 0.887]
[-0.27052, 0.001823, 0.30951, 0.63016, 0.88126, 1.1613, 1.4262, 1.5422, 1.5071, 1.5063, 1.5279, 1.379]
[1.4874, 1.4272, 1.5178, 1.5859999999999999, 1.7125, 1.4839, 1.2035, 0.90291, 0.59642, 0.28854, -0.023433000000000002, -0.32931, -0.6203, -0.85929, -0.49538999999999994, -0.62021, -0.79735, -1.0102, -1.1595, -1.2657, -1.3494, -1.2735, -1.1265, -0.96825, -0.8350799999999999, -0.72587, -0.58644, -0.48458999999999997, -0.5355]
[-1.193, -1.0661, -0.9355, -0.89076, -0.83401, -0.73644, -0.6805399999999999, -0.63168, -0.6689, -0.76918, -0.8883700000000001, -1.0189, -1.1278, -1.2345, -1.3425, -1.3037, -1.2136, -1.0471, -0.9006799999999999, -0.7529600000000001]
[-0.25211999999999996, 0.028980000000000002, 0.29236, 0.5904, 0.80713, 1.022, 1.298, 1.486, 1.5395, 1.5546, 1.4980000000000002, 1.2645, 0.9903799999999999, 0.79783, 0.5434]
[1.4968, 1.7298, 1.7266, 1.5925, 1.4561, 1.5124, 1.5756, 1.6227]
[-0.32348000000000005, -0.5976199999999999, -0.78698, -0.6682, -0.7322, -0.81815, -0.9343100000000001, -0.9928, -1.0834, -1.093, -1.1061, -1.0888, -1.0725, -1.0064, -0.92753, -0.8534, -0.76904, -0.69545, -0.60823, -0.61345]
[1.1735, 1.3881, 1.4877, 1.4893, 1.4611, 1.3246, 1.0859999999999999, 0.89718, 0.6845100000000001, 0.38113, 0.22235, 0.030757, -0.21643, -0.4155, -0.5513600000000001]
[-1.2758, -1.3502, -1.2616, -1.1115, -0.94527, -0.78473, -0.6096600000000001, -0.49094, -0.44993999999999995]
[-1.143, -1.1376, -1.159, -1.1259, -1.1609, -1.0507, -0.8823700000000001, -0.66172, -0.6016600000000001, -0.53761, -0.59141, -0.6887800000000001, -0.76637, -0.9481299999999999, -1.1256, -1.2647, -1.3365, -1.258, -1.0713, -0.8963, -0.71109, -0.52593, -0.47305]
[-0.2788, -0.060195000000000005, 0.16455, 0.42266000000000004, 0.68717, 0.9315200000000001, 1.1545, 1.379]
[-1.0323, -1.0323, -1.0323, -1.0323, -1.0323, -1.0323, -1.0323, -1.0323, -1.0323, -1.0323, -1.0323, -1.0323, -1.0323, -1.0323, -1.0323, -1.0323, -1.0323, -1.0323, -1.0323, -1.0323, -1.0323, -1.0323, -1.0323, -1.0323, -1.0323, -1.0323, -1.0323]
[0.531, 0.77098, 1.0062, 1.1796, 1.3975, 1.5464, 1.5943, 1.4965, 1.4095, 1.4891, 1.5098, 1.5383, 1.344, 1.1943, 0.95152, 0.6835399999999999, 0.41184]
