[-0.9421700000000001, -0.8652799999999999, -0.7824399999999999, -0.6955899999999999, -0.73628, -0.80919, -0.90361, -1.0273, -1.1389, -1.2212, -1.297, -1.2576, -1.1547]
[-1.0445, -0.9421700000000001, -0.8652799999999999, -0.7824399999999999, -0.6955899999999999, -0.73628, -0.80919, -0.90361, -1.0273, -1.1389, -1.2212, -1.297, -1.2576, -1.1547, -1.1026]
[-1.0318, -1.0318, -1.0318, -1.0318, -1.0318, -1.0318, -1.0318, -1.0318, -1.0318, -1.0318, -1.0318, -1.0318, -1.0318, -1.0318, -1.0318, -1.0318, -1.0318, -1.0318, -1.0318, -1.0318, -1.0318, -1.0318, -1.0318, -1.0318]
[-0.56777, -1.0318, -1.0318, -1.0318, -1.0318, -1.0318, -1.0318, -1.0318, -1.0318, -1.0318, -1.0318, -1.0318, -1.0318, -1.0318, -1.0318, -1.0318, -1.0318, -1.0318, -1.0318, -1.0318, -1.0318, -1.0318, -1.0318, -1.0318, -1.0318, -1.0318, -1.0318, -1.0318, -1.0318]
[-0.43371000000000004, -1.0648, -1.0648, -1.0648, -1.0648, -1.0648, -1.0648, -1.0648, -1.0648, -1.0648, -1.0648, -1.0648, -1.0648, -1.0648, -1.0648, -1.0648, -1.0648, -1.0648, -1.0648, -1.0648, -1.0648, -1.0648, -1.0648, -1.0648, -1.0648, -1.0648, -1.0648]
[-0.44751, -1.0444, -1.0444, -1.0444, -1.0444, -1.0444, -1.0444, -1.0444, -1.0444, -1.0444, -1.0444, -1.0444, -1.0444, -1.0444, -1.0444, -1.0444, -1.0444, -1.0444, -1.0444, -1.0444, -1.0444, -1.0444, -1.0444, -1.0444, -1.0444, -1.0444, -1.0444]
[-1.0471, -1.0471, -1.0471, -1.0471, -1.0471, -1.0471, -1.0471, -1.0471, -1.0471, -1.0471, -1.0471, -1.0471, -1.0471, -1.0471, -1.0471, -1.0471, -1.0471, -1.0471, -1.0471, -1.0471, -1.0471, -1.0471, -1.0471, -1.0471]
[-0.5030600000000001, -1.0471, -1.0471, -1.0471, -1.0471, -1.0471, -1.0471, -1.0471, -1.0471, -1.0471, -1.0471, -1.0471, -1.0471, -1.0471, -1.0471, -1.0471, -1.0471, -1.0471, -1.0471, -1.0471, -1.0471, -1.0471, -1.0471, -1.0471, -1.0471, -1.0471, -1.0471, -1.0471, -1.0471]
[-0.30638000000000004, -0.5030600000000001, -1.0471, -1.0471, -1.0471, -1.0471, -1.0471, -1.0471, -1.0471, -1.0471, -1.0471, -1.0471, -1.0471, -1.0471, -1.0471, -1.0471, -1.0471, -1.0471, -1.0471, -1.0471, -1.0471, -1.0471, -1.0471, -1.0471, -1.0471, -1.0471, -1.0471, -1.0471, -1.0471]
[-0.43868, -1.0677, -1.0677, -1.0677, -1.0677, -1.0677, -1.0677, -1.0677, -1.0677, -1.0677, -1.0677, -1.0677, -1.0677, -1.0677, -1.0677, -1.0677, -1.0677, -1.0677, -1.0677, -1.0677, -1.0677, -1.0677, -1.0677, -1.0677, -1.0677, -1.0677, -1.0677]
[-1.0271, -1.0271, -1.0271, -1.0271, -1.0271, -1.0271, -1.0271, -1.0271, -1.0271, -1.0271, -1.0271, -1.0271, -1.0271, -1.0271, -1.0271, -1.0271, -1.0271, -1.0271, -1.0271, -1.0271, -1.0271, -1.0271, -1.0271, -1.0271]
[-0.5443600000000001, -1.0271, -1.0271, -1.0271, -1.0271, -1.0271, -1.0271, -1.0271, -1.0271, -1.0271, -1.0271, -1.0271, -1.0271, -1.0271, -1.0271, -1.0271, -1.0271, -1.0271, -1.0271, -1.0271, -1.0271, -1.0271, -1.0271, -1.0271, -1.0271, -1.0271, -1.0271, -1.0271, -1.0271]
[-0.34854, -0.5443600000000001, -1.0271, -1.0271, -1.0271, -1.0271, -1.0271, -1.0271, -1.0271, -1.0271, -1.0271, -1.0271, -1.0271, -1.0271, -1.0271, -1.0271, -1.0271, -1.0271, -1.0271, -1.0271, -1.0271, -1.0271, -1.0271, -1.0271, -1.0271, -1.0271, -1.0271, -1.0271, -1.0271]
[-1.0329, -1.0329, -1.0329, -1.0329, -1.0329, -1.0329, -1.0329, -1.0329, -1.0329, -1.0329, -1.0329, -1.0329, -1.0329, -1.0329, -1.0329, -1.0329, -1.0329, -1.0329, -1.0329, -1.0329, -1.0329, -1.0329, -1.0329, -1.0329]
[-0.5551, -1.0329, -1.0329, -1.0329, -1.0329, -1.0329, -1.0329, -1.0329, -1.0329, -1.0329, -1.0329, -1.0329, -1.0329, -1.0329, -1.0329, -1.0329, -1.0329, -1.0329, -1.0329, -1.0329, -1.0329, -1.0329, -1.0329, -1.0329, -1.0329, -1.0329, -1.0329, -1.0329, -1.0329]
[-0.5058600000000001, -1.0415, -1.0415, -1.0415, -1.0415, -1.0415, -1.0415, -1.0415, -1.0415, -1.0415, -1.0415, -1.0415, -1.0415, -1.0415, -1.0415, -1.0415, -1.0415, -1.0415, -1.0415, -1.0415, -1.0415, -1.0415, -1.0415, -1.0415, -1.0415, -1.0415, -1.0415]
[-0.32224, -0.5058600000000001, -1.0415, -1.0415, -1.0415, -1.0415, -1.0415, -1.0415, -1.0415, -1.0415, -1.0415, -1.0415, -1.0415, -1.0415, -1.0415, -1.0415, -1.0415, -1.0415, -1.0415, -1.0415, -1.0415, -1.0415, -1.0415, -1.0415, -1.0415, -1.0415, -1.0415, -1.0415, -1.0415]
[-0.5412100000000001, -1.0323, -1.0323, -1.0323, -1.0323, -1.0323, -1.0323, -1.0323, -1.0323, -1.0323, -1.0323, -1.0323, -1.0323, -1.0323, -1.0323, -1.0323, -1.0323, -1.0323, -1.0323, -1.0323, -1.0323, -1.0323, -1.0323, -1.0323, -1.0323, -1.0323, -1.0323]
[-0.35534, -0.5412100000000001, -1.0323, -1.0323, -1.0323, -1.0323, -1.0323, -1.0323, -1.0323, -1.0323, -1.0323, -1.0323, -1.0323, -1.0323, -1.0323, -1.0323, -1.0323, -1.0323, -1.0323, -1.0323, -1.0323, -1.0323, -1.0323, -1.0323, -1.0323, -1.0323, -1.0323, -1.0323, -1.0323]
[-0.5049, -1.0353, -1.0353, -1.0353, -1.0353, -1.0353, -1.0353, -1.0353, -1.0353, -1.0353, -1.0353, -1.0353, -1.0353, -1.0353, -1.0353, -1.0353, -1.0353, -1.0353, -1.0353, -1.0353, -1.0353, -1.0353, -1.0353, -1.0353, -1.0353, -1.0353, -1.0353]
[-0.32361, -0.5049, -1.0353, -1.0353, -1.0353, -1.0353, -1.0353, -1.0353, -1.0353, -1.0353, -1.0353, -1.0353, -1.0353, -1.0353, -1.0353, -1.0353, -1.0353, -1.0353, -1.0353, -1.0353, -1.0353, -1.0353, -1.0353, -1.0353, -1.0353, -1.0353, -1.0353, -1.0353, -1.0353]
[-0.55991, -1.0356, -1.0356, -1.0356, -1.0356, -1.0356, -1.0356, -1.0356, -1.0356, -1.0356, -1.0356, -1.0356, -1.0356, -1.0356, -1.0356, -1.0356, -1.0356, -1.0356, -1.0356, -1.0356, -1.0356, -1.0356, -1.0356, -1.0356, -1.0356, -1.0356, -1.0356]
[-0.53738, -1.0379, -1.0379, -1.0379, -1.0379, -1.0379, -1.0379, -1.0379, -1.0379, -1.0379, -1.0379, -1.0379, -1.0379, -1.0379, -1.0379, -1.0379, -1.0379, -1.0379, -1.0379, -1.0379, -1.0379, -1.0379, -1.0379, -1.0379, -1.0379, -1.0379, -1.0379, -1.0379, -1.0379]
[-0.32700999999999997, -0.53738, -1.0379, -1.0379, -1.0379, -1.0379, -1.0379, -1.0379, -1.0379, -1.0379, -1.0379, -1.0379, -1.0379, -1.0379, -1.0379, -1.0379, -1.0379, -1.0379, -1.0379, -1.0379, -1.0379, -1.0379, -1.0379, -1.0379, -1.0379, -1.0379, -1.0379, -1.0379, -1.0379]
[-0.45315, -1.0544, -1.0544, -1.0544, -1.0544, -1.0544, -1.0544, -1.0544, -1.0544, -1.0544, -1.0544, -1.0544, -1.0544, -1.0544, -1.0544, -1.0544, -1.0544, -1.0544, -1.0544, -1.0544, -1.0544, -1.0544, -1.0544, -1.0544, -1.0544, -1.0544, -1.0544, -1.0544, -1.0544]
[-0.57457, -1.026, -1.026, -1.026, -1.026, -1.026, -1.026, -1.026, -1.026, -1.026, -1.026, -1.026, -1.026, -1.026, -1.026, -1.026, -1.026, -1.026, -1.026, -1.026, -1.026, -1.026, -1.026, -1.026, -1.026, -1.026, -1.026]
[-0.48455, -1.0428, -1.0428, -1.0428, -1.0428, -1.0428, -1.0428, -1.0428, -1.0428, -1.0428, -1.0428, -1.0428, -1.0428, -1.0428, -1.0428, -1.0428, -1.0428, -1.0428, -1.0428, -1.0428, -1.0428, -1.0428, -1.0428, -1.0428, -1.0428, -1.0428, -1.0428, -1.0428, -1.0428]
[-0.52554, -1.0313, -1.0313, -1.0313, -1.0313, -1.0313, -1.0313, -1.0313, -1.0313, -1.0313, -1.0313, -1.0313, -1.0313, -1.0313, -1.0313, -1.0313, -1.0313, -1.0313, -1.0313, -1.0313, -1.0313, -1.0313, -1.0313, -1.0313, -1.0313, -1.0313, -1.0313, -1.0313, -1.0313]
[-0.33868000000000004, -0.52554, -1.0313, -1.0313, -1.0313, -1.0313, -1.0313, -1.0313, -1.0313, -1.0313, -1.0313, -1.0313, -1.0313, -1.0313, -1.0313, -1.0313, -1.0313, -1.0313, -1.0313, -1.0313, -1.0313, -1.0313, -1.0313, -1.0313, -1.0313, -1.0313, -1.0313, -1.0313, -1.0313]
[-0.46341000000000004, -1.0487, -1.0487, -1.0487, -1.0487, -1.0487, -1.0487, -1.0487, -1.0487, -1.0487, -1.0487, -1.0487, -1.0487, -1.0487, -1.0487, -1.0487, -1.0487, -1.0487, -1.0487, -1.0487, -1.0487, -1.0487, -1.0487, -1.0487, -1.0487, -1.0487, -1.0487]
[-0.50043, -1.0476, -1.0476, -1.0476, -1.0476, -1.0476, -1.0476, -1.0476, -1.0476, -1.0476, -1.0476, -1.0476, -1.0476, -1.0476, -1.0476, -1.0476, -1.0476, -1.0476, -1.0476, -1.0476, -1.0476, -1.0476, -1.0476, -1.0476, -1.0476, -1.0476, -1.0476]
[-0.29275999999999996, -0.50043, -1.0476, -1.0476, -1.0476, -1.0476, -1.0476, -1.0476, -1.0476, -1.0476, -1.0476, -1.0476, -1.0476, -1.0476, -1.0476, -1.0476, -1.0476, -1.0476, -1.0476, -1.0476, -1.0476, -1.0476, -1.0476, -1.0476, -1.0476, -1.0476, -1.0476, -1.0476, -1.0476]
[-0.54413, -1.0322, -1.0322, -1.0322, -1.0322, -1.0322, -1.0322, -1.0322, -1.0322, -1.0322, -1.0322, -1.0322, -1.0322, -1.0322, -1.0322, -1.0322, -1.0322, -1.0322, -1.0322, -1.0322, -1.0322, -1.0322, -1.0322, -1.0322, -1.0322, -1.0322, -1.0322, -1.0322, -1.0322]
[-0.49773, -1.037, -1.037, -1.037, -1.037, -1.037, -1.037, -1.037, -1.037, -1.037, -1.037, -1.037, -1.037, -1.037, -1.037, -1.037, -1.037, -1.037, -1.037, -1.037, -1.037, -1.037, -1.037, -1.037, -1.037, -1.037, -1.037]
[-0.30904, -0.49773, -1.037, -1.037, -1.037, -1.037, -1.037, -1.037, -1.037, -1.037, -1.037, -1.037, -1.037, -1.037, -1.037, -1.037, -1.037, -1.037, -1.037, -1.037, -1.037, -1.037, -1.037, -1.037, -1.037, -1.037, -1.037, -1.037, -1.037]
[-0.50907, -1.0336, -1.0336, -1.0336, -1.0336, -1.0336, -1.0336, -1.0336, -1.0336, -1.0336, -1.0336, -1.0336, -1.0336, -1.0336, -1.0336, -1.0336, -1.0336, -1.0336, -1.0336, -1.0336, -1.0336, -1.0336, -1.0336, -1.0336, -1.0336, -1.0336]
[-0.53733, -1.0246, -1.0246, -1.0246, -1.0246, -1.0246, -1.0246, -1.0246, -1.0246, -1.0246, -1.0246, -1.0246, -1.0246, -1.0246, -1.0246, -1.0246, -1.0246, -1.0246, -1.0246, -1.0246, -1.0246, -1.0246, -1.0246, -1.0246, -1.0246, -1.0246]
[-0.56665, -1.0217, -1.0217, -1.0217, -1.0217, -1.0217, -1.0217, -1.0217, -1.0217, -1.0217, -1.0217, -1.0217, -1.0217, -1.0217, -1.0217, -1.0217, -1.0217, -1.0217, -1.0217, -1.0217, -1.0217, -1.0217, -1.0217, -1.0217, -1.0217, -1.0217]
[-0.55788, -1.0136, -1.0136, -1.0136, -1.0136, -1.0136, -1.0136, -1.0136, -1.0136, -1.0136, -1.0136, -1.0136, -1.0136, -1.0136, -1.0136, -1.0136, -1.0136, -1.0136, -1.0136, -1.0136, -1.0136, -1.0136, -1.0136, -1.0136, -1.0136, -1.0136]
[-0.5299, -1.0365, -1.0365, -1.0365, -1.0365, -1.0365, -1.0365, -1.0365, -1.0365, -1.0365, -1.0365, -1.0365, -1.0365, -1.0365, -1.0365, -1.0365, -1.0365, -1.0365, -1.0365, -1.0365, -1.0365, -1.0365, -1.0365, -1.0365, -1.0365, -1.0365]
