[0.8691200000000001, 0.5966100000000001, 0.29749000000000003, 0.034627, -0.21209, -0.47783000000000003, -0.6551100000000001, -0.57193, -0.65446, -0.75273, -0.9254700000000001, -1.0641, -1.218]
[1.1623, 0.8691200000000001, 0.5966100000000001, 0.29749000000000003, 0.034627, -0.21209, -0.47783000000000003, -0.6551100000000001, -0.57193, -0.65446, -0.75273, -0.9254700000000001, -1.0641, -1.218, -1.33]
[1.4566, 1.1623, 0.8691200000000001, 0.5966100000000001, 0.29749000000000003, 0.034627, -0.21209, -0.47783000000000003, -0.6551100000000001, -0.57193, -0.65446, -0.75273, -0.9254700000000001, -1.0641, -1.218]
[1.6576, 1.4566, 1.1623, 0.8691200000000001, 0.5966100000000001, 0.29749000000000003, 0.034627, -0.21209, -0.47783000000000003, -0.6551100000000001, -0.57193, -0.65446, -0.75273, -0.9254700000000001, -1.0641]
[-1.033, -1.033, -1.033, -1.033, -1.033, -1.033, -1.033, -1.033, -1.033, -1.033, -1.033, -1.033, -1.033, -1.033, -1.033, -1.033]
[-0.5049, -1.033, -1.033, -1.033, -1.033, -1.033, -1.033, -1.033, -1.033, -1.033, -1.033, -1.033, -1.033, -1.033, -1.033, -1.033, -1.033, -1.033, -1.033, -1.033, -1.033, -1.033, -1.033, -1.033, -1.033, -1.033, -1.033, -1.033, -1.033]
[-1.0457, -1.0457, -1.0457, -1.0457, -1.0457, -1.0457, -1.0457, -1.0457, -1.0457, -1.0457, -1.0457, -1.0457, -1.0457, -1.0457, -1.0457, -1.0457]
[-0.46237, -1.0457, -1.0457, -1.0457, -1.0457, -1.0457, -1.0457, -1.0457, -1.0457, -1.0457, -1.0457, -1.0457, -1.0457, -1.0457, -1.0457, -1.0457, -1.0457, -1.0457, -1.0457, -1.0457, -1.0457, -1.0457, -1.0457, -1.0457, -1.0457, -1.0457, -1.0457, -1.0457, -1.0457]
[-1.0304, -1.0304, -1.0304, -1.0304, -1.0304, -1.0304, -1.0304, -1.0304, -1.0304, -1.0304, -1.0304, -1.0304, -1.0304, -1.0304, -1.0304, -1.0304]
[-0.50057, -1.0304, -1.0304, -1.0304, -1.0304, -1.0304, -1.0304, -1.0304, -1.0304, -1.0304, -1.0304, -1.0304, -1.0304, -1.0304, -1.0304, -1.0304, -1.0304, -1.0304, -1.0304, -1.0304, -1.0304, -1.0304, -1.0304, -1.0304, -1.0304, -1.0304, -1.0304, -1.0304, -1.0304]
[-1.0543, -1.0543, -1.0543, -1.0543, -1.0543, -1.0543, -1.0543, -1.0543, -1.0543, -1.0543, -1.0543, -1.0543, -1.0543, -1.0543, -1.0543, -1.0543]
[-0.46021000000000006, -1.0543, -1.0543, -1.0543, -1.0543, -1.0543, -1.0543, -1.0543, -1.0543, -1.0543, -1.0543, -1.0543, -1.0543, -1.0543, -1.0543, -1.0543, -1.0543, -1.0543, -1.0543, -1.0543, -1.0543, -1.0543, -1.0543, -1.0543, -1.0543, -1.0543, -1.0543, -1.0543, -1.0543]
[-1.0385, -1.0385, -1.0385, -1.0385, -1.0385, -1.0385, -1.0385, -1.0385, -1.0385, -1.0385, -1.0385, -1.0385, -1.0385, -1.0385, -1.0385, -1.0385]
[-0.5161899999999999, -1.0385, -1.0385, -1.0385, -1.0385, -1.0385, -1.0385, -1.0385, -1.0385, -1.0385, -1.0385, -1.0385, -1.0385, -1.0385, -1.0385, -1.0385, -1.0385, -1.0385, -1.0385, -1.0385, -1.0385, -1.0385, -1.0385, -1.0385, -1.0385, -1.0385, -1.0385, -1.0385, -1.0385]
[-1.0428, -1.0428, -1.0428, -1.0428, -1.0428, -1.0428, -1.0428, -1.0428, -1.0428, -1.0428, -1.0428, -1.0428, -1.0428, -1.0428, -1.0428, -1.0428, -1.0428, -1.0428, -1.0428, -1.0428, -1.0428, -1.0428, -1.0428, -1.0428]
[-0.49568, -1.0428, -1.0428, -1.0428, -1.0428, -1.0428, -1.0428, -1.0428, -1.0428, -1.0428, -1.0428, -1.0428, -1.0428, -1.0428, -1.0428, -1.0428, -1.0428, -1.0428, -1.0428, -1.0428, -1.0428, -1.0428, -1.0428, -1.0428, -1.0428, -1.0428, -1.0428, -1.0428, -1.0428]
[-1.0199, -1.0199, -1.0199, -1.0199, -1.0199, -1.0199, -1.0199, -1.0199, -1.0199, -1.0199, -1.0199, -1.0199, -1.0199, -1.0199, -1.0199, -1.0199, -1.0199, -1.0199, -1.0199, -1.0199, -1.0199, -1.0199, -1.0199, -1.0199]
[-0.56225, -1.0199, -1.0199, -1.0199, -1.0199, -1.0199, -1.0199, -1.0199, -1.0199, -1.0199, -1.0199, -1.0199, -1.0199, -1.0199, -1.0199, -1.0199, -1.0199, -1.0199, -1.0199, -1.0199, -1.0199, -1.0199, -1.0199, -1.0199, -1.0199, -1.0199, -1.0199, -1.0199, -1.0199]
[-1.0479, -1.0479, -1.0479, -1.0479, -1.0479, -1.0479, -1.0479, -1.0479, -1.0479, -1.0479, -1.0479, -1.0479, -1.0479, -1.0479, -1.0479, -1.0479, -1.0479, -1.0479, -1.0479, -1.0479, -1.0479, -1.0479, -1.0479, -1.0479]
[-0.5156, -1.0479, -1.0479, -1.0479, -1.0479, -1.0479, -1.0479, -1.0479, -1.0479, -1.0479, -1.0479, -1.0479, -1.0479, -1.0479, -1.0479, -1.0479, -1.0479, -1.0479, -1.0479, -1.0479, -1.0479, -1.0479, -1.0479, -1.0479, -1.0479, -1.0479, -1.0479, -1.0479, -1.0479]
[-1.0251, -1.0251, -1.0251, -1.0251, -1.0251, -1.0251, -1.0251, -1.0251, -1.0251, -1.0251, -1.0251, -1.0251, -1.0251, -1.0251, -1.0251, -1.0251, -1.0251, -1.0251, -1.0251, -1.0251, -1.0251, -1.0251, -1.0251, -1.0251]
[-0.52422, -1.0251, -1.0251, -1.0251, -1.0251, -1.0251, -1.0251, -1.0251, -1.0251, -1.0251, -1.0251, -1.0251, -1.0251, -1.0251, -1.0251, -1.0251, -1.0251, -1.0251, -1.0251, -1.0251, -1.0251, -1.0251, -1.0251, -1.0251, -1.0251, -1.0251, -1.0251, -1.0251, -1.0251]
[-0.3369, -0.52422, -1.0251, -1.0251, -1.0251, -1.0251, -1.0251, -1.0251, -1.0251, -1.0251, -1.0251, -1.0251, -1.0251, -1.0251, -1.0251, -1.0251, -1.0251, -1.0251, -1.0251, -1.0251, -1.0251, -1.0251, -1.0251, -1.0251, -1.0251, -1.0251, -1.0251, -1.0251, -1.0251]
[-0.57355, -1.0116, -1.0116, -1.0116, -1.0116, -1.0116, -1.0116, -1.0116, -1.0116, -1.0116, -1.0116, -1.0116, -1.0116, -1.0116, -1.0116, -1.0116, -1.0116, -1.0116, -1.0116, -1.0116, -1.0116, -1.0116, -1.0116, -1.0116, -1.0116, -1.0116, -1.0116, -1.0116, -1.0116]
[-0.527, -1.0336, -1.0336, -1.0336, -1.0336, -1.0336, -1.0336, -1.0336, -1.0336, -1.0336, -1.0336, -1.0336, -1.0336, -1.0336, -1.0336, -1.0336, -1.0336, -1.0336, -1.0336, -1.0336, -1.0336, -1.0336, -1.0336, -1.0336, -1.0336, -1.0336, -1.0336, -1.0336, -1.0336]
[-0.53483, -1.0398, -1.0398, -1.0398, -1.0398, -1.0398, -1.0398, -1.0398, -1.0398, -1.0398, -1.0398, -1.0398, -1.0398, -1.0398, -1.0398, -1.0398, -1.0398, -1.0398, -1.0398, -1.0398, -1.0398, -1.0398, -1.0398, -1.0398, -1.0398, -1.0398, -1.0398, -1.0398, -1.0398]
[-0.34793, -0.53483, -1.0398, -1.0398, -1.0398, -1.0398, -1.0398, -1.0398, -1.0398, -1.0398, -1.0398, -1.0398, -1.0398, -1.0398, -1.0398, -1.0398, -1.0398, -1.0398, -1.0398, -1.0398, -1.0398, -1.0398, -1.0398, -1.0398, -1.0398, -1.0398, -1.0398, -1.0398, -1.0398]
[-0.47697, -1.0514, -1.0514, -1.0514, -1.0514, -1.0514, -1.0514, -1.0514, -1.0514, -1.0514, -1.0514, -1.0514, -1.0514, -1.0514, -1.0514, -1.0514, -1.0514, -1.0514, -1.0514, -1.0514, -1.0514, -1.0514, -1.0514, -1.0514, -1.0514, -1.0514, -1.0514, -1.0514, -1.0514]
[-0.46643, -1.0484, -1.0484, -1.0484, -1.0484, -1.0484, -1.0484, -1.0484, -1.0484, -1.0484, -1.0484, -1.0484, -1.0484, -1.0484, -1.0484, -1.0484, -1.0484, -1.0484, -1.0484, -1.0484, -1.0484, -1.0484, -1.0484, -1.0484, -1.0484, -1.0484, -1.0484, -1.0484, -1.0484]
[-0.48789, -1.0552, -1.0552, -1.0552, -1.0552, -1.0552, -1.0552, -1.0552, -1.0552, -1.0552, -1.0552, -1.0552, -1.0552, -1.0552, -1.0552, -1.0552, -1.0552, -1.0552, -1.0552, -1.0552, -1.0552, -1.0552, -1.0552, -1.0552, -1.0552, -1.0552, -1.0552, -1.0552, -1.0552]
[-0.50169, -1.0491, -1.0491, -1.0491, -1.0491, -1.0491, -1.0491, -1.0491, -1.0491, -1.0491, -1.0491, -1.0491, -1.0491, -1.0491, -1.0491, -1.0491, -1.0491, -1.0491, -1.0491, -1.0491, -1.0491, -1.0491, -1.0491, -1.0491, -1.0491, -1.0491, -1.0491, -1.0491, -1.0491]
[-0.48838000000000004, -1.0515, -1.0515, -1.0515, -1.0515, -1.0515, -1.0515, -1.0515, -1.0515, -1.0515, -1.0515, -1.0515, -1.0515, -1.0515, -1.0515, -1.0515, -1.0515, -1.0515, -1.0515, -1.0515, -1.0515, -1.0515, -1.0515, -1.0515, -1.0515, -1.0515, -1.0515, -1.0515, -1.0515]
[-0.49737, -1.0506, -1.0506, -1.0506, -1.0506, -1.0506, -1.0506, -1.0506, -1.0506, -1.0506, -1.0506, -1.0506, -1.0506, -1.0506, -1.0506, -1.0506, -1.0506, -1.0506, -1.0506, -1.0506, -1.0506, -1.0506, -1.0506, -1.0506, -1.0506, -1.0506, -1.0506, -1.0506, -1.0506]
[-0.49911000000000005, -1.0418, -1.0418, -1.0418, -1.0418, -1.0418, -1.0418, -1.0418, -1.0418, -1.0418, -1.0418, -1.0418, -1.0418, -1.0418, -1.0418, -1.0418, -1.0418, -1.0418, -1.0418, -1.0418, -1.0418, -1.0418, -1.0418, -1.0418, -1.0418, -1.0418, -1.0418, -1.0418, -1.0418]
[-0.48468999999999995, -1.0385, -1.0385, -1.0385, -1.0385, -1.0385, -1.0385, -1.0385, -1.0385, -1.0385, -1.0385, -1.0385, -1.0385, -1.0385, -1.0385, -1.0385, -1.0385, -1.0385, -1.0385, -1.0385, -1.0385, -1.0385, -1.0385, -1.0385, -1.0385, -1.0385, -1.0385, -1.0385, -1.0385]
[-0.55137, -1.0224, -1.0224, -1.0224, -1.0224, -1.0224, -1.0224, -1.0224, -1.0224, -1.0224, -1.0224, -1.0224, -1.0224, -1.0224, -1.0224, -1.0224, -1.0224, -1.0224, -1.0224, -1.0224, -1.0224, -1.0224, -1.0224, -1.0224, -1.0224, -1.0224, -1.0224]
[-0.50442, -1.0447, -1.0447, -1.0447, -1.0447, -1.0447, -1.0447, -1.0447, -1.0447, -1.0447, -1.0447, -1.0447, -1.0447, -1.0447, -1.0447, -1.0447, -1.0447, -1.0447, -1.0447, -1.0447, -1.0447, -1.0447, -1.0447, -1.0447, -1.0447, -1.0447, -1.0447]
[-0.47418000000000005, -1.0515, -1.0515, -1.0515, -1.0515, -1.0515, -1.0515, -1.0515, -1.0515, -1.0515, -1.0515, -1.0515, -1.0515, -1.0515, -1.0515, -1.0515, -1.0515, -1.0515, -1.0515, -1.0515, -1.0515, -1.0515, -1.0515, -1.0515, -1.0515, -1.0515, -1.0515]
[-0.5132899999999999, -1.0369, -1.0369, -1.0369, -1.0369, -1.0369, -1.0369, -1.0369, -1.0369, -1.0369, -1.0369, -1.0369, -1.0369, -1.0369, -1.0369, -1.0369, -1.0369, -1.0369, -1.0369, -1.0369, -1.0369, -1.0369, -1.0369, -1.0369, -1.0369, -1.0369, -1.0369]
[-0.49572, -1.0436, -1.0436, -1.0436, -1.0436, -1.0436, -1.0436, -1.0436, -1.0436, -1.0436, -1.0436, -1.0436, -1.0436, -1.0436, -1.0436, -1.0436, -1.0436, -1.0436, -1.0436, -1.0436, -1.0436, -1.0436, -1.0436, -1.0436, -1.0436, -1.0436, -1.0436]
