[-0.5058600000000001, -1.0415, -1.0415, -1.0415, -1.0415, -1.0415, -1.0415, -1.0415, -1.0415, -1.0415, -1.0415, -1.0415, -1.0415, -1.0415, -1.0415, -1.0415, -1.0415, -1.0415, -1.0415, -1.0415, -1.0415, -1.0415, -1.0415, -1.0415, -1.0415, -1.0415, -1.0415]
[-0.5443600000000001, -1.0271, -1.0271, -1.0271, -1.0271, -1.0271, -1.0271, -1.0271, -1.0271, -1.0271, -1.0271, -1.0271, -1.0271, -1.0271, -1.0271, -1.0271, -1.0271, -1.0271, -1.0271, -1.0271, -1.0271, -1.0271, -1.0271, -1.0271, -1.0271, -1.0271, -1.0271]
[0.1785, -0.067736, -0.32345, -0.5299, -1.0365, -1.0365, -1.0365, -1.0365, -1.0365, -1.0365, -1.0365, -1.0365, -1.0365, -1.0365, -1.0365, -1.0365, -1.0365, -1.0365]
[-0.5714199999999999, -0.37353000000000003, -0.12485, 0.13883, 0.3775, 0.62092, 0.85745, 1.0832, 1.3130000000000002, 1.5178, 1.6109, 1.5742, 1.4686]
[1.44, 1.6228, 1.6793, 1.5556, 1.4588, 1.4355, 1.5197, 1.609, 1.5101, 1.2544, 1.0713, 0.8358]
[1.2068, 1.4067, 1.5612, 1.5699, 1.4646, 1.3888, 1.4053, 1.4695, 1.5307, 1.3395, 1.0989]
[1.4852, 1.5328, 1.6272, 1.5592, 1.2774, 0.98215, 0.71339, 0.40817, 0.11648, -0.17722000000000002, -0.42186, -0.60093, -0.60959, -0.72275, -0.83552, -1.0102]
[-0.65659, -0.89992, -0.54327, -0.6563, -0.7829, -0.90445, -1.0565, -1.1784, -1.2113, -1.2436, -1.1576, -1.0427, -0.92753, -0.8398100000000001, -0.67816, -0.5533899999999999, -0.5048199999999999, -0.59818, -0.68555]
[1.6019999999999999, 1.3442, 1.0737, 0.79462, 0.5058600000000001, 0.21269000000000002, -0.082582, -0.36763, -0.61916, -0.80175, -0.5434, -0.62442]
[-0.9186799999999999, -0.8203600000000001, -0.72928, -0.62779, -0.57102, -0.61337, -0.7036, -0.78965, -0.93601, -1.0652, -1.1856, -1.2718]
[1.4619, 1.4825, 1.5473, 1.6455, 1.6019999999999999, 1.3442, 1.0737, 0.79462, 0.5058600000000001, 0.21269000000000002, -0.082582, -0.36763, -0.61916, -0.80175]
[0.65891, 0.9739899999999999, 1.2701, 1.5698, 1.6266, 1.5281, 1.5613, 1.5801, 1.4763, 1.2937, 1.0296]
[-0.06316000000000001, -0.34979, -0.58415, -0.71708, -0.5734899999999999, -0.6531600000000001, -0.75134, -0.87498, -0.9647100000000001, -1.1187, -1.1774, -1.2566]
[-0.21625999999999998, 0.053020000000000005, 0.38111999999999996, 0.65437, 0.9082899999999999, 1.2241, 1.4528, 1.565, 1.4932, 1.5392, 1.4559, 1.2402, 0.95501, 0.67828, 0.44995, 0.21674000000000002, -0.10202]
[1.2990000000000002, 1.4852, 1.5402, 1.4637, 1.4672, 1.5243, 1.5108, 1.5808, 1.5979, 1.4189, 1.1261]
[1.5855, 1.469, 1.4569999999999999, 1.5017, 1.5669, 1.745, 1.7231, 1.443, 1.1561, 0.87623, 0.54535, 0.26411, -0.024928, -0.30015, -0.56426, -0.72135, -0.5784, -0.6733]
[-0.80789, -0.74773, -0.57523, -0.35885, -0.092775, 0.16192, 0.43767, 0.70293, 0.9834200000000001, 1.2492, 1.5104, 1.5701, 1.4776, 1.4818, 1.4877, 1.6383, 1.659, 1.6462, 1.7183]
[-1.031, -1.1157, -1.2178, -1.2377, -1.2199, -1.138, -1.1389, -1.0445, -0.9421700000000001, -0.8652799999999999, -0.7824399999999999, -0.6955899999999999, -0.73628, -0.80919, -0.90361]
[-0.20640999999999998, 0.080057, 0.32376, 0.62626, 0.9077, 1.1898, 1.4959, 1.6480000000000001, 1.6723, 1.5179, 1.5069, 1.6528, 1.6658]
[1.1898, 1.4959, 1.6480000000000001, 1.6723, 1.5179, 1.5069, 1.6528, 1.6658, 1.683, 1.6740000000000002, 1.4976]
[-0.75594, -0.9647100000000001, -1.1943, -1.3078, -1.3763, -1.2711, -1.1015, -1.02, -0.9389700000000001, -0.8586299999999999, -0.7699199999999999, -0.6159399999999999, -0.43382, -0.43263999999999997, -0.47889, -0.6006199999999999, -0.81175, -1.0111, -1.2013, -1.3772, -1.4352, -1.2496, -1.0538, -0.8484799999999999, -0.64198, -0.44561000000000006, -0.32327, -0.35865, -0.51586]
[0.6867800000000001, 0.98446, 1.2913, 1.5133, 1.4687, 1.4347, 1.4896, 1.48, 1.577, 1.7485, 1.4661, 1.1645, 0.85688, 0.55569, 0.23653000000000002, -0.07308200000000001, -0.39134]
[0.93315, 1.2022, 1.4585, 1.5334, 1.4864, 1.4688, 1.5365, 1.4006, 1.1697, 0.92645, 0.64017]
[-0.62197, -0.83785, -0.48378000000000004, -0.5674399999999999, -0.7260800000000001, -0.89838, -1.0445, -1.1701, -1.2884, -1.2739, -1.1415, -0.98269, -0.84819, -0.6627, -0.57315, -0.53254, -0.5656800000000001, -0.56858, -0.60831, -0.73031, -0.8696, -1.0172, -1.1727]
[-1.0841, -0.91361, -0.79288, -0.6491399999999999, -0.53832, -0.5508, -0.60551, -0.68462, -0.84178, -1.0051, -1.1424, -1.291, -1.3508, -1.2783, -1.0838, -0.9058299999999999, -0.7136899999999999]
[-1.2446, -1.3128, -1.3539, -1.2039, -1.0841, -0.91361, -0.79288, -0.6491399999999999, -0.53832, -0.5508, -0.60551, -0.68462, -0.84178, -1.0051, -1.1424, -1.291, -1.3508, -1.2783]
[-0.6625300000000001, -0.9090299999999999, -0.56401, -0.49765, -0.45403000000000004, -0.6484800000000001, -0.8024100000000001, -0.98982, -1.143, -1.1376, -1.159, -1.1259, -1.1609, -1.0507, -0.8823700000000001, -0.66172, -0.6016600000000001, -0.53761, -0.59141, -0.6887800000000001, -0.76637, -0.9481299999999999]
[-0.5396, -0.62892, -0.82816, -0.98551, -1.1401, -1.2727, -1.3424, -1.2486, -1.0979, -0.9497, -0.8116800000000001, -0.67878, -0.59845, -0.50695, -0.5249, -0.5385800000000001, -0.63595, -0.78908, -0.94939, -1.101, -1.2438, -1.3225, -1.291, -1.1774, -1.0071, -0.86177, -0.67862, -0.51831, -0.41344]
