[2.1683, 0.25106, -0.38800999999999997, -0.068472, -0.068472, -0.70754, -0.38800999999999997, -0.38800999999999997, -0.068472, -0.38800999999999997, -0.70754, -1.3466, -1.3466, -1.3466, -0.70754, -0.38800999999999997, -0.38800999999999997, -0.068472, 0.25106, 0.5706, 0.25106, 0.25106, 0.25106, 0.25106, -0.068472, 0.25106, 0.25106, 0.5706, 0.5706, 0.5706, 0.25106, 0.25106, -0.068472, 0.25106, -0.068472, 0.8901399999999999, 1.5292, 2.1683, 2.1683, 2.1683, 2.1683, 0.5706, -1.0271, -1.0271, -1.3466, -1.0271, -1.0271]
[1.5292, 2.1683, 0.25106, -0.38800999999999997, -0.068472, -0.068472, -0.70754, -0.38800999999999997, -0.38800999999999997, -0.068472, -0.38800999999999997, -0.70754, -1.3466, -1.3466, -1.3466, -0.70754, -0.38800999999999997, -0.38800999999999997, -0.068472, 0.25106, 0.5706, 0.25106, 0.25106, 0.25106, 0.25106, -0.068472, 0.25106, 0.25106, 0.5706, 0.5706, 0.5706, 0.25106, 0.25106, -0.068472, 0.25106, -0.068472, 0.8901399999999999, 1.5292, 2.1683, 2.1683, 2.1683, 2.1683, 0.5706, -1.0271, -1.0271, -1.3466, -1.0271, -1.0271]
[0.5706, 1.5292, 2.1683, 0.25106, -0.38800999999999997, -0.068472, -0.068472, -0.70754, -0.38800999999999997, -0.38800999999999997, -0.068472, -0.38800999999999997, -0.70754, -1.3466, -1.3466, -1.3466, -0.70754, -0.38800999999999997, -0.38800999999999997, -0.068472, 0.25106, 0.5706, 0.25106, 0.25106, 0.25106, 0.25106, -0.068472, 0.25106, 0.25106, 0.5706, 0.5706, 0.5706, 0.25106, 0.25106, -0.068472, 0.25106, -0.068472, 0.8901399999999999, 1.5292, 2.1683, 2.1683, 2.1683, 2.1683, 0.5706, -1.0271, -1.0271, -1.3466, -1.0271, -1.0271]
[-0.068472, 0.5706, 1.5292, 2.1683, 0.25106, -0.38800999999999997, -0.068472, -0.068472, -0.70754, -0.38800999999999997, -0.38800999999999997, -0.068472, -0.38800999999999997, -0.70754, -1.3466, -1.3466, -1.3466, -0.70754, -0.38800999999999997, -0.38800999999999997, -0.068472, 0.25106, 0.5706, 0.25106, 0.25106, 0.25106, 0.25106, -0.068472, 0.25106, 0.25106, 0.5706, 0.5706, 0.5706, 0.25106, 0.25106, -0.068472, 0.25106, -0.068472, 0.8901399999999999, 1.5292, 2.1683, 2.1683, 2.1683, 2.1683, 0.5706, -1.0271, -1.0271, -1.3466, -1.0271, -1.0271]
[-0.70754, -0.068472, 0.5706, 1.5292, 2.1683, 0.25106, -0.38800999999999997, -0.068472, -0.068472, -0.70754, -0.38800999999999997, -0.38800999999999997, -0.068472, -0.38800999999999997, -0.70754, -1.3466, -1.3466, -1.3466, -0.70754, -0.38800999999999997, -0.38800999999999997, -0.068472, 0.25106, 0.5706, 0.25106, 0.25106, 0.25106, 0.25106, -0.068472, 0.25106, 0.25106, 0.5706, 0.5706, 0.5706, 0.25106, 0.25106, -0.068472, 0.25106, -0.068472, 0.8901399999999999, 1.5292, 2.1683, 2.1683, 2.1683, 2.1683, 0.5706, -1.0271, -1.0271, -1.3466, -1.0271]
[-0.9116299999999999, 0.22284, 1.3573, 0.50646, -1.1953, -2.3297, -2.0461, -0.9116299999999999, -0.34439000000000003, -0.34439000000000003, -0.9116299999999999, -0.9116299999999999, -0.34439000000000003, 0.22284, 0.22284, 0.50646, 0.79008, 0.79008, 0.79008, 0.79008]
[-1.1953, -0.9116299999999999, 0.22284, 1.3573, 0.50646, -1.1953, -2.3297, -2.0461, -0.9116299999999999, -0.34439000000000003, -0.34439000000000003, -0.9116299999999999, -0.9116299999999999, -0.34439000000000003, 0.22284, 0.22284, 0.50646, 0.79008, 0.79008, 0.79008, 0.79008]
[0.50646, -0.6280100000000001, -1.1953, -0.9116299999999999, 0.22284, 1.3573, 0.50646, -1.1953, -2.3297, -2.0461, -0.9116299999999999, -0.34439000000000003, -0.34439000000000003, -0.9116299999999999, -0.9116299999999999, -0.34439000000000003, 0.22284, 0.22284, 0.50646, 0.79008, 0.79008]
[1.9246, 0.50646, -0.6280100000000001, -1.1953, -0.9116299999999999, 0.22284, 1.3573, 0.50646, -1.1953, -2.3297, -2.0461, -0.9116299999999999, -0.34439000000000003, -0.34439000000000003, -0.9116299999999999, -0.9116299999999999, -0.34439000000000003, 0.22284, 0.22284, 0.50646, 0.79008, 0.79008, 0.79008]
[0.79008, 1.0737, 0.79008, 0.50646, 0.22284, 0.22284, -0.34439000000000003, -1.1953, -2.0461, -1.4789, -0.34439000000000003, 0.50646, 0.22284, -1.1953, -2.0461, -1.7625, -1.1953, -0.34439000000000003, 0.50646, 0.79008, 0.50646, 0.22284, -0.060775, -0.060775, -0.060775, -0.34439000000000003, -0.34439000000000003, -0.060775]
[0.22284, -0.060775, 0.79008, 1.0737, 0.79008, 0.50646, 0.22284, 0.22284, -0.34439000000000003, -1.1953, -2.0461, -1.4789, -0.34439000000000003, 0.50646, 0.22284, -1.1953, -2.0461, -1.7625, -1.1953, -0.34439000000000003, 0.50646, 0.79008, 0.50646, 0.22284, -0.060775, -0.060775, -0.060775]
[-0.060775, -0.34439000000000003, 1.9246, 3.6263, 1.9246, 0.50646, -0.6280100000000001, -1.1953, -0.9116299999999999, 0.22284, 1.3573, 0.50646, -1.1953, -2.3297, -2.0461, -0.9116299999999999, -0.34439000000000003, -0.34439000000000003, -0.9116299999999999, -0.9116299999999999, -0.34439000000000003, 0.22284, 0.22284, 0.50646, 0.79008, 0.79008, 0.79008, 0.79008, 0.79008]
[0.22284, 0.22284, -0.060775, 0.79008, 1.0737, 0.79008, 0.50646, 0.22284, 0.22284, -0.34439000000000003, -1.1953, -2.0461, -1.4789, -0.34439000000000003, 0.50646, 0.22284, -1.1953, -2.0461, -1.7625, -1.1953, -0.34439000000000003, 0.50646, 0.79008, 0.50646, 0.22284, -0.060775, -0.060775, -0.060775, -0.34439000000000003, -0.34439000000000003, -0.060775]
[0.22284, 0.22284, 0.22284, -0.060775, 0.79008, 1.0737, 0.79008, 0.50646, 0.22284, 0.22284, -0.34439000000000003, -1.1953, -2.0461, -1.4789, -0.34439000000000003, 0.50646, 0.22284, -1.1953, -2.0461, -1.7625, -1.1953, -0.34439000000000003, 0.50646, 0.79008, 0.50646, 0.22284, -0.060775, -0.060775]
[0.50646, 0.22284, 0.22284, 0.22284, 0.22284, -0.060775, 0.79008, 1.0737, 0.79008, 0.50646, 0.22284, 0.22284, -0.34439000000000003, -1.1953, -2.0461, -1.4789, -0.34439000000000003, 0.50646, 0.22284, -1.1953]
[0.79008, 0.50646, 0.22284, 0.22284, 0.22284, 0.22284, -0.060775, 0.79008, 1.0737, 0.79008, 0.50646, 0.22284, 0.22284, -0.34439000000000003, -1.1953, -2.0461, -1.4789, -0.34439000000000003, 0.50646]
[1.0737, 0.79008, 0.50646, 0.22284, 0.22284, 0.22284, 0.22284, -0.060775, 0.79008, 1.0737, 0.79008, 0.50646, 0.22284, 0.22284, -0.34439000000000003, -1.1953, -2.0461, -1.4789, -0.34439000000000003, 0.50646, 0.22284, -1.1953, -2.0461, -1.7625, -1.1953, -0.34439000000000003, 0.50646, 0.79008, 0.50646, 0.22284, -0.060775, -0.060775, -0.060775, -0.34439000000000003, -0.34439000000000003, -0.060775, 0.22284, 0.22284]
[0.79008, 1.0737, 0.79008, 0.50646, 0.22284, 0.22284, 0.22284, 0.22284, -0.060775, 0.79008, 1.0737, 0.79008, 0.50646, 0.22284, 0.22284, -0.34439000000000003, -1.1953, -2.0461, -1.4789, -0.34439000000000003, 0.50646, 0.22284, -1.1953, -2.0461, -1.7625, -1.1953, -0.34439000000000003, 0.50646, 0.79008, 0.50646, 0.22284, -0.060775, -0.060775, -0.060775, -0.34439000000000003, -0.34439000000000003, -0.060775, 0.22284]
[-0.61116, -1.0813, -2.2566, -2.7267, -1.7865, -0.3761, 0.32908000000000004, 0.7992, 0.56414, 0.094024, -0.3761, -0.14104, -0.14104, 0.094024, 0.094024, 0.094024, 0.094024, 0.094024, 0.32908000000000004, 0.56414, 0.56414, 0.56414, 0.56414, 0.32908000000000004, 0.32908000000000004, 0.56414, 0.32908000000000004, 0.56414, 0.7992, 0.7992, 0.32908000000000004, -0.3761, -0.14104, 1.5044, 1.9745, 1.2693, 0.56414, -0.3761, -1.0813, -0.61116, -0.14104, -0.3761, -1.0813, -2.0215, -2.7267, -2.4916, -1.0813, -0.3761, -0.14104]
[-0.84621, 0.094024, 1.0343, 1.9745, 1.5044, 1.0343, 0.094024, -1.0813, -1.0813, -0.3761, -0.61116, -1.0813, -2.2566, -2.7267, -1.7865, -0.3761, 0.32908000000000004, 0.7992, 0.56414, 0.094024, -0.3761, -0.14104, -0.14104, 0.094024, 0.094024, 0.094024, 0.094024, 0.094024, 0.32908000000000004, 0.56414, 0.56414, 0.56414, 0.56414, 0.32908000000000004, 0.32908000000000004, 0.56414, 0.32908000000000004, 0.56414, 0.7992, 0.7992, 0.32908000000000004, -0.3761, -0.14104, 1.5044, 1.9745, 1.2693, 0.56414, -0.3761, -1.0813, -0.61116]
[-2.0855, -1.0531, -0.6401100000000001, -0.8466, -0.8466, -0.22714, 0.39233, 0.8053, 0.39233, 0.18584, -0.020649, -0.020649, 0.18584, 0.39233, 0.39233, -0.020649, -0.020649, -0.020649, -0.020649, 0.39233, 0.39233, 0.39233, 0.59882, 0.8053, 0.59882, 0.59882, 0.18584, -0.020649, 0.18584, 1.8377, 2.4572, 1.4248, 0.39233]
[0.8053, 1.4248, 1.2183, 1.8377, 1.4248, 0.59882, -0.6401100000000001, -0.8466, -0.8466, -0.43362, -0.43362, -1.2596, -1.879, -2.292, -2.0855, -1.0531, -0.6401100000000001, -0.8466, -0.8466, -0.22714, 0.39233, 0.8053, 0.39233, 0.18584, -0.020649, -0.020649, 0.18584, 0.39233, 0.39233, -0.020649, -0.020649, -0.020649, -0.020649, 0.39233, 0.39233, 0.39233, 0.59882, 0.8053, 0.59882]
[-0.43362, 0.18584, -0.22714, -1.2596, -2.0855, -2.0855, -1.879, -1.0531, -0.43362, -0.22714, -0.22714, -0.020649, 0.39233, 1.0118, 1.0118, 1.0118, 1.0118, 0.59882, 0.59882, 0.39233]
[-1.2596, -0.43362, 0.18584, -0.22714, -1.2596, -2.0855, -2.0855, -1.879, -1.0531, -0.43362, -0.22714, -0.22714, -0.020649, 0.39233, 1.0118, 1.0118, 1.0118, 1.0118, 0.59882, 0.59882]
[-1.2596, -1.2596, -0.43362, 0.18584, -0.22714, -1.2596, -2.0855, -2.0855, -1.879, -1.0531, -0.43362, -0.22714, -0.22714, -0.020649, 0.39233, 1.0118, 1.0118, 1.0118, 1.0118]
[1.4282, 1.075, 1.075, 0.7216899999999999, 0.7216899999999999, 0.36841, 0.36841, 0.36841, 0.01514, 0.01514, -0.33813000000000004, -0.33813000000000004, -0.33813000000000004, 0.01514, -0.33813000000000004, -0.33813000000000004, 0.36841, 0.7216899999999999, 1.075, 1.075, -1.0447, -1.0447, 0.01514, 0.36841, 0.7216899999999999, -0.33813000000000004, -2.1045, -1.7512]
[0.7216899999999999, 1.4282, 1.075, 1.075, 0.7216899999999999, 0.7216899999999999, 0.36841, 0.36841, 0.36841, 0.01514, 0.01514, -0.33813000000000004, -0.33813000000000004, -0.33813000000000004, 0.01514, -0.33813000000000004, -0.33813000000000004, 0.36841, 0.7216899999999999, 1.075, 1.075, -1.0447, -1.0447, 0.01514, 0.36841, 0.7216899999999999, -0.33813000000000004, -2.1045, -1.7512]
[1.075, 0.7216899999999999, 1.4282, 1.075, 1.075, 0.7216899999999999, 0.7216899999999999, 0.36841, 0.36841, 0.36841, 0.01514, 0.01514, -0.33813000000000004, -0.33813000000000004, -0.33813000000000004, 0.01514, -0.33813000000000004, -0.33813000000000004, 0.36841, 0.7216899999999999, 1.075, 1.075, -1.0447, -1.0447, 0.01514, 0.36841, 0.7216899999999999, -0.33813000000000004, -2.1045]
[-1.0447, -0.33813000000000004, -0.33813000000000004, 0.36841, 0.36841, 0.7216899999999999, 1.075, 0.7216899999999999, 1.4282, 1.075, 1.075, 0.7216899999999999, 0.7216899999999999, 0.36841, 0.36841, 0.36841, 0.01514, 0.01514, -0.33813000000000004, -0.33813000000000004, -0.33813000000000004, 0.01514, -0.33813000000000004, -0.33813000000000004, 0.36841, 0.7216899999999999, 1.075, 1.075, -1.0447, -1.0447, 0.01514, 0.36841, 0.7216899999999999, -0.33813000000000004, -2.1045, -1.7512, -1.7512, -2.4578]
[-1.7512, -1.0447, -0.33813000000000004, -0.33813000000000004, 0.36841, 0.36841, 0.7216899999999999, 1.075, 0.7216899999999999, 1.4282, 1.075, 1.075, 0.7216899999999999, 0.7216899999999999, 0.36841, 0.36841, 0.36841, 0.01514, 0.01514, -0.33813000000000004, -0.33813000000000004, -0.33813000000000004, 0.01514, -0.33813000000000004, -0.33813000000000004, 0.36841, 0.7216899999999999, 1.075, 1.075, -1.0447, -1.0447, 0.01514, 0.36841, 0.7216899999999999, -0.33813000000000004, -2.1045, -1.7512, -1.7512, -2.4578]
[1.075, 0.36841, -0.6914100000000001, -1.7512, -1.7512, -1.0447, -0.33813000000000004, -0.33813000000000004, 0.36841, 0.36841, 0.7216899999999999, 1.075, 0.7216899999999999, 1.4282, 1.075, 1.075, 0.7216899999999999, 0.7216899999999999, 0.36841, 0.36841, 0.36841, 0.01514, 0.01514, -0.33813000000000004, -0.33813000000000004, -0.33813000000000004, 0.01514, -0.33813000000000004, -0.33813000000000004, 0.36841, 0.7216899999999999, 1.075, 1.075, -1.0447]
[-0.33813000000000004, 1.075, 0.36841, -0.6914100000000001, -1.7512, -1.7512, -1.0447, -0.33813000000000004, -0.33813000000000004, 0.36841, 0.36841, 0.7216899999999999, 1.075, 0.7216899999999999, 1.4282, 1.075, 1.075, 0.7216899999999999, 0.7216899999999999, 0.36841, 0.36841, 0.36841, 0.01514, 0.01514, -0.33813000000000004, -0.33813000000000004, -0.33813000000000004, 0.01514, -0.33813000000000004, -0.33813000000000004, 0.36841, 0.7216899999999999, 1.075, 1.075, -1.0447]
[-0.33813000000000004, 0.01514, 1.075, 1.7815, 1.075, 0.01514, -1.0447, -2.1045, -1.3980000000000001, -0.33813000000000004, 1.075, 0.36841, -0.6914100000000001, -1.7512, -1.7512, -1.0447, -0.33813000000000004, -0.33813000000000004, 0.36841, 0.36841, 0.7216899999999999, 1.075, 0.7216899999999999, 1.4282, 1.075, 1.075, 0.7216899999999999, 0.7216899999999999]
[1.0807, 0.027094, -0.18363, 1.5022, 2.7665, 1.0807, -0.18363, -1.0265, -1.2373, -0.60509, 0.23781999999999998, -0.39436, -1.4480000000000002, -1.8695, -1.8695, -1.0265, -0.39436, -0.39436, -0.39436, -0.39436, 0.23781999999999998, 0.87, 0.87, 1.0807, 1.0807, 1.2915, 1.2915, 1.0807, 0.65928, 0.44855, 0.23781999999999998, 0.027094, -0.18363, -0.18363, -0.18363, -0.60509, -0.60509, -1.0265, -0.81582, -1.0265, -1.6587, -1.6587, -0.18363]
[0.027094, -1.0265, -1.8695, -2.0802, -1.0265, 0.23781999999999998, 1.5022, 1.2915, 0.87, 0.44855, 0.027094, 0.23781999999999998, 0.65928, 0.65928, 0.44855, 0.027094, 0.44855, 0.65928, 0.87]
