[-0.93429, 0.28031, 0.76617, 0.5232399999999999, -0.20556, 0.037369, 0.76617, 1.7379, 1.9808, 1.0091, -1.906, -1.906, 0.76617, 1.7379, 0.037369, -2.392, -1.4202, -0.93429, -0.44848999999999994, 0.5232399999999999]
[0.28031, 0.28031, 0.28031, -0.44848999999999994, -1.1773, -0.93429, 0.28031, 0.76617, 0.5232399999999999, -0.20556, 0.037369, 0.76617, 1.7379, 1.9808, 1.0091, -1.906, -1.906, 0.76617, 1.7379, 0.037369]
[0.5232399999999999, 0.5232399999999999, 0.5232399999999999, 0.28031, -0.6914600000000001, -0.44848999999999994, 0.76617, 1.7379, -0.20556, -2.392, -1.906, 0.037369, 1.252, 2.2238, 1.9808, 1.0091, 0.5232399999999999, 0.037369, -0.44848999999999994, -0.44848999999999994, -0.44848999999999994, -0.6914600000000001, -0.93429, -0.6914600000000001, -0.44848999999999994, -0.44848999999999994, -0.6914600000000001, -0.6914600000000001, -0.44848999999999994, -0.20556, 0.28031, 0.28031, 0.5232399999999999, 0.28031, 0.28031, 0.28031, -0.44848999999999994, -1.1773, -0.93429, 0.28031, 0.76617, 0.5232399999999999, -0.20556, 0.037369, 0.76617, 1.7379, 1.9808, 1.0091, -1.906, -1.906, 0.76617, 1.7379, 0.037369]
[0.5232399999999999, 0.5232399999999999, 0.5232399999999999, 0.5232399999999999, 0.28031, -0.6914600000000001, -0.44848999999999994, 0.76617, 1.7379, -0.20556, -2.392, -1.906, 0.037369, 1.252, 2.2238, 1.9808, 1.0091, 0.5232399999999999, 0.037369, -0.44848999999999994, -0.44848999999999994, -0.44848999999999994, -0.6914600000000001, -0.93429, -0.6914600000000001, -0.44848999999999994, -0.44848999999999994, -0.6914600000000001, -0.6914600000000001, -0.44848999999999994, -0.20556, 0.28031, 0.28031, 0.5232399999999999, 0.28031, 0.28031, 0.28031, -0.44848999999999994, -1.1773, -0.93429, 0.28031, 0.76617, 0.5232399999999999, -0.20556, 0.037369, 0.76617, 1.7379, 1.9808, 1.0091, -1.906, -1.906, 0.76617, 1.7379, 0.037369]
[0.28031, 0.5232399999999999, 0.5232399999999999, 0.5232399999999999, 0.5232399999999999, 0.28031, -0.6914600000000001, -0.44848999999999994, 0.76617, 1.7379, -0.20556, -2.392, -1.906, 0.037369, 1.252, 2.2238, 1.9808, 1.0091, 0.5232399999999999, 0.037369, -0.44848999999999994, -0.44848999999999994, -0.44848999999999994, -0.6914600000000001, -0.93429, -0.6914600000000001, -0.44848999999999994, -0.44848999999999994, -0.6914600000000001, -0.6914600000000001, -0.44848999999999994, -0.20556, 0.28031, 0.28031, 0.5232399999999999, 0.28031, 0.28031, 0.28031, -0.44848999999999994, -1.1773, -0.93429, 0.28031, 0.76617, 0.5232399999999999, -0.20556, 0.037369, 0.76617, 1.7379, 1.9808, 1.0091, -1.906, -1.906, 0.76617, 1.7379, 0.037369]
[0.28031, 0.28031, 0.5232399999999999, 0.5232399999999999, 0.5232399999999999, 0.5232399999999999, 0.28031, -0.6914600000000001, -0.44848999999999994, 0.76617, 1.7379, -0.20556, -2.392, -1.906, 0.037369, 1.252, 2.2238, 1.9808, 1.0091, 0.5232399999999999, 0.037369, -0.44848999999999994, -0.44848999999999994, -0.44848999999999994, -0.6914600000000001, -0.93429, -0.6914600000000001, -0.44848999999999994, -0.44848999999999994, -0.6914600000000001, -0.6914600000000001, -0.44848999999999994, -0.20556, 0.28031, 0.28031, 0.5232399999999999, 0.28031, 0.28031, 0.28031, -0.44848999999999994, -1.1773, -0.93429, 0.28031, 0.76617, 0.5232399999999999, -0.20556, 0.037369, 0.76617, 1.7379, 1.9808, 1.0091, -1.906, -1.906, 0.76617, 1.7379, 0.037369]
[-0.6914600000000001, 0.037369, 0.28031, 0.28031, 0.5232399999999999, 0.5232399999999999, 0.5232399999999999, 0.5232399999999999, 0.28031, -0.6914600000000001, -0.44848999999999994, 0.76617, 1.7379, -0.20556, -2.392, -1.906, 0.037369, 1.252, 2.2238, 1.9808, 1.0091, 0.5232399999999999, 0.037369, -0.44848999999999994, -0.44848999999999994, -0.44848999999999994, -0.6914600000000001, -0.93429, -0.6914600000000001, -0.44848999999999994, -0.44848999999999994, -0.6914600000000001, -0.6914600000000001, -0.44848999999999994, -0.20556, 0.28031, 0.28031, 0.5232399999999999, 0.28031, 0.28031, 0.28031, -0.44848999999999994, -1.1773, -0.93429, 0.28031, 0.76617, 0.5232399999999999, -0.20556, 0.037369, 0.76617, 1.7379, 1.9808, 1.0091]
[0.18342, 1.1501, 0.50563, 0.8278399999999999, 0.18342, -0.94435, -0.7832100000000001, 0.34453, 1.7945, 2.2778, -0.1388, -1.5888, -0.46103999999999995, -0.46103999999999995, -0.29991, -0.1388, -0.1388, -0.7832100000000001, -0.7832100000000001, -0.29991, 0.022305000000000002, 0.18342, 0.022305000000000002, -0.1388, 0.022305000000000002, 0.18342, 0.022305000000000002, 0.022305000000000002, -0.29991, -0.1388, 0.022305000000000002, 0.022305000000000002, -0.1388, 0.022305000000000002, 0.022305000000000002, 0.18342, 0.34453, 0.022305000000000002, -0.62208, -1.5888]
[-0.29991, -0.7832100000000001, 0.18342, 1.1501, 0.50563, 0.8278399999999999, 0.18342, -0.94435, -0.7832100000000001, 0.34453, 1.7945, 2.2778, -0.1388, -1.5888, -0.46103999999999995, -0.46103999999999995, -0.29991, -0.1388, -0.1388, -0.7832100000000001, -0.7832100000000001, -0.29991, 0.022305000000000002, 0.18342, 0.022305000000000002, -0.1388, 0.022305000000000002, 0.18342, 0.022305000000000002, 0.022305000000000002, -0.29991, -0.1388, 0.022305000000000002, 0.022305000000000002, -0.1388, 0.022305000000000002, 0.022305000000000002, 0.18342, 0.34453, 0.022305000000000002, -0.62208, -1.5888]
[-0.1388, -0.29991, -0.7832100000000001, 0.18342, 1.1501, 0.50563, 0.8278399999999999, 0.18342, -0.94435, -0.7832100000000001, 0.34453, 1.7945, 2.2778, -0.1388, -1.5888, -0.46103999999999995, -0.46103999999999995, -0.29991, -0.1388, -0.1388, -0.7832100000000001, -0.7832100000000001, -0.29991, 0.022305000000000002, 0.18342, 0.022305000000000002, -0.1388, 0.022305000000000002, 0.18342, 0.022305000000000002, 0.022305000000000002, -0.29991, -0.1388, 0.022305000000000002, 0.022305000000000002, -0.1388, 0.022305000000000002, 0.022305000000000002, 0.18342, 0.34453, 0.022305000000000002, -0.62208, -1.5888, -1.1055]
[0.022305000000000002, -0.1388, -0.29991, -0.7832100000000001, 0.18342, 1.1501, 0.50563, 0.8278399999999999, 0.18342, -0.94435, -0.7832100000000001, 0.34453, 1.7945, 2.2778, -0.1388, -1.5888, -0.46103999999999995, -0.46103999999999995, -0.29991, -0.1388, -0.1388, -0.7832100000000001, -0.7832100000000001, -0.29991, 0.022305000000000002, 0.18342, 0.022305000000000002, -0.1388, 0.022305000000000002, 0.18342, 0.022305000000000002, 0.022305000000000002, -0.29991, -0.1388, 0.022305000000000002, 0.022305000000000002, -0.1388, 0.022305000000000002, 0.022305000000000002, 0.18342, 0.34453, 0.022305000000000002, -0.62208, -1.5888, -1.1055]
[-1.6695, -0.8217200000000001, 0.87385, 1.439, 0.30868, 0.30868, 1.1564, 1.1564, 0.026081, -0.2565, -0.2565, -0.2565, 0.026081, 0.026081, -0.8217200000000001, -0.2565, -0.53909, -0.53909, -0.53909, 0.026081, -0.53909, 0.026081, -0.2565, 0.30868, 0.30868, 0.026081, 0.026081, -0.2565, 0.026081]
[-0.53909, -1.6695, -0.8217200000000001, 0.87385, 1.439, 0.30868, 0.30868, 1.1564, 1.1564, 0.026081, -0.2565, -0.2565, -0.2565, 0.026081, 0.026081, -0.8217200000000001, -0.2565, -0.53909, -0.53909, -0.53909, 0.026081, -0.53909, 0.026081, -0.2565, 0.30868, 0.30868, 0.026081, 0.026081, -0.2565]
[0.30868, -0.53909, -1.6695, -0.8217200000000001, 0.87385, 1.439, 0.30868, 0.30868, 1.1564, 1.1564, 0.026081, -0.2565, -0.2565, -0.2565, 0.026081, 0.026081, -0.8217200000000001, -0.2565, -0.53909, -0.53909, -0.53909, 0.026081, -0.53909, 0.026081, -0.2565, 0.30868, 0.30868, 0.026081, 0.026081, -0.2565, 0.026081]
[0.026081, 0.30868, 0.30868, -0.53909, -1.6695, -0.8217200000000001, 0.87385, 1.439, 0.30868, 0.30868, 1.1564, 1.1564, 0.026081, -0.2565, -0.2565, -0.2565, 0.026081, 0.026081, -0.8217200000000001, -0.2565, -0.53909, -0.53909, -0.53909, 0.026081, -0.53909, 0.026081, -0.2565, 0.30868, 0.30868, 0.026081, 0.026081, -0.2565]
[0.026081, 0.026081, 0.30868, 0.30868, -0.53909, -1.6695, -0.8217200000000001, 0.87385, 1.439, 0.30868, 0.30868, 1.1564, 1.1564, 0.026081, -0.2565, -0.2565, -0.2565, 0.026081, 0.026081, -0.8217200000000001, -0.2565, -0.53909, -0.53909, -0.53909, 0.026081, -0.53909, 0.026081, -0.2565, 0.30868, 0.30868, 0.026081, 0.026081, -0.2565]
[-0.16413, -0.35129, -0.35129, 0.2102, 0.39736, -0.5384800000000001, -0.91276, 0.023032, 1.5203, 2.4561, 0.58453, -2.4101, -2.2229, -0.7255699999999999, 0.77169, 1.5203, 1.7075, 1.3332, 0.95885, 0.2102, -0.91276]
[-0.16413, 0.023032, 0.023032, -0.16413, -0.35129, -0.35129, 0.2102, 0.39736, -0.5384800000000001, -0.91276, 0.023032, 1.5203, 2.4561, 0.58453, -2.4101, -2.2229, -0.7255699999999999, 0.77169, 1.5203, 1.7075, 1.3332, 0.95885, 0.2102, -0.91276, -0.91276, -0.5384800000000001, -0.35129, -0.16413]
[0.023032, -0.16413, 0.023032, 0.023032, -0.16413, -0.35129, -0.35129, 0.2102, 0.39736, -0.5384800000000001, -0.91276, 0.023032, 1.5203, 2.4561, 0.58453, -2.4101, -2.2229, -0.7255699999999999, 0.77169, 1.5203, 1.7075, 1.3332, 0.95885, 0.2102, -0.91276, -0.91276, -0.5384800000000001, -0.35129, -0.16413, -0.35129, -0.5384800000000001, -0.35129, -0.35129, -0.35129, -0.16413, 0.2102, 0.2102, 0.2102, 0.2102, 0.2102, 0.023032, -0.16413, 0.023032, 0.2102, 0.2102, 0.023032, 0.023032, -0.16413, 0.023032, -0.16413, 0.023032, -0.35129, -0.91276, -0.7255699999999999]
[0.007540000000000001, 0.007540000000000001, -0.23772, -0.48298, -0.23772, -0.23772, -0.48298, -0.48298, 0.007540000000000001, 0.25282, -0.72828, -1.2188, -0.48298, 1.4791, 0.49808, -0.97345, -0.23772, 1.2339, 0.9886, 0.007540000000000001, -0.48298, 0.007540000000000001, 0.49808, 0.007540000000000001, -0.23772, 0.007540000000000001, 0.25282, 0.25282, -0.23772, 0.007540000000000001, -0.23772, 0.007540000000000001, 0.25282, 0.25282, 0.007540000000000001, 0.007540000000000001, 0.007540000000000001, 0.007540000000000001, 0.007540000000000001, 0.007540000000000001, 0.007540000000000001, 0.007540000000000001, -0.48298, -0.97345, -0.48298, 0.25282, 0.007540000000000001, 0.49808, -0.23772, -0.48298, 0.9886, 2.2149, 2.9507, 1.2339, -2.6903, -3.4262]
[-0.13258, 0.033139, 0.033139, 0.19887, 0.033139, 0.033139, -0.2983, -0.79545, -0.79545, 0.36459, 1.5246, 0.86174, -1.2926, -1.2926, -0.2983, 0.5303, 1.6903, 2.0218, 1.3589, 0.36459, -0.46403999999999995, -0.6297, -0.2983, -0.13258, -0.2983, -0.2983, -0.6297, -0.6297, -0.96119, -0.79545, -0.46403999999999995, -0.13258, 0.19887, 0.19887, 0.19887, 0.19887, 0.36459, -0.2983, -0.46403999999999995, -0.13258, 0.5303, 0.19887, -0.13258, -0.13258, 0.19887, 0.36459, 0.19887, 0.19887, 0.86174, 1.3589, 0.36459, -2.287, -2.4526, -0.2983, 1.5246, 2.3532]
[0.033139, 0.033139, 0.033139, -0.13258, 0.033139, 0.033139, 0.19887, 0.033139, 0.033139, -0.2983, -0.79545, -0.79545, 0.36459, 1.5246, 0.86174, -1.2926, -1.2926, -0.2983, 0.5303, 1.6903, 2.0218, 1.3589]
[-0.17112, -1.8971, -2.0888, -0.74639, 0.59597, 1.5548, 1.5548, 0.97951, 0.78774, 0.78774, 0.020648, -0.5547, -0.74639, -0.93819, -0.93819, -0.74639, -0.5547, -0.36289, -0.5547, -0.17112, 0.020648, 0.4042, 0.21243, 0.21243, 0.21243, 0.21243, 0.020648, 0.020648, 0.020648, 0.020648, 0.21243, 0.020648, -0.17112, -0.17112, -0.17112, 0.020648, 0.020648]
[-0.17112, 0.21243, 0.020648, 0.21243, 0.020648, -0.17112, 0.020648, 0.020648, 0.21243, -0.36289, -0.74639, -0.17112, 1.3631, 2.5137, -0.17112, -1.8971, -2.0888, -0.74639, 0.59597, 1.5548, 1.5548, 0.97951, 0.78774, 0.78774, 0.020648, -0.5547, -0.74639, -0.93819, -0.93819, -0.74639, -0.5547, -0.36289, -0.5547, -0.17112, 0.020648, 0.4042, 0.21243, 0.21243, 0.21243, 0.21243, 0.020648, 0.020648]
[-0.18102000000000001, 0.029089, -0.39111999999999997, -0.39111999999999997, 0.23920999999999998, 0.44931000000000004, 0.23920999999999998, 0.44931000000000004, 0.029089, -0.60127, -0.18102000000000001, 1.2897, 1.9201, 0.8695299999999999, -1.8619, -1.8619, -0.81129, 0.23920999999999998, 1.9201, 2.5504]
[-0.39111999999999997, -0.18102000000000001, 0.029089, -0.39111999999999997, -0.39111999999999997, 0.23920999999999998, 0.44931000000000004, 0.23920999999999998, 0.44931000000000004, 0.029089, -0.60127, -0.18102000000000001, 1.2897, 1.9201, 0.8695299999999999, -1.8619, -1.8619, -0.81129, 0.23920999999999998, 1.9201]
[0.44931000000000004, 0.44931000000000004, 0.44931000000000004, 0.029089, -0.39111999999999997, -0.39111999999999997, -0.18102000000000001, -0.18102000000000001, -0.60127, -0.60127, -0.18102000000000001, 0.23920999999999998, 0.23920999999999998, -0.18102000000000001, 0.23920999999999998, 2.1302, 1.71, -1.0214, -2.4922, 0.23920999999999998, 1.9201, 1.9201, 0.8695299999999999, 0.44931000000000004, -1.2316, -1.6517, -1.0214, 0.23920999999999998]
[0.52387, 0.06371, -0.16635999999999998, -0.39644, -0.39644, -0.16635999999999998, -0.16635999999999998, -0.16635999999999998, -0.16635999999999998, -0.16635999999999998, 0.2938, 0.52387, -0.16635999999999998, -0.62655, -2.0069999999999997, -1.3168, 0.2938, 0.52387, 0.75395, 2.3645, 3.0547, 3.0547, 1.2141, -2.2371, -2.6972, -0.85654, -0.16635999999999998, 0.9840200000000001, -0.62655, -1.3168, 0.06371, 0.06371, 0.2938, -0.16635999999999998, -0.16635999999999998, 0.06371, 0.2938, 0.2938, -0.16635999999999998, -0.16635999999999998, 0.06371, 0.06371, 0.2938, 0.06371, 0.06371, -0.16635999999999998, 0.2938, 0.2938, 0.06371]
[0.2938, 0.75395, 0.52387, 0.06371, -0.16635999999999998, -0.39644, -0.39644, -0.16635999999999998, -0.16635999999999998, -0.16635999999999998, -0.16635999999999998, -0.16635999999999998, 0.2938, 0.52387, -0.16635999999999998, -0.62655, -2.0069999999999997, -1.3168, 0.2938, 0.52387, 0.75395, 2.3645, 3.0547, 3.0547, 1.2141, -2.2371, -2.6972, -0.85654, -0.16635999999999998, 0.9840200000000001, -0.62655, -1.3168, 0.06371, 0.06371, 0.2938, -0.16635999999999998, -0.16635999999999998, 0.06371, 0.2938, 0.2938, -0.16635999999999998, -0.16635999999999998, 0.06371, 0.06371, 0.2938, 0.06371, 0.06371, -0.16635999999999998]
[0.005877, 0.005877, 0.005877, 0.005877, -0.18525, 0.005877, 0.005877, 0.38815, -0.5675399999999999, -0.94976, -0.18525, 1.5349, 2.4906, 0.005877, -2.0965, -1.7143, -0.37638, 0.96154, 1.7261, 1.7261, 1.5349, 0.96154]
[0.005877, 0.005877, 0.005877, 0.005877, 0.005877, -0.18525, 0.005877, 0.005877, 0.38815, -0.5675399999999999, -0.94976, -0.18525, 1.5349, 2.4906, 0.005877, -2.0965, -1.7143, -0.37638, 0.96154, 1.7261, 1.7261, 1.5349, 0.96154, 0.005877, -0.37638, -0.5675399999999999, -0.5675399999999999, -0.94976, -0.94976, -0.7586, -0.7586, -0.5675399999999999, 0.005877, 0.19702, 0.38815, 0.005877, 0.005877, 0.19702, 0.19702, 0.005877, 0.005877, 0.005877, 0.005877, 0.005877, 0.005877, 0.005877, 0.005877, 0.005877, -0.18525, -0.37638, 0.005877]
[-0.14213, -0.58208, -0.36208, -0.14213, 0.077823, 0.29779, 0.51774, 0.51774, 0.7377, 0.077823, -0.80194, -0.58208, 1.1776, 2.9372, 0.95765, -2.5616, -2.3416, -1.2419, 0.95765, 2.0574, 2.0574, 1.1776, 0.51774, -0.36208, -0.80194, -0.58208, -0.58208, -0.58208, -0.36208, -0.36208, -0.36208, -0.36208, -1.0219, -0.80194, -0.36208, 0.29779, 0.51774, 0.51774, 0.29779, 0.29779, -0.36208, -0.80194, -0.58208, 0.077823, 0.077823, 0.51774, 0.29779, 0.077823, 0.29779, 0.51774, 1.3976, 1.6175, 1.3976]
