[-1.5658, -1.6089, -1.7309, -1.3304, -1.6702, -0.63974, -0.71614, -1.1529, -1.4449, -0.86395, -0.98154, -0.89705, -0.65547, -0.45673, -0.21078000000000002, -0.79981, -0.67693, -0.40001, -0.86067, -0.68214, 0.13993, -0.83585, -0.20861999999999997, -0.22366, 0.10626, -0.53051, -0.48518999999999995, -0.48844, -0.39273, 0.42632, 0.060150999999999996, 0.19311, 0.28135, 0.5777800000000001, 0.10295, 0.81766, 0.68111, 0.924, 0.6521, 0.36984, 1.161, 1.1232, 1.2375, 1.4046, 0.65088, 1.315, 0.6230100000000001, 1.3895, 0.73419, 0.75078, 1.7527, 0.76363, 1.0270000000000001, 1.1263, 1.2505, 1.1792, 1.2763]
[-2.1006, -1.4519, -1.9880000000000002, -0.8374799999999999, -1.2493, -1.147, -2.1466, -1.0509, -1.2226, -1.3287, -0.29605, -1.1454, -0.3714, -1.0235, -0.77736, -0.17865999999999999, -0.54393, -0.20304, -0.029336, 0.009446, -1.2492, 0.12449, -0.72109, -0.43459, -0.8464, -0.023518, 0.33801, 0.69067, -0.83525, -0.27981999999999996, -0.18025, 0.26753000000000005, 0.13833, -0.49266000000000004, 0.96852, 0.68566, 0.68156, 0.80923, -0.24902, 0.002527, -0.27418000000000003, 0.85906, 0.8837200000000001, 0.84052, 0.15194000000000002, 0.9126299999999999, 1.0066, 0.8771899999999999, 0.55265, 0.21395, 0.9807899999999999, 0.8891700000000001, 1.4176, 1.736, 1.7822, 1.8068]
[-0.45433999999999997, 0.022031, -1.0181, -0.8259299999999999, -0.29538000000000003, -1.1197, -0.25304, -1.1197, -1.4415, -1.5344, -1.5135, -1.4733, -0.88751, -0.83085, -1.2915, -1.5312, -1.4281, -0.39579000000000003, -1.0103, -1.2095, -1.725, -0.041139999999999996, -0.88307, 0.073387, -0.3599, 0.9957, 1.5471, 0.4667, 1.4441, -0.048979, 1.214, 0.77942, -0.063048, 0.10784, 0.14801, 0.9696, 0.83791, 1.6868, 0.34438, 0.041503, 1.1377, 0.7986, 1.3751, 0.67061, 1.597, -0.2932, -0.23890999999999998, 0.36884, 1.5956, 1.5935]
[-2.2908, -1.0556, -1.729, -0.1489, -0.47953, -0.38061, -0.9759700000000001, -0.062428, -0.60963, -0.066083, -0.70013, -0.62524, 0.38325, -1.8105, 0.34629, -0.2499, 0.3829, -0.99154, -0.31066, 0.40055999999999997, -0.45956, -1.2453, -0.8528600000000001, -0.46745, 0.9514799999999999, -1.2770000000000001, -0.8776299999999999, -0.76985, -0.32914, 1.1314, -0.24734, -0.17115999999999998, 1.1438, 1.3516, 0.9210200000000001, 0.19582, -0.44748000000000004, 0.9964799999999999, -0.6613399999999999, -0.66376, -0.59745, 0.62613, -0.4464, 0.9540200000000001, 0.9064200000000001, 1.6619, -0.17799, 1.4775, 0.18553, 1.1218, 2.0001, 0.455, 1.8825, 1.3096, 1.4247, 1.4027]
[1.7058, 1.1923, 0.90043, 1.1724, 1.1308, 0.7408, 1.2385, 1.0991, 1.1525, 1.7217, 0.62429, 1.4109, 1.2798, 0.52967, 0.30587, 0.7602800000000001, 0.62026, 0.36549, 0.3854, 0.54467, 1.1451, 0.12549000000000002, 1.0185, -0.007658, 0.8220000000000001, 0.15836, -0.38776, 0.2473, 0.33894, 0.32123, -0.89949, -0.72673, -0.21054, -0.41153, -0.46608, -0.76703, 0.023449, -0.29636999999999997, 0.089536, -0.85708, -1.4367, -0.42017, -1.2296, -1.0298, -0.70105, -0.52576, -1.1397, -1.5059, -1.1969, -1.3643, -1.1185, -0.9399200000000001, -1.4546, -2.0648, -0.82714, -0.93514, -1.6694]
[0.72197, 1.9086, 1.5642, 1.7079, 0.46648999999999996, 1.5929, -0.10919000000000001, 0.9365399999999999, 1.1678, 1.3451, 1.4536, 0.76098, 1.0296, 0.83116, 0.51137, -0.58116, 0.1285, 1.1079, 0.5566, -0.07873, -0.34273000000000003, -0.52091, 0.33474, 0.58527, -0.9940399999999999, 0.40607, 0.56618, -0.0243, -0.65368, -0.74645, 0.34457, 0.29691, 0.39135, -0.09780599999999999, -0.94626, -0.031533, -1.0037, 0.056169000000000004, -0.44138, -0.40504, -0.77445, -0.46193, -0.18209, -1.3267, -1.4423, -0.16909000000000002, -0.71959, -0.40239, -1.8906, -1.4877, -0.43823, -1.7829, -2.2754, -1.5128, -1.0178, -1.4518]
[1.1158, 1.2413, 1.4267, 0.23244, 1.0196, 0.62545, 0.040797, 1.2582, 1.6031, 1.5407, 1.7389, 1.6076, 0.26592, 0.83162, 1.4027, -0.6230899999999999, 1.619, 0.16945, 0.38628, -0.12571, 0.9455399999999999, 0.41675, -0.6454, 0.8359, -0.9351799999999999, -0.5908399999999999, -0.14431, 0.25103000000000003, 0.88699, 0.69409, 0.13576, -0.23446999999999998, 0.12012, -1.2611, -0.82126, -0.3201, 0.037642, -0.32894, -0.09540499999999999, -0.81502, -0.44851, -0.32436, -1.6094, 0.56523, -0.07643, -0.9066, -1.1418, -1.5288, -0.67661, -1.2483, -2.0942, -0.9102100000000001]
[0.9427200000000001, 0.32579, 1.3051, 0.32603000000000004, 1.2881, 1.0066, 0.77473, 0.60745, 1.1408, 1.3148, 0.8278700000000001, 0.94331, 1.2595, 1.3507, 1.1288, 0.5101600000000001, 1.2235, 1.3768, 0.66386, 1.0923, 1.3834, 0.64155, -1.5828, -1.0371, -1.4446, -0.9547200000000001, -0.7137100000000001, -0.59343, -1.4167, -0.53782, -0.43036, -0.9650700000000001, -1.5030000000000001, -1.2474, -1.0264, -1.1972, -1.5646, -1.5469, -0.71754, -0.6748, -1.3602, -1.3263, -0.40260999999999997, -0.79905, -0.51448, -1.1889, -0.48275, -0.8268399999999999, -0.52058]
[-0.77046, -0.72513, -0.1978, 0.45828, 0.80823, 1.0301, 1.2163, 1.0192, -0.51173, -0.95995, -1.6671, -1.587, -0.8769100000000001, -0.31056, 0.65612, 0.99208, 1.2883, 1.8256, 0.70408, 0.68994, -0.19867, -1.1784, -1.2943, -0.79511, -1.5499, 0.009454, 0.21909, 0.6454, 1.395, 1.1998, 0.9207700000000001, 0.99406, 0.009746, -1.02, -1.0093, -1.7584, -1.0625, 0.025137, 0.027855, 0.8738, 1.4194, 1.3008, 1.01, 0.04571, -0.2014, -0.9589, -1.5756, -0.89949, -0.52536]
[1.2475, -0.5294300000000001, -0.027048000000000003, -1.5199, 1.6606, 1.4337, -0.73088, 0.21529, 1.6743, -0.067249, -1.3551, -0.33543, 1.1423, 0.048378, 0.36746, -1.2865, -0.22014, 1.4087, 0.95847, 0.06916699999999999, 1.0671, 0.12763, 0.68492, -0.94484, -0.7719600000000001, -1.4967, -0.30856999999999996, -1.0645, 1.5003, 1.4886, 0.73117, -0.17215, 0.59891, 0.44976000000000005, 0.40007, -1.0564, -0.7772100000000001, -0.67492, -1.2438, -1.46, 1.505, 0.98159, -0.69562, -0.23771, 0.46288, -1.0454, -0.55173, -1.3862, -1.2244, 1.5584, -0.36189, -1.3692, -0.70239, 1.2005, 1.5394, 0.2471, -0.6732100000000001]
[0.97755, 1.2784, 1.5675, 1.2795, 0.96744, 0.99187, 0.5205, -0.30918, -0.36196999999999996, -0.94826, -1.8094, -1.5357, -0.58602, -0.46423000000000003, 0.23015, 0.7992600000000001, 1.506, 1.0151, 1.4113, 0.6825600000000001, 0.1471, 0.26021, -0.71423, -1.291, -1.6397, -1.5611, -1.1326, -0.9670700000000001, -0.41863, -0.27199, 0.42757, 0.55506, 1.0127, 1.2464, 1.4068, 1.0005, 0.24015999999999998, -0.9269299999999999, -0.90854, -1.1573, -0.95144, -1.2774, -1.0761, -0.50431, 0.75341, 0.83349, 0.75873, 1.7631, 1.4809, 0.94911, 0.078374, -0.43817, -0.98357, -1.3613, -0.7820600000000001, -0.9677, -0.81184]
