[0.095692, 0.1194, 0.1194, -0.022838999999999998, 0.16680999999999999, 0.28534, 0.16680999999999999, 0.04828, 0.16680999999999999, 0.16680999999999999, 0.1431, -0.80514, -2.1801]
[-2.8439, -2.9624, -2.5831, -2.0379, -2.0853, -1.8482, -1.4689, -1.2319, -1.137, -0.6629, -0.37843000000000004, -0.33102, -0.14137, 0.28534, 0.45128, 0.4987, 0.40387, 0.33275, 0.47498999999999997, 0.28534]
[-2.0655, -1.9778, -1.8651, -1.6647, -1.5771, -1.2765, -1.0385, -0.67527, -0.37467, -0.14923, 0.076218, 0.38934, 0.57721, 0.66488, 0.6774100000000001, 0.72751, 0.76508, 0.79013, 0.8652799999999999, 0.91538]
[-2.3786, -2.0655, -1.9778, -1.8651, -1.6647, -1.5771, -1.2765, -1.0385, -0.67527, -0.37467, -0.14923, 0.076218, 0.38934, 0.57721, 0.66488, 0.6774100000000001, 0.72751, 0.76508, 0.79013, 0.8652799999999999]
[-2.792, -2.3786, -2.0655, -1.9778, -1.8651, -1.6647, -1.5771, -1.2765, -1.0385, -0.67527, -0.37467, -0.14923, 0.076218, 0.38934, 0.57721, 0.66488, 0.6774100000000001, 0.72751, 0.76508, 0.79013, 0.8652799999999999]
[-0.1868, -0.1868, -0.32456999999999997, -0.24943, -0.22438000000000002, -0.27448, -0.31205, -0.287, -0.21185, -0.32456999999999997, -0.049030000000000004, 0.36429, -0.049030000000000004, -0.8506100000000001]
[-0.12418, -0.1868, -0.1868, -0.32456999999999997, -0.24943, -0.22438000000000002, -0.27448, -0.31205, -0.287, -0.21185, -0.32456999999999997, -0.049030000000000004, 0.36429, -0.049030000000000004, -0.8506100000000001]
[-0.036505, -0.07407899999999999, -0.16175, -0.12418, -0.1868, -0.1868, -0.32456999999999997, -0.24943, -0.22438000000000002, -0.27448, -0.31205, -0.287, -0.21185, -0.32456999999999997, -0.049030000000000004]
[-2.7419, -2.792, -2.3786, -2.0655, -1.9778, -1.8651, -1.6647, -1.5771, -1.2765, -1.0385, -0.67527, -0.37467, -0.14923, 0.076218, 0.38934, 0.57721, 0.66488, 0.6774100000000001]
[-2.3393, -1.814, -1.651, -1.4880000000000002, -1.2525, -1.0170000000000001, -0.79965, -0.4736, -0.22000999999999998, -0.038877999999999996, 0.087917, 0.28717, 0.52264, 0.68567, 0.7400100000000001, 0.77623]
[-0.3287, -0.36491999999999997, -0.31058, -0.14756, -0.29247, -1.0351, -2.2125, -2.6835, -2.6472, -2.611, -2.3393, -1.814, -1.651, -1.4880000000000002, -1.2525, -1.0170000000000001]
[-1.7203, -2.1819, -2.3441, -2.4939, -2.3317, -1.9199, -1.7702, -1.7702, -1.6703, -1.6204, -1.3834, -1.1088, -0.77195, -0.44753000000000004, -0.29779, -0.048237]
[-2.1158, -1.9771, -1.8384, -1.7501, -1.6366, -1.2961, -1.0313, -0.71603, -0.33771, -0.19899999999999998, 0.078431, 0.2802, 0.48197, 0.57024, 0.59546, 0.62068, 0.65851]
[-2.4184, -2.1158, -1.9771, -1.8384, -1.7501, -1.6366, -1.2961, -1.0313, -0.71603, -0.33771, -0.19899999999999998, 0.078431, 0.2802, 0.48197, 0.57024, 0.59546, 0.62068, 0.65851, 0.6837300000000001, 0.7215699999999999]
[-2.0023, -2.5445, -2.7841, -2.822, -2.4184, -2.1158, -1.9771, -1.8384, -1.7501, -1.6366, -1.2961, -1.0313, -0.71603, -0.33771, -0.19899999999999998, 0.078431]
[-0.25658000000000003, -0.28586, -0.3005, -0.40299, -0.41763, -0.46156, -0.44692, -0.43227, -0.46156, -0.46156, -0.41763, -0.44692, -0.43227, -0.022319, 0.16802, -0.59333, -1.4132, -2.1453]
[-0.24194000000000002, -0.25658000000000003, -0.28586, -0.3005, -0.40299, -0.41763, -0.46156, -0.44692, -0.43227, -0.46156, -0.46156, -0.41763, -0.44692, -0.43227, -0.022319, 0.16802, -0.59333, -1.4132, -2.1453, -2.4088]
[-0.020114, -0.080455, -0.12068, 0.040228, -0.080455, -1.0057, -2.293, -3.0372, -3.0372, -3.0372, -2.7556, -2.1522, -1.9108, -1.6896, -1.4281, -1.2269]
[0.12068, 0.10057, 0.040228, 0.020114, 0.020114, -0.020114, -0.040228, -0.040228, -0.06034199999999999, -0.020114, -0.080455, -0.12068, 0.040228, -0.080455, -1.0057, -2.293]
[0.12068, 0.12068, 0.10057, 0.040228, 0.020114, 0.020114, -0.020114, -0.040228, -0.040228, -0.06034199999999999, -0.020114, -0.080455, -0.12068, 0.040228, -0.080455, -1.0057, -2.293]
[-2.407, -2.455, -2.467, -2.2512, -1.9874, -1.8915, -1.8316, -1.7237, -1.6277, -1.34, -1.1002, -0.7884899999999999, -0.50075, -0.29693, 0.002803, 0.31453000000000003, 0.57829, 0.6382399999999999, 0.6742, 0.72216]
[-2.3351, -2.5305, -2.5994, -2.519, -2.1856, -1.9902, -1.9097, -1.7718, -1.6683, -1.4384, -1.1396, -0.8406899999999999, -0.53032, -0.32341, -0.093503, 0.19388, 0.44677]
[-2.6024, -1.9386, -1.7869, -1.5214, -1.1801, -1.0094, -0.70603, -0.44055, -0.23195, -0.023357, 0.090422, 0.29902, 0.5455399999999999, 0.73517, 0.7731, 0.7731, 0.79206, 0.84895]
[-2.6403, -3.1144, -3.1144, -3.0195, -2.6024, -1.9386, -1.7869, -1.5214, -1.1801, -1.0094, -0.70603, -0.44055, -0.23195, -0.023357, 0.090422, 0.29902, 0.5455399999999999, 0.73517, 0.7731, 0.7731, 0.79206]
[-2.0522, -1.9631, -1.8358, -1.7467, -1.6449, -1.3395, -1.034, -0.71582, -0.47401000000000004, -0.25765, -0.003104, 0.27689, 0.5441600000000001, 0.65871, 0.70962, 0.73507, 0.77325, 0.82416, 0.86234, 0.8750700000000001, 0.9514299999999999]
[-2.2813, -2.5994, -2.6631, -2.6504, -2.3067, -2.0522, -1.9631, -1.8358, -1.7467, -1.6449, -1.3395, -1.034, -0.71582, -0.47401000000000004, -0.25765, -0.003104, 0.27689]
[-2.115, -2.4905, -2.6722, -2.7448, -2.4419999999999997, -2.115, -2.006, -1.9576, -1.8486, -1.7638, -1.4609999999999999, -1.1583, -0.79491, -0.5405800000000001, -0.38313, -0.10457000000000001, 0.25877, 0.53733, 0.62211, 0.6463300000000001]
[-1.2915, -2.115, -2.4905, -2.6722, -2.7448, -2.4419999999999997, -2.115, -2.006, -1.9576, -1.8486, -1.7638, -1.4609999999999999, -1.1583, -0.79491, -0.5405800000000001, -0.38313, -0.10457000000000001, 0.25877, 0.53733, 0.62211, 0.6463300000000001]
[-1.7769, -2.3585, -2.5366, -2.5841, -2.4298, -2.0974, -1.9905, -1.9193, -1.8125, -1.765, -1.5869, -1.2545, -0.8746799999999999, -0.57791, -0.3761, -0.15056, 0.18183, 0.46673000000000003, 0.57357]
[-0.2574, -0.24552, -0.23365, -0.24552, -0.28114, -0.2574, -0.2574, 0.039376999999999995, 0.098731, -0.70849, -1.7769, -2.3585, -2.5366, -2.5841, -2.4298, -2.0974, -1.9905, -1.9193, -1.8125, -1.765, -1.5869]
[-2.7866, -2.3824, -1.959, -1.8243, -1.5741, -1.2855, -1.0738, -0.70809, -0.41941000000000006, -0.18846, 0.00399, 0.15795, 0.33116, 0.6006, 0.75456, 0.8123, 0.83155, 0.8507899999999999]
[-2.9213, -2.7866, -2.3824, -1.959, -1.8243, -1.5741, -1.2855, -1.0738, -0.70809, -0.41941000000000006, -0.18846, 0.00399, 0.15795, 0.33116, 0.6006, 0.75456, 0.8123, 0.83155]
[0.18941, 0.18941, 0.11849000000000001, 0.094851, 0.04757, 0.04757, 0.04757, 0.023929, -0.046993, -0.023352, -0.070634, -0.070634, 0.04757, -0.070634, -0.85078, -2.1037]
[-1.9340000000000002, -2.2726, -2.4081, -2.5029, -2.3268, -2.0017, -1.9340000000000002, -1.8391, -1.7308, -1.6901, -1.3921, -1.1483, -0.8502700000000001, -0.5251600000000001, -0.41678999999999994, -0.010407]
[-1.1754, -1.9340000000000002, -2.2726, -2.4081, -2.5029, -2.3268, -2.0017, -1.9340000000000002, -1.8391, -1.7308, -1.6901, -1.3921, -1.1483, -0.8502700000000001, -0.5251600000000001, -0.41678999999999994, -0.010407, 0.27405999999999997, 0.45016000000000006, 0.5314399999999999, 0.57208]
[-0.45743, -0.48453, -0.36261, 0.043776999999999996, -0.18650999999999998, -1.1754, -1.9340000000000002, -2.2726, -2.4081, -2.5029, -2.3268, -2.0017, -1.9340000000000002, -1.8391, -1.7308, -1.6901]
[-2.8261, -2.6637, -2.0749, -1.8516, -1.547, -1.3034, -1.1003, -0.7754800000000001, -0.53185, -0.30851, -0.12578, -0.003961999999999999, 0.23968000000000003, 0.44271000000000005, 0.64574, 0.68635, 0.68635, 0.74726]
[-2.9479, -2.8261, -2.6637, -2.0749, -1.8516, -1.547, -1.3034, -1.1003, -0.7754800000000001, -0.53185, -0.30851, -0.12578, -0.003961999999999999, 0.23968000000000003, 0.44271000000000005, 0.64574, 0.68635, 0.68635]
[-3.1104, -2.9479, -2.8261, -2.6637, -2.0749, -1.8516, -1.547, -1.3034, -1.1003, -0.7754800000000001, -0.53185, -0.30851, -0.12578, -0.003961999999999999, 0.23968000000000003, 0.44271000000000005, 0.64574, 0.68635, 0.68635, 0.74726, 0.74726]
[-3.1103, -2.9752, -2.6083, -2.0677, -1.8940000000000001, -1.6044, -1.2954, -1.1603, -0.7741600000000001, -0.46525, -0.23356999999999997, -0.09841799999999999, 0.07534400000000001, 0.28772, 0.5001, 0.5773199999999999, 0.59663, 0.63525, 0.65455, 0.65455, 0.67386]
[-3.1489, -3.1103, -2.9752, -2.6083, -2.0677, -1.8940000000000001, -1.6044, -1.2954, -1.1603, -0.7741600000000001, -0.46525, -0.23356999999999997, -0.09841799999999999, 0.07534400000000001, 0.28772, 0.5001, 0.5773199999999999, 0.59663, 0.63525, 0.65455, 0.65455]
