[-0.5654899999999999, -0.57047, -0.5736399999999999, -0.57545, -0.57545, -0.57455, -0.57228, -0.5673, -0.5605100000000001, -0.55281, -0.54511, -0.53876]
[0.39338, 0.36122, 0.19499, -0.0047539999999999995, -0.15649000000000002, -0.24979, -0.30052, -0.32815, -0.34672, -0.36393000000000003, -0.38205, -0.39971, -0.41873999999999995, -0.44138]
[-0.51974, -0.52789, -0.5405800000000001, -0.55507, -0.5654899999999999, -0.57047, -0.5736399999999999, -0.57545, -0.57545, -0.57455, -0.57228]
[-0.5134, -0.51974, -0.52789, -0.5405800000000001, -0.55507, -0.5654899999999999, -0.57047, -0.5736399999999999, -0.57545, -0.57545, -0.57455, -0.57228]
[-0.50434, -0.5134, -0.51974, -0.52789, -0.5405800000000001, -0.55507, -0.5654899999999999, -0.57047, -0.5736399999999999, -0.57545, -0.57545, -0.57455]
[0.30188000000000004, 0.39338, 0.36122, 0.19499, -0.0047539999999999995, -0.15649000000000002, -0.24979, -0.30052, -0.32815, -0.34672, -0.36393000000000003, -0.38205, -0.39971, -0.41873999999999995, -0.44138]
[0.17687, 0.30188000000000004, 0.39338, 0.36122, 0.19499, -0.0047539999999999995, -0.15649000000000002, -0.24979, -0.30052, -0.32815, -0.34672, -0.36393000000000003, -0.38205, -0.39971]
[1.3944, 1.2819999999999998, 1.1747, 1.0705, 0.9704200000000001, 0.8739399999999999, 0.78064, 0.69367, 0.61441, 0.53967, 0.46947, 0.40379, 0.34174, 0.28648, 0.23847]
[-0.37208, -0.36438000000000004, -0.35895, -0.35804, -0.36348, -0.37706999999999996, -0.39518000000000003, -0.41148999999999997, -0.42644, -0.43776000000000004, -0.44228999999999996, -0.44093000000000004, -0.43323, -0.40968000000000004, -0.36030999999999996, -0.3046]
[0.07813300000000001, 0.17687, 0.30188000000000004, 0.39338, 0.36122, 0.19499, -0.0047539999999999995, -0.15649000000000002, -0.24979, -0.30052, -0.32815, -0.34672, -0.36393000000000003, -0.38205, -0.39971]
[-0.37978, -0.39473, -0.41194, -0.42236, -0.42644, -0.42598, -0.42236, -0.41466000000000003, -0.40379, -0.39111, -0.38069000000000003, -0.37208, -0.36438000000000004, -0.35895, -0.35804]
[-0.48849, -0.50434, -0.5134, -0.51974, -0.52789, -0.5405800000000001, -0.55507, -0.5654899999999999, -0.57047, -0.5736399999999999, -0.57545, -0.57545, -0.57455, -0.57228, -0.5673]
[-0.46584, -0.48849, -0.50434, -0.5134, -0.51974, -0.52789, -0.5405800000000001, -0.55507, -0.5654899999999999, -0.57047, -0.5736399999999999, -0.57545, -0.57545, -0.57455, -0.57228, -0.5673, -0.5605100000000001, -0.55281, -0.54511, -0.53876, -0.53378, -0.5288]
[1.5629, 0.86669, 0.38749, 0.142, 0.041898000000000005, 0.029216000000000002, 0.07813300000000001, 0.17687, 0.30188000000000004, 0.39338, 0.36122, 0.19499, -0.0047539999999999995, -0.15649000000000002, -0.24979, -0.30052, -0.32815, -0.34672, -0.36393000000000003, -0.38205, -0.39971, -0.41873999999999995, -0.44138]
[-0.25115, -0.2593, -0.27742, -0.28693, -0.28376, -0.27153, -0.25794, -0.24753000000000003, -0.2439, -0.25251, -0.26655, -0.28739000000000003, -0.31501, -0.34128000000000003, -0.36665, -0.36982, -0.34581, -0.30279, -0.28331, -0.34174, -0.40786999999999995]
[1.5908, 0.88229, 0.39346, 0.14384, 0.041908, 0.027864, 0.07815, 0.17962999999999998, 0.30875, 0.40252, 0.36945, 0.19910999999999998, -0.005661, -0.15969, -0.25438, -0.30648000000000003, -0.33502, -0.35314, -0.36945, -0.38621, -0.40343, -0.42200000000000004, -0.4451]
[-0.4674, -0.49078, -0.50742, -0.51731, -0.52361, -0.5317, -0.54384, -0.55733, -0.56722, -0.57172, -0.57352, -0.5753199999999999, -0.57667, -0.57622, -0.57352, -0.56992, -0.56408, -0.55688, -0.54969, -0.5433899999999999, -0.53755, -0.53305]
[1.4656, 0.8024, 0.34601, 0.11174, 0.015517, 0.0011279999999999999, 0.045643, 0.13782, 0.25518, 0.34016, 0.30914, 0.15311, -0.035743000000000004, -0.17873, -0.26506, -0.31138000000000005, -0.33655999999999997, -0.35184, -0.36578, -0.38197, -0.39860999999999996, -0.41748999999999997, -0.44132]
[-0.46708999999999995, -0.49001000000000006, -0.50663, -0.5169699999999999, -0.52371, -0.5309, -0.54348, -0.5565100000000001, -0.56595, -0.5717899999999999, -0.57403, -0.57493, -0.57538, -0.57493, -0.57313, -0.56909, -0.56325, -0.5565100000000001, -0.54932, -0.5425800000000001, -0.53764, -0.53269]
[1.4557, 0.79782, 0.34263000000000005, 0.10942, 0.013713, -0.001116, 0.04292, 0.13459000000000002, 0.25142, 0.33724, 0.30714, 0.14987, -0.037513, -0.17951, -0.26623, -0.31296, -0.33768000000000004, -0.35295, -0.36688000000000004, -0.38216, -0.39879000000000003, -0.41811000000000004, -0.44148000000000004]
[-0.56602, -0.57095, -0.5732, -0.5745399999999999, -0.57589, -0.57589, -0.5732, -0.5696100000000001, -0.5637800000000001, -0.55706, -0.55033, -0.5445, -0.53868, -0.5333, -0.52836, -0.52254, -0.5171600000000001, -0.51178, -0.50729, -0.50371]
[1.4515, 0.79151, 0.33781, 0.10692, 0.010974, -0.0038200000000000005, 0.041012, 0.13247, 0.24859, 0.33376999999999996, 0.30328, 0.14637, -0.04148, -0.1827, -0.26878, -0.31586, -0.34096, -0.35620999999999997, -0.36966, -0.38535, -0.40149, -0.41941999999999996, -0.44183999999999996]
[-0.36272, -0.36946, -0.38428, -0.4036, -0.42022, -0.43504, -0.44582, -0.44897, -0.44672, -0.43773999999999996, -0.41348, -0.36407, -0.30837, -0.27199, -0.25311999999999996, -0.25941, -0.27379000000000003]
[-0.37575, -0.36856, -0.36317, -0.36272, -0.36946, -0.38428, -0.4036, -0.42022, -0.43504, -0.44582, -0.44897, -0.44672, -0.43773999999999996, -0.41348, -0.36407, -0.30837]
[-0.43773999999999996, -0.41348999999999997, -0.36318, -0.30658, -0.27019, -0.25132, -0.25761, -0.27154, -0.27738, -0.27199, -0.25895999999999997, -0.24459, -0.2347, -0.23201, -0.24189000000000002, -0.25941, -0.28276999999999997, -0.31285999999999997, -0.34296, -0.37035999999999997, -0.37440999999999997, -0.35195]
[-0.36294, -0.36968, -0.38494, -0.40379, -0.41995, -0.43522, -0.44553999999999994, -0.44958000000000004, -0.44688999999999995, -0.43746, -0.41276999999999997, -0.36339, -0.30728, -0.27136, -0.25251, -0.2579, -0.27271]
[-0.36407, -0.37076, -0.3855, -0.40335, -0.41898, -0.43371000000000004, -0.44442, -0.44888999999999996, -0.4471, -0.43817, -0.41496000000000005, -0.36675, -0.31139, -0.27612, -0.25827, -0.26406999999999997, -0.27835]
[-0.44885, -0.47305, -0.49053, -0.49993999999999994, -0.50621, -0.51473, -0.52683, -0.54072, -0.55148, -0.5573, -0.55999, -0.56134, -0.5626800000000001, -0.56313, -0.5604399999999999, -0.5555100000000001, -0.54879, -0.54072, -0.5331, -0.52728, -0.52279, -0.51786]
[-0.51241, -0.5273899999999999, -0.54368, -0.55557, -0.56306, -0.56658, -0.56879, -0.56967, -0.56923, -0.56702, -0.56306, -0.55778, -0.55073, -0.54368, -0.53796, -0.5331100000000001, -0.52871, -0.52342, -0.5177, -0.51241]
[-0.5014, -0.51241, -0.5273899999999999, -0.54368, -0.55557, -0.56306, -0.56658, -0.56879, -0.56967, -0.56923, -0.56702, -0.56306, -0.55778, -0.55073, -0.54368, -0.53796, -0.5331100000000001, -0.52871, -0.52342, -0.5177]
[-0.49348000000000003, -0.5014, -0.51241, -0.5273899999999999, -0.54368, -0.55557, -0.56306, -0.56658, -0.56879, -0.56967, -0.56923, -0.56702, -0.56306, -0.55778, -0.55073, -0.54368, -0.53796, -0.5331100000000001, -0.52871, -0.52342]
[-0.50939, -0.52442, -0.54078, -0.55315, -0.5602199999999999, -0.56376, -0.56553, -0.5664100000000001, -0.5664100000000001, -0.5646399999999999, -0.5602199999999999, -0.55404, -0.5474100000000001, -0.54122, -0.53591, -0.53061, -0.52531, -0.52089, -0.5151399999999999, -0.50984]
[-0.49967, -0.50939, -0.52442, -0.54078, -0.55315, -0.5602199999999999, -0.56376, -0.56553, -0.5664100000000001, -0.5664100000000001, -0.5646399999999999, -0.5602199999999999, -0.55404, -0.5474100000000001, -0.54122, -0.53591, -0.53061, -0.52531, -0.52089, -0.5151399999999999]
[-0.4926, -0.49967, -0.50939, -0.52442, -0.54078, -0.55315, -0.5602199999999999, -0.56376, -0.56553, -0.5664100000000001, -0.5664100000000001, -0.5646399999999999, -0.5602199999999999, -0.55404, -0.5474100000000001, -0.54122, -0.53591, -0.53061, -0.52531, -0.52089]
[-0.35484, -0.36156, -0.37723, -0.39648, -0.4126, -0.42827, -0.43991, -0.44438999999999995, -0.4426, -0.43318999999999996, -0.40812, -0.35708, -0.29798, -0.25947, -0.24067, -0.24738000000000002, -0.26216]
[-0.46856000000000003, -0.49257, -0.5081399999999999, -0.51659, -0.52193, -0.52815, -0.53927, -0.55262, -0.56196, -0.56685, -0.56907, -0.56996, -0.5704100000000001, -0.56996, -0.56729, -0.5624, -0.5557300000000001, -0.54861, -0.5423899999999999, -0.53705, -0.53305, -0.52949]
[-0.36004, -0.36582, -0.3805, -0.39918000000000003, -0.4143, -0.42853, -0.4392, -0.44365, -0.44321000000000005, -0.4352, -0.41163, -0.36404000000000003, -0.30845, -0.27198, -0.2533, -0.25953000000000004, -0.27242]
[-0.46553999999999995, -0.48918, -0.5052399999999999, -0.51461, -0.52086, -0.528, -0.53959, -0.55253, -0.56235, -0.56725, -0.56993, -0.57171, -0.57305, -0.57216, -0.56993, -0.56547, -0.55878, -0.5516399999999999, -0.5453899999999999, -0.5404899999999999, -0.53469, -0.53067]
[-0.39148, -0.38078, -0.37185, -0.36516, -0.3607, -0.36159, -0.36739, -0.38211, -0.39996, -0.41468, -0.42985, -0.44056000000000006, -0.44411999999999996, -0.44323, -0.4352, -0.41200000000000003, -0.36427, -0.3085]
[-0.56395, -0.56839, -0.57016, -0.5715, -0.57239, -0.57239, -0.57016, -0.56617, -0.55995, -0.55284, -0.54573, -0.53996, -0.53552, -0.5310699999999999, -0.52663, -0.5213, -0.51508, -0.5101899999999999, -0.50664, -0.5030899999999999]
[-0.46755, -0.49154, -0.50797, -0.5173, -0.5221899999999999, -0.52885, -0.5404, -0.55373, -0.56395, -0.56839, -0.57016, -0.5715, -0.57239, -0.57239, -0.57016, -0.56617, -0.55995, -0.55284, -0.54573, -0.53996, -0.53552, -0.5310699999999999]
[-0.43556999999999996, -0.41291000000000005, -0.36538000000000004, -0.30985, -0.27254, -0.25388, -0.25921, -0.27254, -0.28053, -0.27476, -0.26143, -0.24722, -0.23789000000000002, -0.23521999999999998, -0.24633000000000002, -0.26276, -0.28409, -0.31385, -0.34139, -0.36804000000000003, -0.37027, -0.34717]
[-0.36227, -0.36804000000000003, -0.38226, -0.40092, -0.41558, -0.42978999999999995, -0.44045, -0.44488999999999995, -0.44401, -0.43556999999999996, -0.41291000000000005, -0.36538000000000004, -0.30985, -0.27254, -0.25388, -0.25921, -0.27254]
[-0.45698999999999995, -0.48181999999999997, -0.49987, -0.51161, -0.5183800000000001, -0.52605, -0.5382399999999999, -0.5526800000000001, -0.5635100000000001, -0.56893, -0.57118, -0.5725399999999999, -0.57299, -0.57299, -0.5707300000000001, -0.56487, -0.55719, -0.54862, -0.5413899999999999, -0.53462, -0.5292100000000001, -0.5242399999999999]
[-0.36491, -0.35724, -0.35228000000000004, -0.35228000000000004, -0.35814, -0.37259000000000003, -0.39064, -0.40599, -0.42178999999999994, -0.43351999999999996, -0.43713, -0.43668, -0.4281, -0.40373000000000003, -0.35408, -0.29766]
[-0.45819, -0.48291000000000006, -0.50133, -0.51212, -0.51841, -0.52695, -0.53998, -0.55347, -0.56335, -0.56875, -0.57144, -0.5736899999999999, -0.57504, -0.5736899999999999, -0.5705399999999999, -0.5656, -0.55796, -0.54942, -0.54178, -0.5354899999999999, -0.5301, -0.5247]
[-0.45798999999999995, -0.48357, -0.50152, -0.5122899999999999, -0.5199199999999999, -0.52755, -0.53966, -0.55403, -0.56524, -0.57018, -0.57243, -0.57422, -0.57602, -0.57557, -0.57243, -0.56704, -0.55986, -0.55223, -0.5446, -0.53787, -0.5324800000000001, -0.5271]
[-0.37003, -0.36285, -0.35836, -0.35836, -0.36374, -0.37766, -0.39695, -0.41266, -0.42746999999999996, -0.43823999999999996, -0.44183, -0.44048999999999994, -0.43151000000000006, -0.40728000000000003, -0.35836, -0.30226]
[-0.5052800000000001, -0.51525, -0.52249, -0.5301899999999999, -0.54197, -0.55692, -0.56734, -0.57368, -0.5773, -0.58002, -0.58138, -0.5818300000000001, -0.58002, -0.57549, -0.56915, -0.5619]
[-0.50797, -0.51702, -0.52337, -0.53152, -0.5442, -0.5586899999999999, -0.56911, -0.57545, -0.57908, -0.5817899999999999, -0.58315, -0.58315, -0.58134, -0.57772, -0.57138, -0.5632199999999999]
[-0.5075, -0.51744, -0.52376, -0.5314399999999999, -0.54409, -0.5585399999999999, -0.56893, -0.57525, -0.57887, -0.58158, -0.58338, -0.58338, -0.58203, -0.5784199999999999, -0.5716399999999999, -0.5644100000000001]
[-0.39954, -0.41851000000000005, -0.44245, -0.46865, -0.49168999999999996, -0.5075, -0.51744, -0.52376, -0.5314399999999999, -0.54409, -0.5585399999999999, -0.56893, -0.57525, -0.57887, -0.58158, -0.58338, -0.58338, -0.58203, -0.5784199999999999, -0.5716399999999999, -0.5644100000000001, -0.55809]
[-0.51949, -0.5355300000000001, -0.55433, -0.56807, -0.57587, -0.58045, -0.5832, -0.58457, -0.58549, -0.5836600000000001, -0.57862, -0.57082, -0.56212, -0.55387, -0.54699, -0.54195, -0.53645, -0.53095, -0.52454]
[-0.5098699999999999, -0.51949, -0.5355300000000001, -0.55433, -0.56807, -0.57587, -0.58045, -0.5832, -0.58457, -0.58549, -0.5836600000000001, -0.57862, -0.57082, -0.56212, -0.55387, -0.54699, -0.54195, -0.53645, -0.53095, -0.52454]
[-0.503, -0.5098699999999999, -0.51949, -0.5355300000000001, -0.55433, -0.56807, -0.57587, -0.58045, -0.5832, -0.58457, -0.58549, -0.5836600000000001, -0.57862, -0.57082, -0.56212, -0.55387, -0.54699, -0.54195, -0.53645, -0.53095]
[-0.3678, -0.39713000000000004, -0.42691999999999997, -0.45487, -0.47871, -0.49428999999999995, -0.503, -0.5098699999999999, -0.51949, -0.5355300000000001, -0.55433, -0.56807, -0.57587, -0.58045, -0.5832, -0.58457, -0.58549, -0.5836600000000001, -0.57862, -0.57082, -0.56212, -0.55387]
[-0.33892, -0.3678, -0.39713000000000004, -0.42691999999999997, -0.45487, -0.47871, -0.49428999999999995, -0.503, -0.5098699999999999, -0.51949, -0.5355300000000001, -0.55433, -0.56807, -0.57587, -0.58045, -0.5832, -0.58457, -0.58549, -0.5836600000000001, -0.57862, -0.57082, -0.56212]
[-0.34258, -0.3705, -0.39887, -0.42816000000000004, -0.457, -0.48126, -0.49727, -0.50597, -0.51283, -0.52245, -0.53755, -0.5563100000000001, -0.5705, -0.5787399999999999, -0.58377, -0.5865199999999999, -0.58835, -0.58927, -0.5878899999999999, -0.58286, -0.57508, -0.56638]
[-0.33709, -0.34441, -0.35996999999999996, -0.37919, -0.3975, -0.41398, -0.42633000000000004, -0.43183, -0.43, -0.42038000000000003, -0.39292, -0.33663000000000004, -0.2721, -0.23091, -0.21123000000000003, -0.22038000000000002, -0.23869]
[-0.34214, -0.37006, -0.39798, -0.42773, -0.45657, -0.47945, -0.49593000000000004, -0.50554, -0.51195, -0.5220199999999999, -0.53804, -0.55589, -0.56962, -0.57786, -0.5828899999999999, -0.58655, -0.58838, -0.58838, -0.58701, -0.58198, -0.57465, -0.56596]
[-0.36380999999999997, -0.38449, -0.40965, -0.43751999999999996, -0.46179, -0.47886999999999996, -0.4892, -0.49683999999999995, -0.5062800000000001, -0.5211100000000001, -0.53864, -0.55167, -0.5593100000000001, -0.5633600000000001, -0.56515, -0.56605, -0.5665, -0.56515, -0.5615600000000001, -0.55572, -0.54943, -0.5435800000000001]
[-0.30404000000000003, -0.29865, -0.28606, -0.27303, -0.26269000000000003, -0.25775, -0.26584, -0.28021999999999997, -0.30044, -0.32741, -0.35393, -0.37864000000000003, -0.38089, -0.35932, -0.32066999999999996, -0.30314, -0.36112, -0.42178999999999994, -0.47257, -0.50403, -0.52291, -0.531, -0.5265]
[-0.34494, -0.36380999999999997, -0.38449, -0.40965, -0.43751999999999996, -0.46179, -0.47886999999999996, -0.4892, -0.49683999999999995, -0.5062800000000001, -0.5211100000000001, -0.53864, -0.55167, -0.5593100000000001, -0.5633600000000001, -0.56515, -0.56605, -0.5665, -0.56515, -0.5615600000000001, -0.55572, -0.54943]
[0.18583, 0.31167, 0.49998000000000004, 0.79615, 1.2537, 1.7975, 1.9988, 1.5359, 0.88154, 0.43256000000000006, 0.20515999999999998, 0.11077999999999999, 0.095047, 0.13774, 0.22987, 0.34493, 0.42133000000000004, 0.37594, 0.20785, 0.017297, -0.12292, -0.20786, -0.2564]
[-0.36417, -0.38484, -0.41, -0.43786, -0.46212, -0.47875, -0.48908, -0.49672, -0.50661, -0.52188, -0.53896, -0.5524399999999999, -0.56053, -0.56412, -0.56592, -0.5672699999999999, -0.56772, -0.56592, -0.56187, -0.55648, -0.55064, -0.54435]
[-0.30396, -0.29857, -0.28554, -0.27251, -0.26216999999999996, -0.25813, -0.26577, -0.27925, -0.29991999999999996, -0.32733, -0.35384, -0.37855, -0.38035, -0.35833000000000004, -0.31969000000000003, -0.30261, -0.36013, -0.42168, -0.47291000000000005, -0.50481, -0.52413, -0.53132, -0.52683]
[-0.34575, -0.36417, -0.38484, -0.41, -0.43786, -0.46212, -0.47875, -0.48908, -0.49672, -0.50661, -0.52188, -0.53896, -0.5524399999999999, -0.56053, -0.56412, -0.56592, -0.5672699999999999, -0.56772, -0.56592, -0.56187, -0.55648, -0.55064]
[0.18625, 0.31206, 0.50078, 0.79688, 1.2552, 1.8011, 2.0051, 1.5401, 0.8836, 0.43383, 0.20556999999999997, 0.11030999999999999, 0.095038, 0.13907, 0.23073000000000002, 0.34531, 0.4217, 0.37676, 0.20961999999999997, 0.019102, -0.12199000000000002, -0.20781, -0.25588]
[-0.40596, -0.38933, -0.39023, -0.40596, -0.42258, -0.43246999999999997, -0.43696, -0.43651, -0.43201999999999996, -0.42438000000000003, -0.41494, -0.40371, -0.39293, -0.38529, -0.3799, -0.37675, -0.37765, -0.38439, -0.39697, -0.4118]
[-0.36377, -0.38444, -0.40961000000000003, -0.43746999999999997, -0.46173000000000003, -0.47836000000000006, -0.48823999999999995, -0.49588000000000004, -0.5057699999999999, -0.52104, -0.5381199999999999, -0.5507, -0.55834, -0.56239, -0.56463, -0.56598, -0.56598, -0.56418, -0.56104, -0.55565, -0.5489, -0.54261]
[-0.30535999999999996, -0.29996, -0.28783000000000003, -0.27435, -0.26446, -0.26042, -0.26850999999999997, -0.28289000000000003, -0.30311, -0.33007, -0.35568, -0.37995, -0.38175, -0.36018, -0.32153000000000004, -0.30446, -0.36241999999999996, -0.42308999999999997, -0.47386000000000006, -0.50532, -0.52509, -0.53273, -0.52868]
[-0.34625, -0.36377, -0.38444, -0.40961000000000003, -0.43746999999999997, -0.46173000000000003, -0.47836000000000006, -0.48823999999999995, -0.49588000000000004, -0.5057699999999999, -0.52104, -0.5381199999999999, -0.5507, -0.55834, -0.56239, -0.56463, -0.56598, -0.56598, -0.56418, -0.56104, -0.55565, -0.5489]
[0.18579, 0.31161, 0.49988999999999995, 0.79601, 1.2526, 1.7958, 2.0007, 1.537, 0.88229, 0.43383, 0.20511, 0.11075, 0.09591799999999999, 0.13906, 0.22938000000000003, 0.34441, 0.42035, 0.37587, 0.20915999999999998, 0.017730000000000003, -0.12247000000000001, -0.20785, -0.25638]
[-0.27929, -0.28558, -0.29906, -0.30535999999999996, -0.29996, -0.28783000000000003, -0.27435, -0.26446, -0.26042, -0.26850999999999997, -0.28289000000000003, -0.30311, -0.33007, -0.35568, -0.37995, -0.38175, -0.36018, -0.32153000000000004, -0.30446, -0.36241999999999996, -0.42308999999999997, -0.47386000000000006]
[0.16194, 0.28523000000000004, 0.47241000000000005, 0.77483, 1.2484, 1.8152, 2.0288, 1.5494, 0.8704299999999999, 0.40317, 0.16373, 0.064109, 0.050707999999999996, 0.10029, 0.19723, 0.3165, 0.39781, 0.35894000000000004, 0.19321, -0.002898, -0.15120999999999998, -0.24189000000000002, -0.29236999999999996]
[-0.40316, -0.38573, -0.38618, -0.40181999999999995, -0.41968, -0.43085, -0.43532, -0.43443000000000004, -0.42951000000000006, -0.42146999999999996, -0.4112, -0.40003, -0.3902, -0.38216, -0.37546, -0.37189, -0.37278, -0.37993000000000005, -0.39421999999999996, -0.4103]
[-0.26959, -0.27629000000000004, -0.29058, -0.29818, -0.29370999999999997, -0.28076, -0.26735, -0.25708000000000003, -0.25306, -0.26155, -0.27629000000000004, -0.29639, -0.32498, -0.35268, -0.37814000000000003, -0.37993000000000005, -0.3567, -0.31649, -0.29907, -0.35804, -0.41923999999999995]
[0.16324, 0.28695, 0.47453999999999996, 0.7760100000000001, 1.2485, 1.8175, 2.0319, 1.5513, 0.8724799999999999, 0.40308, 0.16413, 0.065875, 0.052923000000000005, 0.10205, 0.19897, 0.31822, 0.4004, 0.36154000000000003, 0.19495, -0.002012, -0.15074, -0.24185, -0.29141999999999996]
[-0.40219, -0.38522, -0.38566, -0.40129000000000004, -0.41871, -0.43033000000000005, -0.43523999999999996, -0.4339, -0.42854, -0.4205, -0.41067, -0.39951, -0.38968, -0.38164000000000003, -0.37494, -0.37137, -0.37271, -0.37940999999999997, -0.39326, -0.41023000000000004]
[-0.26954, -0.27624, -0.29053, -0.29812, -0.29366, -0.28071, -0.26731, -0.25748000000000004, -0.25301, -0.2615, -0.27624, -0.29634, -0.32447, -0.35261, -0.37761999999999996, -0.37986, -0.35753, -0.31644, -0.29857, -0.35753, -0.41916000000000003]
[0.16141, 0.28465, 0.4713, 0.7727, 1.2456, 1.8126, 2.0265, 1.5465, 0.86825, 0.40075, 0.16141, 0.063179, 0.050230000000000004, 0.09979299999999999, 0.19624, 0.31501999999999997, 0.39718000000000003, 0.35833000000000004, 0.19222, -0.004246, -0.15249000000000001, -0.24269000000000002, -0.2927]
[-0.26948, -0.27618000000000004, -0.29091, -0.2985, -0.2927, -0.28064, -0.26769, -0.25787, -0.2534, -0.26144, -0.27662, -0.29672, -0.32485, -0.35253, -0.37754, -0.37977, -0.35700000000000004, -0.31636, -0.2985, -0.35655, -0.41862]
[-0.26319000000000004, -0.2699, -0.28465999999999997, -0.29270999999999997, -0.28868, -0.27660999999999997, -0.26319000000000004, -0.25336, -0.24933000000000002, -0.25783, -0.27259, -0.29270999999999997, -0.32088, -0.34770999999999996, -0.37142, -0.37276, -0.3495, -0.30926, -0.29091999999999996, -0.3504, -0.41523999999999994]
[-0.31506999999999996, -0.28063, -0.26319000000000004, -0.2699, -0.28465999999999997, -0.29270999999999997, -0.28868, -0.27660999999999997, -0.26319000000000004, -0.25336, -0.24933000000000002, -0.25783, -0.27259, -0.29270999999999997, -0.32088, -0.34770999999999996, -0.37142, -0.37276, -0.3495, -0.30926, -0.29091999999999996, -0.3504, -0.41523999999999994]
[0.16612000000000002, 0.29268, 0.48453, 0.79265, 1.2743, 1.8498, 2.0649, 1.5761, 0.88656, 0.41073999999999994, 0.16746, 0.06818300000000001, 0.055214, 0.1053, 0.20457999999999998, 0.32577, 0.40895, 0.3696, 0.20145, 0.003786, -0.14558, -0.23726, -0.28779]
[-0.39646, -0.4139, -0.42463, -0.42955, -0.42911000000000005, -0.42418999999999996, -0.41613999999999995, -0.4054, -0.39421999999999996, -0.38394, -0.37544, -0.36918, -0.36605, -0.36784, -0.37455, -0.38841, -0.4054, -0.42016000000000003]
[-0.29363, -0.28916, -0.2771, -0.26371, -0.25388, -0.25031, -0.25924, -0.27353, -0.29363, -0.32176, -0.34855, -0.37267, -0.3749, -0.35213, -0.31104, -0.29318, -0.35257, -0.41688000000000003, -0.46912, -0.5012800000000001, -0.51958, -0.52628, -0.52137]
[-0.26505, -0.2713, -0.28559, -0.29363, -0.28916, -0.2771, -0.26371, -0.25388, -0.25031, -0.25924, -0.27353, -0.29363, -0.32176, -0.34855, -0.37267, -0.3749, -0.35213, -0.31104, -0.29318, -0.35257, -0.41688000000000003]
[-0.31729, -0.28246, -0.26505, -0.2713, -0.28559, -0.29363, -0.28916, -0.2771, -0.26371, -0.25388, -0.25031, -0.25924, -0.27353, -0.29363, -0.32176, -0.34855, -0.37267, -0.3749, -0.35213, -0.31104, -0.29318, -0.35257, -0.41688000000000003]
[-0.26339, -0.27009, -0.28528000000000003, -0.29331999999999997, -0.28886, -0.27679000000000004, -0.26384, -0.25356, -0.24998, -0.25892, -0.27321999999999996, -0.29422, -0.32192, -0.34783000000000003, -0.37196, -0.37285999999999997, -0.35051, -0.30985999999999997, -0.29198, -0.3523, -0.41575]
[-0.28081, -0.26339, -0.27009, -0.28528000000000003, -0.29331999999999997, -0.28886, -0.27679000000000004, -0.26384, -0.25356, -0.24998, -0.25892, -0.27321999999999996, -0.29422, -0.32192, -0.34783000000000003, -0.37196, -0.37285999999999997, -0.35051, -0.30985999999999997, -0.29198, -0.3523, -0.41575, -0.46847]
[-0.31611, -0.28081, -0.26339, -0.27009, -0.28528000000000003, -0.29331999999999997, -0.28886, -0.27679000000000004, -0.26384, -0.25356, -0.24998, -0.25892, -0.27321999999999996, -0.29422, -0.32192, -0.34783000000000003, -0.37196, -0.37285999999999997, -0.35051, -0.30985999999999997, -0.29198, -0.3523, -0.41575]
[-0.39921999999999996, -0.38045, -0.38045, -0.39654, -0.41351000000000004, -0.42423999999999995, -0.42915, -0.42915, -0.42513, -0.41708999999999996, -0.40592, -0.3943, -0.38403000000000004, -0.37598000000000004, -0.36973, -0.3666, -0.36883, -0.37554, -0.38849, -0.40592]
[-0.4142, -0.40259, -0.39053000000000004, -0.37937, -0.37044, -0.36463, -0.3615, -0.36374, -0.37088000000000004, -0.38473, -0.40259, -0.41777, -0.43206000000000006, -0.44233, -0.44635, -0.44501, -0.43653000000000003]
[-0.51137, -0.5259699999999999, -0.54146, -0.55208, -0.55872, -0.5627, -0.56447, -0.5658, -0.5658, -0.5635899999999999, -0.55916, -0.5534100000000001, -0.54677, -0.54057, -0.53571, -0.53128, -0.5273, -0.52287, -0.51845]
[-0.50163, -0.51137, -0.5259699999999999, -0.54146, -0.55208, -0.55872, -0.5627, -0.56447, -0.5658, -0.5658, -0.5635899999999999, -0.55916, -0.5534100000000001, -0.54677, -0.54057, -0.53571, -0.53128, -0.5273, -0.52287, -0.51845]
[-0.42241000000000006, -0.41223999999999994, -0.40160999999999997, -0.39144, -0.38347, -0.3786, -0.37595, -0.37772, -0.38391, -0.39675, -0.41223999999999994, -0.42551000000000005, -0.4379, -0.4472, -0.45074, -0.44941000000000003, -0.44233]
[-0.49411000000000005, -0.50163, -0.51137, -0.5259699999999999, -0.54146, -0.55208, -0.55872, -0.5627, -0.56447, -0.5658, -0.5658, -0.5635899999999999, -0.55916, -0.5534100000000001, -0.54677, -0.54057, -0.53571, -0.53128]
[-0.5239199999999999, -0.53894, -0.54999, -0.55662, -0.5606, -0.56325, -0.56458, -0.56414, -0.56148, -0.5575100000000001, -0.55176, -0.54469, -0.53806, -0.5332, -0.52966, -0.52569, -0.52171, -0.51773, -0.5128699999999999]
[-0.51066, -0.5239199999999999, -0.53894, -0.54999, -0.55662, -0.5606, -0.56325, -0.56458, -0.56414, -0.56148, -0.5575100000000001, -0.55176, -0.54469, -0.53806, -0.5332, -0.52966, -0.52569, -0.52171, -0.51773, -0.5128699999999999]
[-0.50005, -0.51066, -0.5239199999999999, -0.53894, -0.54999, -0.55662, -0.5606, -0.56325, -0.56458, -0.56414, -0.56148, -0.5575100000000001, -0.55176, -0.54469, -0.53806, -0.5332, -0.52966, -0.52569, -0.52171, -0.51773]
[-0.49121000000000004, -0.50005, -0.51066, -0.5239199999999999, -0.53894, -0.54999, -0.55662, -0.5606, -0.56325, -0.56458, -0.56414, -0.56148, -0.5575100000000001, -0.55176, -0.54469, -0.53806, -0.5332, -0.52966, -0.52569, -0.52171]
[-0.40592, -0.42094, -0.43067, -0.43553000000000003, -0.43553000000000003, -0.43111000000000005, -0.42271000000000003, -0.41298999999999997, -0.40194, -0.39221999999999996, -0.3847, -0.3794, -0.37763, -0.3794, -0.38559, -0.3984, -0.41298999999999997, -0.42625]
[-0.50784, -0.52203, -0.53799, -0.54951, -0.55616, -0.5606, -0.5637, -0.5645899999999999, -0.56414, -0.56193, -0.55705, -0.5504, -0.54286, -0.53666, -0.53178, -0.52823, -0.52469, -0.52025, -0.51537, -0.51094]
[-0.49808, -0.50784, -0.52203, -0.53799, -0.54951, -0.55616, -0.5606, -0.5637, -0.5645899999999999, -0.56414, -0.56193, -0.55705, -0.5504, -0.54286, -0.53666, -0.53178, -0.52823, -0.52469, -0.52025, -0.51537]
[-0.48922, -0.49808, -0.50784, -0.52203, -0.53799, -0.54951, -0.55616, -0.5606, -0.5637, -0.5645899999999999, -0.56414, -0.56193, -0.55705, -0.5504, -0.54286, -0.53666, -0.53178, -0.52823, -0.52469, -0.52025]
[-0.42183000000000004, -0.41163, -0.40055, -0.39035, -0.38326, -0.37794, -0.37572, -0.3775, -0.3837, -0.39655999999999997, -0.41118999999999994, -0.42405, -0.4369, -0.44621000000000005, -0.44976000000000005, -0.44887, -0.44178]
[-0.42937, -0.42183000000000004, -0.41163, -0.40055, -0.39035, -0.38326, -0.37794, -0.37572, -0.3775, -0.3837, -0.39655999999999997, -0.41118999999999994, -0.42405, -0.4369, -0.44621000000000005, -0.44976000000000005, -0.44887, -0.44178, -0.42006000000000004, -0.37572]
[-0.4109, -0.40285, -0.39166, -0.38003000000000003, -0.36885, -0.3599, -0.35364, -0.3505, -0.35274, -0.3599, -0.37466, -0.39255999999999996, -0.40821, -0.42253, -0.43282, -0.4364, -0.43416000000000005, -0.42432, -0.39926999999999996, -0.34736999999999996]
[-0.41181999999999996, -0.40331999999999996, -0.39169, -0.37961, -0.36888000000000004, -0.35993, -0.35366, -0.35053, -0.35231999999999997, -0.35993, -0.37514000000000003, -0.39259, -0.4078, -0.42256000000000005, -0.43285, -0.43598000000000003, -0.43373999999999996, -0.4248, -0.39974, -0.3483]
[-0.35363, -0.36123, -0.37599, -0.39433, -0.40998999999999997, -0.42386, -0.43415, -0.43773, -0.43504, -0.42565, -0.40104, -0.3496, -0.29100000000000004, -0.25342, -0.23464000000000002, -0.24224, -0.25924]
[-0.36078000000000005, -0.35541999999999996, -0.35184, -0.35363, -0.36123, -0.37599, -0.39433, -0.40998999999999997, -0.42386, -0.43415, -0.43773, -0.43504, -0.42565, -0.40104, -0.3496, -0.29100000000000004]
[-0.49766000000000005, -0.50661, -0.51243, -0.52004, -0.53258, -0.54735, -0.5589999999999999, -0.56482, -0.5684, -0.57198, -0.57377, -0.57422, -0.57243, -0.56706, -0.55989, -0.55183]
[-0.49688000000000004, -0.5054, -0.5112399999999999, -0.51976, -0.53232, -0.54713, -0.55834, -0.56418, -0.56821, -0.5718, -0.57405, -0.5736, -0.57135, -0.56642, -0.5596899999999999, -0.55161]
[-0.53281, -0.5472100000000001, -0.55845, -0.5652, -0.56925, -0.57285, -0.57465, -0.5742, -0.57195, -0.5670000000000001, -0.55935, -0.5512600000000001, -0.54406, -0.53776, -0.53237, -0.52742, -0.5229199999999999, -0.51752, -0.51212]
[-0.51977, -0.53281, -0.5472100000000001, -0.55845, -0.5652, -0.56925, -0.57285, -0.57465, -0.5742, -0.57195, -0.5670000000000001, -0.55935, -0.5512600000000001, -0.54406, -0.53776, -0.53237, -0.52742, -0.5229199999999999, -0.51752, -0.51212]
[-0.27957, -0.27462, -0.26066999999999996, -0.24763000000000002, -0.23728000000000002, -0.23323000000000002, -0.24223000000000003, -0.25706999999999997, -0.27912, -0.30925, -0.33759, -0.36413, -0.36548, -0.34119, -0.29846, -0.27912, -0.34704, -0.41226, -0.46758999999999995, -0.5022300000000001, -0.52427, -0.5332600000000001, -0.52787]
